temps	angle
0	0
0.01	0.5637593739
0.02	1.123941559
0.03	1.680364495
0.04	2.232848573
0.05	2.781216692
0.06	3.325294304
0.07	3.864909465
0.08	4.399892877
0.09	4.930077941
0.1	5.455300794
0.11	5.975400359
0.12	6.49021838
0.13	6.999599468
0.14	7.503391137
0.15	8.001443845
0.16	8.493611027
0.17	8.979749134
0.18	9.459717665
0.19	9.933379199
0.2	10.40059943
0.21	10.86124719
0.22	11.3151945
0.23	11.76231655
0.24	12.20249178
0.25	12.63560187
0.26	13.06153178
0.27	13.48016976
0.28	13.89140739
0.29	14.29513956
0.3	14.69126454
0.31	15.07968395
0.32	15.46030283
0.33	15.83302959
0.34	16.19777606
0.35	16.55445751
0.36	16.90299264
0.37	17.24330358
0.38	17.57531593
0.39	17.89895874
0.4	18.21416454
0.41	18.52086931
0.42	18.81901251
0.43	19.10853706
0.44	19.38938937
0.45	19.66151931
0.46	19.92488022
0.47	20.17942889
0.48	20.42512559
0.49	20.66193405
0.5	20.8898214
0.51	21.10875826
0.52	21.31871865
0.53	21.51968
0.54	21.71162316
0.55	21.89453237
0.56	22.06839522
0.57	22.23320268
0.58	22.38894908
0.59	22.53563204
0.6	22.6732525
0.61	22.8018147
0.62	22.92132612
0.63	23.03179751
0.64	23.13324281
0.65	23.22567917
0.66	23.30912692
0.67	23.38360951
0.68	23.44915353
0.69	23.50578863
0.7	23.55354754
0.71	23.59246601
0.72	23.6225828
0.73	23.6439396
0.74	23.65658108
0.75	23.66055477
0.76	23.65591108
0.77	23.64270325
0.78	23.62098731
0.79	23.59082203
0.8	23.55226892
0.81	23.50539216
0.82	23.45025857
0.83	23.38693755
0.84	23.3155011
0.85	23.2360237
0.86	23.14858232
0.87	23.05325636
0.88	22.95012761
0.89	22.8392802
0.9	22.72080057
0.91	22.5947774
0.92	22.46130159
0.93	22.32046621
0.94	22.17236642
0.95	22.01709948
0.96	21.85476465
0.97	21.68546318
0.98	21.50929823
0.99	21.32637484
1	21.13679989
1.01	20.940682
1.02	20.73813156
1.03	20.52926061
1.04	20.31418283
1.05	20.09301345
1.06	19.86586926
1.07	19.63286849
1.08	19.3941308
1.09	19.14977722
1.1	18.8999301
1.11	18.64471304
1.12	18.38425087
1.13	18.11866956
1.14	17.84809619
1.15	17.5726589
1.16	17.29248683
1.17	17.00771005
1.18	16.71845955
1.19	16.42486715
1.2	16.12706545
1.21	15.8251878
1.22	15.51936822
1.23	15.20974136
1.24	14.89644247
1.25	14.57960729
1.26	14.25937206
1.27	13.93587343
1.28	13.60924841
1.29	13.27963435
1.3	12.94716883
1.31	12.61198966
1.32	12.27423483
1.33	11.93404241
1.34	11.59155053
1.35	11.24689736
1.36	10.900221
1.37	10.55165947
1.38	10.20135064
1.39	9.849432193
1.4	9.496041585
1.41	9.141315973
1.42	8.785392179
1.43	8.428406645
1.44	8.07049538
1.45	7.711793916
1.46	7.352437264
1.47	6.992559861
1.48	6.632295532
1.49	6.271777442
1.5	5.911138048
1.51	5.550509064
1.52	5.190021408
1.53	4.829805165
1.54	4.469989545
1.55	4.110702836
1.56	3.75207237
1.57	3.394224477
1.58	3.037284446
1.59	2.68137649
1.6	2.326623701
1.61	1.973148017
1.62	1.621070182
1.63	1.270509711
1.64	0.9215848501
1.65	0.5744125473
1.66	0.2291084127
1.67	-0.1142133132
1.68	-0.4554397935
1.69	-0.7944596271
1.7	-1.131162881
1.71	-1.465441121
1.72	-1.797187443
1.73	-2.1262965
1.74	-2.452664536
1.75	-2.776189409
1.76	-3.096770621
1.77	-3.414309346
1.78	-3.728708452
1.79	-4.039872529
1.8	-4.347707914
1.81	-4.652122711
1.82	-4.953026819
1.83	-5.250331948
1.84	-5.543951646
1.85	-5.833801315
1.86	-6.119798233
1.87	-6.401861571
1.88	-6.679912415
1.89	-6.953873778
1.9	-7.22367062
1.91	-7.489229861
1.92	-7.750480398
1.93	-8.007353121
1.94	-8.259780918
1.95	-8.507698699
1.96	-8.751043396
1.97	-8.989753982
1.98	-9.223771478
1.99	-9.453038963
2	-9.677501579
2.01	-9.897106546
2.02	-10.11180316
2.03	-10.3215428
2.04	-10.52627895
2.05	-10.72596717
2.06	-10.92056513
2.07	-11.11003261
2.08	-11.29433148
2.09	-11.47342573
2.1	-11.64728142
2.11	-11.81586677
2.12	-11.97915207
2.13	-12.13710971
2.14	-12.2897142
2.15	-12.43694212
2.16	-12.57877218
2.17	-12.71518515
2.18	-12.84616388
2.19	-12.97169331
2.2	-13.09176045
2.21	-13.20635437
2.22	-13.31546618
2.23	-13.41908905
2.24	-13.51721817
2.25	-13.60985078
2.26	-13.6969861
2.27	-13.77862538
2.28	-13.85477183
2.29	-13.92543067
2.3	-13.99060905
2.31	-14.05031608
2.32	-14.10456282
2.33	-14.15336221
2.34	-14.19672913
2.35	-14.23468032
2.36	-14.26723439
2.37	-14.2944118
2.38	-14.31623485
2.39	-14.33272763
2.4	-14.34391606
2.41	-14.34982779
2.42	-14.35049223
2.43	-14.34594055
2.44	-14.33620559
2.45	-14.3213219
2.46	-14.30132569
2.47	-14.27625479
2.48	-14.24614867
2.49	-14.2110484
2.5	-14.17099658
2.51	-14.1260374
2.52	-14.07621652
2.53	-14.02158114
2.54	-13.9621799
2.55	-13.89806288
2.56	-13.82928157
2.57	-13.75588887
2.58	-13.67793901
2.59	-13.59548757
2.6	-13.50859142
2.61	-13.41730871
2.62	-13.32169884
2.63	-13.22182241
2.64	-13.11774123
2.65	-13.00951825
2.66	-12.89721756
2.67	-12.78090433
2.68	-12.66064482
2.69	-12.53650631
2.7	-12.40855709
2.71	-12.27686642
2.72	-12.14150453
2.73	-12.00254254
2.74	-11.86005245
2.75	-11.71410712
2.76	-11.56478023
2.77	-11.41214625
2.78	-11.25628039
2.79	-11.0972586
2.8	-10.93515752
2.81	-10.77005444
2.82	-10.60202728
2.83	-10.43115457
2.84	-10.25751539
2.85	-10.08118935
2.86	-9.902256578
2.87	-9.720797646
2.88	-9.536893575
2.89	-9.350625787
2.9	-9.162076074
2.91	-8.971326571
2.92	-8.778459716
2.93	-8.583558226
2.94	-8.38670506
2.95	-8.187983393
2.96	-7.987476578
2.97	-7.785268118
2.98	-7.581441636
2.99	-7.376080842
3	-7.169269501
3.01	-6.961091405
3.02	-6.751630343
3.03	-6.540970064
3.04	-6.329194257
3.05	-6.116386511
3.06	-5.902630293
3.07	-5.688008914
3.08	-5.472605499
3.09	-5.256502964
3.1	-5.039783979
3.11	-4.822530944
3.12	-4.604825963
3.13	-4.38675081
3.14	-4.168386904
3.15	-3.949815285
3.16	-3.73111658
3.17	-3.512370982
3.18	-3.293658221
3.19	-3.075057538
3.2	-2.856647658
3.21	-2.638506769
3.22	-2.42071249
3.23	-2.203341852
3.24	-1.98647127
3.25	-1.770176521
3.26	-1.554532721
3.27	-1.339614296
3.28	-1.125494969
3.29	-0.9122477261
3.3	-0.6999448042
3.31	-0.4886576633
3.32	-0.2784569672
3.33	-0.06941256259
3.34	0.1384065418
3.35	0.3449321951
3.36	0.5500971237
3.37	0.7538349509
3.38	0.9560802151
3.39	1.156768389
3.4	1.355835896
3.41	1.553220129
3.42	1.748859466
3.43	1.94269329
3.44	2.134661998
3.45	2.324707025
3.46	2.512770853
3.47	2.698797028
3.48	2.882730173
3.49	3.064516005
3.5	3.244101343
3.51	3.421434125
3.52	3.596463417
3.53	3.769139428
3.54	3.939413517
3.55	4.107238211
3.56	4.272567206
3.57	4.435355383
3.58	4.595558817
3.59	4.753134783
3.6	4.908041766
3.61	5.060239469
3.62	5.209688821
3.63	5.356351982
3.64	5.500192351
3.65	5.641174569
3.66	5.779264529
3.67	5.914429379
3.68	6.046637522
3.69	6.17585863
3.7	6.302063635
3.71	6.425224742
3.72	6.545315429
3.73	6.662310443
3.74	6.776185812
3.75	6.886918836
3.76	6.994488095
3.77	7.098873444
3.78	7.200056018
3.79	7.298018224
3.8	7.392743748
3.81	7.484217546
3.82	7.572425847
3.83	7.657356147
3.84	7.738997209
3.85	7.817339057
3.86	7.892372971
3.87	7.964091489
3.88	8.032488394
3.89	8.097558715
3.9	8.159298717
3.91	8.217705898
3.92	8.272778982
3.93	8.32451791
3.94	8.372923835
3.95	8.417999116
3.96	8.459747303
3.97	8.498173137
3.98	8.533282536
3.99	8.565082587
4	8.593581537
4.01	8.618788782
4.02	8.640714858
4.03	8.659371429
4.04	8.674771277
4.05	8.686928292
4.06	8.695857455
4.07	8.701574834
4.08	8.704097564
4.09	8.703443841
4.1	8.699632902
4.11	8.692685019
4.12	8.682621481
4.13	8.66946458
4.14	8.6532376
4.15	8.6339648
4.16	8.6116714
4.17	8.586383567
4.18	8.558128397
4.19	8.526933905
4.2	8.492829002
4.21	8.455843487
4.22	8.416008024
4.23	8.373354131
4.24	8.327914159
4.25	8.279721279
4.26	8.228809463
4.27	8.175213467
4.28	8.118968813
4.29	8.060111775
4.3	7.998679358
4.31	7.934709278
4.32	7.868239952
4.33	7.799310472
4.34	7.72796059
4.35	7.654230699
4.36	7.578161815
4.37	7.49979556
4.38	7.419174139
4.39	7.336340325
4.4	7.251337437
4.41	7.164209324
4.42	7.075000346
4.43	6.983755351
4.44	6.890519658
4.45	6.795339041
4.46	6.698259703
4.47	6.599328263
4.48	6.498591731
4.49	6.396097495
4.5	6.291893295
4.51	6.186027207
4.52	6.078547624
4.53	5.969503235
4.54	5.858943006
4.55	5.746916161
4.56	5.633472161
4.57	5.518660688
4.58	5.402531622
4.59	5.285135023
4.6	5.166521112
4.61	5.046740253
4.62	4.925842931
4.63	4.803879736
4.64	4.68090134
4.65	4.556958484
4.66	4.432101952
4.67	4.30638256
4.68	4.17985113
4.69	4.052558477
4.7	3.924555388
4.71	3.795892604
4.72	3.666620801
4.73	3.536790576
4.74	3.406452424
4.75	3.275656722
4.76	3.144453713
4.77	3.012893487
4.78	2.881025964
4.79	2.748900877
4.8	2.616567756
4.81	2.484075907
4.82	2.351474404
4.83	2.218812063
4.84	2.086137431
4.85	1.95349877
4.86	1.82094404
4.87	1.688520883
4.88	1.556276608
4.89	1.424258178
4.9	1.29251219
4.91	1.161084866
4.92	1.030022034
4.93	0.8993691169
4.94	0.7691711156
4.95	0.6394725973
4.96	0.5103176813
4.97	0.3817500251
4.98	0.2538128122
4.99	0.1265487385
5	2.459300728e-15
5.01	-0.1257917194
5.02	-0.2507852601
5.03	-0.3749399988
5.04	-0.4982158597
5.05	-0.6205733259
5.06	-0.7419734507
5.07	-0.8623778678
5.08	-0.9817488023
5.09	-1.10004908
5.1	-1.21724214
5.11	-1.333292039
5.12	-1.448163466
5.13	-1.56182175
5.14	-1.674232866
5.15	-1.785363447
5.16	-1.895180789
5.17	-2.003652862
5.18	-2.110748317
5.19	-2.216436491
5.2	-2.320687416
5.21	-2.423471826
5.22	-2.52476116
5.23	-2.624527575
5.24	-2.722743945
5.25	-2.819383869
5.26	-2.914421678
5.27	-3.007832438
5.28	-3.099591955
5.29	-3.189676779
5.3	-3.278064208
5.31	-3.364732296
5.32	-3.449659847
5.33	-3.532826428
5.34	-3.614212367
5.35	-3.693798756
5.36	-3.771567454
5.37	-3.847501089
5.38	-3.921583058
5.39	-3.993797531
5.4	-4.064129452
5.41	-4.132564536
5.42	-4.199089275
5.43	-4.263690935
5.44	-4.326357556
5.45	-4.387077953
5.46	-4.445841714
5.47	-4.5026392
5.48	-4.557461545
5.49	-4.610300653
5.5	-4.661149195
5.51	-4.710000612
5.52	-4.756849107
5.53	-4.801689646
5.54	-4.844517954
5.55	-4.885330513
5.56	-4.924124559
5.57	-4.960898075
5.58	-4.995649794
5.59	-5.028379186
5.6	-5.059086462
5.61	-5.087772566
5.62	-5.114439169
5.63	-5.139088667
5.64	-5.161724173
5.65	-5.182349514
5.66	-5.200969223
5.67	-5.217588536
5.68	-5.232213382
5.69	-5.244850381
5.7	-5.255506835
5.71	-5.26419072
5.72	-5.270910683
5.73	-5.27567603
5.74	-5.278496725
5.75	-5.279383375
5.76	-5.278347228
5.77	-5.275400163
5.78	-5.27055468
5.79	-5.263823897
5.8	-5.255221536
5.81	-5.244761917
5.82	-5.232459949
5.83	-5.218331122
5.84	-5.202391495
5.85	-5.18465769
5.86	-5.165146881
5.87	-5.143876785
5.88	-5.12086565
5.89	-5.09613225
5.9	-5.06969587
5.91	-5.0415763
5.92	-5.011793821
5.93	-4.980369199
5.94	-4.94732367
5.95	-4.912678933
5.96	-4.876457137
5.97	-4.838680873
5.98	-4.799373159
5.99	-4.758557434
6	-4.716257543
6.01	-4.672497728
6.02	-4.627302616
6.03	-4.580697208
6.04	-4.532706868
6.05	-4.48335731
6.06	-4.43267459
6.07	-4.38068509
6.08	-4.327415511
6.09	-4.272892858
6.1	-4.21714443
6.11	-4.160197808
6.12	-4.102080841
6.13	-4.04282164
6.14	-3.982448561
6.15	-3.920990195
6.16	-3.858475355
6.17	-3.794933068
6.18	-3.730392558
6.19	-3.664883238
6.2	-3.598434697
6.21	-3.531076688
6.22	-3.462839116
6.23	-3.393752026
6.24	-3.323845593
6.25	-3.25315011
6.26	-3.181695972
6.27	-3.10951367
6.28	-3.036633778
6.29	-2.963086939
6.3	-2.888903854
6.31	-2.814115274
6.32	-2.738751983
6.33	-2.662844793
6.34	-2.586424527
6.35	-2.50952201
6.36	-2.432168058
6.37	-2.354393467
6.38	-2.276229001
6.39	-2.197705383
6.4	-2.11885328
6.41	-2.039703297
6.42	-1.960285964
6.43	-1.880631724
6.44	-1.800770927
6.45	-1.720733812
6.46	-1.640550504
6.47	-1.560251002
6.48	-1.479865164
6.49	-1.399422705
6.5	-1.318953179
6.51	-1.238485976
6.52	-1.158050308
6.53	-1.0776752
6.54	-0.997389483
6.55	-0.9172217822
6.56	-0.8372005089
6.57	-0.7573538511
6.58	-0.6777097649
6.59	-0.5982959656
6.6	-0.519139919
6.61	-0.4402688331
6.62	-0.3617096494
6.63	-0.2834890352
6.64	-0.2056333752
6.65	-0.1281687637
6.66	-0.05112099682
6.67	0.02548443486
6.68	0.1016223541
6.69	0.1772679038
6.7	0.2523965548
6.71	0.326984112
6.72	0.4010067219
6.73	0.4744408786
6.74	0.5472634307
6.75	0.6194515874
6.76	0.6909829247
6.77	0.7618353912
6.78	0.831987314
6.79	0.9014174044
6.8	0.9701047631
6.81	1.038028886
6.82	1.105169667
6.83	1.171507408
6.84	1.237022819
6.85	1.301697022
6.86	1.36551156
6.87	1.428448398
6.88	1.490489927
6.89	1.55161897
6.9	1.611818782
6.91	1.671073058
6.92	1.729365933
6.93	1.786681984
6.94	1.843006239
6.95	1.898324173
6.96	1.952621714
6.97	2.005885246
6.98	2.058101607
6.99	2.109258098
7	2.159342477
7.01	2.208342969
7.02	2.256248258
7.03	2.303047498
7.04	2.348730307
7.05	2.393286772
7.06	2.436707447
7.07	2.478983356
7.08	2.520105993
7.09	2.56006732
7.1	2.59885977
7.11	2.636476246
7.12	2.67291012
7.13	2.708155233
7.14	2.742205897
7.15	2.775056888
7.16	2.806703451
7.17	2.837141298
7.18	2.866366603
7.19	2.894376006
7.2	2.921166606
7.21	2.946735965
7.22	2.9710821
7.23	2.994203488
7.24	3.016099055
7.25	3.036768184
7.26	3.056210702
7.27	3.074426887
7.28	3.091417458
7.29	3.107183575
7.3	3.121726837
7.31	3.135049278
7.32	3.14715336
7.33	3.158041977
7.34	3.167718444
7.35	3.176186499
7.36	3.183450293
7.37	3.189514394
7.38	3.194383774
7.39	3.198063812
7.4	3.200560287
7.41	3.201879372
7.42	3.20202763
7.43	3.201012013
7.44	3.19883985
7.45	3.19551885
7.46	3.191057091
7.47	3.185463018
7.48	3.178745435
7.49	3.170913505
7.5	3.161976737
7.51	3.151944986
7.52	3.140828447
7.53	3.128637646
7.54	3.115383437
7.55	3.101076995
7.56	3.085729812
7.57	3.069353686
7.58	3.051960722
7.59	3.033563318
7.6	3.014174166
7.61	2.993806241
7.62	2.972472795
7.63	2.950187352
7.64	2.926963702
7.65	2.902815891
7.66	2.87775822
7.67	2.851805231
7.68	2.824971706
7.69	2.79727266
7.7	2.76872333
7.71	2.739339171
7.72	2.709135851
7.73	2.678129239
7.74	2.646335402
7.75	2.613770598
7.76	2.580451266
7.77	2.546394021
7.78	2.511615647
7.79	2.476133089
7.8	2.439963449
7.81	2.403123971
7.82	2.365632045
7.83	2.32750519
7.84	2.288761052
7.85	2.249417395
7.86	2.209492096
7.87	2.169003135
7.88	2.127968591
7.89	2.086406629
7.9	2.044335502
7.91	2.001773534
7.92	1.958739122
7.93	1.915250722
7.94	1.871326843
7.95	1.826986046
7.96	1.782246928
7.97	1.737128122
7.98	1.691648286
7.99	1.645826099
8	1.599680252
8.01	1.55322944
8.02	1.50649236
8.03	1.459487698
8.04	1.412234128
8.05	1.364750302
8.06	1.317054843
8.07	1.26916634
8.08	1.221103342
8.09	1.172884348
8.1	1.124527806
8.11	1.076052102
8.12	1.027475555
8.13	0.9788164107
8.14	0.9300928375
8.15	0.881322917
8.16	0.83252464
8.17	0.7837158997
8.18	0.7349144863
8.19	0.6861380808
8.2	0.6374042495
8.21	0.5887304379
8.22	0.5401339655
8.23	0.4916320202
8.24	0.4432416526
8.25	0.3949797707
8.26	0.3468631349
8.27	0.2989083525
8.28	0.2511318726
8.29	0.2035499812
8.3	0.1561787963
8.31	0.1090342627
8.32	0.06213214769
8.33	0.01548803621
8.34	-0.03088267384
8.35	-0.07696477593
8.36	-0.1227432593
8.37	-0.1682033133
8.38	-0.2133303315
8.39	-0.2581099159
8.4	-0.3025278806
8.41	-0.3465702561
8.42	-0.3902232928
8.43	-0.4334734648
8.44	-0.4763074735
8.45	-0.5187122508
8.46	-0.5606749628
8.47	-0.602183013
8.48	-0.6432240453
8.49	-0.6837859471
8.5	-0.7238568523
8.51	-0.7634251443
8.52	-0.8024794582
8.53	-0.8410086841
8.54	-0.879001969
8.55	-0.9164487198
8.56	-0.9533386049
8.57	-0.9896615569
8.58	-1.025407775
8.59	-1.060567725
8.6	-1.095132145
8.61	-1.129092043
8.62	-1.162438701
8.63	-1.195163676
8.64	-1.2272588
8.65	-1.258716185
8.66	-1.28952822
8.67	-1.319687574
8.68	-1.349187199
8.69	-1.378020325
8.7	-1.406180468
8.71	-1.433661426
8.72	-1.46045728
8.73	-1.486562396
8.74	-1.511971425
8.75	-1.536679303
8.76	-1.560681249
8.77	-1.583972769
8.78	-1.606549652
8.79	-1.628407975
8.8	-1.649544096
8.81	-1.66995466
8.82	-1.689636592
8.83	-1.708587103
8.84	-1.726803687
8.85	-1.744284116
8.86	-1.761026445
8.87	-1.777029009
8.88	-1.792290422
8.89	-1.806809573
8.9	-1.820585629
8.91	-1.833618033
8.92	-1.845906499
8.93	-1.857451014
8.94	-1.868251836
8.95	-1.878309491
8.96	-1.887624771
8.97	-1.896198733
8.98	-1.904032699
8.99	-1.911128249
9	-1.917487225
9.01	-1.923111721
9.02	-1.92800409
9.03	-1.932166934
9.04	-1.935603104
9.05	-1.938315701
9.06	-1.940308067
9.07	-1.941583786
9.08	-1.942146683
9.09	-1.942000818
9.1	-1.941150483
9.11	-1.9396002
9.12	-1.937354722
9.13	-1.93441902
9.14	-1.930798292
9.15	-1.926497949
9.16	-1.921523619
9.17	-1.91588114
9.18	-1.90957656
9.19	-1.902616128
9.2	-1.895006295
9.21	-1.886753711
9.22	-1.877865218
9.23	-1.868347848
9.24	-1.85820882
9.25	-1.847455535
9.26	-1.836095573
9.27	-1.82413669
9.28	-1.811586812
9.29	-1.798454031
9.3	-1.784746606
9.31	-1.770472952
9.32	-1.755641641
9.33	-1.740261395
9.34	-1.724341084
9.35	-1.707889722
9.36	-1.69091646
9.37	-1.673430584
9.38	-1.655441514
9.39	-1.636958792
9.4	-1.617992084
9.41	-1.598551174
9.42	-1.57864596
9.43	-1.55828645
9.44	-1.537482755
9.45	-1.516245088
9.46	-1.49458376
9.47	-1.472509172
9.48	-1.450031814
9.49	-1.427162258
9.5	-1.403911158
9.51	-1.380289241
9.52	-1.356307305
9.53	-1.331976213
9.54	-1.307306891
9.55	-1.282310323
9.56	-1.256997546
9.57	-1.231379643
9.58	-1.205467746
9.59	-1.179273024
9.6	-1.152806683
9.61	-1.126079961
9.62	-1.099104122
9.63	-1.071890455
9.64	-1.044450266
9.65	-1.016794876
9.66	-0.9889356184
9.67	-0.9608838302
9.68	-0.932650852
9.69	-0.904248022
9.7	-0.8756866722
9.71	-0.8469781245
9.72	-0.8181336866
9.73	-0.7891646477
9.74	-0.7600822749
9.75	-0.730897809
9.76	-0.7016224606
9.77	-0.6722674063
9.78	-0.6428437847
9.79	-0.613362693
9.8	-0.5838351823
9.81	-0.5542722551
9.82	-0.5246848604
9.83	-0.4950838909
9.84	-0.4654801791
9.85	-0.4358844935
9.86	-0.4063075353
9.87	-0.376759935
9.88	-0.3472522489
9.89	-0.3177949553
9.9	-0.288398452
9.91	-0.2590730521
9.92	-0.2298289815
9.93	-0.2006763751
9.94	-0.1716252742
9.95	-0.142685623
9.96	-0.1138672659
9.97	-0.08517994425
9.98	-0.05663329344
9.99	-0.02823684028
10	-1.09748833e-15
10.01	0.02806792649
10.02	0.05595775525
10.03	0.08366042198
10.04	0.1111669846
10.05	0.1384686256
10.06	0.1655566549
10.07	0.1924225117
10.08	0.2190577675
10.09	0.2454541275
10.1	0.2716034336
10.11	0.2974976662
10.12	0.3231289462
10.13	0.3484895372
10.14	0.3735718475
10.15	0.3983684317
10.16	0.4228719929
10.17	0.4470753841
10.18	0.4709716101
10.19	0.4945538293
10.2	0.5178153549
10.21	0.5407496566
10.22	0.563350362
10.23	0.5856112581
10.24	0.6075262924
10.25	0.6290895742
10.26	0.6502953758
10.27	0.6711381336
10.28	0.6916124493
10.29	0.7117130904
10.3	0.7314349918
10.31	0.750773256
10.32	0.7697231541
10.33	0.7882801267
10.34	0.8064397843
10.35	0.824197908
10.36	0.8415504501
10.37	0.8584935341
10.38	0.8750234557
10.39	0.8911366827
10.4	0.9068298554
10.41	0.9220997868
10.42	0.9369434625
10.43	0.9513580412
10.44	0.9653408544
10.45	0.9788894062
10.46	0.9920013735
10.47	1.004674606
10.48	1.016907124
10.49	1.028697123
10.5	1.040042966
10.51	1.050943191
10.52	1.061396503
10.53	1.07140178
10.54	1.080958067
10.55	1.09006458
10.56	1.098720701
10.57	1.106925982
10.58	1.114680138
10.59	1.121983053
10.6	1.128834772
10.61	1.135235507
10.62	1.141185631
10.63	1.146685677
10.64	1.151736341
10.65	1.156338477
10.66	1.160493096
10.67	1.164201366
10.68	1.16746461
10.69	1.170284305
10.7	1.172662082
10.71	1.174599718
10.72	1.176099145
10.73	1.177162438
10.74	1.17779182
10.75	1.177989658
10.76	1.177758462
10.77	1.177100883
10.78	1.17601971
10.79	1.174517869
10.8	1.172598423
10.81	1.170264566
10.82	1.167519626
10.83	1.164367059
10.84	1.160810447
10.85	1.156853501
10.86	1.152500051
10.87	1.147754051
10.88	1.142619573
10.89	1.137100805
10.9	1.131202051
10.91	1.124927727
10.92	1.118282358
10.93	1.111270577
10.94	1.103897123
10.95	1.096166837
10.96	1.088084662
10.97	1.079655638
10.98	1.070884902
10.99	1.061777682
11	1.052339301
11.01	1.042575166
11.02	1.032490774
11.03	1.022091702
11.04	1.011383609
11.05	1.000372235
11.06	0.9890633911
11.07	0.9774629657
11.08	0.9655769161
11.09	0.9534112678
11.1	0.9409721121
11.11	0.9282656031
11.12	0.915297955
11.13	0.90207544
11.14	0.8886043852
11.15	0.87489117
11.16	0.8609422239
11.17	0.8467640231
11.18	0.8323630888
11.19	0.8177459838
11.2	0.8029193102
11.21	0.7878897069
11.22	0.7726638464
11.23	0.757248433
11.24	0.7416501995
11.25	0.7258759049
11.26	0.7099323317
11.27	0.6938262832
11.28	0.6775645812
11.29	0.6611540631
11.3	0.6446015796
11.31	0.6279139917
11.32	0.6110981687
11.33	0.5941609852
11.34	0.577109319
11.35	0.559950048
11.36	0.5426900483
11.37	0.5253361913
11.38	0.5078953416
11.39	0.490374354
11.4	0.4727800716
11.41	0.4551193233
11.42	0.437398921
11.43	0.4196256578
11.44	0.4018063052
11.45	0.383947611
11.46	0.3660562967
11.47	0.3481390559
11.48	0.3302025511
11.49	0.3122534123
11.5	0.2942982341
11.51	0.2763435742
11.52	0.2583959507
11.53	0.24046184
11.54	0.2225476751
11.55	0.2046598432
11.56	0.1868046836
11.57	0.1689884861
11.58	0.1512174884
11.59	0.1334978746
11.6	0.1158357733
11.61	0.09823725524
11.62	0.080708332
11.63	0.06325495383
11.64	0.04588300794
11.65	0.02859831676
11.66	0.01140663621
11.67	-0.005686346033
11.68	-0.02267501214
11.69	-0.03955381577
11.7	-0.05631728369
11.71	-0.07296001729
11.72	-0.08947669408
11.73	-0.1058620692
11.74	-0.1221109769
11.75	-0.1382183319
11.76	-0.1541791307
11.77	-0.1699884528
11.78	-0.1856414626
11.79	-0.2011334098
11.8	-0.2164596312
11.81	-0.2316155515
11.82	-0.2465966849
11.83	-0.2613986357
11.84	-0.2760170996
11.85	-0.2904478649
11.86	-0.304686813
11.87	-0.3187299197
11.88	-0.3325732561
11.89	-0.3462129892
11.9	-0.359645383
11.91	-0.3728667991
11.92	-0.3858736975
11.93	-0.3986626373
11.94	-0.4112302773
11.95	-0.4235733768
11.96	-0.4356887958
11.97	-0.4475734961
11.98	-0.4592245412
11.99	-0.4706390971
12	-0.4818144328
12.01	-0.4927479202
12.02	-0.5034370352
12.03	-0.5138793571
12.04	-0.5240725696
12.05	-0.5340144607
12.06	-0.5437029229
12.07	-0.5531359533
12.08	-0.5623116537
12.09	-0.571228231
12.1	-0.5798839966
12.11	-0.5882773669
12.12	-0.5964068631
12.13	-0.6042711109
12.14	-0.6118688409
12.15	-0.6191988878
12.16	-0.6262601906
12.17	-0.6330517921
12.18	-0.6395728392
12.19	-0.6458225817
12.2	-0.6518003726
12.21	-0.6575056678
12.22	-0.6629380249
12.23	-0.6680971037
12.24	-0.6729826652
12.25	-0.6775945712
12.26	-0.6819327834
12.27	-0.6859973636
12.28	-0.6897884724
12.29	-0.6933063687
12.3	-0.6965514091
12.31	-0.6995240474
12.32	-0.7022248333
12.33	-0.7046544121
12.34	-0.7068135238
12.35	-0.7087030021
12.36	-0.7103237738
12.37	-0.7116768574
12.38	-0.7127633631
12.39	-0.7135844906
12.4	-0.7141415295
12.41	-0.714435857
12.42	-0.7144689379
12.43	-0.714242323
12.44	-0.713757648
12.45	-0.7130166327
12.46	-0.7120210797
12.47	-0.7107728733
12.48	-0.7092739781
12.49	-0.7075264382
12.5	-0.7055323757
12.51	-0.7032939896
12.52	-0.7008135544
12.53	-0.698093419
12.54	-0.6951360052
12.55	-0.6919438066
12.56	-0.688519387
12.57	-0.6848653795
12.58	-0.6809844846
12.59	-0.676879469
12.6	-0.6725531644
12.61	-0.668008466
12.62	-0.6632483307
12.63	-0.6582757763
12.64	-0.6530938795
12.65	-0.6477057747
12.66	-0.6421146525
12.67	-0.6363237578
12.68	-0.6303363893
12.69	-0.6241558966
12.7	-0.61778568
12.71	-0.611229188
12.72	-0.6044899163
12.73	-0.597571406
12.74	-0.5904772422
12.75	-0.5832110522
12.76	-0.5757765042
12.77	-0.5681773056
12.78	-0.5604172015
12.79	-0.5524999728
12.8	-0.5444294351
12.81	-0.5362094366
12.82	-0.5278438571
12.83	-0.5193366057
12.84	-0.51069162
12.85	-0.5019128636
12.86	-0.4930043252
12.87	-0.483970017
12.88	-0.4748139724
12.89	-0.4655402453
12.9	-0.4561529079
12.91	-0.4466560493
12.92	-0.437053774
12.93	-0.4273502002
12.94	-0.4175494582
12.95	-0.407655689
12.96	-0.3976730425
12.97	-0.3876056761
12.98	-0.3774577531
12.99	-0.3672334412
13	-0.3569369108
13.01	-0.3465723337
13.02	-0.3361438815
13.03	-0.3256557238
13.04	-0.3151120272
13.05	-0.3045169534
13.06	-0.293874658
13.07	-0.2831892887
13.08	-0.2724649842
13.09	-0.2617058724
13.1	-0.2509160695
13.11	-0.2400996778
13.12	-0.229260785
13.13	-0.2184034625
13.14	-0.2075317638
13.15	-0.1966497236
13.16	-0.1857613562
13.17	-0.1748706542
13.18	-0.163981587
13.19	-0.1530980999
13.2	-0.1422241123
13.21	-0.1313635169
13.22	-0.1205201782
13.23	-0.1096979314
13.24	-0.09890058093
13.25	-0.08813189949
13.26	-0.07739562684
13.27	-0.06669546856
13.28	-0.05603509495
13.29	-0.04541813991
13.3	-0.03484819982
13.31	-0.02432883249
13.32	-0.01386355606
13.33	-0.003455847999
13.34	0.00689085596
13.35	0.01717316278
13.36	0.02738772311
13.37	0.03753123224
13.38	0.04760043104
13.39	0.05759210686
13.4	0.06750309444
13.41	0.07733027674
13.42	0.08707058581
13.43	0.09672100363
13.44	0.1062785628
13.45	0.1157403476
13.46	0.1251034942
13.47	0.1343651921
13.48	0.1435226842
13.49	0.1525732679
13.5	0.1615142954
13.51	0.1703431747
13.52	0.17905737
13.53	0.1876544024
13.54	0.1961318501
13.55	0.2044873496
13.56	0.2127185956
13.57	0.2208233417
13.58	0.228799401
13.59	0.2366446464
13.6	0.2443570109
13.61	0.2519344884
13.62	0.2593751335
13.63	0.2666770624
13.64	0.2738384526
13.65	0.2808575439
13.66	0.2877326382
13.67	0.2944620998
13.68	0.3010443557
13.69	0.3074778958
13.7	0.313761273
13.71	0.3198931035
13.72	0.3258720667
13.73	0.3316969055
13.74	0.3373664263
13.75	0.3428794989
13.76	0.348235057
13.77	0.3534320975
13.78	0.3584696812
13.79	0.3633469323
13.8	0.3680630384
13.81	0.3726172507
13.82	0.3770088834
13.83	0.381237314
13.84	0.3853019832
13.85	0.3892023941
13.86	0.3929381127
13.87	0.3965087675
13.88	0.3999140489
13.89	0.4031537094
13.9	0.4062275631
13.91	0.4091354854
13.92	0.4118774127
13.93	0.4144533423
13.94	0.4168633314
13.95	0.4191074975
13.96	0.4211860174
13.97	0.423099127
13.98	0.424847121
13.99	0.4264303524
14	0.4278492315
14.01	0.4291042263
14.02	0.4301958614
14.03	0.4311247174
14.04	0.4318914307
14.05	0.4324966928
14.06	0.4329412496
14.07	0.4332259012
14.08	0.4333515005
14.09	0.4333189535
14.1	0.4331292181
14.11	0.4327833033
14.12	0.4322822693
14.13	0.4316272258
14.14	0.430819332
14.15	0.4298597958
14.16	0.4287498728
14.17	0.4274908657
14.18	0.4260841236
14.19	0.4245310413
14.2	0.4228330582
14.21	0.4209916578
14.22	0.4190083669
14.23	0.4168847546
14.24	0.4146224316
14.25	0.4122230494
14.26	0.4096882993
14.27	0.4070199118
14.28	0.4042196554
14.29	0.401289336
14.3	0.398230796
14.31	0.3950459133
14.32	0.3917366004
14.33	0.3883048037
14.34	0.3847525022
14.35	0.3810817071
14.36	0.3772944604
14.37	0.3733928343
14.38	0.3693789301
14.39	0.3652548773
14.4	0.3610228327
14.41	0.3566849794
14.42	0.3522435259
14.43	0.3477007051
14.44	0.3430587733
14.45	0.3383200094
14.46	0.3334867138
14.47	0.3285612074
14.48	0.3235458308
14.49	0.3184429433
14.5	0.3132549216
14.51	0.3079841595
14.52	0.3026330661
14.53	0.2972040657
14.54	0.291699596
14.55	0.2861221078
14.56	0.2804740636
14.57	0.274757937
14.58	0.2689762112
14.59	0.2631313787
14.6	0.2572259398
14.61	0.251262402
14.62	0.2452432788
14.63	0.2391710888
14.64	0.233048355
14.65	0.2268776036
14.66	0.2206613629
14.67	0.2144021629
14.68	0.208102534
14.69	0.201765006
14.7	0.1953921074
14.71	0.1889863646
14.72	0.1825503005
14.73	0.1760864342
14.74	0.1695972797
14.75	0.1630853452
14.76	0.156553132
14.77	0.150003134
14.78	0.1434378366
14.79	0.1368597159
14.8	0.1302712377
14.81	0.123674857
14.82	0.1170730169
14.83	0.1104681479
14.84	0.1038626669
14.85	0.09725897683
14.86	0.09065946542
14.87	0.08406650464
14.88	0.0774824499
14.89	0.07090963928
14.9	0.06435039278
14.91	0.05780701161
14.92	0.05128177744
14.93	0.04477695171
14.94	0.03829477492
14.95	0.03183746592
14.96	0.02540722129
14.97	0.0190062146
14.98	0.01263659583
14.99	0.006300490695
15	3.673241204e-16
15.01	-0.006262800933
15.02	-0.01248586289
15.03	-0.01866716335
15.04	-0.02480470707
15.05	-0.0308965266
15.06	-0.03694068291
15.07	-0.04293526586
15.08	-0.04887839474
15.09	-0.05476821878
15.1	-0.06060291764
15.11	-0.0663807019
15.12	-0.07209981351
15.13	-0.07775852626
15.14	-0.08335514617
15.15	-0.08888801197
15.16	-0.0943554955
15.17	-0.09975600204
15.18	-0.1050879708
15.19	-0.1103498751
15.2	-0.1155402231
15.21	-0.1206575575
15.22	-0.1257004565
15.23	-0.1306675338
15.24	-0.1355574389
15.25	-0.1403688574
15.26	-0.1451005113
15.27	-0.1497511592
15.28	-0.1543195966
15.29	-0.1588046559
15.3	-0.1632052069
15.31	-0.1675201568
15.32	-0.1717484506
15.33	-0.1758890709
15.34	-0.1799410382
15.35	-0.1839034112
15.36	-0.1877752867
15.37	-0.1915557998
15.38	-0.1952441238
15.39	-0.1988394707
15.4	-0.2023410909
15.41	-0.2057482731
15.42	-0.2090603448
15.43	-0.2122766721
15.44	-0.2153966594
15.45	-0.21841975
15.46	-0.2213454253
15.47	-0.2241732057
15.48	-0.2269026495
15.49	-0.2295333538
15.5	-0.2320649537
15.51	-0.2344971225
15.52	-0.2368295717
15.53	-0.2390620507
15.54	-0.2411943466
15.55	-0.2432262843
15.56	-0.2451577261
15.57	-0.2469885717
15.58	-0.2487187578
15.59	-0.2503482583
15.6	-0.2518770836
15.61	-0.2533052806
15.62	-0.2546329326
15.63	-0.2558601588
15.64	-0.2569871143
15.65	-0.2580139895
15.66	-0.2589410103
15.67	-0.2597684371
15.68	-0.2604965654
15.69	-0.2611257245
15.7	-0.2616562781
15.71	-0.2620886233
15.72	-0.2624231905
15.73	-0.2626604432
15.74	-0.2628008773
15.75	-0.262845021
15.76	-0.2627934343
15.77	-0.2626467086
15.78	-0.2624054662
15.79	-0.2620703602
15.8	-0.2616420739
15.81	-0.2611213201
15.82	-0.2605088412
15.83	-0.2598054083
15.84	-0.259011821
15.85	-0.2581289069
15.86	-0.2571575209
15.87	-0.2560985451
15.88	-0.2549528882
15.89	-0.2537214847
15.9	-0.2524052949
15.91	-0.2510053039
15.92	-0.2495225216
15.93	-0.2479579818
15.94	-0.2463127418
15.95	-0.2445878819
15.96	-0.2427845049
15.97	-0.2409037354
15.98	-0.2389467196
15.99	-0.2369146243
16	-0.2348086368
16.01	-0.2326299638
16.02	-0.2303798317
16.03	-0.2280594851
16.04	-0.2256701867
16.05	-0.2232132169
16.06	-0.2206898728
16.07	-0.2181014681
16.08	-0.2154493319
16.09	-0.2127348089
16.1	-0.2099592581
16.11	-0.2071240527
16.12	-0.2042305793
16.13	-0.2012802374
16.14	-0.1982744388
16.15	-0.1952146069
16.16	-0.1921021763
16.17	-0.1889385921
16.18	-0.1857253093
16.19	-0.1824637923
16.2	-0.1791555143
16.21	-0.1758019565
16.22	-0.1724046078
16.23	-0.1689649641
16.24	-0.1654845278
16.25	-0.1619648069
16.26	-0.1584073149
16.27	-0.1548135697
16.28	-0.1511850935
16.29	-0.147523412
16.3	-0.1438300537
16.31	-0.1401065495
16.32	-0.1363544322
16.33	-0.1325752358
16.34	-0.1287704948
16.35	-0.1249417439
16.36	-0.1210905174
16.37	-0.1172183485
16.38	-0.1133267689
16.39	-0.1094173081
16.4	-0.1054914931
16.41	-0.1015508475
16.42	-0.0975968913
16.43	-0.09363114024
16.44	-0.08965510523
16.45	-0.08567029192
16.46	-0.08167820011
16.47	-0.07768032329
16.48	-0.07367814811
16.49	-0.06967315389
16.5	-0.06566681212
16.51	-0.06166058598
16.52	-0.05765592985
16.53	-0.05365428886
16.54	-0.04965709838
16.55	-0.04566578358
16.56	-0.04168175897
16.57	-0.03770642796
16.58	-0.0337411824
16.59	-0.02978740214
16.6	-0.02584645464
16.61	-0.02191969449
16.62	-0.01800846305
16.63	-0.01411408798
16.64	-0.01023788291
16.65	-0.006381147
16.66	-0.002545164564
16.67	0.001268795301
16.68	0.005059479089
16.69	0.008825649248
16.7	0.01256608453
16.71	0.01627958034
16.72	0.01996494908
16.73	0.02362102046
16.74	0.02724664184
16.75	0.03084067853
16.76	0.03440201411
16.77	0.03792955071
16.78	0.04142220928
16.79	0.04487892994
16.8	0.04829867216
16.81	0.0516804151
16.82	0.05502315779
16.83	0.05832591944
16.84	0.06158773964
16.85	0.06480767861
16.86	0.06798481738
16.87	0.07111825803
16.88	0.0742071239
16.89	0.07725055973
16.9	0.08024773191
16.91	0.08319782859
16.92	0.08610005992
16.93	0.0889536581
16.94	0.09175787763
16.95	0.09451199539
16.96	0.09721531079
16.97	0.09986714586
16.98	0.1024668454
16.99	0.1050137771
17	0.1075073315
17.01	0.1099469224
17.02	0.1123319863
17.03	0.1146619832
17.04	0.1169363964
17.05	0.1191547321
17.06	0.1213165203
17.07	0.1234213138
17.08	0.1254686894
17.09	0.1274582467
17.1	0.129389609
17.11	0.1312624231
17.12	0.1330763589
17.13	0.1348311098
17.14	0.1365263925
17.15	0.138161947
17.16	0.1397375366
17.17	0.1412529478
17.18	0.14270799
17.19	0.1441024961
17.2	0.1454363215
17.21	0.1467093449
17.22	0.1479214677
17.23	0.1490726138
17.24	0.1501627299
17.25	0.1511917852
17.26	0.1521597712
17.27	0.1530667016
17.28	0.1539126123
17.29	0.1546975611
17.3	0.1554216275
17.31	0.1560849127
17.32	0.1566875395
17.33	0.1572296518
17.34	0.1577114148
17.35	0.1581330144
17.36	0.1584946574
17.37	0.1587965712
17.38	0.1590390033
17.39	0.1592222217
17.4	0.1593465138
17.41	0.1594121872
17.42	0.1594195685
17.43	0.1593690039
17.44	0.1592608583
17.45	0.1590955154
17.46	0.1588733775
17.47	0.158594865
17.48	0.1582604163
17.49	0.1578704875
17.5	0.157425552
17.51	0.1569261005
17.52	0.1563726406
17.53	0.1557656964
17.54	0.1551058082
17.55	0.1543935324
17.56	0.1536294411
17.57	0.1528141218
17.58	0.1519481771
17.59	0.1510322243
17.6	0.1500668953
17.61	0.149052836
17.62	0.1479907063
17.63	0.1468811794
17.64	0.1457249419
17.65	0.1445226932
17.66	0.1432751452
17.67	0.141983022
17.68	0.1406470595
17.69	0.1392680052
17.7	0.1378466177
17.71	0.1363836666
17.72	0.1348799318
17.73	0.1333362035
17.74	0.1317532816
17.75	0.1301319755
17.76	0.1284731036
17.77	0.1267774932
17.78	0.1250459799
17.79	0.1232794074
17.8	0.121478627
17.81	0.1196444975
17.82	0.1177778844
17.83	0.11587966
17.84	0.1139507029
17.85	0.1119918976
17.86	0.110004134
17.87	0.1079883074
17.88	0.1059453177
17.89	0.1038760695
17.9	0.1017814714
17.91	0.09966243582
17.92	0.09751987859
17.93	0.09535471861
17.94	0.09316787748
17.95	0.09096027917
17.96	0.08873284965
17.97	0.08648651657
17.98	0.08422220889
17.99	0.08194085654
18	0.07964339007
18.01	0.07733074032
18.02	0.0750038381
18.03	0.0726636138
18.04	0.07031099709
18.05	0.06794691658
18.06	0.06557229949
18.07	0.06318807133
18.08	0.06079515555
18.09	0.05839447323
18.1	0.05598694277
18.11	0.05357347957
18.12	0.05115499568
18.13	0.04873239956
18.14	0.04630659569
18.15	0.04387848432
18.16	0.04144896117
18.17	0.03901891708
18.18	0.03658923777
18.19	0.03416080354
18.2	0.03173448895
18.21	0.02931116256
18.22	0.02689168667
18.23	0.024476917
18.24	0.02206770246
18.25	0.01966488485
18.26	0.01726929861
18.27	0.01488177058
18.28	0.01250311971
18.29	0.01013415683
18.3	0.007775684407
18.31	0.00542849629
18.32	0.003093377485
18.33	0.0007711039176
18.34	-0.001537557794
18.35	-0.003831850561
18.36	-0.006111027043
18.37	-0.008374349859
18.38	-0.0106210918
18.39	-0.01285053603
18.4	-0.01506197627
18.41	-0.01725471703
18.42	-0.01942807376
18.43	-0.02158137303
18.44	-0.02371395275
18.45	-0.02582516229
18.46	-0.02791436271
18.47	-0.02998092684
18.48	-0.03202423952
18.49	-0.0340436977
18.5	-0.03603871059
18.51	-0.03800869985
18.52	-0.03995309965
18.53	-0.04187135685
18.54	-0.04376293113
18.55	-0.04562729507
18.56	-0.0474639343
18.57	-0.0492723476
18.58	-0.05105204699
18.59	-0.05280255784
18.6	-0.05452341898
18.61	-0.05621418275
18.62	-0.05787441508
18.63	-0.05950369563
18.64	-0.06110161778
18.65	-0.06266778876
18.66	-0.06420182965
18.67	-0.06570337549
18.68	-0.0671720753
18.69	-0.06860759214
18.7	-0.0700096031
18.71	-0.07137779942
18.72	-0.07271188644
18.73	-0.07401158365
18.74	-0.07527662473
18.75	-0.07650675751
18.76	-0.07770174403
18.77	-0.07886136052
18.78	-0.07998539738
18.79	-0.08107365919
18.8	-0.0821259647
18.81	-0.08314214681
18.82	-0.08412205252
18.83	-0.08506554293
18.84	-0.08597249321
18.85	-0.08684279252
18.86	-0.08767634402
18.87	-0.08847306478
18.88	-0.08923288577
18.89	-0.08995575173
18.9	-0.0906416212
18.91	-0.09129046637
18.92	-0.09190227307
18.93	-0.09247704064
18.94	-0.0930147819
18.95	-0.09351552303
18.96	-0.0939793035
18.97	-0.09440617596
18.98	-0.09479620616
18.99	-0.09514947281
19	-0.09546606755
19.01	-0.09574609475
19.02	-0.09598967144
19.03	-0.09619692723
19.04	-0.09636800409
19.05	-0.09650305632
19.06	-0.09660225037
19.07	-0.09666576471
19.08	-0.09669378971
19.09	-0.0966865275
19.1	-0.09664419179
19.11	-0.09656700779
19.12	-0.09645521197
19.13	-0.09630905201
19.14	-0.09612878655
19.15	-0.09591468508
19.16	-0.09566702777
19.17	-0.09538610532
19.18	-0.09507221874
19.19	-0.09472567923
19.2	-0.09434680799
19.21	-0.09393593603
19.22	-0.09349340401
19.23	-0.09301956206
19.24	-0.09251476957
19.25	-0.09197939503
19.26	-0.09141381584
19.27	-0.0908184181
19.28	-0.09019359644
19.29	-0.08953975381
19.3	-0.08885730129
19.31	-0.08814665791
19.32	-0.08740825039
19.33	-0.08664251304
19.34	-0.08584988744
19.35	-0.08503082234
19.36	-0.08418577337
19.37	-0.08331520292
19.38	-0.08241957983
19.39	-0.08149937927
19.4	-0.08055508248
19.41	-0.07958717658
19.42	-0.07859615435
19.43	-0.07758251401
19.44	-0.07654675903
19.45	-0.07548939788
19.46	-0.07441094385
19.47	-0.07331191483
19.48	-0.07219283305
19.49	-0.07105422493
19.5	-0.06989662083
19.51	-0.06872055483
19.52	-0.06752656451
19.53	-0.06631519077
19.54	-0.06508697757
19.55	-0.06384247174
19.56	-0.06258222274
19.57	-0.06130678248
19.58	-0.06001670509
19.59	-0.05871254667
19.6	-0.05739486515
19.61	-0.05606422
19.62	-0.05472117207
19.63	-0.05336628336
19.64	-0.05200011678
19.65	-0.05062323602
19.66	-0.04923620524
19.67	-0.04783958895
19.68	-0.04643395173
19.69	-0.04501985809
19.7	-0.04359787222
19.71	-0.04216855779
19.72	-0.04073247779
19.73	-0.03929019427
19.74	-0.03784226819
19.75	-0.03638925919
19.76	-0.03493172541
19.77	-0.03347022332
19.78	-0.03200530746
19.79	-0.03053753033
19.8	-0.02906744214
19.81	-0.02759559066
19.82	-0.02612252102
19.83	-0.02464877553
19.84	-0.0231748935
19.85	-0.02170141108
19.86	-0.02022886104
19.87	-0.01875777264
19.88	-0.01728867145
19.89	-0.01582207917
19.9	-0.01435851345
19.91	-0.01289848776
19.92	-0.01144251121
19.93	-0.009991088406
19.94	-0.00854471926
19.95	-0.00710389887
19.96	-0.005669117355
19.97	-0.004240859708
19.98	-0.002819605652
19.99	-0.001405829498
20	-1.092814531e-16
20.01	0.001397419775
20.02	0.002785972586
20.03	0.004165207149
20.04	0.00553467826
20.05	0.006893946929
20.06	0.008242580495
20.07	0.009580152748
20.08	0.01090624405
20.09	0.01222044143
20.1	0.01352233872
20.11	0.01481153665
20.12	0.01608764294
20.13	0.01735027242
20.14	0.01859904711
20.15	0.01983359635
20.16	0.02105355682
20.17	0.02225857271
20.18	0.02344829575
20.19	0.02462238531
20.2	0.02578050848
20.21	0.02692234012
20.22	0.02804756299
20.23	0.02915586774
20.24	0.03024695305
20.25	0.03132052564
20.26	0.03237630033
20.27	0.03341400014
20.28	0.0344333563
20.29	0.03543410829
20.3	0.03641600394
20.31	0.03737879942
20.32	0.0383222593
20.33	0.03924615656
20.34	0.04015027268
20.35	0.0410343976
20.36	0.04189832979
20.37	0.04274187628
20.38	0.04356485261
20.39	0.04436708295
20.4	0.04514840001
20.41	0.04590864513
20.42	0.04664766823
20.43	0.04736532784
20.44	0.04806149112
20.45	0.04873603379
20.46	0.04938884021
20.47	0.05001980328
20.48	0.05062882453
20.49	0.05121581399
20.5	0.05178069027
20.51	0.05232338049
20.52	0.05284382026
20.53	0.05334195365
20.54	0.05381773318
20.55	0.05427111976
20.56	0.05470208268
20.57	0.05511059955
20.58	0.05549665626
20.59	0.05586024697
20.6	0.05620137399
20.61	0.05652004782
20.62	0.05681628702
20.63	0.05709011821
20.64	0.05734157597
20.65	0.05757070281
20.66	0.05777754909
20.67	0.05796217298
20.68	0.05812464035
20.69	0.05826502473
20.7	0.05838340723
20.71	0.05847987648
20.72	0.05855452853
20.73	0.05860746676
20.74	0.05863880185
20.75	0.05864865164
20.76	0.05863714109
20.77	0.05860440215
20.78	0.0585505737
20.79	0.05847580145
20.8	0.05838023785
20.81	0.05826404198
20.82	0.05812737946
20.83	0.05797042237
20.84	0.05779334911
20.85	0.05759634433
20.86	0.05737959882
20.87	0.05714330939
20.88	0.05688767878
20.89	0.05661291552
20.9	0.05631923387
20.91	0.05600685366
20.92	0.05567600021
20.93	0.05532690419
20.94	0.05495980153
20.95	0.05457493326
20.96	0.05417254546
20.97	0.05375288907
20.98	0.05331621981
20.99	0.05286279806
21	0.05239288872
21.01	0.05190676109
21.02	0.05140468874
21.03	0.05088694943
21.04	0.0503538249
21.05	0.04980560083
21.06	0.04924256667
21.07	0.0486650155
21.08	0.04807324394
21.09	0.04746755197
21.1	0.04684824288
21.11	0.04621562304
21.12	0.04557000186
21.13	0.04491169161
21.14	0.04424100728
21.15	0.0435582665
21.16	0.04286378936
21.17	0.04215789831
21.18	0.04144091801
21.19	0.0407131752
21.2	0.03997499859
21.21	0.0392267187
21.22	0.03846866775
21.23	0.03770117951
21.24	0.03692458919
21.25	0.03613923331
21.26	0.03534544953
21.27	0.0345435766
21.28	0.03373395413
21.29	0.03291692254
21.3	0.03209282291
21.31	0.03126199683
21.32	0.0304247863
21.33	0.02958153359
21.34	0.02873258112
21.35	0.02787827132
21.36	0.02701894654
21.37	0.02615494887
21.38	0.02528662009
21.39	0.02441430149
21.4	0.02353833375
21.41	0.02265905686
21.42	0.02177680999
21.43	0.02089193132
21.44	0.02000475799
21.45	0.01911562596
21.46	0.01822486987
21.47	0.01733282298
21.48	0.01643981699
21.49	0.01554618198
21.5	0.0146522463
21.51	0.01375833642
21.52	0.01286477686
21.53	0.01197189007
21.54	0.01107999631
21.55	0.0101894136
21.56	0.009300457555
21.57	0.00841344131
21.58	0.007528675432
21.59	0.006646467811
21.6	0.005767123563
21.61	0.004890944943
21.62	0.004018231243
21.63	0.003149278711
21.64	0.002284380453
21.65	0.001423826352
21.66	0.0005679029767
21.67	-0.0002831064987
21.68	-0.001128922379
21.69	-0.00196926853
21.7	-0.002803872454
21.71	-0.003632465369
21.72	-0.004454782285
21.73	-0.005270562078
21.74	-0.006079547557
21.75	-0.00688148554
21.76	-0.007676126919
21.77	-0.008463226724
21.78	-0.009242544191
21.79	-0.01001384283
21.8	-0.01077689045
21.81	-0.0115314593
21.82	-0.01227732601
21.83	-0.01301427174
21.84	-0.01374208221
21.85	-0.01446054771
21.86	-0.01516946319
21.87	-0.0158686283
21.88	-0.01655784744
21.89	-0.01723692976
21.9	-0.01790568927
21.91	-0.01856394482
21.92	-0.01921152016
21.93	-0.01984824398
21.94	-0.02047394993
21.95	-0.02108847667
21.96	-0.02169166786
21.97	-0.02228337225
21.98	-0.02286344363
21.99	-0.0234317409
22	-0.0239881281
22.01	-0.02453247439
22.02	-0.02506465409
22.03	-0.02558454668
22.04	-0.02609203685
22.05	-0.02658701447
22.06	-0.02706937459
22.07	-0.02753901752
22.08	-0.02799584875
22.09	-0.02843977899
22.1	-0.02887072418
22.11	-0.02928860548
22.12	-0.02969334927
22.13	-0.03008488711
22.14	-0.03046315581
22.15	-0.03082809736
22.16	-0.03117965892
22.17	-0.03151779286
22.18	-0.03184245667
22.19	-0.03215361303
22.2	-0.03245122972
22.21	-0.03273527963
22.22	-0.03300574077
22.23	-0.03326259618
22.24	-0.03350583396
22.25	-0.03373544724
22.26	-0.03395143411
22.27	-0.03415379764
22.28	-0.03434254583
22.29	-0.03451769158
22.3	-0.03467925263
22.31	-0.03482725157
22.32	-0.03496171578
22.33	-0.03508267739
22.34	-0.03519017323
22.35	-0.03528424482
22.36	-0.03536493829
22.37	-0.03543230436
22.38	-0.03548639829
22.39	-0.03552727982
22.4	-0.03555501315
22.41	-0.03556966686
22.42	-0.03557131386
22.43	-0.03556003137
22.44	-0.03553590082
22.45	-0.03549900784
22.46	-0.03544944218
22.47	-0.03538729763
22.48	-0.03531267204
22.49	-0.03522566715
22.5	-0.03512638862
22.51	-0.03501494594
22.52	-0.03489145235
22.53	-0.03475602478
22.54	-0.03460878381
22.55	-0.0344498536
22.56	-0.0342793618
22.57	-0.03409743947
22.58	-0.03390422109
22.59	-0.0336998444
22.6	-0.03348445038
22.61	-0.03325818317
22.62	-0.03302118999
22.63	-0.03277362108
22.64	-0.03251562963
22.65	-0.03224737169
22.66	-0.0319690061
22.67	-0.03168069444
22.68	-0.03138260091
22.69	-0.0310748923
22.7	-0.03075773789
22.71	-0.03043130937
22.72	-0.03009578079
22.73	-0.02975132845
22.74	-0.02939813083
22.75	-0.02903636853
22.76	-0.02866622418
22.77	-0.02828788236
22.78	-0.02790152953
22.79	-0.02750735392
22.8	-0.0271055455
22.81	-0.02669629588
22.82	-0.0262797982
22.83	-0.0258562471
22.84	-0.0254258386
22.85	-0.02498877005
22.86	-0.02454524005
22.87	-0.02409544832
22.88	-0.02363959571
22.89	-0.02317788402
22.9	-0.02271051601
22.91	-0.02223769526
22.92	-0.02175962613
22.93	-0.02127651364
22.94	-0.02078856342
22.95	-0.02029598166
22.96	-0.01979897495
22.97	-0.01929775029
22.98	-0.01879251496
22.99	-0.01828347644
23	-0.01777084238
23.01	-0.01725482047
23.02	-0.01673561841
23.03	-0.01621344378
23.04	-0.01568850404
23.05	-0.01516100638
23.06	-0.01463115769
23.07	-0.01409916448
23.08	-0.01356523279
23.09	-0.01302956816
23.1	-0.01249237551
23.11	-0.01195385908
23.12	-0.01141422238
23.13	-0.01087366812
23.14	-0.01033239811
23.15	-0.009790613234
23.16	-0.009248513343
23.17	-0.008706297217
23.18	-0.008164162484
23.19	-0.007622305565
23.2	-0.007080921601
23.21	-0.006540204397
23.22	-0.006000346353
23.23	-0.005461538411
23.24	-0.004923969984
23.25	-0.004387828906
23.26	-0.003853301365
23.27	-0.003320571853
23.28	-0.002789823103
23.29	-0.002261236037
23.3	-0.001734989707
23.31	-0.001211261247
23.32	-0.0006902258136
23.33	-0.0001720565406
23.34	0.0003430755168
23.35	0.0008550014293
23.36	0.001363554443
23.37	0.001868570025
23.38	0.002369885914
23.39	0.002867342162
23.4	0.003360781178
23.41	0.003850047775
23.42	0.004334989209
23.43	0.00481545522
23.44	0.005291298074
23.45	0.005762372598
23.46	0.006228536221
23.47	0.006689649007
23.48	0.007145573692
23.49	0.007596175719
23.5	0.008041323266
23.51	0.008480887285
23.52	0.008914741523
23.53	0.00934276256
23.54	0.009764829831
23.55	0.01018082566
23.56	0.01059063526
23.57	0.01099414681
23.58	0.01139125142
23.59	0.01178184319
23.6	0.01216581921
23.61	0.0125430796
23.62	0.01291352751
23.63	0.01327706914
23.64	0.01363361376
23.65	0.01398307374
23.66	0.01432536453
23.67	0.0146604047
23.68	0.01498811592
23.69	0.01530842302
23.7	0.01562125395
23.71	0.01592653982
23.72	0.01622421487
23.73	0.01651421651
23.74	0.01679648533
23.75	0.01707096506
23.76	0.01733760259
23.77	0.017596348
23.78	0.01784715453
23.79	0.01808997856
23.8	0.01832477966
23.81	0.01855152053
23.82	0.01877016705
23.83	0.01898068822
23.84	0.01918305618
23.85	0.0193772462
23.86	0.01956323668
23.87	0.01974100911
23.88	0.01991054809
23.89	0.02007184129
23.9	0.02022487945
23.91	0.02036965638
23.92	0.02050616891
23.93	0.02063441689
23.94	0.02075440318
23.95	0.02086613363
23.96	0.02096961704
23.97	0.02106486516
23.98	0.02115189266
23.99	0.02123071711
24	0.02130135894
24.01	0.02136384145
24.02	0.02141819076
24.03	0.02146443578
24.04	0.02150260819
24.05	0.02153274241
24.06	0.02155487559
24.07	0.02156904756
24.08	0.02157530078
24.09	0.02157368036
24.1	0.02156423399
24.11	0.02154701191
24.12	0.02152206689
24.13	0.0214894542
24.14	0.02144923154
24.15	0.02140145904
24.16	0.02134619923
24.17	0.02128351696
24.18	0.02121347939
24.19	0.02113615598
24.2	0.02105161838
24.21	0.02095994045
24.22	0.02086119821
24.23	0.02075546978
24.24	0.02064283535
24.25	0.02052337714
24.26	0.02039717937
24.27	0.02026432818
24.28	0.02012491162
24.29	0.01997901961
24.3	0.01982674387
24.31	0.0196681779
24.32	0.01950341691
24.33	0.01933255781
24.34	0.01915569913
24.35	0.01897294101
24.36	0.0187843851
24.37	0.01859013457
24.38	0.01839029405
24.39	0.01818496955
24.4	0.01797426845
24.41	0.01775829946
24.42	0.01753717251
24.43	0.01731099878
24.44	0.0170798906
24.45	0.01684396144
24.46	0.01660332582
24.47	0.0163580993
24.48	0.0161083984
24.49	0.01585434059
24.5	0.0155960442
24.51	0.0153336284
24.52	0.01506721315
24.53	0.01479691914
24.54	0.01452286773
24.55	0.01424518094
24.56	0.01396398138
24.57	0.01367939219
24.58	0.01339153702
24.59	0.01310053994
24.6	0.01280652545
24.61	0.01250961839
24.62	0.01220994389
24.63	0.01190762735
24.64	0.01160279439
24.65	0.01129557076
24.66	0.01098608236
24.67	0.01067445514
24.68	0.01036081509
24.69	0.01004528815
24.7	0.00972800021
24.71	0.009409077054
24.72	0.009088644293
24.73	0.00876682734
24.74	0.008443751361
24.75	0.00811954123
24.76	0.007794321486
24.77	0.007468216289
24.78	0.007141349379
24.79	0.006813844033
24.8	0.006485823019
24.81	0.006157408563
24.82	0.005828722298
24.83	0.00549988523
24.84	0.005171017698
24.85	0.004842239329
24.86	0.004513669003
24.87	0.004185424814
24.88	0.00385762403
24.89	0.003530383059
24.9	0.003203817405
24.91	0.002878041639
24.92	0.002553169359
24.93	0.002229313156
24.94	0.001906584577
24.95	0.001585094093
24.96	0.001264951063
24.97	0.0009462637058
24.98	0.0006291390608
24.99	0.000313682961
25	8.942849738e-17
25.01	-0.0003118064982
25.02	-0.0006216345094
25.03	-0.0009293833381
25.04	-0.001234953647
25.05	-0.001538247482
25.06	-0.001839168306
25.07	-0.002137621017
25.08	-0.002433511981
25.09	-0.002726749053
25.1	-0.003017241604
25.11	-0.003304900544
25.12	-0.003589638345
25.13	-0.003871369063
25.14	-0.004150008361
25.15	-0.004425473529
25.16	-0.004697683505
25.17	-0.004966558894
25.18	-0.005232021986
25.19	-0.005493996778
25.2	-0.005752408985
25.21	-0.006007186063
25.22	-0.006258257221
25.23	-0.006505553439
25.24	-0.006749007479
25.25	-0.006988553902
25.26	-0.007224129078
25.27	-0.007455671203
25.28	-0.007683120305
25.29	-0.007906418258
25.3	-0.008125508792
25.31	-0.008340337501
25.32	-0.008550851854
25.33	-0.008757001198
25.34	-0.008958736772
25.35	-0.009156011707
25.36	-0.009348781037
25.37	-0.009537001699
25.38	-0.009720632541
25.39	-0.009899634324
25.4	-0.01007396972
25.41	-0.01024360334
25.42	-0.01040850168
25.43	-0.01056863319
25.44	-0.01072396821
25.45	-0.01087447902
25.46	-0.01102013982
25.47	-0.01116092672
25.48	-0.01129681772
25.49	-0.01142779278
25.5	-0.01155383371
25.51	-0.01167492427
25.52	-0.01179105008
25.53	-0.01190219866
25.54	-0.01200835942
25.55	-0.01210952364
25.56	-0.01220568447
25.57	-0.0122968369
25.58	-0.0123829778
25.59	-0.01246410585
25.6	-0.01254022158
25.61	-0.01261132732
25.62	-0.01267742722
25.63	-0.01273852722
25.64	-0.01279463503
25.65	-0.01284576014
25.66	-0.01289191378
25.67	-0.01293310894
25.68	-0.01296936031
25.69	-0.0130006843
25.7	-0.01302709901
25.71	-0.01304862421
25.72	-0.01306528133
25.73	-0.01307709344
25.74	-0.01308408525
25.75	-0.01308628303
25.76	-0.01308371468
25.77	-0.01307640964
25.78	-0.01306439889
25.79	-0.01304771494
25.8	-0.01302639182
25.81	-0.01300046502
25.82	-0.01296997149
25.83	-0.01293494963
25.84	-0.01289543924
25.85	-0.01285148153
25.86	-0.01280311907
25.87	-0.01275039578
25.88	-0.01269335688
25.89	-0.01263204891
25.9	-0.01256651967
25.91	-0.01249681823
25.92	-0.01242299484
25.93	-0.01234510099
25.94	-0.01226318932
25.95	-0.0121773136
25.96	-0.01208752874
25.97	-0.01199389075
25.98	-0.01189645667
25.99	-0.0117952846
26	-0.01169043365
26.01	-0.01158196391
26.02	-0.01146993643
26.03	-0.01135441318
26.04	-0.01123545701
26.05	-0.01111313169
26.06	-0.01098750179
26.07	-0.0108586327
26.08	-0.01072659062
26.09	-0.01059144247
26.1	-0.01045325594
26.11	-0.01031209937
26.12	-0.01016804181
26.13	-0.01002115294
26.14	-0.009871503039
26.15	-0.009719162979
26.16	-0.009564204185
26.17	-0.009406698602
26.18	-0.009246718672
26.19	-0.009084337303
26.2	-0.008919627838
26.21	-0.008752664026
26.22	-0.008583519995
26.23	-0.008412270221
26.24	-0.008238989499
26.25	-0.008063752915
26.26	-0.007886635815
26.27	-0.007707713778
26.28	-0.007527062587
26.29	-0.007344758198
26.3	-0.007160876716
26.31	-0.00697549436
26.32	-0.00678868744
26.33	-0.006600532328
26.34	-0.006411105427
26.35	-0.006220483145
26.36	-0.006028741868
26.37	-0.005835957931
26.38	-0.005642207591
26.39	-0.005447567001
26.4	-0.005252112179
26.41	-0.005055918987
26.42	-0.0048590631
26.43	-0.00466161998
26.44	-0.004463664854
26.45	-0.004265272681
26.46	-0.004066518133
26.47	-0.003867475567
26.48	-0.003668218997
26.49	-0.003468822076
26.5	-0.003269358064
26.51	-0.00306989981
26.52	-0.002870519721
26.53	-0.002671289748
26.54	-0.002472281352
26.55	-0.002273565489
26.56	-0.002075212584
26.57	-0.001877292507
26.58	-0.001679874555
26.59	-0.001483027427
26.6	-0.001286819204
26.61	-0.001091317328
26.62	-0.0008965885808
26.63	-0.0007026990631
26.64	-0.0005097141764
26.65	-0.0003176986019
26.66	-0.0001267162821
26.67	6.316959839e-05
26.68	0.0002518966313
26.69	0.0004394032025
26.7	0.0006256285096
26.71	0.0008105125795
26.72	0.0009939962848
26.73	0.001176021361
26.74	0.00135653042
26.75	0.001535466971
26.76	0.001712775429
26.77	0.001888401134
26.78	0.002062290366
26.79	0.002234390353
26.8	0.002404649293
26.81	0.00257301636
26.82	0.002739441718
26.83	0.002903876539
26.84	0.003066273004
26.85	0.003226584326
26.86	0.003384764751
26.87	0.003540769575
26.88	0.003694555151
26.89	0.003846078899
26.9	0.003995299315
26.91	0.00414217598
26.92	0.004286669569
26.93	0.004428741857
26.94	0.004568355727
26.95	0.004705475176
26.96	0.004840065325
26.97	0.004972092419
26.98	0.005101523838
26.99	0.005228328101
27	0.005352474866
27.01	0.00547393494
27.02	0.005592680281
27.03	0.005708683999
27.04	0.005821920362
27.05	0.005932364796
27.06	0.006039993888
27.07	0.00614478539
27.08	0.006246718215
27.09	0.006345772441
27.1	0.006441929311
27.11	0.006535171232
27.12	0.006625481777
27.13	0.00671284568
27.14	0.006797248836
27.15	0.006878678301
27.16	0.006957122289
27.17	0.007032570167
27.18	0.007105012456
27.19	0.007174440824
27.2	0.007240848083
27.21	0.007304228187
27.22	0.007364576224
27.23	0.007421888413
27.24	0.007476162098
27.25	0.007527395745
27.26	0.00757558893
27.27	0.007620742338
27.28	0.007662857752
27.29	0.00770193805
27.3	0.007737987193
27.31	0.007771010221
27.32	0.007801013242
27.33	0.007828003425
27.34	0.007851988989
27.35	0.007872979197
27.36	0.007890984344
27.37	0.007906015746
27.38	0.007918085733
27.39	0.007927207636
27.4	0.007933395779
27.41	0.007936665463
27.42	0.007937032958
27.43	0.007934515494
27.44	0.007929131241
27.45	0.007920899305
27.46	0.00790983971
27.47	0.007895973388
27.48	0.007879322167
27.49	0.007859908752
27.5	0.007837756719
27.51	0.007812890496
27.52	0.00778533535
27.53	0.007755117375
27.54	0.007722263475
27.55	0.007686801352
27.56	0.007648759487
27.57	0.00760816713
27.58	0.007565054282
27.59	0.007519451678
27.6	0.007471390775
27.61	0.007420903736
27.62	0.00736802341
27.63	0.00731278332
27.64	0.007255217647
27.65	0.007195361209
27.66	0.007133249451
27.67	0.007068918423
27.68	0.007002404766
27.69	0.006933745695
27.7	0.00686297898
27.71	0.006790142934
27.72	0.006715276387
27.73	0.006638418681
27.74	0.006559609639
27.75	0.00647888956
27.76	0.006396299192
27.77	0.006311879722
27.78	0.006225672751
27.79	0.006137720285
27.8	0.006048064709
27.81	0.005956748775
27.82	0.005863815581
27.83	0.005769308555
27.84	0.005673271438
27.85	0.005575748264
27.86	0.005476783342
27.87	0.005376421243
27.88	0.005274706776
27.89	0.005171684974
27.9	0.005067401075
27.91	0.004961900506
27.92	0.004855228863
27.93	0.004747431895
27.94	0.004638555486
27.95	0.004528645638
27.96	0.004417748452
27.97	0.004305910114
27.98	0.004193176872
27.99	0.004079595026
28	0.003965210906
28.01	0.003850070855
28.02	0.003734221215
28.03	0.003617708308
28.04	0.003500578419
28.05	0.003382877781
28.06	0.003264652558
28.07	0.003145948827
28.08	0.003026812566
28.09	0.002907289631
28.1	0.002787425747
28.11	0.00266726649
28.12	0.002546857267
28.13	0.002426243309
28.14	0.002305469645
28.15	0.002184581099
28.16	0.002063622263
28.17	0.001942637492
28.18	0.001821670883
28.19	0.001700766261
28.2	0.001579967171
28.21	0.001459316854
28.22	0.001338858243
28.23	0.00121863394
28.24	0.001098686211
28.25	0.0009790569664
28.26	0.0008597877507
28.27	0.0007409197294
28.28	0.0006224936758
28.29	0.000504549959
28.3	0.0003871285312
28.31	0.0002702689159
28.32	0.0001540101963
28.33	3.839100346e-05
28.34	-7.655049501e-05
28.35	-0.0001907766059
28.36	-0.0003042501212
28.37	-0.000416934329
28.38	-0.0005287930236
28.39	-0.0006397905157
28.4	-0.0007498916424
28.41	-0.0008590617766
28.42	-0.0009672668364
28.43	-0.001074473294
28.44	-0.001180648187
28.45	-0.001285759121
28.46	-0.001389774284
28.47	-0.001492662454
28.48	-0.001594393002
28.49	-0.001694935905
28.5	-0.001794261748
28.51	-0.001892341738
28.52	-0.001989147704
28.53	-0.002084652106
28.54	-0.002178828044
28.55	-0.002271649259
28.56	-0.002363090142
28.57	-0.002453125738
28.58	-0.002541731754
28.59	-0.002628884557
28.6	-0.002714561189
28.61	-0.00279873936
28.62	-0.00288139746
28.63	-0.002962514563
28.64	-0.003042070422
28.65	-0.003120045483
28.66	-0.003196420882
28.67	-0.003271178448
28.68	-0.003344300706
28.69	-0.00341577088
28.7	-0.003485572896
28.71	-0.00355369138
28.72	-0.003620111661
28.73	-0.003684819775
28.74	-0.003747802462
28.75	-0.003809047167
28.76	-0.003868542042
28.77	-0.003926275948
28.78	-0.003982238448
28.79	-0.004036419813
28.8	-0.00408881102
28.81	-0.004139403748
28.82	-0.00418819038
28.83	-0.004235164002
28.84	-0.004280318397
28.85	-0.004323648048
28.86	-0.004365148134
28.87	-0.004404814525
28.88	-0.004442643784
28.89	-0.004478633162
28.9	-0.004512780592
28.91	-0.004545084691
28.92	-0.004575544752
28.93	-0.004604160745
28.94	-0.004630933306
28.95	-0.004655863739
28.96	-0.004678954009
28.97	-0.004700206737
28.98	-0.004719625197
28.99	-0.004737213308
29	-0.004752975632
29.01	-0.004766917365
29.02	-0.004779044335
29.03	-0.004789362993
29.04	-0.004797880408
29.05	-0.004804604263
29.06	-0.004809542843
29.07	-0.004812705036
29.08	-0.004814100319
29.09	-0.004813738755
29.1	-0.004811630984
29.11	-0.004807788219
29.12	-0.004802222233
29.13	-0.004794945357
29.14	-0.004785970468
29.15	-0.004775310983
29.16	-0.004762980852
29.17	-0.004748994547
29.18	-0.004733367054
29.19	-0.004716113868
29.2	-0.004697250979
29.21	-0.004676794869
29.22	-0.004654762497
29.23	-0.004631171296
29.24	-0.004606039157
29.25	-0.004579384429
29.26	-0.004551225899
29.27	-0.004521582791
29.28	-0.004490474752
29.29	-0.004457921845
29.3	-0.004423944534
29.31	-0.004388563684
29.32	-0.004351800538
29.33	-0.00431367672
29.34	-0.004274214215
29.35	-0.004233435365
29.36	-0.004191362855
29.37	-0.004148019704
29.38	-0.004103429256
29.39	-0.004057615168
29.4	-0.004010601399
29.41	-0.003962412202
29.42	-0.00391307211
29.43	-0.003862605929
29.44	-0.003811038725
29.45	-0.003758395813
29.46	-0.003704702749
29.47	-0.003649985316
29.48	-0.003594269515
29.49	-0.003537581554
29.5	-0.00347994784
29.51	-0.003421394961
29.52	-0.003361949684
29.53	-0.003301638937
29.54	-0.003240489802
29.55	-0.003178529505
29.56	-0.003115785402
29.57	-0.003052284971
29.58	-0.002988055799
29.59	-0.002923125575
29.6	-0.002857522075
29.61	-0.002791273154
29.62	-0.002724406735
29.63	-0.002656950798
29.64	-0.002588933369
29.65	-0.002520382513
29.66	-0.002451326317
29.67	-0.002381792886
29.68	-0.002311810329
29.69	-0.002241406753
29.7	-0.002170610245
29.71	-0.00209944887
29.72	-0.002027950657
29.73	-0.001956143588
29.74	-0.001884055593
29.75	-0.001811714535
29.76	-0.001739148201
29.77	-0.001666384297
29.78	-0.001593450431
29.79	-0.00152037411
29.8	-0.001447182729
29.81	-0.001373903559
29.82	-0.00130056374
29.83	-0.001227190272
29.84	-0.001153810007
29.85	-0.001080449637
29.86	-0.001007135687
29.87	-0.000933894509
29.88	-0.0008607522677
29.89	-0.0007877349372
29.9	-0.0007148682906
29.91	-0.0006421778918
29.92	-0.000569689088
29.93	-0.0004974270016
29.94	-0.000425416522
29.95	-0.0003536822987
29.96	-0.0002822487333
29.97	-0.0002111399722
29.98	-0.0001403798994
29.99	-6.999212932e-05
30	-8.161204764e-18
