temps	angle
0	0
0.01	0.6577052045
0.02	1.311152984
0.03	1.960047887
0.04	2.604098468
0.05	3.243017401
0.06	3.876521602
0.07	4.504332339
0.08	5.126175341
0.09	5.741780911
0.1	6.350884029
0.11	6.953224451
0.12	7.548546815
0.13	8.136600731
0.14	8.717140875
0.15	9.289927084
0.16	9.854724437
0.17	10.41130334
0.18	10.95943962
0.19	11.49891458
0.2	12.02951508
0.21	12.55103363
0.22	13.06326842
0.23	13.56602344
0.24	14.05910847
0.25	14.5423392
0.26	15.01553726
0.27	15.47853027
0.28	15.93115189
0.29	16.37324187
0.3	16.8046461
0.31	17.22521663
0.32	17.63481172
0.33	18.03329587
0.34	18.42053984
0.35	18.79642069
0.36	19.16082179
0.37	19.51363285
0.38	19.85474994
0.39	20.18407547
0.4	20.50151825
0.41	20.80699347
0.42	21.10042268
0.43	21.38173384
0.44	21.65086128
0.45	21.90774572
0.46	22.15233423
0.47	22.38458025
0.48	22.60444355
0.49	22.81189023
0.5	23.00689267
0.51	23.18942956
0.52	23.35948582
0.53	23.51705259
0.54	23.6621272
0.55	23.79471313
0.56	23.91481997
0.57	24.02246338
0.58	24.11766507
0.59	24.20045269
0.6	24.27085985
0.61	24.32892604
0.62	24.37469656
0.63	24.40822249
0.64	24.4295606
0.65	24.43877334
0.66	24.43592869
0.67	24.42110021
0.68	24.39436684
0.69	24.35581294
0.7	24.30552815
0.71	24.24360734
0.72	24.17015053
0.73	24.08526281
0.74	23.98905424
0.75	23.88163979
0.76	23.76313926
0.77	23.63367715
0.78	23.49338263
0.79	23.34238938
0.8	23.18083557
0.81	23.00886371
0.82	22.82662058
0.83	22.63425713
0.84	22.43192837
0.85	22.21979327
0.86	21.99801469
0.87	21.76675923
0.88	21.52619715
0.89	21.27650228
0.9	21.01785186
0.91	20.75042651
0.92	20.47441005
0.93	20.18998942
0.94	19.89735459
0.95	19.59669842
0.96	19.28821653
0.97	18.97210726
0.98	18.64857146
0.99	18.31781246
1	17.98003591
1.01	17.63544967
1.02	17.28426372
1.03	16.92669001
1.04	16.56294235
1.05	16.19323633
1.06	15.81778914
1.07	15.43681954
1.08	15.05054765
1.09	14.65919489
1.1	14.26298386
1.11	13.8621382
1.12	13.4568825
1.13	13.04744218
1.14	12.63404334
1.15	12.21691269
1.16	11.79627741
1.17	11.37236505
1.18	10.94540341
1.19	10.51562041
1.2	10.083244
1.21	9.648502047
1.22	9.211622205
1.23	8.772831822
1.24	8.332357824
1.25	7.890426607
1.26	7.447263927
1.27	7.003094795
1.28	6.55814337
1.29	6.112632854
1.3	5.666785388
1.31	5.220821952
1.32	4.774962257
1.33	4.329424654
1.34	3.884426024
1.35	3.44018169
1.36	2.996905315
1.37	2.554808808
1.38	2.114102232
1.39	1.67499371
1.4	1.237689335
1.41	0.8023930825
1.42	0.36930672
1.43	-0.06137027654
1.44	-0.489440808
1.45	-0.9147102341
1.46	-1.336986455
1.47	-1.756079989
1.48	-2.171804052
1.49	-2.583974633
1.5	-2.992410564
1.51	-3.396933597
1.52	-3.797368472
1.53	-4.193542984
1.54	-4.585288052
1.55	-4.97243778
1.56	-5.354829523
1.57	-5.732303945
1.58	-6.104705077
1.59	-6.471880377
1.6	-6.83368078
1.61	-7.189960752
1.62	-7.540578343
1.63	-7.885395232
1.64	-8.224276774
1.65	-8.557092043
1.66	-8.883713878
1.67	-9.20401892
1.68	-9.517887648
1.69	-9.825204419
1.7	-10.1258575
1.71	-10.4197391
1.72	-10.70674539
1.73	-10.98677655
1.74	-11.25973677
1.75	-11.52553431
1.76	-11.78408146
1.77	-12.03529463
1.78	-12.27909432
1.79	-12.51540513
1.8	-12.74415581
1.81	-12.96527924
1.82	-13.17871246
1.83	-13.38439664
1.84	-13.58227712
1.85	-13.7723034
1.86	-13.95442915
1.87	-14.12861218
1.88	-14.29481446
1.89	-14.45300211
1.9	-14.60314537
1.91	-14.74521864
1.92	-14.87920042
1.93	-15.00507331
1.94	-15.12282399
1.95	-15.23244324
1.96	-15.33392584
1.97	-15.42727065
1.98	-15.51248048
1.99	-15.58956217
2	-15.65852648
2.01	-15.7193881
2.02	-15.7721656
2.03	-15.81688143
2.04	-15.85356185
2.05	-15.88223691
2.06	-15.90294043
2.07	-15.91570991
2.08	-15.92058656
2.09	-15.91761518
2.1	-15.90684419
2.11	-15.88832554
2.12	-15.86211466
2.13	-15.82827044
2.14	-15.78685517
2.15	-15.73793447
2.16	-15.68157728
2.17	-15.61785575
2.18	-15.54684524
2.19	-15.46862421
2.2	-15.38327422
2.21	-15.29087983
2.22	-15.19152856
2.23	-15.08531082
2.24	-14.97231984
2.25	-14.85265165
2.26	-14.72640494
2.27	-14.59368107
2.28	-14.45458399
2.29	-14.30922011
2.3	-14.15769833
2.31	-14.00012988
2.32	-13.83662834
2.33	-13.66730949
2.34	-13.49229127
2.35	-13.31169375
2.36	-13.12563899
2.37	-12.93425101
2.38	-12.73765571
2.39	-12.53598079
2.4	-12.32935568
2.41	-12.11791146
2.42	-11.90178082
2.43	-11.68109794
2.44	-11.45599841
2.45	-11.22661922
2.46	-10.99309862
2.47	-10.75557606
2.48	-10.51419214
2.49	-10.26908851
2.5	-10.02040778
2.51	-9.768293492
2.52	-9.512890001
2.53	-9.254342414
2.54	-8.992796516
2.55	-8.728398693
2.56	-8.461295854
2.57	-8.19163536
2.58	-7.919564945
2.59	-7.645232644
2.6	-7.368786715
2.61	-7.09037557
2.62	-6.810147697
2.63	-6.528251587
2.64	-6.244835663
2.65	-5.960048208
2.66	-5.67403729
2.67	-5.38695069
2.68	-5.098935838
2.69	-4.810139734
2.7	-4.520708885
2.71	-4.23078923
2.72	-3.940526079
2.73	-3.650064039
2.74	-3.359546949
2.75	-3.069117818
2.76	-2.778918753
2.77	-2.489090898
2.78	-2.199774373
2.79	-1.911108206
2.8	-1.623230276
2.81	-1.336277248
2.82	-1.050384517
2.83	-0.7656861462
2.84	-0.4823148109
2.85	-0.2004017409
2.86	0.07992333545
2.87	0.3585322455
2.88	0.6352984263
2.89	0.9100969769
2.9	1.18280471
2.91	1.453300202
2.92	1.721463841
2.93	1.987177878
2.94	2.250326471
2.95	2.510795729
2.96	2.768473759
2.97	3.02325071
2.98	3.27501881
2.99	3.523672411
3	3.769108028
3.01	4.011224372
3.02	4.249922392
3.03	4.48510531
3.04	4.71667865
3.05	4.944550275
3.06	5.168630418
3.07	5.388831711
3.08	5.605069213
3.09	5.817260438
3.1	6.02532538
3.11	6.229186538
3.12	6.428768942
3.13	6.624000167
3.14	6.814810363
3.15	7.001132266
3.16	7.18290122
3.17	7.36005519
3.18	7.532534782
3.19	7.700283249
3.2	7.863246509
3.21	8.021373155
3.22	8.17461446
3.23	8.32292439
3.24	8.466259607
3.25	8.604579475
3.26	8.737846066
3.27	8.866024159
3.28	8.989081243
3.29	9.106987518
3.3	9.21971589
3.31	9.327241971
3.32	9.429544072
3.33	9.526603204
3.34	9.61840306
3.35	9.70493002
3.36	9.786173129
3.37	9.862124097
3.38	9.932777281
3.39	9.998129674
3.4	10.05818089
3.41	10.11293315
3.42	10.16239125
3.43	10.20656259
3.44	10.2454571
3.45	10.27908723
3.46	10.30746796
3.47	10.33061677
3.48	10.34855356
3.49	10.36130073
3.5	10.36888304
3.51	10.37132768
3.52	10.36866417
3.53	10.36092438
3.54	10.34814248
3.55	10.33035491
3.56	10.30760035
3.57	10.27991968
3.58	10.24735597
3.59	10.20995442
3.6	10.16776234
3.61	10.12082911
3.62	10.06920614
3.63	10.01294684
3.64	9.952106563
3.65	9.886742603
3.66	9.81691412
3.67	9.742682114
3.68	9.664109383
3.69	9.581260483
3.7	9.494201681
3.71	9.403000918
3.72	9.307727762
3.73	9.208453362
3.74	9.105250411
3.75	8.998193093
3.76	8.887357043
3.77	8.772819299
3.78	8.654658256
3.79	8.532953619
3.8	8.407786357
3.81	8.279238655
3.82	8.147393867
3.83	8.012336467
3.84	7.874152003
3.85	7.732927044
3.86	7.588749137
3.87	7.441706754
3.88	7.291889246
3.89	7.139386792
3.9	6.984290349
3.91	6.826691604
3.92	6.666682926
3.93	6.504357314
3.94	6.339808349
3.95	6.173130143
3.96	6.004417291
3.97	5.833764823
3.98	5.661268152
3.99	5.487023024
4	5.311125475
4.01	5.133671775
4.02	4.954758383
4.03	4.774481899
4.04	4.592939012
4.05	4.410226458
4.06	4.226440966
4.07	4.041679214
4.08	3.856037782
4.09	3.669613104
4.1	3.48250142
4.11	3.294798735
4.12	3.106600767
4.13	2.918002906
4.14	2.729100167
4.15	2.539987148
4.16	2.350757983
4.17	2.161506299
4.18	1.972325176
4.19	1.783307102
4.2	1.594543931
4.21	1.406126843
4.22	1.218146302
4.23	1.030692016
4.24	0.8438528998
4.25	0.6577170326
4.26	0.4723716217
4.27	0.2879029647
4.28	0.1043964123
4.29	-0.07806366812
4.3	-0.2593939275
4.31	-0.4395120703
4.32	-0.6183368887
4.33	-0.7957882957
4.34	-0.971787358
4.35	-1.146256328
4.36	-1.319118673
4.37	-1.490299111
4.38	-1.659723631
4.39	-1.827319532
4.4	-1.993015443
4.41	-2.156741354
4.42	-2.318428642
4.43	-2.478010094
4.44	-2.635419935
4.45	-2.790593849
4.46	-2.943469002
4.47	-3.093984068
4.48	-3.242079243
4.49	-3.387696272
4.5	-3.530778464
4.51	-3.671270714
4.52	-3.809119515
4.53	-3.944272982
4.54	-4.076680862
4.55	-4.206294552
4.56	-4.333067111
4.57	-4.456953276
4.58	-4.57790947
4.59	-4.695893817
4.6	-4.810866151
4.61	-4.922788025
4.62	-5.03162272
4.63	-5.137335254
4.64	-5.239892387
4.65	-5.339262626
4.66	-5.435416234
4.67	-5.52832523
4.68	-5.617963395
4.69	-5.704306271
4.7	-5.787331168
4.71	-5.867017158
4.72	-5.94334508
4.73	-6.016297537
4.74	-6.085858892
4.75	-6.152015268
4.76	-6.214754544
4.77	-6.274066349
4.78	-6.329942056
4.79	-6.38237478
4.8	-6.431359366
4.81	-6.476892384
4.82	-6.518972118
4.83	-6.557598562
4.84	-6.592773402
4.85	-6.624500011
4.86	-6.652783435
4.87	-6.677630381
4.88	-6.699049204
4.89	-6.717049891
4.9	-6.73164405
4.91	-6.74284489
4.92	-6.750667211
4.93	-6.75512738
4.94	-6.75624332
4.95	-6.754034489
4.96	-6.748521859
4.97	-6.739727901
4.98	-6.727676564
4.99	-6.712393252
5	-6.693904804
5.01	-6.672239474
5.02	-6.647426906
5.03	-6.619498113
5.04	-6.588485453
5.05	-6.554422603
5.06	-6.517344539
5.07	-6.477287509
5.08	-6.434289004
5.09	-6.388387738
5.1	-6.339623619
5.11	-6.28803772
5.12	-6.233672257
5.13	-6.176570556
5.14	-6.11677703
5.15	-6.054337147
5.16	-5.989297402
5.17	-5.921705289
5.18	-5.851609274
5.19	-5.779058759
5.2	-5.704104058
5.21	-5.626796364
5.22	-5.54718772
5.23	-5.465330988
5.24	-5.381279817
5.25	-5.295088612
5.26	-5.206812506
5.27	-5.116507324
5.28	-5.024229554
5.29	-4.930036316
5.3	-4.833985328
5.31	-4.736134875
5.32	-4.636543776
5.33	-4.535271357
5.34	-4.432377411
5.35	-4.32792217
5.36	-4.221966274
5.37	-4.114570737
5.38	-4.005796914
5.39	-3.895706471
5.4	-3.78436135
5.41	-3.671823741
5.42	-3.558156047
5.43	-3.443420851
5.44	-3.327680887
5.45	-3.210999008
5.46	-3.093438153
5.47	-2.975061315
5.48	-2.855931513
5.49	-2.736111757
5.5	-2.61566502
5.51	-2.494654206
5.52	-2.373142119
5.53	-2.251191435
5.54	-2.128864669
5.55	-2.006224148
5.56	-1.883331979
5.57	-1.760250022
5.58	-1.637039859
5.59	-1.513762768
5.6	-1.390479692
5.61	-1.267251214
5.62	-1.144137527
5.63	-1.021198406
5.64	-0.8984931846
5.65	-0.7760807266
5.66	-0.654019399
5.67	-0.5323670475
5.68	-0.411180971
5.69	-0.2905178965
5.7	-0.1704339551
5.71	-0.05098465738
5.72	0.06777512973
5.73	0.1857912061
5.74	0.3030100611
5.75	0.4193788958
5.76	0.5348456443
5.77	0.6493589957
5.78	0.7628684137
5.79	0.8753241577
5.8	0.9866773021
5.81	1.096879755
5.82	1.205884279
5.83	1.313644505
5.84	1.420114954
5.85	1.525251053
5.86	1.629009149
5.87	1.731346529
5.88	1.832221431
5.89	1.931593064
5.9	2.029421617
5.91	2.125668275
5.92	2.220295233
5.93	2.313265708
5.94	2.40454395
5.95	2.494095252
5.96	2.581885967
5.97	2.66788351
5.98	2.752056373
5.99	2.834374134
6	2.914807462
6.01	2.993328127
6.02	3.069909008
6.03	3.1445241
6.04	3.217148517
6.05	3.287758501
6.06	3.356331423
6.07	3.422845793
6.08	3.487281259
6.09	3.549618612
6.1	3.609839787
6.11	3.667927869
6.12	3.723867089
6.13	3.777642829
6.14	3.829241622
6.15	3.878651149
6.16	3.92586024
6.17	3.970858874
6.18	4.013638174
6.19	4.054190406
6.2	4.092508977
6.21	4.12858843
6.22	4.16242444
6.23	4.194013811
6.24	4.223354468
6.25	4.250445452
6.26	4.275286918
6.27	4.29788012
6.28	4.318227414
6.29	4.336332241
6.3	4.352199123
6.31	4.365833657
6.32	4.377242499
6.33	4.386433362
6.34	4.393414998
6.35	4.398197196
6.36	4.400790763
6.37	4.401207518
6.38	4.399460279
6.39	4.395562849
6.4	4.389530003
6.41	4.38137748
6.42	4.371121963
6.43	4.358781069
6.44	4.344373333
6.45	4.327918195
6.46	4.309435984
6.47	4.288947904
6.48	4.266476015
6.49	4.24204322
6.5	4.21567325
6.51	4.187390644
6.52	4.157220732
6.53	4.125189622
6.54	4.091324178
6.55	4.055652005
6.56	4.018201431
6.57	3.979001486
6.58	3.938081887
6.59	3.895473018
6.6	3.851205908
6.61	3.805312219
6.62	3.75782422
6.63	3.708774769
6.64	3.658197297
6.65	3.606125783
6.66	3.552594739
6.67	3.497639185
6.68	3.441294631
6.69	3.38359706
6.7	3.3245829
6.71	3.26428901
6.72	3.202752658
6.73	3.140011496
6.74	3.076103546
6.75	3.011067173
6.76	2.944941069
6.77	2.877764226
6.78	2.809575923
6.79	2.740415698
6.8	2.670323332
6.81	2.599338823
6.82	2.52750237
6.83	2.45485435
6.84	2.381435295
6.85	2.307285876
6.86	2.232446877
6.87	2.156959179
6.88	2.080863735
6.89	2.004201551
6.9	1.927013669
6.91	1.849341141
6.92	1.771225013
6.93	1.692706302
6.94	1.613825978
6.95	1.534624945
6.96	1.455144016
6.97	1.375423902
6.98	1.295505183
6.99	1.215428299
7	1.135233522
7.01	1.054960942
7.02	0.9746504476
7.03	0.8943417076
7.04	0.8140741521
7.05	0.7338869556
7.06	0.6538190184
7.07	0.5739089498
7.08	0.4941950505
7.09	0.4147152957
7.1	0.3355073185
7.11	0.2566083934
7.12	0.1780554202
7.13	0.09988490785
7.14	0.02213295929
7.15	-0.05516474415
7.16	-0.1319729577
7.17	-0.2082568878
7.18	-0.2839822064
7.19	-0.3591150654
7.2	-0.4336221099
7.21	-0.5074704921
7.22	-0.5806278839
7.23	-0.6530624901
7.24	-0.7247430608
7.25	-0.7956389031
7.26	-0.8657198933
7.27	-0.934956488
7.28	-1.003319735
7.29	-1.070781285
7.3	-1.1373134
7.31	-1.202888965
7.32	-1.267481498
7.33	-1.331065155
7.34	-1.393614746
7.35	-1.455105737
7.36	-1.515514262
7.37	-1.574817128
7.38	-1.632991825
7.39	-1.690016532
7.4	-1.745870121
7.41	-1.800532167
7.42	-1.853982954
7.43	-1.906203477
7.44	-1.957175448
7.45	-2.006881304
7.46	-2.055304207
7.47	-2.102428051
7.48	-2.148237463
7.49	-2.192717808
7.5	-2.235855193
7.51	-2.277636464
7.52	-2.318049216
7.53	-2.357081788
7.54	-2.394723265
7.55	-2.430963485
7.56	-2.465793029
7.57	-2.499203233
7.58	-2.531186178
7.59	-2.561734695
7.6	-2.590842362
7.61	-2.618503503
7.62	-2.644713186
7.63	-2.669467222
7.64	-2.692762161
7.65	-2.714595292
7.66	-2.734964636
7.67	-2.753868946
7.68	-2.771307702
7.69	-2.787281107
7.7	-2.801790081
7.71	-2.814836259
7.72	-2.826421984
7.73	-2.836550303
7.74	-2.84522496
7.75	-2.852450391
7.76	-2.858231716
7.77	-2.862574735
7.78	-2.865485919
7.79	-2.866972404
7.8	-2.867041981
7.81	-2.865703093
7.82	-2.862964823
7.83	-2.858836887
7.84	-2.853329625
7.85	-2.846453993
7.86	-2.838221553
7.87	-2.828644465
7.88	-2.817735477
7.89	-2.805507912
7.9	-2.791975665
7.91	-2.777153186
7.92	-2.761055471
7.93	-2.743698057
7.94	-2.725097002
7.95	-2.705268882
7.96	-2.684230775
7.97	-2.662000251
7.98	-2.638595361
7.99	-2.614034625
8	-2.588337019
8.01	-2.561521964
8.02	-2.533609314
8.03	-2.504619344
8.04	-2.474572735
8.05	-2.443490566
8.06	-2.411394294
8.07	-2.37830575
8.08	-2.34424712
8.09	-2.309240934
8.1	-2.273310052
8.11	-2.236477652
8.12	-2.198767215
8.13	-2.160202515
8.14	-2.120807601
8.15	-2.080606787
8.16	-2.039624638
8.17	-1.997885954
8.18	-1.955415759
8.19	-1.912239287
8.2	-1.868381968
8.21	-1.823869414
8.22	-1.778727405
8.23	-1.732981876
8.24	-1.686658904
8.25	-1.639784693
8.26	-1.592385562
8.27	-1.544487928
8.28	-1.496118298
8.29	-1.44730325
8.3	-1.398069422
8.31	-1.348443499
8.32	-1.298452198
8.33	-1.248122257
8.34	-1.19748042
8.35	-1.146553422
8.36	-1.095367981
8.37	-1.043950781
8.38	-0.9923284601
8.39	-0.9405275978
8.4	-0.8885747023
8.41	-0.8364961981
8.42	-0.784318413
8.43	-0.7320675664
8.44	-0.6797697564
8.45	-0.6274509482
8.46	-0.5751369622
8.47	-0.5228534615
8.48	-0.4706259412
8.49	-0.418479716
8.5	-0.3664399095
8.51	-0.3145314427
8.52	-0.2627790229
8.53	-0.211207133
8.54	-0.159840021
8.55	-0.1087016889
8.56	-0.05781588305
8.57	-0.007206083664
8.58	0.0431045051
8.59	0.09309296483
8.6	0.1427366724
8.61	0.1920133093
8.62	0.2409008709
8.63	0.2893776751
8.64	0.3374223715
8.65	0.3850139494
8.66	0.4321317464
8.67	0.4787554565
8.68	0.5248651375
8.69	0.5704412194
8.7	0.6154645109
8.71	0.6599162073
8.72	0.7037778969
8.73	0.747031568
8.74	0.7896596152
8.75	0.8316448458
8.76	0.8729704856
8.77	0.9136201844
8.78	0.9535780222
8.79	0.9928285138
8.8	1.031356614
8.81	1.069147722
8.82	1.106187688
8.83	1.142462813
8.84	1.177959858
8.85	1.212666043
8.86	1.246569056
8.87	1.279657051
8.88	1.311918652
8.89	1.343342959
8.9	1.373919549
8.91	1.403638475
8.92	1.432490273
8.93	1.460465959
8.94	1.487557037
8.95	1.513755492
8.96	1.539053799
8.97	1.563444917
8.98	1.586922294
8.99	1.609479866
9	1.631112058
9.01	1.65181378
9.02	1.671580433
9.03	1.690407901
9.04	1.708292557
9.05	1.725231258
9.06	1.741221342
9.07	1.756260633
9.08	1.770347431
9.09	1.783480516
9.1	1.795659143
9.11	1.806883042
9.12	1.81715241
9.13	1.826467914
9.14	1.834830686
9.15	1.842242318
9.16	1.848704859
9.17	1.854220813
9.18	1.858793134
9.19	1.862425221
9.2	1.865120914
9.21	1.866884492
9.22	1.867720664
9.23	1.867634567
9.24	1.866631761
9.25	1.864718222
9.26	1.861900337
9.27	1.858184901
9.28	1.853579107
9.29	1.848090544
9.3	1.841727188
9.31	1.834497396
9.32	1.826409903
9.33	1.817473811
9.34	1.807698586
9.35	1.797094047
9.36	1.785670365
9.37	1.773438048
9.38	1.760407943
9.39	1.746591221
9.4	1.731999372
9.41	1.716644201
9.42	1.700537814
9.43	1.683692616
9.44	1.666121298
9.45	1.647836835
9.46	1.628852471
9.47	1.609181718
9.48	1.588838342
9.49	1.567836357
9.5	1.546190019
9.51	1.523913811
9.52	1.501022443
9.53	1.477530836
9.54	1.453454118
9.55	1.428807614
9.56	1.403606837
9.57	1.377867479
9.58	1.351605402
9.59	1.324836631
9.6	1.297577344
9.61	1.269843863
9.62	1.241652645
9.63	1.213020272
9.64	1.183963446
9.65	1.154498976
9.66	1.124643771
9.67	1.094414831
9.68	1.063829238
9.69	1.032904145
9.7	1.001656773
9.71	0.9701043936
9.72	0.9382643286
9.73	0.9061539358
9.74	0.8737906022
9.75	0.841191735
9.76	0.8083747531
9.77	0.7753570781
9.78	0.7421561261
9.79	0.708789299
9.8	0.6752739759
9.81	0.6416275052
9.82	0.6078671955
9.83	0.5740103083
9.84	0.5400740487
9.85	0.5060755583
9.86	0.4720319065
9.87	0.4379600828
9.88	0.403876989
9.89	0.3697994312
9.9	0.3357441123
9.91	0.3017276244
9.92	0.2677664412
9.93	0.2338769108
9.94	0.2000752481
9.95	0.1663775281
9.96	0.1327996786
9.97	0.0993574729
9.98	0.0660665237
9.99	0.03294227586
10	1.280403052e-15
10.01	-0.03274521398
10.02	-0.06527846324
10.03	-0.09758503815
10.04	-0.1296504284
10.05	-0.1614603291
10.06	-0.193000646
10.07	-0.2242575021
10.08	-0.2552172422
10.09	-0.2858664388
10.1	-0.3161918973
10.11	-0.3461806611
10.12	-0.3758200164
10.13	-0.4050974969
10.14	-0.4340008887
10.15	-0.4625182348
10.16	-0.4906378393
10.17	-0.5183482713
10.18	-0.5456383697
10.19	-0.5724972462
10.2	-0.5989142896
10.21	-0.6248791692
10.22	-0.6503818381
10.23	-0.6754125364
10.24	-0.6999617945
10.25	-0.724020436
10.26	-0.7475795801
10.27	-0.7706306446
10.28	-0.7931653481
10.29	-0.8151757123
10.3	-0.8366540643
10.31	-0.8575930381
10.32	-0.877985577
10.33	-0.8978249345
10.34	-0.9171046765
10.35	-0.935818682
10.36	-0.9539611445
10.37	-0.971526573
10.38	-0.9885097926
10.39	-1.004905945
10.4	-1.020710491
10.41	-1.035919206
10.42	-1.050528186
10.43	-1.064533844
10.44	-1.077932911
10.45	-1.090722434
10.46	-1.102899779
10.47	-1.114462627
10.48	-1.125408977
10.49	-1.135737138
10.5	-1.145445738
10.51	-1.154533715
10.52	-1.163000318
10.53	-1.170845105
10.54	-1.178067945
10.55	-1.184669009
10.56	-1.190648777
10.57	-1.196008027
10.58	-1.20074784
10.59	-1.204869593
10.6	-1.208374959
10.61	-1.211265904
10.62	-1.213544684
10.63	-1.215213842
10.64	-1.216276204
10.65	-1.216734879
10.66	-1.216593253
10.67	-1.215854986
10.68	-1.21452401
10.69	-1.212604524
10.7	-1.210100992
10.71	-1.207018136
10.72	-1.203360937
10.73	-1.199134626
10.74	-1.194344683
10.75	-1.188996833
10.76	-1.183097039
10.77	-1.1766515
10.78	-1.169666647
10.79	-1.162149136
10.8	-1.154105845
10.81	-1.145543871
10.82	-1.13647052
10.83	-1.126893307
10.84	-1.116819951
10.85	-1.106258367
10.86	-1.095216661
10.87	-1.08370313
10.88	-1.071726249
10.89	-1.059294674
10.9	-1.046417228
10.91	-1.033102903
10.92	-1.019360853
10.93	-1.005200384
10.94	-0.9906309535
10.95	-0.9756621639
10.96	-0.9603037553
10.97	-0.944565601
10.98	-0.9284577021
10.99	-0.9119901812
11	-0.895173277
11.01	-0.8780173386
11.02	-0.8605328197
11.03	-0.8427302727
11.04	-0.8246203432
11.05	-0.806213764
11.06	-0.7875213496
11.07	-0.7685539898
11.08	-0.7493226447
11.09	-0.7298383381
11.1	-0.7101121523
11.11	-0.6901552222
11.12	-0.6699787292
11.13	-0.6495938957
11.14	-0.6290119793
11.15	-0.6082442671
11.16	-0.5873020699
11.17	-0.5661967164
11.18	-0.544939548
11.19	-0.5235419123
11.2	-0.5020151585
11.21	-0.4803706311
11.22	-0.4586196645
11.23	-0.4367735777
11.24	-0.4148436686
11.25	-0.3928412089
11.26	-0.3707774383
11.27	-0.3486635593
11.28	-0.3265107323
11.29	-0.3043300698
11.3	-0.2821326315
11.31	-0.2599294194
11.32	-0.2377313724
11.33	-0.2155493612
11.34	-0.193394184
11.35	-0.171276561
11.36	-0.1492071298
11.37	-0.1271964408
11.38	-0.1052549523
11.39	-0.08339302634
11.4	-0.06162092355
11.41	-0.03994879926
11.42	-0.01838669892
11.43	0.003055446154
11.44	0.02436782297
11.45	0.04554074096
11.46	0.06656463603
11.47	0.08743007447
11.48	0.1081277568
11.49	0.1286485217
11.5	0.1489833493
11.51	0.1691233652
11.52	0.1890598437
11.53	0.2087842112
11.54	0.2282880497
11.55	0.2475630997
11.56	0.2666012636
11.57	0.2853946084
11.58	0.303935369
11.59	0.3222159508
11.6	0.3402289322
11.61	0.3579670675
11.62	0.3754232895
11.63	0.3925907115
11.64	0.40946263
11.65	0.4260325266
11.66	0.4422940702
11.67	0.4582411192
11.68	0.473867723
11.69	0.4891681242
11.7	0.5041367596
11.71	0.5187682628
11.72	0.5330574646
11.73	0.546999395
11.74	0.5605892844
11.75	0.5738225645
11.76	0.5866948694
11.77	0.5992020367
11.78	0.6113401083
11.79	0.6231053308
11.8	0.6344941566
11.81	0.6455032441
11.82	0.6561294581
11.83	0.6663698704
11.84	0.6762217595
11.85	0.6856826112
11.86	0.6947501183
11.87	0.7034221807
11.88	0.7116969049
11.89	0.719572604
11.9	0.7270477971
11.91	0.7341212088
11.92	0.7407917687
11.93	0.7470586107
11.94	0.7529210721
11.95	0.7583786928
11.96	0.7634312143
11.97	0.7680785784
11.98	0.7723209265
11.99	0.7761585978
12	0.7795921285
12.01	0.7826222498
12.02	0.7852498869
12.03	0.7874761569
12.04	0.7893023675
12.05	0.7907300149
12.06	0.7917607823
12.07	0.7923965375
12.08	0.7926393314
12.09	0.7924913953
12.1	0.7919551393
12.11	0.7910331497
12.12	0.7897281868
12.13	0.7880431824
12.14	0.7859812375
12.15	0.7835456196
12.16	0.7807397602
12.17	0.7775672521
12.18	0.7740318466
12.19	0.770137451
12.2	0.7658881253
12.21	0.7612880797
12.22	0.7563416712
12.23	0.7510534012
12.24	0.7454279117
12.25	0.7394699829
12.26	0.7331845294
12.27	0.7265765974
12.28	0.7196513612
12.29	0.71241412
12.3	0.7048702945
12.31	0.6970254237
12.32	0.6888851612
12.33	0.6804552718
12.34	0.6717416281
12.35	0.662750207
12.36	0.6534870859
12.37	0.6439584395
12.38	0.6341705357
12.39	0.6241297325
12.4	0.6138424739
12.41	0.6033152865
12.42	0.5925547756
12.43	0.5815676215
12.44	0.5703605761
12.45	0.5589404586
12.46	0.5473141524
12.47	0.5354886006
12.48	0.5234708029
12.49	0.5112678115
12.5	0.4988867272
12.51	0.4863346959
12.52	0.4736189048
12.53	0.4607465784
12.54	0.447724975
12.55	0.4345613824
12.56	0.4212631152
12.57	0.4078375097
12.58	0.3942919214
12.59	0.3806337203
12.6	0.366870288
12.61	0.3530090133
12.62	0.339057289
12.63	0.3250225081
12.64	0.3109120601
12.65	0.2967333276
12.66	0.2824936825
12.67	0.2682004823
12.68	0.2538610672
12.69	0.2394827558
12.7	0.2250728423
12.71	0.2106385927
12.72	0.1961872413
12.73	0.1817259878
12.74	0.1672619937
12.75	0.1528023786
12.76	0.1383542179
12.77	0.1239245387
12.78	0.1095203171
12.79	0.09514847493
12.8	0.08081587673
12.81	0.06652932671
12.82	0.05229556576
12.83	0.03812126851
12.84	0.02401304047
12.85	0.009977415175
12.86	-0.003979148566
12.87	-0.01785026942
12.88	-0.03162964618
12.89	-0.04531106041
12.9	-0.05888837896
12.91	-0.07235555649
12.92	-0.08570663795
12.93	-0.0989357609
12.94	-0.1120371579
12.95	-0.1250051586
12.96	-0.1378341923
12.97	-0.1505187898
12.98	-0.1630535854
12.99	-0.1754333192
13	-0.1876528391
13.01	-0.199707102
13.02	-0.2115911767
13.03	-0.2233002447
13.04	-0.2348296024
13.05	-0.2461746626
13.06	-0.257330956
13.07	-0.2682941328
13.08	-0.2790599641
13.09	-0.2896243431
13.1	-0.2999832866
13.11	-0.3101329361
13.12	-0.3200695588
13.13	-0.3297895492
13.14	-0.3392894295
13.15	-0.3485658508
13.16	-0.3576155941
13.17	-0.3664355709
13.18	-0.3750228242
13.19	-0.3833745285
13.2	-0.3914879915
13.21	-0.3993606537
13.22	-0.406990089
13.23	-0.4143740056
13.24	-0.4215102459
13.25	-0.4283967866
13.26	-0.4350317395
13.27	-0.4414133509
13.28	-0.4475400024
13.29	-0.4534102102
13.3	-0.4590226253
13.31	-0.4643760337
13.32	-0.4694693554
13.33	-0.474301645
13.34	-0.4788720908
13.35	-0.4831800144
13.36	-0.4872248706
13.37	-0.4910062467
13.38	-0.4945238616
13.39	-0.4977775656
13.4	-0.5007673396
13.41	-0.503493294
13.42	-0.5059556682
13.43	-0.5081548297
13.44	-0.510091273
13.45	-0.5117656186
13.46	-0.5131786122
13.47	-0.5143311232
13.48	-0.5152241438
13.49	-0.5158587877
13.5	-0.5162362889
13.51	-0.5163580002
13.52	-0.5162253919
13.53	-0.5158400506
13.54	-0.5152036773
13.55	-0.5143180863
13.56	-0.5131852033
13.57	-0.511807064
13.58	-0.5101858123
13.59	-0.5083236989
13.6	-0.5062230789
13.61	-0.503886411
13.62	-0.5013162546
13.63	-0.4985152687
13.64	-0.4954862098
13.65	-0.4922319299
13.66	-0.4887553744
13.67	-0.4850595805
13.68	-0.4811476746
13.69	-0.4770228707
13.7	-0.4726884682
13.71	-0.4681478496
13.72	-0.4634044784
13.73	-0.4584618971
13.74	-0.4533237247
13.75	-0.4479936547
13.76	-0.4424754527
13.77	-0.4367729542
13.78	-0.4308900623
13.79	-0.4248307452
13.8	-0.4185990342
13.81	-0.4121990209
13.82	-0.4056348555
13.83	-0.3989107435
13.84	-0.3920309441
13.85	-0.3849997674
13.86	-0.3778215721
13.87	-0.3705007629
13.88	-0.3630417884
13.89	-0.3554491383
13.9	-0.3477273411
13.91	-0.3398809616
13.92	-0.3319145986
13.93	-0.3238328823
13.94	-0.3156404717
13.95	-0.3073420525
13.96	-0.2989423342
13.97	-0.2904460481
13.98	-0.2818579445
13.99	-0.2731827904
14	-0.2644253671
14.01	-0.2555904676
14.02	-0.2466828944
14.03	-0.2377074567
14.04	-0.2286689686
14.05	-0.2195722462
14.06	-0.2104221053
14.07	-0.2012233593
14.08	-0.1919808167
14.09	-0.1826992785
14.1	-0.1733835363
14.11	-0.1640383699
14.12	-0.1546685448
14.13	-0.1452788102
14.14	-0.1358738966
14.15	-0.1264585138
14.16	-0.1170373484
14.17	-0.1076150619
14.18	-0.0981962884
14.19	-0.08878563262
14.2	-0.07938766772
14.21	-0.07000693326
14.22	-0.0606479332
14.23	-0.05131513386
14.24	-0.04201296201
14.25	-0.03274580287
14.26	-0.02351799823
14.27	-0.01433384459
14.28	-0.005197591315
14.29	0.003886561182
14.3	0.0129144632
14.31	0.02188201749
14.32	0.03078518095
14.33	0.03961996628
14.34	0.04838244363
14.35	0.05706874215
14.36	0.06567505158
14.37	0.07419762371
14.38	0.0826327739
14.39	0.09097688247
14.4	0.09922639612
14.41	0.1073778293
14.42	0.1154277653
14.43	0.123372858
14.44	0.1312098325
14.45	0.1389354867
14.46	0.1465466925
14.47	0.1540403963
14.48	0.1614136209
14.49	0.1686634659
14.5	0.1757871088
14.51	0.182781806
14.52	0.1896448937
14.53	0.1963737886
14.54	0.2029659888
14.55	0.2094190744
14.56	0.2157307085
14.57	0.2218986375
14.58	0.2279206918
14.59	0.2337947865
14.6	0.239518922
14.61	0.2450911839
14.62	0.2505097444
14.63	0.2557728615
14.64	0.2608788805
14.65	0.2658262334
14.66	0.2706134397
14.67	0.2752391062
14.68	0.2797019276
14.69	0.2840006863
14.7	0.2881342525
14.71	0.2921015844
14.72	0.2959017278
14.73	0.2995338168
14.74	0.3029970727
14.75	0.3062908047
14.76	0.3094144094
14.77	0.3123673702
14.78	0.3151492579
14.79	0.3177597295
14.8	0.3201985285
14.81	0.3224654839
14.82	0.3245605105
14.83	0.3264836079
14.84	0.3282348601
14.85	0.3298144349
14.86	0.3312225837
14.87	0.3324596403
14.88	0.3335260207
14.89	0.3344222222
14.9	0.3351488225
14.91	0.3357064795
14.92	0.33609593
14.93	0.3363179887
14.94	0.3363735481
14.95	0.3362635768
14.96	0.3359891192
14.97	0.3355512938
14.98	0.3349512931
14.99	0.3341903818
15	0.3332698961
15.01	0.3321912429
15.02	0.3309558979
15.03	0.3295654051
15.04	0.3280213757
15.05	0.3263254862
15.06	0.3244794782
15.07	0.322485156
15.08	0.3203443865
15.09	0.3180590971
15.1	0.3156312745
15.11	0.3130629639
15.12	0.3103562668
15.13	0.3075133406
15.14	0.3045363962
15.15	0.3014276975
15.16	0.2981895592
15.17	0.2948243461
15.18	0.291334471
15.19	0.2877223935
15.2	0.2839906187
15.21	0.2801416953
15.22	0.2761782143
15.23	0.2721028076
15.24	0.2679181461
15.25	0.2636269388
15.26	0.2592319302
15.27	0.2547358999
15.28	0.2501416603
15.29	0.2454520551
15.3	0.240669958
15.31	0.2357982708
15.32	0.230839922
15.33	0.2257978651
15.34	0.2206750772
15.35	0.215474557
15.36	0.2101993235
15.37	0.2048524146
15.38	0.1994368848
15.39	0.1939558044
15.4	0.1884122573
15.41	0.1828093396
15.42	0.1771501584
15.43	0.1714378293
15.44	0.1656754758
15.45	0.1598662271
15.46	0.1540132168
15.47	0.1481195811
15.48	0.1421884575
15.49	0.1362229831
15.5	0.1302262932
15.51	0.1242015195
15.52	0.1181517889
15.53	0.1120802219
15.54	0.1059899308
15.55	0.09988401883
15.56	0.093765578
15.57	0.08763768817
15.58	0.08150341537
15.59	0.07536581041
15.6	0.0692279075
15.61	0.06309272284
15.62	0.05696325326
15.63	0.05084247484
15.64	0.04473334161
15.65	0.03863878419
15.66	0.03256170853
15.67	0.02650499459
15.68	0.02047149511
15.69	0.01446403438
15.7	0.008485406976
15.71	0.002538376623
15.72	-0.003374325018
15.73	-0.009249999481
15.74	-0.01508598263
15.75	-0.02087964576
15.76	-0.02662839666
15.77	-0.03232968071
15.78	-0.03798098187
15.79	-0.04357982368
15.8	-0.0491237703
15.81	-0.05461042738
15.82	-0.06003744304
15.83	-0.06540250878
15.84	-0.07070336031
15.85	-0.07593777844
15.86	-0.08110358987
15.87	-0.08619866798
15.88	-0.09122093365
15.89	-0.09616835593
15.9	-0.1010389528
15.91	-0.1058307917
15.92	-0.1105419906
15.93	-0.115170718
15.94	-0.119715194
15.95	-0.1241736908
15.96	-0.1285445332
15.97	-0.1328260987
15.98	-0.1370168188
15.99	-0.1411151788
16	-0.1451197184
16.01	-0.1490290321
16.02	-0.1528417697
16.03	-0.1565566364
16.04	-0.1601723932
16.05	-0.1636878572
16.06	-0.167101902
16.07	-0.1704134575
16.08	-0.1736215105
16.09	-0.1767251045
16.1	-0.1797233403
16.11	-0.1826153756
16.12	-0.1854004253
16.13	-0.1880777618
16.14	-0.1906467144
16.15	-0.1931066699
16.16	-0.1954570722
16.17	-0.1976974222
16.18	-0.1998272781
16.19	-0.2018462549
16.2	-0.2037540242
16.21	-0.2055503144
16.22	-0.2072349102
16.23	-0.2088076524
16.24	-0.2102684376
16.25	-0.2116172183
16.26	-0.2128540021
16.27	-0.2139788514
16.28	-0.2149918835
16.29	-0.2158932697
16.3	-0.2166832353
16.31	-0.2173620588
16.32	-0.2179300716
16.33	-0.2183876577
16.34	-0.2187352529
16.35	-0.2189733445
16.36	-0.2191024706
16.37	-0.2191232196
16.38	-0.2190362297
16.39	-0.2188421881
16.4	-0.2185418304
16.41	-0.2181359402
16.42	-0.217625348
16.43	-0.2170109311
16.44	-0.2162936121
16.45	-0.2154743591
16.46	-0.214554184
16.47	-0.2135341425
16.48	-0.212415333
16.49	-0.2111988958
16.5	-0.2098860123
16.51	-0.2084779043
16.52	-0.2069758328
16.53	-0.2053810977
16.54	-0.2036950366
16.55	-0.2019190237
16.56	-0.2000544694
16.57	-0.198102819
16.58	-0.1960655522
16.59	-0.1939441815
16.6	-0.1917402519
16.61	-0.1894553396
16.62	-0.1870910513
16.63	-0.184649023
16.64	-0.1821309189
16.65	-0.1795384309
16.66	-0.1768732771
16.67	-0.1741372012
16.68	-0.1713319711
16.69	-0.1684593781
16.7	-0.1655212361
16.71	-0.1625193801
16.72	-0.1594556655
16.73	-0.156331967
16.74	-0.1531501776
16.75	-0.1499122072
16.76	-0.1466199823
16.77	-0.1432754443
16.78	-0.1398805486
16.79	-0.1364372637
16.8	-0.1329475703
16.81	-0.1294134597
16.82	-0.1258369333
16.83	-0.1222200013
16.84	-0.1185646818
16.85	-0.1148729997
16.86	-0.1111469853
16.87	-0.1073886741
16.88	-0.103600105
16.89	-0.09978331965
16.9	-0.09594036128
16.91	-0.09207327383
16.92	-0.08818410082
16.93	-0.08427488439
16.94	-0.08034766432
16.95	-0.07640447704
16.96	-0.07244735462
16.97	-0.06847832383
16.98	-0.06449940514
16.99	-0.06051261183
17	-0.05651994897
17.01	-0.05252341254
17.02	-0.04852498847
17.03	-0.04452665174
17.04	-0.04053036547
17.05	-0.03653808003
17.06	-0.03255173217
17.07	-0.02857324412
17.08	-0.02460452277
17.09	-0.02064745878
17.1	-0.0167039258
17.11	-0.01277577963
17.12	-0.008864857378
17.13	-0.004972976736
17.14	-0.001101935158
17.15	0.002746490888
17.16	0.006570546667
17.17	0.01036849991
17.18	0.01413864153
17.19	0.01787928631
17.2	0.02158877363
17.21	0.02526546808
17.22	0.02890776015
17.23	0.03251406684
17.24	0.03608283232
17.25	0.03961252847
17.26	0.04310165552
17.27	0.04654874259
17.28	0.04995234825
17.29	0.05331106104
17.3	0.0566235
17.31	0.05988831515
17.32	0.06310418797
17.33	0.06626983188
17.34	0.06938399264
17.35	0.07244544883
17.36	0.07545301218
17.37	0.07840552804
17.38	0.08130187566
17.39	0.0841409686
17.4	0.08692175506
17.41	0.08964321812
17.42	0.09230437611
17.43	0.09490428284
17.44	0.09744202786
17.45	0.0999167367
17.46	0.1023275711
17.47	0.1046737291
17.48	0.1069544454
17.49	0.1091689914
17.5	0.1113166753
17.51	0.1133968424
17.52	0.1154088748
17.53	0.1173521921
17.54	0.1192262509
17.55	0.1210305452
17.56	0.1227646061
17.57	0.1244280022
17.58	0.1260203393
17.59	0.1275412604
17.6	0.1289904458
17.61	0.1303676129
17.62	0.1316725162
17.63	0.1329049471
17.64	0.1340647338
17.65	0.1351517414
17.66	0.1361658713
17.67	0.1371070615
17.68	0.1379752861
17.69	0.138770555
17.7	0.1394929143
17.71	0.1401424453
17.72	0.1407192646
17.73	0.1412235239
17.74	0.1416554096
17.75	0.1420151426
17.76	0.1423029779
17.77	0.1425192041
17.78	0.1426641434
17.79	0.1427381511
17.8	0.1427416151
17.81	0.1426749558
17.82	0.1425386254
17.83	0.1423331075
17.84	0.1420589171
17.85	0.1417165995
17.86	0.1413067305
17.87	0.1408299154
17.88	0.1402867888
17.89	0.1396780142
17.9	0.1390042833
17.91	0.1382663155
17.92	0.1374648575
17.93	0.1366006827
17.94	0.1356745908
17.95	0.1346874068
17.96	0.1336399811
17.97	0.1325331885
17.98	0.1313679276
17.99	0.1301451206
18	0.1288657121
18.01	0.1275306691
18.02	0.1261409801
18.03	0.1246976545
18.04	0.123201722
18.05	0.1216542318
18.06	0.1200562526
18.07	0.118408871
18.08	0.1167131916
18.09	0.1149703363
18.1	0.113181443
18.11	0.1113476657
18.12	0.1094701737
18.13	0.1075501503
18.14	0.105588793
18.15	0.1035873124
18.16	0.1015469313
18.17	0.09946888456
18.18	0.09735441807
18.19	0.09520478813
18.2	0.09302126079
18.21	0.0908051112
18.22	0.0885576229
18.23	0.08628008712
18.24	0.08397380215
18.25	0.08164007262
18.26	0.07928020883
18.27	0.07689552608
18.28	0.074487344
18.29	0.07205698586
18.3	0.0696057779
18.31	0.06713504867
18.32	0.06464612837
18.33	0.06214034816
18.34	0.05961903952
18.35	0.0570835336
18.36	0.05453516056
18.37	0.05197524891
18.38	0.04940512489
18.39	0.04682611181
18.4	0.04423952945
18.41	0.0416466934
18.42	0.03904891445
18.43	0.03644749798
18.44	0.03384374333
18.45	0.03123894326
18.46	0.02863438326
18.47	0.02603134103
18.48	0.02343108591
18.49	0.02083487823
18.5	0.01824396883
18.51	0.01565959844
18.52	0.01308299718
18.53	0.01051538397
18.54	0.007957966051
18.55	0.005411938416
18.56	0.002878483322
18.57	0.00035876978
18.58	-0.002146046943
18.59	-0.004634825804
18.6	-0.007106440466
18.61	-0.009559779757
18.62	-0.01199374813
18.63	-0.01440726609
18.64	-0.01679927068
18.65	-0.01916871582
18.66	-0.0215145728
18.67	-0.02383583064
18.68	-0.02613149649
18.69	-0.02840059599
18.7	-0.03064217368
18.71	-0.03285529333
18.72	-0.03503903827
18.73	-0.03719251175
18.74	-0.03931483725
18.75	-0.0414051588
18.76	-0.04346264125
18.77	-0.04548647058
18.78	-0.04747585419
18.79	-0.04943002109
18.8	-0.05134822225
18.81	-0.05322973075
18.82	-0.05507384204
18.83	-0.05687987417
18.84	-0.05864716797
18.85	-0.06037508721
18.86	-0.06206301883
18.87	-0.06371037306
18.88	-0.06531658361
18.89	-0.06688110776
18.9	-0.06840342651
18.91	-0.06988304471
18.92	-0.07131949113
18.93	-0.07271231857
18.94	-0.0740611039
18.95	-0.0753654482
18.96	-0.07662497671
18.97	-0.07783933896
18.98	-0.07900820874
18.99	-0.08013128413
19	-0.08120828753
19.01	-0.0822389656
19.02	-0.08322308928
19.03	-0.08416045374
19.04	-0.08505087834
19.05	-0.08589420658
19.06	-0.08669030602
19.07	-0.0874390682
19.08	-0.08814040858
19.09	-0.08879426638
19.1	-0.08940060453
19.11	-0.08995940952
19.12	-0.09047069125
19.13	-0.09093448291
19.14	-0.09135084081
19.15	-0.09171984422
19.16	-0.09204159519
19.17	-0.09231621838
19.18	-0.09254386083
19.19	-0.09272469179
19.2	-0.09285890246
19.21	-0.09294670583
19.22	-0.09298833639
19.23	-0.09298404988
19.24	-0.09293412311
19.25	-0.0928388536
19.26	-0.09269855939
19.27	-0.09251357872
19.28	-0.09228426975
19.29	-0.09201101027
19.3	-0.0916941974
19.31	-0.09133424727
19.32	-0.09093159471
19.33	-0.0904866929
19.34	-0.09000001309
19.35	-0.0894720442
19.36	-0.08890329253
19.37	-0.08829428136
19.38	-0.08764555062
19.39	-0.08695765652
19.4	-0.08623117116
19.41	-0.0854666822
19.42	-0.08466479242
19.43	-0.08382611937
19.44	-0.08295129498
19.45	-0.08204096515
19.46	-0.08109578935
19.47	-0.08011644022
19.48	-0.07910360316
19.49	-0.07805797592
19.5	-0.07698026817
19.51	-0.07587120109
19.52	-0.07473150697
19.53	-0.07356192873
19.54	-0.07236321954
19.55	-0.07113614237
19.56	-0.06988146956
19.57	-0.06859998236
19.58	-0.06729247054
19.59	-0.06595973193
19.6	-0.06460257195
19.61	-0.06322180323
19.62	-0.0618182451
19.63	-0.06039272321
19.64	-0.05894606903
19.65	-0.05747911945
19.66	-0.05599271633
19.67	-0.05448770603
19.68	-0.052964939
19.69	-0.05142526931
19.7	-0.04986955422
19.71	-0.04829865377
19.72	-0.04671343027
19.73	-0.04511474795
19.74	-0.04350347245
19.75	-0.04188047042
19.76	-0.0402466091
19.77	-0.03860275586
19.78	-0.03694977779
19.79	-0.03528854129
19.8	-0.03361991161
19.81	-0.03194475247
19.82	-0.03026392562
19.83	-0.02857829046
19.84	-0.02688870359
19.85	-0.02519601842
19.86	-0.0235010848
19.87	-0.02180474859
19.88	-0.02010785126
19.89	-0.01841122956
19.9	-0.01671571507
19.91	-0.01502213386
19.92	-0.01333130611
19.93	-0.01164404575
19.94	-0.009961160056
19.95	-0.008283449369
19.96	-0.006611706676
19.97	-0.004946717296
19.98	-0.003289258532
19.99	-0.001640099341
20	-1.274950286e-16
20.01	0.001630288207
20.02	0.003250023312
20.03	0.004858472966
20.04	0.006454914745
20.05	0.008038636442
20.06	0.00960893636
20.07	0.01116512359
20.08	0.01270651828
20.09	0.01423245193
20.1	0.01574226761
20.11	0.01723532024
20.12	0.01871097685
20.13	0.02016861677
20.14	0.02160763192
20.15	0.02302742698
20.16	0.02442741965
20.17	0.02580704082
20.18	0.02716573482
20.19	0.02850295954
20.2	0.02981818668
20.21	0.03111090192
20.22	0.03238060504
20.23	0.03362681012
20.24	0.03484904572
20.25	0.03604685495
20.26	0.03721979567
20.27	0.03836744059
20.28	0.03948937741
20.29	0.04058520892
20.3	0.0416545531
20.31	0.04269704322
20.32	0.04371232795
20.33	0.0447000714
20.34	0.04565995323
20.35	0.0465916687
20.36	0.04749492872
20.37	0.04836945991
20.38	0.04921500463
20.39	0.05003132101
20.4	0.050818183
20.41	0.05157538034
20.42	0.05230271864
20.43	0.05300001929
20.44	0.05366711953
20.45	0.05430387239
20.46	0.0549101467
20.47	0.05548582703
20.48	0.05603081366
20.49	0.05654502255
20.5	0.05702838529
20.51	0.05748084901
20.52	0.05790237633
20.53	0.0582929453
20.54	0.0586525493
20.55	0.05898119696
20.56	0.05927891205
20.57	0.0595457334
20.58	0.05978171478
20.59	0.05998692478
20.6	0.06016144669
20.61	0.06030537838
20.62	0.06041883216
20.63	0.06050193462
20.64	0.06055482652
20.65	0.0605776626
20.66	0.06057061144
20.67	0.06053385529
20.68	0.0604675899
20.69	0.06037202433
20.7	0.0602473808
20.71	0.06009389446
20.72	0.05991181324
20.73	0.05970139761
20.74	0.05946292041
20.75	0.05919666662
20.76	0.05890293316
20.77	0.05858202868
20.78	0.05823427332
20.79	0.05785999848
20.8	0.05745954663
20.81	0.05703327101
20.82	0.05658153546
20.83	0.05610471413
20.84	0.05560319127
20.85	0.05507736094
20.86	0.0545276268
20.87	0.05395440182
20.88	0.05335810805
20.89	0.05273917633
20.9	0.05209804605
20.91	0.05143516488
20.92	0.05075098847
20.93	0.05004598023
20.94	0.04932061101
20.95	0.04857535886
20.96	0.04781070872
20.97	0.04702715216
20.98	0.04622518709
20.99	0.0454053175
21	0.04456805314
21.01	0.04371390927
21.02	0.04284340633
21.03	0.0419570697
21.04	0.0410554294
21.05	0.04013901979
21.06	0.03920837927
21.07	0.03826405004
21.08	0.03730657774
21.09	0.03633651124
21.1	0.03535440228
21.11	0.03436080523
21.12	0.0333562768
21.13	0.0323413757
21.14	0.03131666242
21.15	0.03028269891
21.16	0.02924004831
21.17	0.02818927463
21.18	0.02713094253
21.19	0.02606561698
21.2	0.02499386302
21.21	0.02391624545
21.22	0.02283332859
21.23	0.02174567597
21.24	0.02065385009
21.25	0.01955841213
21.26	0.01845992167
21.27	0.01735893647
21.28	0.01625601215
21.29	0.01515170199
21.3	0.01404655662
21.31	0.01294112378
21.32	0.01183594809
21.33	0.01073157078
21.34	0.009628529462
21.35	0.008527357852
21.36	0.007428585572
21.37	0.006332737893
21.38	0.005240335509
21.39	0.004151894304
21.4	0.003067925134
21.41	0.0019889336
21.42	0.0009154198362
21.43	-0.0001521217066
21.44	-0.001213202468
21.45	-0.002267339984
21.46	-0.003314058085
21.47	-0.004352887095
21.48	-0.005383364022
21.49	-0.006405032746
21.5	-0.007417444199
21.51	-0.008420156547
21.52	-0.009412735365
21.53	-0.0103947538
21.54	-0.01136579274
21.55	-0.01232544097
21.56	-0.01327329534
21.57	-0.01420896088
21.58	-0.015132051
21.59	-0.01604218757
21.6	-0.01693900111
21.61	-0.01782213086
21.62	-0.01869122498
21.63	-0.0195459406
21.64	-0.02038594395
21.65	-0.02121091053
21.66	-0.02202052511
21.67	-0.02281448193
21.68	-0.02359248472
21.69	-0.02435424684
21.7	-0.02509949132
21.71	-0.02582795097
21.72	-0.02653936843
21.73	-0.02723349628
21.74	-0.02791009703
21.75	-0.02856894325
21.76	-0.02920981757
21.77	-0.02983251277
21.78	-0.03043683177
21.79	-0.0310225877
21.8	-0.03158960395
21.81	-0.03213771414
21.82	-0.03266676219
21.83	-0.03317660229
21.84	-0.03366709897
21.85	-0.03413812704
21.86	-0.03458957164
21.87	-0.0350213282
21.88	-0.03543330246
21.89	-0.03582541043
21.9	-0.03619757838
21.91	-0.03654974281
21.92	-0.03688185043
21.93	-0.03719385813
21.94	-0.03748573289
21.95	-0.03775745183
21.96	-0.03800900206
21.97	-0.03824038069
21.98	-0.03845159477
21.99	-0.03864266117
22	-0.0388136066
22.01	-0.03896446746
22.02	-0.03909528981
22.03	-0.03920612926
22.04	-0.03929705093
22.05	-0.03936812931
22.06	-0.0394194482
22.07	-0.03945110059
22.08	-0.03946318858
22.09	-0.03945582328
22.1	-0.03942912467
22.11	-0.03938322151
22.12	-0.03931825123
22.13	-0.0392343598
22.14	-0.03913170161
22.15	-0.03901043933
22.16	-0.03887074382
22.17	-0.03871279394
22.18	-0.03853677647
22.19	-0.03834288593
22.2	-0.03813132446
22.21	-0.03790230167
22.22	-0.03765603449
22.23	-0.03739274703
22.24	-0.0371126704
22.25	-0.0368160426
22.26	-0.03650310829
22.27	-0.03617411873
22.28	-0.03582933152
22.29	-0.0354690105
22.3	-0.03509342554
22.31	-0.03470285243
22.32	-0.03429757262
22.33	-0.03387787314
22.34	-0.03344404636
22.35	-0.03299638987
22.36	-0.03253520622
22.37	-0.03206080285
22.38	-0.03157349182
22.39	-0.03107358966
22.4	-0.03056141722
22.41	-0.03003729942
22.42	-0.02950156512
22.43	-0.02895454693
22.44	-0.028396581
22.45	-0.02782800683
22.46	-0.02724916712
22.47	-0.02666040757
22.48	-0.02606207665
22.49	-0.02545452549
22.5	-0.02483810759
22.51	-0.02421317876
22.52	-0.0235800968
22.53	-0.0229392214
22.54	-0.02229091394
22.55	-0.02163553726
22.56	-0.02097345552
22.57	-0.02030503398
22.58	-0.01963063885
22.59	-0.01895063706
22.6	-0.01826539611
22.61	-0.01757528388
22.62	-0.01688066843
22.63	-0.01618191783
22.64	-0.01547939999
22.65	-0.01477348247
22.66	-0.01406453228
22.67	-0.01335291575
22.68	-0.01263899831
22.69	-0.01192314434
22.7	-0.01120571699
22.71	-0.01048707801
22.72	-0.009767587596
22.73	-0.009047604181
22.74	-0.008327484314
22.75	-0.007607582472
22.76	-0.006888250907
22.77	-0.006169839482
22.78	-0.005452695515
22.79	-0.004737163626
22.8	-0.00402358558
22.81	-0.003312300137
22.82	-0.002603642908
22.83	-0.001897946201
22.84	-0.001195538887
22.85	-0.0004967462514
22.86	0.0001981101417
22.87	0.000888712584
22.88	0.001574747357
22.89	0.002255904862
22.9	0.002931879749
22.91	0.003602371038
22.92	0.004267082243
22.93	0.004925721492
22.94	0.005578001638
22.95	0.006223640378
22.96	0.006862360356
22.97	0.007493889277
22.98	0.008117960003
22.99	0.008734310659
23	0.009342684728
23.01	0.009942831143
23.02	0.01053450438
23.03	0.01111746455
23.04	0.01169147747
23.05	0.01225631476
23.06	0.0128117539
23.07	0.01335757833
23.08	0.01389357751
23.09	0.01441954697
23.1	0.0149352884
23.11	0.01544060969
23.12	0.01593532501
23.13	0.01641925483
23.14	0.01689222602
23.15	0.01735407184
23.16	0.01780463203
23.17	0.01824375282
23.18	0.01867128699
23.19	0.01908709386
23.2	0.0194910394
23.21	0.01988299617
23.22	0.02026284339
23.23	0.02063046695
23.24	0.02098575943
23.25	0.0213286201
23.26	0.02165895495
23.27	0.02197667668
23.28	0.0222817047
23.29	0.02257396513
23.3	0.02285339083
23.31	0.02311992134
23.32	0.02337350289
23.33	0.02361408843
23.34	0.02384163752
23.35	0.02405611641
23.36	0.02425749794
23.37	0.02444576157
23.38	0.02462089331
23.39	0.02478288569
23.4	0.02493173777
23.41	0.02506745505
23.42	0.02519004944
23.43	0.02529953925
23.44	0.02539594908
23.45	0.02547930984
23.46	0.02554965865
23.47	0.02560703879
23.48	0.02565149967
23.49	0.02568309673
23.5	0.02570189141
23.51	0.02570795106
23.52	0.02570134888
23.53	0.02568216387
23.54	0.02565048071
23.55	0.02560638972
23.56	0.0255499868
23.57	0.02548137328
23.58	0.02540065592
23.59	0.02530794675
23.6	0.02520336304
23.61	0.02508702719
23.62	0.02495906664
23.63	0.02481961377
23.64	0.0246688058
23.65	0.02450678475
23.66	0.02433369724
23.67	0.0241496945
23.68	0.02395493217
23.69	0.02374957028
23.7	0.02353377308
23.71	0.02330770899
23.72	0.02307155045
23.73	0.02282547382
23.74	0.02256965928
23.75	0.02230429072
23.76	0.02202955562
23.77	0.02174564493
23.78	0.02145275299
23.79	0.02115107736
23.8	0.02084081873
23.81	0.02052218084
23.82	0.02019537028
23.83	0.01986059646
23.84	0.01951807142
23.85	0.01916800974
23.86	0.01881062844
23.87	0.01844614682
23.88	0.01807478634
23.89	0.01769677055
23.9	0.0173123249
23.91	0.01692167667
23.92	0.01652505481
23.93	0.01612268985
23.94	0.01571481374
23.95	0.01530165978
23.96	0.01488346243
23.97	0.01446045725
23.98	0.01403288075
23.99	0.01360097026
24	0.01316496383
24.01	0.01272510009
24.02	0.01228161813
24.03	0.0118347574
24.04	0.01138475757
24.05	0.01093185843
24.06	0.01047629974
24.07	0.01001832115
24.08	0.009558162045
24.09	0.009096061468
24.1	0.008632257976
24.11	0.008166989536
24.12	0.007700493413
24.13	0.007233006055
24.14	0.00676476298
24.15	0.006295998672
24.16	0.005826946466
24.17	0.005357838444
24.18	0.004888905324
24.19	0.004420376361
24.2	0.00395247924
24.21	0.003485439972
24.22	0.003019482796
24.23	0.002554830078
24.24	0.002091702212
24.25	0.001630317526
24.26	0.001170892186
24.27	0.0007136401005
24.28	0.0002587728341
24.29	-0.0001935004873
24.3	-0.0006429732623
24.31	-0.001089441501
24.32	-0.001532703909
24.33	-0.00197256197
24.34	-0.002408820029
24.35	-0.002841285367
24.36	-0.003269768283
24.37	-0.003694082164
24.38	-0.004114043563
24.39	-0.004529472267
24.4	-0.004940191368
24.41	-0.005346027327
24.42	-0.005746810043
24.43	-0.006142372915
24.44	-0.0065325529
24.45	-0.006917190577
24.46	-0.007296130197
24.47	-0.007669219743
24.48	-0.008036310981
24.49	-0.008397259509
24.5	-0.008751924804
24.51	-0.009100170273
24.52	-0.009441863289
24.53	-0.009776875239
24.54	-0.01010508156
24.55	-0.01042636178
24.56	-0.01074059953
24.57	-0.01104768263
24.58	-0.01134750306
24.59	-0.01163995702
24.6	-0.01192494494
24.61	-0.01220237153
24.62	-0.01247214577
24.63	-0.01273418094
24.64	-0.01298839466
24.65	-0.01323470886
24.66	-0.01347304982
24.67	-0.0137033482
24.68	-0.01392553899
24.69	-0.01413956159
24.7	-0.01434535973
24.71	-0.01454288155
24.72	-0.01473207955
24.73	-0.01491291061
24.74	-0.01508533597
24.75	-0.01524932124
24.76	-0.01540483635
24.77	-0.01555185562
24.78	-0.01569035765
24.79	-0.01582032538
24.8	-0.01594174603
24.81	-0.01605461109
24.82	-0.01615891633
24.83	-0.01625466171
24.84	-0.01634185142
24.85	-0.01642049382
24.86	-0.01649060142
24.87	-0.01655219084
24.88	-0.0166052828
24.89	-0.01664990204
24.9	-0.01668607734
24.91	-0.01671384145
24.92	-0.01673323104
24.93	-0.0167442867
24.94	-0.01674705284
24.95	-0.01674157769
24.96	-0.01672791325
24.97	-0.01670611521
24.98	-0.01667624293
24.99	-0.01663835938
25	-0.0165925311
25.01	-0.01653882812
25.02	-0.01647732391
25.03	-0.01640809536
25.04	-0.01633122266
25.05	-0.01624678929
25.06	-0.01615488196
25.07	-0.01605559051
25.08	-0.01594900787
25.09	-0.01583523001
25.1	-0.01571435584
25.11	-0.01558648719
25.12	-0.01545172868
25.13	-0.01531018771
25.14	-0.01516197438
25.15	-0.01500720138
25.16	-0.01484598397
25.17	-0.01467843988
25.18	-0.01450468922
25.19	-0.01432485448
25.2	-0.01413906035
25.21	-0.01394743373
25.22	-0.01375010364
25.23	-0.01354720108
25.24	-0.01333885906
25.25	-0.01312521242
25.26	-0.01290639783
25.27	-0.01268255367
25.28	-0.01245381994
25.29	-0.01222033825
25.3	-0.01198225165
25.31	-0.01173970463
25.32	-0.01149284298
25.33	-0.01124181375
25.34	-0.01098676515
25.35	-0.0107278465
25.36	-0.01046520809
25.37	-0.01019900117
25.38	-0.009929377819
25.39	-0.009656490893
25.4	-0.009380493934
25.41	-0.009101541091
25.42	-0.008819787046
25.43	-0.008535386929
25.44	-0.008248496242
25.45	-0.00795927078
25.46	-0.007667866554
25.47	-0.00737443971
25.48	-0.007079146453
25.49	-0.006782142972
25.5	-0.006483585361
25.51	-0.006183629542
25.52	-0.005882431193
25.53	-0.00558014567
25.54	-0.005276927933
25.55	-0.004972932474
25.56	-0.004668313243
25.57	-0.004363223573
25.58	-0.004057816113
25.59	-0.003752242755
25.6	-0.003446654564
25.61	-0.003141201705
25.62	-0.002836033384
25.63	-0.002531297771
25.64	-0.002227141937
25.65	-0.00192371179
25.66	-0.001621152009
25.67	-0.001319605978
25.68	-0.001019215727
25.69	-0.0007201218684
25.7	-0.0004224635372
25.71	-0.0001263783305
25.72	0.0001679977503
25.73	0.0004605303565
25.74	0.0007510868485
25.75	0.001039536351
25.76	0.001325749805
25.77	0.001609600024
25.78	0.001890961741
25.79	0.002169711661
25.8	0.00244572851
25.81	0.002718893081
25.82	0.002989088281
25.83	0.003256199176
25.84	0.003520113034
25.85	0.003780719367
25.86	0.004037909974
25.87	0.004291578976
25.88	0.00454162286
25.89	0.004787940511
25.9	0.005030433249
25.91	0.005269004863
25.92	0.005503561642
25.93	0.005734012409
25.94	0.005960268549
25.95	0.006182244035
25.96	0.00639985546
25.97	0.006613022057
25.98	0.006821665726
25.99	0.007025711054
26	0.00722508534
26.01	0.007419718609
26.02	0.007609543636
26.03	0.007794495958
26.04	0.00797451389
26.05	0.00814953854
26.06	0.008319513821
26.07	0.008484386461
26.08	0.008644106012
26.09	0.008798624861
26.1	0.00894789823
26.11	0.009091884189
26.12	0.009230543652
26.13	0.009363840386
26.14	0.009491741006
26.15	0.009614214978
26.16	0.009731234616
26.17	0.009842775077
26.18	0.009948814359
26.19	0.01004933329
26.2	0.01014431553
26.21	0.01023374756
26.22	0.01031761864
26.23	0.01039592086
26.24	0.01046864908
26.25	0.01053580092
26.26	0.01059737675
26.27	0.0106533797
26.28	0.0107038156
26.29	0.01074869298
26.3	0.01078802305
26.31	0.01082181968
26.32	0.01085009937
26.33	0.01087288124
26.34	0.01089018699
26.35	0.01090204087
26.36	0.01090846968
26.37	0.01090950272
26.38	0.01090517174
26.39	0.01089551098
26.4	0.01088055705
26.41	0.01086034897
26.42	0.01083492808
26.43	0.01080433806
26.44	0.01076862485
26.45	0.01072783665
26.46	0.01068202383
26.47	0.01063123895
26.48	0.01057553671
26.49	0.01051497387
26.5	0.01044960925
26.51	0.01037950367
26.52	0.01030471994
26.53	0.01022532275
26.54	0.01014137871
26.55	0.01005295624
26.56	0.009960125544
26.57	0.009862958595
26.58	0.00976152905
26.59	0.009655912222
26.6	0.009546185028
26.61	0.009432425946
26.62	0.009314714964
26.63	0.009193133531
26.64	0.009067764512
26.65	0.008938692135
26.66	0.008806001942
26.67	0.008669780742
26.68	0.008530116558
26.69	0.008387098576
26.7	0.008240817099
26.71	0.00809136349
26.72	0.007938830122
26.73	0.007783310331
26.74	0.007624898361
26.75	0.00746368931
26.76	0.007299779084
26.77	0.007133264339
26.78	0.006964242434
26.79	0.006792811377
26.8	0.006619069771
26.81	0.006443116765
26.82	0.006265052001
26.83	0.006084975562
26.84	0.005902987921
26.85	0.005719189887
26.86	0.005533682557
26.87	0.00534656726
26.88	0.005157945511
26.89	0.004967918957
26.9	0.004776589327
26.91	0.004584058379
26.92	0.004390427856
26.93	0.004195799431
26.94	0.004000274657
26.95	0.003803954922
26.96	0.003606941398
26.97	0.00340933499
26.98	0.003211236293
26.99	0.003012745542
27	0.002813962564
27.01	0.002614986731
27.02	0.002415916919
27.03	0.002216851454
27.04	0.002017888076
27.05	0.001819123889
27.06	0.001620655315
27.07	0.001422578059
27.08	0.001224987057
27.09	0.001027976442
27.1	0.0008316394961
27.11	0.0006360686138
27.12	0.0004413552603
27.13	0.0002475899327
27.14	5.486212103e-05
27.15	-0.0001367397296
27.16	-0.0003271282561
27.17	-0.0005162172138
27.18	-0.0007039215123
27.19	-0.00089015725
27.2	-0.001074841749
27.21	-0.001257893587
27.22	-0.001439232631
27.23	-0.001618780069
27.24	-0.001796458439
27.25	-0.001972191663
27.26	-0.00214590507
27.27	-0.00231752543
27.28	-0.002486980977
27.29	-0.002654201441
27.3	-0.002819118066
27.31	-0.002981663641
27.32	-0.003141772521
27.33	-0.003299380651
27.34	-0.003454425585
27.35	-0.003606846514
27.36	-0.003756584276
27.37	-0.003903581385
27.38	-0.004047782042
27.39	-0.004189132156
27.4	-0.004327579362
27.41	-0.004463073029
27.42	-0.004595564284
27.43	-0.004725006018
27.44	-0.004851352903
27.45	-0.004974561401
27.46	-0.005094589777
27.47	-0.005211398107
27.48	-0.005324948287
27.49	-0.00543520404
27.5	-0.005542130925
27.51	-0.005645696344
27.52	-0.005745869541
27.53	-0.005842621612
27.54	-0.005935925507
27.55	-0.006025756029
27.56	-0.006112089838
27.57	-0.006194905454
27.58	-0.006274183249
27.59	-0.006349905452
27.6	-0.006422056144
27.61	-0.006490621257
27.62	-0.006555588566
27.63	-0.006616947686
27.64	-0.006674690068
27.65	-0.006728808988
27.66	-0.006779299545
27.67	-0.006826158645
27.68	-0.006869385
27.69	-0.006908979111
27.7	-0.006944943261
27.71	-0.006977281503
27.72	-0.007005999645
27.73	-0.007031105238
27.74	-0.007052607564
27.75	-0.007070517616
27.76	-0.007084848089
27.77	-0.007095613356
27.78	-0.00710282946
27.79	-0.007106514086
27.8	-0.007106686551
27.81	-0.00710336778
27.82	-0.007096580287
27.83	-0.007086348156
27.84	-0.007072697018
27.85	-0.00705565403
27.86	-0.007035247853
27.87	-0.007011508626
27.88	-0.006984467946
27.89	-0.006954158845
27.9	-0.006920615757
27.91	-0.006883874504
27.92	-0.00684397226
27.93	-0.006800947531
27.94	-0.006754840126
27.95	-0.006705691131
27.96	-0.006653542877
27.97	-0.006598438917
27.98	-0.006540423995
27.99	-0.006479544016
28	-0.006415846019
28.01	-0.006349378143
28.02	-0.006280189602
28.03	-0.006208330651
28.04	-0.006133852554
28.05	-0.006056807558
28.06	-0.005977248855
28.07	-0.005895230555
28.08	-0.005810807652
28.09	-0.005724035992
28.1	-0.005634972239
28.11	-0.005543673847
28.12	-0.00545019902
28.13	-0.005354606685
28.14	-0.005256956457
28.15	-0.005157308602
28.16	-0.00505572401
28.17	-0.004952264156
28.18	-0.004846991068
28.19	-0.004739967295
28.2	-0.004631255871
28.21	-0.00452092028
28.22	-0.004409024426
28.23	-0.004295632596
28.24	-0.004180809429
28.25	-0.004064619877
28.26	-0.003947129177
28.27	-0.003828402814
28.28	-0.003708506488
28.29	-0.003587506081
28.3	-0.003465467623
28.31	-0.003342457258
28.32	-0.003218541213
28.33	-0.003093785762
28.34	-0.002968257197
28.35	-0.00284202179
28.36	-0.002715145767
28.37	-0.002587695271
28.38	-0.00245973633
28.39	-0.00233133483
28.4	-0.002202556477
28.41	-0.002073466772
28.42	-0.001944130973
28.43	-0.001814614074
28.44	-0.001684980763
28.45	-0.001555295404
28.46	-0.001425621997
28.47	-0.001296024156
28.48	-0.001166565076
28.49	-0.001037307507
28.5	-0.0009083137233
28.51	-0.0007796454982
28.52	-0.0006513640749
28.53	-0.0005235301407
28.54	-0.0003962037998
28.55	-0.0002694445479
28.56	-0.000143311246
28.57	-1.786209557e-05
28.58	0.0001068453858
28.59	0.0002307543892
28.6	0.0003538088374
28.61	0.0004759534084
28.62	0.000597133558
28.63	0.0007172955421
28.64	0.0008363864378
28.65	0.0009543541651
28.66	0.001071147507
28.67	0.00118671613
28.68	0.001301010602
28.69	0.001413982414
28.7	0.001525583996
28.71	0.001635768735
28.72	0.001744490994
28.73	0.001851706125
28.74	0.00195737049
28.75	0.002061441472
28.76	0.002163877491
28.77	0.002264638021
28.78	0.002363683598
28.79	0.00246097584
28.8	0.002556477452
28.81	0.002650152244
28.82	0.002741965139
28.83	0.002831882184
28.84	0.002919870561
28.85	0.003005898595
28.86	0.003089935761
28.87	0.003171952699
28.88	0.003251921214
28.89	0.003329814285
28.9	0.003405606072
28.91	0.003479271925
28.92	0.003550788381
28.93	0.003620133176
28.94	0.003687285243
28.95	0.003752224722
28.96	0.003814932954
28.97	0.00387539249
28.98	0.00393358709
28.99	0.003989501722
29	0.004043122563
29.01	0.004094437003
29.02	0.004143433636
29.03	0.004190102264
29.04	0.004234433895
29.05	0.004276420736
29.06	0.004316056193
29.07	0.004353334867
29.08	0.004388252548
29.09	0.004420806211
29.1	0.00445099401
29.11	0.004478815272
29.12	0.004504270491
29.13	0.004527361318
29.14	0.004548090557
29.15	0.004566462155
29.16	0.004582481193
29.17	0.004596153876
29.18	0.004607487526
29.19	0.004616490569
29.2	0.004623172526
29.21	0.004627543998
29.22	0.004629616661
29.23	0.004629403249
29.24	0.004626917541
29.25	0.004622174351
29.26	0.004615189514
29.27	0.004605979869
29.28	0.004594563247
29.29	0.004580958459
29.3	0.004565185275
29.31	0.004547264413
29.32	0.004527217522
29.33	0.004505067166
29.34	0.004480836805
29.35	0.004454550782
29.36	0.004426234303
29.37	0.004395913423
29.38	0.004363615021
29.39	0.00432936679
29.4	0.004293197214
29.41	0.00425513555
29.42	0.004215211808
29.43	0.004173456736
29.44	0.004129901794
29.45	0.004084579141
29.46	0.004037521609
29.47	0.003988762687
29.48	0.003938336499
29.49	0.003886277784
29.5	0.003832621874
29.51	0.003777404676
29.52	0.003720662647
29.53	0.003662432775
29.54	0.003602752559
29.55	0.003541659984
29.56	0.003479193502
29.57	0.003415392012
29.58	0.003350294831
29.59	0.003283941683
29.6	0.003216372667
29.61	0.00314762824
29.62	0.003077749195
29.63	0.003006776639
29.64	0.002934751969
29.65	0.00286171685
29.66	0.002787713196
29.67	0.002712783146
29.68	0.002636969039
29.69	0.002560313399
29.7	0.002482858906
29.71	0.002404648377
29.72	0.002325724747
29.73	0.002246131041
29.74	0.002165910357
29.75	0.002085105844
29.76	0.002003760679
29.77	0.001921918045
29.78	0.001839621113
29.79	0.001756913018
29.8	0.001673836838
29.81	0.001590435575
29.82	0.001506752134
29.83	0.001422829301
29.84	0.001338709724
29.85	0.001254435892
29.86	0.001170050116
29.87	0.001085594509
29.88	0.001001110966
29.89	0.000916641145
29.9	0.0008322264492
29.91	0.0007479080057
29.92	0.000663726649
29.93	0.0005797229016
29.94	0.0004959369567
29.95	0.00041240866
29.96	0.0003291774923
29.97	0.0002462825522
29.98	0.0001637625394
29.99	8.1655738e-05
30	-3.631785414e-18
