temps	angle
0	0
0.01	0.4697994782
0.02	0.9366179661
0.03	1.400303746
0.04	1.860707144
0.05	2.317680577
0.06	2.771078587
0.07	3.220757887
0.08	3.666577397
0.09	4.108398284
0.1	4.546083995
0.11	4.979500299
0.12	5.408515317
0.13	5.832999556
0.14	6.252825948
0.15	6.667869871
0.16	7.078009189
0.17	7.483124278
0.18	7.883098054
0.19	8.277815999
0.2	8.667166191
0.21	9.051039328
0.22	9.429328747
0.23	9.801930456
0.24	10.16874315
0.25	10.52966822
0.26	10.88460982
0.27	11.2334748
0.28	11.57617282
0.29	11.9126163
0.3	12.24272045
0.31	12.56640329
0.32	12.88358569
0.33	13.19419132
0.34	13.49814672
0.35	13.79538126
0.36	14.0858272
0.37	14.36941965
0.38	14.64609661
0.39	14.91579895
0.4	15.17847045
0.41	15.43405776
0.42	15.68251043
0.43	15.92378089
0.44	16.15782448
0.45	16.38459943
0.46	16.60406685
0.47	16.81619074
0.48	17.020938
0.49	17.21827837
0.5	17.4081845
0.51	17.59063189
0.52	17.76559888
0.53	17.93306667
0.54	18.0930193
0.55	18.24544364
0.56	18.39032935
0.57	18.5276689
0.58	18.65745757
0.59	18.77969336
0.6	18.89437709
0.61	19.00151225
0.62	19.1011051
0.63	19.19316459
0.64	19.27770234
0.65	19.35473264
0.66	19.42427243
0.67	19.48634126
0.68	19.54096127
0.69	19.58815719
0.7	19.62795628
0.71	19.66038834
0.72	19.68548566
0.73	19.703283
0.74	19.71381757
0.75	19.71712898
0.76	19.71325924
0.77	19.70225271
0.78	19.68415609
0.79	19.65901836
0.8	19.62689077
0.81	19.5878268
0.82	19.54188214
0.83	19.48911463
0.84	19.42958425
0.85	19.36335309
0.86	19.29048527
0.87	19.21104697
0.88	19.12510634
0.89	19.0327335
0.9	18.93400048
0.91	18.82898117
0.92	18.71775133
0.93	18.60038851
0.94	18.47697202
0.95	18.3475829
0.96	18.21230388
0.97	18.07121932
0.98	17.92441519
0.99	17.77197904
1	17.6139999
1.01	17.45056833
1.02	17.2817763
1.03	17.10771718
1.04	16.92848569
1.05	16.74417788
1.06	16.55489105
1.07	16.36072374
1.08	16.16177567
1.09	15.95814769
1.1	15.74994175
1.11	15.53726087
1.12	15.32020906
1.13	15.0988913
1.14	14.87341349
1.15	14.64388242
1.16	14.41040569
1.17	14.17309171
1.18	13.93204963
1.19	13.68738929
1.2	13.43922121
1.21	13.1876565
1.22	12.93280685
1.23	12.67478447
1.24	12.41370206
1.25	12.14967274
1.26	11.88281005
1.27	11.61322786
1.28	11.34104034
1.29	11.06636196
1.3	10.78930736
1.31	10.50999139
1.32	10.22852903
1.33	9.945035339
1.34	9.659625446
1.35	9.37241447
1.36	9.083517502
1.37	8.793049557
1.38	8.50112553
1.39	8.207860161
1.4	7.913367988
1.41	7.61776331
1.42	7.321160149
1.43	7.023672204
1.44	6.725412816
1.45	6.42649493
1.46	6.127031053
1.47	5.827133218
1.48	5.526912944
1.49	5.226481201
1.5	4.925948374
1.51	4.62542422
1.52	4.32501784
1.53	4.024837638
1.54	3.724991287
1.55	3.425585697
1.56	3.126726975
1.57	2.828520397
1.58	2.531070372
1.59	2.234480408
1.6	1.938853084
1.61	1.644290014
1.62	1.350891819
1.63	1.058758092
1.64	0.7679873751
1.65	0.4786771228
1.66	0.1909236773
1.67	-0.095177761
1.68	-0.3795331612
1.69	-0.6620496893
1.7	-0.9426357342
1.71	-1.221200934
1.72	-1.497656202
1.73	-1.77191375
1.74	-2.043887113
1.75	-2.313491174
1.76	-2.580642185
1.77	-2.845257788
1.78	-3.107257043
1.79	-3.366560441
1.8	-3.623089928
1.81	-3.876768926
1.82	-4.127522349
1.83	-4.375276624
1.84	-4.619959705
1.85	-4.861501096
1.86	-5.09983186
1.87	-5.334884643
1.88	-5.566593679
1.89	-5.794894815
1.9	-6.019725516
1.91	-6.241024884
1.92	-6.458733665
1.93	-6.672794267
1.94	-6.883150765
1.95	-7.089748915
1.96	-7.292536163
1.97	-7.491461651
1.98	-7.686476232
1.99	-7.877532469
2	-8.06458465
2.01	-8.247588788
2.02	-8.426502632
2.03	-8.601285667
2.04	-8.771899123
2.05	-8.938305974
2.06	-9.100470944
2.07	-9.258360511
2.08	-9.411942903
2.09	-9.561188104
2.1	-9.706067854
2.11	-9.846555645
2.12	-9.982626724
2.13	-10.11425809
2.14	-10.2414285
2.15	-10.36411844
2.16	-10.48231015
2.17	-10.59598762
2.18	-10.70513656
2.19	-10.80974443
2.2	-10.90980038
2.21	-11.00529531
2.22	-11.09622181
2.23	-11.1825742
2.24	-11.26434848
2.25	-11.34154231
2.26	-11.41415508
2.27	-11.48218781
2.28	-11.54564319
2.29	-11.60452556
2.3	-11.65884087
2.31	-11.70859674
2.32	-11.75380235
2.33	-11.79446851
2.34	-11.83060761
2.35	-11.8622336
2.36	-11.88936199
2.37	-11.91200983
2.38	-11.93019571
2.39	-11.9439397
2.4	-11.95326338
2.41	-11.95818982
2.42	-11.95874353
2.43	-11.95495046
2.44	-11.94683799
2.45	-11.93443492
2.46	-11.91777141
2.47	-11.89687899
2.48	-11.87179056
2.49	-11.84254033
2.5	-11.80916382
2.51	-11.77169783
2.52	-11.73018044
2.53	-11.68465095
2.54	-11.63514992
2.55	-11.58171906
2.56	-11.52440131
2.57	-11.46324072
2.58	-11.39828251
2.59	-11.32957297
2.6	-11.25715951
2.61	-11.18109059
2.62	-11.1014157
2.63	-11.01818534
2.64	-10.93145103
2.65	-10.84126521
2.66	-10.7476813
2.67	-10.65075361
2.68	-10.55053735
2.69	-10.44708859
2.7	-10.34046424
2.71	-10.23072202
2.72	-10.11792044
2.73	-10.00211878
2.74	-9.883377041
2.75	-9.761755935
2.76	-9.637316862
2.77	-9.510121876
2.78	-9.380233661
2.79	-9.247715503
2.8	-9.112631267
2.81	-8.975045365
2.82	-8.835022734
2.83	-8.692628809
2.84	-8.547929491
2.85	-8.400991128
2.86	-8.251880482
2.87	-8.100664705
2.88	-7.947411312
2.89	-7.792188155
2.9	-7.635063395
2.91	-7.476105476
2.92	-7.315383096
2.93	-7.152965188
2.94	-6.988920884
2.95	-6.823319494
2.96	-6.656230482
2.97	-6.487723432
2.98	-6.31786803
2.99	-6.146734035
3	-5.974391251
3.01	-5.800909504
3.02	-5.626358619
3.03	-5.450808387
3.04	-5.274328547
3.05	-5.096988759
3.06	-4.918858578
3.07	-4.740007428
3.08	-4.560504583
3.09	-4.380419137
3.1	-4.199819982
3.11	-4.018775787
3.12	-3.837354969
3.13	-3.655625675
3.14	-3.473655753
3.15	-3.291512737
3.16	-3.109263816
3.17	-2.926975818
3.18	-2.744715184
3.19	-2.562547948
3.2	-2.380539715
3.21	-2.198755641
3.22	-2.017260408
3.23	-1.83611821
3.24	-1.655392725
3.25	-1.475147101
3.26	-1.295443934
3.27	-1.116345247
3.28	-0.9379124739
3.29	-0.7602064384
3.3	-0.5832873369
3.31	-0.4072147194
3.32	-0.2320474727
3.33	-0.05784380216
3.34	0.1153387848
3.35	0.2874434959
3.36	0.4584142697
3.37	0.6281957924
3.38	0.7967335126
3.39	0.9639736574
3.4	1.129863246
3.41	1.294350107
3.42	1.457382889
3.43	1.618911075
3.44	1.778884998
3.45	1.937255854
3.46	2.093975711
3.47	2.248997523
3.48	2.402275145
3.49	2.553763338
3.5	2.703417786
3.51	2.851195104
3.52	2.997052847
3.53	3.140949523
3.54	3.282844598
3.55	3.422698509
3.56	3.560472671
3.57	3.696129486
3.58	3.829632347
3.59	3.960945652
3.6	4.090034805
3.61	4.216866224
3.62	4.341407351
3.63	4.463626652
3.64	4.583493626
3.65	4.700978807
3.66	4.816053774
3.67	4.928691149
3.68	5.038864602
3.69	5.146548858
3.7	5.251719696
3.71	5.354353952
3.72	5.454429524
3.73	5.551925369
3.74	5.64682151
3.75	5.73909903
3.76	5.828740079
3.77	5.91572787
3.78	6.000046681
3.79	6.081681854
3.8	6.16061979
3.81	6.236847955
3.82	6.310354873
3.83	6.381130123
3.84	6.449164341
3.85	6.514449214
3.86	6.576977476
3.87	6.636742908
3.88	6.693740329
3.89	6.747965596
3.9	6.799415597
3.91	6.848088248
3.92	6.893982485
3.93	6.937098258
3.94	6.977436529
3.95	7.014999263
3.96	7.049789419
3.97	7.081810948
3.98	7.11106878
3.99	7.137568823
4	7.161317948
4.01	7.182323985
4.02	7.200595715
4.03	7.216142857
4.04	7.228976064
4.05	7.23910691
4.06	7.246547879
4.07	7.251312362
4.08	7.253414637
4.09	7.252869867
4.1	7.249694085
4.11	7.243904183
4.12	7.235517901
4.13	7.224553817
4.14	7.211031334
4.15	7.194970667
4.16	7.176392834
4.17	7.155319639
4.18	7.131773664
4.19	7.105778254
4.2	7.077357502
4.21	7.046536239
4.22	7.01334002
4.23	6.977795109
4.24	6.939928466
4.25	6.899767733
4.26	6.857341219
4.27	6.812677889
4.28	6.765807344
4.29	6.716759813
4.3	6.665566131
4.31	6.612257732
4.32	6.556866627
4.33	6.499425393
4.34	6.439967158
4.35	6.378525582
4.36	6.315134846
4.37	6.249829634
4.38	6.182645116
4.39	6.113616937
4.4	6.042781197
4.41	5.970174437
4.42	5.895833622
4.43	5.819796126
4.44	5.742099715
4.45	5.662782534
4.46	5.581883086
4.47	5.499440219
4.48	5.415493109
4.49	5.330081246
4.5	5.243244412
4.51	5.155022672
4.52	5.065456353
4.53	4.974586029
4.54	4.882452505
4.55	4.789096801
4.56	4.694560134
4.57	4.598883907
4.58	4.502109685
4.59	4.404279186
4.6	4.30543426
4.61	4.205616878
4.62	4.10486911
4.63	4.003233113
4.64	3.900751117
4.65	3.797465403
4.66	3.693418293
4.67	3.588652133
4.68	3.483209275
4.69	3.377132064
4.7	3.270462823
4.71	3.163243836
4.72	3.055517335
4.73	2.94732548
4.74	2.838710353
4.75	2.729713935
4.76	2.620378094
4.77	2.510744573
4.78	2.40085497
4.79	2.290750731
4.8	2.18047313
4.81	2.070063256
4.82	1.959562003
4.83	1.849010052
4.84	1.738447859
4.85	1.627915642
4.86	1.517453367
4.87	1.407100736
4.88	1.296897174
4.89	1.186881815
4.9	1.077093492
4.91	0.9675707217
4.92	0.8583516952
4.93	0.7494742641
4.94	0.6409759296
4.95	0.5328938311
4.96	0.4252647344
4.97	0.3181250209
4.98	0.2115106769
4.99	0.1054572821
5	2.049417273e-15
5.01	-0.1048264328
5.02	-0.2089877168
5.03	-0.312449999
5.04	-0.415179883
5.05	-0.5171444382
5.06	-0.6183112089
5.07	-0.7186482232
5.08	-0.8181240019
5.09	-0.916707567
5.1	-1.01436845
5.11	-1.111076699
5.12	-1.206802889
5.13	-1.301518125
5.14	-1.395194055
5.15	-1.487802872
5.16	-1.579317324
5.17	-1.669710719
5.18	-1.758956931
5.19	-1.84703041
5.2	-1.93390618
5.21	-2.019559855
5.22	-2.103967633
5.23	-2.187106312
5.24	-2.268953287
5.25	-2.349486557
5.26	-2.428684732
5.27	-2.506527032
5.28	-2.582993296
5.29	-2.658063982
5.3	-2.731720174
5.31	-2.80394358
5.32	-2.874716539
5.33	-2.944022023
5.34	-3.011843639
5.35	-3.07816563
5.36	-3.142972879
5.37	-3.206250907
5.38	-3.267985882
5.39	-3.328164609
5.4	-3.386774543
5.41	-3.44380378
5.42	-3.499241063
5.43	-3.55307578
5.44	-3.605297964
5.45	-3.655898294
5.46	-3.704868095
5.47	-3.752199333
5.48	-3.797884621
5.49	-3.841917211
5.5	-3.884290996
5.51	-3.92500051
5.52	-3.964040922
5.53	-4.001408038
5.54	-4.037098295
5.55	-4.071108761
5.56	-4.103437132
5.57	-4.13408173
5.58	-4.163041495
5.59	-4.190315988
5.6	-4.215905385
5.61	-4.239810471
5.62	-4.262032641
5.63	-4.282573889
5.64	-4.301436811
5.65	-4.318624595
5.66	-4.334141019
5.67	-4.347990446
5.68	-4.360177818
5.69	-4.370708651
5.7	-4.379589029
5.71	-4.3868256
5.72	-4.392425569
5.73	-4.396396692
5.74	-4.398747271
5.75	-4.399486146
5.76	-4.39862269
5.77	-4.396166802
5.78	-4.3921289
5.79	-4.386519914
5.8	-4.37935128
5.81	-4.370634931
5.82	-4.360383291
5.83	-4.348609268
5.84	-4.335326246
5.85	-4.320548075
5.86	-4.304289068
5.87	-4.286563987
5.88	-4.267388042
5.89	-4.246776875
5.9	-4.224746558
5.91	-4.201313583
5.92	-4.176494851
5.93	-4.150307666
5.94	-4.122769725
5.95	-4.093899111
5.96	-4.063714281
5.97	-4.032234061
5.98	-3.999477633
5.99	-3.965464529
6	-3.930214619
6.01	-3.893748107
6.02	-3.856085514
6.03	-3.817247673
6.04	-3.777255723
6.05	-3.736131092
6.06	-3.693895491
6.07	-3.650570908
6.08	-3.606179593
6.09	-3.560744049
6.1	-3.514287025
6.11	-3.466831506
6.12	-3.418400701
6.13	-3.369018034
6.14	-3.318707134
6.15	-3.267491829
6.16	-3.215396129
6.17	-3.162444223
6.18	-3.108660465
6.19	-3.054069365
6.2	-2.998695581
6.21	-2.942563907
6.22	-2.885699263
6.23	-2.828126688
6.24	-2.769871328
6.25	-2.710958425
6.26	-2.65141331
6.27	-2.591261392
6.28	-2.530528148
6.29	-2.469239115
6.3	-2.407419878
6.31	-2.345096061
6.32	-2.282293319
6.33	-2.219037328
6.34	-2.155353773
6.35	-2.091268342
6.36	-2.026806715
6.37	-1.961994556
6.38	-1.896857501
6.39	-1.831421152
6.4	-1.765711066
6.41	-1.699752747
6.42	-1.633571637
6.43	-1.567193104
6.44	-1.500642439
6.45	-1.433944843
6.46	-1.36712542
6.47	-1.300209168
6.48	-1.23322097
6.49	-1.166185587
6.5	-1.099127649
6.51	-1.032071647
6.52	-0.9650419232
6.53	-0.8980626667
6.54	-0.8311579025
6.55	-0.7643514852
6.56	-0.6976670907
6.57	-0.6311282092
6.58	-0.5647581374
6.59	-0.4985799713
6.6	-0.4326165992
6.61	-0.3668906942
6.62	-0.3014247079
6.63	-0.2362408627
6.64	-0.171361146
6.65	-0.1068073031
6.66	-0.04260083069
6.67	0.02123702905
6.68	0.08468529505
6.69	0.1477232532
6.7	0.2103304623
6.71	0.27248676
6.72	0.3341722683
6.73	0.3953673988
6.74	0.4560528589
6.75	0.5162096562
6.76	0.5758191039
6.77	0.634862826
6.78	0.6933227617
6.79	0.7511811703
6.8	0.8084206359
6.81	0.8650240713
6.82	0.9209747228
6.83	0.9762561737
6.84	1.030852349
6.85	1.084747518
6.86	1.1379263
6.87	1.190373665
6.88	1.242074939
6.89	1.293015808
6.9	1.343182318
6.91	1.392560882
6.92	1.441138277
6.93	1.488901653
6.94	1.535838533
6.95	1.581936811
6.96	1.627184762
6.97	1.671571038
6.98	1.715084673
6.99	1.757715081
7	1.799452064
7.01	1.840285807
7.02	1.880206882
7.03	1.919206248
7.04	1.957275256
7.05	1.994405643
7.06	2.030589539
7.07	2.065819464
7.08	2.100088327
7.09	2.133389433
7.1	2.165716475
7.11	2.197063538
7.12	2.2274251
7.13	2.256796028
7.14	2.285171581
7.15	2.312547406
7.16	2.338919543
7.17	2.364284415
7.18	2.388638836
7.19	2.411980005
7.2	2.434305505
7.21	2.455613304
7.22	2.47590175
7.23	2.495169573
7.24	2.513415879
7.25	2.530640153
7.26	2.546842252
7.27	2.562022406
7.28	2.576181215
7.29	2.589319646
7.3	2.601439031
7.31	2.612541065
7.32	2.6226278
7.33	2.631701648
7.34	2.63976537
7.35	2.646822082
7.36	2.652875244
7.37	2.657928661
7.38	2.661986478
7.39	2.665053177
7.4	2.667133573
7.41	2.66823281
7.42	2.668356359
7.43	2.66751001
7.44	2.665699875
7.45	2.662932375
7.46	2.659214242
7.47	2.654552515
7.48	2.648954529
7.49	2.642427921
7.5	2.634980614
7.51	2.626620822
7.52	2.617357039
7.53	2.607198038
7.54	2.596152864
7.55	2.584230829
7.56	2.57144151
7.57	2.557794738
7.58	2.543300601
7.59	2.527969432
7.6	2.511811805
7.61	2.494838534
7.62	2.477060662
7.63	2.45848946
7.64	2.439136418
7.65	2.419013243
7.66	2.39813185
7.67	2.376504359
7.68	2.354143089
7.69	2.33106055
7.7	2.307269441
7.71	2.282782643
7.72	2.257613209
7.73	2.231774366
7.74	2.205279502
7.75	2.178142165
7.76	2.150376055
7.77	2.121995017
7.78	2.093013039
7.79	2.063444241
7.8	2.033302874
7.81	2.00260331
7.82	1.971360038
7.83	1.939587658
7.84	1.907300876
7.85	1.874514496
7.86	1.841243413
7.87	1.807502613
7.88	1.773307159
7.89	1.738672191
7.9	1.703612918
7.91	1.668144612
7.92	1.632282602
7.93	1.596042268
7.94	1.559439036
7.95	1.522488372
7.96	1.485205773
7.97	1.447606768
7.98	1.409706905
7.99	1.37152175
8	1.333066877
8.01	1.294357867
8.02	1.2554103
8.03	1.216239748
8.04	1.176861773
8.05	1.137291918
8.06	1.097545702
8.07	1.057638617
8.08	1.017586118
8.09	0.9774036235
8.1	0.9371065052
8.11	0.8967100849
8.12	0.8562296288
8.13	0.8156803422
8.14	0.7750773646
8.15	0.7344357642
8.16	0.6937705333
8.17	0.6530965831
8.18	0.6124287386
8.19	0.571781734
8.2	0.5311702079
8.21	0.4906086982
8.22	0.450111638
8.23	0.4096933502
8.24	0.3693680438
8.25	0.3291498089
8.26	0.2890526124
8.27	0.2490902937
8.28	0.2092765605
8.29	0.1696249844
8.3	0.1301489969
8.31	0.09086188556
8.32	0.05177678974
8.33	0.01290669684
8.34	-0.02573556153
8.35	-0.06413731327
8.36	-0.1022860494
8.37	-0.1401694278
8.38	-0.1777752763
8.39	-0.2150915965
8.4	-0.2521065671
8.41	-0.2888085467
8.42	-0.3251860773
8.43	-0.3612278874
8.44	-0.3969228946
8.45	-0.432260209
8.46	-0.4672291357
8.47	-0.5018191775
8.48	-0.5360200377
8.49	-0.5698216225
8.5	-0.6032140436
8.51	-0.6361876202
8.52	-0.6687328818
8.53	-0.7008405701
8.54	-0.7325016409
8.55	-0.7637072665
8.56	-0.7944488374
8.57	-0.8247179641
8.58	-0.854506479
8.59	-0.8838064377
8.6	-0.912610121
8.61	-0.940910036
8.62	-0.9686989175
8.63	-0.9959697297
8.64	-1.022715667
8.65	-1.048930154
8.66	-1.07460685
8.67	-1.099739645
8.68	-1.124322666
8.69	-1.148350271
8.7	-1.171817057
8.71	-1.194717855
8.72	-1.217047733
8.73	-1.238801997
8.74	-1.259976188
8.75	-1.280566086
8.76	-1.300567707
8.77	-1.319977307
8.78	-1.338791377
8.79	-1.357006646
8.8	-1.37462008
8.81	-1.391628883
8.82	-1.408030493
8.83	-1.423822586
8.84	-1.439003072
8.85	-1.453570096
8.86	-1.467522038
8.87	-1.480857508
8.88	-1.493575352
8.89	-1.505674644
8.9	-1.517154691
8.91	-1.528015028
8.92	-1.538255416
8.93	-1.547875845
8.94	-1.55687653
8.95	-1.565257909
8.96	-1.573020642
8.97	-1.580165611
8.98	-1.586693916
8.99	-1.592606875
9	-1.597906021
9.01	-1.602593101
9.02	-1.606670075
9.03	-1.610139111
9.04	-1.613002587
9.05	-1.615263084
9.06	-1.616923389
9.07	-1.617986489
9.08	-1.61845557
9.09	-1.618334015
9.1	-1.617625402
9.11	-1.6163335
9.12	-1.614462268
9.13	-1.61201585
9.14	-1.608998576
9.15	-1.605414957
9.16	-1.601269682
9.17	-1.596567617
9.18	-1.5913138
9.19	-1.58551344
9.2	-1.579171913
9.21	-1.57229476
9.22	-1.564887682
9.23	-1.55695654
9.24	-1.54850735
9.25	-1.539546279
9.26	-1.530079644
9.27	-1.520113908
9.28	-1.509655676
9.29	-1.498711693
9.3	-1.487288838
9.31	-1.475394127
9.32	-1.463034701
9.33	-1.450217829
9.34	-1.436950903
9.35	-1.423241435
9.36	-1.40909705
9.37	-1.394525487
9.38	-1.379534595
9.39	-1.364132326
9.4	-1.348326736
9.41	-1.332125978
9.42	-1.3155383
9.43	-1.298572042
9.44	-1.281235629
9.45	-1.263537574
9.46	-1.245486467
9.47	-1.227090977
9.48	-1.208359845
9.49	-1.189301882
9.5	-1.169925965
9.51	-1.150241034
9.52	-1.130256087
9.53	-1.109980177
9.54	-1.089422409
9.55	-1.068591936
9.56	-1.047497955
9.57	-1.026149703
9.58	-1.004556455
9.59	-0.9827275201
9.6	-0.960672236
9.61	-0.9383999675
9.62	-0.9159201018
9.63	-0.8932420457
9.64	-0.8703752214
9.65	-0.8473290635
9.66	-0.8241130153
9.67	-0.8007365252
9.68	-0.7772090433
9.69	-0.7535400183
9.7	-0.7297388935
9.71	-0.7058151038
9.72	-0.6817780722
9.73	-0.6576372064
9.74	-0.6334018958
9.75	-0.6090815075
9.76	-0.5846853838
9.77	-0.5602228386
9.78	-0.535703154
9.79	-0.5111355775
9.8	-0.4865293186
9.81	-0.4618935459
9.82	-0.4372373837
9.83	-0.4125699091
9.84	-0.3879001492
9.85	-0.3632370779
9.86	-0.3385896127
9.87	-0.3139666125
9.88	-0.289376874
9.89	-0.2648291294
9.9	-0.2403320433
9.91	-0.2158942101
9.92	-0.1915241512
9.93	-0.1672303126
9.94	-0.1430210618
9.95	-0.1189046859
9.96	-0.09488938829
9.97	-0.07098328687
9.98	-0.0471944112
9.99	-0.02353070024
10	-9.145736087e-16
10.01	0.02338993874
10.02	0.04663146271
10.03	0.06971701831
10.04	0.09263915379
10.05	0.1153905213
10.06	0.1379638791
10.07	0.1603520931
10.08	0.1825481396
10.09	0.2045451062
10.1	0.2263361947
10.11	0.2479147218
10.12	0.2692741218
10.13	0.2904079477
10.14	0.3113098729
10.15	0.3319736931
10.16	0.3523933274
10.17	0.3725628201
10.18	0.3924763418
10.19	0.4121281911
10.2	0.4315127957
10.21	0.4506247138
10.22	0.469458635
10.23	0.4880093818
10.24	0.5062719103
10.25	0.5242413118
10.26	0.5419128131
10.27	0.559281778
10.28	0.5763437077
10.29	0.593094242
10.3	0.6095291598
10.31	0.62564438
10.32	0.6414359617
10.33	0.6569001055
10.34	0.6720331536
10.35	0.68683159
10.36	0.7012920417
10.37	0.7154112784
10.38	0.7291862131
10.39	0.7426139023
10.4	0.7556915462
10.41	0.768416489
10.42	0.7807862188
10.43	0.7927983677
10.44	0.804450712
10.45	0.8157411718
10.46	0.8266678113
10.47	0.8372288381
10.48	0.8474226037
10.49	0.8572476025
10.5	0.866702472
10.51	0.8757859924
10.52	0.8844970858
10.53	0.8928348163
10.54	0.9007983891
10.55	0.9083871498
10.56	0.9156005845
10.57	0.9224383184
10.58	0.9289001154
10.59	0.9349858775
10.6	0.9406956437
10.61	0.9460295895
10.62	0.9509880257
10.63	0.9555713977
10.64	0.9597802844
10.65	0.9636153974
10.66	0.9670775797
10.67	0.9701678046
10.68	0.9728871749
10.69	0.9752369212
10.7	0.9772184014
10.71	0.9788330986
10.72	0.9800826206
10.73	0.980968698
10.74	0.981493183
10.75	0.9816580484
10.76	0.9814653853
10.77	0.9809174027
10.78	0.9800164249
10.79	0.978764891
10.8	0.9771653525
10.81	0.9752204721
10.82	0.972933022
10.83	0.9703058824
10.84	0.9673420395
10.85	0.9640445839
10.86	0.960416709
10.87	0.9564617089
10.88	0.9521829771
10.89	0.9475840042
10.9	0.9426683761
10.91	0.9374397727
10.92	0.931901965
10.93	0.9260588142
10.94	0.919914269
10.95	0.9134723642
10.96	0.9067372183
10.97	0.8997130317
10.98	0.8924040847
10.99	0.8848147353
11	0.8769494175
11.01	0.8688126387
11.02	0.8604089782
11.03	0.8517430847
11.04	0.8428196744
11.05	0.8336435288
11.06	0.8242194926
11.07	0.8145524714
11.08	0.8046474301
11.09	0.7945093898
11.1	0.7841434268
11.11	0.7735546692
11.12	0.7627482958
11.13	0.7517295334
11.14	0.7405036543
11.15	0.729075975
11.16	0.7174518532
11.17	0.7056366859
11.18	0.6936359073
11.19	0.6814549865
11.2	0.6690994252
11.21	0.6565747557
11.22	0.6438865387
11.23	0.6310403609
11.24	0.618041833
11.25	0.6048965874
11.26	0.5916102764
11.27	0.5781885693
11.28	0.564637151
11.29	0.5509617193
11.3	0.537167983
11.31	0.5232616597
11.32	0.5092484739
11.33	0.4951341543
11.34	0.4809244325
11.35	0.46662504
11.36	0.4522417069
11.37	0.4377801594
11.38	0.423246118
11.39	0.408645295
11.4	0.393983393
11.41	0.3792661027
11.42	0.3644991009
11.43	0.3496880482
11.44	0.3348385877
11.45	0.3199563425
11.46	0.3050469139
11.47	0.2901158799
11.48	0.2751687926
11.49	0.2602111769
11.5	0.2452485285
11.51	0.2302863119
11.52	0.2153299589
11.53	0.2003848666
11.54	0.1854563959
11.55	0.1705498693
11.56	0.1556705697
11.57	0.1408237384
11.58	0.1260145736
11.59	0.1112482289
11.6	0.09652981106
11.61	0.08186437936
11.62	0.06725694334
11.63	0.05271246153
11.64	0.03823583995
11.65	0.02383193064
11.66	0.009505530173
11.67	-0.004738621694
11.68	-0.01889584345
11.69	-0.03296151314
11.7	-0.04693106975
11.71	-0.06080001441
11.72	-0.07456391173
11.73	-0.08821839102
11.74	-0.1017591474
11.75	-0.1151819433
11.76	-0.1284826089
11.77	-0.141657044
11.78	-0.1547012189
11.79	-0.1676111748
11.8	-0.180383026
11.81	-0.1930129596
11.82	-0.2054972374
11.83	-0.2178321964
11.84	-0.2300142497
11.85	-0.2420398874
11.86	-0.2539056775
11.87	-0.2656082664
11.88	-0.2771443801
11.89	-0.2885108243
11.9	-0.2997044858
11.91	-0.3107223326
11.92	-0.3215614146
11.93	-0.3322188644
11.94	-0.3426918977
11.95	-0.352977814
11.96	-0.3630739965
11.97	-0.3729779134
11.98	-0.3826871177
11.99	-0.3921992476
12	-0.4015120273
12.01	-0.4106232669
12.02	-0.4195308626
12.03	-0.4282327976
12.04	-0.4367271413
12.05	-0.4450120506
12.06	-0.4530857691
12.07	-0.4609466277
12.08	-0.4685930448
12.09	-0.4760235258
12.1	-0.4832366638
12.11	-0.4902311391
12.12	-0.4970057192
12.13	-0.5035592591
12.14	-0.5098907008
12.15	-0.5159990732
12.16	-0.5218834921
12.17	-0.5275431601
12.18	-0.532977366
12.19	-0.5381854847
12.2	-0.5431669772
12.21	-0.5479213898
12.22	-0.5524483541
12.23	-0.5567475864
12.24	-0.5608188877
12.25	-0.5646621426
12.26	-0.5682773195
12.27	-0.5716644697
12.28	-0.574823727
12.29	-0.5777553072
12.3	-0.5804595076
12.31	-0.5829367062
12.32	-0.5851873611
12.33	-0.5872120101
12.34	-0.5890112698
12.35	-0.5905858351
12.36	-0.5919364781
12.37	-0.5930640479
12.38	-0.5939694692
12.39	-0.5946537422
12.4	-0.5951179412
12.41	-0.5953632142
12.42	-0.5953907816
12.43	-0.5952019358
12.44	-0.59479804
12.45	-0.5941805273
12.46	-0.5933508998
12.47	-0.5923107277
12.48	-0.5910616484
12.49	-0.5896053651
12.5	-0.5879436464
12.51	-0.5860783246
12.52	-0.5840112953
12.53	-0.5817445158
12.54	-0.5792800043
12.55	-0.5766198388
12.56	-0.5737661559
12.57	-0.5707211496
12.58	-0.5674870705
12.59	-0.5640662242
12.6	-0.5604609704
12.61	-0.5566737216
12.62	-0.5527069423
12.63	-0.5485631469
12.64	-0.5442448996
12.65	-0.5397548123
12.66	-0.5350955437
12.67	-0.5302697982
12.68	-0.5252803244
12.69	-0.5201299138
12.7	-0.5148214
12.71	-0.5093576567
12.72	-0.5037415969
12.73	-0.4979761717
12.74	-0.4920643685
12.75	-0.4860092101
12.76	-0.4798137535
12.77	-0.473481088
12.78	-0.4670143346
12.79	-0.460416644
12.8	-0.4536911959
12.81	-0.4468411972
12.82	-0.4398698809
12.83	-0.4327805048
12.84	-0.42557635
12.85	-0.4182607196
12.86	-0.4108369377
12.87	-0.4033083475
12.88	-0.3956783103
12.89	-0.3879502044
12.9	-0.3801274233
12.91	-0.3722133744
12.92	-0.3642114784
12.93	-0.3561251668
12.94	-0.3479578819
12.95	-0.3397130742
12.96	-0.3313942021
12.97	-0.3230047301
12.98	-0.3145481276
12.99	-0.3060278676
13	-0.2974474257
13.01	-0.2888102781
13.02	-0.2801199012
13.03	-0.2713797698
13.04	-0.262593356
13.05	-0.2537641278
13.06	-0.2448955483
13.07	-0.2359910739
13.08	-0.2270541535
13.09	-0.218088227
13.1	-0.2090967246
13.11	-0.2000830649
13.12	-0.1910506542
13.13	-0.1820028854
13.14	-0.1729431365
13.15	-0.1638747697
13.16	-0.1548011302
13.17	-0.1457255452
13.18	-0.1366513225
13.19	-0.1275817499
13.2	-0.1185200936
13.21	-0.1094695974
13.22	-0.1004334819
13.23	-0.09141494284
13.24	-0.08241715077
13.25	-0.07344324958
13.26	-0.0644963557
13.27	-0.05557955714
13.28	-0.04669591246
13.29	-0.03784844992
13.3	-0.02904016652
13.31	-0.02027402708
13.32	-0.01155296339
13.33	-0.002879873333
13.34	0.005742379967
13.35	0.01431096898
13.36	0.02282310259
13.37	0.03127602686
13.38	0.03966702586
13.39	0.04799342238
13.4	0.0562525787
13.41	0.06444189728
13.42	0.07255882151
13.43	0.08060083635
13.44	0.08856546903
13.45	0.09645028965
13.46	0.1042529119
13.47	0.1119709934
13.48	0.1196022369
13.49	0.1271443899
13.5	0.1345952461
13.51	0.1419526456
13.52	0.149214475
13.53	0.1563786686
13.54	0.1634432084
13.55	0.1704061247
13.56	0.1772654963
13.57	0.1840194514
13.58	0.1906661675
13.59	0.197203872
13.6	0.2036308424
13.61	0.209945407
13.62	0.2161459446
13.63	0.2222308853
13.64	0.2281987105
13.65	0.2340479533
13.66	0.2397771985
13.67	0.2453850832
13.68	0.2508702964
13.69	0.2562315798
13.7	0.2614677275
13.71	0.2665775863
13.72	0.2715600556
13.73	0.2764140879
13.74	0.2811386886
13.75	0.2857329158
13.76	0.2901958808
13.77	0.2945267479
13.78	0.2987247343
13.79	0.3027891102
13.8	0.3067191987
13.81	0.3105143755
13.82	0.3141740695
13.83	0.3176977617
13.84	0.321084986
13.85	0.3243353284
13.86	0.3274484273
13.87	0.3304239729
13.88	0.3332617074
13.89	0.3359614245
13.9	0.3385229692
13.91	0.3409462378
13.92	0.3432311773
13.93	0.3453777852
13.94	0.3473861095
13.95	0.3492562479
13.96	0.3509883478
13.97	0.3525826058
13.98	0.3540392675
13.99	0.355358627
14	0.3565410263
14.01	0.3575868553
14.02	0.3584965511
14.03	0.3592705978
14.04	0.3599095255
14.05	0.3604139106
14.06	0.3607843747
14.07	0.3610215843
14.08	0.3611262504
14.09	0.3610991279
14.1	0.3609410151
14.11	0.3606527528
14.12	0.3602352244
14.13	0.3596893548
14.14	0.35901611
14.15	0.3582164965
14.16	0.3572915606
14.17	0.3562423881
14.18	0.355070103
14.19	0.3537758677
14.2	0.3523608818
14.21	0.3508263815
14.22	0.3491736391
14.23	0.3474039622
14.24	0.345518693
14.25	0.3435192078
14.26	0.3414069161
14.27	0.3391832598
14.28	0.3368497128
14.29	0.33440778
14.3	0.3318589967
14.31	0.3292049278
14.32	0.326447167
14.33	0.3235873364
14.34	0.3206270852
14.35	0.3175680893
14.36	0.3144120503
14.37	0.3111606953
14.38	0.3078157751
14.39	0.3043790644
14.4	0.3008523606
14.41	0.2972374829
14.42	0.2935362716
14.43	0.2897505876
14.44	0.2858823111
14.45	0.2819333412
14.46	0.2779055948
14.47	0.2738010062
14.48	0.2696215257
14.49	0.2653691194
14.5	0.261045768
14.51	0.2566534662
14.52	0.2521942218
14.53	0.2476700547
14.54	0.2430829967
14.55	0.2384350898
14.56	0.2337283864
14.57	0.2289649475
14.58	0.2241468427
14.59	0.2192761489
14.6	0.2143549499
14.61	0.209385335
14.62	0.204369399
14.63	0.1993092407
14.64	0.1942069625
14.65	0.1890646696
14.66	0.1838844691
14.67	0.1786684691
14.68	0.1734187783
14.69	0.168137505
14.7	0.1628267562
14.71	0.1574886371
14.72	0.1521252504
14.73	0.1467386952
14.74	0.1413310664
14.75	0.1359044543
14.76	0.1304609433
14.77	0.1250026117
14.78	0.1195315305
14.79	0.1140497633
14.8	0.1085593648
14.81	0.1030623809
14.82	0.09756084744
14.83	0.09205678989
14.84	0.08655222242
14.85	0.08104914736
14.86	0.07554955451
14.87	0.07005542053
14.88	0.06456870825
14.89	0.05909136606
14.9	0.05362532731
14.91	0.04817250967
14.92	0.04273481453
14.93	0.03731412643
14.94	0.03191231243
14.95	0.0265312216
14.96	0.02117268441
14.97	0.01583851217
14.98	0.01053049653
14.99	0.005250408912
15	3.061034337e-16
15.01	-0.005219000777
15.02	-0.01040488574
15.03	-0.01555596946
15.04	-0.02067058922
15.05	-0.0257471055
15.06	-0.03078390243
15.07	-0.03577938822
15.08	-0.04073199562
15.09	-0.04564018231
15.1	-0.05050243137
15.11	-0.05531725158
15.12	-0.06008317793
15.13	-0.06479877188
15.14	-0.06946262181
15.15	-0.07407334331
15.16	-0.07862957958
15.17	-0.0831300017
15.18	-0.08757330899
15.19	-0.09195822928
15.2	-0.09628351922
15.21	-0.1005479646
15.22	-0.1047503804
15.23	-0.1088896115
15.24	-0.1129645324
15.25	-0.1169740479
15.26	-0.1209170928
15.27	-0.1247926327
15.28	-0.1285996638
15.29	-0.1323372132
15.3	-0.1360043391
15.31	-0.1396001307
15.32	-0.1431237089
15.33	-0.1465742258
15.34	-0.1499508652
15.35	-0.1532528427
15.36	-0.1564794056
15.37	-0.1596298331
15.38	-0.1627034365
15.39	-0.1656995589
15.4	-0.1686175757
15.41	-0.1714568942
15.42	-0.174216954
15.43	-0.1768972268
15.44	-0.1794972162
15.45	-0.1820164583
15.46	-0.1844545211
15.47	-0.1868110047
15.48	-0.1890855413
15.49	-0.1912777948
15.5	-0.1933874614
15.51	-0.1954142687
15.52	-0.1973579764
15.53	-0.1992183756
15.54	-0.2009952888
15.55	-0.2026885702
15.56	-0.2042981051
15.57	-0.2058238097
15.58	-0.2072656315
15.59	-0.2086235486
15.6	-0.2098975696
15.61	-0.2110877338
15.62	-0.2121941105
15.63	-0.213216799
15.64	-0.2141559286
15.65	-0.215011658
15.66	-0.2157841752
15.67	-0.2164736976
15.68	-0.2170804711
15.69	-0.2176047704
15.7	-0.2180468984
15.71	-0.2184071861
15.72	-0.2186859921
15.73	-0.2188837027
15.74	-0.2190007311
15.75	-0.2190375175
15.76	-0.2189945286
15.77	-0.2188722571
15.78	-0.2186712218
15.79	-0.2183919669
15.8	-0.2180350616
15.81	-0.2176011001
15.82	-0.217090701
15.83	-0.2165045069
15.84	-0.2158431842
15.85	-0.2151074224
15.86	-0.2142979341
15.87	-0.2134154543
15.88	-0.2124607402
15.89	-0.2114345706
15.9	-0.2103377457
15.91	-0.2091710866
15.92	-0.2079354347
15.93	-0.2066316515
15.94	-0.2052606182
15.95	-0.2038232349
15.96	-0.2023204207
15.97	-0.2007531129
15.98	-0.1991222663
15.99	-0.1974288536
16	-0.195673864
16.01	-0.1938583032
16.02	-0.1919831931
16.03	-0.1900495709
16.04	-0.1880584889
16.05	-0.1860110141
16.06	-0.1839082274
16.07	-0.1817512234
16.08	-0.1795411099
16.09	-0.1772790074
16.1	-0.1749660484
16.11	-0.1726033772
16.12	-0.1701921494
16.13	-0.1677335312
16.14	-0.165228699
16.15	-0.1626788391
16.16	-0.1600851469
16.17	-0.1574488267
16.18	-0.1547710911
16.19	-0.1520531603
16.2	-0.1492962619
16.21	-0.1465016304
16.22	-0.1436705065
16.23	-0.1408041368
16.24	-0.1379037732
16.25	-0.1349706724
16.26	-0.1320060957
16.27	-0.1290113081
16.28	-0.1259875779
16.29	-0.1229361767
16.3	-0.1198583781
16.31	-0.1167554579
16.32	-0.1136286935
16.33	-0.1104793632
16.34	-0.1073087456
16.35	-0.1041181199
16.36	-0.1009087645
16.37	-0.09768195708
16.38	-0.09443897408
16.39	-0.09118109011
16.4	-0.08790957758
16.41	-0.08462570624
16.42	-0.08133074275
16.43	-0.0780259502
16.44	-0.07471258769
16.45	-0.07139190993
16.46	-0.06806516676
16.47	-0.06473360274
16.48	-0.06139845676
16.49	-0.05806096157
16.5	-0.05472234343
16.51	-0.05138382165
16.52	-0.04804660821
16.53	-0.04471190739
16.54	-0.04138091532
16.55	-0.03805481965
16.56	-0.03473479914
16.57	-0.0314220233
16.58	-0.028117652
16.59	-0.02482283512
16.6	-0.0215387122
16.61	-0.01826641208
16.62	-0.01500705254
16.63	-0.01176173998
16.64	-0.008531569092
16.65	-0.0053176225
16.66	-0.00212097047
16.67	0.001057329417
16.68	0.004216232574
16.69	0.007354707706
16.7	0.01047173711
16.71	0.01356631695
16.72	0.01663745757
16.73	0.01968418372
16.74	0.02270553487
16.75	0.02570056544
16.76	0.02866834509
16.77	0.03160795892
16.78	0.03451850774
16.79	0.03739910828
16.8	0.04024889347
16.81	0.04306701258
16.82	0.04585263149
16.83	0.04860493286
16.84	0.05132311637
16.85	0.05400639884
16.86	0.05665401448
16.87	0.05926521503
16.88	0.06183926991
16.89	0.06437546644
16.9	0.06687310992
16.91	0.06933152383
16.92	0.07175004993
16.93	0.07412804842
16.94	0.07646489802
16.95	0.07875999616
16.96	0.08101275899
16.97	0.08322262155
16.98	0.08538903785
16.99	0.08751148093
17	0.08958944295
17.01	0.09162243529
17.02	0.09360998857
17.03	0.0955516527
17.04	0.09744699699
17.05	0.09929561012
17.06	0.1010971002
17.07	0.1028510949
17.08	0.1045572411
17.09	0.1062152056
17.1	0.1078246742
17.11	0.1093853526
17.12	0.1108969657
17.13	0.1123592581
17.14	0.1137719937
17.15	0.1151349558
17.16	0.1164479472
17.17	0.1177107898
17.18	0.118923325
17.19	0.1200854134
17.2	0.1211969346
17.21	0.1222577875
17.22	0.1232678897
17.23	0.1242271781
17.24	0.1251356082
17.25	0.1259931543
17.26	0.1267998093
17.27	0.1275555847
17.28	0.1282605103
17.29	0.1289146342
17.3	0.1295180229
17.31	0.1300707606
17.32	0.1305729496
17.33	0.1310247099
17.34	0.131426179
17.35	0.131777512
17.36	0.1320788812
17.37	0.132330476
17.38	0.1325325028
17.39	0.1326851847
17.4	0.1327887615
17.41	0.1328434893
17.42	0.1328496405
17.43	0.1328075033
17.44	0.1327173819
17.45	0.1325795962
17.46	0.1323944813
17.47	0.1321623875
17.48	0.1318836803
17.49	0.1315587395
17.5	0.13118796
17.51	0.1307717504
17.52	0.1303105339
17.53	0.129804747
17.54	0.1292548401
17.55	0.128661277
17.56	0.1280245342
17.57	0.1273451015
17.58	0.1266234809
17.59	0.1258601869
17.6	0.1250557461
17.61	0.1242106967
17.62	0.1233255885
17.63	0.1224009828
17.64	0.1214374516
17.65	0.1204355777
17.66	0.1193959544
17.67	0.118319185
17.68	0.1172058829
17.69	0.116056671
17.7	0.1148721814
17.71	0.1136530555
17.72	0.1123999432
17.73	0.1111135029
17.74	0.1097944013
17.75	0.1084433129
17.76	0.1070609197
17.77	0.105647911
17.78	0.1042049833
17.79	0.1027328395
17.8	0.1012321892
17.81	0.09970374789
17.82	0.09814823697
17.83	0.09656638334
17.84	0.09495891912
17.85	0.09332658136
17.86	0.0916701117
17.87	0.08999025616
17.88	0.08828776476
17.89	0.08656339124
17.9	0.08481789283
17.91	0.08305202985
17.92	0.08126656549
17.93	0.07946226551
17.94	0.0776398979
17.95	0.07580023264
17.96	0.07394404138
17.97	0.07207209715
17.98	0.07018517408
17.99	0.06828404711
18	0.06636949172
18.01	0.0644422836
18.02	0.06250319842
18.03	0.0605530115
18.04	0.05859249757
18.05	0.05662243048
18.06	0.05464358291
18.07	0.05265672611
18.08	0.05066262962
18.09	0.04866206102
18.1	0.04665578564
18.11	0.04464456631
18.12	0.04262916307
18.13	0.04061033297
18.14	0.03858882974
18.15	0.0365654036
18.16	0.03454080097
18.17	0.03251576423
18.18	0.03049103148
18.19	0.02846733628
18.2	0.02644540746
18.21	0.0244259688
18.22	0.02240973889
18.23	0.02039743084
18.24	0.01838975205
18.25	0.01638740404
18.26	0.01439108218
18.27	0.01240147548
18.28	0.01041926643
18.29	0.008445130693
18.3	0.006479737006
18.31	0.004523746908
18.32	0.002577814571
18.33	0.000642586598
18.34	-0.001281298162
18.35	-0.003193208801
18.36	-0.005092522536
18.37	-0.006978624883
18.38	-0.008850909834
18.39	-0.01070878002
18.4	-0.01255164689
18.41	-0.01437893086
18.42	-0.01619006146
18.43	-0.01798447752
18.44	-0.01976162729
18.45	-0.02152096858
18.46	-0.02326196892
18.47	-0.0249841057
18.48	-0.02668686626
18.49	-0.02836974808
18.5	-0.03003225883
18.51	-0.03167391654
18.52	-0.03329424971
18.53	-0.03489279738
18.54	-0.03646910927
18.55	-0.03802274589
18.56	-0.03955327858
18.57	-0.04106028966
18.58	-0.04254337249
18.59	-0.04400213154
18.6	-0.04543618249
18.61	-0.04684515229
18.62	-0.04822867924
18.63	-0.04958641303
18.64	-0.05091801482
18.65	-0.0522231573
18.66	-0.05350152471
18.67	-0.05475281291
18.68	-0.05597672942
18.69	-0.05717299345
18.7	-0.05834133592
18.71	-0.05948149952
18.72	-0.0605932387
18.73	-0.06167631971
18.74	-0.0627305206
18.75	-0.06375563126
18.76	-0.06475145336
18.77	-0.06571780043
18.78	-0.06665449781
18.79	-0.06756138266
18.8	-0.06843830392
18.81	-0.06928512234
18.82	-0.07010171043
18.83	-0.07088795244
18.84	-0.07164374434
18.85	-0.07236899376
18.86	-0.07306362001
18.87	-0.07372755399
18.88	-0.07436073814
18.89	-0.07496312644
18.9	-0.07553468433
18.91	-0.07607538864
18.92	-0.07658522756
18.93	-0.07706420053
18.94	-0.07751231825
18.95	-0.07792960253
18.96	-0.07831608625
18.97	-0.0786718133
18.98	-0.07899683846
18.99	-0.07929122735
19	-0.07955505629
19.01	-0.07978841229
19.02	-0.07999139287
19.03	-0.08016410602
19.04	-0.08030667007
19.05	-0.0804192136
19.06	-0.0805018753
19.07	-0.08055480392
19.08	-0.08057815809
19.09	-0.08057210625
19.1	-0.08053682649
19.11	-0.08047250649
19.12	-0.08037934331
19.13	-0.08025754334
19.14	-0.08010732212
19.15	-0.07992890423
19.16	-0.07972252315
19.17	-0.0794884211
19.18	-0.07922684895
19.19	-0.07893806602
19.2	-0.07862233999
19.21	-0.07827994669
19.22	-0.07791117001
19.23	-0.07751630171
19.24	-0.07709564131
19.25	-0.07664949586
19.26	-0.07617817987
19.27	-0.07568201508
19.28	-0.07516133037
19.29	-0.07461646151
19.3	-0.07404775108
19.31	-0.07345554825
19.32	-0.07284020866
19.33	-0.0722020942
19.34	-0.07154157287
19.35	-0.07085901861
19.36	-0.07015481115
19.37	-0.06942933576
19.38	-0.06868298319
19.39	-0.06791614939
19.4	-0.0671292354
19.41	-0.06632264715
19.42	-0.06549679529
19.43	-0.06465209501
19.44	-0.06378896586
19.45	-0.06290783157
19.46	-0.06200911988
19.47	-0.06109326235
19.48	-0.06016069421
19.49	-0.05921185411
19.5	-0.05824718402
19.51	-0.05726712902
19.52	-0.05627213709
19.53	-0.05526265898
19.54	-0.05423914798
19.55	-0.05320205978
19.56	-0.05215185228
19.57	-0.0510889854
19.58	-0.05001392091
19.59	-0.04892712223
19.6	-0.04782905429
19.61	-0.04672018334
19.62	-0.04560097673
19.63	-0.0444719028
19.64	-0.04333343065
19.65	-0.04218603002
19.66	-0.04103017104
19.67	-0.03986632412
19.68	-0.03869495978
19.69	-0.03751654841
19.7	-0.03633156018
19.71	-0.03514046483
19.72	-0.03394373149
19.73	-0.03274182856
19.74	-0.03153522349
19.75	-0.03032438266
19.76	-0.02910977118
19.77	-0.02789185276
19.78	-0.02667108955
19.79	-0.02544794194
19.8	-0.02422286845
19.81	-0.02299632555
19.82	-0.02176876751
19.83	-0.02054064627
19.84	-0.01931241125
19.85	-0.01808450923
19.86	-0.0168573842
19.87	-0.0156314772
19.88	-0.01440722621
19.89	-0.01318506597
19.9	-0.01196542787
19.91	-0.0107487398
19.92	-0.009535426011
19.93	-0.008325907005
19.94	-0.007120599383
19.95	-0.005919915725
19.96	-0.004724264462
19.97	-0.003534049756
19.98	-0.002349671377
19.99	-0.001171524581
20	-9.106787757e-17
20.01	0.001164516479
20.02	0.002321643822
20.03	0.003471005957
20.04	0.004612231883
20.05	0.005744955774
20.06	0.006868817079
20.07	0.007983460623
20.08	0.009088536705
20.09	0.01018370119
20.1	0.0112686156
20.11	0.01234294721
20.12	0.01340636911
20.13	0.01445856035
20.14	0.01549920593
20.15	0.01652799696
20.16	0.01754463068
20.17	0.01854881059
20.18	0.01954024646
20.19	0.02051865443
20.2	0.02148375706
20.21	0.02243528343
20.22	0.02337296916
20.23	0.02429655645
20.24	0.02520579421
20.25	0.02610043803
20.26	0.02698025028
20.27	0.02784500012
20.28	0.02869446358
20.29	0.02952842358
20.3	0.03034666995
20.31	0.03114899952
20.32	0.03193521608
20.33	0.03270513047
20.34	0.03345856056
20.35	0.03419533133
20.36	0.03491527483
20.37	0.03561823023
20.38	0.03630404384
20.39	0.03697256912
20.4	0.03762366668
20.41	0.03825720427
20.42	0.03887305685
20.43	0.03947110653
20.44	0.0400512426
20.45	0.04061336149
20.46	0.04115736684
20.47	0.0416831694
20.48	0.04219068711
20.49	0.04267984499
20.5	0.04315057523
20.51	0.04360281708
20.52	0.04403651688
20.53	0.04445162804
20.54	0.04484811098
20.55	0.04522593313
20.56	0.0455850689
20.57	0.04592549962
20.58	0.04624721355
20.59	0.04655020581
20.6	0.04683447833
20.61	0.04710003985
20.62	0.04734690585
20.63	0.04757509851
20.64	0.04778464664
20.65	0.04797558567
20.66	0.04814795758
20.67	0.04830181082
20.68	0.04843720029
20.69	0.04855418727
20.7	0.04865283936
20.71	0.0487332304
20.72	0.04879544044
20.73	0.04883955563
20.74	0.04886566821
20.75	0.04887387637
20.76	0.04886428424
20.77	0.04883700179
20.78	0.04879214475
20.79	0.04872983454
20.8	0.04865019821
20.81	0.04855336832
20.82	0.04843948288
20.83	0.04830868531
20.84	0.04816112426
20.85	0.04799695361
20.86	0.04781633235
20.87	0.04761942449
20.88	0.04740639898
20.89	0.0471774296
20.9	0.04693269489
20.91	0.04667237805
20.92	0.04639666684
20.93	0.04610575349
20.94	0.0457998346
20.95	0.04547911105
20.96	0.04514378788
20.97	0.04479407422
20.98	0.04443018318
20.99	0.04405233172
21	0.0436607406
21.01	0.04325563424
21.02	0.04283724062
21.03	0.04240579119
21.04	0.04196152075
21.05	0.04150466736
21.06	0.04103547223
21.07	0.04055417958
21.08	0.04006103661
21.09	0.03955629331
21.1	0.0390402024
21.11	0.0385130192
21.12	0.03797500155
21.13	0.03742640967
21.14	0.03686750607
21.15	0.03629855541
21.16	0.03571982447
21.17	0.03513158193
21.18	0.03453409834
21.19	0.033927646
21.2	0.03331249883
21.21	0.03268893225
21.22	0.03205722312
21.23	0.03141764959
21.24	0.03077049099
21.25	0.03011602775
21.26	0.02945454128
21.27	0.02878631383
21.28	0.02811162844
21.29	0.02743076879
21.3	0.02674401909
21.31	0.02605166403
21.32	0.02535398859
21.33	0.02465127799
21.34	0.0239438176
21.35	0.02323189277
21.36	0.02251578878
21.37	0.02179579073
21.38	0.02107218341
21.39	0.02034525124
21.4	0.01961527812
21.41	0.01888254739
21.42	0.01814734166
21.43	0.01740994276
21.44	0.01667063166
21.45	0.0159296883
21.46	0.01518739156
21.47	0.01444401915
21.48	0.01369984749
21.49	0.01295515165
21.5	0.01221020525
21.51	0.01146528035
21.52	0.01072064738
21.53	0.009976575056
21.54	0.009233330262
21.55	0.008491178003
21.56	0.007750381296
21.57	0.007011201091
21.58	0.006273896193
21.59	0.005538723176
21.6	0.004805936303
21.61	0.004075787452
21.62	0.003348526036
21.63	0.002624398926
21.64	0.001903650378
21.65	0.00118652196
21.66	0.0004732524806
21.67	-0.0002359220822
21.68	-0.0009407686495
21.69	-0.001641057108
21.7	-0.002336560378
21.71	-0.003027054474
21.72	-0.003712318571
21.73	-0.004392135065
21.74	-0.005066289631
21.75	-0.005734571284
21.76	-0.006396772432
21.77	-0.007052688936
21.78	-0.007702120159
21.79	-0.008344869021
21.8	-0.008980742046
21.81	-0.009609549414
21.82	-0.01023110501
21.83	-0.01084522645
21.84	-0.01145173517
21.85	-0.01205045642
21.86	-0.01264121932
21.87	-0.01322385692
21.88	-0.0137982062
21.89	-0.01436410814
21.9	-0.01492140773
21.91	-0.01546995402
21.92	-0.01600960013
21.93	-0.01654020331
21.94	-0.01706162494
21.95	-0.01757373056
21.96	-0.01807638989
21.97	-0.01856947687
21.98	-0.01905286969
21.99	-0.01952645075
22	-0.01999010675
22.01	-0.02044372866
22.02	-0.02088721174
22.03	-0.02132045557
22.04	-0.02174336404
22.05	-0.02215584539
22.06	-0.02255781216
22.07	-0.02294918127
22.08	-0.02332987396
22.09	-0.02369981583
22.1	-0.02405893682
22.11	-0.02440717124
22.12	-0.02474445772
22.13	-0.02507073926
22.14	-0.02538596318
22.15	-0.02569008113
22.16	-0.0259830491
22.17	-0.02626482738
22.18	-0.02653538056
22.19	-0.02679467752
22.2	-0.02704269143
22.21	-0.02727939969
22.22	-0.02750478397
22.23	-0.02771883015
22.24	-0.0279215283
22.25	-0.0281128727
22.26	-0.02829286176
22.27	-0.02846149804
22.28	-0.0286187882
22.29	-0.02876474298
22.3	-0.02889937719
22.31	-0.02902270964
22.32	-0.02913476315
22.33	-0.02923556449
22.34	-0.02932514436
22.35	-0.02940353735
22.36	-0.02947078191
22.37	-0.0295269203
22.38	-0.02957199857
22.39	-0.02960606652
22.4	-0.02962917763
22.41	-0.02964138905
22.42	-0.02964276155
22.43	-0.02963335947
22.44	-0.02961325068
22.45	-0.02958250653
22.46	-0.02954120181
22.47	-0.0294894147
22.48	-0.0294272267
22.49	-0.02935472262
22.5	-0.02927199052
22.51	-0.02917912162
22.52	-0.02907621029
22.53	-0.02896335398
22.54	-0.02884065318
22.55	-0.02870821134
22.56	-0.02856613483
22.57	-0.02841453289
22.58	-0.02825351758
22.59	-0.02808320367
22.6	-0.02790370865
22.61	-0.02771515264
22.62	-0.02751765832
22.63	-0.0273113509
22.64	-0.02709635803
22.65	-0.02687280974
22.66	-0.02664083842
22.67	-0.0264005787
22.68	-0.02615216742
22.69	-0.02589574358
22.7	-0.02563144824
22.71	-0.02535942448
22.72	-0.02507981733
22.73	-0.0247927737
22.74	-0.02449844235
22.75	-0.02419697377
22.76	-0.02388852015
22.77	-0.0235732353
22.78	-0.0232512746
22.79	-0.02292279493
22.8	-0.02258795459
22.81	-0.02224691323
22.82	-0.02189983183
22.83	-0.02154687258
22.84	-0.02118819883
22.85	-0.02082397504
22.86	-0.02045436671
22.87	-0.02007954027
22.88	-0.01969966309
22.89	-0.01931490335
22.9	-0.01892543001
22.91	-0.01853141272
22.92	-0.01813302177
22.93	-0.01773042803
22.94	-0.01732380285
22.95	-0.01691331805
22.96	-0.01649914579
22.97	-0.01608145858
22.98	-0.01566042913
22.99	-0.01523623037
23	-0.01480903532
23.01	-0.01437901706
23.02	-0.01394634867
23.03	-0.01351120315
23.04	-0.01307375337
23.05	-0.01263417198
23.06	-0.01219263141
23.07	-0.01174930373
23.08	-0.01130436066
23.09	-0.01085797347
23.1	-0.01041031292
23.11	-0.00996154923
23.12	-0.009511851983
23.13	-0.009061390098
23.14	-0.00861033176
23.15	-0.008158844362
23.16	-0.007707094453
23.17	-0.00725524768
23.18	-0.006803468737
23.19	-0.006351921304
23.2	-0.005900768001
23.21	-0.00545017033
23.22	-0.005000288628
23.23	-0.004551282009
23.24	-0.00410330832
23.25	-0.003656524088
23.26	-0.003211084471
23.27	-0.002767143211
23.28	-0.002324852586
23.29	-0.001884363364
23.3	-0.001445824756
23.31	-0.001009384372
23.32	-0.000575188178
23.33	-0.0001433804505
23.34	0.000285896264
23.35	0.0007125011911
23.36	0.001136295369
23.37	0.001557141688
23.38	0.001974904929
23.39	0.002389451801
23.4	0.002800650982
23.41	0.003208373146
23.42	0.003612491007
23.43	0.00401287935
23.44	0.004409415062
23.45	0.004801977165
23.46	0.005190446851
23.47	0.005574707506
23.48	0.005954644743
23.49	0.006330146432
23.5	0.006701102722
23.51	0.007067406071
23.52	0.007428951269
23.53	0.007785635467
23.54	0.008137358193
23.55	0.008484021379
23.56	0.008825529384
23.57	0.009161789008
23.58	0.009492709517
23.59	0.009818202657
23.6	0.01013818267
23.61	0.01045256633
23.62	0.01076127292
23.63	0.01106422428
23.64	0.0113613448
23.65	0.01165256145
23.66	0.01193780378
23.67	0.01221700391
23.68	0.0124900966
23.69	0.01275701918
23.7	0.01301771163
23.71	0.01327211651
23.72	0.01352017905
23.73	0.01376184709
23.74	0.01399707111
23.75	0.01422580421
23.76	0.01444800216
23.77	0.01466362333
23.78	0.01487262877
23.79	0.01507498213
23.8	0.01527064971
23.81	0.01545960044
23.82	0.01564180588
23.83	0.01581724018
23.84	0.01598588015
23.85	0.01614770517
23.86	0.01630269723
23.87	0.01645084093
23.88	0.01659212341
23.89	0.01672653441
23.9	0.01685406621
23.91	0.01697471365
23.92	0.01708847409
23.93	0.01719534741
23.94	0.01729533598
23.95	0.01738844469
23.96	0.01747468087
23.97	0.0175540543
23.98	0.01762657722
23.99	0.01769226426
24	0.01775113245
24.01	0.01780320121
24.02	0.0178484923
24.03	0.01788702981
24.04	0.01791884015
24.05	0.01794395201
24.06	0.01796239633
24.07	0.0179742063
24.08	0.01797941732
24.09	0.01797806697
24.1	0.01797019499
24.11	0.01795584326
24.12	0.01793505575
24.13	0.0179078785
24.14	0.01787435961
24.15	0.0178345492
24.16	0.01778849936
24.17	0.01773626413
24.18	0.01767789949
24.19	0.01761346331
24.2	0.01754301531
24.21	0.01746661704
24.22	0.01738433184
24.23	0.01729622482
24.24	0.01720236279
24.25	0.01710281429
24.26	0.01699764947
24.27	0.01688694015
24.28	0.01677075968
24.29	0.01664918301
24.3	0.01652228656
24.31	0.01639014825
24.32	0.01625284742
24.33	0.01611046484
24.34	0.01596308261
24.35	0.01581078417
24.36	0.01565365425
24.37	0.01549177881
24.38	0.01532524504
24.39	0.01515414129
24.4	0.01497855705
24.41	0.01479858288
24.42	0.01461431042
24.43	0.01442583231
24.44	0.01423324217
24.45	0.01403663453
24.46	0.01383610485
24.47	0.01363174941
24.48	0.01342366533
24.49	0.01321195049
24.5	0.0129967035
24.51	0.01277802367
24.52	0.01255601096
24.53	0.01233076595
24.54	0.01210238977
24.55	0.01187098412
24.56	0.01163665115
24.57	0.01139949349
24.58	0.01115961418
24.59	0.01091711662
24.6	0.01067210454
24.61	0.01042468199
24.62	0.01017495324
24.63	0.009923022793
24.64	0.009668995321
24.65	0.009412975633
24.66	0.009155068634
24.67	0.008895379286
24.68	0.008634012572
24.69	0.008371073455
24.7	0.008106666842
24.71	0.007840897545
24.72	0.007573870244
24.73	0.00730568945
24.74	0.007036459467
24.75	0.006766284358
24.76	0.006495267905
24.77	0.006223513574
24.78	0.005951124483
24.79	0.005678203361
24.8	0.005404852516
24.81	0.005131173802
24.82	0.004857268581
24.83	0.004583237692
24.84	0.004309181415
24.85	0.004035199441
24.86	0.003761390836
24.87	0.003487854012
24.88	0.003214686692
24.89	0.002941985882
24.9	0.002669847837
24.91	0.002398368032
24.92	0.002127641133
24.93	0.001857760963
24.94	0.001588820481
24.95	0.001320911744
24.96	0.001054125886
24.97	0.0007885530881
24.98	0.0005242825506
24.99	0.0002614024675
25	7.452374782e-17
25.01	-0.0002598387485
25.02	-0.0005180287578
25.03	-0.0007744861151
25.04	-0.001029128039
25.05	-0.001281872902
25.06	-0.001532640255
25.07	-0.001781350847
25.08	-0.00202792665
25.09	-0.002272290877
25.1	-0.002514368003
25.11	-0.002754083787
25.12	-0.002991365287
25.13	-0.003226140886
25.14	-0.003458340301
25.15	-0.003687894608
25.16	-0.003914736254
25.17	-0.004138799078
25.18	-0.004360018322
25.19	-0.004578330648
25.2	-0.004793674154
25.21	-0.005005988386
25.22	-0.005215214351
25.23	-0.005421294533
25.24	-0.005624172899
25.25	-0.005823794918
25.26	-0.006020107565
25.27	-0.006213059336
25.28	-0.006402600254
25.29	-0.006588681882
25.3	-0.006771257327
25.31	-0.006950281251
25.32	-0.007125709878
25.33	-0.007297500999
25.34	-0.007465613977
25.35	-0.007630009756
25.36	-0.007790650864
25.37	-0.007947501416
25.38	-0.008100527117
25.39	-0.00824969527
25.4	-0.008394974771
25.41	-0.008536336116
25.42	-0.008673751401
25.43	-0.008807194322
25.44	-0.008936640175
25.45	-0.009062065854
25.46	-0.009183449854
25.47	-0.009300772265
25.48	-0.009414014771
25.49	-0.009523160648
25.5	-0.009628194761
25.51	-0.009729103558
25.52	-0.009825875065
25.53	-0.009918498884
25.54	-0.01000696619
25.55	-0.0100912697
25.56	-0.01017140372
25.57	-0.01024736409
25.58	-0.01031914817
25.59	-0.01038675488
25.6	-0.01045018465
25.61	-0.01050943943
25.62	-0.01056452269
25.63	-0.01061543935
25.64	-0.01066219586
25.65	-0.01070480011
25.66	-0.01074326148
25.67	-0.01077759078
25.68	-0.01080780026
25.69	-0.01083390358
25.7	-0.01085591584
25.71	-0.0108738535
25.72	-0.01088773444
25.73	-0.01089757787
25.74	-0.01090340437
25.75	-0.01090523586
25.76	-0.01090309557
25.77	-0.01089700803
25.78	-0.01088699907
25.79	-0.01087309579
25.8	-0.01085532652
25.81	-0.01083372085
25.82	-0.01080830957
25.83	-0.01077912469
25.84	-0.01074619937
25.85	-0.01070956795
25.86	-0.0106692659
25.87	-0.01062532981
25.88	-0.0105777974
25.89	-0.01052670742
25.9	-0.01047209973
25.91	-0.01041401519
25.92	-0.0103524957
25.93	-0.01028758416
25.94	-0.01021932443
25.95	-0.01014776133
25.96	-0.01007294062
25.97	-0.009994908955
25.98	-0.009913713888
25.99	-0.009829403832
26	-0.009742028043
26.01	-0.009651636595
26.02	-0.00955828036
26.03	-0.009462010979
26.04	-0.009362880845
26.05	-0.009260943075
26.06	-0.00915625149
26.07	-0.009048860585
26.08	-0.008938825515
26.09	-0.008826202061
26.1	-0.008711046613
26.11	-0.008593416142
26.12	-0.008473368178
26.13	-0.008350960784
26.14	-0.008226252533
26.15	-0.008099302483
26.16	-0.007970170154
26.17	-0.007838915501
26.18	-0.007705598894
26.19	-0.007570281086
26.2	-0.007433023198
26.21	-0.007293886688
26.22	-0.007152933329
26.23	-0.007010225184
26.24	-0.006865824583
26.25	-0.006719794096
26.26	-0.006572196513
26.27	-0.006423094815
26.28	-0.006272552156
26.29	-0.006120631832
26.3	-0.005967397263
26.31	-0.005812911966
26.32	-0.005657239533
26.33	-0.005500443607
26.34	-0.005342587855
26.35	-0.005183735954
26.36	-0.005023951556
26.37	-0.004863298276
26.38	-0.004701839659
26.39	-0.004539639167
26.4	-0.004376760149
26.41	-0.004213265822
26.42	-0.00404921925
26.43	-0.003884683317
26.44	-0.003719720711
26.45	-0.003554393901
26.46	-0.003388765111
26.47	-0.003222896305
26.48	-0.003056849164
26.49	-0.002890685063
26.5	-0.002724465054
26.51	-0.002558249841
26.52	-0.002392099768
26.53	-0.00222607479
26.54	-0.00206023446
26.55	-0.001894637908
26.56	-0.00172934382
26.57	-0.001564410422
26.58	-0.001399895462
26.59	-0.001235856189
26.6	-0.001072349337
26.61	-0.000909431107
26.62	-0.0007471571507
26.63	-0.0005855825526
26.64	-0.0004247618136
26.65	-0.0002647488349
26.66	-0.0001055969018
26.67	5.264133199e-05
26.68	0.0002099138594
26.69	0.0003661693354
26.7	0.0005213570913
26.71	0.0006754271496
26.72	0.0008283302373
26.73	0.0009800178004
26.74	0.001130442017
26.75	0.001279555809
26.76	0.001427312857
26.77	0.001573667612
26.78	0.001718575305
26.79	0.001861991961
26.8	0.002003874411
26.81	0.0021441803
26.82	0.002282868099
26.83	0.002419897116
26.84	0.002555227504
26.85	0.002688820271
26.86	0.002820637292
26.87	0.002950641312
26.88	0.003078795959
26.89	0.003205065749
26.9	0.003329416096
26.91	0.003451813317
26.92	0.003572224641
26.93	0.003690618214
26.94	0.003806963106
26.95	0.003921229313
26.96	0.00403338777
26.97	0.004143410349
26.98	0.004251269865
26.99	0.004356940084
27	0.004460395721
27.01	0.00456161245
27.02	0.004660566901
27.03	0.004757236666
27.04	0.004851600301
27.05	0.00494363733
27.06	0.00503332824
27.07	0.005120654492
27.08	0.005205598512
27.09	0.005288143701
27.1	0.005368274426
27.11	0.005445976027
27.12	0.005521234814
27.13	0.005594038066
27.14	0.00566437403
27.15	0.005732231917
27.16	0.005797601907
27.17	0.00586047514
27.18	0.005920843714
27.19	0.005978700687
27.2	0.006034040069
27.21	0.006086856822
27.22	0.006137146853
27.23	0.00618490701
27.24	0.006230135082
27.25	0.006272829788
27.26	0.006312990775
27.27	0.006350618615
27.28	0.006385714793
27.29	0.006418281708
27.3	0.006448322661
27.31	0.006475841851
27.32	0.006500844368
27.33	0.006523336187
27.34	0.006543324158
27.35	0.006560815998
27.36	0.006575820286
27.37	0.006588346455
27.38	0.006598404777
27.39	0.006606006364
27.4	0.006611163149
27.41	0.006613887885
27.42	0.006614194132
27.43	0.006612096245
27.44	0.006607609367
27.45	0.00660074942
27.46	0.006591533091
27.47	0.006579977824
27.48	0.006566101806
27.49	0.00654992396
27.5	0.006531463933
27.51	0.00651074208
27.52	0.006487779458
27.53	0.006462597812
27.54	0.006435219563
27.55	0.006405667793
27.56	0.006373966239
27.57	0.006340139275
27.58	0.006304211901
27.59	0.006266209732
27.6	0.006226158979
27.61	0.006184086447
27.62	0.006140019508
27.63	0.0060939861
27.64	0.006046014706
27.65	0.005996134341
27.66	0.005944374543
27.67	0.005890765353
27.68	0.005835337305
27.69	0.005778121412
27.7	0.00571914915
27.71	0.005658452445
27.72	0.005596063656
27.73	0.005532015567
27.74	0.005466341366
27.75	0.005399074633
27.76	0.005330249327
27.77	0.005259899768
27.78	0.005188060626
27.79	0.005114766904
27.8	0.005040053924
27.81	0.004963957313
27.82	0.004886512984
27.83	0.00480775713
27.84	0.004727726199
27.85	0.004646456887
27.86	0.004563986119
27.87	0.004480351036
27.88	0.00439558898
27.89	0.004309737478
27.9	0.004222834229
27.91	0.004134917088
27.92	0.004046024052
27.93	0.003956193246
27.94	0.003865462905
27.95	0.003773871365
27.96	0.003681457044
27.97	0.003588258428
27.98	0.00349431406
27.99	0.003399662522
28	0.003304342422
28.01	0.00320839238
28.02	0.003111851013
28.03	0.003014756923
28.04	0.002917148683
28.05	0.002819064818
28.06	0.002720543798
28.07	0.002621624023
28.08	0.002522343805
28.09	0.002422741359
28.1	0.00232285479
28.11	0.002222722075
28.12	0.002122381056
28.13	0.002021869424
28.14	0.001921224705
28.15	0.001820484249
28.16	0.00171968522
28.17	0.001618864577
28.18	0.001518059069
28.19	0.001417305218
28.2	0.001316639309
28.21	0.001216097379
28.22	0.001115715202
28.23	0.001015528284
28.24	0.0009155718426
28.25	0.0008158808053
28.26	0.0007164897922
28.27	0.0006174331078
28.28	0.0005187447299
28.29	0.0004204582992
28.3	0.0003226071093
28.31	0.0002252240966
28.32	0.0001283418303
28.33	3.199250289e-05
28.34	-6.379207917e-05
28.35	-0.0001589805049
28.36	-0.0002535417676
28.37	-0.0003474452742
28.38	-0.000440660853
28.39	-0.0005331587631
28.4	-0.000624909702
28.41	-0.0007158848138
28.42	-0.000806055697
28.43	-0.000895394412
28.44	-0.0009838734889
28.45	-0.001071465934
28.46	-0.001158145237
28.47	-0.001243885379
28.48	-0.001328660835
28.49	-0.001412446587
28.5	-0.001495218124
28.51	-0.001576951448
28.52	-0.001657623086
28.53	-0.001737210089
28.54	-0.001815690037
28.55	-0.001893041049
28.56	-0.001969241785
28.57	-0.002044271449
28.58	-0.002118109795
28.59	-0.002190737131
28.6	-0.002262134324
28.61	-0.0023322828
28.62	-0.00240116455
28.63	-0.002468762135
28.64	-0.002535058685
28.65	-0.002600037903
28.66	-0.002663684068
28.67	-0.00272598204
28.68	-0.002786917255
28.69	-0.002846475734
28.7	-0.00290464408
28.71	-0.002961409483
28.72	-0.003016759718
28.73	-0.003070683146
28.74	-0.003123168718
28.75	-0.003174205972
28.76	-0.003223785035
28.77	-0.003271896623
28.78	-0.00331853204
28.79	-0.003363683177
28.8	-0.003407342516
28.81	-0.003449503123
28.82	-0.00349015865
28.83	-0.003529303335
28.84	-0.003566931998
28.85	-0.00360304004
28.86	-0.003637623445
28.87	-0.003670678771
28.88	-0.003702203154
28.89	-0.003732194301
28.9	-0.003760650493
28.91	-0.003787570576
28.92	-0.00381295396
28.93	-0.003836800621
28.94	-0.003859111088
28.95	-0.003879886449
28.96	-0.003899128341
28.97	-0.003916838948
28.98	-0.003933020997
28.99	-0.003947677757
29	-0.003960813027
29.01	-0.003972431138
29.02	-0.003982536946
29.03	-0.003991135827
29.04	-0.003998233673
29.05	-0.004003836886
29.06	-0.00400795237
29.07	-0.00401058753
29.08	-0.004011750266
29.09	-0.004011448962
29.1	-0.004009692487
29.11	-0.004006490182
29.12	-0.004001851861
29.13	-0.003995787797
29.14	-0.003988308723
29.15	-0.00397942582
29.16	-0.00396915071
29.17	-0.003957495456
29.18	-0.003944472545
29.19	-0.00393009489
29.2	-0.003914375816
29.21	-0.003897329058
29.22	-0.003878968748
29.23	-0.003859309413
29.24	-0.003838365965
29.25	-0.003816153691
29.26	-0.003792688249
29.27	-0.003767985659
29.28	-0.003742062294
29.29	-0.00371493487
29.3	-0.003686620445
29.31	-0.003657136403
29.32	-0.003626500449
29.33	-0.0035947306
29.34	-0.003561845179
29.35	-0.003527862804
29.36	-0.003492802379
29.37	-0.003456683086
29.38	-0.00341952438
29.39	-0.003381345973
29.4	-0.003342167832
29.41	-0.003302010168
29.42	-0.003260893425
29.43	-0.003218838275
29.44	-0.003175865604
29.45	-0.003131996511
29.46	-0.003087252291
29.47	-0.00304165443
29.48	-0.002995224595
29.49	-0.002947984629
29.5	-0.002899956533
29.51	-0.002851162468
29.52	-0.002801624737
29.53	-0.002751365781
29.54	-0.002700408169
29.55	-0.002648774588
29.56	-0.002596487835
29.57	-0.002543570809
29.58	-0.002490046499
29.59	-0.002435937979
29.6	-0.002381268396
29.61	-0.002326060962
29.62	-0.002270338946
29.63	-0.002214125665
29.64	-0.002157444475
29.65	-0.002100318761
29.66	-0.00204277193
29.67	-0.001984827405
29.68	-0.001926508608
29.69	-0.001867838961
29.7	-0.001808841871
29.71	-0.001749540725
29.72	-0.00168995888
29.73	-0.001630119657
29.74	-0.001570046328
29.75	-0.001509762112
29.76	-0.001449290168
29.77	-0.001388653581
29.78	-0.001327875359
29.79	-0.001266978425
29.8	-0.001205985608
29.81	-0.001144919632
29.82	-0.001083803116
29.83	-0.00102265856
29.84	-0.0009615083393
29.85	-0.0009003746974
29.86	-0.0008392797396
29.87	-0.0007782454242
29.88	-0.0007172935564
29.89	-0.000656445781
29.9	-0.0005957235755
29.91	-0.0005351482432
29.92	-0.0004747409067
29.93	-0.0004145225013
29.94	-0.0003545137683
29.95	-0.0002947352489
29.96	-0.0002352072778
29.97	-0.0001759499768
29.98	-0.0001169832495
29.99	-5.832677443e-05
30	-6.80100397e-18
