temps	angle
0	0
0.01	0.6263704532
0.02	1.248593872
0.03	1.866297647
0.04	2.479114287
0.05	3.08668162
0.06	3.688642992
0.07	4.284647465
0.08	4.874350002
0.09	5.457411658
0.1	6.033499756
0.11	6.602288063
0.12	7.163456961
0.13	7.716693608
0.14	8.261692103
0.15	8.798153634
0.16	9.325786631
0.17	9.844306905
0.18	10.35343779
0.19	10.85291027
0.2	11.3424631
0.21	11.82184296
0.22	12.29080451
0.23	12.74911054
0.24	13.19653208
0.25	13.63284848
0.26	14.05784748
0.27	14.47132534
0.28	14.87308689
0.29	15.26294561
0.3	15.6407237
0.31	16.00625214
0.32	16.35937074
0.33	16.6999282
0.34	17.02778215
0.35	17.34279919
0.36	17.64485489
0.37	17.93383387
0.38	18.20962978
0.39	18.47214534
0.4	18.72129231
0.41	18.95699154
0.42	19.17917294
0.43	19.38777545
0.44	19.58274708
0.45	19.76404483
0.46	19.9316347
0.47	20.08549167
0.48	20.2255996
0.49	20.35195126
0.5	20.46454824
0.51	20.5634009
0.52	20.64852833
0.53	20.71995826
0.54	20.777727
0.55	20.82187939
0.56	20.85246866
0.57	20.86955643
0.58	20.87321254
0.59	20.86351501
0.6	20.84054991
0.61	20.80441128
0.62	20.755201
0.63	20.6930287
0.64	20.61801163
0.65	20.53027455
0.66	20.42994957
0.67	20.31717608
0.68	20.19210057
0.69	20.05487653
0.7	19.90566426
0.71	19.74463079
0.72	19.57194969
0.73	19.38780092
0.74	19.1923707
0.75	18.98585133
0.76	18.76844106
0.77	18.5403439
0.78	18.30176946
0.79	18.05293279
0.8	17.79405422
0.81	17.52535917
0.82	17.24707797
0.83	16.95944571
0.84	16.66270203
0.85	16.35709098
0.86	16.04286079
0.87	15.72026372
0.88	15.38955587
0.89	15.05099697
0.9	14.70485024
0.91	14.35138215
0.92	13.99086225
0.93	13.623563
0.94	13.24975954
0.95	12.86972954
0.96	12.48375295
0.97	12.0921119
0.98	11.69509039
0.99	11.29297419
1	10.88605062
1.01	10.47460833
1.02	10.05893715
1.03	9.639327856
1.04	9.21607202
1.05	8.789461787
1.06	8.359789702
1.07	7.927348513
1.08	7.492430985
1.09	7.055329715
1.1	6.616336945
1.11	6.175744374
1.12	5.733842981
1.13	5.290922838
1.14	4.847272934
1.15	4.403180995
1.16	3.958933307
1.17	3.514814544
1.18	3.071107595
1.19	2.628093393
1.2	2.186050748
1.21	1.745256182
1.22	1.305983766
1.23	0.868504958
1.24	0.4330884477
1.25	2.104216538e-15
1.26	-0.4304976971
1.27	-0.8581451815
1.28	-1.282686364
1.29	-1.703868671
1.3	-2.121443185
1.31	-2.535164782
1.32	-2.944792266
1.33	-3.350088497
1.34	-3.750820522
1.35	-4.146759696
1.36	-4.537681801
1.37	-4.923367168
1.38	-5.303600785
1.39	-5.678172407
1.4	-6.046876666
1.41	-6.409513168
1.42	-6.765886593
1.43	-7.115806791
1.44	-7.459088871
1.45	-7.795553287
1.46	-8.125025922
1.47	-8.447338165
1.48	-8.762326989
1.49	-9.069835019
1.5	-9.369710599
1.51	-9.661807856
1.52	-9.945986755
1.53	-10.22211316
1.54	-10.49005888
1.55	-10.74970171
1.56	-11.00092549
1.57	-11.24362012
1.58	-11.47768161
1.59	-11.70301212
1.6	-11.91951994
1.61	-12.12711959
1.62	-12.32573174
1.63	-12.51528332
1.64	-12.69570745
1.65	-12.86694349
1.66	-13.02893705
1.67	-13.18163994
1.68	-13.32501021
1.69	-13.45901212
1.7	-13.58361611
1.71	-13.69879884
1.72	-13.80454308
1.73	-13.90083776
1.74	-13.9876779
1.75	-14.0650646
1.76	-14.13300498
1.77	-14.19151215
1.78	-14.24060517
1.79	-14.28030901
1.8	-14.31065447
1.81	-14.33167815
1.82	-14.34342239
1.83	-14.34593519
1.84	-14.33927018
1.85	-14.32348652
1.86	-14.29864882
1.87	-14.26482713
1.88	-14.22209677
1.89	-14.17053835
1.9	-14.11023759
1.91	-14.0412853
1.92	-13.96377729
1.93	-13.87781424
1.94	-13.78350162
1.95	-13.68094963
1.96	-13.57027306
1.97	-13.45159119
1.98	-13.32502771
1.99	-13.19071061
2	-13.04877207
2.01	-12.89934832
2.02	-12.74257959
2.03	-12.57860993
2.04	-12.40758716
2.05	-12.22966269
2.06	-12.04499146
2.07	-11.85373178
2.08	-11.65604521
2.09	-11.45209646
2.1	-11.24205326
2.11	-11.02608622
2.12	-10.80436871
2.13	-10.57707675
2.14	-10.34438885
2.15	-10.10648592
2.16	-9.863551086
2.17	-9.615769626
2.18	-9.363328788
2.19	-9.106417679
2.2	-8.845227131
2.21	-8.579949565
2.22	-8.310778864
2.23	-8.037910237
2.24	-7.761540087
2.25	-7.481865879
2.26	-7.199086005
2.27	-6.913399657
2.28	-6.62500669
2.29	-6.334107492
2.3	-6.040902853
2.31	-5.745593835
2.32	-5.448381642
2.33	-5.149467488
2.34	-4.849052472
2.35	-4.547337447
2.36	-4.244522897
2.37	-3.940808807
2.38	-3.636394542
2.39	-3.331478719
2.4	-3.02625909
2.41	-2.720932417
2.42	-2.415694353
2.43	-2.110739324
2.44	-1.806260413
2.45	-1.502449242
2.46	-1.199495863
2.47	-0.8975886406
2.48	-0.5969141462
2.49	-0.2976570469
2.5	-2.892410934e-15
2.51	0.2958764517
2.52	0.5897939829
2.53	0.8815765859
2.54	1.17105067
2.55	1.458045156
2.56	1.742391575
2.57	2.023924153
2.58	2.302479907
2.59	2.577898732
2.6	2.850023481
2.61	3.118700053
2.62	3.38377747
2.63	3.645107958
2.64	3.902547019
2.65	4.155953503
2.66	4.405189682
2.67	4.650121317
2.68	4.890617718
2.69	5.126551811
2.7	5.357800196
2.71	5.584243206
2.72	5.805764955
2.73	6.022253397
2.74	6.233600369
2.75	6.43970164
2.76	6.640456953
2.77	6.835770064
2.78	7.025548782
2.79	7.209705001
2.8	7.388154735
2.81	7.560818144
2.82	7.727619561
2.83	7.888487516
2.84	8.043354757
2.85	8.192158266
2.86	8.334839276
2.87	8.471343281
2.88	8.601620045
2.89	8.725623614
2.9	8.843312312
2.91	8.954648746
2.92	9.059599805
2.93	9.158136655
2.94	9.25023473
2.95	9.335873723
2.96	9.415037575
2.97	9.487714458
2.98	9.553896759
2.99	9.613581058
3	9.666768106
3.01	9.713462798
3.02	9.753674148
3.03	9.787415257
3.04	9.814703279
3.05	9.835559388
3.06	9.850008739
3.07	9.858080429
3.08	9.859807453
3.09	9.855226664
3.1	9.844378719
3.11	9.827308038
3.12	9.804062749
3.13	9.774694635
3.14	9.73925908
3.15	9.697815014
3.16	9.650424849
3.17	9.597154424
3.18	9.538072938
3.19	9.47325289
3.2	9.402770007
3.21	9.326703183
3.22	9.245134406
3.23	9.158148686
3.24	9.065833985
3.25	8.968281144
3.26	8.865583804
3.27	8.757838333
3.28	8.645143747
3.29	8.527601629
3.3	8.405316053
3.31	8.278393497
3.32	8.146942766
3.33	8.011074905
3.34	7.870903118
3.35	7.726542679
3.36	7.578110847
3.37	7.425726781
3.38	7.269511453
3.39	7.109587555
3.4	6.946079417
3.41	6.779112913
3.42	6.608815372
3.43	6.43531549
3.44	6.258743239
3.45	6.079229775
3.46	5.896907348
3.47	5.711909212
3.48	5.52436953
3.49	5.334423289
3.5	5.142206204
3.51	4.947854628
3.52	4.751505464
3.53	4.55329607
3.54	4.35336417
3.55	4.151847765
3.56	3.948885043
3.57	3.744614289
3.58	3.539173796
3.59	3.332701776
3.6	3.125336274
3.61	2.917215081
3.62	2.708475643
3.63	2.499254982
3.64	2.289689606
3.65	2.079915428
3.66	1.870067679
3.67	1.66028083
3.68	1.450688508
3.69	1.241423416
3.7	1.032617256
3.71	0.8244006465
3.72	0.6169030495
3.73	0.4102526931
3.74	0.2045764971
3.75	2.981884537e-15
3.76	-0.2033527131
3.77	-0.4053590811
3.78	-0.6058981359
3.79	-0.8048505703
3.8	-1.002098804
3.81	-1.197527049
3.82	-1.391021371
3.83	-1.582469755
3.84	-1.77176216
3.85	-1.958790583
3.86	-2.14344911
3.87	-2.325633977
3.88	-2.50524362
3.89	-2.682178726
3.9	-2.856342286
3.91	-3.02763964
3.92	-3.195978526
3.93	-3.361269124
3.94	-3.523424097
3.95	-3.682358633
3.96	-3.837990485
3.97	-3.990240009
3.98	-4.139030194
3.99	-4.284286702
4	-4.425937896
4.01	-4.56391487
4.02	-4.698151477
4.03	-4.828584355
4.04	-4.955152951
4.05	-5.07779954
4.06	-5.196469249
4.07	-5.311110075
4.08	-5.421672896
4.09	-5.52811149
4.1	-5.630382547
4.11	-5.728445675
4.12	-5.822263414
4.13	-5.911801237
4.14	-5.997027561
4.15	-6.077913741
4.16	-6.154434078
4.17	-6.226565816
4.18	-6.294289137
4.19	-6.357587156
4.2	-6.416445918
4.21	-6.470854385
4.22	-6.520804427
4.23	-6.566290813
4.24	-6.607311192
4.25	-6.64386608
4.26	-6.675958841
4.27	-6.703595671
4.28	-6.726785573
4.29	-6.745540338
4.3	-6.759874518
4.31	-6.769805402
4.32	-6.775352988
4.33	-6.776539954
4.34	-6.773391626
4.35	-6.76593595
4.36	-6.754203454
4.37	-6.738227216
4.38	-6.718042826
4.39	-6.693688349
4.4	-6.665204287
4.41	-6.632633535
4.42	-6.596021343
4.43	-6.555415271
4.44	-6.510865146
4.45	-6.462423017
4.46	-6.410143104
4.47	-6.354081758
4.48	-6.294297405
4.49	-6.230850501
4.5	-6.163803479
4.51	-6.093220699
4.52	-6.019168392
4.53	-5.941714611
4.54	-5.860929174
4.55	-5.776883608
4.56	-5.689651096
4.57	-5.599306418
4.58	-5.505925894
4.59	-5.409587328
4.6	-5.310369945
4.61	-5.208354338
4.62	-5.103622404
4.63	-4.996257283
4.64	-4.886343303
4.65	-4.773965913
4.66	-4.659211624
4.67	-4.54216795
4.68	-4.422923342
4.69	-4.301567127
4.7	-4.178189448
4.71	-4.052881199
4.72	-3.925733963
4.73	-3.79683995
4.74	-3.666291935
4.75	-3.534183193
4.76	-3.400607439
4.77	-3.265658764
4.78	-3.129431572
4.79	-2.992020521
4.8	-2.853520456
4.81	-2.714026353
4.82	-2.573633254
4.83	-2.432436206
4.84	-2.2905302
4.85	-2.148010114
4.86	-2.004970649
4.87	-1.861506271
4.88	-1.717711154
4.89	-1.573679118
4.9	-1.429503574
4.91	-1.285277466
4.92	-1.141093214
4.93	-0.9970426583
4.94	-0.8532170045
4.95	-0.7097067692
4.96	-0.5666017258
4.97	-0.423990852
4.98	-0.2819622775
4.99	-0.1406032331
5	-2.732556364e-15
5.01	0.1397621395
5.02	0.2785989505
5.03	0.4164272929
5.04	0.553165168
5.05	0.6887317643
5.06	0.8230475016
5.07	0.956034075
5.08	1.087614497
5.09	1.217713137
5.1	1.346255767
5.11	1.473169593
5.12	1.598383299
5.13	1.721827081
5.14	1.843432682
5.15	1.963133429
5.16	2.080864264
5.17	2.196561776
5.18	2.310164232
5.19	2.421611606
5.2	2.530845609
5.21	2.637809713
5.22	2.742449178
5.23	2.844711077
5.24	2.944544318
5.25	3.041899664
5.26	3.136729759
5.27	3.22898914
5.28	3.318634259
5.29	3.405623498
5.3	3.489917183
5.31	3.571477603
5.32	3.650269013
5.33	3.726257654
5.34	3.799411759
5.35	3.86970156
5.36	3.937099297
5.37	4.001579223
5.38	4.063117609
5.39	4.121692747
5.4	4.177284951
5.41	4.229876559
5.42	4.279451929
5.43	4.325997441
5.44	4.369501491
5.45	4.409954487
5.46	4.447348843
5.47	4.481678972
5.48	4.512941277
5.49	4.541134144
5.5	4.566257926
5.51	4.588314937
5.52	4.607309434
5.53	4.623247605
5.54	4.636137554
5.55	4.645989282
5.56	4.652814673
5.57	4.656627469
5.58	4.657443257
5.59	4.655279446
5.6	4.650155239
5.61	4.642091621
5.62	4.631111323
5.63	4.617238809
5.64	4.600500238
5.65	4.580923447
5.66	4.558537918
5.67	4.533374751
5.68	4.505466634
5.69	4.474847811
5.7	4.441554055
5.71	4.405622631
5.72	4.367092269
5.73	4.326003124
5.74	4.282396747
5.75	4.236316048
5.76	4.18780526
5.77	4.136909903
5.78	4.08367675
5.79	4.028153785
5.8	3.970390168
5.81	3.910436198
5.82	3.84834327
5.83	3.784163837
5.84	3.717951373
5.85	3.64976033
5.86	3.579646097
5.87	3.507664961
5.88	3.433874065
5.89	3.358331365
5.9	3.281095589
5.91	3.202226197
5.92	3.121783335
5.93	3.039827794
5.94	2.956420968
5.95	2.871624812
5.96	2.785501796
5.97	2.698114864
5.98	2.609527391
5.99	2.51980314
6	2.429006218
6.01	2.337201034
6.02	2.244452257
6.03	2.150824768
6.04	2.056383626
6.05	1.961194016
6.06	1.865321215
6.07	1.768830543
6.08	1.671787326
6.09	1.574256849
6.1	1.476304322
6.11	1.377994831
6.12	1.279393303
6.13	1.18056446
6.14	1.081572786
6.15	0.9824824805
6.16	0.8833574228
6.17	0.7842611321
6.18	0.6852567295
6.19	0.5864068997
6.2	0.4877738535
6.21	0.3894192915
6.22	0.2914043669
6.23	0.1937896504
6.24	0.0966350947
6.25	2.347570866e-15
6.26	-0.09605702009
6.27	-0.1914780718
6.28	-0.2862060138
6.29	-0.3801844894
6.3	-0.4733579575
6.31	-0.5656717238
6.32	-0.6570719699
6.33	-0.7475057829
6.34	-0.8369211839
6.35	-0.925267155
6.36	-1.012493667
6.37	-1.098551705
6.38	-1.183393292
6.39	-1.266971519
6.4	-1.349240559
6.41	-1.4301557
6.42	-1.509673359
6.43	-1.587751109
6.44	-1.664347694
6.45	-1.739423053
6.46	-1.812938335
6.47	-1.884855918
6.48	-1.955139424
6.49	-2.02375374
6.5	-2.090665027
6.51	-2.155840734
6.52	-2.219249618
6.53	-2.280861747
6.54	-2.340648518
6.55	-2.398582664
6.56	-2.454638266
6.57	-2.508790757
6.58	-2.561016936
6.59	-2.611294968
6.6	-2.659604394
6.61	-2.705926136
6.62	-2.750242498
6.63	-2.792537171
6.64	-2.832795236
6.65	-2.871003162
6.66	-2.90714881
6.67	-2.94122143
6.68	-2.973211662
6.69	-3.003111529
6.7	-3.030914439
6.71	-3.056615179
6.72	-3.080209908
6.73	-3.101696156
6.74	-3.121072811
6.75	-3.138340117
6.76	-3.153499664
6.77	-3.166554378
6.78	-3.177508512
6.79	-3.186367636
6.8	-3.193138623
6.81	-3.197829641
6.82	-3.200450135
6.83	-3.201010817
6.84	-3.199523653
6.85	-3.196001841
6.86	-3.190459802
6.87	-3.182913161
6.88	-3.173378731
6.89	-3.161874491
6.9	-3.148419572
6.91	-3.133034238
6.92	-3.115739863
6.93	-3.096558913
6.94	-3.075514925
6.95	-3.052632483
6.96	-3.027937201
6.97	-3.001455696
6.98	-2.973215567
6.99	-2.943245372
7	-2.911574601
7.01	-2.878233657
7.02	-2.843253824
7.03	-2.806667248
7.04	-2.76850691
7.05	-2.728806595
7.06	-2.687600874
7.07	-2.64492507
7.08	-2.600815234
7.09	-2.555308118
7.1	-2.508441145
7.11	-2.460252384
7.12	-2.410780521
7.13	-2.36006483
7.14	-2.308145142
7.15	-2.255061821
7.16	-2.200855734
7.17	-2.145568217
7.18	-2.089241052
7.19	-2.031916435
7.2	-1.973636946
7.21	-1.91444552
7.22	-1.854385419
7.23	-1.793500198
7.24	-1.731833683
7.25	-1.669429932
7.26	-1.606333213
7.27	-1.542587973
7.28	-1.478238804
7.29	-1.413330419
7.3	-1.347907621
7.31	-1.282015273
7.32	-1.215698268
7.33	-1.149001505
7.34	-1.081969855
7.35	-1.014648133
7.36	-0.9470810737
7.37	-0.8793133002
7.38	-0.8113892964
7.39	-0.7433533801
7.4	-0.6752496755
7.41	-0.607122086
7.42	-0.5390142679
7.43	-0.4709696034
7.44	-0.4030311752
7.45	-0.33524174
7.46	-0.267643704
7.47	-0.2002790971
7.48	-0.133189549
7.49	-0.06641626454
7.5	-1.936152345e-15
7.51	0.06601896006
7.52	0.1316008259
7.53	0.1967063248
7.54	0.2612967235
7.55	0.3253338493
7.56	0.3887801111
7.57	0.4515985203
7.58	0.5137527104
7.59	0.5752069569
7.6	0.6359261957
7.61	0.6958760422
7.62	0.7550228088
7.63	0.8133335225
7.64	0.8707759412
7.65	0.9273185706
7.66	0.9829306793
7.67	1.037582314
7.68	1.091244315
7.69	1.143888327
7.7	1.195486816
7.71	1.246013081
7.72	1.295441264
7.73	1.343746365
7.74	1.390904249
7.75	1.436891658
7.76	1.481686223
7.77	1.525266469
7.78	1.567611825
7.79	1.608702632
7.8	1.648520149
7.81	1.687046563
7.82	1.72426499
7.83	1.760159483
7.84	1.794715035
7.85	1.827917586
7.86	1.859754022
7.87	1.890212183
7.88	1.919280858
7.89	1.946949794
7.9	1.973209692
7.91	1.998052209
7.92	2.021469955
7.93	2.043456499
7.94	2.064006357
7.95	2.083114999
7.96	2.100778842
7.97	2.116995247
7.98	2.131762514
7.99	2.145079881
8	2.156947516
8.01	2.16736651
8.02	2.176338875
8.03	2.183867534
8.04	2.189956314
8.05	2.194609941
8.06	2.197834027
8.07	2.199635065
8.08	2.200020416
8.09	2.198998304
8.1	2.1965778
8.11	2.192768816
8.12	2.187582091
8.13	2.181029179
8.14	2.173122438
8.15	2.163875017
8.16	2.153300842
8.17	2.141414604
8.18	2.128231742
8.19	2.113768434
8.2	2.098041578
8.21	2.081068775
8.22	2.062868321
8.23	2.043459183
8.24	2.022860989
8.25	2.001094008
8.26	1.978179134
8.27	1.95413787
8.28	1.928992309
8.29	1.902765117
8.3	1.875479517
8.31	1.847159267
8.32	1.817828644
8.33	1.787512427
8.34	1.756235873
8.35	1.724024705
8.36	1.690905087
8.37	1.656903606
8.38	1.622047255
8.39	1.58636341
8.4	1.549879813
8.41	1.51262455
8.42	1.474626032
8.43	1.435912976
8.44	1.396514381
8.45	1.356459513
8.46	1.315777881
8.47	1.274499217
8.48	1.232653458
8.49	1.190270723
8.5	1.147381294
8.51	1.104015596
8.52	1.060204175
8.53	1.015977681
8.54	0.9713668444
8.55	0.9264024567
8.56	0.8811153521
8.57	0.8355363861
8.58	0.7896964159
8.59	0.743626281
8.6	0.6973567834
8.61	0.6509186681
8.62	0.6043426039
8.63	0.5576591644
8.64	0.5108988085
8.65	0.4640918625
8.66	0.4172685006
8.67	0.3704587274
8.68	0.3236923591
8.69	0.2769990057
8.7	0.2304080537
8.71	0.1839486483
8.72	0.1376496762
8.73	0.0915397491
8.74	0.04564718656
8.75	1.55247954e-15
8.76	-0.04537412345
8.77	-0.09044783669
8.78	-0.1351941481
8.79	-0.1795864366
8.8	-0.2235984666
8.81	-0.2672044022
8.82	-0.3103788213
8.83	-0.3530967298
8.84	-0.3953335745
8.85	-0.4370652564
8.86	-0.4782681432
8.87	-0.5189190818
8.88	-0.5589954101
8.89	-0.5984749686
8.9	-0.6373361116
8.91	-0.6755577177
8.92	-0.7131192004
8.93	-0.7500005179
8.94	-0.786182183
8.95	-0.8216452715
8.96	-0.8563714317
8.97	-0.8903428922
8.98	-0.92354247
8.99	-0.9559535779
9	-0.9875602315
9.01	-1.018347056
9.02	-1.048299292
9.03	-1.0774028
9.04	-1.105644071
9.05	-1.133010224
9.06	-1.159489016
9.07	-1.185068842
9.08	-1.209738742
9.09	-1.233488402
9.1	-1.256308159
9.11	-1.278189001
9.12	-1.299122568
9.13	-1.319101157
9.14	-1.33811772
9.15	-1.356165866
9.16	-1.373239862
9.17	-1.389334628
9.18	-1.404445743
9.19	-1.41856944
9.2	-1.431702605
9.21	-1.443842775
9.22	-1.454988136
9.23	-1.465137521
9.24	-1.474290404
9.25	-1.482446902
9.26	-1.489607765
9.27	-1.495774376
9.28	-1.500948742
9.29	-1.505133496
9.3	-1.508331884
9.31	-1.510547764
9.32	-1.511785597
9.33	-1.512050445
9.34	-1.511347958
9.35	-1.509684372
9.36	-1.507066498
9.37	-1.503501718
9.38	-1.498997972
9.39	-1.493563753
9.4	-1.4872081
9.41	-1.479940583
9.42	-1.471771299
9.43	-1.462710859
9.44	-1.452770383
9.45	-1.441961483
9.46	-1.430296257
9.47	-1.41778728
9.48	-1.404447588
9.49	-1.39029067
9.5	-1.375330457
9.51	-1.35958131
9.52	-1.343058007
9.53	-1.325775733
9.54	-1.307750065
9.55	-1.288996965
9.56	-1.26953276
9.57	-1.249374138
9.58	-1.228538126
9.59	-1.207042087
9.6	-1.184903696
9.61	-1.162140938
9.62	-1.138772084
9.63	-1.114815688
9.64	-1.090290564
9.65	-1.065215779
9.66	-1.039610636
9.67	-1.013494662
9.68	-0.9868875936
9.69	-0.9598093619
9.7	-0.9322800806
9.71	-0.9043200309
9.72	-0.8759496478
9.73	-0.8471895061
9.74	-0.8180603066
9.75	-0.7885828619
9.76	-0.7587780825
9.77	-0.728666963
9.78	-0.6982705678
9.79	-0.6676100179
9.8	-0.6367064763
9.81	-0.6055811349
9.82	-0.5742552002
9.83	-0.5427498801
9.84	-0.5110863704
9.85	-0.4792858407
9.86	-0.447369422
9.87	-0.4153581924
9.88	-0.3832731649
9.89	-0.3511352736
9.9	-0.3189653614
9.91	-0.2867841669
9.92	-0.2546123116
9.93	-0.222470288
9.94	-0.1903784469
9.95	-0.1583569851
9.96	-0.1264259338
9.97	-0.0946051467
9.98	-0.06291428814
9.99	-0.03137282193
10	-1.219431478e-15
10.01	0.03118514858
10.02	0.06216382845
10.03	0.09291748855
10.04	0.1234278325
10.05	0.1536768289
10.06	0.1836467208
10.07	0.2133200363
10.08	0.2426795968
10.09	0.2717085273
10.1	0.3003902648
10.11	0.3287085672
10.12	0.3566475215
10.13	0.3841915522
10.14	0.4113254296
10.15	0.4380342765
10.16	0.4643035766
10.17	0.4901191809
10.18	0.5154673151
10.19	0.5403345855
10.2	0.5647079861
10.21	0.5885749037
10.22	0.6119231242
10.23	0.6347408381
10.24	0.6570166451
10.25	0.6787395593
10.26	0.6998990136
10.27	0.720484864
10.28	0.7404873937
10.29	0.7598973165
10.3	0.77870578
10.31	0.7969043694
10.32	0.8144851094
10.33	0.8314404672
10.34	0.8477633543
10.35	0.8634471288
10.36	0.8784855966
10.37	0.8928730128
10.38	0.9066040827
10.39	0.9196739627
10.4	0.9320782602
10.41	0.943813034
10.42	0.9548747943
10.43	0.9652605019
10.44	0.9749675676
10.45	0.983993851
10.46	0.9923376596
10.47	0.9999977468
10.48	1.00697331
10.49	1.013263989
10.5	1.018869862
10.51	1.023791447
10.52	1.028029692
10.53	1.031585979
10.54	1.034462115
10.55	1.036660333
10.56	1.038183283
10.57	1.039034033
10.58	1.03921606
10.59	1.038733248
10.6	1.037589883
10.61	1.035790647
10.62	1.033340611
10.63	1.030245235
10.64	1.026510355
10.65	1.022142182
10.66	1.017147296
10.67	1.011532634
10.68	1.005305492
10.69	0.9984735087
10.7	0.9910446675
10.71	0.9830272832
10.72	0.9744299973
10.73	0.9652617699
10.74	0.955531872
10.75	0.9452498782
10.76	0.9344256582
10.77	0.9230693692
10.78	0.9111914472
10.79	0.8988025991
10.8	0.8859137941
10.81	0.8725362552
10.82	0.85868145
10.83	0.8443610829
10.84	0.8295870853
10.85	0.8143716069
10.86	0.7987270069
10.87	0.7826658445
10.88	0.7662008701
10.89	0.7493450153
10.9	0.7321113843
10.91	0.7145132442
10.92	0.6965640154
10.93	0.6782772625
10.94	0.6596666841
10.95	0.6407461042
10.96	0.6215294618
10.97	0.6020308017
10.98	0.5822642646
10.99	0.5622440781
11	0.5419845464
11.01	0.5215000411
11.02	0.5008049914
11.03	0.479913875
11.04	0.4588412077
11.05	0.4376015349
11.06	0.4162094214
11.07	0.3946794424
11.08	0.3730261737
11.09	0.3512641829
11.1	0.3294080198
11.11	0.3074722074
11.12	0.2854712325
11.13	0.2634195371
11.14	0.241331509
11.15	0.2192214732
11.16	0.1971036832
11.17	0.174992312
11.18	0.1529014438
11.19	0.1308450654
11.2	0.1088370581
11.21	0.08689118887
11.22	0.06502110304
11.23	0.04324031572
11.24	0.02156220416
11.25	9.428649539e-16
11.26	-0.02143321828
11.27	-0.04272453282
11.28	-0.06386119369
11.29	-0.084830626
11.3	-0.1056204369
11.31	-0.1262184223
11.32	-0.1466125739
11.33	-0.1667910851
11.34	-0.1867423578
11.35	-0.2064550085
11.36	-0.2259178741
11.37	-0.2451200178
11.38	-0.2640507349
11.39	-0.2826995578
11.4	-0.301056262
11.41	-0.3191108703
11.42	-0.3368536584
11.43	-0.3542751592
11.44	-0.3713661676
11.45	-0.3881177445
11.46	-0.404521221
11.47	-0.4205682027
11.48	-0.4362505729
11.49	-0.4515604962
11.5	-0.4664904222
11.51	-0.4810330883
11.52	-0.4951815226
11.53	-0.5089290468
11.54	-0.5222692786
11.55	-0.535196134
11.56	-0.5477038293
11.57	-0.5597868835
11.58	-0.571440119
11.59	-0.5826586644
11.6	-0.5934379544
11.61	-0.6037737321
11.62	-0.613662049
11.63	-0.6230992662
11.64	-0.6320820546
11.65	-0.6406073952
11.66	-0.6486725795
11.67	-0.6562752087
11.68	-0.6634131942
11.69	-0.6700847564
11.7	-0.6762884242
11.71	-0.6820230344
11.72	-0.6872877302
11.73	-0.69208196
11.74	-0.6964054761
11.75	-0.7002583329
11.76	-0.703640885
11.77	-0.7065537855
11.78	-0.7089979832
11.79	-0.7109747209
11.8	-0.7124855324
11.81	-0.7135322398
11.82	-0.7141169511
11.83	-0.7142420563
11.84	-0.713910225
11.85	-0.7131244025
11.86	-0.7118878066
11.87	-0.7102039235
11.88	-0.7080765044
11.89	-0.7055095615
11.9	-0.7025073634
11.91	-0.6990744313
11.92	-0.6952155347
11.93	-0.6909356862
11.94	-0.6862401377
11.95	-0.6811343748
11.96	-0.6756241125
11.97	-0.6697152901
11.98	-0.6634140657
11.99	-0.6567268112
12	-0.6496601071
12.01	-0.6422207367
12.02	-0.634415681
12.03	-0.6262521126
12.04	-0.6177373901
12.05	-0.6088790526
12.06	-0.5996848135
12.07	-0.5901625545
12.08	-0.5803203197
12.09	-0.5701663095
12.1	-0.5597088744
12.11	-0.5489565085
12.12	-0.5379178438
12.13	-0.5266016434
12.14	-0.5150167951
12.15	-0.5031723053
12.16	-0.4910772923
12.17	-0.4787409798
12.18	-0.4661726905
12.19	-0.4533818396
12.2	-0.4403779279
12.21	-0.4271705356
12.22	-0.4137693155
12.23	-0.4001839865
12.24	-0.386424327
12.25	-0.372500168
12.26	-0.3584213871
12.27	-0.3441979014
12.28	-0.329839661
12.29	-0.3153566427
12.3	-0.3007588433
12.31	-0.2860562731
12.32	-0.2712589493
12.33	-0.2563768899
12.34	-0.2414201069
12.35	-0.2263986004
12.36	-0.2113223517
12.37	-0.1962013175
12.38	-0.1810454237
12.39	-0.1658645588
12.4	-0.1506685682
12.41	-0.1354672483
12.42	-0.1202703399
12.43	-0.105087523
12.44	-0.08992841066
12.45	-0.07480254314
12.46	-0.05971938253
12.47	-0.04468830702
12.48	-0.02971860541
12.49	-0.01481947174
12.5	-7.200233046e-16
12.51	0.01473082113
12.52	0.02936411335
12.53	0.04389111376
12.54	0.05830317976
12.55	0.07259179389
12.56	0.08674856845
12.57	0.1007652502
12.58	0.1146337246
12.59	0.1283460204
12.6	0.1418943139
12.61	0.1552709327
12.62	0.1684683603
12.63	0.1814792391
12.64	0.1942963752
12.65	0.2069127412
12.66	0.2193214799
12.67	0.2315159079
12.68	0.2434895187
12.69	0.2552359855
12.7	0.2667491647
12.71	0.2780230983
12.72	0.2890520167
12.73	0.2998303416
12.74	0.3103526878
12.75	0.3206138658
12.76	0.3306088843
12.77	0.3403329515
12.78	0.3497814775
12.79	0.3589500758
12.8	0.3678345649
12.81	0.3764309699
12.82	0.3847355234
12.83	0.3927446673
12.84	0.4004550532
12.85	0.4078635437
12.86	0.4149672129
12.87	0.4217633471
12.88	0.4282494453
12.89	0.4344232194
12.9	0.4402825947
12.91	0.4458257093
12.92	0.4510509149
12.93	0.4559567758
12.94	0.4605420689
12.95	0.4648057833
12.96	0.4687471194
12.97	0.4723654884
12.98	0.4756605111
12.99	0.4786320174
13	0.4812800446
13.01	0.4836048364
13.02	0.4856068416
13.03	0.4872867125
13.04	0.4886453031
13.05	0.4896836677
13.06	0.4904030585
13.07	0.4908049243
13.08	0.4908909078
13.09	0.4906628437
13.1	0.4901227563
13.11	0.4892728572
13.12	0.4881155423
13.13	0.48665339
13.14	0.4848891577
13.15	0.4828257791
13.16	0.4804663617
13.17	0.4778141834
13.18	0.4748726895
13.19	0.4716454893
13.2	0.4681363532
13.21	0.464349209
13.22	0.4602881387
13.23	0.4559573747
13.24	0.4513612964
13.25	0.4465044264
13.26	0.441391427
13.27	0.4360270959
13.28	0.4304163628
13.29	0.4245642853
13.3	0.418476045
13.31	0.412156943
13.32	0.4056123965
13.33	0.398847934
13.34	0.3918691917
13.35	0.3846819086
13.36	0.3772919228
13.37	0.3697051669
13.38	0.3619276637
13.39	0.3539655217
13.4	0.3458249308
13.41	0.337512158
13.42	0.3290335427
13.43	0.3203954923
13.44	0.3116044775
13.45	0.3026670284
13.46	0.2935897293
13.47	0.2843792144
13.48	0.2750421635
13.49	0.265585297
13.5	0.2560153718
13.51	0.2463391767
13.52	0.2365635274
13.53	0.2266952627
13.54	0.2167412395
13.55	0.2067083285
13.56	0.1966034096
13.57	0.1864333676
13.58	0.1762050877
13.59	0.1659254512
13.6	0.1556013308
13.61	0.1452395867
13.62	0.134847062
13.63	0.1244305786
13.64	0.113996933
13.65	0.1035528916
13.66	0.09310518737
13.67	0.08266051518
13.68	0.07222552792
13.69	0.0618068325
13.7	0.05141098592
13.71	0.04104449135
13.72	0.0307137943
13.73	0.02042527888
13.74	0.01018526405
13.75	1.979957436e-15
13.76	-0.01012433543
13.77	-0.02018164029
13.78	-0.03016589192
13.79	-0.04007115037
13.8	-0.04989156167
13.81	-0.05962136105
13.82	-0.06925487611
13.83	-0.07878652988
13.84	-0.0882108438
13.85	-0.09752244065
13.86	-0.1067160474
13.87	-0.1157864978
13.88	-0.1247287354
13.89	-0.1335378156
13.9	-0.1422089087
13.91	-0.1507373017
13.92	-0.1591184014
13.93	-0.1673477357
13.94	-0.1754209564
13.95	-0.183333841
13.96	-0.1910822947
13.97	-0.1986623521
13.98	-0.2060701792
13.99	-0.2133020749
14	-0.2203544726
14.01	-0.2272239417
14.02	-0.2339071888
14.03	-0.2404010594
14.04	-0.2467025387
14.05	-0.2528087528
14.06	-0.2587169698
14.07	-0.2644246004
14.08	-0.2699291991
14.09	-0.2752284647
14.1	-0.2803202408
14.11	-0.2852025165
14.12	-0.2898734266
14.13	-0.2943312524
14.14	-0.2985744212
14.15	-0.3026015069
14.16	-0.3064112302
14.17	-0.310002458
14.18	-0.3133742036
14.19	-0.3165256264
14.2	-0.3194560316
14.21	-0.3221648696
14.22	-0.3246517358
14.23	-0.3269163696
14.24	-0.328958654
14.25	-0.3307786147
14.26	-0.3323764192
14.27	-0.333752376
14.28	-0.3349069332
14.29	-0.335840678
14.3	-0.3365543348
14.31	-0.3370487644
14.32	-0.3373249624
14.33	-0.337384058
14.34	-0.337227312
14.35	-0.3368561157
14.36	-0.3362719891
14.37	-0.3354765791
14.38	-0.3344716575
14.39	-0.3332591195
14.4	-0.3318409815
14.41	-0.3302193792
14.42	-0.3283965655
14.43	-0.3263749083
14.44	-0.3241568882
14.45	-0.3217450966
14.46	-0.319142233
14.47	-0.3163511029
14.48	-0.3133746152
14.49	-0.3102157799
14.5	-0.3068777052
14.51	-0.3033635955
14.52	-0.2996767482
14.53	-0.2958205516
14.54	-0.2917984815
14.55	-0.2876140991
14.56	-0.2832710481
14.57	-0.2787730514
14.58	-0.2741239089
14.59	-0.2693274941
14.6	-0.2643877515
14.61	-0.2593086935
14.62	-0.2540943975
14.63	-0.248749003
14.64	-0.2432767081
14.65	-0.2376817673
14.66	-0.2319684877
14.67	-0.2261412263
14.68	-0.2202043868
14.69	-0.2141624166
14.7	-0.2080198037
14.71	-0.2017810733
14.72	-0.1954507852
14.73	-0.1890335302
14.74	-0.1825339272
14.75	-0.1759566203
14.76	-0.1693062751
14.77	-0.1625875761
14.78	-0.1558052236
14.79	-0.1489639302
14.8	-0.142068418
14.81	-0.1351234156
14.82	-0.1281336548
14.83	-0.1211038677
14.84	-0.1140387837
14.85	-0.1069431264
14.86	-0.09982161077
14.87	-0.09267893999
14.88	-0.08551980266
14.89	-0.07834886984
14.9	-0.07117079218
14.91	-0.06399019708
14.92	-0.05681168586
14.93	-0.04963983099
14.94	-0.04247917334
14.95	-0.03533421944
14.96	-0.02820943886
14.97	-0.02110926153
14.98	-0.01403807519
14.99	-0.007000222781
15	-4.081379116e-16
15.01	0.006958347197
15.02	0.013870625
15.03	0.0207326941
15.04	0.02754047204
15.05	0.03428993543
15.06	0.04097712223
15.07	0.04759813385
15.08	0.0541491373
15.09	0.06062636722
15.1	0.0670261279
15.11	0.07334479524
15.12	0.07957881858
15.13	0.08572472258
15.14	0.09177910897
15.15	0.09773865827
15.16	0.1036001314
15.17	0.1093603713
15.18	0.1150163046
15.19	0.1205649426
15.2	0.1260033834
15.21	0.1313288125
15.22	0.1365385047
15.23	0.1416298249
15.24	0.1466002292
15.25	0.1514472666
15.26	0.156168579
15.27	0.1607619031
15.28	0.1652250707
15.29	0.1695560099
15.3	0.1737527454
15.31	0.1778133996
15.32	0.1817361929
15.33	0.1855194446
15.34	0.189161573
15.35	0.1926610961
15.36	0.1960166318
15.37	0.1992268983
15.38	0.2022907142
15.39	0.2052069986
15.4	0.2079747715
15.41	0.2105931534
15.42	0.2130613658
15.43	0.2153787304
15.44	0.2175446695
15.45	0.2195587056
15.46	0.2214204609
15.47	0.2231296574
15.48	0.2246861159
15.49	0.2260897561
15.5	0.2273405956
15.51	0.2284387495
15.52	0.2293844298
15.53	0.2301779446
15.54	0.2308196974
15.55	0.231310186
15.56	0.2316500022
15.57	0.2318398302
15.58	0.2318804459
15.59	0.231772716
15.6	0.2315175968
15.61	0.2311161329
15.62	0.2305694561
15.63	0.2298787842
15.64	0.2290454199
15.65	0.2280707489
15.66	0.226956239
15.67	0.2257034387
15.68	0.2243139753
15.69	0.2227895539
15.7	0.2211319554
15.71	0.2193430351
15.72	0.2174247214
15.73	0.2153790133
15.74	0.2132079796
15.75	0.2109137567
15.76	0.2084985468
15.77	0.2059646162
15.78	0.2033142935
15.79	0.2005499679
15.8	0.1976740868
15.81	0.1946891543
15.82	0.1915977295
15.83	0.1884024237
15.84	0.1851058992
15.85	0.1817108671
15.86	0.178220085
15.87	0.1746363552
15.88	0.1709625228
15.89	0.1672014733
15.9	0.1633561304
15.91	0.1594294546
15.92	0.1554244403
15.93	0.1513441142
15.94	0.1471915329
15.95	0.1429697809
15.96	0.1386819684
15.97	0.1343312292
15.98	0.1299207186
15.99	0.1254536112
16	0.1209330986
16.01	0.1163623877
16.02	0.1117446979
16.03	0.1070832598
16.04	0.1023813122
16.05	0.09764210057
16.06	0.09286887486
16.07	0.08806488718
16.08	0.08323338987
16.09	0.07837763338
16.1	0.07350086421
16.11	0.06860632287
16.12	0.06369724182
16.13	0.05877684349
16.14	0.05384833825
16.15	0.04891492243
16.16	0.0439797764
16.17	0.0390460626
16.18	0.03411692364
16.19	0.02919548041
16.2	0.02428483019
16.21	0.01938804489
16.22	0.01450816914
16.23	0.009648218572
16.24	0.004811178067
16.25	-3.742480466e-16
16.26	-0.004782397426
16.27	-0.00953313185
16.28	-0.01424935838
16.29	-0.01892827116
16.3	-0.02356710499
16.31	-0.02816313679
16.32	-0.03271368709
16.33	-0.03721612152
16.34	-0.0416678522
16.35	-0.04606633911
16.36	-0.05040909142
16.37	-0.05469366883
16.38	-0.05891768276
16.39	-0.06307879761
16.4	-0.06717473195
16.41	-0.07120325959
16.42	-0.07516221074
16.43	-0.07904947301
16.44	-0.08286299245
16.45	-0.08660077448
16.46	-0.09026088484
16.47	-0.09384145043
16.48	-0.09734066019
16.49	-0.1007567658
16.5	-0.1040880826
16.51	-0.10733299
16.52	-0.1104899324
16.53	-0.1135574197
16.54	-0.1165340278
16.55	-0.1194183991
16.56	-0.1222092432
16.57	-0.124905337
16.58	-0.1275055253
16.59	-0.1300087211
16.6	-0.1324139058
16.61	-0.1347201295
16.62	-0.1369265113
16.63	-0.1390322391
16.64	-0.1410365701
16.65	-0.1429388307
16.66	-0.1447384165
16.67	-0.1464347924
16.68	-0.1480274923
16.69	-0.149516119
16.7	-0.1509003444
16.71	-0.1521799089
16.72	-0.1533546213
16.73	-0.1544243586
16.74	-0.1553890654
16.75	-0.156248754
16.76	-0.1570035034
16.77	-0.1576534593
16.78	-0.1581988335
16.79	-0.1586399033
16.8	-0.1589770109
16.81	-0.1592105629
16.82	-0.1593410297
16.83	-0.1593689444
16.84	-0.1592949028
16.85	-0.1591195621
16.86	-0.1588436403
16.87	-0.1584679152
16.88	-0.1579932238
16.89	-0.1574204614
16.9	-0.1567505805
16.91	-0.1559845898
16.92	-0.1551235536
16.93	-0.1541685903
16.94	-0.1531208718
16.95	-0.1519816221
16.96	-0.1507521164
16.97	-0.1494336799
16.98	-0.1480276867
16.99	-0.1465355586
17	-0.1449587637
17.01	-0.1432988158
17.02	-0.1415572725
17.03	-0.1397357342
17.04	-0.1378358428
17.05	-0.1358592805
17.06	-0.1338077685
17.07	-0.1316830653
17.08	-0.1294869659
17.09	-0.1272213
17.1	-0.1248879308
17.11	-0.1224887537
17.12	-0.1200256946
17.13	-0.117500709
17.14	-0.11491578
17.15	-0.1122729171
17.16	-0.1095741549
17.17	-0.1068215515
17.18	-0.1040171871
17.19	-0.1011631625
17.2	-0.09826159757
17.21	-0.09531463001
17.22	-0.09232441363
17.23	-0.089293117
17.24	-0.08622292196
17.25	-0.08311602214
17.26	-0.07997462151
17.27	-0.07680093286
17.28	-0.07359717638
17.29	-0.0703655782
17.3	-0.06710836888
17.31	-0.06382778203
17.32	-0.0605260528
17.33	-0.0572054165
17.34	-0.05386810712
17.35	-0.05051635596
17.36	-0.04715239017
17.37	-0.04377843139
17.38	-0.04039669437
17.39	-0.03700938556
17.4	-0.03361870176
17.41	-0.0302268288
17.42	-0.02683594021
17.43	-0.02344819584
17.44	-0.02006574067
17.45	-0.01669070343
17.46	-0.01332519539
17.47	-0.009971309102
17.48	-0.006631117184
17.49	-0.003306671103
17.5	-2.249224814e-16
17.51	0.003286890478
17.52	0.006552019314
17.53	0.009793431241
17.54	0.01300919784
17.55	0.0161974186
17.56	0.01935622197
17.57	0.0224837664
17.58	0.02557824132
17.59	0.02863786809
17.6	0.03166090098
17.61	0.03464562809
17.62	0.0375903722
17.63	0.04049349169
17.64	0.04335338132
17.65	0.04616847307
17.66	0.04893723693
17.67	0.05165818161
17.68	0.0543298553
17.69	0.05695084632
17.7	0.05951978383
17.71	0.06203533844
17.72	0.06449622279
17.73	0.06690119214
17.74	0.06924904492
17.75	0.07153862323
17.76	0.0737688133
17.77	0.07593854598
17.78	0.0780467971
17.79	0.0800925879
17.8	0.08207498538
17.81	0.08399310259
17.82	0.08584609895
17.83	0.08763318051
17.84	0.08935360015
17.85	0.09100665782
17.86	0.09259170067
17.87	0.09410812318
17.88	0.09555536731
17.89	0.09693292252
17.9	0.09824032586
17.91	0.09947716192
17.92	0.1006430629
17.93	0.1017377084
17.94	0.1027608256
17.95	0.1037121889
17.96	0.1045916198
17.97	0.1053989871
17.98	0.106134206
17.99	0.1067972387
18	0.1073880934
18.01	0.1079068246
18.02	0.1083535323
18.03	0.1087283622
18.04	0.1090315047
18.05	0.1092631952
18.06	0.109423713
18.07	0.1095133814
18.08	0.1095325669
18.09	0.1094816789
18.1	0.1093611691
18.11	0.109171531
18.12	0.1089132991
18.13	0.1085870489
18.14	0.1081933954
18.15	0.1077329934
18.16	0.1072065362
18.17	0.1066147553
18.18	0.1059584193
18.19	0.1052383336
18.2	0.1044553395
18.21	0.1036103134
18.22	0.1027041661
18.23	0.101737842
18.24	0.1007123184
18.25	0.09962860418
18.26	0.09848773979
18.27	0.09729079573
18.28	0.09603887196
18.29	0.09473309698
18.3	0.09337462693
18.31	0.0919646447
18.32	0.09050435898
18.33	0.08899500339
18.34	0.08743783549
18.35	0.08583413587
18.36	0.08418520716
18.37	0.08249237311
18.38	0.08075697756
18.39	0.07898038354
18.4	0.0771639722
18.41	0.07530914188
18.42	0.07341730708
18.43	0.0714898975
18.44	0.06952835698
18.45	0.06753414253
18.46	0.06550872332
18.47	0.06345357966
18.48	0.06137020198
18.49	0.05926008985
18.5	0.05712475092
18.51	0.05496569994
18.52	0.05278445776
18.53	0.05058255028
18.54	0.04836150749
18.55	0.04612286245
18.56	0.04386815028
18.57	0.04159890718
18.58	0.03931666945
18.59	0.03702297249
18.6	0.03471934985
18.61	0.03240733223
18.62	0.03008844654
18.63	0.02776421494
18.64	0.02543615391
18.65	0.02310577329
18.66	0.02077457537
18.67	0.01844405399
18.68	0.01611569361
18.69	0.01379096843
18.7	0.01147134152
18.71	0.009158263928
18.72	0.006853173841
18.73	0.004557495747
18.74	0.002272639598
18.75	4.859558797e-16
18.76	-0.002259044586
18.77	-0.004503132629
18.78	-0.006730920295
18.79	-0.008941082199
18.8	-0.01113231214
18.81	-0.01330332384
18.82	-0.0154528516
18.83	-0.01757965103
18.84	-0.0196824997
18.85	-0.0217601978
18.86	-0.02381156874
18.87	-0.0258354598
18.88	-0.0278307427
18.89	-0.02979631418
18.9	-0.03173109656
18.91	-0.03363403828
18.92	-0.03550411438
18.93	-0.03734032706
18.94	-0.03914170609
18.95	-0.04090730931
18.96	-0.04263622302
18.97	-0.04432756244
18.98	-0.0459804721
18.99	-0.04759412614
19	-0.04916772876
19.01	-0.05070051449
19.02	-0.0521917485
19.03	-0.05364072689
19.04	-0.05504677697
19.05	-0.05640925751
19.06	-0.0577275589
19.07	-0.05900110344
19.08	-0.06022934543
19.09	-0.06141177141
19.1	-0.06254790022
19.11	-0.06363728317
19.12	-0.06467950411
19.13	-0.06567417948
19.14	-0.06662095841
19.15	-0.06751952271
19.16	-0.06836958687
19.17	-0.0691708981
19.18	-0.06992323623
19.19	-0.07062641371
19.2	-0.07128027549
19.21	-0.07188469896
19.22	-0.07243959381
19.23	-0.07294490191
19.24	-0.07340059716
19.25	-0.07380668528
19.26	-0.07416320365
19.27	-0.0744702211
19.28	-0.07472783764
19.29	-0.07493618426
19.3	-0.07509542262
19.31	-0.07520574478
19.32	-0.07526737289
19.33	-0.07528055889
19.34	-0.07524558412
19.35	-0.07516275904
19.36	-0.07503242279
19.37	-0.07485494281
19.38	-0.0746307145
19.39	-0.0743601607
19.4	-0.07404373135
19.41	-0.07368190298
19.42	-0.07327517826
19.43	-0.07282408555
19.44	-0.07232917837
19.45	-0.07179103492
19.46	-0.07121025756
19.47	-0.07058747225
19.48	-0.06992332808
19.49	-0.06921849665
19.5	-0.06847367151
19.51	-0.06768956765
19.52	-0.06686692083
19.53	-0.06600648704
19.54	-0.0651090419
19.55	-0.06417538
19.56	-0.06320631433
19.57	-0.06220267561
19.58	-0.0611653117
19.59	-0.0600950869
19.6	-0.05899288134
19.61	-0.05785959031
19.62	-0.05669612362
19.63	-0.05550340487
19.64	-0.05428237084
19.65	-0.0530339708
19.66	-0.05175916581
19.67	-0.05045892804
19.68	-0.04913424009
19.69	-0.04778609432
19.7	-0.04641549211
19.71	-0.0450234432
19.72	-0.043610965
19.73	-0.04217908186
19.74	-0.04072882441
19.75	-0.03926122886
19.76	-0.03777733627
19.77	-0.0362781919
19.78	-0.0347648445
19.79	-0.0332383456
19.8	-0.03169974887
19.81	-0.03015010936
19.82	-0.02859048291
19.83	-0.02702192539
19.84	-0.02544549206
19.85	-0.02386223692
19.86	-0.022273212
19.87	-0.02067946672
19.88	-0.01908204726
19.89	-0.01748199587
19.9	-0.01588035026
19.91	-0.01427814292
19.92	-0.01267640056
19.93	-0.01107614344
19.94	-0.009478384749
19.95	-0.007884130042
19.96	-0.00629437661
19.97	-0.004710112907
19.98	-0.003132317965
19.99	-0.00156196083
20	-1.214238368e-16
20.01	0.001552617124
20.02	0.003094954777
20.03	0.004626089355
20.04	0.006145109936
20.05	0.007651118785
20.06	0.009143231846
20.07	0.01062057923
20.08	0.01208230568
20.09	0.01352757103
20.1	0.01495555065
20.11	0.01636543591
20.12	0.01775643453
20.13	0.01912777108
20.14	0.02047868728
20.15	0.02180844247
20.16	0.02311631391
20.17	0.02440159717
20.18	0.02566360646
20.19	0.02690167495
20.2	0.02811515511
20.21	0.02930341897
20.22	0.03046585842
20.23	0.0316018855
20.24	0.03271093263
20.25	0.03379245284
20.26	0.03484592004
20.27	0.03587082918
20.28	0.0368666965
20.29	0.03783305965
20.3	0.03876947791
20.31	0.03967553232
20.32	0.04055082583
20.33	0.04139498338
20.34	0.04220765208
20.35	0.04298850123
20.36	0.04373722246
20.37	0.04445352973
20.38	0.04513715945
20.39	0.04578787046
20.4	0.04640544406
20.41	0.04698968405
20.42	0.04754041667
20.43	0.0480574906
20.44	0.04854077694
20.45	0.04899016913
20.46	0.0494055829
20.47	0.04978695619
20.48	0.05013424903
20.49	0.05044744348
20.5	0.05072654349
20.51	0.05097157475
20.52	0.05118258455
20.53	0.05135964164
20.54	0.05150283604
20.55	0.05161227885
20.56	0.05168810209
20.57	0.05173045843
20.58	0.05173952102
20.59	0.05171548325
20.6	0.05165855846
20.61	0.05156897974
20.62	0.05144699966
20.63	0.05129288994
20.64	0.05110694122
20.65	0.05088946272
20.66	0.05064078196
20.67	0.05036124442
20.68	0.05005121324
20.69	0.04971106884
20.7	0.04934120862
20.71	0.04894204656
20.72	0.0485140129
20.73	0.04805755373
20.74	0.04757313064
20.75	0.04706122031
20.76	0.04652231413
20.77	0.04595691779
20.78	0.04536555088
20.79	0.04474874645
20.8	0.04410705064
20.81	0.04344102219
20.82	0.04275123206
20.83	0.04203826296
20.84	0.04130270893
20.85	0.04054517487
20.86	0.0397662761
20.87	0.03896663791
20.88	0.0381468951
20.89	0.03730769151
20.9	0.03644967954
20.91	0.03557351974
20.92	0.03467988026
20.93	0.03376943644
20.94	0.0328428703
20.95	0.0319008701
20.96	0.03094412981
20.97	0.02997334868
20.98	0.02898923075
20.99	0.02799248436
21	0.02698382167
21.01	0.0259639582
21.02	0.02493361235
21.03	0.0238935049
21.04	0.02284435858
21.05	0.02178689754
21.06	0.02072184692
21.07	0.01964993238
21.08	0.01857187961
21.09	0.01748841389
21.1	0.0164002596
21.11	0.01530813981
21.12	0.01421277577
21.13	0.0131148865
21.14	0.01201518834
21.15	0.01091439448
21.16	0.009813214552
21.17	0.008712354202
21.18	0.007612514636
21.19	0.006514392219
21.2	0.00541867805
21.21	0.004326057561
21.22	0.003237210103
21.23	0.002152808555
21.24	0.001073518932
21.25	-6.264270128e-17
21.26	-0.001067097104
21.27	-0.002127129237
21.28	-0.003179461616
21.29	-0.004223468176
21.3	-0.005258531912
21.31	-0.006284045222
21.32	-0.007299410239
21.33	-0.008304039155
21.34	-0.009297354534
21.35	-0.01027878962
21.36	-0.01124778864
21.37	-0.01220380708
21.38	-0.01314631199
21.39	-0.01407478221
21.4	-0.0149887087
21.41	-0.01588759472
21.42	-0.01677095612
21.43	-0.01763832157
21.44	-0.01848923278
21.45	-0.01932324468
21.46	-0.02013992569
21.47	-0.02093885786
21.48	-0.0217196371
21.49	-0.0224818733
21.5	-0.02322519054
21.51	-0.02394922725
21.52	-0.02465363632
21.53	-0.02533808525
21.54	-0.02600225628
21.55	-0.02664584651
21.56	-0.027268568
21.57	-0.02787014784
21.58	-0.02845032828
21.59	-0.02900886676
21.6	-0.02954553601
21.61	-0.03006012408
21.62	-0.03055243439
21.63	-0.03102228577
21.64	-0.03146951246
21.65	-0.03189396418
21.66	-0.03229550606
21.67	-0.03267401869
21.68	-0.03302939806
21.69	-0.03336155558
21.7	-0.03367041801
21.71	-0.03395592744
21.72	-0.03421804121
21.73	-0.03445673186
21.74	-0.03467198705
21.75	-0.03486380949
21.76	-0.03503221685
21.77	-0.03517724162
21.78	-0.03529893106
21.79	-0.03539734704
21.8	-0.03547256591
21.81	-0.03552467841
21.82	-0.03555378947
21.83	-0.03556001809
21.84	-0.03554349718
21.85	-0.03550437338
21.86	-0.0354428069
21.87	-0.03535897129
21.88	-0.03525305333
21.89	-0.03512525277
21.9	-0.03497578213
21.91	-0.03480486651
21.92	-0.03461274336
21.93	-0.03439966225
21.94	-0.03416588465
21.95	-0.03391168368
21.96	-0.03363734388
21.97	-0.03334316094
21.98	-0.03302944144
21.99	-0.03269650265
22	-0.03234467217
22.01	-0.03197428773
22.02	-0.03158569688
22.03	-0.03117925674
22.04	-0.03075533367
22.05	-0.03031430302
22.06	-0.02985654881
22.07	-0.02938246345
22.08	-0.02889244743
22.09	-0.02838690903
22.1	-0.02786626399
22.11	-0.02733093522
22.12	-0.02678135247
22.13	-0.02621795202
22.14	-0.02564117639
22.15	-0.02505147397
22.16	-0.02444929873
22.17	-0.02383510989
22.18	-0.02320937162
22.19	-0.02257255264
22.2	-0.021925126
22.21	-0.02126756866
22.22	-0.0206003612
22.23	-0.0199239875
22.24	-0.01923893439
22.25	-0.01854569133
22.26	-0.01784475011
22.27	-0.01713660445
22.28	-0.01642174975
22.29	-0.01570068273
22.3	-0.0149739011
22.31	-0.01424190323
22.32	-0.01350518785
22.33	-0.01276425374
22.34	-0.01201959937
22.35	-0.01127172259
22.36	-0.01052112037
22.37	-0.009768288408
22.38	-0.009013720885
22.39	-0.008257910126
22.4	-0.007501346307
22.41	-0.006744517152
22.42	-0.005987907636
22.43	-0.005231999694
22.44	-0.00447727193
22.45	-0.003724199329
22.46	-0.002973252981
22.47	-0.002224899797
22.48	-0.001479602239
22.49	-0.0007378180529
22.5	-6.452612909e-17
22.51	0.0007334043988
22.52	0.001461953119
22.53	0.002185209881
22.54	0.002902744397
22.55	0.003614132605
22.56	0.004318956908
22.57	0.005016806399
22.58	0.005707277082
22.59	0.006389972092
22.6	0.007064501906
22.61	0.007730484544
22.62	0.00838754577
22.63	0.009035319286
22.64	0.009673446917
22.65	0.01030157879
22.66	0.01091937351
22.67	0.01152649834
22.68	0.01212262931
22.69	0.01270745146
22.7	0.0132806589
22.71	0.013841955
22.72	0.01439105252
22.73	0.01492767372
22.74	0.01545155048
22.75	0.01596242446
22.76	0.01646004713
22.77	0.01694417993
22.78	0.01741459434
22.79	0.01787107196
22.8	0.01831340463
22.81	0.01874139443
22.82	0.01915485381
22.83	0.0195536056
22.84	0.01993748311
22.85	0.02030633013
22.86	0.020660001
22.87	0.0209983606
22.88	0.02132128441
22.89	0.02162865853
22.9	0.02192037964
22.91	0.02219635507
22.92	0.02245650274
22.93	0.02270075117
22.94	0.02292903947
22.95	0.02314131731
22.96	0.02333754488
22.97	0.02351769287
22.98	0.02368174239
22.99	0.02382968497
23	0.02396152248
23.01	0.02407726705
23.02	0.02417694102
23.03	0.02426057687
23.04	0.02432821712
23.05	0.02437991424
23.06	0.0244157306
23.07	0.02443573832
23.08	0.02444001919
23.09	0.02442866454
23.1	0.02440177518
23.11	0.02435946119
23.12	0.02430184188
23.13	0.0242290456
23.14	0.02414120964
23.15	0.02403848007
23.16	0.0239210116
23.17	0.02378896742
23.18	0.02364251906
23.19	0.02348184622
23.2	0.02330713662
23.21	0.02311858582
23.22	0.02291639703
23.23	0.02270078099
23.24	0.02247195572
23.25	0.02223014641
23.26	0.02197558515
23.27	0.02170851083
23.28	0.02142916888
23.29	0.0211378111
23.3	0.02083469546
23.31	0.0205200859
23.32	0.02019425211
23.33	0.01985746936
23.34	0.01951001824
23.35	0.01915218448
23.36	0.01878425876
23.37	0.01840653642
23.38	0.01801931734
23.39	0.01762290563
23.4	0.01721760947
23.41	0.01680374089
23.42	0.01638161549
23.43	0.01595155228
23.44	0.01551387343
23.45	0.01506890404
23.46	0.01461697193
23.47	0.01415840739
23.48	0.013693543
23.49	0.01322271334
23.5	0.01274625482
23.51	0.01226450543
23.52	0.01177780451
23.53	0.01128649254
23.54	0.01079091091
23.55	0.01029140168
23.56	0.009788307396
23.57	0.00928197082
23.58	0.00877273475
23.59	0.008260941781
23.6	0.007746934093
23.61	0.007231053231
23.62	0.006713639895
23.63	0.006195033726
23.64	0.005675573095
23.65	0.005155594893
23.66	0.004635434329
23.67	0.004115424721
23.68	0.003595897296
23.69	0.003077180995
23.7	0.002559602271
23.71	0.002043484897
23.72	0.001529149777
23.73	0.001016914756
23.74	0.0005070944374
23.75	1.182865503e-16
23.76	-0.0005040609803
23.77	-0.001004784705
23.78	-0.001501871323
23.79	-0.001995025103
23.8	-0.002483954592
23.81	-0.002968372779
23.82	-0.003447997252
23.83	-0.003922550349
23.84	-0.004391759311
23.85	-0.00485535642
23.86	-0.005313079147
23.87	-0.005764670283
23.88	-0.006209878076
23.89	-0.006648456355
23.9	-0.007080164658
23.91	-0.007504768347
23.92	-0.007922038728
23.93	-0.008331753158
23.94	-0.008733695149
23.95	-0.009127654477
23.96	-0.00951342727
23.97	-0.009890816107
23.98	-0.0102596301
23.99	-0.01061968499
24	-0.01097080319
24.01	-0.01131281392
24.02	-0.0116455532
24.03	-0.01196886398
24.04	-0.01228259616
24.05	-0.01258660666
24.06	-0.01288075946
24.07	-0.01316492566
24.08	-0.01343898349
24.09	-0.01370281839
24.1	-0.01395632299
24.11	-0.01419939719
24.12	-0.01443194811
24.13	-0.01465389019
24.14	-0.01486514512
24.15	-0.01506564191
24.16	-0.01525531687
24.17	-0.01543411357
24.18	-0.0156019829
24.19	-0.015758883
24.2	-0.01590477929
24.21	-0.01603964439
24.22	-0.01616345817
24.23	-0.01627620765
24.24	-0.016377887
24.25	-0.01646849751
24.26	-0.01654804751
24.27	-0.01661655236
24.28	-0.01667403438
24.29	-0.0167205228
24.3	-0.01675605368
24.31	-0.01678066988
24.32	-0.01679442097
24.33	-0.01679736316
24.34	-0.01678955924
24.35	-0.01677107846
24.36	-0.01674199651
24.37	-0.01670239538
24.38	-0.01665236328
24.39	-0.01659199457
24.4	-0.01652138963
24.41	-0.01644065481
24.42	-0.01634990226
24.43	-0.01624924987
24.44	-0.01613882115
24.45	-0.01601874512
24.46	-0.01588915617
24.47	-0.01575019399
24.48	-0.01560200339
24.49	-0.01544473424
24.5	-0.01527854129
24.51	-0.01510358407
24.52	-0.01492002675
24.53	-0.01472803803
24.54	-0.01452779095
24.55	-0.01431946282
24.56	-0.01410323504
24.57	-0.01387929297
24.58	-0.01364782579
24.59	-0.01340902636
24.6	-0.01316309106
24.61	-0.01291021965
24.62	-0.01265061514
24.63	-0.01238448362
24.64	-0.0121120341
24.65	-0.0118334784
24.66	-0.01154903096
24.67	-0.01125890869
24.68	-0.01096333086
24.69	-0.01066251888
24.7	-0.01035669619
24.71	-0.01004608809
24.72	-0.009730921605
24.73	-0.00941142529
24.74	-0.009087829114
24.75	-0.008760364283
24.76	-0.008429263092
24.77	-0.008094758769
24.78	-0.007757085321
24.79	-0.007416477378
24.8	-0.007073170042
24.81	-0.006727398731
24.82	-0.006379399031
24.83	-0.00602940654
24.84	-0.005677656719
24.85	-0.005324384745
24.86	-0.00496982536
24.87	-0.004614212722
24.88	-0.004257780262
24.89	-0.003900760539
24.9	-0.003543385096
24.91	-0.003185884317
24.92	-0.002828487288
24.93	-0.002471421659
24.94	-0.002114913507
24.95	-0.001759187199
24.96	-0.001404465261
24.97	-0.001050968247
24.98	-0.0006989146092
24.99	-0.0003485205702
25	-3.386665018e-17
25.01	0.0003464357076
25.02	0.000690577755
25.03	0.001032220059
25.04	0.001371159364
25.05	0.00170719536
25.06	0.002040130786
25.07	0.002369771544
25.08	0.002695926801
25.09	0.003018409089
25.1	0.003337034412
25.11	0.003651622335
25.12	0.003961996081
25.13	0.004267982624
25.14	0.004569412773
25.15	0.004866121261
25.16	0.005157946825
25.17	0.005444732284
25.18	0.005726324619
25.19	0.00600257504
25.2	0.006273339062
25.21	0.006538476567
25.22	0.006797851869
25.23	0.007051333774
25.24	0.007298795636
25.25	0.007540115415
25.26	0.007775175719
25.27	0.00800386386
25.28	0.008226071893
25.29	0.008441696658
25.3	0.008650639815
25.31	0.008852807881
25.32	0.009048112261
25.33	0.009236469272
25.34	0.009417800168
25.35	0.009592031165
25.36	0.009759093451
25.37	0.009918923208
25.38	0.01007146162
25.39	0.01021665487
25.4	0.01035445417
25.41	0.01048481573
25.42	0.01060770078
25.43	0.01072307557
25.44	0.01083091133
25.45	0.01093118428
25.46	0.01102387563
25.47	0.01110897151
25.48	0.01118646301
25.49	0.01125634614
25.5	0.01131862177
25.51	0.01137329564
25.52	0.01142037829
25.53	0.01145988506
25.54	0.01149183605
25.55	0.01151625605
25.56	0.0115331745
25.57	0.01154262547
25.58	0.01154464761
25.59	0.01153928406
25.6	0.01152658242
25.61	0.01150659471
25.62	0.01147937727
25.63	0.01144499075
25.64	0.01140349998
25.65	0.01135497397
25.66	0.01129948579
25.67	0.01123711253
25.68	0.01116793523
25.69	0.01109203875
25.7	0.01100951178
25.71	0.01092044669
25.72	0.01082493947
25.73	0.01072308966
25.74	0.01061500026
25.75	0.01050077762
25.76	0.0103805314
25.77	0.01025437443
25.78	0.01012242263
25.79	0.009984794962
25.8	0.009841613272
25.81	0.009693002238
25.82	0.009539089256
25.83	0.009380004347
25.84	0.009215880058
25.85	0.009046851362
25.86	0.008873055554
25.87	0.008694632158
25.88	0.008511722813
25.89	0.008324471181
25.9	0.008133022834
25.91	0.007937525156
25.92	0.007738127236
25.93	0.007534979761
25.94	0.007328234911
25.95	0.007118046254
25.96	0.00690456864
25.97	0.006687958092
25.98	0.0064683717
25.99	0.006245967517
26	0.00602090445
26.01	0.005793342151
26.02	0.005563440916
26.03	0.005331361576
26.04	0.005097265388
26.05	0.004861313937
26.06	0.004623669022
26.07	0.004384492559
26.08	0.004143946472
26.09	0.003902192592
26.1	0.003659392552
26.11	0.003415707687
26.12	0.003171298934
26.13	0.002926326725
26.14	0.002680950898
26.15	0.002435330587
26.16	0.002189624134
26.17	0.001943988988
26.18	0.00169858161
26.19	0.001453557379
26.2	0.001209070501
26.21	0.0009652739164
26.22	0.0007223192086
26.23	0.0004803565177
26.24	0.0002395344513
26.25	-9.322238854e-18
26.26	-0.0002381015476
26.27	-0.0004746266872
26.28	-0.0007094337796
26.29	-0.0009423831305
26.3	-0.001173337068
26.31	-0.001402160017
26.32	-0.001628718576
26.33	-0.001852881586
26.34	-0.002074520206
26.35	-0.002293507975
26.36	-0.002509720881
26.37	-0.002723037429
26.38	-0.002933338699
26.39	-0.003140508409
26.4	-0.003344432972
26.41	-0.003545001553
26.42	-0.003742106125
26.43	-0.003935641517
26.44	-0.00412550547
26.45	-0.00431159868
26.46	-0.004493824844
26.47	-0.004672090708
26.48	-0.004846306104
26.49	-0.005016383989
26.5	-0.005182240485
26.51	-0.005343794912
26.52	-0.00550096982
26.53	-0.005653691019
26.54	-0.005801887608
26.55	-0.005945491999
26.56	-0.006084439944
26.57	-0.00621867055
26.58	-0.006348126304
26.59	-0.006472753085
26.6	-0.006592500181
26.61	-0.0067073203
26.62	-0.006817169578
26.63	-0.006922007591
26.64	-0.007021797356
26.65	-0.007116505336
26.66	-0.00720610144
26.67	-0.007290559022
26.68	-0.007369854878
26.69	-0.007443969239
26.7	-0.007512885763
26.71	-0.007576591528
26.72	-0.007635077015
26.73	-0.007688336098
26.74	-0.007736366023
26.75	-0.007779167396
26.76	-0.007816744156
26.77	-0.007849103557
26.78	-0.007876256141
26.79	-0.007898215713
26.8	-0.007914999312
26.81	-0.007926627182
26.82	-0.007933122738
26.83	-0.007934512531
26.84	-0.007930826218
26.85	-0.007922096519
26.86	-0.007908359179
26.87	-0.007889652927
26.88	-0.007866019436
26.89	-0.007837503276
26.9	-0.007804151868
26.91	-0.007766015438
26.92	-0.007723146968
26.93	-0.007675602147
26.94	-0.007623439314
26.95	-0.007566719411
26.96	-0.007505505927
26.97	-0.007439864839
26.98	-0.007369864559
26.99	-0.007295575872
27	-0.007217071881
27.01	-0.007134427941
27.02	-0.007047721604
27.03	-0.006957032551
27.04	-0.006862442528
27.05	-0.006764035288
27.06	-0.006661896517
27.07	-0.006556113775
27.08	-0.006446776423
27.09	-0.006333975559
27.1	-0.006217803948
27.11	-0.006098355953
27.12	-0.005975727465
27.13	-0.005850015833
27.14	-0.005721319794
27.15	-0.005589739398
27.16	-0.00545537594
27.17	-0.005318331887
27.18	-0.005178710805
27.19	-0.005036617287
27.2	-0.004892156876
27.21	-0.004745436001
27.22	-0.004596561893
27.23	-0.004445642521
27.24	-0.00429278651
27.25	-0.004138103077
27.26	-0.003981701949
27.27	-0.003823693295
27.28	-0.003664187652
27.29	-0.003503295852
27.3	-0.003341128949
27.31	-0.003177798147
27.32	-0.003013414729
27.33	-0.002848089982
27.34	-0.002681935132
27.35	-0.002515061268
27.36	-0.002347579273
27.37	-0.002179599757
27.38	-0.002011232985
27.39	-0.001842588809
27.4	-0.001673776603
27.41	-0.001504905192
27.42	-0.00133608279
27.43	-0.00116741693
27.44	-0.0009990144027
27.45	-0.0008309811928
27.46	-0.0006634224138
27.47	-0.000496442248
27.48	-0.0003301438846
27.49	-0.0001646294603
27.5	-6.400606259e-17
27.51	0.0001636446409
27.52	0.0003262058335
27.53	0.0004875862308
27.54	0.0006476898221
27.55	0.000806421987
27.56	0.0009636895466
27.57	0.001119400815
27.58	0.001273465649
27.59	0.001425795496
27.6	0.001576303442
27.61	0.001724904254
27.62	0.001871514431
27.63	0.002016052239
27.64	0.00215843776
27.65	0.002298592925
27.66	0.002436441561
27.67	0.00257190942
27.68	0.00270492422
27.69	0.002835415679
27.7	0.002963315547
27.71	0.003088557636
27.72	0.003211077853
27.73	0.003330814227
27.74	0.003447706934
27.75	0.003561698326
27.76	0.003672732951
27.77	0.00378075758
27.78	0.003885721223
27.79	0.00398757515
27.8	0.004086272908
27.81	0.004181770341
27.82	0.004274025598
27.83	0.004362999149
27.84	0.0044486538
27.85	0.004530954695
27.86	0.004609869331
27.87	0.004685367563
27.88	0.004757421605
27.89	0.004826006041
27.9	0.00489109782
27.91	0.004952676261
27.92	0.005010723052
27.93	0.005065222244
27.94	0.005116160249
27.95	0.005163525838
27.96	0.005207310127
27.97	0.005247506575
27.98	0.005284110972
27.99	0.005317121424
28	0.005346538349
28.01	0.005372364453
28.02	0.005394604723
28.03	0.005413266403
28.04	0.005428358981
28.05	0.005439894169
28.06	0.005447885879
28.07	0.005452350205
28.08	0.005453305395
28.09	0.005450771832
28.1	0.005444772003
28.11	0.005435330476
28.12	0.00542247387
28.13	0.005406230825
28.14	0.005386631974
28.15	0.005363709909
28.16	0.005337499149
28.17	0.00530803611
28.18	0.005275359064
28.19	0.005239508108
28.2	0.005200525127
28.21	0.005158453756
28.22	0.00511333934
28.23	0.005065228897
28.24	0.005014171079
28.25	0.004960216128
28.26	0.004903415834
28.27	0.004843823498
28.28	0.004781493884
28.29	0.004716483176
28.3	0.004648848935
28.31	0.004578650053
28.32	0.004505946708
28.33	0.004430800318
28.34	0.004353273494
28.35	0.004273429991
28.36	0.004191334665
28.37	0.00410705342
28.38	0.004020653163
28.39	0.003932201755
28.4	0.003841767959
28.41	0.003749421395
28.42	0.003655232487
28.43	0.003559272415
28.44	0.003461613062
28.45	0.003362326971
28.46	0.003261487287
28.47	0.003159167709
28.48	0.003055442442
28.49	0.002950386145
28.5	0.002844073879
28.51	0.002736581061
28.52	0.002627983407
28.53	0.002518356889
28.54	0.00240777768
28.55	0.002296322106
28.56	0.002184066597
28.57	0.002071087636
28.58	0.00195746171
28.59	0.001843265263
28.6	0.001728574645
28.61	0.001613466065
28.62	0.001498015545
28.63	0.001382298867
28.64	0.001266391534
28.65	0.001150368714
28.66	0.001034305204
28.67	0.000918275377
28.68	0.0008023531396
28.69	0.0006866118883
28.7	0.0005711244647
28.71	0.0004559631123
28.72	0.0003411994346
28.73	0.0002269043523
28.74	0.000113148063
28.75	2.859227522e-17
28.76	-0.0001124712073
28.77	-0.0002241977721
28.78	-0.0003351127889
28.79	-0.0004451502707
28.8	-0.0005542451858
28.81	-0.0006623334935
28.82	-0.0007693521789
28.83	-0.0008752392876
28.84	-0.0009799339584
28.85	-0.001083376456
28.86	-0.001185508201
28.87	-0.001286271803
28.88	-0.001385611089
28.89	-0.001483471131
28.9	-0.001579798274
28.91	-0.001674540163
28.92	-0.00176764577
28.93	-0.001859065416
28.94	-0.001948750797
28.95	-0.002036655005
28.96	-0.00212273255
28.97	-0.002206939382
28.98	-0.002289232908
28.99	-0.002369572012
29	-0.002447917073
29.01	-0.002524229981
29.02	-0.002598474151
29.03	-0.002670614537
29.04	-0.002740617649
29.05	-0.00280845156
29.06	-0.002874085922
29.07	-0.002937491971
29.08	-0.002998642539
29.09	-0.003057512062
29.1	-0.003114076585
29.11	-0.003168313768
29.12	-0.003220202893
29.13	-0.003269724864
29.14	-0.003316862211
29.15	-0.003361599093
29.16	-0.003403921296
29.17	-0.003443816233
29.18	-0.003481272943
29.19	-0.003516282088
29.2	-0.003548835949
29.21	-0.003578928422
29.22	-0.00360655501
29.23	-0.003631712819
29.24	-0.003654400549
29.25	-0.003674618486
29.26	-0.003692368491
29.27	-0.003707653989
29.28	-0.003720479962
29.29	-0.003730852929
29.3	-0.00373878094
29.31	-0.003744273557
29.32	-0.00374734184
29.33	-0.003747998332
29.34	-0.003746257041
29.35	-0.003742133423
29.36	-0.003735644363
29.37	-0.003726808156
29.38	-0.003715644485
29.39	-0.003702174405
29.4	-0.003686420315
29.41	-0.003668405941
29.42	-0.00364815631
29.43	-0.003625697726
29.44	-0.003601057749
29.45	-0.003574265164
29.46	-0.003545349961
29.47	-0.003514343307
29.48	-0.003481277516
29.49	-0.003446186025
29.5	-0.003409103365
29.51	-0.003370065132
29.52	-0.003329107959
29.53	-0.003286269483
29.54	-0.00324158832
29.55	-0.003195104032
29.56	-0.003146857093
29.57	-0.003096888863
29.58	-0.003045241555
29.59	-0.0029919582
29.6	-0.002937082616
29.61	-0.002880659379
29.62	-0.002822733783
29.63	-0.002763351813
29.64	-0.002702560108
29.65	-0.00264040593
29.66	-0.002576937127
29.67	-0.0025122021
29.68	-0.002446249771
29.69	-0.002379129545
29.7	-0.002310891279
29.71	-0.002241585245
29.72	-0.002171262096
29.73	-0.002099972832
29.74	-0.002027768766
29.75	-0.001954701485
29.76	-0.001880822824
29.77	-0.00180618482
29.78	-0.00173083969
29.79	-0.001654839785
29.8	-0.001578237564
29.81	-0.001501085556
29.82	-0.001423436327
29.83	-0.001345342447
29.84	-0.001266856453
29.85	-0.001188030821
29.86	-0.001108917928
29.87	-0.001029570024
29.88	-0.0009500391917
29.89	-0.0008703773238
29.9	-0.000790636084
29.91	-0.0007108668778
29.92	-0.0006311208216
29.93	-0.0005514487107
29.94	-0.0004719009895
29.95	-0.0003925277214
29.96	-0.0003133785586
29.97	-0.0002345027133
29.98	-0.0001559489287
29.99	-7.776545064e-05
30	-9.068005293e-18
