temps	angle
0	0
0.01	0.8438870019
0.02	1.67868497
0.03	2.503799579
0.04	3.318650362
0.05	4.122671044
0.06	4.91530987
0.07	5.696029912
0.08	6.464309359
0.09	7.219641799
0.1	7.961536477
0.11	8.689518546
0.12	9.403129293
0.13	10.10192636
0.14	10.78548394
0.15	11.45339297
0.16	12.10526128
0.17	12.74071378
0.18	13.35939255
0.19	13.96095701
0.2	14.54508401
0.21	15.11146791
0.22	15.65982066
0.23	16.18987188
0.24	16.70136889
0.25	17.19407673
0.26	17.66777821
0.27	18.12227388
0.28	18.55738202
0.29	18.97293865
0.3	19.36879743
0.31	19.74482964
0.32	20.10092411
0.33	20.43698714
0.34	20.75294238
0.35	21.04873073
0.36	21.32431022
0.37	21.5796559
0.38	21.81475963
0.39	22.02962998
0.4	22.22429202
0.41	22.39878715
0.42	22.55317291
0.43	22.68752274
0.44	22.8019258
0.45	22.89648672
0.46	22.97132538
0.47	23.02657662
0.48	23.06239001
0.49	23.0789296
0.5	23.07637359
0.51	23.05491409
0.52	23.01475678
0.53	22.95612066
0.54	22.8792377
0.55	22.7843525
0.56	22.67172204
0.57	22.54161526
0.58	22.39431279
0.59	22.23010655
0.6	22.04929943
0.61	21.85220493
0.62	21.63914677
0.63	21.41045856
0.64	21.16648342
0.65	20.90757357
0.66	20.63409
0.67	20.34640204
0.68	20.04488703
0.69	19.72992985
0.7	19.40192262
0.71	19.06126424
0.72	18.70836003
0.73	18.3436213
0.74	17.96746501
0.75	17.58031331
0.76	17.18259317
0.77	16.774736
0.78	16.3571772
0.79	15.93035584
0.8	15.49471417
0.81	15.05069731
0.82	14.59875282
0.83	14.13933028
0.84	13.67288096
0.85	13.19985739
0.86	12.720713
0.87	12.23590171
0.88	11.7458776
0.89	11.25109448
0.9	10.75200556
0.91	10.24906308
0.92	9.742717928
0.93	9.233419307
0.94	8.721614367
0.95	8.207747865
0.96	7.692261825
0.97	7.175595201
0.98	6.658183548
0.99	6.140458698
1	5.622848444
1.01	5.105776226
1.02	4.589660832
1.03	4.074916096
1.04	3.561950612
1.05	3.051167447
1.06	2.542963869
1.07	2.037731076
1.08	1.535853938
1.09	1.037710741
1.1	0.5436729448
1.11	0.05410494695
1.12	-0.4306361488
1.13	-0.9102007508
1.14	-1.384246992
1.15	-1.852440934
1.16	-2.31445676
1.17	-2.769976966
1.18	-3.218692533
1.19	-3.660303098
1.2	-4.094517116
1.21	-4.52105201
1.22	-4.939634313
1.23	-5.349999804
1.24	-5.751893629
1.25	-6.14507042
1.26	-6.529294401
1.27	-6.904339484
1.28	-7.269989362
1.29	-7.626037587
1.3	-7.972287639
1.31	-8.308552992
1.32	-8.634657166
1.33	-8.950433772
1.34	-9.255726548
1.35	-9.550389387
1.36	-9.834286354
1.37	-10.1072917
1.38	-10.36928985
1.39	-10.62017544
1.4	-10.85985322
1.41	-11.08823812
1.42	-11.30525518
1.43	-11.51083948
1.44	-11.70493615
1.45	-11.88750028
1.46	-12.05849687
1.47	-12.21790075
1.48	-12.36569653
1.49	-12.50187846
1.5	-12.62645041
1.51	-12.73942571
1.52	-12.84082707
1.53	-12.93068649
1.54	-13.0090451
1.55	-13.07595306
1.56	-13.13146942
1.57	-13.17566199
1.58	-13.2086072
1.59	-13.23038993
1.6	-13.24110339
1.61	-13.24084892
1.62	-13.22973587
1.63	-13.20788141
1.64	-13.17541033
1.65	-13.1324549
1.66	-13.0791547
1.67	-13.01565635
1.68	-12.94211344
1.69	-12.85868622
1.7	-12.76554148
1.71	-12.66285232
1.72	-12.55079793
1.73	-12.42956342
1.74	-12.29933958
1.75	-12.16032267
1.76	-12.01271421
1.77	-11.85672078
1.78	-11.69255376
1.79	-11.52042914
1.8	-11.34056729
1.81	-11.15319273
1.82	-10.95853391
1.83	-10.756823
1.84	-10.54829561
1.85	-10.33319061
1.86	-10.11174991
1.87	-9.884218185
1.88	-9.650842679
1.89	-9.411872971
1.9	-9.167560745
1.91	-8.918159563
1.92	-8.663924638
1.93	-8.405112607
1.94	-8.141981312
1.95	-7.874789569
1.96	-7.603796949
1.97	-7.329263561
1.98	-7.051449828
1.99	-6.770616273
2	-6.487023304
2.01	-6.200931002
2.02	-5.912598908
2.03	-5.622285821
2.04	-5.330249587
2.05	-5.036746902
2.06	-4.74203311
2.07	-4.446362006
2.08	-4.149985648
2.09	-3.853154162
2.1	-3.55611556
2.11	-3.259115556
2.12	-2.962397386
2.13	-2.666201636
2.14	-2.37076607
2.15	-2.076325461
2.16	-1.783111431
2.17	-1.491352291
2.18	-1.201272887
2.19	-0.9130944496
2.2	-0.6270344485
2.21	-0.3433064523
2.22	-0.06211999193
2.23	0.2163195718
2.24	0.4918111745
2.25	0.7641581704
2.26	1.03316845
2.27	1.298654552
2.28	1.560433773
2.29	1.818328264
2.3	2.072165137
2.31	2.321776549
2.32	2.566999795
2.33	2.807677388
2.34	3.043657137
2.35	3.274792218
2.36	3.500941243
2.37	3.721968319
2.38	3.937743108
2.39	4.148140878
2.4	4.353042546
2.41	4.552334725
2.42	4.745909756
2.43	4.933665741
2.44	5.115506569
2.45	5.291341939
2.46	5.461087371
2.47	5.624664225
2.48	5.781999702
2.49	5.933026845
2.5	6.077684541
2.51	6.215917508
2.52	6.347676283
2.53	6.472917208
2.54	6.591602406
2.55	6.703699752
2.56	6.809182846
2.57	6.908030976
2.58	7.000229078
2.59	7.085767695
2.6	7.164642923
2.61	7.236856365
2.62	7.302415073
2.63	7.361331487
2.64	7.41362337
2.65	7.459313744
2.66	7.498430816
2.67	7.531007906
2.68	7.557083366
2.69	7.576700498
2.7	7.589907472
2.71	7.596757238
2.72	7.597307431
2.73	7.591620284
2.74	7.579762522
2.75	7.561805271
2.76	7.537823953
2.77	7.507898178
2.78	7.472111643
2.79	7.430552017
2.8	7.383310835
2.81	7.330483379
2.82	7.272168566
2.83	7.208468831
2.84	7.139490006
2.85	7.0653412
2.86	6.986134677
2.87	6.901985734
2.88	6.813012574
2.89	6.71933618
2.9	6.621080191
2.91	6.518370772
2.92	6.411336484
2.93	6.300108158
2.94	6.184818763
2.95	6.065603276
2.96	5.942598551
2.97	5.815943191
2.98	5.68577741
2.99	5.55224291
3	5.415482746
3.01	5.275641192
3.02	5.132863619
3.03	4.987296356
3.04	4.839086566
3.05	4.688382116
3.06	4.535331447
3.07	4.380083447
3.08	4.222787325
3.09	4.063592487
3.1	3.902648408
3.11	3.740104513
3.12	3.576110049
3.13	3.41081397
3.14	3.244364815
3.15	3.076910592
3.16	2.90859866
3.17	2.739575613
3.18	2.569987174
3.19	2.399978077
3.2	2.229691961
3.21	2.059271264
3.22	1.888857116
3.23	1.718589239
3.24	1.548605843
3.25	1.37904353
3.26	1.210037198
3.27	1.041719946
3.28	0.8742229839
3.29	0.7076755428
3.3	0.5422047892
3.31	0.3779357411
3.32	0.2149911868
3.33	0.05349160639
3.34	-0.106444904
3.35	-0.2647027057
3.36	-0.4211686875
3.37	-0.5757323333
3.38	-0.7282857874
3.39	-0.8787239161
3.4	-1.026944367
3.41	-1.172847624
3.42	-1.316337065
3.43	-1.457319006
3.44	-1.595702753
3.45	-1.731400648
3.46	-1.864328104
3.47	-1.994403652
3.48	-2.12154897
3.49	-2.245688922
3.5	-2.366751583
3.51	-2.484668267
3.52	-2.599373554
3.53	-2.710805309
3.54	-2.818904698
3.55	-2.923616208
3.56	-3.024887658
3.57	-3.122670205
3.58	-3.216918358
3.59	-3.307589975
3.6	-3.394646266
3.61	-3.478051796
3.62	-3.557774475
3.63	-3.633785553
3.64	-3.706059612
3.65	-3.77457455
3.66	-3.839311572
3.67	-3.900255165
3.68	-3.957393085
3.69	-4.01071633
3.7	-4.060219118
3.71	-4.105898855
3.72	-4.147756113
3.73	-4.185794592
3.74	-4.220021087
3.75	-4.250445452
3.76	-4.277080564
3.77	-4.299942278
3.78	-4.319049387
3.79	-4.334423577
3.8	-4.34608938
3.81	-4.354074127
3.82	-4.358407893
3.83	-4.359123453
3.84	-4.356256222
3.85	-4.3498442
3.86	-4.339927918
3.87	-4.326550379
3.88	-4.309756996
3.89	-4.289595532
3.9	-4.266116038
3.91	-4.239370788
3.92	-4.209414216
3.93	-4.176302848
3.94	-4.140095235
3.95	-4.100851884
3.96	-4.058635193
3.97	-4.013509375
3.98	-3.965540393
3.99	-3.914795885
4	-3.86134509
4.01	-3.805258783
4.02	-3.746609192
4.03	-3.685469931
4.04	-3.621915924
4.05	-3.55602333
4.06	-3.487869468
4.07	-3.417532743
4.08	-3.345092569
4.09	-3.270629298
4.1	-3.19422414
4.11	-3.115959089
4.12	-3.035916851
4.13	-2.954180766
4.14	-2.870834733
4.15	-2.785963138
4.16	-2.69965078
4.17	-2.611982793
4.18	-2.523044577
4.19	-2.432921726
4.2	-2.341699952
4.21	-2.249465016
4.22	-2.156302658
4.23	-2.062298523
4.24	-1.967538097
4.25	-1.872106635
4.26	-1.776089093
4.27	-1.679570063
4.28	-1.582633707
4.29	-1.485363692
4.3	-1.387843127
4.31	-1.290154496
4.32	-1.192379605
4.33	-1.094599513
4.34	-0.9968944789
4.35	-0.8993439003
4.36	-0.8020262586
4.37	-0.7050190629
4.38	-0.6083987969
4.39	-0.5122408653
4.4	-0.4166195438
4.41	-0.3216079285
4.42	-0.2272778882
4.43	-0.1337000176
4.44	-0.0409435918
4.45	0.05092347707
4.46	0.1418346822
4.47	0.2317249625
4.48	0.3205307418
4.49	0.4081899661
4.5	0.4946421393
4.51	0.5798283573
4.52	0.6636913408
4.53	0.7461754654
4.54	0.8272267916
4.55	0.9067930917
4.56	0.9848238759
4.57	1.061270416
4.58	1.136085769
4.59	1.209224796
4.6	1.280644184
4.61	1.350302458
4.62	1.418160004
4.63	1.484179078
4.64	1.548323819
4.65	1.61056026
4.66	1.67085634
4.67	1.729181904
4.68	1.785508719
4.69	1.839810467
4.7	1.892062757
4.71	1.942243119
4.72	1.990331009
4.73	2.036307802
4.74	2.080156789
4.75	2.121863174
4.76	2.161414067
4.77	2.198798473
4.78	2.234007281
4.79	2.26703326
4.8	2.297871039
4.81	2.326517095
4.82	2.352969739
4.83	2.377229096
4.84	2.399297092
4.85	2.419177428
4.86	2.436875566
4.87	2.452398701
4.88	2.465755741
4.89	2.476957283
4.9	2.486015587
4.91	2.492944547
4.92	2.497759668
4.93	2.500478032
4.94	2.501118273
4.95	2.499700544
4.96	2.496246484
4.97	2.490779188
4.98	2.483323174
4.99	2.473904346
5	2.462549959
5.01	2.449288586
5.02	2.434150081
5.03	2.417165539
5.04	2.398367259
5.05	2.37778871
5.06	2.355464484
5.07	2.331430264
5.08	2.305722779
5.09	2.278379765
5.1	2.249439925
5.11	2.218942886
5.12	2.186929159
5.13	2.153440094
5.14	2.118517842
5.15	2.082205309
5.16	2.044546115
5.17	2.005584549
5.18	1.965365531
5.19	1.923934562
5.2	1.881337686
5.21	1.837621446
5.22	1.792832838
5.23	1.747019272
5.24	1.700228525
5.25	1.652508702
5.26	1.603908191
5.27	1.55447562
5.28	1.504259817
5.29	1.453309766
5.3	1.401674565
5.31	1.349403387
5.32	1.296545437
5.33	1.24314991
5.34	1.189265956
5.35	1.134942633
5.36	1.080228873
5.37	1.025173442
5.38	0.9698248989
5.39	0.9142315618
5.4	0.8584414681
5.41	0.8025023387
5.42	0.7464615417
5.43	0.6903660577
5.44	0.6342624444
5.45	0.5781968029
5.46	0.5222147446
5.47	0.4663613584
5.48	0.4106811789
5.49	0.3552181558
5.5	0.3000156231
5.51	0.24511627
5.52	0.1905621123
5.53	0.1363944645
5.54	0.08265391316
5.55	0.02938029044
5.56	-0.02338735074
5.57	-0.0756107611
5.58	-0.1272525184
5.59	-0.1782760498
5.6	-0.2286456535
5.61	-0.2783265194
5.62	-0.3272847486
5.63	-0.3754873725
5.64	-0.42290237
5.65	-0.469498685
5.66	-0.5152462418
5.67	-0.5601159601
5.68	-0.6040797692
5.69	-0.6471106207
5.7	-0.6891825006
5.71	-0.7302704405
5.72	-0.7703505273
5.73	-0.8093999127
5.74	-0.8473968213
5.75	-0.8843205575
5.76	-0.920151512
5.77	-0.954871167
5.78	-0.9884621006
5.79	-1.02090799
5.8	-1.052193614
5.81	-1.082304854
5.82	-1.111228697
5.83	-1.138953233
5.84	-1.165467651
5.85	-1.190762245
5.86	-1.214828404
5.87	-1.237658609
5.88	-1.259246431
5.89	-1.279586525
5.9	-1.298674622
5.91	-1.31650752
5.92	-1.333083083
5.93	-1.348400224
5.94	-1.3624589
5.95	-1.375260102
5.96	-1.386805841
5.97	-1.397099138
5.98	-1.406144013
5.99	-1.413945467
6	-1.420509474
6.01	-1.425842962
6.02	-1.429953801
6.03	-1.432850783
6.04	-1.434543611
6.05	-1.435042878
6.06	-1.434360049
6.07	-1.432507448
6.08	-1.429498233
6.09	-1.425346382
6.1	-1.420066669
6.11	-1.413674647
6.12	-1.406186628
6.13	-1.397619658
6.14	-1.387991502
6.15	-1.377320615
6.16	-1.365626126
6.17	-1.352927813
6.18	-1.33924608
6.19	-1.324601935
6.2	-1.309016966
6.21	-1.292513319
6.22	-1.275113672
6.23	-1.256841212
6.24	-1.237719614
6.25	-1.217773011
6.26	-1.197025973
6.27	-1.175503484
6.28	-1.153230913
6.29	-1.130233993
6.3	-1.106538796
6.31	-1.082171706
6.32	-1.057159397
6.33	-1.031528804
6.34	-1.005307105
6.35	-0.9785216903
6.36	-0.9512001394
6.37	-0.9233701986
6.38	-0.8950597545
6.39	-0.8662968107
6.4	-0.8371094629
6.41	-0.8075258758
6.42	-0.7775742584
6.43	-0.7472828414
6.44	-0.716679853
6.45	-0.6857934962
6.46	-0.6546519258
6.47	-0.6232832258
6.48	-0.5917153871
6.49	-0.5599762855
6.5	-0.5280936597
6.51	-0.4960950903
6.52	-0.4640079785
6.53	-0.4318595256
6.54	-0.3996767123
6.55	-0.3674862794
6.56	-0.3353147074
6.57	-0.3031881983
6.58	-0.2711326562
6.59	-0.2391736693
6.6	-0.2073364918
6.61	-0.175646027
6.62	-0.1441268099
6.63	-0.1128029909
6.64	-0.0816983198
6.65	-0.05083613045
6.66	-0.02023932549
6.67	0.01006963794
6.68	0.04006876229
6.69	0.06973652304
6.7	0.09905188165
6.71	0.127994298
6.72	0.1565437421
6.73	0.184680706
6.74	0.2123862137
6.75	0.2396418324
6.76	0.2664296813
6.77	0.2927324417
6.78	0.3185333646
6.79	0.3438162796
6.8	0.3685656023
6.81	0.3927663406
6.82	0.4164041018
6.83	0.4394650983
6.84	0.4619361527
6.85	0.4838047025
6.86	0.5050588046
6.87	0.5256871388
6.88	0.5456790105
6.89	0.565024354
6.9	0.5837137338
6.91	0.6017383464
6.92	0.6190900214
6.93	0.6357612215
6.94	0.6517450425
6.95	0.6670352129
6.96	0.6816260925
6.97	0.6955126708
6.98	0.7086905651
6.99	0.7211560173
7	0.7329058912
7.01	0.743937669
7.02	0.7542494467
7.03	0.7638399299
7.04	0.7727084289
7.05	0.7808548529
7.06	0.7882797044
7.07	0.7949840727
7.08	0.8009696274
7.09	0.8062386109
7.1	0.8107938314
7.11	0.8146386542
7.12	0.8177769943
7.13	0.8202133068
7.14	0.8219525788
7.15	0.823000319
7.16	0.8233625491
7.17	0.8230457927
7.18	0.8220570658
7.19	0.8204038655
7.2	0.8180941597
7.21	0.8151363751
7.22	0.8115393866
7.23	0.8073125047
7.24	0.8024654643
7.25	0.7970084119
7.26	0.7909518935
7.27	0.7843068419
7.28	0.7770845638
7.29	0.769296727
7.3	0.7609553471
7.31	0.7520727741
7.32	0.7426616791
7.33	0.7327350406
7.34	0.722306131
7.35	0.7113885024
7.36	0.6999959733
7.37	0.6881426138
7.38	0.6758427323
7.39	0.663110861
7.4	0.649961742
7.41	0.6364103128
7.42	0.6224716922
7.43	0.6081611665
7.44	0.5934941746
7.45	0.5784862944
7.46	0.5631532283
7.47	0.5475107894
7.48	0.5315748869
7.49	0.5153615128
7.5	0.4988867272
7.51	0.4821666451
7.52	0.4652174222
7.53	0.4480552416
7.54	0.4306962999
7.55	0.4131567939
7.56	0.3954529076
7.57	0.3776007984
7.58	0.3596165849
7.59	0.3415163336
7.6	0.323316046
7.61	0.3050316469
7.62	0.2866789714
7.63	0.2682737529
7.64	0.2498316117
7.65	0.2313680427
7.66	0.2128984043
7.67	0.1944379071
7.68	0.1760016027
7.69	0.1576043731
7.7	0.1392609205
7.71	0.1209857562
7.72	0.1027931916
7.73	0.08469732743
7.74	0.06671204522
7.75	0.04885099746
7.76	0.03112759893
7.77	0.01355501804
7.78	-0.003853831577
7.79	-0.02108629905
7.8	-0.03813000408
7.81	-0.05497284439
7.82	-0.0716030029
7.83	-0.08800895455
7.84	-0.1041794729
7.85	-0.1201036362
7.86	-0.1357708337
7.87	-0.1511707708
7.88	-0.1662934747
7.89	-0.1811292991
7.9	-0.195668929
7.91	-0.2099033853
7.92	-0.2238240282
7.93	-0.2374225617
7.94	-0.2506910361
7.95	-0.2636218518
7.96	-0.2762077619
7.97	-0.2884418743
7.98	-0.3003176541
7.99	-0.3118289254
8	-0.3229698728
8.01	-0.3337350423
8.02	-0.3441193428
8.03	-0.354118046
8.04	-0.3637267868
8.05	-0.3729415638
8.06	-0.3817587383
8.07	-0.3901750339
8.08	-0.398187536
8.09	-0.4057936898
8.1	-0.4129912995
8.11	-0.419778526
8.12	-0.4261538856
8.13	-0.4321162466
8.14	-0.4376648278
8.15	-0.4427991951
8.16	-0.4475192582
8.17	-0.4518252679
8.18	-0.455717812
8.19	-0.4591978115
8.2	-0.4622665169
8.21	-0.4649255033
8.22	-0.4671766665
8.23	-0.4690222178
8.24	-0.4704646792
8.25	-0.4715068784
8.26	-0.4721519431
8.27	-0.4724032957
8.28	-0.4722646476
8.29	-0.4717399931
8.3	-0.4708336034
8.31	-0.4695500202
8.32	-0.4678940497
8.33	-0.4658707554
8.34	-0.463485452
8.35	-0.4607436981
8.36	-0.4576512894
8.37	-0.4542142517
8.38	-0.4504388333
8.39	-0.4463314981
8.4	-0.4418989178
8.41	-0.4371479647
8.42	-0.4320857036
8.43	-0.4267193845
8.44	-0.4210564348
8.45	-0.4151044511
8.46	-0.4088711916
8.47	-0.402364568
8.48	-0.3955926376
8.49	-0.388563595
8.5	-0.3812857643
8.51	-0.3737675907
8.52	-0.3660176327
8.53	-0.3580445537
8.54	-0.3498571137
8.55	-0.3414641618
8.56	-0.3328746273
8.57	-0.324097512
8.58	-0.315141882
8.59	-0.3060168595
8.6	-0.2967316152
8.61	-0.2872953596
8.62	-0.2777173356
8.63	-0.2680068106
8.64	-0.258173068
8.65	-0.2482254005
8.66	-0.2381731012
8.67	-0.228025457
8.68	-0.2177917404
8.69	-0.2074812023
8.7	-0.1971030645
8.71	-0.1866665125
8.72	-0.1761806884
8.73	-0.1656546838
8.74	-0.1550975326
8.75	-0.1445182044
8.76	-0.1339255979
8.77	-0.1233285341
8.78	-0.1127357497
8.79	-0.1021558912
8.8	-0.09159750826
8.81	-0.08106904804
8.82	-0.07057884899
8.83	-0.06013513524
8.84	-0.04974601094
8.85	-0.03941945484
8.86	-0.02916331497
8.87	-0.01898530351
8.88	-0.008892991825
8.89	0.001106194363
8.9	0.0110049796
8.91	0.0207962432
8.92	0.03047302349
8.93	0.04002852201
8.94	0.04945610741
8.95	0.05874931926
8.96	0.06790187161
8.97	0.07690765646
8.98	0.08576074698
8.99	0.09445540054
9	0.1029860616
9.01	0.1113473645
9.02	0.1195341358
9.03	0.1275413967
9.04	0.1353643653
9.05	0.1429984582
9.06	0.1504392929
9.07	0.1576826888
9.08	0.1647246687
9.09	0.1715614606
9.1	0.178189498
9.11	0.1846054213
9.12	0.1908060782
9.13	0.1967885245
9.14	0.2025500241
9.15	0.2080880494
9.16	0.2134002815
9.17	0.2184846095
9.18	0.2233391305
9.19	0.2279621491
9.2	0.2323521767
9.21	0.2365079305
9.22	0.2404283328
9.23	0.2441125096
9.24	0.2475597892
9.25	0.2507697012
9.26	0.2537419744
9.27	0.2564765353
9.28	0.258973506
9.29	0.2612332025
9.3	0.263256132
9.31	0.2650429911
9.32	0.2665946631
9.33	0.2679122152
9.34	0.2689968962
9.35	0.2698501336
9.36	0.2704735303
9.37	0.2708688619
9.38	0.2710380735
9.39	0.2709832762
9.4	0.2707067438
9.41	0.2702109094
9.42	0.269498362
9.43	0.2685718423
9.44	0.2674342393
9.45	0.2660885866
9.46	0.264538058
9.47	0.2627859639
9.48	0.2608357473
9.49	0.258690979
9.5	0.2563553544
9.51	0.2538326881
9.52	0.2511269107
9.53	0.2482420636
9.54	0.2451822948
9.55	0.2419518549
9.56	0.2385550917
9.57	0.2349964466
9.58	0.2312804493
9.59	0.2274117137
9.6	0.2233949329
9.61	0.219234875
9.62	0.2149363778
9.63	0.2105043448
9.64	0.2059437402
9.65	0.2012595843
9.66	0.1964569487
9.67	0.1915409518
9.68	0.186516754
9.69	0.1813895531
9.7	0.1761645797
9.71	0.1708470926
9.72	0.1654423741
9.73	0.1599557256
9.74	0.1543924627
9.75	0.1487579112
9.76	0.1430574023
9.77	0.1372962683
9.78	0.1314798381
9.79	0.125613433
9.8	0.1197023622
9.81	0.113751919
9.82	0.107767376
9.83	0.1017539815
9.84	0.09571695528
9.85	0.0896614844
9.86	0.08359271956
9.87	0.07751577108
9.88	0.07143570515
9.89	0.06535754009
9.9	0.05928624275
9.91	0.05322672492
9.92	0.04718383984
9.93	0.04116237885
9.94	0.035167068
9.95	0.02920256488
9.96	0.02327345549
9.97	0.01738425113
9.98	0.0115393855
9.99	0.005743211804
10	2.227933411e-16
10.01	-0.005686065892
10.02	-0.01131089036
10.03	-0.01687046886
10.04	-0.02236089025
10.05	-0.02777833899
10.06	-0.03311909739
10.07	-0.03837954765
10.08	-0.04355617385
10.09	-0.04864556379
10.1	-0.05364441081
10.11	-0.05854951541
10.12	-0.0633577868
10.13	-0.06806624441
10.14	-0.07267201917
10.15	-0.0771723548
10.16	-0.08156460894
10.17	-0.08584625416
10.18	-0.09001487893
10.19	-0.0940681884
10.2	-0.09800400516
10.21	-0.1018202698
10.22	-0.1055150416
10.23	-0.1090864987
10.24	-0.1125329384
10.25	-0.1158527777
10.26	-0.1190445532
10.27	-0.1221069209
10.28	-0.1250386565
10.29	-0.127838655
10.3	-0.1305059305
10.31	-0.1330396156
10.32	-0.1354389613
10.33	-0.1377033362
10.34	-0.1398322258
10.35	-0.141825232
10.36	-0.1436820721
10.37	-0.1454025777
10.38	-0.1469866942
10.39	-0.1484344792
10.4	-0.1497461017
10.41	-0.1509218407
10.42	-0.1519620837
10.43	-0.1528673257
10.44	-0.1536381675
10.45	-0.154275314
10.46	-0.1547795729
10.47	-0.1551518528
10.48	-0.1553931616
10.49	-0.1555046044
10.5	-0.1554873822
10.51	-0.1553427892
10.52	-0.1550722114
10.53	-0.1546771243
10.54	-0.154159091
10.55	-0.1535197596
10.56	-0.1527608615
10.57	-0.1518842089
10.58	-0.1508916927
10.59	-0.1497852797
10.6	-0.1485670109
10.61	-0.1472389986
10.62	-0.145803424
10.63	-0.144262535
10.64	-0.1426186434
10.65	-0.1408741226
10.66	-0.1390314048
10.67	-0.1370929786
10.68	-0.1350613864
10.69	-0.1329392216
10.7	-0.1307291263
10.71	-0.1284337882
10.72	-0.1260559383
10.73	-0.1235983481
10.74	-0.121063827
10.75	-0.1184552193
10.76	-0.1157754021
10.77	-0.1130272821
10.78	-0.1102137931
10.79	-0.1073378933
10.8	-0.1044025629
10.81	-0.1014108008
10.82	-0.09836562274
10.83	-0.09527005803
10.84	-0.09212714723
10.85	-0.08893993949
10.86	-0.08571148996
10.87	-0.08244485721
10.88	-0.0791431007
10.89	-0.07580927825
10.9	-0.07244644359
10.91	-0.06905764381
10.92	-0.06564591703
10.93	-0.06221428991
10.94	-0.05876577535
10.95	-0.05530337009
10.96	-0.05183005248
10.97	-0.04834878015
10.98	-0.04486248786
10.99	-0.04137408526
11	-0.0378864548
11.01	-0.0344024496
11.02	-0.03092489143
11.03	-0.02745656868
11.04	-0.02400023443
11.05	-0.02055860454
11.06	-0.01713435577
11.07	-0.01373012399
11.08	-0.01034850243
11.09	-0.00699203997
11.1	-0.003663239487
11.11	-0.000364556265
11.12	0.002901603546
11.13	0.006132884417
11.14	0.009326982866
11.15	0.01248164883
11.16	0.01559468698
11.17	0.01866395799
11.18	0.02168737969
11.19	0.02466292827
11.2	0.02758863931
11.21	0.03046260882
11.22	0.0332829942
11.23	0.03604801513
11.24	0.03875595442
11.25	0.0414051588
11.26	0.04399403961
11.27	0.04652107351
11.28	0.04898480301
11.29	0.05138383707
11.3	0.05371685157
11.31	0.0559825897
11.32	0.05817986234
11.33	0.06030754838
11.34	0.06236459492
11.35	0.06435001751
11.36	0.06626290023
11.37	0.06810239577
11.38	0.06986772546
11.39	0.07155817921
11.4	0.07317311541
11.41	0.07471196079
11.42	0.07617421019
11.43	0.0775594263
11.44	0.07886723938
11.45	0.08009734682
11.46	0.08124951278
11.47	0.08232356772
11.48	0.08331940782
11.49	0.08423699447
11.5	0.08507635364
11.51	0.08583757521
11.52	0.08652081223
11.53	0.08712628024
11.54	0.0876542564
11.55	0.08810507867
11.56	0.08847914496
11.57	0.08877691217
11.58	0.08899889523
11.59	0.08914566612
11.6	0.08921785282
11.61	0.08921613824
11.62	0.08914125913
11.63	0.0889940049
11.64	0.08877521648
11.65	0.08848578512
11.66	0.08812665114
11.67	0.08769880267
11.68	0.08720327441
11.69	0.08664114623
11.7	0.08601354191
11.71	0.08532162777
11.72	0.08456661125
11.73	0.08374973955
11.74	0.0828722982
11.75	0.08193560962
11.76	0.08094103167
11.77	0.07988995618
11.78	0.07878380749
11.79	0.07762404092
11.8	0.07641214131
11.81	0.07514962147
11.82	0.0738380207
11.83	0.07247890324
11.84	0.07107385672
11.85	0.06962449068
11.86	0.06813243497
11.87	0.06659933826
11.88	0.06502686647
11.89	0.06341670124
11.9	0.06177053841
11.91	0.06009008647
11.92	0.05837706501
11.93	0.05663320327
11.94	0.05486023855
11.95	0.05305991474
11.96	0.05123398084
11.97	0.04938418942
11.98	0.04751229521
11.99	0.0456200536
12	0.04370921921
12.01	0.04178154443
12.02	0.03983877807
12.03	0.03788266388
12.04	0.03591493921
12.05	0.03393733368
12.06	0.03195156776
12.07	0.02995935154
12.08	0.02796238334
12.09	0.02596234853
12.1	0.02396091817
12.11	0.02195974788
12.12	0.01996047658
12.13	0.01796472532
12.14	0.01597409613
12.15	0.01399017091
12.16	0.01201451032
12.17	0.0100486527
12.18	0.008094113046
12.19	0.006152382007
12.2	0.00422492488
12.21	0.00231318068
12.22	0.0004185612132
12.23	-0.00145754981
12.24	-0.003313797627
12.25	-0.005148857251
12.26	-0.006961434258
12.27	-0.008750265544
12.28	-0.01051412005
12.29	-0.01225179947
12.3	-0.01396213886
12.31	-0.01564400733
12.32	-0.01729630856
12.33	-0.01891798143
12.34	-0.02050800047
12.35	-0.0220653764
12.36	-0.02358915654
12.37	-0.02507842526
12.38	-0.02653230436
12.39	-0.02794995338
12.4	-0.02933056996
12.41	-0.0306733901
12.42	-0.0319776884
12.43	-0.03324277827
12.44	-0.03446801214
12.45	-0.03565278154
12.46	-0.03679651726
12.47	-0.03789868944
12.48	-0.03895880754
12.49	-0.03997642043
12.5	-0.04095111631
12.51	-0.04188252272
12.52	-0.04277030636
12.53	-0.04361417308
12.54	-0.04441386765
12.55	-0.04516917363
12.56	-0.04587991312
12.57	-0.04654594658
12.58	-0.04716717251
12.59	-0.04774352717
12.6	-0.04827498428
12.61	-0.04876155463
12.62	-0.04920328573
12.63	-0.0496002614
12.64	-0.04995260134
12.65	-0.05026046065
12.66	-0.05052402942
12.67	-0.05074353212
12.68	-0.05091922719
12.69	-0.05105140638
12.7	-0.05114039427
12.71	-0.05118654763
12.72	-0.05119025481
12.73	-0.05115193511
12.74	-0.05107203814
12.75	-0.05095104314
12.76	-0.05078945828
12.77	-0.05058782
12.78	-0.05034669222
12.79	-0.05006666567
12.8	-0.04974835708
12.81	-0.04939240848
12.82	-0.04899948637
12.83	-0.04857028093
12.84	-0.04810550526
12.85	-0.04760589453
12.86	-0.04707220518
12.87	-0.04650521406
12.88	-0.04590571762
12.89	-0.04527453105
12.9	-0.0446124874
12.91	-0.04392043678
12.92	-0.04319924542
12.93	-0.04244979485
12.94	-0.04167298102
12.95	-0.04086971339
12.96	-0.04004091408
12.97	-0.03918751697
12.98	-0.03831046684
12.99	-0.03741071846
13	-0.03648923571
13.01	-0.03554699074
13.02	-0.03458496302
13.03	-0.03360413852
13.04	-0.03260550881
13.05	-0.03159007021
13.06	-0.03055882291
13.07	-0.02951277011
13.08	-0.02845291718
13.09	-0.0273802708
13.1	-0.02629583813
13.11	-0.02520062598
13.12	-0.02409563997
13.13	-0.02298188375
13.14	-0.02186035817
13.15	-0.02073206049
13.16	-0.01959798361
13.17	-0.01845911528
13.18	-0.01731643737
13.19	-0.01617092508
13.2	-0.01502354626
13.21	-0.01387526063
13.22	-0.01272701914
13.23	-0.01157976321
13.24	-0.01043442409
13.25	-0.009291922214
13.26	-0.008153166507
13.27	-0.007019053784
13.28	-0.005890468131
13.29	-0.0047682803
13.3	-0.003653347132
13.31	-0.002546510992
13.32	-0.001448599222
13.33	-0.0003604236088
13.34	0.0007172201218
13.35	0.001783552802
13.36	0.002837812294
13.37	0.003879253947
13.38	0.004907151036
13.39	0.005920795173
13.4	0.006919496714
13.41	0.007902585131
13.42	0.008869409377
13.43	0.009819338223
13.44	0.01075176058
13.45	0.0116660858
13.46	0.01256174395
13.47	0.0134381861
13.48	0.01429488452
13.49	0.01513133293
13.5	0.01594704673
13.51	0.01674156309
13.52	0.01751444124
13.53	0.01826526249
13.54	0.01899363045
13.55	0.01969917105
13.56	0.02038153271
13.57	0.02104038634
13.58	0.0216754254
13.59	0.02228636594
13.6	0.02287294662
13.61	0.02343492866
13.62	0.02397209585
13.63	0.02448425446
13.64	0.02497123324
13.65	0.02543288326
13.66	0.02586907788
13.67	0.02627971259
13.68	0.02666470486
13.69	0.02702399406
13.7	0.02735754122
13.71	0.02766532887
13.72	0.02794736086
13.73	0.02820366211
13.74	0.02843427842
13.75	0.02863927618
13.76	0.02881874215
13.77	0.02897278317
13.78	0.02910152586
13.79	0.02920511633
13.8	0.0292837199
13.81	0.02933752069
13.82	0.02936672139
13.83	0.02937154279
13.84	0.02935222354
13.85	0.02930901967
13.86	0.02924220429
13.87	0.02915206714
13.88	0.02903891422
13.89	0.02890306734
13.9	0.02874486375
13.91	0.02856465568
13.92	0.02836280989
13.93	0.02813970724
13.94	0.02789574226
13.95	0.02763132265
13.96	0.02734686882
13.97	0.02704281345
13.98	0.02671960099
13.99	0.02637768718
14	0.02601753856
14.01	0.025639632
14.02	0.02524445416
14.03	0.02483250106
14.04	0.02440427753
14.05	0.02396029673
14.06	0.02350107962
14.07	0.02302715449
14.08	0.02253905644
14.09	0.02203732687
14.1	0.02152251296
14.11	0.02099516719
14.12	0.02045584684
14.13	0.01990511342
14.14	0.01934353227
14.15	0.01877167197
14.16	0.01819010387
14.17	0.01759940162
14.18	0.01700014064
14.19	0.01639289764
14.2	0.01577825016
14.21	0.01515677606
14.22	0.01452905302
14.23	0.01389565815
14.24	0.01325716742
14.25	0.01261415528
14.26	0.01196719417
14.27	0.01131685406
14.28	0.01066370204
14.29	0.01000830183
14.3	0.00935121343
14.31	0.008692992616
14.32	0.008034190581
14.33	0.007375353504
14.34	0.006717022163
14.35	0.006059731534
14.36	0.005404010422
14.37	0.004750381079
14.38	0.004099358848
14.39	0.003451451801
14.4	0.002807160405
14.41	0.002166977177
14.42	0.001531386365
14.43	0.0009008636323
14.44	0.0002758757515
14.45	-0.0003431196895
14.46	-0.000955674571
14.47	-0.001561350516
14.48	-0.00215971915
14.49	-0.002750362357
14.5	-0.003332872518
14.51	-0.00390685274
14.52	-0.004471917078
14.53	-0.005027690738
14.54	-0.005573810278
14.55	-0.006109923791
14.56	-0.006635691079
14.57	-0.007150783817
14.58	-0.0076548857
14.59	-0.008147692589
14.6	-0.008628912634
14.61	-0.009098266394
14.62	-0.009555486944
14.63	-0.01000031996
14.64	-0.01043252383
14.65	-0.01085186967
14.66	-0.01125814146
14.67	-0.01165113602
14.68	-0.01203066311
14.69	-0.01239654541
14.7	-0.01274861857
14.71	-0.0130867312
14.72	-0.01341074485
14.73	-0.01372053404
14.74	-0.01401598619
14.75	-0.01429700161
14.76	-0.01456349343
14.77	-0.01481538757
14.78	-0.01505262266
14.79	-0.01527514995
14.8	-0.01548293327
14.81	-0.01567594888
14.82	-0.01585418539
14.83	-0.01601764365
14.84	-0.01616633664
14.85	-0.01630028929
14.86	-0.01641953841
14.87	-0.01652413247
14.88	-0.01661413149
14.89	-0.01668960689
14.9	-0.01675064126
14.91	-0.01679732823
14.92	-0.01682977226
14.93	-0.01684808845
14.94	-0.01685240236
14.95	-0.01684284978
14.96	-0.0168195765
14.97	-0.01678273816
14.98	-0.01673249993
14.99	-0.01666903636
15	-0.0165925311
15.01	-0.01650317668
15.02	-0.01640117423
15.03	-0.01628673329
15.04	-0.01616007148
15.05	-0.0160214143
15.06	-0.01587099485
15.07	-0.01570905355
15.08	-0.01553583788
15.09	-0.0153516021
15.1	-0.01515660699
15.11	-0.01495111956
15.12	-0.01473541276
15.13	-0.01450976522
15.14	-0.01427446093
15.15	-0.01402978901
15.16	-0.01377604336
15.17	-0.0135135224
15.18	-0.01324252878
15.19	-0.01296336911
15.2	-0.01267635362
15.21	-0.01238179591
15.22	-0.01208001264
15.23	-0.01177132326
15.24	-0.01145604969
15.25	-0.01113451605
15.26	-0.01080704838
15.27	-0.01047397434
15.28	-0.01013562292
15.29	-0.009792324174
15.3	-0.009444408928
15.31	-0.009092208502
15.32	-0.008736054434
15.33	-0.008376278208
15.34	-0.00801321098
15.35	-0.007647183309
15.36	-0.007278524896
15.37	-0.006907564316
15.38	-0.006534628767
15.39	-0.006160043808
15.4	-0.005784133114
15.41	-0.005407218224
15.42	-0.005029618305
15.43	-0.004651649907
15.44	-0.004273626734
15.45	-0.003895859413
15.46	-0.003518655271
15.47	-0.003142318115
15.48	-0.002767148017
15.49	-0.002393441107
15.5	-0.002021489367
15.51	-0.001651580436
15.52	-0.001283997412
15.53	-0.0009190186729
15.54	-0.0005569176861
15.55	-0.0001979628398
15.56	0.0001575827297
15.57	0.0005094613009
15.58	0.0008574207243
15.59	0.001201214574
15.6	0.001540602295
15.61	0.001875349336
15.62	0.00220522729
15.63	0.002530014015
15.64	0.002849493755
15.65	0.003163457256
15.66	0.003471701869
15.67	0.003774031652
15.68	0.004070257468
15.69	0.004360197065
15.7	0.004643675162
15.71	0.004920523523
15.72	0.005190581024
15.73	0.005453693713
15.74	0.005709714869
15.75	0.005958505047
15.76	0.006199932119
15.77	0.006433871314
15.78	0.006660205244
15.79	0.006878823926
15.8	0.007089624802
15.81	0.007292512745
15.82	0.007487400068
15.83	0.007674206516
15.84	0.007852859263
15.85	0.008023292897
15.86	0.008185449396
15.87	0.008339278107
15.88	0.008484735711
15.89	0.008621786188
15.9	0.008750400769
15.91	0.008870557896
15.92	0.008982243159
15.93	0.009085449243
15.94	0.009180175859
15.95	0.009266429679
15.96	0.009344224255
15.97	0.009413579946
15.98	0.009474523831
15.99	0.009527089616
16	0.009571317547
16.01	0.009607254309
16.02	0.009634952921
16.03	0.009654472635
16.04	0.00966587882
16.05	0.009669242852
16.06	0.00966464199
16.07	0.009652159262
16.08	0.009631883332
16.09	0.009603908376
16.1	0.009568333948
16.11	0.009525264845
16.12	0.009474810967
16.13	0.009417087181
16.14	0.009352213173
16.15	0.009280313303
16.16	0.009201516457
16.17	0.009115955896
16.18	0.009023769104
16.19	0.00892509763
16.2	0.008820086937
16.21	0.008708886237
16.22	0.008591648337
16.23	0.008468529475
16.24	0.00833968916
16.25	0.008205290004
16.26	0.008065497564
16.27	0.007920480171
16.28	0.007770408767
16.29	0.007615456742
16.3	0.007455799761
16.31	0.007291615602
16.32	0.007123083986
16.33	0.006950386413
16.34	0.006773705994
16.35	0.006593227286
16.36	0.006409136125
16.37	0.006221619459
16.38	0.006030865187
16.39	0.005837061996
16.4	0.005640399194
16.41	0.005441066551
16.42	0.005239254141
16.43	0.005035152179
16.44	0.004828950865
16.45	0.004620840229
16.46	0.004411009979
16.47	0.004199649341
16.48	0.003986946917
16.49	0.003773090533
16.5	0.00355826709
16.51	0.003342662425
16.52	0.003126461167
16.53	0.002909846594
16.54	0.002693000504
16.55	0.002476103073
16.56	0.002259332727
16.57	0.002042866011
16.58	0.001826877467
16.59	0.001611539507
16.6	0.001397022293
16.61	0.001183493621
16.62	0.0009711188062
16.63	0.0007600605739
16.64	0.0005504789488
16.65	0.0003425311526
16.66	0.0001363715025
16.67	-6.784868674e-05
16.68	-0.0002699811967
16.69	-0.0004698809962
16.7	-0.0006674063287
16.71	-0.0008624187959
16.72	-0.001054783438
16.73	-0.001244368809
16.74	-0.001431047052
16.75	-0.001614693965
16.76	-0.001795189072
16.77	-0.001972415677
16.78	-0.002146260928
16.79	-0.00231661587
16.8	-0.002483375494
16.81	-0.002646438786
16.82	-0.002805708768
16.83	-0.002961092541
16.84	-0.003112501314
16.85	-0.003259850443
16.86	-0.003403059457
16.87	-0.003542052079
16.88	-0.003676756251
16.89	-0.00380710415
16.9	-0.003933032201
16.91	-0.004054481086
16.92	-0.004171395752
16.93	-0.004283725414
16.94	-0.004391423553
16.95	-0.004494447911
16.96	-0.004592760484
16.97	-0.004686327513
16.98	-0.004775119466
16.99	-0.004859111022
17	-0.00493828105
17.01	-0.005012612584
17.02	-0.005082092796
17.03	-0.005146712964
17.04	-0.00520646844
17.05	-0.005261358613
17.06	-0.005311386869
17.07	-0.005356560547
17.08	-0.005396890897
17.09	-0.005432393029
17.1	-0.005463085863
17.11	-0.005488992076
17.12	-0.005510138045
17.13	-0.005526553789
17.14	-0.005538272911
17.15	-0.00554533253
17.16	-0.005547773217
17.17	-0.005545638929
17.18	-0.005538976939
17.19	-0.005527837764
17.2	-0.005512275088
17.21	-0.005492345693
17.22	-0.005468109374
17.23	-0.005439628869
17.24	-0.005406969767
17.25	-0.005370200437
17.26	-0.005329391937
17.27	-0.005284617932
17.28	-0.005235954605
17.29	-0.005183480573
17.3	-0.005127276797
17.31	-0.005067426491
17.32	-0.005004015032
17.33	-0.004937129868
17.34	-0.004866860428
17.35	-0.004793298025
17.36	-0.004716535767
17.37	-0.004636668459
17.38	-0.00455379251
17.39	-0.004468005836
17.4	-0.004379407769
17.41	-0.004288098957
17.42	-0.004194181271
17.43	-0.004097757707
17.44	-0.003998932293
17.45	-0.003897809991
17.46	-0.003794496605
17.47	-0.00368909868
17.48	-0.003581723414
17.49	-0.003472478558
17.5	-0.003361472326
17.51	-0.003248813299
17.52	-0.003134610334
17.53	-0.003018972471
17.54	-0.002902008841
17.55	-0.00278382858
17.56	-0.002664540732
17.57	-0.002544254167
17.58	-0.002423077489
17.59	-0.002301118955
17.6	-0.002178486382
17.61	-0.00205528707
17.62	-0.001931627715
17.63	-0.001807614328
17.64	-0.001683352158
17.65	-0.001558945609
17.66	-0.001434498165
17.67	-0.001310112313
17.68	-0.00118588947
17.69	-0.001061929913
17.7	-0.0009383327013
17.71	-0.0008151956132
17.72	-0.0006926150766
17.73	-0.0005706861032
17.74	-0.0004495022249
17.75	-0.0003291554317
17.76	-0.0002097361118
17.77	-9.13329931e-05
17.78	2.596691291e-05
17.79	0.0001420783654
17.8	0.0002569179466
17.81	0.0003704041119
17.82	0.0004824572385
17.83	0.0005929996712
17.84	0.0007019557666
17.85	0.0008092519353
17.86	0.0009148166816
17.87	0.001018580642
17.88	0.001120476619
17.89	0.001220439617
17.9	0.001318406873
17.91	0.001414317885
17.92	0.001508114439
17.93	0.001599740637
17.94	0.001689142914
17.95	0.001776270065
17.96	0.00186107326
17.97	0.001943506061
17.98	0.002023524436
17.99	0.002101086772
18	0.002176153885
18.01	0.002248689027
18.02	0.002318657893
18.03	0.002386028625
18.04	0.002450771812
18.05	0.00251286049
18.06	0.002572270145
18.07	0.002628978699
18.08	0.002682966513
18.09	0.002734216375
18.1	0.002782713487
18.11	0.00282844546
18.12	0.002871402294
18.13	0.002911576367
18.14	0.002948962413
18.15	0.002983557508
18.16	0.003015361043
18.17	0.003044374708
18.18	0.003070602464
18.19	0.003094050516
18.2	0.00311472729
18.21	0.0031326434
18.22	0.003147811618
18.23	0.003160246845
18.24	0.003169966074
18.25	0.003176988356
18.26	0.003181334768
18.27	0.003183028369
18.28	0.003182094165
18.29	0.003178559071
18.3	0.003172451865
18.31	0.00316380315
18.32	0.003152645308
18.33	0.003139012458
18.34	0.00312294041
18.35	0.003104466618
18.36	0.003083630132
18.37	0.003060471554
18.38	0.003035032985
18.39	0.003007357978
18.4	0.002977491487
18.41	0.002945479817
18.42	0.00291137057
18.43	0.002875212596
18.44	0.002837055941
18.45	0.002796951791
18.46	0.002754952418
18.47	0.002711111134
18.48	0.002665482225
18.49	0.002618120909
18.5	0.002569083271
18.51	0.002518426216
18.52	0.00246620741
18.53	0.002412485226
18.54	0.00235731869
18.55	0.002300767425
18.56	0.002242891596
18.57	0.002183751859
18.58	0.002123409298
18.59	0.00206192538
18.6	0.001999361896
18.61	0.001935780906
18.62	0.001871244688
18.63	0.001805815685
18.64	0.001739556449
18.65	0.001672529592
18.66	0.001604797732
18.67	0.001536423444
18.68	0.001467469204
18.69	0.001397997344
18.7	0.001328070002
18.71	0.001257749068
18.72	0.001187096141
18.73	0.00111617248
18.74	0.001045038954
18.75	0.0009737560017
18.76	0.0009023835807
18.77	0.0008309811261
18.78	0.0007596075063
18.79	0.0006883209803
18.8	0.0006171791559
18.81	0.000546238949
18.82	0.0004755565438
18.83	0.000405187354
18.84	0.0003351859851
18.85	0.0002656061974
18.86	0.0001965008706
18.87	0.0001279219688
18.88	5.992050758e-05
18.89	-7.453478987e-06
18.9	-7.41509693e-05
18.91	-0.0001401239845
18.92	-0.0002053256172
18.93	-0.0002697100598
18.94	-0.0003332326305
18.95	-0.0003958497994
18.96	-0.000457519212
18.97	-0.0005181997131
18.98	-0.0005778513678
18.99	-0.0006364354826
19	-0.0006939146249
19.01	-0.0007502526406
19.02	-0.0008054146716
19.03	-0.0008593671713
19.04	-0.0009120779188
19.05	-0.0009635160326
19.06	-0.001013651982
19.07	-0.0010624576
19.08	-0.001109906087
19.09	-0.001155972029
19.1	-0.001200631394
19.11	-0.001243861545
19.12	-0.001285641242
19.13	-0.001325950648
19.14	-0.001364771327
19.15	-0.001402086248
19.16	-0.001437879786
19.17	-0.001472137719
19.18	-0.001504847224
19.19	-0.001535996878
19.2	-0.001565576651
19.21	-0.001593577901
19.22	-0.001619993364
19.23	-0.001644817151
19.24	-0.001668044739
19.25	-0.001689672956
19.26	-0.001709699975
19.27	-0.001728125301
19.28	-0.001744949758
19.29	-0.001760175473
19.3	-0.001773805865
19.31	-0.001785845627
19.32	-0.00179630071
19.33	-0.001805178306
19.34	-0.00181248683
19.35	-0.001818235898
19.36	-0.001822436312
19.37	-0.001825100035
19.38	-0.001826240174
19.39	-0.001825870952
19.4	-0.001824007692
19.41	-0.001820666786
19.42	-0.001815865679
19.43	-0.001809622839
19.44	-0.00180195773
19.45	-0.001792890793
19.46	-0.001782443414
19.47	-0.001770637897
19.48	-0.001757497441
19.49	-0.001743046106
19.5	-0.001727308791
19.51	-0.001710311199
19.52	-0.001692079814
19.53	-0.001672641867
19.54	-0.001652025308
19.55	-0.001630258774
19.56	-0.001607371564
19.57	-0.001583393602
19.58	-0.00155835541
19.59	-0.001532288074
19.6	-0.001505223218
19.61	-0.001477192968
19.62	-0.001448229922
19.63	-0.001418367118
19.64	-0.001387638007
19.65	-0.001356076412
19.66	-0.001323716508
19.67	-0.001290592782
19.68	-0.001256740003
19.69	-0.001222193195
19.7	-0.001186987601
19.71	-0.001151158655
19.72	-0.001114741948
19.73	-0.001077773201
19.74	-0.00104028823
19.75	-0.001002322921
19.76	-0.0009639131945
19.77	-0.0009250949789
19.78	-0.0008859041805
19.79	-0.0008463766537
19.8	-0.0008065481723
19.81	-0.0007664544011
19.82	-0.0007261308677
19.83	-0.0006856129345
19.84	-0.0006449357716
19.85	-0.0006041343298
19.86	-0.0005632433139
19.87	-0.0005222971571
19.88	-0.0004813299951
19.89	-0.0004403756411
19.9	-0.0003994675614
19.91	-0.0003586388514
19.92	-0.0003179222121
19.93	-0.000277349927
19.94	-0.0002369538403
19.95	-0.0001967653344
19.96	-0.0001568153096
19.97	-0.0001171341627
19.98	-7.775176789e-05
19.99	-3.869745674e-05
20	-3.002339448e-18
20.01	3.831241061e-05
20.02	7.621217973e-05
20.03	0.000113672325
20.04	0.0001506664933
20.05	0.0001871689758
20.06	0.0002231547229
20.07	0.0002585993579
20.08	0.0002934791909
20.09	0.0003277712306
20.1	0.0003614531969
20.11	0.0003945035317
20.12	0.0004269014095
20.13	0.0004586267473
20.14	0.0004896602135
20.15	0.0005199832365
20.16	0.000549578012
20.17	0.0005784275106
20.18	0.0006065154833
20.19	0.0006338264677
20.2	0.0006603457925
20.21	0.0006860595816
20.22	0.0007109547581
20.23	0.0007350190463
20.24	0.0007582409745
20.25	0.0007806098759
20.26	0.0008021158898
20.27	0.0008227499612
20.28	0.0008425038404
20.29	0.000861370082
20.3	0.0008793420427
20.31	0.0008964138787
20.32	0.0009125805429
20.33	0.0009278377808
20.34	0.0009421821263
20.35	0.0009556108965
20.36	0.0009681221863
20.37	0.000979714862
20.38	0.000990388555
20.39	0.001000143654
20.4	0.001008981297
20.41	0.001016903364
20.42	0.001023912466
20.43	0.001030011939
20.44	0.00103520583
20.45	0.001039498889
20.46	0.001042896559
20.47	0.001045404961
20.48	0.001047030887
20.49	0.001047781783
20.5	0.00104766574
20.51	0.00104669148
20.52	0.001044868341
20.53	0.001042206266
20.54	0.001038715784
20.55	0.001034408003
20.56	0.001029294588
20.57	0.00102338775
20.58	0.001016700228
20.59	0.001009245276
20.6	0.001001036646
20.61	0.0009920885688
20.62	0.0009824157433
20.63	0.0009720333148
20.64	0.0009609568605
20.65	0.0009492023716
20.66	0.0009367862366
20.67	0.0009237252237
20.68	0.0009100364631
20.69	0.0008957374294
20.7	0.0008808459242
20.71	0.0008653800577
20.72	0.0008493582312
20.73	0.0008327991188
20.74	0.0008157216495
20.75	0.0007981449894
20.76	0.0007800885231
20.77	0.000761571836
20.78	0.0007426146961
20.79	0.0007232370361
20.8	0.0007034589351
20.81	0.000683300601
20.82	0.0006627823526
20.83	0.0006419246016
20.84	0.0006207478352
20.85	0.0005992725984
20.86	0.0005775194766
20.87	0.0005555090782
20.88	0.0005332620179
20.89	0.0005107988989
20.9	0.0004881402972
20.91	0.0004653067439
20.92	0.0004423187096
20.93	0.000419196588
20.94	0.0003959606797
20.95	0.0003726311766
20.96	0.0003492281466
20.97	0.0003257715181
20.98	0.0003022810654
20.99	0.0002787763936
21	0.0002552769244
21.01	0.000231801882
21.02	0.0002083702794
21.03	0.0001850009045
21.04	0.0001617123076
21.05	0.0001385227878
21.06	0.000115450381
21.07	9.251284773e-05
21.08	6.97276609e-05
21.09	4.711199474e-05
21.1	2.468271351e-05
21.11	2.456360791e-06
21.12	-1.955085091e-05
21.13	-4.132305015e-05
21.14	-6.284471621e-05
21.15	-8.410068828e-05
21.16	-0.0001050761744
21.17	-0.0001257567597
21.18	-0.0001461284149
21.19	-0.0001661775035
21.2	-0.0001858907895
21.21	-0.0002052554437
21.22	-0.0002242590509
21.23	-0.0002428896153
21.24	-0.0002611355668
21.25	-0.0002789857655
21.26	-0.0002964295072
21.27	-0.0003134565276
21.28	-0.0003300570064
21.29	-0.0003462215708
21.3	-0.0003619412988
21.31	-0.0003772077222
21.32	-0.0003920128289
21.33	-0.0004063490646
21.34	-0.0004202093352
21.35	-0.0004335870074
21.36	-0.0004464759097
21.37	-0.0004588703332
21.38	-0.0004707650311
21.39	-0.0004821552188
21.4	-0.0004930365734
21.41	-0.000503405232
21.42	-0.0005132577909
21.43	-0.0005225913037
21.44	-0.0005314032789
21.45	-0.0005396916776
21.46	-0.0005474549108
21.47	-0.0005546918361
21.48	-0.0005614017539
21.49	-0.0005675844041
21.5	-0.0005732399617
21.51	-0.0005783690323
21.52	-0.0005829726471
21.53	-0.0005870522585
21.54	-0.0005906097338
21.55	-0.0005936473504
21.56	-0.0005961677893
21.57	-0.0005981741289
21.58	-0.000599669839
21.59	-0.0006006587735
21.6	-0.0006011451637
21.61	-0.0006011336109
21.62	-0.0006006290794
21.63	-0.0005996368882
21.64	-0.0005981627035
21.65	-0.0005962125303
21.66	-0.0005937927046
21.67	-0.0005909098843
21.68	-0.0005875710411
21.69	-0.0005837834512
21.7	-0.0005795546866
21.71	-0.0005748926058
21.72	-0.0005698053445
21.73	-0.0005643013063
21.74	-0.000558389153
21.75	-0.000552077795
21.76	-0.0005453763814
21.77	-0.0005382942905
21.78	-0.0005308411193
21.79	-0.0005230266736
21.8	-0.0005148609582
21.81	-0.0005063541665
21.82	-0.00049751667
21.83	-0.0004883590086
21.84	-0.0004788918796
21.85	-0.000469126128
21.86	-0.0004590727357
21.87	-0.0004487428113
21.88	-0.0004381475798
21.89	-0.0004272983718
21.9	-0.0004162066139
21.91	-0.0004048838178
21.92	-0.00039334157
21.93	-0.000381591522
21.94	-0.0003696453797
21.95	-0.0003575148933
21.96	-0.0003452118474
21.97	-0.0003327480509
21.98	-0.0003201353269
21.99	-0.0003073855032
22	-0.0002945104024
22.01	-0.0002815218319
22.02	-0.0002684315751
22.03	-0.0002552513814
22.04	-0.0002419929569
22.05	-0.0002286679556
22.06	-0.0002152879701
22.07	-0.0002018645228
22.08	-0.0001884090569
22.09	-0.0001749329283
22.1	-0.0001614473967
22.11	-0.0001479636173
22.12	-0.0001344926333
22.13	-0.000121045367
22.14	-0.0001076326131
22.15	-9.426503011e-05
22.16	-8.095313374e-05
22.17	-6.770728928e-05
22.18	-5.453770471e-05
22.19	-4.145442388e-05
22.2	-2.846731992e-05
22.21	-1.558608882e-05
22.22	-2.82024327e-06
22.23	9.820893367e-06
22.24	2.232819278e-05
22.25	3.469272727e-05
22.26	4.690577507e-05
22.27	5.895882547e-05
22.28	7.084358367e-05
22.29	8.255197547e-05
22.3	9.407615165e-05
22.31	0.0001054084922
22.32	0.0001165416104
22.33	0.0001274683562
22.34	0.0001381818202
22.35	0.0001486753367
22.36	0.0001589424865
22.37	0.0001689771002
22.38	0.0001787732605
22.39	0.0001883253045
22.4	0.0001976278259
22.41	0.0002066756768
22.42	0.0002154639696
22.43	0.0002239880781
22.44	0.0002322436389
22.45	0.0002402265524
22.46	0.0002479329831
22.47	0.0002553593608
22.48	0.0002625023804
22.49	0.0002693590021
22.5	0.0002759264513
22.51	0.0002822022183
22.52	0.0002881840574
22.53	0.0002938699866
22.54	0.0002992582863
22.55	0.0003043474979
22.56	0.0003091364229
22.57	0.0003136241211
22.58	0.0003178099085
22.59	0.0003216933556
22.6	0.0003252742855
22.61	0.0003285527707
22.62	0.0003315291314
22.63	0.0003342039325
22.64	0.0003365779803
22.65	0.00033865232
22.66	0.0003404282324
22.67	0.00034190723
22.68	0.000343091054
22.69	0.0003439816704
22.7	0.0003445812661
22.71	0.000344892245
22.72	0.0003449172238
22.73	0.0003446590277
22.74	0.0003441206861
22.75	0.0003433054282
22.76	0.000342216678
22.77	0.00034085805
22.78	0.0003392333438
22.79	0.0003373465397
22.8	0.0003352017933
22.81	0.0003328034305
22.82	0.0003301559421
22.83	0.0003272639786
22.84	0.0003241323448
22.85	0.0003207659942
22.86	0.0003171700236
22.87	0.0003133496675
22.88	0.0003093102923
22.89	0.0003050573906
22.9	0.0003005965756
22.91	0.0002959335752
22.92	0.000291074226
22.93	0.0002860244679
22.94	0.0002807903374
22.95	0.0002753779627
22.96	0.0002697935568
22.97	0.0002640434124
22.98	0.0002581338951
22.99	0.0002520714382
23	0.0002458625363
23.01	0.0002395137396
23.02	0.0002330316478
23.03	0.0002264229043
23.04	0.0002196941902
23.05	0.0002128522188
23.06	0.0002059037291
23.07	0.0001988554808
23.08	0.000191714248
23.09	0.0001844868135
23.1	0.0001771799636
23.11	0.0001698004822
23.12	0.000162355145
23.13	0.0001548507147
23.14	0.0001472939347
23.15	0.0001396915248
23.16	0.0001320501749
23.17	0.0001243765404
23.18	0.0001166772372
23.19	0.0001089588361
23.2	0.0001012278584
23.21	9.349077075e-05
23.22	8.575398042e-05
23.23	7.802383074e-05
23.24	7.03065965e-05
23.25	6.26084794e-05
23.26	5.49356038e-05
23.27	4.729401238e-05
23.28	3.968966207e-05
23.29	3.212841994e-05
23.3	2.461605935e-05
23.31	1.71582561e-05
23.32	9.760584779e-06
23.33	2.428515173e-06
23.34	-4.832591167e-06
23.35	-1.201748425e-05
23.36	-1.912102883e-05
23.37	-2.613820749e-05
23.38	-3.30641236e-05
23.39	-3.989400407e-05
23.4	-4.662320212e-05
23.41	-5.324719977e-05
23.42	-5.976161029e-05
23.43	-6.616218051e-05
23.44	-7.244479293e-05
23.45	-7.86054678e-05
23.46	-8.464036497e-05
23.47	-9.05457857e-05
23.48	-9.631817424e-05
23.49	-0.0001019541193
23.5	-0.0001074503556
23.51	-0.0001128037648
23.52	-0.0001180113768
23.53	-0.0001230703706
23.54	-0.0001279780753
23.55	-0.0001327319705
23.56	-0.0001373296872
23.57	-0.000141769008
23.58	-0.0001460478675
23.59	-0.0001501643525
23.6	-0.0001541167021
23.61	-0.0001579033073
23.62	-0.0001615227113
23.63	-0.0001649736089
23.64	-0.0001682548461
23.65	-0.0001713654195
23.66	-0.0001743044757
23.67	-0.0001770713106
23.68	-0.0001796653681
23.69	-0.0001820862397
23.7	-0.0001843336628
23.71	-0.0001864075196
23.72	-0.0001883078362
23.73	-0.0001900347805
23.74	-0.0001915886609
23.75	-0.000192969925
23.76	-0.0001941791572
23.77	-0.0001952170774
23.78	-0.0001960845388
23.79	-0.000196782526
23.8	-0.0001973121526
23.81	-0.0001976746595
23.82	-0.0001978714122
23.83	-0.0001979038986
23.84	-0.0001977737265
23.85	-0.0001974826212
23.86	-0.0001970324227
23.87	-0.0001964250833
23.88	-0.0001956626649
23.89	-0.0001947473359
23.9	-0.0001936813685
23.91	-0.000192467136
23.92	-0.0001911071098
23.93	-0.000189603856
23.94	-0.0001879600329
23.95	-0.0001861783875
23.96	-0.0001842617527
23.97	-0.0001822130437
23.98	-0.0001800352553
23.99	-0.0001777314582
24	-0.0001753047959
24.01	-0.0001727584815
24.02	-0.0001700957941
24.03	-0.000167320076
24.04	-0.0001644347286
24.05	-0.0001614432094
24.06	-0.0001583490289
24.07	-0.0001551557465
24.08	-0.0001518669677
24.09	-0.0001484863404
24.1	-0.0001450175516
24.11	-0.0001414643238
24.12	-0.0001378304118
24.13	-0.0001341195993
24.14	-0.0001303356952
24.15	-0.0001264825308
24.16	-0.0001225639558
24.17	-0.0001185838353
24.18	-0.0001145460466
24.19	-0.0001104544755
24.2	-0.0001063130133
24.21	-0.0001021255537
24.22	-9.789598921e-05
24.23	-9.362820811e-05
24.24	-8.932609143e-05
24.25	-8.499350974e-05
24.26	-8.063432006e-05
24.27	-7.625236288e-05
24.28	-7.185145914e-05
24.29	-6.743540731e-05
24.3	-6.300798047e-05
24.31	-5.857292351e-05
24.32	-5.413395031e-05
24.33	-4.969474101e-05
24.34	-4.525893932e-05
24.35	-4.083014991e-05
24.36	-3.641193581e-05
24.37	-3.200781594e-05
24.38	-2.762126265e-05
24.39	-2.325569931e-05
24.4	-1.891449803e-05
24.41	-1.460097736e-05
24.42	-1.031840016e-05
24.43	-6.069971408e-06
24.44	-1.858836192e-06
24.45	2.311922282e-06
24.46	6.439284608e-06
24.47	1.052029702e-05
24.48	1.455207316e-05
24.49	1.853179579e-05
24.5	2.245671838e-05
24.51	2.63241667e-05
24.52	3.013154025e-05
24.53	3.387631372e-05
24.54	3.755603823e-05
24.55	4.116834267e-05
24.56	4.471093479e-05
24.57	4.818160236e-05
24.58	5.157821413e-05
24.59	5.489872083e-05
24.6	5.814115599e-05
24.61	6.130363675e-05
24.62	6.438436458e-05
24.63	6.738162589e-05
24.64	7.029379262e-05
24.65	7.311932269e-05
24.66	7.585676046e-05
24.67	7.8504737e-05
24.68	8.106197042e-05
24.69	8.352726598e-05
24.7	8.589951626e-05
24.71	8.81777012e-05
24.72	9.036088803e-05
24.73	9.244823117e-05
24.74	9.443897211e-05
24.75	9.633243909e-05
24.76	9.812804685e-05
24.77	9.982529621e-05
24.78	0.0001014237737
24.79	0.0001029231508
24.8	0.0001043231838
24.81	0.0001056237127
24.82	0.0001068246609
24.83	0.000107926034
24.84	0.0001089279194
24.85	0.0001098304853
24.86	0.0001106339795
24.87	0.0001113387288
24.88	0.0001119451374
24.89	0.0001124536867
24.9	0.000112864933
24.91	0.0001131795073
24.92	0.0001133981135
24.93	0.000113521527
24.94	0.0001135505939
24.95	0.0001134862291
24.96	0.000113329415
24.97	0.0001130812002
24.98	0.0001127426977
24.99	0.0001123150835
25	0.0001117995952
25.01	0.0001111975298
25.02	0.0001105102427
25.03	0.0001097391457
25.04	0.0001088857051
25.05	0.0001079514404
25.06	0.0001069379221
25.07	0.0001058467702
25.08	0.0001046796522
25.09	0.0001034382813
25.1	0.0001021244146
25.11	0.0001007398512
25.12	9.928643019e-05
25.13	9.776602901e-05
25.14	9.618056122e-05
25.15	9.453197477e-05
25.16	9.282224999e-05
25.17	9.105339767e-05
25.18	8.922745706e-05
25.19	8.734649399e-05
25.2	8.541259882e-05
25.21	8.342788458e-05
25.22	8.139448492e-05
25.23	7.931455222e-05
25.24	7.71902556e-05
25.25	7.5023779e-05
25.26	7.28173192e-05
25.27	7.057308396e-05
25.28	6.829329003e-05
25.29	6.598016128e-05
25.3	6.36359268e-05
25.31	6.126281899e-05
25.32	5.886307176e-05
25.33	5.643891862e-05
25.34	5.399259087e-05
25.35	5.152631583e-05
25.36	4.904231498e-05
25.37	4.654280226e-05
25.38	4.402998229e-05
25.39	4.150604869e-05
25.4	3.897318236e-05
25.41	3.643354981e-05
25.42	3.388930157e-05
25.43	3.134257053e-05
25.44	2.879547043e-05
25.45	2.625009424e-05
25.46	2.370851273e-05
25.47	2.117277291e-05
25.48	1.864489668e-05
25.49	1.612687932e-05
25.5	1.362068822e-05
25.51	1.112826144e-05
25.52	8.651506512e-06
25.53	6.192299109e-06
25.54	3.752481852e-06
25.55	1.333863122e-06
25.56	-1.061784081e-06
25.57	-3.432723243e-06
25.58	-5.777255396e-06
25.59	-8.093720137e-06
25.6	-1.038049661e-05
25.61	-1.263600443e-05
25.62	-1.48587046e-05
25.63	-1.704710034e-05
25.64	-1.91997379e-05
25.65	-2.131520732e-05
25.66	-2.339214319e-05
25.67	-2.542922525e-05
25.68	-2.742517909e-05
25.69	-2.937877673e-05
25.7	-3.128883712e-05
25.71	-3.31542267e-05
25.72	-3.497385983e-05
25.73	-3.674669919e-05
25.74	-3.847175617e-05
25.75	-4.01480912e-05
25.76	-4.177481402e-05
25.77	-4.335108392e-05
25.78	-4.487610994e-05
25.79	-4.634915103e-05
25.8	-4.776951616e-05
25.81	-4.913656437e-05
25.82	-5.044970482e-05
25.83	-5.170839676e-05
25.84	-5.291214951e-05
25.85	-5.40605223e-05
25.86	-5.515312419e-05
25.87	-5.61896139e-05
25.88	-5.716969952e-05
25.89	-5.809313837e-05
25.9	-5.89597366e-05
25.91	-5.976934896e-05
25.92	-6.052187834e-05
25.93	-6.121727546e-05
25.94	-6.185553838e-05
25.95	-6.243671205e-05
25.96	-6.296088778e-05
25.97	-6.342820275e-05
25.98	-6.383883941e-05
25.99	-6.419302489e-05
26	-6.449103034e-05
26.01	-6.473317034e-05
26.02	-6.491980212e-05
26.03	-6.505132492e-05
26.04	-6.512817919e-05
26.05	-6.515084585e-05
26.06	-6.511984549e-05
26.07	-6.503573753e-05
26.08	-6.489911939e-05
26.09	-6.471062562e-05
26.1	-6.447092701e-05
26.11	-6.418072968e-05
26.12	-6.384077412e-05
26.13	-6.345183431e-05
26.14	-6.301471668e-05
26.15	-6.253025917e-05
26.16	-6.19993302e-05
26.17	-6.142282768e-05
26.18	-6.080167796e-05
26.19	-6.01368348e-05
26.2	-5.942927831e-05
26.21	-5.868001388e-05
26.22	-5.789007113e-05
26.23	-5.706050276e-05
26.24	-5.619238355e-05
26.25	-5.528680916e-05
26.26	-5.434489511e-05
26.27	-5.33677756e-05
26.28	-5.235660244e-05
26.29	-5.13125439e-05
26.3	-5.023678363e-05
26.31	-4.913051946e-05
26.32	-4.799496236e-05
26.33	-4.683133527e-05
26.34	-4.564087198e-05
26.35	-4.442481601e-05
26.36	-4.318441952e-05
26.37	-4.192094216e-05
26.38	-4.063564999e-05
26.39	-3.932981436e-05
26.4	-3.800471082e-05
26.41	-3.666161804e-05
26.42	-3.530181672e-05
26.43	-3.392658851e-05
26.44	-3.253721499e-05
26.45	-3.113497656e-05
26.46	-2.972115145e-05
26.47	-2.829701467e-05
26.48	-2.686383702e-05
26.49	-2.542288403e-05
26.5	-2.397541506e-05
26.51	-2.252268226e-05
26.52	-2.106592963e-05
26.53	-1.960639213e-05
26.54	-1.814529467e-05
26.55	-1.668385127e-05
26.56	-1.522326417e-05
26.57	-1.376472291e-05
26.58	-1.230940355e-05
26.59	-1.085846779e-05
26.6	-9.413062165e-06
26.61	-7.974317289e-06
26.62	-6.543347046e-06
26.63	-5.121247863e-06
26.64	-3.709097981e-06
26.65	-2.307956752e-06
26.66	-9.188639558e-07
26.67	4.571608552e-07
26.68	1.819118994e-06
26.69	3.166033248e-06
26.7	4.49694847e-06
26.71	5.810932138e-06
26.72	7.107074898e-06
26.73	8.38449108e-06
26.74	9.642319187e-06
26.75	1.087972236e-05
26.76	1.209588882e-05
26.77	1.329003229e-05
26.78	1.446139238e-05
26.79	1.560923495e-05
26.8	1.673285246e-05
26.81	1.783156427e-05
26.82	1.890471698e-05
26.83	1.99516846e-05
26.84	2.097186889e-05
26.85	2.196469951e-05
26.86	2.292963426e-05
26.87	2.386615918e-05
26.88	2.477378875e-05
26.89	2.565206598e-05
26.9	2.650056251e-05
26.91	2.731887866e-05
26.92	2.810664349e-05
26.93	2.88635148e-05
26.94	2.958917915e-05
26.95	3.028335181e-05
26.96	3.094577672e-05
26.97	3.15762264e-05
26.98	3.217450188e-05
26.99	3.274043253e-05
27	3.327387598e-05
27.01	3.377471792e-05
27.02	3.42428719e-05
27.03	3.467827917e-05
27.04	3.50809084e-05
27.05	3.545075548e-05
27.06	3.578784321e-05
27.07	3.609222106e-05
27.08	3.636396482e-05
27.09	3.660317631e-05
27.1	3.6809983e-05
27.11	3.698453768e-05
27.12	3.71270181e-05
27.13	3.723762652e-05
27.14	3.731658934e-05
27.15	3.736415668e-05
27.16	3.73806019e-05
27.17	3.736622118e-05
27.18	3.732133305e-05
27.19	3.724627787e-05
27.2	3.714141739e-05
27.21	3.700713418e-05
27.22	3.684383115e-05
27.23	3.665193101e-05
27.24	3.643187572e-05
27.25	3.618412592e-05
27.26	3.590916041e-05
27.27	3.560747553e-05
27.28	3.527958462e-05
27.29	3.492601737e-05
27.3	3.454731931e-05
27.31	3.414405112e-05
27.32	3.371678807e-05
27.33	3.326611938e-05
27.34	3.279264761e-05
27.35	3.229698804e-05
27.36	3.177976802e-05
27.37	3.124162633e-05
27.38	3.068321258e-05
27.39	3.010518652e-05
27.4	2.950821744e-05
27.41	2.88929835e-05
27.42	2.826017111e-05
27.43	2.761047424e-05
27.44	2.694459384e-05
27.45	2.626323713e-05
27.46	2.556711701e-05
27.47	2.485695138e-05
27.48	2.413346253e-05
27.49	2.339737648e-05
27.5	2.264942237e-05
27.51	2.189033182e-05
27.52	2.112083829e-05
27.53	2.03416765e-05
27.54	1.955358176e-05
27.55	1.875728943e-05
27.56	1.795353423e-05
27.57	1.714304973e-05
27.58	1.63265677e-05
27.59	1.550481756e-05
27.6	1.467852578e-05
27.61	1.384841535e-05
27.62	1.301520516e-05
27.63	1.217960954e-05
27.64	1.134233762e-05
27.65	1.050409289e-05
27.66	9.665572603e-06
27.67	8.827467325e-06
27.68	7.990460398e-06
27.69	7.155227471e-06
27.7	6.322436009e-06
27.71	5.492744836e-06
27.72	4.666803677e-06
27.73	3.845252717e-06
27.74	3.028722167e-06
27.75	2.217831854e-06
27.76	1.413190805e-06
27.77	6.153968667e-07
27.78	-1.749636829e-07
27.79	-9.573164957e-07
27.8	-1.731099507e-06
27.81	-2.495763274e-06
27.82	-3.250771302e-06
27.83	-3.995600355e-06
27.84	-4.729740751e-06
27.85	-5.452696649e-06
27.86	-6.163986315e-06
27.87	-6.863142378e-06
27.88	-7.549712071e-06
27.89	-8.223257456e-06
27.9	-8.883355635e-06
27.91	-9.529598949e-06
27.92	-1.016159516e-05
27.93	-1.077896762e-05
27.94	-1.138135543e-05
27.95	-1.196841356e-05
27.96	-1.253981299e-05
27.97	-1.309524083e-05
27.98	-1.36344004e-05
27.99	-1.415701131e-05
28	-1.466280954e-05
28.01	-1.515154748e-05
28.02	-1.562299399e-05
28.03	-1.607693441e-05
28.04	-1.651317057e-05
28.05	-1.69315208e-05
28.06	-1.73318199e-05
28.07	-1.771391914e-05
28.08	-1.807768617e-05
28.09	-1.842300502e-05
28.1	-1.874977599e-05
28.11	-1.90579156e-05
28.12	-1.934735647e-05
28.13	-1.961804725e-05
28.14	-1.986995244e-05
28.15	-2.010305235e-05
28.16	-2.031734289e-05
28.17	-2.051283543e-05
28.18	-2.068955666e-05
28.19	-2.084754839e-05
28.2	-2.09868674e-05
28.21	-2.11075852e-05
28.22	-2.120978785e-05
28.23	-2.129357575e-05
28.24	-2.135906339e-05
28.25	-2.140637916e-05
28.26	-2.143566505e-05
28.27	-2.144707645e-05
28.28	-2.144078183e-05
28.29	-2.141696255e-05
28.3	-2.137581252e-05
28.31	-2.131753794e-05
28.32	-2.124235699e-05
28.33	-2.115049957e-05
28.34	-2.104220697e-05
28.35	-2.091773153e-05
28.36	-2.07773364e-05
28.37	-2.062129512e-05
28.38	-2.044989139e-05
28.39	-2.026341866e-05
28.4	-2.006217983e-05
28.41	-1.984648689e-05
28.42	-1.961666059e-05
28.43	-1.937303009e-05
28.44	-1.911593257e-05
28.45	-1.884571292e-05
28.46	-1.856272338e-05
28.47	-1.826732313e-05
28.48	-1.795987796e-05
28.49	-1.764075992e-05
28.5	-1.731034692e-05
28.51	-1.696902237e-05
28.52	-1.661717482e-05
28.53	-1.625519759e-05
28.54	-1.588348839e-05
28.55	-1.550244896e-05
28.56	-1.51124847e-05
28.57	-1.471400428e-05
28.58	-1.430741931e-05
28.59	-1.389314393e-05
28.6	-1.347159449e-05
28.61	-1.304318915e-05
28.62	-1.260834753e-05
28.63	-1.216749037e-05
28.64	-1.172103916e-05
28.65	-1.126941575e-05
28.66	-1.081304207e-05
28.67	-1.035233973e-05
28.68	-9.887729717e-06
28.69	-9.41963201e-06
28.7	-8.948465283e-06
28.71	-8.474646557e-06
28.72	-7.998590881e-06
28.73	-7.52071101e-06
28.74	-7.041417085e-06
28.75	-6.56111633e-06
28.76	-6.080212739e-06
28.77	-5.599106785e-06
28.78	-5.118195118e-06
28.79	-4.637870284e-06
28.8	-4.158520441e-06
28.81	-3.680529087e-06
28.82	-3.204274787e-06
28.83	-2.730130916e-06
28.84	-2.258465403e-06
28.85	-1.789640481e-06
28.86	-1.324012451e-06
28.87	-8.619314459e-07
28.88	-4.037412042e-07
28.89	5.022114638e-08
28.9	4.996253011e-07
28.91	9.441479805e-07
28.92	1.383473126e-06
28.93	1.817292088e-06
28.94	2.245303803e-06
28.95	2.667214968e-06
28.96	3.082740202e-06
28.97	3.491602202e-06
28.98	3.893531889e-06
28.99	4.28826855e-06
29	4.675559964e-06
29.01	5.055162528e-06
29.02	5.42684137e-06
29.03	5.790370453e-06
29.04	6.145532676e-06
29.05	6.49211996e-06
29.06	6.829933333e-06
29.07	7.158782995e-06
29.08	7.478488391e-06
29.09	7.788878262e-06
29.1	8.089790695e-06
29.11	8.381073162e-06
29.12	8.66258255e-06
29.13	8.93418519e-06
29.14	9.195756867e-06
29.15	9.447182829e-06
29.16	9.688357792e-06
29.17	9.919185924e-06
29.18	1.013958084e-05
29.19	1.034946556e-05
29.2	1.05487725e-05
29.21	1.073744343e-05
29.22	1.091542942e-05
29.23	1.108269079e-05
29.24	1.123919704e-05
29.25	1.138492682e-05
29.26	1.151986782e-05
29.27	1.164401669e-05
29.28	1.175737898e-05
29.29	1.185996904e-05
29.3	1.19518099e-05
29.31	1.203293318e-05
29.32	1.210337898e-05
29.33	1.216319575e-05
29.34	1.221244019e-05
29.35	1.225117711e-05
29.36	1.227947928e-05
29.37	1.229742731e-05
29.38	1.23051095e-05
29.39	1.23026217e-05
29.4	1.229006715e-05
29.41	1.226755631e-05
29.42	1.223520671e-05
29.43	1.219314278e-05
29.44	1.214149568e-05
29.45	1.208040314e-05
29.46	1.201000925e-05
29.47	1.193046431e-05
29.48	1.184192461e-05
29.49	1.174455228e-05
29.5	1.163851508e-05
29.51	1.152398621e-05
29.52	1.140114411e-05
29.53	1.127017225e-05
29.54	1.113125896e-05
29.55	1.098459722e-05
29.56	1.083038441e-05
29.57	1.066882217e-05
29.58	1.050011616e-05
29.59	1.032447583e-05
29.6	1.014211427e-05
29.61	9.953247924e-06
29.62	9.758096454e-06
29.63	9.556882468e-06
29.64	9.349831342e-06
29.65	9.137170993e-06
29.66	8.919131674e-06
29.67	8.695945759e-06
29.68	8.467847531e-06
29.69	8.23507297e-06
29.7	7.997859545e-06
29.71	7.756446005e-06
29.72	7.511072165e-06
29.73	7.261978705e-06
29.74	7.009406961e-06
29.75	6.753598719e-06
29.76	6.494796016e-06
29.77	6.233240937e-06
29.78	5.969175415e-06
29.79	5.702841034e-06
29.8	5.434478837e-06
29.81	5.164329132e-06
29.82	4.892631301e-06
29.83	4.619623614e-06
29.84	4.345543047e-06
29.85	4.070625094e-06
29.86	3.795103597e-06
29.87	3.519210563e-06
29.88	3.243175996e-06
29.89	2.967227729e-06
29.9	2.691591257e-06
29.91	2.416489573e-06
29.92	2.142143015e-06
29.93	1.868769109e-06
29.94	1.596582417e-06
29.95	1.325794395e-06
29.96	1.056613245e-06
29.97	7.892437802e-07
29.98	5.238872911e-07
29.99	2.607414125e-07
30	6.294790686e-20
