temps	angle
0	0
0.01	0.7516445439
0.02	1.498312646
0.03	2.239557176
0.04	2.974937145
0.05	3.704017944
0.06	4.426371591
0.07	5.141576958
0.08	5.849220002
0.09	6.548893989
0.1	7.240199707
0.11	7.922745676
0.12	8.596148353
0.13	9.26003233
0.14	9.914030524
0.15	10.55778436
0.16	11.19094396
0.17	11.81316829
0.18	12.42412535
0.19	13.02349232
0.2	13.61095573
0.21	14.18621155
0.22	14.74896541
0.23	15.29893265
0.24	15.8358385
0.25	16.35941818
0.26	16.86941698
0.27	17.36559041
0.28	17.84770427
0.29	18.31553473
0.3	18.76886844
0.31	19.20750256
0.32	19.63124489
0.33	20.03991384
0.34	20.43333859
0.35	20.81135902
0.36	21.17382586
0.37	21.52060064
0.38	21.85155573
0.39	22.1665744
0.4	22.46555077
0.41	22.74838985
0.42	23.01500753
0.43	23.26533054
0.44	23.49929649
0.45	23.71685379
0.46	23.91796164
0.47	24.10259
0.48	24.27071952
0.49	24.42234151
0.5	24.55745789
0.51	24.67608108
0.52	24.778234
0.53	24.86394991
0.54	24.9332724
0.55	24.98625526
0.56	25.0229624
0.57	25.04346772
0.58	25.04785505
0.59	25.03621801
0.6	25.00865989
0.61	24.96529354
0.62	24.9062412
0.63	24.83163444
0.64	24.74161396
0.65	24.63632945
0.66	24.51593948
0.67	24.38061129
0.68	24.23052068
0.69	24.06585183
0.7	23.88679711
0.71	23.69355695
0.72	23.48633963
0.73	23.2653611
0.74	23.03084484
0.75	22.7830216
0.76	22.52212927
0.77	22.24841268
0.78	21.96212335
0.79	21.66351935
0.8	21.35286507
0.81	21.030431
0.82	20.69649356
0.83	20.35133485
0.84	19.99524244
0.85	19.62850917
0.86	19.25143295
0.87	18.86431646
0.88	18.46746704
0.89	18.06119637
0.9	17.64582029
0.91	17.22165858
0.92	16.7890347
0.93	16.3482756
0.94	15.89971145
0.95	15.44367544
0.96	14.98050355
0.97	14.51053427
0.98	14.03410846
0.99	13.55156903
1	13.06326074
1.01	12.56953
1.02	12.07072458
1.03	11.56719343
1.04	11.05928642
1.05	10.54735414
1.06	10.03174764
1.07	9.512818215
1.08	8.990917182
1.09	8.466395658
1.1	7.939604334
1.11	7.410893249
1.12	6.880611577
1.13	6.349107406
1.14	5.816727521
1.15	5.283817194
1.16	4.750719968
1.17	4.217777453
1.18	3.685329114
1.19	3.153712072
1.2	2.623260898
1.21	2.094307419
1.22	1.567180519
1.23	1.04220595
1.24	0.5197061373
1.25	2.525059846e-15
1.26	-0.5165972365
1.27	-1.029774218
1.28	-1.539223637
1.29	-2.044642405
1.3	-2.545731822
1.31	-3.042197738
1.32	-3.533750719
1.33	-4.020106197
1.34	-4.500984627
1.35	-4.976111635
1.36	-5.445218162
1.37	-5.908040602
1.38	-6.364320942
1.39	-6.813806888
1.4	-7.256251999
1.41	-7.691415801
1.42	-8.119063912
1.43	-8.53896815
1.44	-8.950906646
1.45	-9.354663944
1.46	-9.750031106
1.47	-10.1368058
1.48	-10.51479239
1.49	-10.88380202
1.5	-11.24365272
1.51	-11.59416943
1.52	-11.93518411
1.53	-12.26653579
1.54	-12.58807065
1.55	-12.89964205
1.56	-13.20111058
1.57	-13.49234414
1.58	-13.77321793
1.59	-14.04361454
1.6	-14.30342393
1.61	-14.55254351
1.62	-14.79087809
1.63	-15.01833998
1.64	-15.23484893
1.65	-15.44033219
1.66	-15.63472446
1.67	-15.81796792
1.68	-15.99001225
1.69	-16.15081454
1.7	-16.30033934
1.71	-16.43855861
1.72	-16.5654517
1.73	-16.68100531
1.74	-16.78521348
1.75	-16.87807752
1.76	-16.95960597
1.77	-17.02981458
1.78	-17.0887262
1.79	-17.13637081
1.8	-17.17278536
1.81	-17.19801378
1.82	-17.21210687
1.83	-17.21512223
1.84	-17.20712422
1.85	-17.18818382
1.86	-17.15837859
1.87	-17.11779255
1.88	-17.06651613
1.89	-17.00464602
1.9	-16.9322851
1.91	-16.84954236
1.92	-16.75653275
1.93	-16.65337708
1.94	-16.54020195
1.95	-16.41713956
1.96	-16.28432767
1.97	-16.14190942
1.98	-15.99003325
1.99	-15.82885274
2	-15.65852648
2.01	-15.47921798
2.02	-15.2910955
2.03	-15.09433192
2.04	-14.88910459
2.05	-14.67559523
2.06	-14.45398976
2.07	-14.22447814
2.08	-13.98725425
2.09	-13.74251575
2.1	-13.49046391
2.11	-13.23130347
2.12	-12.96524246
2.13	-12.6924921
2.14	-12.41326663
2.15	-12.1277831
2.16	-11.8362613
2.17	-11.53892355
2.18	-11.23599455
2.19	-10.92770122
2.2	-10.61427256
2.21	-10.29593948
2.22	-9.972934637
2.23	-9.645492284
2.24	-9.313848104
2.25	-8.978239054
2.26	-8.638903206
2.27	-8.296079589
2.28	-7.950008028
2.29	-7.60092899
2.3	-7.249083423
2.31	-6.894712602
2.32	-6.53805797
2.33	-6.179360985
2.34	-5.818862966
2.35	-5.456804936
2.36	-5.093427476
2.37	-4.728970568
2.38	-4.36367345
2.39	-3.997774463
2.4	-3.631510908
2.41	-3.265118901
2.42	-2.898833224
2.43	-2.532887189
2.44	-2.167512495
2.45	-1.802939091
2.46	-1.439395035
2.47	-1.077106369
2.48	-0.7162969755
2.49	-0.3571884563
2.5	-3.470893121e-15
2.51	0.3550517421
2.52	0.7077527795
2.53	1.057891903
2.54	1.405260804
2.55	1.749654188
2.56	2.09086989
2.57	2.428708983
2.58	2.762975889
2.59	3.093478478
2.6	3.420028177
2.61	3.742440063
2.62	4.060532964
2.63	4.37412955
2.64	4.683056422
2.65	4.987144203
2.66	5.286227619
2.67	5.58014558
2.68	5.868741261
2.69	6.151862173
2.7	6.429360236
2.71	6.701091847
2.72	6.966917946
2.73	7.226704076
2.74	7.480320443
2.75	7.727641968
2.76	7.968548343
2.77	8.202924077
2.78	8.430658538
2.79	8.651646002
2.8	8.865785682
2.81	9.072981773
2.82	9.273143473
2.83	9.46618502
2.84	9.652025709
2.85	9.83058992
2.86	10.00180713
2.87	10.16561194
2.88	10.32194405
2.89	10.47074834
2.9	10.61197477
2.91	10.7455785
2.92	10.87151977
2.93	10.98976399
2.94	11.10028168
2.95	11.20304847
2.96	11.29804509
2.97	11.38525735
2.98	11.46467611
2.99	11.53629727
3	11.60012173
3.01	11.65615536
3.02	11.70440898
3.03	11.74489831
3.04	11.77764393
3.05	11.80267127
3.06	11.82001049
3.07	11.82969651
3.08	11.83176894
3.09	11.826272
3.1	11.81325446
3.11	11.79276965
3.12	11.7648753
3.13	11.72963356
3.14	11.6871109
3.15	11.63737802
3.16	11.58050982
3.17	11.51658531
3.18	11.44568753
3.19	11.36790347
3.2	11.28332401
3.21	11.19204382
3.22	11.09416129
3.23	10.98977842
3.24	10.87900078
3.25	10.76193737
3.26	10.63870056
3.27	10.509406
3.28	10.3741725
3.29	10.23312196
3.3	10.08637926
3.31	9.934072196
3.32	9.776331319
3.33	9.613289886
3.34	9.445083742
3.35	9.271851214
3.36	9.093733016
3.37	8.910872137
3.38	8.723413743
3.39	8.531505066
3.4	8.3352953
3.41	8.134935495
3.42	7.930578446
3.43	7.722378588
3.44	7.510491887
3.45	7.29507573
3.46	7.076288818
3.47	6.854291054
3.48	6.629243436
3.49	6.401307946
3.5	6.170647444
3.51	5.937425554
3.52	5.701806557
3.53	5.463955284
3.54	5.224037004
3.55	4.982217318
3.56	4.738662052
3.57	4.493537147
3.58	4.247008555
3.59	3.999242131
3.6	3.750403529
3.61	3.500658097
3.62	3.250170771
3.63	2.999105978
3.64	2.747627527
3.65	2.495898513
3.66	2.244081214
3.67	1.992336996
3.68	1.740826209
3.69	1.4897081
3.7	1.239140707
3.71	0.9892807758
3.72	0.7402836594
3.73	0.4923032317
3.74	0.2454917965
3.75	3.578261445e-15
3.76	-0.2440232557
3.77	-0.4864308974
3.78	-0.7270777631
3.79	-0.9658206843
3.8	-1.202518565
3.81	-1.437032458
3.82	-1.669225645
3.83	-1.898963706
3.84	-2.126114592
3.85	-2.350548699
3.86	-2.572138932
3.87	-2.790760773
3.88	-3.006292344
3.89	-3.218614471
3.9	-3.427610743
3.91	-3.633167568
3.92	-3.835174231
3.93	-4.033522949
3.94	-4.228108916
3.95	-4.418830359
3.96	-4.605588583
3.97	-4.788288011
3.98	-4.966836233
3.99	-5.141144042
4	-5.311125475
4.01	-5.476697844
4.02	-5.637781773
4.03	-5.794301226
4.04	-5.946183541
4.05	-6.093359448
4.06	-6.235763099
4.07	-6.37333209
4.08	-6.506007475
4.09	-6.633733788
4.1	-6.756459056
4.11	-6.87413481
4.12	-6.986716096
4.13	-7.094161485
4.14	-7.196433073
4.15	-7.293496489
4.16	-7.385320894
4.17	-7.47187898
4.18	-7.553146964
4.19	-7.629104587
4.2	-7.699735102
4.21	-7.765025262
4.22	-7.824965313
4.23	-7.879548976
4.24	-7.928773431
4.25	-7.972639295
4.26	-8.011150609
4.27	-8.044314805
4.28	-8.072142688
4.29	-8.094648406
4.3	-8.111849422
4.31	-8.123766483
4.32	-8.130423586
4.33	-8.131847944
4.34	-8.128069951
4.35	-8.11912314
4.36	-8.105044145
4.37	-8.085872659
4.38	-8.061651391
4.39	-8.032426019
4.4	-7.998245144
4.41	-7.959160242
4.42	-7.915225611
4.43	-7.866498325
4.44	-7.813038176
4.45	-7.75490762
4.46	-7.692171725
4.47	-7.62489811
4.48	-7.553156886
4.49	-7.477020601
4.5	-7.396564175
4.51	-7.311864839
4.52	-7.22300207
4.53	-7.130057533
4.54	-7.033115008
4.55	-6.932260329
4.56	-6.827581315
4.57	-6.719167701
4.58	-6.607111073
4.59	-6.491504793
4.6	-6.372443934
4.61	-6.250025206
4.62	-6.124346885
4.63	-5.99550874
4.64	-5.863611964
4.65	-5.728759096
4.66	-5.591053949
4.67	-5.45060154
4.68	-5.30750801
4.69	-5.161880552
4.7	-5.013827337
4.71	-4.863457438
4.72	-4.710880755
4.73	-4.55620794
4.74	-4.399550322
4.75	-4.241019832
4.76	-4.080728927
4.77	-3.918790517
4.78	-3.755317886
4.79	-3.590424625
4.8	-3.424224547
4.81	-3.256831624
4.82	-3.088359905
4.83	-2.918923447
4.84	-2.74863624
4.85	-2.577612137
4.86	-2.405964779
4.87	-2.233807525
4.88	-2.061253385
4.89	-1.888414942
4.9	-1.715404289
4.91	-1.542332959
4.92	-1.369311857
4.93	-1.19645119
4.94	-1.023860405
4.95	-0.851648123
4.96	-0.6799220709
4.97	-0.5087890224
4.98	-0.338354733
4.99	-0.1687238798
5	-3.279067637e-15
5.01	0.1677145675
5.02	0.3343187406
5.03	0.4997127514
5.04	0.6637982016
5.05	0.8264781171
5.06	0.987657002
5.07	1.14724089
5.08	1.305137396
5.09	1.461255765
5.1	1.61550692
5.11	1.767803511
5.12	1.918059959
5.13	2.066192497
5.14	2.212119218
5.15	2.355760115
5.16	2.497037117
5.17	2.635874132
5.18	2.772197078
5.19	2.905933928
5.2	3.037014731
5.21	3.165371655
5.22	3.290939013
5.23	3.413653292
5.24	3.533453181
5.25	3.650279597
5.26	3.764075711
5.27	3.874786969
5.28	3.982361111
5.29	4.086748197
5.3	4.18790062
5.31	4.285773123
5.32	4.380322816
5.33	4.471509185
5.34	4.559294111
5.35	4.643641872
5.36	4.724519156
5.37	4.801895067
5.38	4.875741131
5.39	4.946031296
5.4	5.012741942
5.41	5.075851871
5.42	5.135342315
5.43	5.19119693
5.44	5.24340179
5.45	5.291945385
5.46	5.336818612
5.47	5.378014766
5.48	5.415529533
5.49	5.449360973
5.5	5.479509511
5.51	5.505977924
5.52	5.528771321
5.53	5.547897126
5.54	5.563365065
5.55	5.575187139
5.56	5.583377607
5.57	5.587952963
5.58	5.588931909
5.59	5.586335335
5.6	5.580186287
5.61	5.570509945
5.62	5.557333588
5.63	5.54068657
5.64	5.520600286
5.65	5.497108137
5.66	5.470245502
5.67	5.440049702
5.68	5.40655996
5.69	5.369817373
5.7	5.329864865
5.71	5.286747157
5.72	5.240510723
5.73	5.191203749
5.74	5.138876097
5.75	5.083579258
5.76	5.025366311
5.77	4.964291884
5.78	4.9004121
5.79	4.833784542
5.8	4.764468202
5.81	4.692523438
5.82	4.618011923
5.83	4.540996604
5.84	4.461541647
5.85	4.379712396
5.86	4.295575316
5.87	4.209197953
5.88	4.120648878
5.89	4.029997638
5.9	3.937314707
5.91	3.842671437
5.92	3.746140002
5.93	3.647793353
5.94	3.547705162
5.95	3.445949775
5.96	3.342602155
5.97	3.237737837
5.98	3.131432869
5.99	3.023763768
6	2.914807462
6.01	2.804641241
6.02	2.693342708
6.03	2.580989722
6.04	2.467660351
6.05	2.35343282
6.06	2.238385458
6.07	2.122596652
6.08	2.006144791
6.09	1.889108219
6.1	1.771565186
6.11	1.653593797
6.12	1.535271963
6.13	1.416677352
6.14	1.297887343
6.15	1.178978977
6.16	1.060028907
6.17	0.9411133585
6.18	0.8223080754
6.19	0.7036882796
6.2	0.5853286242
6.21	0.4673031498
6.22	0.3496852402
6.23	0.2325475804
6.24	0.1159621136
6.25	2.817085039e-15
6.26	-0.1152684241
6.27	-0.2297736861
6.28	-0.3434472165
6.29	-0.4562213872
6.3	-0.5680295491
6.31	-0.6788060686
6.32	-0.7884863639
6.33	-0.8970069395
6.34	-1.004305421
6.35	-1.110320586
6.36	-1.2149924
6.37	-1.318262046
6.38	-1.420071951
6.39	-1.520365822
6.4	-1.619088671
6.41	-1.716186839
6.42	-1.811608031
6.43	-1.905301331
6.44	-1.997217233
6.45	-2.087307664
6.46	-2.175526002
6.47	-2.261827101
6.48	-2.346167309
6.49	-2.428504488
6.5	-2.508798032
6.51	-2.587008881
6.52	-2.663099541
6.53	-2.737034096
6.54	-2.808778221
6.55	-2.878299197
6.56	-2.945565919
6.57	-3.010548909
6.58	-3.073220323
6.59	-3.133553961
6.6	-3.191525273
6.61	-3.247111363
6.62	-3.300290997
6.63	-3.351044605
6.64	-3.399354283
6.65	-3.445203794
6.66	-3.488578572
6.67	-3.529465716
6.68	-3.567853994
6.69	-3.603733834
6.7	-3.637097327
6.71	-3.667938215
6.72	-3.69625189
6.73	-3.722035387
6.74	-3.745287373
6.75	-3.76600814
6.76	-3.784199597
6.77	-3.799865253
6.78	-3.813010215
6.79	-3.823641163
6.8	-3.831766348
6.81	-3.837395569
6.82	-3.840540162
6.83	-3.841212981
6.84	-3.839428383
6.85	-3.835202209
6.86	-3.828551762
6.87	-3.819495794
6.88	-3.808054477
6.89	-3.794249389
6.9	-3.778103487
6.91	-3.759641086
6.92	-3.738887836
6.93	-3.715870696
6.94	-3.69061791
6.95	-3.663158979
6.96	-3.633524641
6.97	-3.601746835
6.98	-3.567858681
6.99	-3.531894446
7	-3.493889522
7.01	-3.453880388
7.02	-3.411904588
7.03	-3.368000698
7.04	-3.322208292
7.05	-3.274567914
7.06	-3.225121049
7.07	-3.173910084
7.08	-3.120978281
7.09	-3.066369741
7.1	-3.010129374
7.11	-2.952302861
7.12	-2.892936626
7.13	-2.832077796
7.14	-2.76977417
7.15	-2.706074185
7.16	-2.64102688
7.17	-2.57468186
7.18	-2.507089262
7.19	-2.438299722
7.2	-2.368364335
7.21	-2.297334625
7.22	-2.225262503
7.23	-2.152200238
7.24	-2.078200419
7.25	-2.003315918
7.26	-1.927599856
7.27	-1.851105567
7.28	-1.773886564
7.29	-1.695996503
7.3	-1.617489145
7.31	-1.538418327
7.32	-1.458837922
7.33	-1.378801806
7.34	-1.298363825
7.35	-1.217577759
7.36	-1.136497288
7.37	-1.05517596
7.38	-0.9736671557
7.39	-0.8920240561
7.4	-0.8102996106
7.41	-0.7285465032
7.42	-0.6468171215
7.43	-0.5651635241
7.44	-0.4836374102
7.45	-0.402290088
7.46	-0.3211724448
7.47	-0.2403349166
7.48	-0.1598274588
7.49	-0.07969951745
7.5	-2.323382814e-15
7.51	0.07922275207
7.52	0.157920991
7.53	0.2360475898
7.54	0.3135560682
7.55	0.3904006191
7.56	0.4665361333
7.57	0.5419182244
7.58	0.6165032525
7.59	0.6902483482
7.6	0.7631114348
7.61	0.8350512506
7.62	0.9060273706
7.63	0.976000227
7.64	1.044931129
7.65	1.112782285
7.66	1.179516815
7.67	1.245098777
7.68	1.309493177
7.69	1.372665992
7.7	1.434584179
7.71	1.495215697
7.72	1.554529517
7.73	1.612495638
7.74	1.669085098
7.75	1.72426999
7.76	1.778023468
7.77	1.830319763
7.78	1.88113419
7.79	1.930443158
7.8	1.978224179
7.81	2.024455876
7.82	2.069117988
7.83	2.112191379
7.84	2.153658042
7.85	2.193501103
7.86	2.231704827
7.87	2.268254619
7.88	2.30313703
7.89	2.336339753
7.9	2.367851631
7.91	2.39766265
7.92	2.425763947
7.93	2.452147798
7.94	2.476807628
7.95	2.499737999
7.96	2.52093461
7.97	2.540394296
7.98	2.558115017
7.99	2.574095857
8	2.588337019
8.01	2.600839812
8.02	2.61160665
8.03	2.62064104
8.04	2.627947577
8.05	2.63353193
8.06	2.637400833
8.07	2.639562078
8.08	2.640024499
8.09	2.638797965
8.1	2.63589336
8.11	2.63132258
8.12	2.625098509
8.13	2.617235015
8.14	2.607746926
8.15	2.596650021
8.16	2.583961011
8.17	2.569697524
8.18	2.553878091
8.19	2.536522121
8.2	2.517649893
8.21	2.49728253
8.22	2.475441985
8.23	2.452151019
8.24	2.427433187
8.25	2.401312809
8.26	2.373814961
8.27	2.344965444
8.28	2.314790771
8.29	2.283318141
8.3	2.25057542
8.31	2.21659112
8.32	2.181394373
8.33	2.145014912
8.34	2.107483048
8.35	2.068829646
8.36	2.029086104
8.37	1.988284327
8.38	1.946456706
8.39	1.903636092
8.4	1.859855775
8.41	1.81514946
8.42	1.769551239
8.43	1.723095571
8.44	1.675817258
8.45	1.627751416
8.46	1.578933457
8.47	1.529399061
8.48	1.479184149
8.49	1.428324867
8.5	1.376857552
8.51	1.324818715
8.52	1.27224501
8.53	1.219173218
8.54	1.165640213
8.55	1.111682948
8.56	1.057338423
8.57	1.002643663
8.58	0.9476356991
8.59	0.8923515372
8.6	0.8368281401
8.61	0.7811024017
8.62	0.7252111247
8.63	0.6691909972
8.64	0.6130785702
8.65	0.5569102349
8.66	0.5007222008
8.67	0.4445504729
8.68	0.3884308309
8.69	0.3323988068
8.7	0.2764896645
8.71	0.2207383779
8.72	0.1651796115
8.73	0.1098476989
8.74	0.05477662387
8.75	1.862975448e-15
8.76	-0.05444894814
8.77	-0.108537404
8.78	-0.1622329777
8.79	-0.215503724
8.8	-0.2683181599
8.81	-0.3206452826
8.82	-0.3724545856
8.83	-0.4237160758
8.84	-0.4744002894
8.85	-0.5244783077
8.86	-0.5739217718
8.87	-0.6227028981
8.88	-0.6707944921
8.89	-0.7181699624
8.9	-0.7648033339
8.91	-0.8106692612
8.92	-0.8557430405
8.93	-0.9000006215
8.94	-0.9434186196
8.95	-0.9859743258
8.96	-1.027645718
8.97	-1.068411471
8.98	-1.108250964
8.99	-1.147144294
9	-1.185072278
9.01	-1.222016467
9.02	-1.25795915
9.03	-1.292883361
9.04	-1.326772886
9.05	-1.359612269
9.06	-1.391386819
9.07	-1.42208261
9.08	-1.45168649
9.09	-1.480186083
9.1	-1.507569791
9.11	-1.533826801
9.12	-1.558947081
9.13	-1.582921388
9.14	-1.605741264
9.15	-1.62739904
9.16	-1.647887834
9.17	-1.667201553
9.18	-1.685334892
9.19	-1.702283328
9.2	-1.718043126
9.21	-1.73261133
9.22	-1.745985763
9.23	-1.758165025
9.24	-1.769148485
9.25	-1.778936283
9.26	-1.787529318
9.27	-1.794929251
9.28	-1.801138491
9.29	-1.806160195
9.3	-1.809998261
9.31	-1.812657316
9.32	-1.814142717
9.33	-1.814460534
9.34	-1.81361755
9.35	-1.811621246
9.36	-1.808479798
9.37	-1.804202061
9.38	-1.798797566
9.39	-1.792276504
9.4	-1.78464972
9.41	-1.775928699
9.42	-1.766125558
9.43	-1.755253031
9.44	-1.743324459
9.45	-1.730353779
9.46	-1.716355509
9.47	-1.701344736
9.48	-1.685337106
9.49	-1.668348804
9.5	-1.650396549
9.51	-1.631497572
9.52	-1.611669609
9.53	-1.590930879
9.54	-1.569300078
9.55	-1.546796357
9.56	-1.523439312
9.57	-1.499248965
9.58	-1.474245752
9.59	-1.448450504
9.6	-1.421884436
9.61	-1.394569125
9.62	-1.366526501
9.63	-1.337778825
9.64	-1.308348677
9.65	-1.278258934
9.66	-1.247532763
9.67	-1.216193595
9.68	-1.184265112
9.69	-1.151771234
9.7	-1.118736097
9.71	-1.085184037
9.72	-1.051139577
9.73	-1.016627407
9.74	-0.9816723679
9.75	-0.9462994343
9.76	-0.910533699
9.77	-0.8744003555
9.78	-0.8379246814
9.79	-0.8011320215
9.8	-0.7640477716
9.81	-0.7266973619
9.82	-0.6891062402
9.83	-0.6512998562
9.84	-0.6133036444
9.85	-0.5751430089
9.86	-0.5368433063
9.87	-0.4984298309
9.88	-0.4599277979
9.89	-0.4213623284
9.9	-0.3827584337
9.91	-0.3441410002
9.92	-0.3055347739
9.93	-0.2669643456
9.94	-0.2284541362
9.95	-0.1900283821
9.96	-0.1517111206
9.97	-0.113526176
9.98	-0.07549714577
9.99	-0.03764738631
10	-1.463317774e-15
10.01	0.03742217829
10.02	0.07459659414
10.03	0.1115009863
10.04	0.148113399
10.05	0.1844121946
10.06	0.220376065
10.07	0.2559840435
10.08	0.2912155161
10.09	0.3260502328
10.1	0.3604683178
10.11	0.3944502806
10.12	0.4279770257
10.13	0.4610298627
10.14	0.4935905155
10.15	0.5256411318
10.16	0.5571642919
10.17	0.5881430171
10.18	0.6185607781
10.19	0.6484015026
10.2	0.6776495833
10.21	0.7062898844
10.22	0.7343077491
10.23	0.7616890058
10.24	0.7884199742
10.25	0.8144874711
10.26	0.8398788163
10.27	0.8645818368
10.28	0.8885848725
10.29	0.9118767797
10.3	0.9344469361
10.31	0.9562852433
10.32	0.9773821313
10.33	0.9977285606
10.34	1.017316025
10.35	1.036136555
10.36	1.054182716
10.37	1.071447615
10.38	1.087924899
10.39	1.103608755
10.4	1.118493912
10.41	1.132575641
10.42	1.145849753
10.43	1.158312602
10.44	1.169961081
10.45	1.180792621
10.46	1.190805192
10.47	1.199997296
10.48	1.208367972
10.49	1.215916787
10.5	1.222643835
10.51	1.228549736
10.52	1.23363563
10.53	1.237903174
10.54	1.241354538
10.55	1.243992399
10.56	1.24581994
10.57	1.246840839
10.58	1.247059272
10.59	1.246479898
10.6	1.24510786
10.61	1.242948776
10.62	1.240008734
10.63	1.236294282
10.64	1.231812426
10.65	1.226570619
10.66	1.220576755
10.67	1.213839161
10.68	1.20636659
10.69	1.19816821
10.7	1.189253601
10.71	1.17963274
10.72	1.169315997
10.73	1.158314124
10.74	1.146638246
10.75	1.134299854
10.76	1.12131079
10.77	1.107683243
10.78	1.093429737
10.79	1.078563119
10.8	1.063096553
10.81	1.047043506
10.82	1.03041774
10.83	1.0132333
10.84	0.9955045023
10.85	0.9772459282
10.86	0.9584724083
10.87	0.9391990134
10.88	0.9194410441
10.89	0.8992140183
10.9	0.8785336612
10.91	0.857415893
10.92	0.8358768185
10.93	0.813932715
10.94	0.791600021
10.95	0.7688953251
10.96	0.7458353542
10.97	0.722436962
10.98	0.6987171176
10.99	0.6746928937
11	0.6503814557
11.01	0.6258000493
11.02	0.6009659897
11.03	0.57589665
11.04	0.5506094493
11.05	0.5251218419
11.06	0.4994513057
11.07	0.4736153308
11.08	0.4476314084
11.09	0.4215170195
11.1	0.3952896238
11.11	0.3689666488
11.12	0.342565479
11.13	0.3161034445
11.14	0.2895978108
11.15	0.2630657679
11.16	0.2365244199
11.17	0.2099907744
11.18	0.1834817326
11.19	0.1570140785
11.2	0.1306044697
11.21	0.1042694266
11.22	0.07802532365
11.23	0.05188837887
11.24	0.02587464499
11.25	1.131437945e-15
11.26	-0.02571986193
11.27	-0.05126943938
11.28	-0.07663343243
11.29	-0.1017967512
11.3	-0.1267445242
11.31	-0.1514621068
11.32	-0.1759350886
11.33	-0.2001493021
11.34	-0.2240908293
11.35	-0.2477460102
11.36	-0.2711014489
11.37	-0.2941440214
11.38	-0.3168608818
11.39	-0.3392394694
11.4	-0.3612675144
11.41	-0.3829330443
11.42	-0.4042243901
11.43	-0.4251301911
11.44	-0.4456394011
11.45	-0.4657412934
11.46	-0.4854254653
11.47	-0.5046818433
11.48	-0.5235006874
11.49	-0.5418725954
11.5	-0.5597885066
11.51	-0.5772397059
11.52	-0.5942178271
11.53	-0.6107148561
11.54	-0.6267231343
11.55	-0.6422353607
11.56	-0.6572445952
11.57	-0.6717442601
11.58	-0.6857281429
11.59	-0.6991903972
11.6	-0.7121255453
11.61	-0.7245284785
11.62	-0.7363944588
11.63	-0.7477191194
11.64	-0.7584984655
11.65	-0.7687288743
11.66	-0.7784070954
11.67	-0.7875302505
11.68	-0.796095833
11.69	-0.8041017076
11.7	-0.811546109
11.71	-0.8184276413
11.72	-0.8247452762
11.73	-0.830498352
11.74	-0.8356865713
11.75	-0.8403099995
11.76	-0.844369062
11.77	-0.8478645426
11.78	-0.8507975798
11.79	-0.8531696651
11.8	-0.8549826388
11.81	-0.8562386878
11.82	-0.8569403413
11.83	-0.8570904676
11.84	-0.85669227
11.85	-0.8557492831
11.86	-0.8542653679
11.87	-0.8522447082
11.88	-0.8496918053
11.89	-0.8466114738
11.9	-0.843008836
11.91	-0.8388893176
11.92	-0.8342586416
11.93	-0.8291228235
11.94	-0.8234881652
11.95	-0.8173612497
11.96	-0.810748935
11.97	-0.8036583481
11.98	-0.7960968788
11.99	-0.7880721734
12	-0.7795921285
12.01	-0.7706648841
12.02	-0.7612988172
12.03	-0.7515025351
12.04	-0.7412848681
12.05	-0.7306548632
12.06	-0.7196217762
12.07	-0.7081950654
12.08	-0.6963843837
12.09	-0.6841995714
12.1	-0.6716506492
12.11	-0.6587478102
12.12	-0.6455014126
12.13	-0.6319219721
12.14	-0.6180201541
12.15	-0.6038067664
12.16	-0.5892927507
12.17	-0.5744891758
12.18	-0.5594072286
12.19	-0.5440582075
12.2	-0.5284535135
12.21	-0.5126046427
12.22	-0.4965231786
12.23	-0.4802207838
12.24	-0.4637091923
12.25	-0.4470002016
12.26	-0.4301056645
12.27	-0.4130374817
12.28	-0.3958075932
12.29	-0.3784279713
12.3	-0.360910612
12.31	-0.3432675277
12.32	-0.3255107392
12.33	-0.3076522679
12.34	-0.2897041283
12.35	-0.2716783204
12.36	-0.253586822
12.37	-0.235441581
12.38	-0.2172545084
12.39	-0.1990374705
12.4	-0.1808022819
12.41	-0.1625606979
12.42	-0.1443244079
12.43	-0.1261050276
12.44	-0.1079140928
12.45	-0.08976305176
12.46	-0.07166325904
12.47	-0.05362596842
12.48	-0.03566232649
12.49	-0.01778336609
12.5	-8.640279656e-16
12.51	0.01767698536
12.52	0.03523693602
12.53	0.05266933651
12.54	0.06996381571
12.55	0.08711015266
12.56	0.1040982821
12.57	0.1209183002
12.58	0.1375604695
12.59	0.1540152245
12.6	0.1702731767
12.61	0.1863251193
12.62	0.2021620323
12.63	0.217775087
12.64	0.2331556503
12.65	0.2482952894
12.66	0.2631857759
12.67	0.2778190895
12.68	0.2921874224
12.69	0.3062831826
12.7	0.3200989976
12.71	0.3336277179
12.72	0.3468624201
12.73	0.3597964099
12.74	0.3724232253
12.75	0.384736639
12.76	0.3967306612
12.77	0.4083995418
12.78	0.419737773
12.79	0.430740091
12.8	0.4414014779
12.81	0.4517171638
12.82	0.4616826281
12.83	0.4712936007
12.84	0.4805460638
12.85	0.4894362524
12.86	0.4979606555
12.87	0.5061160165
12.88	0.5138993343
12.89	0.5213078633
12.9	0.5283391136
12.91	0.5349908512
12.92	0.5412610979
12.93	0.5471481309
12.94	0.5526504827
12.95	0.55776694
12.96	0.5624965433
12.97	0.5668385861
12.98	0.5707926134
12.99	0.5743584209
13	0.5775360535
13.01	0.5803258037
13.02	0.58272821
13.03	0.584744055
13.04	0.5863743638
13.05	0.5876204012
13.06	0.5884836702
13.07	0.5889659091
13.08	0.5890690893
13.09	0.5887954124
13.1	0.5881473076
13.11	0.5871274286
13.12	0.5857386508
13.13	0.5839840681
13.14	0.5818669892
13.15	0.5793909349
13.16	0.5765596341
13.17	0.5733770201
13.18	0.5698472274
13.19	0.5659745872
13.2	0.5617636238
13.21	0.5572190508
13.22	0.5523457665
13.23	0.5471488497
13.24	0.5416335557
13.25	0.5358053117
13.26	0.5296697124
13.27	0.523232515
13.28	0.5164996353
13.29	0.5094771424
13.3	0.502171254
13.31	0.4945883316
13.32	0.4867348758
13.33	0.4786175208
13.34	0.47024303
13.35	0.4616182903
13.36	0.4527503074
13.37	0.4436462003
13.38	0.4343131964
13.39	0.424758626
13.4	0.414989917
13.41	0.4050145897
13.42	0.3948402513
13.43	0.3844745907
13.44	0.3739253731
13.45	0.3632004341
13.46	0.3523076752
13.47	0.3412550573
13.48	0.3300505962
13.49	0.3187023564
13.5	0.3072184462
13.51	0.295607012
13.52	0.2838762329
13.53	0.2720343153
13.54	0.2600894875
13.55	0.2480499942
13.56	0.2359240916
13.57	0.2237200412
13.58	0.2114461053
13.59	0.1991105414
13.6	0.1867215969
13.61	0.174287504
13.62	0.1618164744
13.63	0.1493166944
13.64	0.1367963196
13.65	0.1242634699
13.66	0.1117262248
13.67	0.09919261822
13.68	0.0866706335
13.69	0.074168199
13.7	0.06169318311
13.71	0.04925338962
13.72	0.03685655316
13.73	0.02451033465
13.74	0.01222231686
13.75	2.375948923e-15
13.76	-0.01214920252
13.77	-0.02421796834
13.78	-0.0361990703
13.79	-0.04808538044
13.8	-0.059869874
13.81	-0.07154563326
13.82	-0.08310585133
13.83	-0.09454383585
13.84	-0.1058530126
13.85	-0.1170269288
13.86	-0.1280592569
13.87	-0.1389437974
13.88	-0.1496744824
13.89	-0.1602453787
13.9	-0.1706506904
13.91	-0.1808847621
13.92	-0.1909420817
13.93	-0.2008172828
13.94	-0.2105051477
13.95	-0.2200006092
13.96	-0.2292987536
13.97	-0.2383948225
13.98	-0.2472842151
13.99	-0.2559624899
14	-0.2644253671
14.01	-0.27266873
14.02	-0.2806886266
14.03	-0.2884812713
14.04	-0.2960430465
14.05	-0.3033705034
14.06	-0.3104603637
14.07	-0.3173095205
14.08	-0.323915039
14.09	-0.3302741576
14.1	-0.3363842889
14.11	-0.3422430198
14.12	-0.347848112
14.13	-0.3531975029
14.14	-0.3582893054
14.15	-0.3631218083
14.16	-0.3676934763
14.17	-0.3720029496
14.18	-0.3760490443
14.19	-0.3798307517
14.2	-0.3833472379
14.21	-0.3865978436
14.22	-0.389582083
14.23	-0.3922996436
14.24	-0.3947503849
14.25	-0.3969343377
14.26	-0.3988517031
14.27	-0.4005028512
14.28	-0.4018883199
14.29	-0.4030088136
14.3	-0.4038652018
14.31	-0.4044585173
14.32	-0.4047899549
14.33	-0.4048608696
14.34	-0.4046727744
14.35	-0.4042273388
14.36	-0.403526387
14.37	-0.4025718949
14.38	-0.401365989
14.39	-0.3999109434
14.4	-0.3982091778
14.41	-0.3962632551
14.42	-0.3940758786
14.43	-0.3916498899
14.44	-0.3889882658
14.45	-0.3860941159
14.46	-0.3829706796
14.47	-0.3796213235
14.48	-0.3760495383
14.49	-0.3722589359
14.5	-0.3682532463
14.51	-0.3640363146
14.52	-0.3596120979
14.53	-0.3549846619
14.54	-0.3501581778
14.55	-0.345136919
14.56	-0.3399252577
14.57	-0.3345276617
14.58	-0.3289486907
14.59	-0.3231929929
14.6	-0.3172653018
14.61	-0.3111704322
14.62	-0.3049132771
14.63	-0.2984988035
14.64	-0.2919320497
14.65	-0.2852181208
14.66	-0.2783621852
14.67	-0.2713694715
14.68	-0.2642452642
14.69	-0.2569949
14.7	-0.2496237644
14.71	-0.242137288
14.72	-0.2345409422
14.73	-0.2268402362
14.74	-0.2190407127
14.75	-0.2111479443
14.76	-0.2031675301
14.77	-0.1951050914
14.78	-0.1869662684
14.79	-0.1787567163
14.8	-0.1704821016
14.81	-0.1621480987
14.82	-0.1537603857
14.83	-0.1453246412
14.84	-0.1368465404
14.85	-0.1283317517
14.86	-0.1197859329
14.87	-0.111214728
14.88	-0.1026237632
14.89	-0.09401864381
14.9	-0.08540495062
14.91	-0.0767882365
14.92	-0.06817402303
14.93	-0.05956779719
14.94	-0.050975008
14.95	-0.04240106333
14.96	-0.03385132663
14.97	-0.02533111384
14.98	-0.01684569023
14.99	-0.008400267337
15	-4.897654939e-16
15.01	0.008350016636
15.02	0.01664475
15.03	0.02487923292
15.04	0.03304856644
15.05	0.04114792252
15.06	0.04917254668
15.07	0.05711776062
15.08	0.06497896476
15.09	0.07275164066
15.1	0.08043135348
15.11	0.08801375429
15.12	0.09549458229
15.13	0.1028696671
15.14	0.1101349308
15.15	0.1172863899
15.16	0.1243201577
15.17	0.1312324456
15.18	0.1380195655
15.19	0.1446779311
15.2	0.15120406
15.21	0.157594575
15.22	0.1638462057
15.23	0.1699557898
15.24	0.1759202751
15.25	0.1817367199
15.26	0.1874022948
15.27	0.1929142837
15.28	0.1982700849
15.29	0.2034672119
15.3	0.2085032945
15.31	0.2133760795
15.32	0.2180834315
15.33	0.2226233335
15.34	0.2269938876
15.35	0.2311933153
15.36	0.2352199582
15.37	0.239072278
15.38	0.242748857
15.39	0.2462483983
15.4	0.2495697258
15.41	0.2527117841
15.42	0.2556736389
15.43	0.2584544765
15.44	0.2610536034
15.45	0.2634704467
15.46	0.2657045531
15.47	0.2677555889
15.48	0.2696233391
15.49	0.2713077073
15.5	0.2728087147
15.51	0.2741264993
15.52	0.2752613157
15.53	0.2762135335
15.54	0.2769836368
15.55	0.2775722232
15.56	0.2779800026
15.57	0.2782077962
15.58	0.2782565351
15.59	0.2781272592
15.6	0.2778211162
15.61	0.2773393595
15.62	0.2766833473
15.63	0.2758545411
15.64	0.2748545038
15.65	0.2736848986
15.66	0.2723474868
15.67	0.2708441264
15.68	0.2691767704
15.69	0.2673474647
15.7	0.2653583464
15.71	0.2632116422
15.72	0.2609096656
15.73	0.258454816
15.74	0.2558495756
15.75	0.253096508
15.76	0.2501982561
15.77	0.2471575394
15.78	0.2439771522
15.79	0.2406599615
15.8	0.2372089041
15.81	0.2336269852
15.82	0.2299172754
15.83	0.2260829084
15.84	0.222127079
15.85	0.2180530405
15.86	0.213864102
15.87	0.2095636263
15.88	0.2051550274
15.89	0.2006417679
15.9	0.1960273565
15.91	0.1913153455
15.92	0.1865093284
15.93	0.181612937
15.94	0.1766298395
15.95	0.171563737
15.96	0.166418362
15.97	0.161197475
15.98	0.1559048623
15.99	0.1505443334
16	0.1451197184
16.01	0.1396348652
16.02	0.1340936375
16.03	0.1284999117
16.04	0.1228575746
16.05	0.1171705207
16.06	0.1114426498
16.07	0.1056778646
16.08	0.09988006785
16.09	0.09405316006
16.1	0.08820103706
16.11	0.08232758745
16.12	0.07643669019
16.13	0.07053221219
16.14	0.06461800589
16.15	0.05869790691
16.16	0.05277573168
16.17	0.04685527512
16.18	0.04094030837
16.19	0.03503457649
16.2	0.02914179623
16.21	0.02326565387
16.22	0.01740980296
16.23	0.01157786229
16.24	0.00577341368
16.25	-4.49097656e-16
16.26	-0.005738876912
16.27	-0.01143975822
16.28	-0.01709923005
16.29	-0.0227139254
16.3	-0.02828052599
16.31	-0.03379576414
16.32	-0.0392564245
16.33	-0.04465934582
16.34	-0.05000142264
16.35	-0.05527960693
16.36	-0.06049090971
16.37	-0.06563240259
16.38	-0.07070121931
16.39	-0.07569455714
16.4	-0.08060967834
16.41	-0.08544391151
16.42	-0.09019465289
16.43	-0.09485936762
16.44	-0.09943559094
16.45	-0.1039209294
16.46	-0.1083130618
16.47	-0.1126097405
16.48	-0.1168087922
16.49	-0.120908119
16.5	-0.1249056991
16.51	-0.128799588
16.52	-0.1325879189
16.53	-0.1362689037
16.54	-0.1398408333
16.55	-0.1433020789
16.56	-0.1466510918
16.57	-0.1498864043
16.58	-0.1530066303
16.59	-0.1560104653
16.6	-0.158896687
16.61	-0.1616641554
16.62	-0.1643118135
16.63	-0.1668386869
16.64	-0.1692438841
16.65	-0.1715265968
16.66	-0.1736860999
16.67	-0.1757217509
16.68	-0.1776329907
16.69	-0.1794193428
16.7	-0.1810804133
16.71	-0.1826158907
16.72	-0.1840255456
16.73	-0.1853092303
16.74	-0.1864668785
16.75	-0.1874985048
16.76	-0.188404204
16.77	-0.1891841512
16.78	-0.1898386002
16.79	-0.190367884
16.8	-0.1907724131
16.81	-0.1910526755
16.82	-0.1912092356
16.83	-0.1912427333
16.84	-0.1911538834
16.85	-0.1909434746
16.86	-0.1906123683
16.87	-0.1901614982
16.88	-0.1895918686
16.89	-0.1889045537
16.9	-0.1881006966
16.91	-0.1871815078
16.92	-0.1861482643
16.93	-0.1850023084
16.94	-0.1837450462
16.95	-0.1823779466
16.96	-0.1809025397
16.97	-0.1793204159
16.98	-0.1776332241
16.99	-0.1758426703
17	-0.1739505165
17.01	-0.171958579
17.02	-0.169868727
17.03	-0.167682881
17.04	-0.1654030113
17.05	-0.1630311366
17.06	-0.1605693222
17.07	-0.1580196784
17.08	-0.1553843591
17.09	-0.1526655599
17.1	-0.1498655169
17.11	-0.1469865044
17.12	-0.1440308336
17.13	-0.1410008508
17.14	-0.137898936
17.15	-0.1347275005
17.16	-0.1314889858
17.17	-0.1281858618
17.18	-0.1248206245
17.19	-0.121395795
17.2	-0.1179139171
17.21	-0.114377556
17.22	-0.1107892964
17.23	-0.1071517404
17.24	-0.1034675064
17.25	-0.09973922657
17.26	-0.09596954581
17.27	-0.09216111943
17.28	-0.08831661166
17.29	-0.08443869384
17.3	-0.08053004266
17.31	-0.07659333843
17.32	-0.07263126336
17.33	-0.0686464998
17.34	-0.06464172854
17.35	-0.06061962715
17.36	-0.0565828682
17.37	-0.05253411767
17.38	-0.04847603325
17.39	-0.04441126267
17.4	-0.04034244211
17.41	-0.03627219456
17.42	-0.03220312825
17.43	-0.02813783501
17.44	-0.02407888881
17.45	-0.02002884412
17.46	-0.01599023447
17.47	-0.01196557092
17.48	-0.007957340621
17.49	-0.003968005324
17.5	-2.699069777e-16
17.51	0.003944268574
17.52	0.007862423177
17.53	0.01175211749
17.54	0.0156110374
17.55	0.01943690231
17.56	0.02322746636
17.57	0.02698051969
17.58	0.03069388958
17.59	0.0343654417
17.6	0.03799308118
17.61	0.04157475371
17.62	0.04510844664
17.63	0.04859219003
17.64	0.05202405758
17.65	0.05540216769
17.66	0.05872468432
17.67	0.06198981793
17.68	0.06519582635
17.69	0.06834101558
17.7	0.0714237406
17.71	0.07444240613
17.72	0.07739546734
17.73	0.08028143057
17.74	0.08309885391
17.75	0.08584634787
17.76	0.08852257596
17.77	0.09112625517
17.78	0.09365615652
17.79	0.09611110548
17.8	0.09848998245
17.81	0.1007917231
17.82	0.1030153187
17.83	0.1051598166
17.84	0.1072243202
17.85	0.1092079894
17.86	0.1111100408
17.87	0.1129297478
17.88	0.1146664408
17.89	0.116319507
17.9	0.117888391
17.91	0.1193725943
17.92	0.1207716755
17.93	0.1220852501
17.94	0.1233129907
17.95	0.1244546266
17.96	0.1255099438
17.97	0.1264787845
17.98	0.1273610472
17.99	0.1281566864
18	0.1288657121
18.01	0.1294881895
18.02	0.1300242388
18.03	0.1304740346
18.04	0.1308378057
18.05	0.1311158342
18.06	0.1313084556
18.07	0.1314160576
18.08	0.1314390802
18.09	0.1313780147
18.1	0.1312334029
18.11	0.1310058372
18.12	0.130695959
18.13	0.1303044586
18.14	0.1298320745
18.15	0.1292795921
18.16	0.1286478435
18.17	0.1279377063
18.18	0.1271501031
18.19	0.1262860003
18.2	0.1253464074
18.21	0.1243323761
18.22	0.1232449993
18.23	0.1220854105
18.24	0.120854782
18.25	0.119554325
18.26	0.1181852877
18.27	0.1167489549
18.28	0.1152466464
18.29	0.1136797164
18.3	0.1120495523
18.31	0.1103575736
18.32	0.1086052308
18.33	0.1067940041
18.34	0.1049254026
18.35	0.103000963
18.36	0.1010222486
18.37	0.09899084773
18.38	0.09690837307
18.39	0.09477646025
18.4	0.09259676664
18.41	0.09037097025
18.42	0.0881007685
18.43	0.085787877
18.44	0.08343402837
18.45	0.08104097103
18.46	0.07861046798
18.47	0.07614429559
18.48	0.07364424238
18.49	0.07111210782
18.5	0.0685497011
18.51	0.06595883993
18.52	0.06334134931
18.53	0.06069906033
18.54	0.05803380899
18.55	0.05534743494
18.56	0.05264178033
18.57	0.04991868861
18.58	0.04718000334
18.59	0.04442756699
18.6	0.04166321982
18.61	0.03888879868
18.62	0.03610613585
18.63	0.03331705793
18.64	0.03052338469
18.65	0.02772692794
18.66	0.02492949044
18.67	0.02213286479
18.68	0.01933883233
18.69	0.01654916212
18.7	0.01376560983
18.71	0.01098991671
18.72	0.008223808609
18.73	0.005468994896
18.74	0.002727167517
18.75	5.831470556e-16
18.76	-0.002710853503
18.77	-0.005403759155
18.78	-0.008077104354
18.79	-0.01072929864
18.8	-0.01335877457
18.81	-0.01596398861
18.82	-0.01854342192
18.83	-0.02109558123
18.84	-0.02361899964
18.85	-0.02611223736
18.86	-0.02857388249
18.87	-0.03100255176
18.88	-0.03339689124
18.89	-0.03575557702
18.9	-0.03807731587
18.91	-0.04036084593
18.92	-0.04260493726
18.93	-0.04480839248
18.94	-0.04697004731
18.95	-0.04908877117
18.96	-0.05116346762
18.97	-0.05319307493
18.98	-0.05517656651
18.99	-0.05711295137
19	-0.05900127452
19.01	-0.06084061739
19.02	-0.0626300982
19.03	-0.06436887227
19.04	-0.06605613237
19.05	-0.06769110901
19.06	-0.06927307068
19.07	-0.07080132412
19.08	-0.07227521452
19.09	-0.07369412569
19.1	-0.07505748026
19.11	-0.07636473981
19.12	-0.07761540493
19.13	-0.07880901538
19.14	-0.07994515009
19.15	-0.08102342725
19.16	-0.08204350425
19.17	-0.08300507772
19.18	-0.08390788348
19.19	-0.08475169645
19.2	-0.08553633059
19.21	-0.08626163875
19.22	-0.08692751257
19.23	-0.0875338823
19.24	-0.08808071659
19.25	-0.08856802233
19.26	-0.08899584438
19.27	-0.08936426532
19.28	-0.08967340517
19.29	-0.08992342112
19.3	-0.09011450715
19.31	-0.09024689373
19.32	-0.09032084747
19.33	-0.09033667066
19.34	-0.09029470095
19.35	-0.09019531085
19.36	-0.09003890734
19.37	-0.08982593138
19.38	-0.08955685739
19.39	-0.08923219284
19.4	-0.08885247762
19.41	-0.08841828357
19.42	-0.08793021391
19.43	-0.08738890266
19.44	-0.08679501405
19.45	-0.08614924191
19.46	-0.08545230907
19.47	-0.08470496671
19.48	-0.0839079937
19.49	-0.08306219598
19.5	-0.08216840582
19.51	-0.08122748118
19.52	-0.08024030499
19.53	-0.07920778445
19.54	-0.07813085028
19.55	-0.077010456
19.56	-0.07584757719
19.57	-0.07464321073
19.58	-0.07339837404
19.59	-0.07211410427
19.6	-0.0707914576
19.61	-0.06943150838
19.62	-0.06803534834
19.63	-0.06660408584
19.64	-0.06513884501
19.65	-0.06364076496
19.66	-0.06211099897
19.67	-0.06055071364
19.68	-0.05896108811
19.69	-0.05734331319
19.7	-0.05569859053
19.71	-0.05402813185
19.72	-0.052333158
19.73	-0.05061489823
19.74	-0.0488745893
19.75	-0.04711347463
19.76	-0.04533280352
19.77	-0.04353383028
19.78	-0.0417178134
19.79	-0.03988601473
19.8	-0.03803969864
19.81	-0.03618013124
19.82	-0.03430857949
19.83	-0.03242631047
19.84	-0.03053459048
19.85	-0.0286346843
19.86	-0.0267278544
19.87	-0.02481536007
19.88	-0.02289845672
19.89	-0.02097839505
19.9	-0.01905642031
19.91	-0.01713377151
19.92	-0.01521168068
19.93	-0.01329137213
19.94	-0.0113740617
19.95	-0.00946095605
19.96	-0.007553251932
19.97	-0.005652135488
19.98	-0.003758781558
19.99	-0.001874352996
20	-1.457086041e-16
20.01	0.001863140549
20.02	0.003713945732
20.03	0.005551307226
20.04	0.007374131924
20.05	0.009181342542
20.06	0.01097187822
20.07	0.01274469508
20.08	0.01449876681
20.09	0.01623308523
20.1	0.01794666078
20.11	0.01963852309
20.12	0.02130772144
20.13	0.02295332529
20.14	0.02457442474
20.15	0.02617013097
20.16	0.02773957669
20.17	0.0292819166
20.18	0.03079632775
20.19	0.03228200994
20.2	0.03373818613
20.21	0.03516410276
20.22	0.03655903011
20.23	0.03792226261
20.24	0.03925311916
20.25	0.04055094341
20.26	0.04181510405
20.27	0.04304499502
20.28	0.0442400358
20.29	0.04539967158
20.3	0.04652337349
20.31	0.04761063879
20.32	0.04866099099
20.33	0.04967398006
20.34	0.0506491825
20.35	0.05158620148
20.36	0.05248466695
20.37	0.05334423568
20.38	0.05416459134
20.39	0.05494544455
20.4	0.05568653288
20.41	0.05638762086
20.42	0.0570485
20.43	0.05766898872
20.44	0.05824893233
20.45	0.05878820296
20.46	0.05928669948
20.47	0.05974434742
20.48	0.06016109883
20.49	0.06053693218
20.5	0.06087185219
20.51	0.0611658897
20.52	0.06141910146
20.53	0.06163156997
20.54	0.06180340325
20.55	0.06193473462
20.56	0.06202572251
20.57	0.06207655012
20.58	0.06208742523
20.59	0.06205857989
20.6	0.06199027015
20.61	0.06188277569
20.62	0.06173639959
20.63	0.06155146793
20.64	0.06132832946
20.65	0.06106735526
20.66	0.06076893835
20.67	0.0604334933
20.68	0.06006145588
20.69	0.05965328261
20.7	0.05920945034
20.71	0.05873045587
20.72	0.05821681548
20.73	0.05766906448
20.74	0.05708775677
20.75	0.05647346437
20.76	0.05582677696
20.77	0.05514830135
20.78	0.05443866105
20.79	0.05369849574
20.8	0.05292846076
20.81	0.05212922663
20.82	0.05130147847
20.83	0.05044591556
20.84	0.04956325072
20.85	0.04865420984
20.86	0.04771953132
20.87	0.04675996549
20.88	0.04577627412
20.89	0.04476922981
20.9	0.04373961545
20.91	0.04268822369
20.92	0.04161585631
20.93	0.04052332373
20.94	0.03941144436
20.95	0.03828104412
20.96	0.03713295577
20.97	0.03596801842
20.98	0.0347870769
20.99	0.03359098123
21	0.032380586
21.01	0.03115674984
21.02	0.02992033482
21.03	0.02867220588
21.04	0.02741323029
21.05	0.02614427704
21.06	0.0248662163
21.07	0.02357991886
21.08	0.02228625553
21.09	0.02098609667
21.1	0.01968031152
21.11	0.01836976777
21.12	0.01705533092
21.13	0.0157378638
21.14	0.014418226
21.15	0.01309727337
21.16	0.01177585746
21.17	0.01045482504
21.18	0.009135017563
21.19	0.007817270662
21.2	0.00650241366
21.21	0.005191269073
21.22	0.003884652123
21.23	0.002583370266
21.24	0.001288222719
21.25	-7.517124154e-17
21.26	-0.001280516524
21.27	-0.002552555084
21.28	-0.00381535394
21.29	-0.005068161811
21.3	-0.006310238294
21.31	-0.007540854266
21.32	-0.008759292287
21.33	-0.009964846986
21.34	-0.01115682544
21.35	-0.01233454755
21.36	-0.01349734637
21.37	-0.0146445685
21.38	-0.01577557439
21.39	-0.01688973866
21.4	-0.01798645044
21.41	-0.01906511366
21.42	-0.02012514734
21.43	-0.02116598589
21.44	-0.02218707933
21.45	-0.02318789361
21.46	-0.02416791083
21.47	-0.02512662944
21.48	-0.02606356452
21.49	-0.02697824795
21.5	-0.02787022865
21.51	-0.0287390727
21.52	-0.02958436358
21.53	-0.0304057023
21.54	-0.03120270753
21.55	-0.03197501581
21.56	-0.0327222816
21.57	-0.03344417741
21.58	-0.03414039393
21.59	-0.03481064011
21.6	-0.03545464321
21.61	-0.03607214889
21.62	-0.03666292127
21.63	-0.03722674292
21.64	-0.03776341496
21.65	-0.03827275702
21.66	-0.03875460728
21.67	-0.03920882242
21.68	-0.03963527767
21.69	-0.04003386669
21.7	-0.04040450161
21.71	-0.04074711293
21.72	-0.04106164945
21.73	-0.04134807823
21.74	-0.04160638446
21.75	-0.04183657139
21.76	-0.04203866022
21.77	-0.04221268995
21.78	-0.04235871727
21.79	-0.04247681644
21.8	-0.04256707909
21.81	-0.04262961409
21.82	-0.04266454736
21.83	-0.04267202171
21.84	-0.04265219662
21.85	-0.04260524806
21.86	-0.04253136827
21.87	-0.04243076555
21.88	-0.042303664
21.89	-0.04215030332
21.9	-0.04197093855
21.91	-0.04176583981
21.92	-0.04153529203
21.93	-0.0412795947
21.94	-0.04099906158
21.95	-0.04069402042
21.96	-0.04036481266
21.97	-0.04001179312
21.98	-0.03963532973
21.99	-0.03923580318
22	-0.0388136066
22.01	-0.03836914527
22.02	-0.03790283626
22.03	-0.03741510809
22.04	-0.03690640041
22.05	-0.03637716363
22.06	-0.03582785857
22.07	-0.03525895614
22.08	-0.03467093692
22.09	-0.03406429084
22.1	-0.03343951679
22.11	-0.03279712226
22.12	-0.03213762296
22.13	-0.03146154243
22.14	-0.03076941167
22.15	-0.03006176876
22.16	-0.02933915847
22.17	-0.02860213187
22.18	-0.02785124594
22.19	-0.02708706317
22.2	-0.0263101512
22.21	-0.02552108239
22.22	-0.02472043344
22.23	-0.02390878499
22.24	-0.02308672126
22.25	-0.0222548296
22.26	-0.02141370013
22.27	-0.02056392534
22.28	-0.0197060997
22.29	-0.01884081928
22.3	-0.01796868131
22.31	-0.01709028387
22.32	-0.01620622543
22.33	-0.01531710449
22.34	-0.01442351924
22.35	-0.01352606711
22.36	-0.01262534444
22.37	-0.01172194609
22.38	-0.01081646506
22.39	-0.009909492152
22.4	-0.009001615569
22.41	-0.008093420582
22.42	-0.007185489163
22.43	-0.006278399633
22.44	-0.005372726316
22.45	-0.004469039195
22.46	-0.003567903577
22.47	-0.002669879756
22.48	-0.001775522687
22.49	-0.0008853816634
22.5	-7.743135491e-17
22.51	0.0008800852785
22.52	0.001754343743
22.53	0.002622251858
22.54	0.003483293276
22.55	0.004336959126
22.56	0.00518274829
22.57	0.006020167678
22.58	0.006848732498
22.59	0.007667966511
22.6	0.008477402288
22.61	0.009276581453
22.62	0.01006505492
22.63	0.01084238314
22.64	0.0116081363
22.65	0.01236189455
22.66	0.01310324822
22.67	0.013831798
22.68	0.01454715518
22.69	0.01524894175
22.7	0.01593679068
22.71	0.016610346
22.72	0.01726926302
22.73	0.01791320846
22.74	0.01854186058
22.75	0.01915490935
22.76	0.01975205655
22.77	0.02033301591
22.78	0.0208975132
22.79	0.02144528636
22.8	0.02197608556
22.81	0.02248967332
22.82	0.02298582457
22.83	0.02346432672
22.84	0.02392497973
22.85	0.02436759616
22.86	0.0247920012
22.87	0.02519803272
22.88	0.02558554129
22.89	0.02595439023
22.9	0.02630445557
22.91	0.02663562608
22.92	0.02694780329
22.93	0.0272409014
22.94	0.02751484737
22.95	0.02776958077
22.96	0.02800505386
22.97	0.02822123144
22.98	0.02841809087
22.99	0.02859562197
23	0.02875382698
23.01	0.02889272046
23.02	0.02901232923
23.03	0.02911269225
23.04	0.02919386054
23.05	0.02925589709
23.06	0.02929887672
23.07	0.02932288599
23.08	0.02932802302
23.09	0.02931439745
23.1	0.02928213021
23.11	0.02923135343
23.12	0.02916221025
23.13	0.02907485472
23.14	0.02896945157
23.15	0.02884617609
23.16	0.02870521392
23.17	0.0285467609
23.18	0.02837102287
23.19	0.02817821546
23.2	0.02796856395
23.21	0.02774230298
23.22	0.02749967644
23.23	0.02724093719
23.24	0.02696634687
23.25	0.02667617569
23.26	0.02637070218
23.27	0.026050213
23.28	0.02571500266
23.29	0.02536537332
23.3	0.02500163455
23.31	0.02462410308
23.32	0.02423310254
23.33	0.02382896323
23.34	0.02341202188
23.35	0.02298262138
23.36	0.02254111051
23.37	0.02208784371
23.38	0.0216231808
23.39	0.02114748675
23.4	0.02066113137
23.41	0.02016448907
23.42	0.01965793859
23.43	0.01914186273
23.44	0.01861664811
23.45	0.01808268485
23.46	0.01754036631
23.47	0.01699008887
23.48	0.0164322516
23.49	0.01586725601
23.5	0.01529550578
23.51	0.01471740652
23.52	0.01413336541
23.53	0.01354379105
23.54	0.01294909309
23.55	0.01234968202
23.56	0.01174596888
23.57	0.01113836498
23.58	0.0105272817
23.59	0.009913130138
23.6	0.009296320911
23.61	0.008677263877
23.62	0.008056367874
23.63	0.007434040472
23.64	0.006810687714
23.65	0.006186713872
23.66	0.005562521195
23.67	0.004938509665
23.68	0.004315076756
23.69	0.003692617195
23.7	0.003071522725
23.71	0.002452181876
23.72	0.001834979732
23.73	0.001220297707
23.74	0.0006085133249
23.75	1.419438604e-16
23.76	-0.0006048731763
23.77	-0.001205741646
23.78	-0.001802245588
23.79	-0.002394030124
23.8	-0.00298074551
23.81	-0.003562047334
23.82	-0.004137596702
23.83	-0.004707060419
23.84	-0.005270111173
23.85	-0.005826427704
23.86	-0.006375694976
23.87	-0.006917604339
23.88	-0.007451853691
23.89	-0.007978147626
23.9	-0.008496197589
23.91	-0.009005722017
23.92	-0.009506446474
23.93	-0.009998103789
23.94	-0.01048043418
23.95	-0.01095318537
23.96	-0.01141611272
23.97	-0.01186897933
23.98	-0.01231155612
23.99	-0.01274362199
24	-0.01316496383
24.01	-0.0135753767
24.02	-0.01397466384
24.03	-0.01436263678
24.04	-0.01473911539
24.05	-0.01510392799
24.06	-0.01545691136
24.07	-0.01579791079
24.08	-0.01612678019
24.09	-0.01644338207
24.1	-0.01674758759
24.11	-0.01703927662
24.12	-0.01731833773
24.13	-0.01758466822
24.14	-0.01783817414
24.15	-0.0180787703
24.16	-0.01830638024
24.17	-0.01852093628
24.18	-0.01872237948
24.19	-0.0189106596
24.2	-0.01908573514
24.21	-0.01924757327
24.22	-0.0193961498
24.23	-0.01953144918
24.24	-0.0196534644
24.25	-0.01976219701
24.26	-0.01985765701
24.27	-0.01993986283
24.28	-0.02000884126
24.29	-0.02006462735
24.3	-0.02010726441
24.31	-0.02013680385
24.32	-0.02015330516
24.33	-0.02015683579
24.34	-0.02014747108
24.35	-0.02012529416
24.36	-0.02009039582
24.37	-0.02004287445
24.38	-0.01998283593
24.39	-0.01991039348
24.4	-0.01982566756
24.41	-0.01972878577
24.42	-0.01961988271
24.43	-0.01949909985
24.44	-0.01936658538
24.45	-0.01922249414
24.46	-0.01906698741
24.47	-0.01890023279
24.48	-0.01872240407
24.49	-0.01853368109
24.5	-0.01833424955
24.51	-0.01812430088
24.52	-0.0179040321
24.53	-0.01767364563
24.54	-0.01743334914
24.55	-0.01718335538
24.56	-0.01692388205
24.57	-0.01665515156
24.58	-0.01637739095
24.59	-0.01609083164
24.6	-0.01579570927
24.61	-0.01549226358
24.62	-0.01518073817
24.63	-0.01486138034
24.64	-0.01453444092
24.65	-0.01420017408
24.66	-0.01385883715
24.67	-0.01351069043
24.68	-0.01315599703
24.69	-0.01279502266
24.7	-0.01242803543
24.71	-0.01205530571
24.72	-0.01167710593
24.73	-0.01129371035
24.74	-0.01090539494
24.75	-0.01051243714
24.76	-0.01011511571
24.77	-0.009713710523
24.78	-0.009308502385
24.79	-0.008899772853
24.8	-0.00848780405
24.81	-0.008072878477
24.82	-0.007655278837
24.83	-0.007235287847
24.84	-0.006813188063
24.85	-0.006389261695
24.86	-0.005963790432
24.87	-0.005537055266
24.88	-0.005109336314
24.89	-0.004680912647
24.9	-0.004252062115
24.91	-0.00382306118
24.92	-0.003394184746
24.93	-0.002965705991
24.94	-0.002537896209
24.95	-0.002111024639
24.96	-0.001685358313
24.97	-0.001261161897
24.98	-0.000838697531
24.99	-0.0004182246842
25	-4.063998021e-17
25.01	0.0004157228491
25.02	0.000828693306
25.03	0.00123866407
25.04	0.001645391237
25.05	0.002048634432
25.06	0.002448156943
25.07	0.002843725853
25.08	0.003235112161
25.09	0.003622090907
25.1	0.004004441295
25.11	0.004381946802
25.12	0.004754395297
25.13	0.005121579149
25.14	0.005483295328
25.15	0.005839345513
25.16	0.00618953619
25.17	0.006533678741
25.18	0.006871589542
25.19	0.007203090048
25.2	0.007528006875
25.21	0.007846171881
25.22	0.008157422243
25.23	0.008461600528
25.24	0.008758554764
25.25	0.009048138497
25.26	0.009330210863
25.27	0.009604636632
25.28	0.009871286272
25.29	0.01013003599
25.3	0.01038076778
25.31	0.01062336946
25.32	0.01085773471
25.33	0.01108376313
25.34	0.0113013602
25.35	0.0115104374
25.36	0.01171091214
25.37	0.01190270785
25.38	0.01208575394
25.39	0.01225998584
25.4	0.012425345
25.41	0.01258177887
25.42	0.01272924094
25.43	0.01286769069
25.44	0.0129970936
25.45	0.01311742114
25.46	0.01322865075
25.47	0.01333076581
25.48	0.01342375562
25.49	0.01350761537
25.5	0.01358234613
25.51	0.01364795476
25.52	0.01370445395
25.53	0.01375186208
25.54	0.01379020326
25.55	0.01381950726
25.56	0.0138398094
25.57	0.01385115057
25.58	0.01385357713
25.59	0.01384714087
25.6	0.01383189891
25.61	0.01380791365
25.62	0.01377525273
25.63	0.0137339889
25.64	0.01368419997
25.65	0.01362596876
25.66	0.01355938295
25.67	0.01348453504
25.68	0.01340152227
25.69	0.0133104465
25.7	0.01321141414
25.71	0.01310453602
25.72	0.01298992736
25.73	0.01286770759
25.74	0.01273800031
25.75	0.01260093315
25.76	0.01245663768
25.77	0.01230524931
25.78	0.01214690716
25.79	0.01198175395
25.8	0.01180993593
25.81	0.01163160269
25.82	0.01144690711
25.83	0.01125600522
25.84	0.01105905607
25.85	0.01085622163
25.86	0.01064766667
25.87	0.01043355859
25.88	0.01021406738
25.89	0.009989365417
25.9	0.009759627401
25.91	0.009525030188
25.92	0.009285752683
25.93	0.009041975713
25.94	0.008793881893
25.95	0.008541655505
25.96	0.008285482368
25.97	0.00802554971
25.98	0.00776204604
25.99	0.007495161021
26	0.00722508534
26.01	0.006952010581
26.02	0.0066761291
26.03	0.006397633891
26.04	0.006116718466
26.05	0.005833576724
26.06	0.005548402826
26.07	0.005261391071
26.08	0.004972735766
26.09	0.00468263111
26.1	0.004391271062
26.11	0.004098849225
26.12	0.00380555872
26.13	0.00351159207
26.14	0.003217141077
26.15	0.002922396705
26.16	0.002627548961
26.17	0.002332786786
26.18	0.002038297932
26.19	0.001744268855
26.2	0.001450884601
26.21	0.0011583287
26.22	0.0008667830504
26.23	0.0005764278212
26.24	0.0002874413416
26.25	-1.118668662e-17
26.26	-0.0002857218572
26.27	-0.0005695520246
26.28	-0.0008513205356
26.29	-0.001130859757
26.3	-0.001408004481
26.31	-0.00168259202
26.32	-0.001954462291
26.33	-0.002223457904
26.34	-0.002489424247
26.35	-0.002752209569
26.36	-0.003011665057
26.37	-0.003267644915
26.38	-0.003520006439
26.39	-0.003768610091
26.4	-0.004013319567
26.41	-0.004254001864
26.42	-0.00449052735
26.43	-0.004722769821
26.44	-0.004950606564
26.45	-0.005173918416
26.46	-0.005392589813
26.47	-0.00560650885
26.48	-0.005815567325
26.49	-0.006019660787
26.5	-0.006218688582
26.51	-0.006412553895
26.52	-0.006601163784
26.53	-0.006784429223
26.54	-0.006962265129
26.55	-0.007134590399
26.56	-0.007301327933
26.57	-0.007462404661
26.58	-0.007617751565
26.59	-0.007767303702
26.6	-0.007911000217
26.61	-0.008048784359
26.62	-0.008180603494
26.63	-0.008306409109
26.64	-0.008426156827
26.65	-0.008539806403
26.66	-0.008647321728
26.67	-0.008748670826
26.68	-0.008843825853
26.69	-0.008932763086
26.7	-0.009015462916
26.71	-0.009091909834
26.72	-0.009162092418
26.73	-0.009226003317
26.74	-0.009283639228
26.75	-0.009335000875
26.76	-0.009380092987
26.77	-0.009418924268
26.78	-0.009451507369
26.79	-0.009477858856
26.8	-0.009497999175
26.81	-0.009511952619
26.82	-0.009519747285
26.83	-0.009521415037
26.84	-0.009516991462
26.85	-0.009506515823
26.86	-0.009490031014
26.87	-0.009467583513
26.88	-0.009439223324
26.89	-0.009405003931
26.9	-0.009364982241
26.91	-0.009319218525
26.92	-0.009267776362
26.93	-0.009210722576
26.94	-0.009148127176
26.95	-0.009080063294
26.96	-0.009006607113
26.97	-0.008927837807
26.98	-0.008843837471
26.99	-0.008754691046
27	-0.008660486257
27.01	-0.008561313529
27.02	-0.008457265925
27.03	-0.008348439061
27.04	-0.008234931034
27.05	-0.008116842346
27.06	-0.007994275821
27.07	-0.00786733653
27.08	-0.007736131707
27.09	-0.00760077067
27.1	-0.007461364737
27.11	-0.007318027143
27.12	-0.007170872958
27.13	-0.007020019
27.14	-0.006865583753
27.15	-0.006707687277
27.16	-0.006546451128
27.17	-0.006381998265
27.18	-0.006214452966
27.19	-0.006043940744
27.2	-0.005870588252
27.21	-0.005694523201
27.22	-0.005515874272
27.23	-0.005334771025
27.24	-0.005151343813
27.25	-0.004965723692
27.26	-0.004778042339
27.27	-0.004588431954
27.28	-0.004397025183
27.29	-0.004203955023
27.3	-0.004009354739
27.31	-0.003813357777
27.32	-0.003616097675
27.33	-0.003417707979
27.34	-0.003218322158
27.35	-0.003018073521
27.36	-0.002817095128
27.37	-0.002615519708
27.38	-0.002413479582
27.39	-0.002211106571
27.4	-0.002008531923
27.41	-0.001805886231
27.42	-0.001603299348
27.43	-0.001400900316
27.44	-0.001198817283
27.45	-0.0009971774313
27.46	-0.0007961068966
27.47	-0.0005957306976
27.48	-0.0003961726615
27.49	-0.0001975553524
27.5	-7.680727511e-17
27.51	0.0001963735691
27.52	0.0003914470002
27.53	0.0005851034769
27.54	0.0007772277866
27.55	0.0009677063844
27.56	0.001156427456
27.57	0.001343280978
27.58	0.001528158779
27.59	0.001710954596
27.6	0.00189156413
27.61	0.002069885105
27.62	0.002245817317
27.63	0.002419262687
27.64	0.002590125312
27.65	0.00275831151
27.66	0.002923729873
27.67	0.003086291304
27.68	0.003245909064
27.69	0.003402498815
27.7	0.003555978656
27.71	0.003706269163
27.72	0.003853293424
27.73	0.003996977072
27.74	0.004137248321
27.75	0.004274037991
27.76	0.004407279542
27.77	0.004536909096
27.78	0.004662865467
27.79	0.004785090179
27.8	0.00490352749
27.81	0.005018124409
27.82	0.005128830717
27.83	0.005235598979
27.84	0.00533838456
27.85	0.005437145634
27.86	0.005531843198
27.87	0.005622441075
27.88	0.005708905926
27.89	0.005791207249
27.9	0.005869317384
27.91	0.005943211514
27.92	0.006012867663
27.93	0.006078266693
27.94	0.006139392299
27.95	0.006196231005
27.96	0.006248772152
27.97	0.00629700789
27.98	0.006340933166
27.99	0.006380545709
28	0.006415846019
28.01	0.006446837344
28.02	0.006473525667
28.03	0.006495919683
28.04	0.006514030777
28.05	0.006527873003
28.06	0.006537463055
28.07	0.006542820246
28.08	0.006543966474
28.09	0.006540926198
28.1	0.006533726404
28.11	0.006522396572
28.12	0.006506968644
28.13	0.00648747699
28.14	0.006463958369
28.15	0.00643645189
28.16	0.006404998979
28.17	0.006369643332
28.18	0.006330430876
28.19	0.006287409729
28.2	0.006240630152
28.21	0.006190144507
28.22	0.006136007208
28.23	0.006078274677
28.24	0.006017005295
28.25	0.005952259353
28.26	0.005884099001
28.27	0.005812588198
28.28	0.005737792661
28.29	0.005659779811
28.3	0.005578618722
28.31	0.005494380063
28.32	0.00540713605
28.33	0.005316960382
28.34	0.005223928192
28.35	0.005128115989
28.36	0.005029601597
28.37	0.004928464104
28.38	0.004824783796
28.39	0.004718642106
28.4	0.004610121551
28.41	0.004499305674
28.42	0.004386278985
28.43	0.004271126897
28.44	0.004153935675
28.45	0.004034792366
28.46	0.003913784744
28.47	0.00379100125
28.48	0.00366653093
28.49	0.003540463374
28.5	0.003412888655
28.51	0.003283897273
28.52	0.003153580088
28.53	0.003022028267
28.54	0.002889333216
28.55	0.002755586527
28.56	0.002620879916
28.57	0.002485305163
28.58	0.002348954052
28.59	0.002211918315
28.6	0.002074289574
28.61	0.001936159278
28.62	0.001797618654
28.63	0.001658758641
28.64	0.00151966984
28.65	0.001380442457
28.66	0.001241166245
28.67	0.001101930452
28.68	0.0009628237675
28.69	0.000823934266
28.7	0.0006853493576
28.71	0.0005471557348
28.72	0.0004094393215
28.73	0.0002722852228
28.74	0.0001357776756
28.75	3.431073027e-17
28.76	-0.0001349654487
28.77	-0.0002690373265
28.78	-0.0004021353467
28.79	-0.0005341803249
28.8	-0.000665094223
28.81	-0.0007948001922
28.82	-0.0009232226147
28.83	-0.001050287145
28.84	-0.00117592075
28.85	-0.001300051747
28.86	-0.001422609841
28.87	-0.001543526164
28.88	-0.001662733307
28.89	-0.001780165357
28.9	-0.001895757929
28.91	-0.002009448196
28.92	-0.002121174924
28.93	-0.0022308785
28.94	-0.002338500957
28.95	-0.002443986006
28.96	-0.00254727906
28.97	-0.002648327258
28.98	-0.002747079489
28.99	-0.002843486414
29	-0.002937500488
29.01	-0.003029075978
29.02	-0.003118168981
29.03	-0.003204737444
29.04	-0.003288741178
29.05	-0.003370141872
29.06	-0.003448903106
29.07	-0.003524990365
29.08	-0.003598371046
29.09	-0.003669014474
29.1	-0.003736891901
29.11	-0.003801976522
29.12	-0.003864243472
29.13	-0.003923669837
29.14	-0.003980234653
29.15	-0.004033918912
29.16	-0.004084705555
29.17	-0.004132579479
29.18	-0.004177527531
29.19	-0.004219538506
29.2	-0.004258603139
29.21	-0.004294714106
29.22	-0.004327866012
29.23	-0.004358055382
29.24	-0.004385280659
29.25	-0.004409542183
29.26	-0.004430842189
29.27	-0.004449184787
29.28	-0.004464575954
29.29	-0.004477023515
29.3	-0.004486537128
29.31	-0.004493128268
29.32	-0.004496810208
29.33	-0.004497597998
29.34	-0.004495508449
29.35	-0.004490560108
29.36	-0.004482773236
29.37	-0.004472169787
29.38	-0.004458773382
29.39	-0.004442609285
29.4	-0.004423704378
29.41	-0.004402087129
29.42	-0.004377787572
29.43	-0.004350837271
29.44	-0.004321269298
29.45	-0.004289118197
29.46	-0.004254419954
29.47	-0.004217211968
29.48	-0.004177533019
29.49	-0.00413542323
29.5	-0.004090924038
29.51	-0.004044078159
29.52	-0.003994929551
29.53	-0.00394352338
29.54	-0.003889905985
29.55	-0.003834124838
29.56	-0.003776228511
29.57	-0.003716266636
29.58	-0.003654289866
29.59	-0.00359034984
29.6	-0.00352449914
29.61	-0.003456791254
29.62	-0.003387280539
29.63	-0.003316022175
29.64	-0.00324307213
29.65	-0.003168487116
29.66	-0.003092324552
29.67	-0.00301464252
29.68	-0.002935499725
29.69	-0.002854955454
29.7	-0.002773069535
29.71	-0.002689902294
29.72	-0.002605514515
29.73	-0.002519967399
29.74	-0.002433322519
29.75	-0.002345641782
29.76	-0.002256987388
29.77	-0.002167421785
29.78	-0.002077007628
29.79	-0.001985807742
29.8	-0.001893885077
29.81	-0.001801302667
29.82	-0.001708123593
29.83	-0.001614410936
29.84	-0.001520227744
29.85	-0.001425636985
29.86	-0.001330701514
29.87	-0.001235484028
29.88	-0.00114004703
29.89	-0.001044452789
29.9	-0.0009487633007
29.91	-0.0008530402534
29.92	-0.0007573449859
29.93	-0.0006617384528
29.94	-0.0005662811874
29.95	-0.0004710332657
29.96	-0.0003760542703
29.97	-0.000281403256
29.98	-0.0001871387144
29.99	-9.331854077e-05
30	-1.088160635e-17
