temps	angle
0	0
0.01	1.25141468
0.02	2.491607973
0.03	3.719430493
0.04	4.93375437
0.05	6.133474204
0.06	7.317507988
0.07	8.484798009
0.08	9.634311705
0.09	10.7650425
0.1	11.87601059
0.11	12.96626373
0.12	14.03487796
0.13	15.08095828
0.14	16.10363934
0.15	17.10208605
0.16	18.07549419
0.17	19.02309097
0.18	19.9441355
0.19	20.83791936
0.2	21.70376698
0.21	22.54103609
0.22	23.34911807
0.23	24.12743831
0.24	24.87545652
0.25	25.59266697
0.26	26.27859872
0.27	26.93281586
0.28	27.5549176
0.29	28.14453844
0.3	28.70134824
0.31	29.22505224
0.32	29.71539113
0.33	30.17214098
0.34	30.59511318
0.35	30.98415438
0.36	31.33914635
0.37	31.6600058
0.38	31.9466842
0.39	32.19916756
0.4	32.41747613
0.41	32.60166418
0.42	32.75181958
0.43	32.86806353
0.44	32.95055013
0.45	32.99946596
0.46	33.01502966
0.47	32.99749143
0.48	32.94713256
0.49	32.86426485
0.5	32.74923012
0.51	32.60239959
0.52	32.42417327
0.53	32.21497934
0.54	31.97527353
0.55	31.70553839
0.56	31.40628263
0.57	31.07804039
0.58	30.72137051
0.59	30.33685577
0.6	29.92510213
0.61	29.48673791
0.62	29.02241303
0.63	28.53279815
0.64	28.01858383
0.65	27.48047974
0.66	26.91921372
0.67	26.33553096
0.68	25.73019311
0.69	25.10397738
0.7	24.45767564
0.71	23.7920935
0.72	23.10804943
0.73	22.40637381
0.74	21.68790802
0.75	20.9535035
0.76	20.20402083
0.77	19.44032879
0.78	18.66330345
0.79	17.87382718
0.8	17.0727878
0.81	16.26107757
0.82	15.43959232
0.83	14.6092305
0.84	13.77089227
0.85	12.92547858
0.86	12.07389027
0.87	11.21702717
0.88	10.35578721
0.89	9.491065543
0.9	8.623753653
0.91	7.75473852
0.92	6.884901753
0.93	6.015118757
0.94	5.146257911
0.95	4.279179748
0.96	3.41473617
0.97	2.553769654
0.98	1.697112495
0.99	0.8455860474
1	3.283621195e-15
1.01	-0.8388483457
1.02	-1.670174771
1.03	-2.49320882
1.04	-3.307194457
1.05	-4.111390711
1.06	-4.905072292
1.07	-5.687530192
1.08	-6.458072265
1.09	-7.216023782
1.1	-7.960727964
1.11	-8.691546502
1.12	-9.407860041
1.13	-10.10906865
1.14	-10.79459226
1.15	-11.46387111
1.16	-12.1163661
1.17	-12.75155921
1.18	-13.36895383
1.19	-13.96807507
1.2	-14.54847008
1.21	-15.10970835
1.22	-15.6513819
1.23	-16.17310556
1.24	-16.67451716
1.25	-17.1552777
1.26	-17.61507151
1.27	-18.05360637
1.28	-18.47061363
1.29	-18.86584831
1.3	-19.23908907
1.31	-19.59013837
1.32	-19.91882235
1.33	-20.22499093
1.34	-20.50851767
1.35	-20.76929979
1.36	-21.00725803
1.37	-21.22233655
1.38	-21.41450283
1.39	-21.58374748
1.4	-21.73008409
1.41	-21.85354903
1.42	-21.95420121
1.43	-22.03212186
1.44	-22.08741428
1.45	-22.12020354
1.46	-22.1306362
1.47	-22.11887998
1.48	-22.08512341
1.49	-22.02957553
1.5	-21.95246544
1.51	-21.85404199
1.52	-21.73457332
1.53	-21.59434644
1.54	-21.43366683
1.55	-21.25285796
1.56	-21.05226082
1.57	-20.83223347
1.58	-20.59315049
1.59	-20.33540256
1.6	-20.05939584
1.61	-19.76555151
1.62	-19.45430524
1.63	-19.12610657
1.64	-18.7814184
1.65	-18.42071644
1.66	-18.04448858
1.67	-17.65323432
1.68	-17.24746423
1.69	-16.82769927
1.7	-16.39447026
1.71	-15.94831721
1.72	-15.48978876
1.73	-15.01944152
1.74	-14.5378395
1.75	-14.04555343
1.76	-13.54316017
1.77	-13.03124209
1.78	-12.51038642
1.79	-11.98118466
1.8	-11.4442319
1.81	-10.90012627
1.82	-10.34946824
1.83	-9.792860064
1.84	-9.230905142
1.85	-8.664207398
1.86	-8.093370682
1.87	-7.518998169
1.88	-6.941691761
1.89	-6.362051492
1.9	-5.780674946
1.91	-5.198156682
1.92	-4.61508766
1.93	-4.032054682
1.94	-3.449639839
1.95	-2.868419966
1.96	-2.288966107
1.97	-1.711842992
1.98	-1.137608525
1.99	-0.5668132782
2	-4.402154221e-15
2.01	0.5622968617
2.02	1.119551629
2.03	1.671247851
2.04	2.21687874
2.05	2.75594761
2.06	3.287968284
2.07	3.8124655
2.08	4.328975298
2.09	4.837045394
2.1	5.336235536
2.11	5.826117852
2.12	6.306277176
2.13	6.776311362
2.14	7.235831582
2.15	7.684462609
2.16	8.121843082
2.17	8.547625758
2.18	8.961477745
2.19	9.363080721
2.2	9.752131136
2.21	10.1283404
2.22	10.49143503
2.23	10.84115686
2.24	11.17726311
2.25	11.49952654
2.26	11.80773554
2.27	12.10169425
2.28	12.38122258
2.29	12.6461563
2.3	12.89634707
2.31	13.13166245
2.32	13.35198592
2.33	13.55721685
2.34	13.74727051
2.35	13.92207799
2.36	14.08158617
2.37	14.22575761
2.38	14.35457052
2.39	14.4680186
2.4	14.56611097
2.41	14.64887199
2.42	14.71634116
2.43	14.76857294
2.44	14.80563656
2.45	14.82761586
2.46	14.83460908
2.47	14.82672864
2.48	14.80410094
2.49	14.76686608
2.5	14.71517765
2.51	14.64920244
2.52	14.56912019
2.53	14.4751233
2.54	14.36741653
2.55	14.24621672
2.56	14.11175244
2.57	13.9642637
2.58	13.80400159
2.59	13.63122798
2.6	13.44621514
2.61	13.2492454
2.62	13.04061078
2.63	12.82061263
2.64	12.58956125
2.65	12.34777549
2.66	12.09558241
2.67	11.83331685
2.68	11.56132102
2.69	11.27994415
2.7	10.98954206
2.71	10.69047673
2.72	10.38311591
2.73	10.06783273
2.74	9.745005244
2.75	9.415016022
2.76	9.07825175
2.77	8.735102798
2.78	8.385962804
2.79	8.031228252
2.8	7.671298056
2.81	7.30657314
2.82	6.937456025
2.83	6.564350409
2.84	6.18766076
2.85	5.807791902
2.86	5.425148608
2.87	5.040135199
2.88	4.653155141
2.89	4.264610649
2.9	3.874902296
2.91	3.484428626
2.92	3.093585773
2.93	2.70276708
2.94	2.312362736
2.95	1.922759404
2.96	1.534339866
2.97	1.147482673
2.98	0.7625617992
2.99	0.3799463027
3	4.42627833e-15
3.01	-0.3769188582
3.02	-0.7504578998
3.03	-1.120270936
3.04	-1.486018259
3.05	-1.847366929
3.06	-2.203991052
3.07	-2.55557205
3.08	-2.901798921
3.09	-3.242368491
3.1	-3.57698565
3.11	-3.905363587
3.12	-4.227224007
3.13	-4.542297344
3.14	-4.850322959
3.15	-5.15104933
3.16	-5.444234229
3.17	-5.729644892
3.18	-6.007058175
3.19	-6.2762607
3.2	-6.537048992
3.21	-6.7892296
3.22	-7.032619215
3.23	-7.267044768
3.24	-7.492343523
3.25	-7.708363158
3.26	-7.914961832
3.27	-8.112008247
3.28	-8.299381691
3.29	-8.476972076
3.3	-8.644679964
3.31	-8.802416579
3.32	-8.950103814
3.33	-9.087674224
3.34	-9.215071002
3.35	-9.332247961
3.36	-9.439169488
3.37	-9.535810497
3.38	-9.622156372
3.39	-9.698202897
3.4	-9.763956176
3.41	-9.819432548
3.42	-9.864658487
3.43	-9.899670493
3.44	-9.924514979
3.45	-9.939248144
3.46	-9.94393584
3.47	-9.938653427
3.48	-9.923485625
3.49	-9.898526352
3.5	-9.863878558
3.51	-9.819654051
3.52	-9.765973314
3.53	-9.702965315
3.54	-9.630767313
3.55	-9.54952465
3.56	-9.459390547
3.57	-9.360525883
3.58	-9.253098979
3.59	-9.137285366
3.6	-9.013267551
3.61	-8.881234787
3.62	-8.741382821
3.63	-8.593913651
3.64	-8.439035276
3.65	-8.276961437
3.66	-8.10791136
3.67	-7.932109493
3.68	-7.749785237
3.69	-7.561172683
3.7	-7.366510339
3.71	-7.166040851
3.72	-6.960010737
3.73	-6.748670102
3.74	-6.532272364
3.75	-6.311073973
3.76	-6.085334131
3.77	-5.85531451
3.78	-5.621278973
3.79	-5.383493292
3.8	-5.142224866
3.81	-4.897742444
3.82	-4.650315842
3.83	-4.400215668
3.84	-4.147713045
3.85	-3.893079335
3.86	-3.636585865
3.87	-3.378503659
3.88	-3.119103168
3.89	-2.858654006
3.9	-2.597424685
3.91	-2.335682357
3.92	-2.073692558
3.93	-1.811718954
3.94	-1.550023096
3.95	-1.288864172
3.96	-1.02849877
3.97	-0.7691806385
3.98	-0.5111604603
3.99	-0.2546856231
4	-3.956030792e-15
4.01	0.2526562664
4.02	0.5030469739
4.03	0.7509400655
4.04	0.996107828
4.05	1.238327085
4.06	1.477379383
4.07	1.713051174
4.08	1.945133986
4.09	2.173424596
4.1	2.397725185
4.11	2.617843499
4.12	2.833592991
4.13	3.044792965
4.14	3.251268709
4.15	3.452851624
4.16	3.649379339
4.17	3.840695828
4.18	4.026651512
4.19	4.207103361
4.2	4.381914981
4.21	4.550956698
4.22	4.714105636
4.23	4.871245783
4.24	5.022268055
4.25	5.167070347
4.26	5.30555758
4.27	5.437641742
4.28	5.563241917
4.29	5.682284312
4.3	5.794702271
4.31	5.900436286
4.32	5.999434001
4.33	6.091650204
4.34	6.177046819
4.35	6.255592883
4.36	6.327264526
4.37	6.392044931
4.38	6.449924302
4.39	6.500899812
4.4	6.544975553
4.41	6.582162478
4.42	6.612478331
4.43	6.63594758
4.44	6.652601337
4.45	6.662477273
4.46	6.66561953
4.47	6.662078623
4.48	6.651911341
4.49	6.63518064
4.5	6.611955529
4.51	6.582310955
4.52	6.546327681
4.53	6.504092157
4.54	6.455696388
4.55	6.401237803
4.56	6.340819107
4.57	6.274548141
4.58	6.202537734
4.59	6.124905547
4.6	6.04177392
4.61	5.953269711
4.62	5.859524135
4.63	5.760672594
4.64	5.656854515
4.65	5.548213172
4.66	5.434895516
4.67	5.317052
4.68	5.194836397
4.69	5.068405621
4.7	4.937919549
4.71	4.803540833
4.72	4.665434718
4.73	4.523768853
4.74	4.378713112
4.75	4.230439396
4.76	4.079121455
4.77	3.924934692
4.78	3.76805598
4.79	3.608663471
4.8	3.446936409
4.81	3.28305494
4.82	3.117199929
4.83	2.949552769
4.84	2.7802952
4.85	2.609609119
4.86	2.437676404
4.87	2.264678728
4.88	2.090797379
4.89	1.916213085
4.9	1.741105835
4.91	1.565654705
4.92	1.390037691
4.93	1.214431532
4.94	1.039011553
4.95	0.8639514911
4.96	0.6894233426
4.97	0.515597201
4.98	0.3426411033
4.99	0.1707208786
5	3.314758429e-15
5.01	-0.1693605601
5.02	-0.3372024707
5.03	-0.5033701793
5.04	-0.6677110451
5.05	-0.8300754686
5.06	-0.9903170162
5.07	-1.148292542
5.08	-1.303862303
5.09	-1.456890075
5.1	-1.607243257
5.11	-1.754792975
5.12	-1.899414184
5.13	-2.04098576
5.14	-2.179390591
5.15	-2.314515659
5.16	-2.446252126
5.17	-2.574495404
5.18	-2.699145227
5.19	-2.820105719
5.2	-2.937285452
5.21	-3.050597503
5.22	-3.159959507
5.23	-3.265293698
5.24	-3.366526954
5.25	-3.463590833
5.26	-3.556421601
5.27	-3.644960263
5.28	-3.729152578
5.29	-3.808949082
5.3	-3.884305093
5.31	-3.955180723
5.32	-4.021540876
5.33	-4.083355245
5.34	-4.140598308
5.35	-4.193249309
5.36	-4.241292248
5.37	-4.284715853
5.38	-4.323513555
5.39	-4.357683461
5.4	-4.387228314
5.41	-4.412155455
5.42	-4.432476779
5.43	-4.448208688
5.44	-4.459372035
5.45	-4.465992073
5.46	-4.46809839
5.47	-4.465724849
5.48	-4.458909516
5.49	-4.447694592
5.5	-4.432126334
5.51	-4.412254983
5.52	-4.388134673
5.53	-4.359823354
5.54	-4.3273827
5.55	-4.290878019
5.56	-4.250378155
5.57	-4.205955399
5.58	-4.157685379
5.59	-4.105646968
5.6	-4.049922172
5.61	-3.990596027
5.62	-3.927756488
5.63	-3.861494319
5.64	-3.791902979
5.65	-3.719078509
5.66	-3.643119413
5.67	-3.564126542
5.68	-3.482202973
5.69	-3.397453889
5.7	-3.30998646
5.71	-3.219909712
5.72	-3.127334415
5.73	-3.032372946
5.74	-2.935139175
5.75	-2.835748331
5.76	-2.734316881
5.77	-2.630962403
5.78	-2.525803458
5.79	-2.418959464
5.8	-2.310550572
5.81	-2.200697539
5.82	-2.0895216
5.83	-1.977144348
5.84	-1.863687606
5.85	-1.749273305
5.86	-1.634023359
5.87	-1.518059549
5.88	-1.401503396
5.89	-1.284476043
5.9	-1.167098143
5.91	-1.049489734
5.92	-0.9317701288
5.93	-0.8140578007
5.94	-0.6964702719
5.95	-0.5791240033
5.96	-0.4621342867
5.97	-0.3456151395
5.98	-0.2296792001
5.99	-0.1144376272
6	-2.666338827e-15
6.01	0.1135257785
6.02	0.2260335757
6.03	0.3374191218
6.04	0.4475800985
6.05	0.5564162263
6.06	0.6638293479
6.07	0.7697235095
6.08	0.8740050392
6.09	0.9765826223
6.1	1.077367374
6.11	1.176272908
6.12	1.273215403
6.13	1.368113669
6.14	1.460889201
6.15	1.551466243
6.16	1.639771838
6.17	1.725735878
6.18	1.809291153
6.19	1.890373395
6.2	1.968921319
6.21	2.044876659
6.22	2.118184202
6.23	2.188791822
6.24	2.256650503
6.25	2.321714366
6.26	2.383940691
6.27	2.443289931
6.28	2.499725728
6.29	2.553214924
6.3	2.603727569
6.31	2.651236924
6.32	2.695719465
6.33	2.737154876
6.34	2.775526048
6.35	2.81081907
6.36	2.843023215
6.37	2.872130928
6.38	2.898137805
6.39	2.921042578
6.4	2.940847086
6.41	2.957556248
6.42	2.971178039
6.43	2.981723452
6.44	2.989206468
6.45	2.993644012
6.46	2.995055919
6.47	2.993464887
6.48	2.988896432
6.49	2.981378844
6.5	2.970943129
6.51	2.957622963
6.52	2.941454636
6.53	2.922476991
6.54	2.900731371
6.55	2.876261551
6.56	2.849113681
6.57	2.819336216
6.58	2.786979855
6.59	2.752097465
6.6	2.714744017
6.61	2.674976513
6.62	2.63285391
6.63	2.588437049
6.64	2.541788579
6.65	2.492972877
6.66	2.442055972
6.67	2.389105467
6.68	2.334190457
6.69	2.277381447
6.7	2.218750276
6.71	2.158370027
6.72	2.096314949
6.73	2.032660373
6.74	1.967482627
6.75	1.900858952
6.76	1.832867418
6.77	1.763586839
6.78	1.69309669
6.79	1.621477019
6.8	1.548808366
6.81	1.475171676
6.82	1.400648215
6.83	1.32531949
6.84	1.249267162
6.85	1.172572962
6.86	1.095318614
6.87	1.017585747
6.88	0.9394558206
6.89	0.8610100406
6.9	0.7823292811
6.91	0.7034940068
6.92	0.6245841956
6.93	0.5456792625
6.94	0.4668579847
6.95	0.3881984285
6.96	0.3097778764
6.97	0.2316727562
6.98	0.153958572
6.99	0.07670983555
7	2.085183759e-15
7.01	-0.07609860504
7.02	-0.1515148369
7.03	-0.2261788012
7.04	-0.3000219122
7.05	-0.3729769504
7.06	-0.444978119
7.07	-0.5159610983
7.08	-0.5858630981
7.09	-0.6546229084
7.1	-0.7221809476
7.11	-0.7884793096
7.12	-0.8534618077
7.13	-0.9170740174
7.14	-0.9792633166
7.15	-1.039978924
7.16	-1.099171934
7.17	-1.156795353
7.18	-1.212804129
7.19	-1.267155181
7.2	-1.319807429
7.21	-1.370721816
7.22	-1.419861332
7.23	-1.467191035
7.24	-1.512678069
7.25	-1.556291681
7.26	-1.598003234
7.27	-1.637786219
7.28	-1.675616265
7.29	-1.711471145
7.3	-1.745330784
7.31	-1.777177257
7.32	-1.806994796
7.33	-1.834769782
7.34	-1.860490748
7.35	-1.884148368
7.36	-1.905735452
7.37	-1.925246936
7.38	-1.942679867
7.39	-1.958033396
7.4	-1.971308754
7.41	-1.98250924
7.42	-1.9916402
7.43	-1.998709002
7.44	-2.003725017
7.45	-2.006699592
7.46	-2.007646021
7.47	-2.006579521
7.48	-2.003517194
7.49	-1.998478004
7.5	-1.991482735
7.51	-1.982553961
7.52	-1.971716007
7.53	-1.958994911
7.54	-1.944418386
7.55	-1.928015775
7.56	-1.909818014
7.57	-1.889857582
7.58	-1.868168465
7.59	-1.844786099
7.6	-1.819747334
7.61	-1.793090379
7.62	-1.764854754
7.63	-1.735081242
7.64	-1.703811838
7.65	-1.671089694
7.66	-1.636959072
7.67	-1.601465287
7.68	-1.564654655
7.69	-1.526574437
7.7	-1.487272787
7.71	-1.446798696
7.72	-1.405201933
7.73	-1.362532995
7.74	-1.318843045
7.75	-1.27418386
7.76	-1.228607772
7.77	-1.182167611
7.78	-1.134916651
7.79	-1.08690855
7.8	-1.038197295
7.81	-0.9888371454
7.82	-0.9388825761
7.83	-0.8883882219
7.84	-0.8374088215
7.85	-0.785999162
7.86	-0.7342140235
7.87	-0.6821081247
7.88	-0.6297360689
7.89	-0.57715229
7.9	-0.5244109997
7.91	-0.471566135
7.92	-0.4186713068
7.93	-0.3657797483
7.94	-0.3129442658
7.95	-0.2602171885
7.96	-0.2076503203
7.97	-0.1552948926
7.98	-0.1032015171
7.99	-0.0514201405
8	-1.597417684e-15
8.01	0.05101042044
8.02	0.1015634324
8.03	0.1516121845
8.04	0.201110702
8.05	0.2500139266
8.06	0.2982777532
8.07	0.3458590672
8.08	0.3927157789
8.09	0.4388068581
8.1	0.4840923661
8.11	0.5285334871
8.12	0.5720925582
8.13	0.6147330976
8.14	0.6564198315
8.15	0.69711872
8.16	0.7367969813
8.17	0.7754231143
8.18	0.8129669195
8.19	0.8493995195
8.2	0.8846933768
8.21	0.9188223109
8.22	0.9517615134
8.23	0.983487562
8.24	1.013978433
8.25	1.043213511
8.26	1.071173601
8.27	1.097840934
8.28	1.123199172
8.29	1.147233417
8.3	1.169930211
8.31	1.191277541
8.32	1.211264835
8.33	1.229882965
8.34	1.247124244
8.35	1.262982421
8.36	1.277452676
8.37	1.290531614
8.38	1.302217258
8.39	1.312509036
8.4	1.321407775
8.41	1.328915685
8.42	1.33503635
8.43	1.33977471
8.44	1.343137046
8.45	1.345130963
8.46	1.345765373
8.47	1.345050477
8.48	1.342997738
8.49	1.339619867
8.5	1.334930798
8.51	1.328945662
8.52	1.321680765
8.53	1.313153559
8.54	1.303382622
8.55	1.292387623
8.56	1.280189299
8.57	1.266809422
8.58	1.252270771
8.59	1.236597103
8.6	1.219813117
8.61	1.201944425
8.62	1.18301752
8.63	1.163059738
8.64	1.142099229
8.65	1.12016492
8.66	1.09728648
8.67	1.073494285
8.68	1.04881938
8.69	1.023293447
8.7	0.9969487631
8.71	0.9698181683
8.72	0.9419350244
8.73	0.9133331797
8.74	0.8840469306
8.75	0.8541109837
8.76	0.8235604182
8.77	0.7924306476
8.78	0.760757382
8.79	0.7285765895
8.8	0.6959244587
8.81	0.6628373608
8.82	0.6293518116
8.83	0.5955044338
8.84	0.5613319198
8.85	0.5268709944
8.86	0.492158378
8.87	0.4572307496
8.88	0.4221247107
8.89	0.3868767496
8.9	0.3515232055
8.91	0.3161002333
8.92	0.2806437696
8.93	0.2451894977
8.94	0.2097728147
8.95	0.1744287978
8.96	0.1391921723
8.97	0.1040972796
8.98	0.06917804568
8.99	0.03446795094
9	1.204628732e-15
9.01	-0.03419330738
9.02	-0.0680800047
9.03	-0.1016286865
9.04	-0.134808535
9.05	-0.1675893468
9.06	-0.1999415573
9.07	-0.2318362658
9.08	-0.263245259
9.09	-0.2941410333
9.1	-0.3244968171
9.11	-0.3542865914
9.12	-0.38348511
9.13	-0.4120679183
9.14	-0.4400113716
9.15	-0.4672926525
9.16	-0.4938897865
9.17	-0.5197816576
9.18	-0.5449480229
9.19	-0.569369525
9.2	-0.5930277051
9.21	-0.6159050138
9.22	-0.6379848215
9.23	-0.6592514278
9.24	-0.6796900697
9.25	-0.6992869289
9.26	-0.7180291378
9.27	-0.7359047853
9.28	-0.7529029206
9.29	-0.7690135568
9.3	-0.7842276731
9.31	-0.798537216
9.32	-0.8119350998
9.33	-0.8244152057
9.34	-0.8359723807
9.35	-0.8466024346
9.36	-0.8563021367
9.37	-0.8650692112
9.38	-0.8729023323
9.39	-0.8798011174
9.4	-0.8857661203
9.41	-0.8907988232
9.42	-0.8949016278
9.43	-0.8980778453
9.44	-0.9003316863
9.45	-0.9016682489
9.46	-0.902093507
9.47	-0.9016142974
9.48	-0.9002383054
9.49	-0.8979740512
9.5	-0.8948308742
9.51	-0.8908189175
9.52	-0.8859491109
9.53	-0.8802331542
9.54	-0.8736834992
9.55	-0.8663133311
9.56	-0.8581365497
9.57	-0.8491677498
9.58	-0.839422201
9.59	-0.828915827
9.6	-0.8176651847
9.61	-0.8056874426
9.62	-0.7930003584
9.63	-0.7796222572
9.64	-0.765572008
9.65	-0.7508690011
9.66	-0.7355331241
9.67	-0.7195847384
9.68	-0.7030446551
9.69	-0.6859341103
9.7	-0.6682747408
9.71	-0.6500885592
9.72	-0.6313979289
9.73	-0.6122255391
9.74	-0.5925943792
9.75	-0.5725277139
9.76	-0.5520490574
9.77	-0.5311821482
9.78	-0.5099509233
9.79	-0.488379493
9.8	-0.4664921152
9.81	-0.4443131702
9.82	-0.4218671353
9.83	-0.3991785595
9.84	-0.3762720383
9.85	-0.3531721893
9.86	-0.3299036266
9.87	-0.3064909371
9.88	-0.2829586555
9.89	-0.2593312406
9.9	-0.2356330513
9.91	-0.211888323
9.92	-0.1881211446
9.93	-0.1643554354
9.94	-0.1406149228
9.95	-0.1169231197
9.96	-0.09330330334
9.97	-0.06977849323
9.98	-0.04637143076
9.99	-0.02310455846
10	-8.972075416e-16
10.01	0.02292045937
10.02	0.04563539188
10.03	0.06812374579
10.04	0.09036486342
10.05	0.1123384986
10.06	0.1340248339
10.07	0.1554044964
10.08	0.1764585741
10.09	0.197168631
10.1	0.2175167214
10.11	0.2374854043
10.12	0.2570577566
10.13	0.2762173859
10.14	0.2949484429
10.15	0.3132356323
10.16	0.3310642244
10.17	0.3484200647
10.18	0.3652895838
10.19	0.3816598062
10.2	0.3975183586
10.21	0.4128534772
10.22	0.4276540149
10.23	0.4419094474
10.24	0.4556098788
10.25	0.4687460464
10.26	0.4813093247
10.27	0.4932917295
10.28	0.5046859204
10.29	0.5154852028
10.3	0.52568353
10.31	0.5352755034
10.32	0.5442563735
10.33	0.5526220387
10.34	0.5603690447
10.35	0.567494583
10.36	0.5739964877
10.37	0.5798732335
10.38	0.5851239316
10.39	0.5897483255
10.4	0.5937467865
10.41	0.5971203082
10.42	0.5998705004
10.43	0.6019995826
10.44	0.6035103774
10.45	0.6044063021
10.46	0.6046913612
10.47	0.6043701373
10.48	0.6034477823
10.49	0.6019300073
10.5	0.5998230728
10.51	0.5971337778
10.52	0.5938694488
10.53	0.5900379285
10.54	0.5856475634
10.55	0.580707192
10.56	0.5752261315
10.57	0.5692141652
10.58	0.5626815284
10.59	0.5556388953
10.6	0.5480973643
10.61	0.5400684436
10.62	0.5315640368
10.63	0.5225964273
10.64	0.5131782636
10.65	0.5033225434
10.66	0.4930425976
10.67	0.482352075
10.68	0.4712649256
10.69	0.4597953844
10.7	0.447957955
10.71	0.4357673929
10.72	0.4232386888
10.73	0.4103870515
10.74	0.3972278915
10.75	0.3837768035
10.76	0.3700495496
10.77	0.356062042
10.78	0.3418303264
10.79	0.3273705642
10.8	0.3126990161
10.81	0.2978320247
10.82	0.2827859976
10.83	0.2675773904
10.84	0.25222269
10.85	0.2367383982
10.86	0.2211410142
10.87	0.2054470191
10.88	0.189672859
10.89	0.1738349291
10.9	0.1579495578
10.91	0.1420329904
10.92	0.1261013743
10.93	0.110170743
10.94	0.09425700152
10.95	0.07837591101
10.96	0.06254307459
10.97	0.04677392279
10.98	0.0310836996
10.99	0.01548744869
11	2.406272757e-15
11.01	-0.01536404338
11.02	-0.03059031799
11.03	-0.04566471241
11.04	-0.0605733794
11.05	-0.07530274759
11.06	-0.08983953281
11.07	-0.1041707492
11.08	-0.1182837195
11.09	-0.1321660858
11.1	-0.1458058187
11.11	-0.1591912271
11.12	-0.1723109672
11.13	-0.1851540509
11.14	-0.1977098538
11.15	-0.2099681235
11.16	-0.2219189861
11.17	-0.2335529538
11.18	-0.2448609306
11.19	-0.2558342189
11.2	-0.2664645244
11.21	-0.2767439618
11.22	-0.286665059
11.23	-0.2962207612
11.24	-0.305404435
11.25	-0.3142098714
11.26	-0.3226312887
11.27	-0.3306633349
11.28	-0.3383010894
11.29	-0.3455400649
11.3	-0.352376208
11.31	-0.3588059001
11.32	-0.3648259573
11.33	-0.3704336304
11.34	-0.3756266039
11.35	-0.380402995
11.36	-0.3847613521
11.37	-0.3887006526
11.38	-0.3922203007
11.39	-0.3953201247
11.4	-0.3980003733
11.41	-0.4002617125
11.42	-0.4021052214
11.43	-0.4035323879
11.44	-0.4045451039
11.45	-0.4051456602
11.46	-0.4053367411
11.47	-0.4051214183
11.48	-0.4045031452
11.49	-0.4034857502
11.5	-0.4020734298
11.51	-0.4002707414
11.52	-0.3980825963
11.53	-0.3955142514
11.54	-0.3925713017
11.55	-0.3892596717
11.56	-0.385585607
11.57	-0.3815556654
11.58	-0.377176708
11.59	-0.3724558899
11.6	-0.3674006504
11.61	-0.362018704
11.62	-0.3563180296
11.63	-0.3503068612
11.64	-0.3439936773
11.65	-0.3373871904
11.66	-0.3304963367
11.67	-0.3233302651
11.68	-0.3158983266
11.69	-0.3082100632
11.7	-0.300275197
11.71	-0.2921036189
11.72	-0.2837053773
11.73	-0.2750906673
11.74	-0.2662698185
11.75	-0.2572532846
11.76	-0.2480516311
11.77	-0.2386755244
11.78	-0.2291357201
11.79	-0.2194430517
11.8	-0.2096084189
11.81	-0.1996427765
11.82	-0.1895571229
11.83	-0.1793624886
11.84	-0.1690699252
11.85	-0.158690494
11.86	-0.1482352548
11.87	-0.1377152553
11.88	-0.1271415196
11.89	-0.1165250377
11.9	-0.1058767548
11.91	-0.09520756067
11.92	-0.08452827902
11.93	-0.07384965754
11.94	-0.0631823576
11.95	-0.05253694428
11.96	-0.04192387664
11.97	-0.03135349808
11.98	-0.02083602695
11.99	-0.01038154732
12	-4.837696023e-16
12.01	0.01029882627
12.02	0.02050530336
12.03	0.03060997213
12.04	0.04060355047
12.05	0.05047694123
12.06	0.06022123977
12.07	0.06982774138
12.08	0.07928794832
12.09	0.08859357672
12.1	0.0977365631
12.11	0.1067090707
12.12	0.1155034955
12.13	0.1241124719
12.14	0.1325288783
12.15	0.1407458422
12.16	0.148756745
12.17	0.1565552267
12.18	0.1641351903
12.19	0.1714908054
12.2	0.1786165123
12.21	0.1855070252
12.22	0.1921573355
12.23	0.1985627143
12.24	0.2047187149
12.25	0.2106211754
12.26	0.2162662203
12.27	0.2216502618
12.28	0.2267700018
12.29	0.2316224322
12.3	0.236204836
12.31	0.2405147875
12.32	0.2445501525
12.33	0.2483090882
12.34	0.2517900424
12.35	0.2549917531
12.36	0.2579132472
12.37	0.2605538393
12.38	0.26291313
12.39	0.2649910042
12.4	0.2667876285
12.41	0.2683034495
12.42	0.2695391905
12.43	0.2704958489
12.44	0.2711746927
12.45	0.2715772576
12.46	0.2717053429
12.47	0.2715610077
12.48	0.2711465669
12.49	0.2704645867
12.5	0.26951788
12.51	0.2683095018
12.52	0.2668427443
12.53	0.2651211312
12.54	0.263148413
12.55	0.260928561
12.56	0.2584657618
12.57	0.2557644112
12.58	0.2528291083
12.59	0.2496646492
12.6	0.2462760209
12.61	0.2426683943
12.62	0.238847118
12.63	0.2348177113
12.64	0.2305858576
12.65	0.226157397
12.66	0.2215383196
12.67	0.2167347582
12.68	0.2117529808
12.69	0.2065993838
12.7	0.2012804839
12.71	0.1958029113
12.72	0.1901734016
12.73	0.1843987888
12.74	0.178485997
12.75	0.1724420336
12.76	0.1662739808
12.77	0.1599889885
12.78	0.1535942665
12.79	0.1470970765
12.8	0.140504725
12.81	0.1338245552
12.82	0.1270639394
12.83	0.1202302716
12.84	0.11333096
12.85	0.1063734192
12.86	0.09936506282
12.87	0.09231329626
12.88	0.08522550925
12.89	0.07810906864
12.9	0.07097131118
12.91	0.06381953645
12.92	0.05666099988
12.93	0.04950290584
12.94	0.04235240085
12.95	0.03521656691
12.96	0.02810241492
12.97	0.02101687828
12.98	0.01396680654
12.99	0.006958959278
13	-4.326471212e-16
13.01	-0.006903509698
13.02	-0.01374511589
13.03	-0.02051847793
13.04	-0.02721737382
13.05	-0.03383570557
13.06	-0.04036750422
13.07	-0.04680693481
13.08	-0.05314830117
13.09	-0.05938605042
13.1	-0.06551477747
13.11	-0.07152922918
13.12	-0.07742430841
13.13	-0.08319507788
13.14	-0.08883676381
13.15	-0.09434475942
13.16	-0.09971462816
13.17	-0.1049421068
13.18	-0.1100231083
13.19	-0.1149537246
13.2	-0.1197302287
13.21	-0.1243490777
13.22	-0.128806914
13.23	-0.1331005678
13.24	-0.1372270584
13.25	-0.141183596
13.26	-0.1449675827
13.27	-0.1485766137
13.28	-0.1520084781
13.29	-0.1552611594
13.3	-0.1583328365
13.31	-0.1612218834
13.32	-0.1639268695
13.33	-0.1664465594
13.34	-0.1687799128
13.35	-0.1709260837
13.36	-0.1728844198
13.37	-0.1746544616
13.38	-0.1762359414
13.39	-0.1776287821
13.4	-0.1788330954
13.41	-0.1798491806
13.42	-0.1806775226
13.43	-0.1813187899
13.44	-0.1817738325
13.45	-0.1820436798
13.46	-0.182129538
13.47	-0.1820327872
13.48	-0.1817549792
13.49	-0.1812978342
13.5	-0.1806632377
13.51	-0.1798532376
13.52	-0.1788700406
13.53	-0.1777160089
13.54	-0.1763936563
13.55	-0.174905645
13.56	-0.1732547814
13.57	-0.1714440119
13.58	-0.1694764195
13.59	-0.1673552192
13.6	-0.1650837537
13.61	-0.1626654892
13.62	-0.1601040111
13.63	-0.1574030191
13.64	-0.1545663227
13.65	-0.1515978368
13.66	-0.1485015766
13.67	-0.1452816531
13.68	-0.1419422679
13.69	-0.1384877084
13.7	-0.1349223432
13.71	-0.1312506165
13.72	-0.1274770433
13.73	-0.1236062046
13.74	-0.1196427417
13.75	-0.1155913519
13.76	-0.1114567825
13.77	-0.1072438261
13.78	-0.1029573158
13.79	-0.09860211909
13.8	-0.09418313373
13.81	-0.08970528197
13.82	-0.08517350568
13.83	-0.08059276121
13.84	-0.07596801436
13.85	-0.07130423526
13.86	-0.06660639348
13.87	-0.061879453
13.88	-0.05712836729
13.89	-0.05235807449
13.9	-0.04757349258
13.91	-0.04277951461
13.92	-0.03798100405
13.93	-0.03318279012
13.94	-0.02838966329
13.95	-0.02360637075
13.96	-0.01883761206
13.97	-0.01408803481
13.98	-0.009362230405
13.99	-0.004664729904
14	-2.5360031e-16
14.01	0.004627560938
14.02	0.009213626719
14.03	0.01375394707
14.04	0.01824435127
14.05	0.02268075171
14.06	0.02705914728
14.07	0.0313756267
14.08	0.03562637169
14.09	0.03980766005
14.1	0.04391586865
14.11	0.0479474762
14.12	0.05189906598
14.13	0.05576732843
14.14	0.05954906361
14.15	0.06324118348
14.16	0.06684071414
14.17	0.07034479786
14.18	0.07375069503
14.19	0.07705578593
14.2	0.08025757243
14.21	0.08335367948
14.22	0.08634185652
14.23	0.08921997871
14.24	0.0919860481
14.25	0.09463819458
14.26	0.09717467674
14.27	0.09959388255
14.28	0.10189433
14.29	0.1040746675
14.3	0.1061336743
14.31	0.1080702603
14.32	0.1098834667
14.33	0.1115724654
14.34	0.1131365589
14.35	0.1145751803
14.36	0.1158878922
14.37	0.1170743867
14.38	0.1181344844
14.39	0.1190681334
14.4	0.1198754088
14.41	0.1205565111
14.42	0.1211117653
14.43	0.1215416196
14.44	0.1218466438
14.45	0.1220275278
14.46	0.1220850803
14.47	0.1220202263
14.48	0.121834006
14.49	0.1215275726
14.5	0.1211021898
14.51	0.1205592305
14.52	0.1199001739
14.53	0.1191266032
14.54	0.1182402038
14.55	0.11724276
14.56	0.116136153
14.57	0.1149223579
14.58	0.1136034413
14.59	0.1121815582
14.6	0.1106589494
14.61	0.1090379382
14.62	0.1073209281
14.63	0.105510399
14.64	0.1036089045
14.65	0.1016190689
14.66	0.09954358368
14.67	0.09738520439
14.68	0.09514674753
14.69	0.0928310871
14.7	0.09044115133
14.71	0.08797991929
14.72	0.08545041755
14.73	0.08285571674
14.74	0.08019892815
14.75	0.07748320032
14.76	0.07471171555
14.77	0.07188768648
14.78	0.06901435264
14.79	0.06609497701
14.8	0.06313284254
14.81	0.06013124874
14.82	0.05709350825
14.83	0.05402294341
14.84	0.05092288288
14.85	0.04779665826
14.86	0.04464760075
14.87	0.04147903778
14.88	0.03829428979
14.89	0.0350966669
14.9	0.03188946573
14.91	0.0286759662
14.92	0.02545942838
14.93	0.0222430894
14.94	0.0190301604
14.95	0.01582382353
14.96	0.01262722898
14.97	0.009443492145
14.98	0.006275690716
14.99	0.003126861964
15	5.343876257e-16
15.01	-0.003101946861
15.02	-0.006176078686
15.03	-0.009219546431
15.04	-0.01222955438
15.05	-0.01520336253
15.06	-0.01813828885
15.07	-0.02103171153
15.08	-0.02388107111
15.09	-0.02668387252
15.1	-0.0294376871
15.11	-0.03214015445
15.12	-0.03478898429
15.13	-0.03738195816
15.14	-0.03991693106
15.15	-0.04239183302
15.16	-0.04480467058
15.17	-0.04715352814
15.18	-0.04943656929
15.19	-0.05165203797
15.2	-0.05379825965
15.21	-0.05587364227
15.22	-0.05787667723
15.23	-0.05980594023
15.24	-0.061660092
15.25	-0.06343787895
15.26	-0.06513813378
15.27	-0.06675977594
15.28	-0.06830181198
15.29	-0.06976333593
15.3	-0.07114352942
15.31	-0.07244166186
15.32	-0.07365709045
15.33	-0.07478926012
15.34	-0.07583770339
15.35	-0.07680204012
15.36	-0.07768197724
15.37	-0.0784773083
15.38	-0.07918791301
15.39	-0.07981375667
15.4	-0.08035488953
15.41	-0.08081144604
15.42	-0.08118364407
15.43	-0.08147178402
15.44	-0.08167624786
15.45	-0.08179749808
15.46	-0.08183607664
15.47	-0.08179260371
15.48	-0.08166777654
15.49	-0.08146236803
15.5	-0.08117722545
15.51	-0.08081326895
15.52	-0.08037149006
15.53	-0.07985295017
15.54	-0.07925877887
15.55	-0.07859017231
15.56	-0.07784839144
15.57	-0.07703476026
15.58	-0.07615066402
15.59	-0.07519754727
15.6	-0.07417691203
15.61	-0.07309031578
15.62	-0.07193936947
15.63	-0.07072573551
15.64	-0.06945112566
15.65	-0.06811729897
15.66	-0.06672605959
15.67	-0.06527925469
15.68	-0.06377877218
15.69	-0.06222653858
15.7	-0.06062451672
15.71	-0.05897470355
15.72	-0.05727912782
15.73	-0.05553984786
15.74	-0.05375894921
15.75	-0.05193854241
15.76	-0.05008076061
15.77	-0.04818775731
15.78	-0.04626170404
15.79	-0.04430478803
15.8	-0.04231920992
15.81	-0.04030718142
15.82	-0.03827092308
15.83	-0.03621266191
15.84	-0.0341346292
15.85	-0.03203905817
15.86	-0.02992818179
15.87	-0.02780423052
15.88	-0.02566943009
15.89	-0.02352599937
15.9	-0.02137614814
15.91	-0.01922207499
15.92	-0.01706596521
15.93	-0.01490998871
15.94	-0.012756298
15.95	-0.01060702612
15.96	-0.008464284714
15.97	-0.006330162089
15.98	-0.00420672129
15.99	-0.002095998255
16	-1.30228531e-16
16.01	0.002079297163
16.02	0.004139949349
16.03	0.006180046788
16.04	0.008197715458
16.05	0.01019111867
16.06	0.01215845862
16.07	0.01409797784
16.08	0.01600796068
16.09	0.01788673466
16.1	0.01973267177
16.11	0.02154418981
16.12	0.02331975355
16.13	0.02505787592
16.14	0.02675711907
16.15	0.02841609546
16.16	0.03003346884
16.17	0.03160795515
16.18	0.0331383234
16.19	0.03462339647
16.2	0.03606205188
16.21	0.03745322246
16.22	0.03879589695
16.23	0.04008912061
16.24	0.04133199571
16.25	0.04252368194
16.26	0.04366339684
16.27	0.04475041608
16.28	0.04578407375
16.29	0.04676376255
16.3	0.04768893392
16.31	0.04855909811
16.32	0.04937382426
16.33	0.05013274029
16.34	0.05083553283
16.35	0.05148194707
16.36	0.05207178656
16.37	0.05260491291
16.38	0.05308124549
16.39	0.05350076104
16.4	0.05386349325
16.41	0.05416953223
16.42	0.05441902403
16.43	0.05461217002
16.44	0.05474922622
16.45	0.05483050268
16.46	0.05485636266
16.47	0.05482722189
16.48	0.05474354773
16.49	0.05460585829
16.5	0.0544147215
16.51	0.05417075416
16.52	0.05387462092
16.53	0.05352703323
16.54	0.0531287483
16.55	0.05268056792
16.56	0.05218333733
16.57	0.05163794405
16.58	0.05104531661
16.59	0.05040642335
16.6	0.04972227109
16.61	0.04899390384
16.62	0.04822240146
16.63	0.04740887828
16.64	0.04655448175
16.65	0.04566039098
16.66	0.04472781534
16.67	0.04375799301
16.68	0.04275218951
16.69	0.0417116962
16.7	0.04063782884
16.71	0.039531926
16.72	0.0383953476
16.73	0.03722947337
16.74	0.03603570131
16.75	0.03481544614
16.76	0.03357013775
16.77	0.0323012197
16.78	0.03101014758
16.79	0.02969838755
16.8	0.02836741474
16.81	0.02701871171
16.82	0.02565376692
16.83	0.0242740732
16.84	0.02288112621
16.85	0.02147642295
16.86	0.02006146019
16.87	0.01863773308
16.88	0.01720673356
16.89	0.01576994898
16.9	0.0143288606
16.91	0.01288494219
16.92	0.01143965858
16.93	0.00999446432
16.94	0.008550802261
16.95	0.007110102234
16.96	0.005673779719
16.97	0.004243234543
16.98	0.002819849609
16.99	0.001404989647
17	-6.552624857e-17
17.01	-0.00139379457
17.02	-0.002775091038
17.03	-0.004142609248
17.04	-0.005495093003
17.05	-0.006831311138
17.06	-0.008150058541
17.07	-0.009450157157
17.08	-0.01073045694
17.09	-0.0119898368
17.1	-0.01322720545
17.11	-0.01444150231
17.12	-0.01563169828
17.13	-0.01679679654
17.14	-0.01793583328
17.15	-0.01904787842
17.16	-0.02013203622
17.17	-0.02118744595
17.18	-0.02221328247
17.19	-0.02320875672
17.2	-0.02417311628
17.21	-0.0251056458
17.22	-0.02600566743
17.23	-0.02687254117
17.24	-0.02770566527
17.25	-0.02850447643
17.26	-0.02926845018
17.27	-0.02999710097
17.28	-0.03068998243
17.29	-0.03134668747
17.3	-0.03196684838
17.31	-0.03255013688
17.32	-0.03309626415
17.33	-0.03360498078
17.34	-0.0340760767
17.35	-0.03450938113
17.36	-0.03490476236
17.37	-0.03526212764
17.38	-0.03558142292
17.39	-0.03586263261
17.4	-0.03610577927
17.41	-0.03631092334
17.42	-0.03647816269
17.43	-0.03660763232
17.44	-0.03669950384
17.45	-0.03675398508
17.46	-0.03677131954
17.47	-0.0367517859
17.48	-0.03669569743
17.49	-0.03660340144
17.5	-0.03647527862
17.51	-0.03631174242
17.52	-0.03611323837
17.53	-0.03588024338
17.54	-0.03561326501
17.55	-0.03531284071
17.56	-0.03497953708
17.57	-0.03461394903
17.58	-0.03421669898
17.59	-0.03378843602
17.6	-0.03332983505
17.61	-0.03284159588
17.62	-0.03232444237
17.63	-0.03177912147
17.64	-0.03120640235
17.65	-0.03060707538
17.66	-0.02998195124
17.67	-0.02933185989
17.68	-0.02865764964
17.69	-0.02796018612
17.7	-0.0272403513
17.71	-0.02649904245
17.72	-0.02573717117
17.73	-0.0249556623
17.74	-0.02415545296
17.75	-0.02333749146
17.76	-0.02250273629
17.77	-0.02165215507
17.78	-0.02078672355
17.79	-0.01990742451
17.8	-0.01901524675
17.81	-0.01811118408
17.82	-0.01719623422
17.83	-0.01627139786
17.84	-0.01533767758
17.85	-0.01439607682
17.86	-0.01344759892
17.87	-0.0124932461
17.88	-0.01153401843
17.89	-0.01057091293
17.9	-0.0096049225
17.91	-0.008637035042
17.92	-0.007668232468
17.93	-0.006699489783
17.94	-0.005731774165
17.95	-0.004766044057
17.96	-0.003803248283
17.97	-0.002844325174
17.98	-0.00189020172
17.99	-0.0009417927249
18	-6.582988228e-17
18.01	0.0009342884403
18.02	0.001860199153
18.03	0.002776874022
18.04	0.003683470995
18.05	0.004579164797
18.06	0.005463147617
18.07	0.006334629781
18.08	0.007192840392
18.09	0.008037027954
18.1	0.008866460966
18.11	0.009680428491
18.12	0.01047824071
18.13	0.01125922943
18.14	0.01202274859
18.15	0.01276817474
18.16	0.01349490744
18.17	0.01420236975
18.18	0.01489000853
18.19	0.01555729487
18.2	0.01620372442
18.21	0.01682881765
18.22	0.01743212019
18.23	0.01801320304
18.24	0.01857166282
18.25	0.01910712196
18.26	0.01961922887
18.27	0.0201076581
18.28	0.02057211043
18.29	0.02101231299
18.3	0.02142801928
18.31	0.02181900925
18.32	0.02218508931
18.33	0.02252609226
18.34	0.02284187731
18.35	0.02313232995
18.36	0.02339736191
18.37	0.02363691103
18.38	0.02385094105
18.39	0.02403944154
18.4	0.02420242762
18.41	0.0243399398
18.42	0.0244520437
18.43	0.02453882978
18.44	0.02460041311
18.45	0.02463693297
18.46	0.02464855261
18.47	0.02463545882
18.48	0.02459786159
18.49	0.02453599374
18.5	0.02445011045
18.51	0.02434048885
18.52	0.02420742761
18.53	0.0240512464
18.54	0.02387228544
18.55	0.02367090501
18.56	0.02344748491
18.57	0.02320242391
18.58	0.02293613924
18.59	0.02264906599
18.6	0.02234165656
18.61	0.02201438006
18.62	0.02166772169
18.63	0.02130218217
18.64	0.02091827706
18.65	0.02051653618
18.66	0.02009750293
18.67	0.01966173367
18.68	0.01920979702
18.69	0.01874227325
18.7	0.01825975354
18.71	0.01776283936
18.72	0.01725214176
18.73	0.0167282807
18.74	0.01619188434
18.75	0.01564358835
18.76	0.01508403522
18.77	0.01451387359
18.78	0.01393375749
18.79	0.01334434572
18.8	0.01274630108
18.81	0.01214028974
18.82	0.01152698052
18.83	0.01090704417
18.84	0.01028115274
18.85	0.009649978875
18.86	0.009014195128
18.87	0.008374473298
18.88	0.007731483767
18.89	0.007085894841
18.9	0.006438372092
18.91	0.005789577727
18.92	0.005140169941
18.93	0.0044908023
18.94	0.003842123122
18.95	0.003194774872
18.96	0.002549393564
18.97	0.001906608182
18.98	0.001267040104
18.99	0.0006313025427
19	1.176970208e-16
19.01	-0.0006262722703
19.02	-0.001246928782
19.03	-0.001861394322
19.04	-0.002469104447
19.05	-0.003069505957
19.06	-0.003662057362
19.07	-0.004246229326
19.08	-0.004821505103
19.09	-0.005387380948
19.1	-0.005943366523
19.11	-0.006488985272
19.12	-0.007023774794
19.13	-0.007547287189
19.14	-0.00805908939
19.15	-0.008558763478
19.16	-0.00904590698
19.17	-0.009520133142
19.18	-0.0099810712
19.19	-0.01042836661
19.2	-0.0108616813
19.21	-0.01128069382
19.22	-0.01168509961
19.23	-0.01207461109
19.24	-0.01244895787
19.25	-0.01280788687
19.26	-0.0131511624
19.27	-0.0134785663
19.28	-0.01378989801
19.29	-0.01408497461
19.3	-0.01436363087
19.31	-0.01462571929
19.32	-0.01487111009
19.33	-0.0150996912
19.34	-0.01531136825
19.35	-0.01550606448
19.36	-0.01568372072
19.37	-0.01584429529
19.38	-0.0159877639
19.39	-0.01611411956
19.4	-0.0162233724
19.41	-0.01631554957
19.42	-0.01639069506
19.43	-0.01644886951
19.44	-0.01649015005
19.45	-0.01651463004
19.46	-0.01652241892
19.47	-0.01651364189
19.48	-0.01648843972
19.49	-0.01644696845
19.5	-0.01638939916
19.51	-0.01631591761
19.52	-0.01622672399
19.53	-0.01612203259
19.54	-0.01600207147
19.55	-0.01586708214
19.56	-0.01571731916
19.57	-0.01555304986
19.58	-0.01537455391
19.59	-0.01518212296
19.6	-0.01497606026
19.61	-0.01475668026
19.62	-0.0145243082
19.63	-0.01427927973
19.64	-0.01402194044
19.65	-0.01375264548
19.66	-0.01347175909
19.67	-0.01317965422
19.68	-0.01287671203
19.69	-0.01256332147
19.7	-0.01223987883
19.71	-0.0119067873
19.72	-0.01156445646
19.73	-0.01121330189
19.74	-0.01085374466
19.75	-0.01048621086
19.76	-0.01011113118
19.77	-0.009728940411
19.78	-0.009340076962
19.79	-0.008944982434
19.8	-0.008544101127
19.81	-0.00813787958
19.82	-0.00772676611
19.83	-0.007311210347
19.84	-0.006891662778
19.85	-0.006468574284
19.86	-0.006042395693
19.87	-0.005613577327
19.88	-0.005182568555
19.89	-0.004749817356
19.9	-0.004315769877
19.91	-0.003880870008
19.92	-0.003445558951
19.93	-0.003010274804
19.94	-0.002575452148
19.95	-0.002141521639
19.96	-0.001708909611
19.97	-0.001278037684
19.98	-0.0008493223806
19.99	-0.0004231747495
20	-3.286585868e-17
20.01	0.0004198028571
20.02	0.0008358413583
20.03	0.001247729928
20.04	0.001655090207
20.05	0.002057551375
20.06	0.002454750459
20.07	0.002846332637
20.08	0.003231951522
20.09	0.003611269445
20.1	0.003983957721
20.11	0.004349696906
20.12	0.004708177043
20.13	0.005059097896
20.14	0.005402169171
20.15	0.005737110729
20.16	0.006063652783
20.17	0.006381536086
20.18	0.006690512106
20.19	0.006990343189
20.2	0.007280802707
20.21	0.007561675202
20.22	0.007832756506
20.23	0.008093853861
20.24	0.008344786015
20.25	0.008585383316
20.26	0.008815487785
20.27	0.009034953185
20.28	0.00924364507
20.29	0.009441440827
20.3	0.009628229704
20.31	0.009803912826
20.32	0.009968403199
20.33	0.0101216257
20.34	0.01026351707
20.35	0.01039402585
20.36	0.01051311239
20.37	0.01062074875
20.38	0.01071691864
20.39	0.01080161736
20.4	0.01087485173
20.41	0.01093663994
20.42	0.01098701146
20.43	0.01102600697
20.44	0.01105367814
20.45	0.01107008757
20.46	0.01107530861
20.47	0.01106942519
20.48	0.01105253167
20.49	0.01102473265
20.5	0.0109861428
20.51	0.01093688664
20.52	0.01087709837
20.53	0.01080692163
20.54	0.01072650929
20.55	0.01063602323
20.56	0.0105356341
20.57	0.0104255211
20.58	0.01030587168
20.59	0.01017688136
20.6	0.0100387534
20.61	0.009891698588
20.62	0.009735934944
20.63	0.009571687447
20.64	0.009399187763
20.65	0.009218673949
20.66	0.009030390174
20.67	0.008834586423
20.68	0.008631518198
20.69	0.008421446223
20.7	0.008204636141
20.71	0.007981358208
20.72	0.007751886987
20.73	0.007516501041
20.74	0.007275482618
20.75	0.007029117347
20.76	0.006777693921
20.77	0.006521503784
20.78	0.006260840819
20.79	0.005996001037
20.8	0.00572728226
20.81	0.005454983814
20.82	0.005179406214
20.83	0.004900850857
20.84	0.00461961971
20.85	0.004336015012
20.86	0.004050338959
20.87	0.003762893412
20.88	0.003473979592
20.89	0.003183897789
20.9	0.002892947063
20.91	0.002601424963
20.92	0.002309627235
20.93	0.002017847545
20.94	0.001726377203
20.95	0.001435504884
20.96	0.001145516369
20.97	0.0008566942793
20.98	0.0005693178173
20.99	0.0002836625176
21	-8.823392643e-18
21.01	-0.0002814022705
21.02	-0.0005602812178
21.03	-0.0008363783825
21.04	-0.001109440143
21.05	-0.001379217932
21.06	-0.001645468441
21.07	-0.001907953825
21.08	-0.002166441893
21.09	-0.002420706301
21.1	-0.002670526723
21.11	-0.00291568903
21.12	-0.003155985452
21.13	-0.003391214734
21.14	-0.003621182287
21.15	-0.003845700328
21.16	-0.004064588013
21.17	-0.004277671563
21.18	-0.004484784383
21.19	-0.004685767168
21.2	-0.004880468006
21.21	-0.005068742469
21.22	-0.005250453702
21.23	-0.005425472493
21.24	-0.005593677346
21.25	-0.005754954539
21.26	-0.005909198178
21.27	-0.006056310235
21.28	-0.006196200589
21.29	-0.00632878705
21.3	-0.006453995379
21.31	-0.006571759297
21.32	-0.006682020491
21.33	-0.006784728606
21.34	-0.006879841234
21.35	-0.006967323888
21.36	-0.007047149983
21.37	-0.007119300788
21.38	-0.007183765393
21.39	-0.007240540649
21.4	-0.007289631115
21.41	-0.007331048987
21.42	-0.007364814031
21.43	-0.007390953497
21.44	-0.007409502038
21.45	-0.00742050161
21.46	-0.007424001378
21.47	-0.007420057603
21.48	-0.007408733537
21.49	-0.007390099298
21.5	-0.007364231747
21.51	-0.007331214357
21.52	-0.007291137081
21.53	-0.007244096204
21.54	-0.0071901942
21.55	-0.00712953958
21.56	-0.007062246738
21.57	-0.006988435783
21.58	-0.006908232381
21.59	-0.006821767581
21.6	-0.006729177641
21.61	-0.006630603853
21.62	-0.00652619236
21.63	-0.00641609397
21.64	-0.006300463974
21.65	-0.006179461946
21.66	-0.006053251557
21.67	-0.005922000378
21.68	-0.005785879676
21.69	-0.00564506422
21.7	-0.005499732076
21.71	-0.005350064402
21.72	-0.005196245242
21.73	-0.005038461324
21.74	-0.004876901843
21.75	-0.004711758264
21.76	-0.004543224101
21.77	-0.004371494717
21.78	-0.004196767106
21.79	-0.004019239691
21.8	-0.003839112108
21.81	-0.003656585002
21.82	-0.003471859812
21.83	-0.003285138572
21.84	-0.003096623697
21.85	-0.002906517782
21.86	-0.002715023397
21.87	-0.002522342885
21.88	-0.00232867816
21.89	-0.002134230512
21.9	-0.001939200408
21.91	-0.001743787301
21.92	-0.001548189434
21.93	-0.00135260366
21.94	-0.001157225246
21.95	-0.0009622476997
21.96	-0.0007678625853
21.97	-0.0005742593487
21.98	-0.0003816251455
21.99	-0.0001901446718
22	-5.908525708e-17
22.01	0.0001886295829
22.02	0.0003755677317
22.03	0.0005606411959
22.04	0.000743679968
22.05	0.0009245174277
22.06	0.001102990481
22.07	0.001278939695
22.08	0.00145220943
22.09	0.001622647959
22.1	0.001790107596
22.11	0.001954444805
22.12	0.002115520314
22.13	0.002273199217
22.14	0.002427351078
22.15	0.002577850021
22.16	0.002724574824
22.17	0.002867408999
22.18	0.003006240874
22.19	0.003140963664
22.2	0.003271475538
22.21	0.003397679685
22.22	0.003519484367
22.23	0.003636802971
22.24	0.003749554056
22.25	0.003857661392
22.26	0.003961053995
22.27	0.004059666155
22.28	0.004153437464
22.29	0.004242312827
22.3	0.004326242479
22.31	0.004405181995
22.32	0.004479092283
22.33	0.004547939592
22.34	0.004611695492
22.35	0.00467033687
22.36	0.004723845901
22.37	0.004772210032
22.38	0.004815421949
22.39	0.004853479541
22.4	0.004886385864
22.41	0.004914149094
22.42	0.00493678248
22.43	0.004954304289
22.44	0.004966737747
22.45	0.004974110981
22.46	0.004976456945
22.47	0.004973813354
22.48	0.004966222606
22.49	0.004953731702
22.5	0.004936392163
22.51	0.004914259946
22.52	0.004887395344
22.53	0.004855862901
22.54	0.004819731307
22.55	0.0047790733
22.56	0.004733965558
22.57	0.004684488596
22.58	0.004630726648
22.59	0.004572767559
22.6	0.004510702666
22.61	0.00444462668
22.62	0.004374637563
22.63	0.004300836406
22.64	0.004223327301
22.65	0.004142217216
22.66	0.004057615863
22.67	0.003969635566
22.68	0.003878391131
22.69	0.003783999708
22.7	0.003686580658
22.71	0.003586255416
22.72	0.00348314735
22.73	0.003377381626
22.74	0.003269085068
22.75	0.003158386016
22.76	0.003045414189
22.77	0.00293030054
22.78	0.00281317712
22.79	0.002694176935
22.8	0.002573433805
22.81	0.002451082227
22.82	0.002327257229
22.83	0.002202094239
22.84	0.002075728939
22.85	0.001948297134
22.86	0.001819934609
22.87	0.001690776999
22.88	0.001560959652
22.89	0.001430617495
22.9	0.001299884907
22.91	0.001168895584
22.92	0.001037782413
22.93	0.0009066773474
22.94	0.0007757112801
22.95	0.0006450139224
22.96	0.0005147136835
22.97	0.0003849375531
22.98	0.0002558109851
22.99	0.0001274577852
23	2.574241996e-17
23.01	-0.0001264421907
23.02	-0.0002517505792
23.03	-0.0003758090322
23.04	-0.0004985035904
23.05	-0.0006197225647
23.06	-0.0007393566301
23.07	-0.0008572989156
23.08	-0.0009734450917
23.09	-0.001087693455
23.1	-0.001199945006
23.11	-0.001310103532
23.12	-0.001418075674
23.13	-0.001523771004
23.14	-0.001627102086
23.15	-0.001727984545
23.16	-0.001826337121
23.17	-0.001922081732
23.18	-0.002015143521
23.19	-0.002105450908
23.2	-0.002192935633
23.21	-0.002277532803
23.22	-0.002359180923
23.23	-0.002437821935
23.24	-0.002513401247
23.25	-0.002585867762
23.26	-0.002655173896
23.27	-0.002721275604
23.28	-0.002784132392
23.29	-0.002843707329
23.3	-0.002899967058
23.31	-0.002952881797
23.32	-0.003002425346
23.33	-0.003048575077
23.34	-0.003091311935
23.35	-0.003130620425
23.36	-0.003166488602
23.37	-0.003198908048
23.38	-0.003227873863
23.39	-0.00325338463
23.4	-0.003275442398
23.41	-0.003294052647
23.42	-0.003309224259
23.43	-0.003320969479
23.44	-0.003329303875
23.45	-0.003334246302
23.46	-0.003335818849
23.47	-0.003334046797
23.48	-0.003328958566
23.49	-0.003320585662
23.5	-0.003308962622
23.51	-0.003294126953
23.52	-0.003276119072
23.53	-0.003254982243
23.54	-0.003230762511
23.55	-0.003203508634
23.56	-0.003173272011
23.57	-0.003140106611
23.58	-0.0031040689
23.59	-0.003065217761
23.6	-0.003023614419
23.61	-0.002979322361
23.62	-0.002932407253
23.63	-0.002882936857
23.64	-0.002830980951
23.65	-0.002776611235
23.66	-0.002719901252
23.67	-0.002660926295
23.68	-0.002599763321
23.69	-0.002536490858
23.7	-0.002471188917
23.71	-0.002403938896
23.72	-0.002334823492
23.73	-0.002263926607
23.74	-0.002191333253
23.75	-0.00211712946
23.76	-0.002041402179
23.77	-0.001964239193
23.78	-0.001885729016
23.79	-0.001805960807
23.8	-0.001725024267
23.81	-0.001643009551
23.82	-0.001560007173
23.83	-0.001476107911
23.84	-0.001391402718
23.85	-0.001305982624
23.86	-0.001219938651
23.87	-0.001133361716
23.88	-0.001046342546
23.89	-0.0009589715852
23.9	-0.0008713389107
23.91	-0.0007835341415
23.92	-0.0006956463548
23.93	-0.0006077640012
23.94	-0.000519974821
23.95	-0.0004323657621
23.96	-0.0003450229001
23.97	-0.0002580313583
23.98	-0.0001714752313
23.99	-8.543750843e-05
24	-7.962602914e-18
24.01	8.475673508e-05
24.02	0.0001687534598
24.03	0.0002519123278
24.04	0.0003341569497
24.05	0.0004154124581
24.06	0.0004956055703
24.07	0.0005746646485
24.08	0.0006525197587
24.09	0.0007291027265
24.1	0.0008043471917
24.11	0.0008781886596
24.12	0.0009505645511
24.13	0.001021414249
24.14	0.001090679145
24.15	0.001158302679
24.16	0.001224230383
24.17	0.001288409915
24.18	0.001350791098
24.19	0.001411325949
24.2	0.001469968715
24.21	0.001526675893
24.22	0.001581406265
24.23	0.001634120912
24.24	0.00168478324
24.25	0.001733358997
24.26	0.001779816288
24.27	0.001824125588
24.28	0.001866259753
24.29	0.001906194028
24.3	0.001943906052
24.31	0.001979375862
24.32	0.002012585896
24.33	0.002043520986
24.34	0.002072168358
24.35	0.002098517628
24.36	0.002122560785
24.37	0.00214429219
24.38	0.002163708556
24.39	0.002180808935
24.4	0.002195594699
24.41	0.002208069522
24.42	0.002218239358
24.43	0.002226112414
24.44	0.002231699127
24.45	0.002235012134
24.46	0.002236066244
24.47	0.002234878402
24.48	0.002231467659
24.49	0.002225855134
24.5	0.002218063977
24.51	0.002208119331
24.52	0.002196048287
24.53	0.002181879847
24.54	0.002165644875
24.55	0.002147376055
24.56	0.002127107841
24.57	0.002104876408
24.58	0.002080719608
24.59	0.00205467691
24.6	0.002026789356
24.61	0.001997099502
24.62	0.001965651365
24.63	0.001932490367
24.64	0.001897663281
24.65	0.001861218171
24.66	0.001823204332
24.67	0.001783672237
24.68	0.001742673469
24.69	0.001700260669
24.7	0.001656487468
24.71	0.001611408431
24.72	0.001565078991
24.73	0.001517555388
24.74	0.001468894607
24.75	0.001419154317
24.76	0.001368392803
24.77	0.001316668906
24.78	0.001264041961
24.79	0.001210571731
24.8	0.001156318346
24.81	0.001101342238
24.82	0.00104570408
24.83	0.0009894647232
24.84	0.000932685134
24.85	0.0008754263328
24.86	0.0008177493325
24.87	0.0007597150775
24.88	0.0007013843833
24.89	0.0006428178772
24.9	0.0005840759387
24.91	0.0005252186418
24.92	0.0004663056966
24.93	0.0004073963933
24.94	0.0003485495459
24.95	0.0002898234376
24.96	0.0002312757662
24.97	0.000172963592
24.98	0.0001149432849
24.99	5.727047458e-05
25	-8.918301928e-19
25.01	-5.681413856e-05
25.02	-0.000113118827
25.03	-0.0001688618832
25.04	-0.0002239921019
25.05	-0.000278459298
25.06	-0.0003322143487
25.07	-0.0003852092337
25.08	-0.0004373970747
25.09	-0.0004887321732
25.1	-0.0005391700466
25.11	-0.0005886674628
25.12	-0.0006371824736
25.13	-0.0006846744466
25.14	-0.0007311040948
25.15	-0.0007764335054
25.16	-0.0008206261668
25.17	-0.0008636469937
25.18	-0.0009054623509
25.19	-0.0009460400754
25.2	-0.0009853494966
25.21	-0.001023361455
25.22	-0.00106004832
25.23	-0.001095384005
25.24	-0.001129343979
25.25	-0.001161905283
25.26	-0.001193046536
25.27	-0.001222747948
25.28	-0.001250991324
25.29	-0.001277760069
25.3	-0.001303039194
25.31	-0.001326815319
25.32	-0.00134907667
25.33	-0.001369813081
25.34	-0.001389015989
25.35	-0.001406678433
25.36	-0.001422795043
25.37	-0.00143736204
25.38	-0.001450377219
25.39	-0.001461839945
25.4	-0.00147175114
25.41	-0.001480113264
25.42	-0.001486930308
25.43	-0.001492207776
25.44	-0.001495952662
25.45	-0.001498173437
25.46	-0.001498880028
25.47	-0.001498083793
25.48	-0.001495797504
25.49	-0.001492035316
25.5	-0.001486812747
25.51	-0.001480146651
25.52	-0.001472055189
25.53	-0.0014625578
25.54	-0.001451675173
25.55	-0.001439429216
25.56	-0.001425843026
25.57	-0.001410940851
25.58	-0.001394748063
25.59	-0.001377291121
25.6	-0.001358597535
25.61	-0.00133869583
25.62	-0.001317615513
25.63	-0.001295387032
25.64	-0.001272041738
25.65	-0.00124761185
25.66	-0.001222130412
25.67	-0.001195631256
25.68	-0.00116814896
25.69	-0.00113971881
25.7	-0.001110376756
25.71	-0.001080159374
25.72	-0.001049103821
25.73	-0.001017247797
25.74	-0.0009846295008
25.75	-0.0009512875871
25.76	-0.0009172611265
25.77	-0.0008825895617
25.78	-0.0008473126656
25.79	-0.0008114704986
25.8	-0.0007751033669
25.81	-0.0007382517796
25.82	-0.000700956407
25.83	-0.0006632580388
25.84	-0.000625197542
25.85	-0.0005868158197
25.86	-0.0005481537702
25.87	-0.0005092522457
25.88	-0.0004701520121
25.89	-0.000430893709
25.9	-0.0003915178101
25.91	-0.0003520645841
25.92	-0.000312574056
25.93	-0.0002730859691
25.94	-0.0002336397477
25.95	-0.00019427446
25.96	-0.0001550287823
25.97	-0.0001159409629
25.98	-7.704878805e-05
25.99	-3.838954716e-05
26	4.773451431e-18
26.01	3.808365598e-05
26.02	7.58258173e-05
26.03	0.0001131915053
26.04	0.000150146396
26.05	0.0001866568495
26.06	0.0002226899375
26.07	0.0002582134712
26.08	0.0002931960272
26.09	0.0003276069729
26.1	0.0003614164904
26.11	0.0003945956007
26.12	0.0004271161851
26.13	0.0004589510066
26.14	0.0004900737305
26.15	0.0005204589431
26.16	0.0005500821699
26.17	0.0005789198926
26.18	0.0006069495648
26.19	0.0006341496269
26.2	0.0006604995199
26.21	0.0006859796978
26.22	0.0007105716389
26.23	0.0007342578565
26.24	0.0007570219079
26.25	0.0007788484026
26.26	0.0007997230091
26.27	0.000819632461
26.28	0.0008385645617
26.29	0.000856508188
26.3	0.0008734532926
26.31	0.0008893909058
26.32	0.0009043131358
26.33	0.0009182131676
26.34	0.000931085262
26.35	0.0009429247518
26.36	0.0009537280389
26.37	0.0009634925886
26.38	0.0009722169242
26.39	0.0009799006196
26.4	0.0009865442916
26.41	0.0009921495911
26.42	0.0009967191928
26.43	0.001000256785
26.44	0.001002767057
26.45	0.001004255687
26.46	0.001004729329
26.47	0.001004195597
26.48	0.001002663052
26.49	0.001000141182
26.5	0.0009966403893
26.51	0.0009921719715
26.52	0.000986748102
26.53	0.0009803818115
26.54	0.0009730869685
26.55	0.0009648782585
26.56	0.0009557711626
26.57	0.0009457819361
26.58	0.000934927586
26.59	0.0009232258477
26.6	0.000910695162
26.61	0.0008973546505
26.62	0.0008832240914
26.63	0.0008683238948
26.64	0.0008526750764
26.65	0.0008362992327
26.66	0.000819218514
26.67	0.0008014555984
26.68	0.0007830336647
26.69	0.0007639763651
26.7	0.0007443077982
26.71	0.0007240524811
26.72	0.0007032353216
26.73	0.0006818815903
26.74	0.0006600168923
26.75	0.0006376671392
26.76	0.0006148585206
26.77	0.0005916174756
26.78	0.000567970665
26.79	0.000543944942
26.8	0.0005195673246
26.81	0.0004948649669
26.82	0.000469865131
26.83	0.0004445951591
26.84	0.0004190824451
26.85	0.0003933544073
26.86	0.0003674384605
26.87	0.0003413619888
26.88	0.0003151523184
26.89	0.0002888366909
26.9	0.0002624422365
26.91	0.0002359959482
26.92	0.0002095246556
26.93	0.0001830549994
26.94	0.0001566134064
26.95	0.000130226065
26.96	0.0001039189005
26.97	7.771755161e-05
26.98	5.164734715e-05
26.99	2.573328302e-05
27	5.597019941e-18
27.01	-2.552823803e-05
27.02	-5.082756534e-05
27.03	-7.587453504e-05
27.04	-0.0001006461391
27.05	-0.0001251198279
27.06	-0.0001492735292
27.07	-0.0001730856659
27.08	-0.0001965351745
27.09	-0.0002196015211
27.1	-0.0002422647185
27.11	-0.0002645053413
27.12	-0.0002863045408
27.13	-0.0003076440599
27.14	-0.0003285062456
27.15	-0.0003488740627
27.16	-0.0003687311055
27.17	-0.0003880616091
27.18	-0.0004068504602
27.19	-0.0004250832071
27.2	-0.0004427460686
27.21	-0.0004598259426
27.22	-0.0004763104137
27.23	-0.0004921877602
27.24	-0.0005074469602
27.25	-0.0005220776971
27.26	-0.0005360703643
27.27	-0.000549416069
27.28	-0.0005621066356
27.29	-0.000574134608
27.3	-0.0005854932513
27.31	-0.0005961765529
27.32	-0.0006061792228
27.33	-0.0006154966928
27.34	-0.0006241251157
27.35	-0.000632061363
27.36	-0.0006393030229
27.37	-0.0006458483964
27.38	-0.0006516964934
27.39	-0.0006568470284
27.4	-0.0006613004149
27.41	-0.0006650577596
27.42	-0.0006681208552
27.43	-0.0006704921741
27.44	-0.0006721748598
27.45	-0.0006731727185
27.46	-0.0006734902102
27.47	-0.0006731324391
27.48	-0.000672105143
27.49	-0.0006704146829
27.5	-0.0006680680316
27.51	-0.0006650727616
27.52	-0.0006614370331
27.53	-0.000657169581
27.54	-0.0006522797015
27.55	-0.0006467772386
27.56	-0.0006406725697
27.57	-0.000633976591
27.58	-0.0006267007025
27.59	-0.0006188567928
27.6	-0.0006104572229
27.61	-0.0006015148106
27.62	-0.0005920428136
27.63	-0.0005820549131
27.64	-0.0005715651965
27.65	-0.0005605881401
27.66	-0.000549138592
27.67	-0.0005372317536
27.68	-0.0005248831622
27.69	-0.0005121086722
27.7	-0.0004989244376
27.71	-0.0004853468925
27.72	-0.0004713927332
27.73	-0.000457078899
27.74	-0.0004424225536
27.75	-0.0004274410661
27.76	-0.0004121519918
27.77	-0.0003965730535
27.78	-0.0003807221223
27.79	-0.0003646171986
27.8	-0.0003482763929
27.81	-0.0003317179074
27.82	-0.0003149600163
27.83	-0.0002980210475
27.84	-0.0002809193639
27.85	-0.0002636733444
27.86	-0.0002463013658
27.87	-0.000228821784
27.88	-0.0002112529166
27.89	-0.0001936130239
27.9	-0.0001759202921
27.91	-0.0001581928149
27.92	-0.0001404485768
27.93	-0.0001227054356
27.94	-0.0001049811058
27.95	-8.729314188e-05
27.96	-6.965892215e-05
27.97	-5.209563278e-05
27.98	-3.462025212e-05
27.99	-1.724953546e-05
28	-1.87555877e-18
28.01	1.711208969e-05
28.02	3.407073594e-05
28.03	5.086022182e-05
28.04	6.74651246e-05
28.05	8.387032882e-05
28.06	0.0001000610389
28.07	0.0001160227916
28.08	0.0001317414672
28.09	0.0001472033018
28.1	0.0001623948973
28.11	0.0001773032325
28.12	0.000191915673
28.13	0.0002062199804
28.14	0.0002202043217
28.15	0.0002338572778
28.16	0.0002471678516
28.17	0.0002601254756
28.18	0.0002727200192
28.19	0.0002849417949
28.2	0.0002967815651
28.21	0.000308230547
28.22	0.0003192804184
28.23	0.0003299233221
28.24	0.0003401518697
28.25	0.0003499591459
28.26	0.0003593387113
28.27	0.0003682846047
28.28	0.0003767913459
28.29	0.0003848539369
28.3	0.0003924678632
28.31	0.0003996290944
28.32	0.0004063340845
28.33	0.0004125797715
28.34	0.0004183635763
28.35	0.000423683402
28.36	0.0004285376318
28.37	0.0004329251268
28.38	0.0004368452234
28.39	0.0004402977303
28.4	0.0004432829246
28.41	0.000445801548
28.42	0.0004478548024
28.43	0.000449444345
28.44	0.000450572283
28.45	0.0004512411676
28.46	0.0004514539887
28.47	0.0004512141675
28.48	0.0004505255504
28.49	0.0004493924011
28.5	0.0004478193937
28.51	0.0004458116042
28.52	0.0004433745025
28.53	0.0004405139438
28.54	0.0004372361596
28.55	0.0004335477484
28.56	0.0004294556664
28.57	0.0004249672176
28.58	0.0004200900437
28.59	0.0004148321138
28.6	0.0004092017138
28.61	0.0004032074355
28.62	0.0003968581661
28.63	0.0003901630762
28.64	0.0003831316088
28.65	0.0003757734679
28.66	0.0003680986063
28.67	0.0003601172138
28.68	0.0003518397054
28.69	0.0003432767087
28.7	0.000334439052
28.71	0.0003253377513
28.72	0.0003159839986
28.73	0.0003063891486
28.74	0.0002965647065
28.75	0.0002865223151
28.76	0.0002762737421
28.77	0.0002658308675
28.78	0.0002552056706
28.79	0.0002444102173
28.8	0.0002334566477
28.81	0.0002223571629
28.82	0.0002111240126
28.83	0.0001997694823
28.84	0.0001883058809
28.85	0.0001767455284
28.86	0.0001651007428
28.87	0.0001533838288
28.88	0.0001416070648
28.89	0.0001297826911
28.9	0.0001179228983
28.91	0.000106039815
28.92	9.414549646e-05
28.93	8.225191325e-05
28.94	7.037093967e-05
28.95	5.851434288e-05
28.96	4.66937719e-05
28.97	3.492074696e-05
28.98	2.3206649e-05
28.99	1.15627094e-05
29	-4.538904658e-22
29.01	-1.147057675e-05
29.02	-2.283829728e-05
29.03	-3.409262623e-05
29.04	-4.522322543e-05
29.05	-5.621996268e-05
29.06	-6.707292023e-05
29.07	-7.777240298e-05
29.08	-8.830894636e-05
29.09	-9.867332401e-05
29.1	-0.000108856555
29.11	-0.000118849911
29.12	-0.0001286449228
29.13	-0.0001382333867
29.14	-0.000147607371
29.15	-0.0001567592212
29.16	-0.0001656815657
29.17	-0.0001743673208
29.18	-0.0001828096958
29.19	-0.0001910021971
29.2	-0.0001989386324
29.21	-0.0002066131145
29.22	-0.0002140200648
29.23	-0.0002211542164
29.24	-0.000228010617
29.25	-0.0002345846308
29.26	-0.0002408719415
29.27	-0.0002468685532
29.28	-0.0002525707923
29.29	-0.0002579753087
29.3	-0.0002630790761
29.31	-0.000267879393
29.32	-0.0002723738823
29.33	-0.0002765604914
29.34	-0.0002804374917
29.35	-0.0002840034775
29.36	-0.0002872573651
29.37	-0.0002901983909
29.38	-0.0002928261103
29.39	-0.0002951403949
29.4	-0.0002971414304
29.41	-0.0002988297142
29.42	-0.0003002060518
29.43	-0.0003012715541
29.44	-0.0003020276335
29.45	-0.0003024760003
29.46	-0.0003026186585
29.47	-0.0003024579016
29.48	-0.0003019963077
29.49	-0.000301236735
29.5	-0.0003001823166
29.51	-0.000298836455
29.52	-0.0002972028169
29.53	-0.0002952853271
29.54	-0.0002930881626
29.55	-0.0002906157466
29.56	-0.0002878727421
29.57	-0.0002848640449
29.58	-0.0002815947775
29.59	-0.0002780702816
29.6	-0.0002742961116
29.61	-0.0002702780268
29.62	-0.0002660219842
29.63	-0.0002615341312
29.64	-0.0002568207977
29.65	-0.0002518884883
29.66	-0.0002467438747
29.67	-0.0002413937874
29.68	-0.0002358452075
29.69	-0.0002301052592
29.7	-0.0002241812007
29.71	-0.0002180804164
29.72	-0.0002118104085
29.73	-0.0002053787882
29.74	-0.0001987932677
29.75	-0.0001920616515
29.76	-0.0001851918275
29.77	-0.0001781917593
29.78	-0.0001710694768
29.79	-0.0001638330681
29.8	-0.0001564906709
29.81	-0.0001490504637
29.82	-0.0001415206578
29.83	-0.0001339094886
29.84	-0.0001262252068
29.85	-0.0001184760707
29.86	-0.0001106703375
29.87	-0.0001028162552
29.88	-9.492205417e-05
29.89	-8.699593947e-05
29.9	-7.90460826e-05
29.91	-7.108061365e-05
29.92	-6.310761352e-05
29.93	-5.513510627e-05
29.94	-4.717105152e-05
29.95	-3.922333701e-05
29.96	-3.129977133e-05
29.97	-2.340807671e-05
29.98	-1.555588202e-05
29.99	-7.750715899e-06
30	-2.649228981e-18
