temps	angle
0	0
0.01	0.3915066493
0.02	0.7805714697
0.03	1.167109869
0.04	1.551038405
0.05	1.932274799
0.06	2.310737954
0.07	2.686347962
0.08	3.059026122
0.09	3.428694951
0.1	3.795278197
0.11	4.158700851
0.12	4.518889157
0.13	4.875770628
0.14	5.22927405
0.15	5.5793295
0.16	5.925868349
0.17	6.268823278
0.18	6.608128282
0.19	6.943718684
0.2	7.275531139
0.21	7.603503646
0.22	7.927575551
0.23	8.247687561
0.24	8.563781744
0.25	8.875801543
0.26	9.183691773
0.27	9.487398636
0.28	9.786869722
0.29	10.08205401
0.3	10.37290189
0.31	10.65936513
0.32	10.94139694
0.33	11.2189519
0.34	11.49198604
0.35	11.76045677
0.36	12.02432295
0.37	12.28354485
0.38	12.53808414
0.39	12.78790396
0.4	13.03296882
0.41	13.27324469
0.42	13.50869895
0.43	13.73930043
0.44	13.96501934
0.45	14.18582734
0.46	14.40169752
0.47	14.61260437
0.48	14.8185238
0.49	15.01943315
0.5	15.21531117
0.51	15.406138
0.52	15.59189522
0.53	15.77256577
0.54	15.94813404
0.55	16.11858577
0.56	16.28390811
0.57	16.4440896
0.58	16.59912014
0.59	16.74899102
0.6	16.8936949
0.61	17.03322578
0.62	17.16757904
0.63	17.2967514
0.64	17.4207409
0.65	17.53954695
0.66	17.65317026
0.67	17.76161285
0.68	17.86487808
0.69	17.96297058
0.7	18.05589629
0.71	18.14366242
0.72	18.22627746
0.73	18.30375115
0.74	18.37609451
0.75	18.44331977
0.76	18.50544042
0.77	18.56247114
0.78	18.61442785
0.79	18.66132765
0.8	18.70318883
0.81	18.74003086
0.82	18.77187438
0.83	18.79874117
0.84	18.82065413
0.85	18.83763734
0.86	18.84971593
0.87	18.85691618
0.88	18.85926542
0.89	18.85679209
0.9	18.84952565
0.91	18.83749664
0.92	18.8207366
0.93	18.79927813
0.94	18.77315478
0.95	18.74240113
0.96	18.70705273
0.97	18.66714605
0.98	18.62271856
0.99	18.57380862
1	18.52045552
1.01	18.46269943
1.02	18.40058143
1.03	18.33414344
1.04	18.26342825
1.05	18.18847947
1.06	18.10934154
1.07	18.02605969
1.08	17.93867995
1.09	17.84724912
1.1	17.75181473
1.11	17.65242507
1.12	17.54912915
1.13	17.44197666
1.14	17.33101799
1.15	17.21630422
1.16	17.09788704
1.17	16.97581881
1.18	16.85015248
1.19	16.72094163
1.2	16.5882404
1.21	16.45210351
1.22	16.31258622
1.23	16.16974432
1.24	16.02363413
1.25	15.87431244
1.26	15.72183654
1.27	15.56626418
1.28	15.40765354
1.29	15.24606324
1.3	15.08155231
1.31	14.91418016
1.32	14.74400658
1.33	14.57109173
1.34	14.39549608
1.35	14.21728044
1.36	14.03650593
1.37	13.85323395
1.38	13.66752616
1.39	13.47944449
1.4	13.28905108
1.41	13.09640833
1.42	12.90157878
1.43	12.70462522
1.44	12.50561055
1.45	12.30459785
1.46	12.10165033
1.47	11.8968313
1.48	11.69020418
1.49	11.48183248
1.5	11.27177975
1.51	11.06010961
1.52	10.8468857
1.53	10.63217168
1.54	10.41603122
1.55	10.19852795
1.56	9.979725491
1.57	9.759687392
1.58	9.538477151
1.59	9.316158182
1.6	9.092793802
1.61	8.868447215
1.62	8.643181498
1.63	8.417059585
1.64	8.190144253
1.65	7.962498104
1.66	7.734183552
1.67	7.505262809
1.68	7.275797869
1.69	7.045850493
1.7	6.815482198
1.71	6.584754237
1.72	6.353727592
1.73	6.122462952
1.74	5.891020708
1.75	5.659460932
1.76	5.427843368
1.77	5.196227416
1.78	4.964672123
1.79	4.733236164
1.8	4.501977836
1.81	4.270955038
1.82	4.040225265
1.83	3.809845595
1.84	3.579872671
1.85	3.350362697
1.86	3.121371422
1.87	2.892954127
1.88	2.66516562
1.89	2.438060217
1.9	2.211691737
1.91	1.986113488
1.92	1.76137826
1.93	1.537538308
1.94	1.314645351
1.95	1.092750554
1.96	0.8719045213
1.97	0.6521572894
1.98	0.4335583134
1.99	0.2161564605
2	1.680251034e-15
2.01	-0.2148634047
2.02	-0.4283867054
2.03	-0.6405234766
2.04	-0.8512279245
2.05	-1.060454894
2.06	-1.268159877
2.07	-1.47429902
2.08	-1.678829131
2.09	-1.881707686
2.1	-2.082892837
2.11	-2.282343418
2.12	-2.480018952
2.13	-2.675879656
2.14	-2.869886447
2.15	-3.062000951
2.16	-3.252185504
2.17	-3.440403159
2.18	-3.626617694
2.19	-3.810793612
2.2	-3.992896148
2.21	-4.172891276
2.22	-4.350745709
2.23	-4.526426904
2.24	-4.69990307
2.25	-4.871143166
2.26	-5.040116907
2.27	-5.206794768
2.28	-5.371147984
2.29	-5.533148557
2.3	-5.692769256
2.31	-5.849983619
2.32	-6.004765955
2.33	-6.157091348
2.34	-6.306935658
2.35	-6.454275522
2.36	-6.599088352
2.37	-6.741352344
2.38	-6.881046473
2.39	-7.018150492
2.4	-7.152644939
2.41	-7.284511134
2.42	-7.413731175
2.43	-7.540287946
2.44	-7.66416511
2.45	-7.785347112
2.46	-7.903819177
2.47	-8.019567309
2.48	-8.132578291
2.49	-8.242839682
2.5	-8.350339816
2.51	-8.455067803
2.52	-8.557013524
2.53	-8.656167628
2.54	-8.752521535
2.55	-8.846067428
2.56	-8.936798253
2.57	-9.024707716
2.58	-9.109790281
2.59	-9.192041166
2.6	-9.271456337
2.61	-9.34803251
2.62	-9.421767143
2.63	-9.492658434
2.64	-9.560705318
2.65	-9.625907459
2.66	-9.688265251
2.67	-9.747779809
2.68	-9.804452968
2.69	-9.858287274
2.7	-9.909285984
2.71	-9.957453057
2.72	-10.00279315
2.73	-10.04531162
2.74	-10.08501449
2.75	-10.1219085
2.76	-10.15600103
2.77	-10.18730016
2.78	-10.2158146
2.79	-10.24155376
2.8	-10.26452766
2.81	-10.284747
2.82	-10.30222309
2.83	-10.3169679
2.84	-10.32899399
2.85	-10.33831457
2.86	-10.34494344
2.87	-10.34889502
2.88	-10.35018431
2.89	-10.34882692
2.9	-10.34483901
2.91	-10.33823735
2.92	-10.32903925
2.93	-10.31726259
2.94	-10.30292579
2.95	-10.28604783
2.96	-10.26664821
2.97	-10.24474697
2.98	-10.22036464
2.99	-10.1935223
3	-10.16424149
3.01	-10.13254428
3.02	-10.0984532
3.03	-10.06199126
3.04	-10.02318194
3.05	-9.982049175
3.06	-9.938617358
3.07	-9.892911312
3.08	-9.844956295
3.09	-9.794777989
3.1	-9.742402487
3.11	-9.687856286
3.12	-9.63116628
3.13	-9.572359746
3.14	-9.511464341
3.15	-9.448508085
3.16	-9.38351936
3.17	-9.316526893
3.18	-9.247559752
3.19	-9.176647334
3.2	-9.103819356
3.21	-9.029105846
3.22	-8.952537133
3.23	-8.874143838
3.24	-8.793956862
3.25	-8.712007382
3.26	-8.628326835
3.27	-8.542946911
3.28	-8.455899548
3.29	-8.367216912
3.3	-8.276931398
3.31	-8.185075615
3.32	-8.091682376
3.33	-7.996784691
3.34	-7.900415754
3.35	-7.80260894
3.36	-7.703397785
3.37	-7.602815988
3.38	-7.500897393
3.39	-7.397675982
3.4	-7.293185867
3.41	-7.18746128
3.42	-7.080536561
3.43	-6.972446153
3.44	-6.863224587
3.45	-6.75290648
3.46	-6.641526518
3.47	-6.529119451
3.48	-6.415720084
3.49	-6.301363267
3.5	-6.186083885
3.51	-6.069916848
3.52	-5.952897086
3.53	-5.835059536
3.54	-5.716439136
3.55	-5.597070812
3.56	-5.476989475
3.57	-5.356230005
3.58	-5.234827251
3.59	-5.112816014
3.6	-4.990231043
3.61	-4.867107025
3.62	-4.743478579
3.63	-4.619380242
3.64	-4.494846467
3.65	-4.369911612
3.66	-4.244609929
3.67	-4.118975561
3.68	-3.993042532
3.69	-3.866844737
3.7	-3.740415936
3.71	-3.613789746
3.72	-3.486999635
3.73	-3.36007891
3.74	-3.233060713
3.75	-3.105978013
3.76	-2.978863599
3.77	-2.85175007
3.78	-2.72466983
3.79	-2.597655083
3.8	-2.470737822
3.81	-2.343949822
3.82	-2.217322638
3.83	-2.090887594
3.84	-1.964675778
3.85	-1.838718033
3.86	-1.713044957
3.87	-1.587686888
3.88	-1.462673904
3.89	-1.338035817
3.9	-1.213802161
3.91	-1.090002193
3.92	-0.9666648844
3.93	-0.8438189145
3.94	-0.7214926659
3.95	-0.5997142191
3.96	-0.4785113469
3.97	-0.357911509
3.98	-0.2379418473
3.99	-0.1186291807
4	-1.844282638e-15
4.01	0.1179195367
4.02	0.2351036087
4.03	0.3515267372
4.04	0.4671637899
4.05	0.5819899854
4.06	0.695980897
4.07	0.8091124574
4.08	0.9213609621
4.09	1.032703074
4.1	1.143115826
4.11	1.252576625
4.12	1.361063258
4.13	1.468553892
4.14	1.575027076
4.15	1.680461752
4.16	1.784837247
4.17	1.888133287
4.18	1.99032999
4.19	2.091407877
4.2	2.191347868
4.21	2.290131288
4.22	2.387739871
4.23	2.484155755
4.24	2.579361494
4.25	2.673340051
4.26	2.766074806
4.27	2.857549555
4.28	2.947748513
4.29	3.036656313
4.3	3.124258009
4.31	3.210539081
4.32	3.295485428
4.33	3.379083376
4.34	3.461319677
4.35	3.542181509
4.36	3.621656475
4.37	3.69973261
4.38	3.776398373
4.39	3.851642654
4.4	3.925454772
4.41	3.997824473
4.42	4.068741936
4.43	4.138197764
4.44	4.206182993
4.45	4.272689086
4.46	4.337707934
4.47	4.401231856
4.48	4.463253598
4.49	4.523766332
4.5	4.582763656
4.51	4.640239594
4.52	4.696188592
4.53	4.750605518
4.54	4.803485664
4.55	4.854824738
4.56	4.90461887
4.57	4.952864607
4.58	4.999558909
4.59	5.044699151
4.6	5.088283121
4.61	5.130309016
4.62	5.17077544
4.63	5.209681406
4.64	5.247026328
4.65	5.282810022
4.66	5.317032703
4.67	5.349694985
4.68	5.380797874
4.69	5.410342768
4.7	5.438331453
4.71	5.464766103
4.72	5.489649275
4.73	5.512983904
4.74	5.534773304
4.75	5.555021164
4.76	5.573731542
4.77	5.590908866
4.78	5.606557925
4.79	5.620683874
4.8	5.63329222
4.81	5.644388827
4.82	5.653979911
4.83	5.66207203
4.84	5.66867209
4.85	5.673787332
4.86	5.677425334
4.87	5.679594007
4.88	5.680301586
4.89	5.679556632
4.9	5.677368023
4.91	5.673744954
4.92	5.668696929
4.93	5.66223376
4.94	5.654365559
4.95	5.645102739
4.96	5.634456003
4.97	5.622436344
4.98	5.609055041
4.99	5.59432365
5	5.578254004
5.01	5.560858205
5.02	5.542148622
5.03	5.522137884
5.04	5.500838878
5.05	5.478264739
5.06	5.454428853
5.07	5.429344843
5.08	5.403026572
5.09	5.375488133
5.1	5.346743848
5.11	5.316808259
5.12	5.285696123
5.13	5.253422414
5.14	5.220002307
5.15	5.185451181
5.16	5.149784612
5.17	5.113018367
5.18	5.075168397
5.19	5.036250837
5.2	4.996281996
5.21	4.955278352
5.22	4.913256551
5.23	4.870233399
5.24	4.826225853
5.25	4.781251025
5.26	4.735326167
5.27	4.688468672
5.28	4.640696065
5.29	4.592026003
5.3	4.542476263
5.31	4.49206474
5.32	4.440809444
5.33	4.388728489
5.34	4.335840096
5.35	4.282162578
5.36	4.227714342
5.37	4.172513881
5.38	4.11657977
5.39	4.059930659
5.4	4.002585268
5.41	3.944562384
5.42	3.885880855
5.43	3.826559581
5.44	3.766617515
5.45	3.706073654
5.46	3.644947034
5.47	3.583256728
5.48	3.521021836
5.49	3.458261484
5.5	3.394994818
5.51	3.331240996
5.52	3.267019189
5.53	3.202348571
5.54	3.137248315
5.55	3.07173759
5.56	3.005835554
5.57	2.939561353
5.58	2.872934108
5.59	2.805972922
5.6	2.738696863
5.61	2.67112497
5.62	2.60327624
5.63	2.535169628
5.64	2.466824044
5.65	2.398258341
5.66	2.32949132
5.67	2.260541717
5.68	2.191428205
5.69	2.122169387
5.7	2.052783789
5.71	1.983289863
5.72	1.913705975
5.73	1.844050404
5.74	1.774341339
5.75	1.704596875
5.76	1.634835005
5.77	1.565073622
5.78	1.495330507
5.79	1.425623336
5.8	1.355969666
5.81	1.286386937
5.82	1.216892465
5.83	1.147503441
5.84	1.078236928
5.85	1.009109852
5.86	0.9401390055
5.87	0.8713410385
5.88	0.8027324585
5.89	0.7343296256
5.9	0.6661487496
5.91	0.5982058868
5.92	0.5305169368
5.93	0.463097639
5.94	0.3959635704
5.95	0.3291301418
5.96	0.2626125952
5.97	0.1964260008
5.98	0.1305852545
5.99	0.06510507476
6	1.518245658e-15
6.01	-0.06471561386
6.02	-0.1290275961
6.03	-0.1929219638
6.04	-0.2563849239
6.05	-0.3194028761
6.06	-0.3819624148
6.07	-0.4440503315
6.08	-0.505653617
6.09	-0.5667594635
6.1	-0.6273552665
6.11	-0.6874286271
6.12	-0.7469673537
6.13	-0.805959464
6.14	-0.8643931867
6.15	-0.9222569633
6.16	-0.9795394498
6.17	-1.036229518
6.18	-1.092316258
6.19	-1.147788979
6.2	-1.202637209
6.21	-1.256850699
6.22	-1.310419425
6.23	-1.363333584
6.24	-1.415583601
6.25	-1.467160127
6.26	-1.51805404
6.27	-1.568256447
6.28	-1.617758684
6.29	-1.666552319
6.3	-1.71462915
6.31	-1.761981206
6.32	-1.808600749
6.33	-1.854480276
6.34	-1.899612515
6.35	-1.943990429
6.36	-1.987607216
6.37	-2.030456307
6.38	-2.072531369
6.39	-2.113826306
6.4	-2.154335256
6.41	-2.19405259
6.42	-2.232972919
6.43	-2.271091085
6.44	-2.30840217
6.45	-2.344901488
6.46	-2.380584588
6.47	-2.415447256
6.48	-2.449485509
6.49	-2.482695602
6.5	-2.51507402
6.51	-2.546617484
6.52	-2.577322945
6.53	-2.607187587
6.54	-2.636208826
6.55	-2.664384307
6.56	-2.691711907
6.57	-2.718189728
6.58	-2.743816104
6.59	-2.768589595
6.6	-2.792508985
6.61	-2.815573285
6.62	-2.837781729
6.63	-2.859133776
6.64	-2.879629103
6.65	-2.899267611
6.66	-2.918049417
6.67	-2.935974858
6.68	-2.953044485
6.69	-2.969259066
6.7	-2.984619582
6.71	-2.999127226
6.72	-3.0127834
6.73	-3.025589716
6.74	-3.037547992
6.75	-3.048660253
6.76	-3.058928727
6.77	-3.068355842
6.78	-3.076944228
6.79	-3.084696713
6.8	-3.09161632
6.81	-3.097706267
6.82	-3.102969965
6.83	-3.107411015
6.84	-3.111033204
6.85	-3.113840508
6.86	-3.115837087
6.87	-3.117027279
6.88	-3.117415607
6.89	-3.117006767
6.9	-3.115805633
6.91	-3.113817251
6.92	-3.111046836
6.93	-3.107499774
6.94	-3.103181614
6.95	-3.09809807
6.96	-3.092255017
6.97	-3.085658489
6.98	-3.078314674
6.99	-3.070229915
7	-3.061410706
7.01	-3.051863689
7.02	-3.041595653
7.03	-3.030613527
7.04	-3.018924384
7.05	-3.006535435
7.06	-2.993454023
7.07	-2.979687626
7.08	-2.965243853
7.09	-2.950130437
7.1	-2.934355239
7.11	-2.917926239
7.12	-2.900851537
7.13	-2.88313935
7.14	-2.864798006
7.15	-2.845835947
7.16	-2.826261719
7.17	-2.806083975
7.18	-2.785311472
7.19	-2.763953062
7.2	-2.742017696
7.21	-2.71951442
7.22	-2.696452366
7.23	-2.67284076
7.24	-2.648688907
7.25	-2.624006198
7.26	-2.598802101
7.27	-2.573086162
7.28	-2.546868
7.29	-2.520157304
7.3	-2.49296383
7.31	-2.465297399
7.32	-2.437167896
7.33	-2.408585263
7.34	-2.379559497
7.35	-2.35010065
7.36	-2.320218825
7.37	-2.28992417
7.38	-2.259226879
7.39	-2.228137187
7.4	-2.19666537
7.41	-2.164821736
7.42	-2.132616629
7.43	-2.100060424
7.44	-2.067163521
7.45	-2.033936345
7.46	-2.000389345
7.47	-1.966532988
7.48	-1.932377755
7.49	-1.897934143
7.5	-1.86321266
7.51	-1.828223821
7.52	-1.792978146
7.53	-1.757486158
7.54	-1.72175838
7.55	-1.685805332
7.56	-1.649637528
7.57	-1.613265475
7.58	-1.576699668
7.59	-1.53995059
7.6	-1.503028706
7.61	-1.465944465
7.62	-1.428708292
7.63	-1.391330592
7.64	-1.353821739
7.65	-1.316192084
7.66	-1.278451942
7.67	-1.240611598
7.68	-1.202681299
7.69	-1.164671253
7.7	-1.12659163
7.71	-1.088452555
7.72	-1.050264107
7.73	-1.012036319
7.74	-0.9737791735
7.75	-0.9355026
7.76	-0.8972164741
7.77	-0.8589306148
7.78	-0.8206547823
7.79	-0.7823986757
7.8	-0.744171931
7.81	-0.7059841194
7.82	-0.6678447446
7.83	-0.6297632411
7.84	-0.5917489725
7.85	-0.553811229
7.86	-0.5159592258
7.87	-0.4782021009
7.88	-0.4405489139
7.89	-0.4030086433
7.9	-0.3655901852
7.91	-0.3283023515
7.92	-0.291153868
7.93	-0.2541533729
7.94	-0.2173094149
7.95	-0.1806304516
7.96	-0.144124848
7.97	-0.1078008749
7.98	-0.07166670719
7.99	-0.0357304226
8	-1.110974511e-15
8.01	0.03551668192
8.02	0.07081184613
8.03	0.1058778186
8.04	0.1407070295
8.05	0.175292015
8.06	0.2096254178
8.07	0.2436999889
8.08	0.2775085889
8.09	0.3110441884
8.1	0.3442998702
8.11	0.3772688295
8.12	0.4099443755
8.13	0.4423199321
8.14	0.474389039
8.15	0.5061453529
8.16	0.5375826481
8.17	0.5686948173
8.18	0.5994758728
8.19	0.6299199473
8.2	0.6600212941
8.21	0.6897742886
8.22	0.7191734286
8.23	0.7482133349
8.24	0.7768887523
8.25	0.8051945497
8.26	0.8331257213
8.27	0.8606773863
8.28	0.8878447903
8.29	0.9146233049
8.3	0.941008429
8.31	0.9669957883
8.32	0.9925811364
8.33	1.017760355
8.34	1.042529452
8.35	1.066884568
8.36	1.090821968
8.37	1.114338048
8.38	1.137429332
8.39	1.160092474
8.4	1.182324256
8.41	1.204121592
8.42	1.225481521
8.43	1.246401214
8.44	1.266877972
8.45	1.286909222
8.46	1.306492523
8.47	1.32562556
8.48	1.34430615
8.49	1.362532235
8.5	1.380301888
8.51	1.397613308
8.52	1.414464822
8.53	1.430854885
8.54	1.446782079
8.55	1.462245111
8.56	1.477242815
8.57	1.491774152
8.58	1.505838205
8.59	1.519434185
8.6	1.532561425
8.61	1.545219381
8.62	1.557407634
8.63	1.569125885
8.64	1.58037396
8.65	1.591151801
8.66	1.601459475
8.67	1.611297165
8.68	1.620665175
8.69	1.629563926
8.7	1.637993956
8.71	1.64595592
8.72	1.653450587
8.73	1.660478842
8.74	1.667041683
8.75	1.673140222
8.76	1.678775679
8.77	1.68394939
8.78	1.688662796
8.79	1.69291745
8.8	1.696715011
8.81	1.700057245
8.82	1.702946023
8.83	1.705383323
8.84	1.707371223
8.85	1.708911904
8.86	1.710007649
8.87	1.710660841
8.88	1.71087396
8.89	1.710649584
8.9	1.709990387
8.91	1.70889914
8.92	1.707378704
8.93	1.705432035
8.94	1.703062178
8.95	1.700272271
8.96	1.697065535
8.97	1.693445284
8.98	1.689414913
8.99	1.684977903
9	1.680137818
9.01	1.674898305
9.02	1.669263086
9.03	1.663235968
9.04	1.656820831
9.05	1.650021631
9.06	1.6428424
9.07	1.635287241
9.08	1.62736033
9.09	1.619065912
9.1	1.6104083
9.11	1.601391873
9.12	1.592021078
9.13	1.582300424
9.14	1.572234481
9.15	1.561827882
9.16	1.551085318
9.17	1.540011538
9.18	1.528611346
9.19	1.516889602
9.2	1.504851218
9.21	1.492501158
9.22	1.479844435
9.23	1.46688611
9.24	1.453631292
9.25	1.440085134
9.26	1.426252833
9.27	1.412139627
9.28	1.397750794
9.29	1.383091653
9.3	1.368167558
9.31	1.352983899
9.32	1.337546101
9.33	1.321859619
9.34	1.305929941
9.35	1.289762583
9.36	1.273363089
9.37	1.25673703
9.38	1.23989
9.39	1.222827615
9.4	1.205555515
9.41	1.188079359
9.42	1.170404822
9.43	1.152537597
9.44	1.134483394
9.45	1.116247933
9.46	1.097836949
9.47	1.079256186
9.48	1.060511397
9.49	1.041608342
9.5	1.022552789
9.51	1.003350507
9.52	0.98400727
9.53	0.964528854
9.54	0.9449210337
9.55	0.9251895825
9.56	0.9053402709
9.57	0.885378865
9.58	0.8653111247
9.59	0.8451428028
9.6	0.8248796434
9.61	0.8045273802
9.62	0.7840917354
9.63	0.7635784183
9.64	0.7429931238
9.65	0.7223415311
9.66	0.7016293022
9.67	0.6808620809
9.68	0.6600454912
9.69	0.6391851359
9.7	0.6182865957
9.71	0.5973554273
9.72	0.5763971629
9.73	0.5554173081
9.74	0.5344213414
9.75	0.5134147124
9.76	0.4924028411
9.77	0.471391116
9.78	0.4503848938
9.79	0.4293894973
9.8	0.408410215
9.81	0.3874522996
9.82	0.3665209669
9.83	0.3456213947
9.84	0.3247587218
9.85	0.3039380467
9.86	0.2831644268
9.87	0.2624428774
9.88	0.2417783702
9.89	0.2211758329
9.9	0.2006401477
9.91	0.1801761507
9.92	0.1597886307
9.93	0.1394823284
9.94	0.1192619355
9.95	0.09913209367
9.96	0.07909739364
9.97	0.05916237452
9.98	0.03933152283
9.99	0.01960927168
10	7.621446739e-16
10.01	-0.01949196832
10.02	-0.03886236513
10.03	-0.05810697883
10.04	-0.07722165509
10.05	-0.09620229754
10.06	-0.1150448685
10.07	-0.1337453896
10.08	-0.1522999427
10.09	-0.17070467
10.1	-0.1889557751
10.11	-0.2070495236
10.12	-0.2249822434
10.13	-0.2427503256
10.14	-0.2603502247
10.15	-0.2777784593
10.16	-0.2950316126
10.17	-0.3121063331
10.18	-0.3289993346
10.19	-0.3457073969
10.2	-0.3622273663
10.21	-0.3785561558
10.22	-0.394690746
10.23	-0.4106281845
10.24	-0.4263655872
10.25	-0.4419001382
10.26	-0.4572290902
10.27	-0.4723497645
10.28	-0.4872595519
10.29	-0.5019559124
10.3	-0.5164363755
10.31	-0.5306985407
10.32	-0.5447400774
10.33	-0.5585587253
10.34	-0.5721522945
10.35	-0.5855186653
10.36	-0.5986557889
10.37	-0.6115616871
10.38	-0.6242344525
10.39	-0.6366722485
10.4	-0.6488733095
10.41	-0.6608359407
10.42	-0.6725585184
10.43	-0.6840394897
10.44	-0.6952773725
10.45	-0.7062707557
10.46	-0.7170182989
10.47	-0.7275187326
10.48	-0.7377708575
10.49	-0.7477735452
10.5	-0.7575257374
10.51	-0.767026446
10.52	-0.7762747532
10.53	-0.7852698106
10.54	-0.7940108398
10.55	-0.8024971317
10.56	-0.8107280464
10.57	-0.818703013
10.58	-0.8264215292
10.59	-0.8338831611
10.6	-0.8410875429
10.61	-0.8480343766
10.62	-0.8547234316
10.63	-0.8611545444
10.64	-0.8673276184
10.65	-0.8732426232
10.66	-0.8788995945
10.67	-0.8842986334
10.68	-0.8894399063
10.69	-0.8943236444
10.7	-0.898950143
10.71	-0.9033197613
10.72	-0.9074329218
10.73	-0.91129011
10.74	-0.9148918737
10.75	-0.9182388224
10.76	-0.9213316272
10.77	-0.9241710196
10.78	-0.9267577918
10.79	-0.9290927953
10.8	-0.9311769409
10.81	-0.9330111979
10.82	-0.9345965933
10.83	-0.9359342116
10.84	-0.9370251941
10.85	-0.9378707379
10.86	-0.9384720957
10.87	-0.9388305749
10.88	-0.938947537
10.89	-0.9388243968
10.9	-0.9384626222
10.91	-0.9378637329
10.92	-0.9370293
10.93	-0.9359609453
10.94	-0.9346603405
10.95	-0.9331292066
10.96	-0.931369313
10.97	-0.9293824768
10.98	-0.9271705622
10.99	-0.9247354797
11	-0.922079185
11.01	-0.9192036788
11.02	-0.9161110056
11.03	-0.9128032529
11.04	-0.9092825508
11.05	-0.9055510708
11.06	-0.9016110252
11.07	-0.8974646663
11.08	-0.8931142853
11.09	-0.8885622121
11.1	-0.8838108137
11.11	-0.878862494
11.12	-0.8737196927
11.13	-0.8683848843
11.14	-0.8628605778
11.15	-0.8571493152
11.16	-0.851253671
11.17	-0.8451762515
11.18	-0.8389196936
11.19	-0.8324866642
11.2	-0.8258798591
11.21	-0.8191020024
11.22	-0.8121558455
11.23	-0.8050441662
11.24	-0.7977697679
11.25	-0.7903354787
11.26	-0.7827441507
11.27	-0.7749986589
11.28	-0.7671019002
11.29	-0.759056793
11.3	-0.750866276
11.31	-0.7425333073
11.32	-0.7340608638
11.33	-0.72545194
11.34	-0.7167095474
11.35	-0.7078367133
11.36	-0.6988364805
11.37	-0.6897119057
11.38	-0.6804660593
11.39	-0.6711020242
11.4	-0.6616228948
11.41	-0.6520317767
11.42	-0.642331785
11.43	-0.6325260444
11.44	-0.6226176875
11.45	-0.6126098546
11.46	-0.6025056924
11.47	-0.5923083534
11.48	-0.5820209949
11.49	-0.5716467786
11.5	-0.5611888689
11.51	-0.5506504331
11.52	-0.5400346398
11.53	-0.5293446584
11.54	-0.5185836585
11.55	-0.5077548085
11.56	-0.4968612753
11.57	-0.4859062234
11.58	-0.4748928141
11.59	-0.4638242043
11.6	-0.4527035467
11.61	-0.4415339878
11.62	-0.4303186681
11.63	-0.419060721
11.64	-0.4077632719
11.65	-0.3964294375
11.66	-0.3850623253
11.67	-0.3736650326
11.68	-0.3622406459
11.69	-0.3507922402
11.7	-0.3393228781
11.71	-0.3278356094
11.72	-0.31633347
11.73	-0.3048194816
11.74	-0.2932966507
11.75	-0.2817679683
11.76	-0.2702364088
11.77	-0.2587049296
11.78	-0.2471764704
11.79	-0.2356539525
11.8	-0.2241402783
11.81	-0.2126383305
11.82	-0.2011509715
11.83	-0.1896810431
11.84	-0.1782313654
11.85	-0.1668047367
11.86	-0.1554039324
11.87	-0.1440317049
11.88	-0.1326907829
11.89	-0.1213838707
11.9	-0.1101136477
11.91	-0.09888276802
11.92	-0.08769385983
11.93	-0.07654952487
11.94	-0.06545233797
11.95	-0.05440484652
11.96	-0.04340957001
11.97	-0.03246899955
11.98	-0.02158559739
11.99	-0.01076179648
12	-5.019286385e-16
12.01	0.01069741902
12.02	0.02132811819
12.03	0.03188978612
12.04	0.04238014287
12.05	0.05279694031
12.06	0.06313796251
12.07	0.07340102611
12.08	0.08358398072
12.09	0.09368470921
12.1	0.1037011281
12.11	0.1136311878
12.12	0.1234728731
12.13	0.1332242034
12.14	0.1428832328
12.15	0.1524480507
12.16	0.161916782
12.17	0.1712875873
12.18	0.1805586631
12.19	0.1897282421
12.2	0.1987945935
12.21	0.2077560232
12.22	0.216610874
12.23	0.2253575257
12.24	0.2339943955
12.25	0.2425199378
12.26	0.250932645
12.27	0.2592310471
12.28	0.2674137119
12.29	0.2754792455
12.3	0.2834262922
12.31	0.2912535344
12.32	0.2989596931
12.33	0.3065435279
12.34	0.3140038368
12.35	0.3213394567
12.36	0.328549263
12.37	0.3356321701
12.38	0.3425871312
12.39	0.3494131384
12.4	0.3561092226
12.41	0.3626744538
12.42	0.3691079409
12.43	0.3754088315
12.44	0.3815763123
12.45	0.387609609
12.46	0.3935079858
12.47	0.3992707459
12.48	0.4048972314
12.49	0.4103868228
12.5	0.4157389393
12.51	0.4209530388
12.52	0.4260286173
12.53	0.4309652095
12.54	0.4357623881
12.55	0.4404197638
12.56	0.4449369856
12.57	0.4493137401
12.58	0.4535497516
12.59	0.457644782
12.6	0.4615986305
12.61	0.4654111337
12.62	0.4690821649
12.63	0.4726116345
12.64	0.4759994893
12.65	0.4792457128
12.66	0.4823503244
12.67	0.4853133798
12.68	0.4881349702
12.69	0.4908152225
12.7	0.4933542987
12.71	0.4957523961
12.72	0.4980097465
12.73	0.5001266162
12.74	0.5021033061
12.75	0.5039401505
12.76	0.5056375177
12.77	0.5071958093
12.78	0.50861546
12.79	0.5098969371
12.8	0.5110407404
12.81	0.512047402
12.82	0.5129174854
12.83	0.513651586
12.84	0.5142503298
12.85	0.5147143741
12.86	0.5150444063
12.87	0.5152411438
12.88	0.515305334
12.89	0.5152377532
12.9	0.5150392071
12.91	0.5147105297
12.92	0.5142525832
12.93	0.5136662577
12.94	0.5129524707
12.95	0.5121121666
12.96	0.5111463165
12.97	0.5100559177
12.98	0.5088419932
12.99	0.5075055916
13	0.5060477861
13.01	0.5044696749
13.02	0.5027723798
13.03	0.5009570466
13.04	0.4990248444
13.05	0.4969769647
13.06	0.4948146219
13.07	0.4925390518
13.08	0.4901515122
13.09	0.4876532814
13.1	0.4850456587
13.11	0.4823299633
13.12	0.479507534
13.13	0.4765797291
13.14	0.4735479254
13.15	0.470413518
13.16	0.4671779199
13.17	0.4638425614
13.18	0.4604088896
13.19	0.4568783682
13.2	0.4532524767
13.21	0.4495327101
13.22	0.4457205783
13.23	0.441817606
13.24	0.4378253315
13.25	0.4337453071
13.26	0.429579098
13.27	0.4253282819
13.28	0.4209944489
13.29	0.4165792005
13.3	0.4120841494
13.31	0.4075109192
13.32	0.4028611437
13.33	0.3981364661
13.34	0.3933385393
13.35	0.3884690247
13.36	0.3835295922
13.37	0.3785219194
13.38	0.3734476913
13.39	0.3683085999
13.4	0.3631063434
13.41	0.3578426261
13.42	0.3525191578
13.43	0.3471376533
13.44	0.3416998318
13.45	0.3362074166
13.46	0.3306621348
13.47	0.3250657165
13.48	0.3194198945
13.49	0.3137264038
13.5	0.3079869813
13.51	0.3022033651
13.52	0.2963772942
13.53	0.2905105081
13.54	0.2846047461
13.55	0.2786617472
13.56	0.2726832494
13.57	0.2666709895
13.58	0.2606267022
13.59	0.2545521204
13.6	0.2484489741
13.61	0.2423189902
13.62	0.2361638923
13.63	0.2299853999
13.64	0.2237852284
13.65	0.2175650882
13.66	0.2113266847
13.67	0.2050717179
13.68	0.1988018815
13.69	0.1925188633
13.7	0.1862243439
13.71	0.1799199972
13.72	0.1736074892
13.73	0.1672884784
13.74	0.1609646148
13.75	0.1546375397
13.76	0.1483088857
13.77	0.1419802757
13.78	0.1356533231
13.79	0.1293296312
13.8	0.1230107928
13.81	0.11669839
13.82	0.1103939938
13.83	0.1040991636
13.84	0.09781544727
13.85	0.09154438044
13.86	0.08528748639
13.87	0.07904627563
13.88	0.07282224567
13.89	0.06661688068
13.9	0.06043165115
13.91	0.0542680137
13.92	0.04812741069
13.93	0.04201126999
13.94	0.03592100469
13.95	0.02985801283
13.96	0.02382367714
13.97	0.01781936477
13.98	0.01184642702
13.99	0.005906199131
14	3.213749902e-16
14.01	-0.005870868035
14.02	-0.01170511944
14.03	-0.0175014857
14.04	-0.02325871555
14.05	-0.02897557519
14.06	-0.0346508485
14.07	-0.04028333723
14.08	-0.04587186121
14.09	-0.05141525854
14.1	-0.05691238576
14.11	-0.06236211808
14.12	-0.0677633495
14.13	-0.07311499301
14.14	-0.07841598074
14.15	-0.08366526412
14.16	-0.08886181406
14.17	-0.09400462104
14.18	-0.0990926953
14.19	-0.1041250669
14.2	-0.1091007861
14.21	-0.114018923
14.22	-0.1188785682
14.23	-0.1236788324
14.24	-0.128418847
14.25	-0.1330977639
14.26	-0.1377147555
14.27	-0.1422690151
14.28	-0.1467597567
14.29	-0.1511862154
14.3	-0.1555476471
14.31	-0.1598433287
14.32	-0.1640725583
14.33	-0.1682346551
14.34	-0.1723289594
14.35	-0.1763548329
14.36	-0.1803116585
14.37	-0.1841988404
14.38	-0.188015804
14.39	-0.1917619961
14.4	-0.1954368851
14.41	-0.1990399604
14.42	-0.2025707329
14.43	-0.206028735
14.44	-0.2094135203
14.45	-0.2127246637
14.46	-0.2159617615
14.47	-0.2191244313
14.48	-0.222212312
14.49	-0.2252250636
14.5	-0.2281623675
14.51	-0.2310239259
14.52	-0.2338094625
14.53	-0.2365187217
14.54	-0.2391514691
14.55	-0.2417074911
14.56	-0.244186595
14.57	-0.2465886088
14.58	-0.2489133812
14.59	-0.2511607815
14.6	-0.2533306996
14.61	-0.2554230457
14.62	-0.2574377504
14.63	-0.2593747643
14.64	-0.2612340585
14.65	-0.2630156237
14.66	-0.2647194707
14.67	-0.26634563
14.68	-0.2678941516
14.69	-0.2693651053
14.7	-0.2707585799
14.71	-0.2720746836
14.72	-0.2733135438
14.73	-0.2744753065
14.74	-0.2755601369
14.75	-0.2765682185
14.76	-0.2774997534
14.77	-0.2783549619
14.78	-0.2791340827
14.79	-0.2798373723
14.8	-0.2804651049
14.81	-0.2810175724
14.82	-0.2814950844
14.83	-0.2818979673
14.84	-0.2822265649
14.85	-0.2824812378
14.86	-0.2826623633
14.87	-0.2827703351
14.88	-0.2828055634
14.89	-0.2827684743
14.9	-0.2826595099
14.91	-0.2824791279
14.92	-0.2822278016
14.93	-0.2819060193
14.94	-0.2815142847
14.95	-0.281053116
14.96	-0.2805230462
14.97	-0.2799246227
14.98	-0.2792584068
14.99	-0.278524974
15	-0.2777249135
15.01	-0.2768588276
15.02	-0.2759273323
15.03	-0.2749310564
15.04	-0.2738706413
15.05	-0.2727467411
15.06	-0.2715600222
15.07	-0.2703111629
15.08	-0.2690008533
15.09	-0.2676297952
15.1	-0.2661987015
15.11	-0.2647082963
15.12	-0.2631593143
15.13	-0.2615525009
15.14	-0.2598886117
15.15	-0.2581684125
15.16	-0.2563926786
15.17	-0.254562195
15.18	-0.252677756
15.19	-0.2507401648
15.2	-0.2487502333
15.21	-0.2467087821
15.22	-0.2446166398
15.23	-0.2424746432
15.24	-0.2402836365
15.25	-0.2380444717
15.26	-0.2357580076
15.27	-0.2334251103
15.28	-0.2310466523
15.29	-0.2286235126
15.3	-0.2261565762
15.31	-0.2236467343
15.32	-0.2210948834
15.33	-0.2185019254
15.34	-0.2158687673
15.35	-0.213196321
15.36	-0.210485503
15.37	-0.2077372339
15.38	-0.2049524385
15.39	-0.2021320453
15.4	-0.1992769864
15.41	-0.1963881971
15.42	-0.1934666158
15.43	-0.1905131835
15.44	-0.1875288437
15.45	-0.1845145424
15.46	-0.1814712272
15.47	-0.1783998477
15.48	-0.1753013549
15.49	-0.172176701
15.5	-0.1690268391
15.51	-0.1658527232
15.52	-0.1626553077
15.53	-0.1594355472
15.54	-0.1561943963
15.55	-0.1529328094
15.56	-0.1496517402
15.57	-0.146352142
15.58	-0.1430349669
15.59	-0.1397011657
15.6	-0.136351688
15.61	-0.1329874815
15.62	-0.1296094921
15.63	-0.1262186636
15.64	-0.1228159373
15.65	-0.119402252
15.66	-0.1159785436
15.67	-0.112545745
15.68	-0.1091047859
15.69	-0.1056565923
15.7	-0.1022020869
15.71	-0.09874218801
15.72	-0.0952778102
15.73	-0.09180986353
15.74	-0.08833925358
15.75	-0.08486688116
15.76	-0.08139364219
15.77	-0.0779204274
15.78	-0.07444812221
15.79	-0.07097760651
15.8	-0.06750975448
15.81	-0.06404543437
15.82	-0.06058550834
15.83	-0.05713083229
15.84	-0.05368225565
15.85	-0.0502406212
15.86	-0.04680676494
15.87	-0.04338151586
15.88	-0.03996569579
15.89	-0.03656011927
15.9	-0.03316559334
15.91	-0.02978291739
15.92	-0.026412883
15.93	-0.02305627381
15.94	-0.01971386535
15.95	-0.01638642487
15.96	-0.01307471123
15.97	-0.009779474732
15.98	-0.006501456995
15.99	-0.003241390808
16	-2.015706676e-16
16.01	0.003222000692
16.02	0.006423905749
16.03	0.009605018999
16.04	0.01276465373
16.05	0.01590213283
16.06	0.01901678886
16.07	0.02210796421
16.08	0.0251750112
16.09	0.02821729216
16.1	0.03123417954
16.11	0.03422505606
16.12	0.03718931471
16.13	0.04012635894
16.14	0.04303560268
16.15	0.04591647049
16.16	0.04876839756
16.17	0.05159082987
16.18	0.05438322423
16.19	0.05714504835
16.2	0.05987578092
16.21	0.06257491169
16.22	0.0652419415
16.23	0.06787638237
16.24	0.07047775754
16.25	0.07304560155
16.26	0.07557946027
16.27	0.07807889093
16.28	0.08054346221
16.29	0.08297275425
16.3	0.0853663587
16.31	0.08772387875
16.32	0.09004492916
16.33	0.0923291363
16.34	0.09457613817
16.35	0.0967855844
16.36	0.09895713633
16.37	0.101090467
16.38	0.103185261
16.39	0.1052412148
16.4	0.1072580367
16.41	0.1092354463
16.42	0.1111731754
16.43	0.1130709671
16.44	0.1149285767
16.45	0.1167457707
16.46	0.1185223276
16.47	0.1202580377
16.48	0.1219527025
16.49	0.1236061357
16.5	0.1252181622
16.51	0.1267886188
16.52	0.1283173537
16.53	0.1298042266
16.54	0.1312491091
16.55	0.1326518837
16.56	0.1340124447
16.57	0.1353306978
16.58	0.13660656
16.59	0.1378399594
16.6	0.1390308357
16.61	0.1401791396
16.62	0.141284833
16.63	0.1423478888
16.64	0.143368291
16.65	0.1443460348
16.66	0.1452811258
16.67	0.146173581
16.68	0.1470234277
16.69	0.1478307041
16.7	0.1485954592
16.71	0.1493177522
16.72	0.1499976531
16.73	0.150635242
16.74	0.1512306096
16.75	0.1517838565
16.76	0.1522950937
16.77	0.1527644421
16.78	0.1531920326
16.79	0.1535780061
16.8	0.1539225131
16.81	0.1542257137
16.82	0.1544877778
16.83	0.1547088846
16.84	0.1548892228
16.85	0.1550289903
16.86	0.1551283941
16.87	0.1551876503
16.88	0.155206984
16.89	0.155186629
16.9	0.1551268281
16.91	0.1550278324
16.92	0.1548899015
16.93	0.1547133037
16.94	0.1544983152
16.95	0.1542452204
16.96	0.153954312
16.97	0.1536258901
16.98	0.1532602631
16.99	0.1528577467
17	0.1524186641
17.01	0.1519433462
17.02	0.1514321307
17.03	0.1508853629
17.04	0.1503033947
17.05	0.1496865852
17.06	0.1490353001
17.07	0.1483499116
17.08	0.1476307984
17.09	0.1468783458
17.1	0.1460929449
17.11	0.1452749932
17.12	0.1444248938
17.13	0.1435430559
17.14	0.1426298942
17.15	0.1416858288
17.16	0.1407112854
17.17	0.1397066947
17.18	0.1386724927
17.19	0.1376091201
17.2	0.1365170225
17.21	0.1353966503
17.22	0.1342484583
17.23	0.1330729056
17.24	0.1318704557
17.25	0.130641576
17.26	0.1293867379
17.27	0.1281064167
17.28	0.1268010913
17.29	0.125471244
17.3	0.1241173606
17.31	0.1227399302
17.32	0.1213394447
17.33	0.1199163991
17.34	0.1184712914
17.35	0.1170046218
17.36	0.1155168933
17.37	0.1140086112
17.38	0.1124802831
17.39	0.1109324185
17.4	0.1093655289
17.41	0.1077801278
17.42	0.1061767299
17.43	0.1045558519
17.44	0.1029180115
17.45	0.1012637279
17.46	0.0995935211
17.47	0.0979079123
17.48	0.09620742339
17.49	0.09449257695
17.5	0.09276389611
17.51	0.09102190439
17.52	0.08926712556
17.53	0.08750008353
17.54	0.0857213022
17.55	0.08393130533
17.56	0.08213061641
17.57	0.08031975851
17.58	0.07849925419
17.59	0.07666962531
17.6	0.07483139296
17.61	0.07298507729
17.62	0.07113119743
17.63	0.06927027128
17.64	0.0674028155
17.65	0.06552934527
17.66	0.06365037426
17.67	0.06176641445
17.68	0.05987797604
17.69	0.0579855673
17.7	0.05608969451
17.71	0.05419086175
17.72	0.0522895709
17.73	0.05038632141
17.74	0.04848161029
17.75	0.0465759319
17.76	0.04466977794
17.77	0.04276363724
17.78	0.04085799575
17.79	0.03895333636
17.8	0.03705013881
17.81	0.03514887962
17.82	0.03325003196
17.83	0.03135406554
17.84	0.02946144655
17.85	0.02757263752
17.86	0.02568809725
17.87	0.02380828069
17.88	0.0219336389
17.89	0.02006461888
17.9	0.01820166354
17.91	0.01634521162
17.92	0.01449569753
17.93	0.01265355135
17.94	0.0108191987
17.95	0.008993060643
17.96	0.007175553662
17.97	0.005367089528
17.98	0.003568075251
17.99	0.001778912993
18	1.244523689e-16
18.01	-0.001768271471
18.02	-0.003525514224
18.03	-0.005271346192
18.04	-0.007005390499
18.05	-0.008727275534
18.06	-0.01043663501
18.07	-0.01213310801
18.08	-0.01381633909
18.09	-0.01548597827
18.1	-0.01714168118
18.11	-0.01878310901
18.12	-0.02040992865
18.13	-0.0220218127
18.14	-0.02361843952
18.15	-0.02519949329
18.16	-0.02676466405
18.17	-0.02831364775
18.18	-0.02984614627
18.19	-0.03136186748
18.2	-0.03286052529
18.21	-0.03434183966
18.22	-0.03580553666
18.23	-0.03725134846
18.24	-0.03867901342
18.25	-0.0400882761
18.26	-0.04147888724
18.27	-0.04285060387
18.28	-0.04420318927
18.29	-0.04553641301
18.3	-0.04685005099
18.31	-0.04814388542
18.32	-0.0494177049
18.33	-0.05067130435
18.34	-0.05190448512
18.35	-0.05311705493
18.36	-0.05430882789
18.37	-0.05547962456
18.38	-0.0566292719
18.39	-0.0577576033
18.4	-0.05886445858
18.41	-0.059949684
18.42	-0.06101313226
18.43	-0.06205466247
18.44	-0.0630741402
18.45	-0.06407143742
18.46	-0.06504643255
18.47	-0.0659990104
18.48	-0.06692906219
18.49	-0.06783648555
18.5	-0.06872118446
18.51	-0.0695830693
18.52	-0.0704220568
18.53	-0.07123807
18.54	-0.07203103827
18.55	-0.07280089731
18.56	-0.07354758905
18.57	-0.07427106169
18.58	-0.07497126968
18.59	-0.07564817366
18.6	-0.07630174043
18.61	-0.07693194296
18.62	-0.07753876034
18.63	-0.07812217774
18.64	-0.07868218638
18.65	-0.07921878351
18.66	-0.07973197236
18.67	-0.08022176212
18.68	-0.08068816788
18.69	-0.0811312106
18.7	-0.08155091708
18.71	-0.08194731991
18.72	-0.08232045742
18.73	-0.08267037364
18.74	-0.08299711826
18.75	-0.0833007466
18.76	-0.08358131952
18.77	-0.08383890339
18.78	-0.08407357007
18.79	-0.08428539681
18.8	-0.08447446623
18.81	-0.08464086627
18.82	-0.08478469009
18.83	-0.08490603609
18.84	-0.08500500779
18.85	-0.0850817138
18.86	-0.08513626774
18.87	-0.08516878824
18.88	-0.0851793988
18.89	-0.08516822778
18.9	-0.08513540833
18.91	-0.08508107832
18.92	-0.08500538027
18.93	-0.08490846132
18.94	-0.08479047311
18.95	-0.08465157178
18.96	-0.08449191783
18.97	-0.08431167612
18.98	-0.08411101576
18.99	-0.08389011005
19	-0.08364913644
19.01	-0.0833882764
19.02	-0.08310771541
19.03	-0.08280764286
19.04	-0.08248825197
19.05	-0.08214973974
19.06	-0.08179230687
19.07	-0.08141615767
19.08	-0.08102150002
19.09	-0.08060854525
19.1	-0.08017750812
19.11	-0.07972860668
19.12	-0.07926206227
19.13	-0.07877809937
19.14	-0.07827694559
19.15	-0.07775883153
19.16	-0.07722399076
19.17	-0.07667265971
19.18	-0.07610507758
19.19	-0.07552148632
19.2	-0.07492213048
19.21	-0.07430725719
19.22	-0.07367711605
19.23	-0.07303195906
19.24	-0.07237204054
19.25	-0.07169761704
19.26	-0.0710089473
19.27	-0.07030629213
19.28	-0.06958991435
19.29	-0.06886007869
19.3	-0.06811705175
19.31	-0.06736110189
19.32	-0.06659249916
19.33	-0.06581151521
19.34	-0.06501842324
19.35	-0.06421349789
19.36	-0.06339701519
19.37	-0.06256925244
19.38	-0.06173048818
19.39	-0.06088100208
19.4	-0.06002107487
19.41	-0.05915098826
19.42	-0.05827102487
19.43	-0.05738146815
19.44	-0.05648260229
19.45	-0.05557471217
19.46	-0.05465808326
19.47	-0.05373300153
19.48	-0.05279975343
19.49	-0.05185862575
19.5	-0.0509099056
19.51	-0.04995388027
19.52	-0.04899083723
19.53	-0.048021064
19.54	-0.04704484811
19.55	-0.046062477
19.56	-0.04507423797
19.57	-0.04408041808
19.58	-0.04308130412
19.59	-0.0420771825
19.6	-0.0410683392
19.61	-0.04005505968
19.62	-0.03903762884
19.63	-0.03801633092
19.64	-0.03699144945
19.65	-0.03596326719
19.66	-0.03493206604
19.67	-0.03389812697
19.68	-0.03286173
19.69	-0.03182315406
19.7	-0.03078267701
19.71	-0.0297405755
19.72	-0.02869712495
19.73	-0.02765259949
19.74	-0.02660727186
19.75	-0.02556141339
19.76	-0.02451529391
19.77	-0.02346918172
19.78	-0.0224233435
19.79	-0.02137804426
19.8	-0.0203335473
19.81	-0.01929011413
19.82	-0.01824800444
19.83	-0.01720747601
19.84	-0.01616878468
19.85	-0.01513218431
19.86	-0.01409792668
19.87	-0.01306626148
19.88	-0.01203743625
19.89	-0.01101169631
19.9	-0.009989284749
19.91	-0.008970442331
19.92	-0.00795540748
19.93	-0.006944416221
19.94	-0.005937702138
19.95	-0.004935496325
19.96	-0.003938027345
19.97	-0.002945521185
19.98	-0.001958201216
19.99	-0.0009762881499
20	-7.588989798e-17
20.01	0.0009704479591
20.02	0.00193484323
20.03	0.002892976128
20.04	0.003844639821
20.05	0.004789630365
20.06	0.005727746733
20.07	0.006658790858
20.08	0.007582567659
20.09	0.008498885074
20.1	0.009407554093
20.11	0.01030838879
20.12	0.01120120633
20.13	0.01208582706
20.14	0.01296207443
20.15	0.01382977514
20.16	0.01468875907
20.17	0.01553885934
20.18	0.01637991236
20.19	0.0172117578
20.2	0.01803423865
20.21	0.01884720121
20.22	0.01965049515
20.23	0.02044397349
20.24	0.02122749264
20.25	0.02200091239
20.26	0.02276409597
20.27	0.02351691002
20.28	0.02425922463
20.29	0.02499091333
20.3	0.02571185313
20.31	0.02642192453
20.32	0.02712101148
20.33	0.02780900145
20.34	0.0284857854
20.35	0.02915125782
20.36	0.02980531669
20.37	0.03044786353
20.38	0.03107880336
20.39	0.03169804476
20.4	0.03230549982
20.41	0.03290108416
20.42	0.03348471694
20.43	0.03405632084
20.44	0.03461582208
20.45	0.0351631504
20.46	0.03569823907
20.47	0.03622102488
20.48	0.03673144812
20.49	0.03722945262
20.5	0.03771498568
20.51	0.03818799811
20.52	0.03864844421
20.53	0.03909628175
20.54	0.03953147197
20.55	0.03995397956
20.56	0.04036377268
20.57	0.04076082288
20.58	0.04114510518
20.59	0.04151659795
20.6	0.041875283
20.61	0.04222114548
20.62	0.04255417392
20.63	0.04287436018
20.64	0.04318169944
20.65	0.04347619019
20.66	0.0437578342
20.67	0.04402663652
20.68	0.04428260543
20.69	0.04452575243
20.7	0.04475609223
20.71	0.04497364271
20.72	0.04517842492
20.73	0.04537046301
20.74	0.04554978427
20.75	0.04571641903
20.76	0.04587040071
20.77	0.04601176574
20.78	0.04614055354
20.79	0.04625680652
20.8	0.04636057002
20.81	0.0464518923
20.82	0.04653082448
20.83	0.04659742058
20.84	0.0466517374
20.85	0.04669383455
20.86	0.04672377439
20.87	0.04674162202
20.88	0.04674744522
20.89	0.04674131443
20.9	0.04672330273
20.91	0.04669348579
20.92	0.04665194182
20.93	0.04659875157
20.94	0.04653399828
20.95	0.04645776761
20.96	0.04637014766
20.97	0.04627122891
20.98	0.04616110417
20.99	0.04603986855
21	0.04590761943
21.01	0.0457644564
21.02	0.04561048127
21.03	0.04544579796
21.04	0.04527051252
21.05	0.04508473307
21.06	0.04488856975
21.07	0.0446821347
21.08	0.04446554198
21.09	0.0442389076
21.1	0.04400234941
21.11	0.04375598708
21.12	0.04349994207
21.13	0.04323433761
21.14	0.04295929858
21.15	0.04267495155
21.16	0.04238142472
21.17	0.04207884782
21.18	0.04176735214
21.19	0.04144707047
21.2	0.04111813701
21.21	0.04078068739
21.22	0.0404348586
21.23	0.04008078894
21.24	0.03971861797
21.25	0.03934848651
21.26	0.03897053655
21.27	0.03858491121
21.28	0.03819175475
21.29	0.03779121245
21.3	0.03738343062
21.31	0.03696855654
21.32	0.03654673841
21.33	0.03611812534
21.34	0.03568286723
21.35	0.03524111484
21.36	0.03479301963
21.37	0.0343387338
21.38	0.03387841022
21.39	0.03341220236
21.4	0.0329402643
21.41	0.03246275064
21.42	0.0319798165
21.43	0.03149161742
21.44	0.03099830938
21.45	0.03050004871
21.46	0.0299969921
21.47	0.02948929648
21.48	0.02897711907
21.49	0.02846061725
21.5	0.02793994858
21.51	0.02741527076
21.52	0.02688674153
21.53	0.0263545187
21.54	0.02581876006
21.55	0.02527962336
21.56	0.02473726628
21.57	0.02419184637
21.58	0.023643521
21.59	0.02309244737
21.6	0.02253878243
21.61	0.02198268284
21.62	0.02142430495
21.63	0.02086380477
21.64	0.02030133789
21.65	0.01973705951
21.66	0.01917112431
21.67	0.01860368652
21.68	0.0180348998
21.69	0.01746491725
21.7	0.01689389133
21.71	0.0163219739
21.72	0.0157493161
21.73	0.01517606837
21.74	0.0146023804
21.75	0.0140284011
21.76	0.01345427856
21.77	0.01288016002
21.78	0.01230619183
21.79	0.01173251945
21.8	0.01115928736
21.81	0.0105866391
21.82	0.01001471717
21.83	0.009443663061
21.84	0.008873617176
21.85	0.008304718829
21.86	0.007737106206
21.87	0.00717091634
21.88	0.006606285082
21.89	0.006043347069
21.9	0.005482235707
21.91	0.004923083132
21.92	0.004366020195
21.93	0.003811176428
21.94	0.003258680025
21.95	0.002708657813
21.96	0.00216123523
21.97	0.001616536301
21.98	0.001074683613
21.99	0.0005357982969
22	1.666391384e-16
22.01	-0.0005325931322
22.02	-0.001061864478
22.03	-0.001587698962
22.04	-0.002109983071
22.05	-0.002628604877
22.06	-0.003143454056
22.07	-0.003654421905
22.08	-0.004161401363
22.09	-0.004664287022
22.1	-0.005162975153
22.11	-0.005657363715
22.12	-0.006147352375
22.13	-0.006632842521
22.14	-0.007113737278
22.15	-0.007589941522
22.16	-0.008061361897
22.17	-0.00852790682
22.18	-0.008989486503
22.19	-0.00944601296
22.2	-0.009897400018
22.21	-0.01034356333
22.22	-0.0107844204
22.23	-0.01121989054
22.24	-0.01164989497
22.25	-0.01207435673
22.26	-0.01249320075
22.27	-0.01290635386
22.28	-0.01331374476
22.29	-0.01371530403
22.3	-0.01411096419
22.31	-0.01450065963
22.32	-0.01488432668
22.33	-0.01526190358
22.34	-0.01563333049
22.35	-0.0159985495
22.36	-0.01635750462
22.37	-0.0167101418
22.38	-0.01705640892
22.39	-0.01739625581
22.4	-0.01772963421
22.41	-0.01805649783
22.42	-0.01837680229
22.43	-0.01869050516
22.44	-0.01899756595
22.45	-0.0192979461
22.46	-0.01959160899
22.47	-0.01987851992
22.48	-0.02015864614
22.49	-0.0204319568
22.5	-0.020698423
22.51	-0.02095801772
22.52	-0.0212107159
22.53	-0.02145649435
22.54	-0.02169533181
22.55	-0.02192720889
22.56	-0.02215210812
22.57	-0.02237001389
22.58	-0.02258091249
22.59	-0.02278479205
22.6	-0.02298164258
22.61	-0.02317145593
22.62	-0.02335422581
22.63	-0.02352994776
22.64	-0.02369861912
22.65	-0.02386023907
22.66	-0.02401480858
22.67	-0.02416233042
22.68	-0.02430280913
22.69	-0.02443625104
22.7	-0.0245626642
22.71	-0.02468205844
22.72	-0.0247944453
22.73	-0.02489983804
22.74	-0.02499825163
22.75	-0.02508970272
22.76	-0.02517420966
22.77	-0.02525179243
22.78	-0.02532247268
22.79	-0.02538627367
22.8	-0.02544322028
22.81	-0.02549333901
22.82	-0.02553665791
22.83	-0.02557320663
22.84	-0.02560301633
22.85	-0.02562611973
22.86	-0.02564255107
22.87	-0.02565234605
22.88	-0.02565554189
22.89	-0.02565217725
22.9	-0.02564229222
22.91	-0.02562592833
22.92	-0.02560312852
22.93	-0.02557393709
22.94	-0.02553839973
22.95	-0.02549656345
22.96	-0.0254484766
22.97	-0.02539418884
22.98	-0.0253337511
22.99	-0.02526721558
23	-0.02519463573
23.01	-0.02511606619
23.02	-0.02503156285
23.03	-0.02494118273
23.04	-0.02484498404
23.05	-0.02474302612
23.06	-0.02463536941
23.07	-0.02452207545
23.08	-0.02440320685
23.09	-0.02427882726
23.1	-0.02414900137
23.11	-0.02401379486
23.12	-0.02387327438
23.13	-0.02372750756
23.14	-0.02357656294
23.15	-0.02342050998
23.16	-0.02325941904
23.17	-0.02309336132
23.18	-0.02292240886
23.19	-0.02274663455
23.2	-0.02256611205
23.21	-0.02238091577
23.22	-0.02219112091
23.23	-0.02199680335
23.24	-0.02179803971
23.25	-0.02159490726
23.26	-0.02138748392
23.27	-0.02117584825
23.28	-0.02096007941
23.29	-0.02074025713
23.3	-0.02051646172
23.31	-0.020288774
23.32	-0.0200572753
23.33	-0.01982204746
23.34	-0.01958317275
23.35	-0.01934073389
23.36	-0.01909481403
23.37	-0.01884549668
23.38	-0.01859286574
23.39	-0.01833700544
23.4	-0.01807800034
23.41	-0.01781593529
23.42	-0.01755089541
23.43	-0.01728296608
23.44	-0.01701223288
23.45	-0.01673878164
23.46	-0.01646269831
23.47	-0.01618406905
23.48	-0.01590298012
23.49	-0.01561951792
23.5	-0.01533376889
23.51	-0.0150458196
23.52	-0.01475575661
23.53	-0.01446366653
23.54	-0.01416963595
23.55	-0.01387375146
23.56	-0.01357609958
23.57	-0.01327676678
23.58	-0.01297583944
23.59	-0.01267340382
23.6	-0.01236954606
23.61	-0.01206435213
23.62	-0.01175790785
23.63	-0.01145029883
23.64	-0.01114161046
23.65	-0.01083192792
23.66	-0.0105213361
23.67	-0.01020991964
23.68	-0.009897762868
23.69	-0.009584949808
23.7	-0.009271564143
23.71	-0.0089576892
23.72	-0.008643407935
23.73	-0.008328802911
23.74	-0.008013956279
23.75	-0.007698949761
23.76	-0.00738386463
23.77	-0.007068781693
23.78	-0.006753781273
23.79	-0.006438943192
23.8	-0.006124346753
23.81	-0.005810070723
23.82	-0.005496193316
23.83	-0.005182792175
23.84	-0.00486994436
23.85	-0.004557726328
23.86	-0.004246213916
23.87	-0.003935482329
23.88	-0.003625606124
23.89	-0.003316659193
23.9	-0.003008714748
23.91	-0.002701845308
23.92	-0.002396122686
23.93	-0.002091617971
23.94	-0.001788401516
23.95	-0.001486542926
23.96	-0.001186111043
23.97	-0.000887173932
23.98	-0.000589798872
23.99	-0.0002940523399
24	-2.742911762e-17
24.01	0.0002922933083
24.02	0.0005827635817
24.03	0.0008713476649
24.04	0.001157983261
24.05	0.001442608943
24.06	0.001725164163
24.07	0.002005589265
24.08	0.00228382549
24.09	0.002559814992
24.1	0.002833500841
24.11	0.003104827037
24.12	0.003373738515
24.13	0.003640181156
24.14	0.003904101794
24.15	0.004165448225
24.16	0.004424169212
24.17	0.004680214494
24.18	0.004933534795
24.19	0.005184081827
24.2	0.005431808297
24.21	0.005676667916
24.22	0.005918615401
24.23	0.006157606485
24.24	0.006393597916
24.25	0.00662654747
24.26	0.006856413946
24.27	0.00708315718
24.28	0.007306738043
24.29	0.007527118445
24.3	0.007744261341
24.31	0.007958130735
24.32	0.008168691678
24.33	0.008375910275
24.34	0.008579753685
24.35	0.008780190125
24.36	0.008977188871
24.37	0.009170720259
24.38	0.009360755686
24.39	0.009547267612
24.4	0.009730229559
24.41	0.009909616115
24.42	0.01008540293
24.43	0.01025756672
24.44	0.01042608525
24.45	0.01059093737
24.46	0.01075210298
24.47	0.01090956304
24.48	0.01106329957
24.49	0.01121329564
24.5	0.01135953539
24.51	0.011502004
24.52	0.01164068769
24.53	0.01177557377
24.54	0.01190665054
24.55	0.01203390739
24.56	0.0121573347
24.57	0.01227692393
24.58	0.01239266753
24.59	0.012504559
24.6	0.01261259286
24.61	0.01271676464
24.62	0.01281707088
24.63	0.01291350913
24.64	0.01300607793
24.65	0.01309477684
24.66	0.01317960639
24.67	0.01326056809
24.68	0.01333766444
24.69	0.01341089891
24.7	0.01348027593
24.71	0.01354580087
24.72	0.01360748009
24.73	0.01366532085
24.74	0.01371933137
24.75	0.0137695208
24.76	0.01381589919
24.77	0.01385847752
24.78	0.01389726766
24.79	0.01393228239
24.8	0.01396353535
24.81	0.01399104109
24.82	0.01401481501
24.83	0.01403487337
24.84	0.01405123328
24.85	0.0140639127
24.86	0.01407293041
24.87	0.01407830601
24.88	0.01408005992
24.89	0.01407821336
24.9	0.01407278835
24.91	0.01406380765
24.92	0.01405129485
24.93	0.01403527426
24.94	0.01401577094
24.95	0.0139928107
24.96	0.01396642008
24.97	0.01393662633
24.98	0.01390345739
24.99	0.01386694192
25	0.01382710925
25.01	0.01378398938
25.02	0.01373761296
25.03	0.0136880113
25.04	0.01363521634
25.05	0.01357926065
25.06	0.01352017739
25.07	0.01345800035
25.08	0.01339276388
25.09	0.01332450291
25.1	0.01325325295
25.11	0.01317905004
25.12	0.01310193077
25.13	0.01302193224
25.14	0.01293909208
25.15	0.0128534484
25.16	0.01276503982
25.17	0.01267390541
25.18	0.01258008471
25.19	0.01248361773
25.2	0.01238454487
25.21	0.012282907
25.22	0.01217874537
25.23	0.01207210164
25.24	0.01196301784
25.25	0.01185153639
25.26	0.01173770004
25.27	0.01162155192
25.28	0.01150313547
25.29	0.01138249445
25.3	0.01125967292
25.31	0.01113471525
25.32	0.01100766607
25.33	0.0108785703
25.34	0.01074747308
25.35	0.01061441981
25.36	0.01047945613
25.37	0.01034262787
25.38	0.01020398107
25.39	0.01006356196
25.4	0.009921416946
25.41	0.009777592596
25.42	0.009632135626
25.43	0.009485092889
25.44	0.009336511363
25.45	0.009186438136
25.46	0.009034920395
25.47	0.008882005414
25.48	0.008727740541
25.49	0.008572173182
25.5	0.008415350794
25.51	0.00825732087
25.52	0.008098130927
25.53	0.00793782849
25.54	0.007776461089
25.55	0.007614076237
25.56	0.007450721423
25.57	0.007286444101
25.58	0.007121291675
25.59	0.006955311487
25.6	0.006788550811
25.61	0.006621056833
25.62	0.006452876645
25.63	0.006284057235
25.64	0.006114645468
25.65	0.005944688084
25.66	0.005774231679
25.67	0.005603322701
25.68	0.005432007433
25.69	0.005260331986
25.7	0.005088342286
25.71	0.004916084065
25.72	0.00474360285
25.73	0.004570943952
25.74	0.004398152457
25.75	0.004225273215
25.76	0.004052350828
25.77	0.003879429646
25.78	0.00370655375
25.79	0.003533766948
25.8	0.003361112762
25.81	0.003188634419
25.82	0.003016374846
25.83	0.002844376653
25.84	0.002672682132
25.85	0.002501333243
25.86	0.002330371606
25.87	0.002159838496
25.88	0.001989774829
25.89	0.001820221158
25.9	0.001651217663
25.91	0.001482804144
25.92	0.001315020012
25.93	0.001147904281
25.94	0.0009814955621
25.95	0.0008158320554
25.96	0.0006509515419
25.97	0.0004868913771
25.98	0.0003236884839
25.99	0.0001613793458
26	-2.008390612e-17
26.01	-0.0001604139687
26.02	-0.0003198274347
26.03	-0.0004782057376
26.04	-0.0006355146881
26.05	-0.0007917205743
26.06	-0.000946790167
26.07	-0.001100690726
26.08	-0.001253390004
26.09	-0.001404856254
26.1	-0.001555058232
26.11	-0.001703965206
26.12	-0.001851546954
26.13	-0.001997773776
26.14	-0.002142616493
26.15	-0.002286046455
26.16	-0.002428035543
26.17	-0.002568556174
26.18	-0.002707581303
26.19	-0.002845084429
26.2	-0.002981039598
26.21	-0.003115421406
26.22	-0.003248205002
26.23	-0.003379366089
26.24	-0.003508880933
26.25	-0.003636726358
26.26	-0.003762879756
26.27	-0.003887319081
26.28	-0.00401002286
26.29	-0.004130970189
26.3	-0.004250140737
26.31	-0.004367514749
26.32	-0.004483073045
26.33	-0.004596797022
26.34	-0.004708668657
26.35	-0.004818670508
26.36	-0.004926785712
26.37	-0.00503299799
26.38	-0.005137291643
26.39	-0.005239651558
26.4	-0.005340063204
26.41	-0.005438512633
26.42	-0.005534986482
26.43	-0.005629471972
26.44	-0.005721956904
26.45	-0.005812429667
26.46	-0.00590087923
26.47	-0.005987295143
26.48	-0.006071667538
26.49	-0.006153987127
26.5	-0.006234245202
26.51	-0.006312433631
26.52	-0.006388544859
26.53	-0.006462571906
26.54	-0.006534508366
26.55	-0.006604348401
26.56	-0.006672086748
26.57	-0.006737718706
26.58	-0.006801240141
26.59	-0.006862647484
26.6	-0.006921937724
26.61	-0.006979108408
26.62	-0.007034157639
26.63	-0.007087084071
26.64	-0.007137886908
26.65	-0.007186565902
26.66	-0.007233121344
26.67	-0.007277554069
26.68	-0.007319865445
26.69	-0.007360057373
26.7	-0.007398132286
26.71	-0.00743409314
26.72	-0.007467943411
26.73	-0.007499687094
26.74	-0.007529328698
26.75	-0.007556873239
26.76	-0.00758232624
26.77	-0.007605693722
26.78	-0.007626982202
26.79	-0.007646198691
26.8	-0.007663350682
26.81	-0.007678446152
26.82	-0.007691493555
26.83	-0.007702501816
26.84	-0.007711480326
26.85	-0.007718438938
26.86	-0.00772338796
26.87	-0.007726338153
26.88	-0.007727300721
26.89	-0.007726287309
26.9	-0.007723309996
26.91	-0.007718381288
26.92	-0.007711514117
26.93	-0.007702721828
26.94	-0.007692018179
26.95	-0.007679417335
26.96	-0.007664933855
26.97	-0.007648582696
26.98	-0.007630379199
26.99	-0.007610339085
27	-0.007588478452
27.01	-0.007564813763
27.02	-0.007539361845
27.03	-0.007512139877
27.04	-0.007483165389
27.05	-0.007452456253
27.06	-0.007420030674
27.07	-0.007385907189
27.08	-0.007350104654
27.09	-0.007312642243
27.1	-0.007273539436
27.11	-0.007232816017
27.12	-0.007190492063
27.13	-0.007146587939
27.14	-0.007101124294
27.15	-0.007054122047
27.16	-0.007005602387
27.17	-0.006955586762
27.18	-0.006904096873
27.19	-0.006851154668
27.2	-0.006796782333
27.21	-0.006741002287
27.22	-0.006683837173
27.23	-0.006625309851
27.24	-0.006565443393
27.25	-0.006504261074
27.26	-0.006441786365
27.27	-0.006378042926
27.28	-0.006313054599
27.29	-0.006246845402
27.3	-0.006179439519
27.31	-0.006110861295
27.32	-0.006041135228
27.33	-0.005970285963
27.34	-0.005898338282
27.35	-0.005825317103
27.36	-0.005751247463
27.37	-0.005676154521
27.38	-0.005600063544
27.39	-0.005522999903
27.4	-0.005444989066
27.41	-0.00536605659
27.42	-0.005286228112
27.43	-0.005205529347
27.44	-0.005123986077
27.45	-0.005041624143
27.46	-0.004958469444
27.47	-0.004874547923
27.48	-0.004789885566
27.49	-0.004704508389
27.5	-0.004618442438
27.51	-0.004531713777
27.52	-0.004444348483
27.53	-0.004356372641
27.54	-0.004267812333
27.55	-0.004178693637
27.56	-0.004089042614
27.57	-0.003998885308
27.58	-0.003908247735
27.59	-0.003817155877
27.6	-0.003725635677
27.61	-0.003633713033
27.62	-0.003541413789
27.63	-0.003448763732
27.64	-0.003355788583
27.65	-0.003262513993
27.66	-0.003168965535
27.67	-0.003075168699
27.68	-0.002981148887
27.69	-0.002886931404
27.7	-0.002792541455
27.71	-0.002698004139
27.72	-0.002603344441
27.73	-0.002508587229
27.74	-0.002413757246
27.75	-0.002318879106
27.76	-0.002223977288
27.77	-0.002129076131
27.78	-0.002034199828
27.79	-0.00193937242
27.8	-0.001844617794
27.81	-0.001749959673
27.82	-0.001655421614
27.83	-0.001561027005
27.84	-0.001466799054
27.85	-0.001372760789
27.86	-0.001278935054
27.87	-0.001185344499
27.88	-0.001092011579
27.89	-0.0009989585517
27.9	-0.0009062074673
27.91	-0.0008137801683
27.92	-0.0007216982841
27.93	-0.0006299832264
27.94	-0.0005386561852
27.95	-0.0004477381251
27.96	-0.0003572497807
27.97	-0.0002672116533
27.98	-0.0001776440064
27.99	-8.856686278e-05
28	-9.638406708e-18
28.01	8.803705263e-05
28.02	0.0001755250177
28.03	0.0002624448732
28.04	0.0003487778557
28.05	0.0004345054637
28.06	0.0005196094606
28.07	0.0006040718781
28.08	0.0006878750187
28.09	0.0007710014591
28.1	0.0008534340527
28.11	0.0009351559324
28.12	0.001016150513
28.13	0.001096401494
28.14	0.001175892863
28.15	0.001254608895
28.16	0.001332534159
28.17	0.001409653516
28.18	0.001485952125
28.19	0.00156141544
28.2	0.001636029219
28.21	0.001709779519
28.22	0.001782652701
28.23	0.001854635432
28.24	0.001925714686
28.25	0.001995877743
28.26	0.002065112195
28.27	0.002133405945
28.28	0.002200747206
28.29	0.002267124508
28.3	0.002332526692
28.31	0.002396942915
28.32	0.002460362652
28.33	0.002522775694
28.34	0.002584172149
28.35	0.002644542445
28.36	0.002703877327
28.37	0.002762167861
28.38	0.002819405432
28.39	0.002875581744
28.4	0.002930688824
28.41	0.002984719016
28.42	0.003037664987
28.43	0.003089519723
28.44	0.00314027653
28.45	0.003189929035
28.46	0.003238471185
28.47	0.003285897243
28.48	0.003332201795
28.49	0.003377379744
28.5	0.003421426309
28.51	0.003464337029
28.52	0.003506107756
28.53	0.003546734661
28.54	0.003586214227
28.55	0.003624543252
28.56	0.003661718844
28.57	0.003697738426
28.58	0.003732599729
28.59	0.003766300794
28.6	0.003798839967
28.61	0.003830215904
28.62	0.003860427562
28.63	0.003889474204
28.64	0.003917355392
28.65	0.00394407099
28.66	0.003969621159
28.67	0.003994006355
28.68	0.004017227331
28.69	0.004039285129
28.7	0.004060181084
28.71	0.004079916819
28.72	0.004098494241
28.73	0.004115915544
28.74	0.004132183201
28.75	0.004147299966
28.76	0.004161268869
28.77	0.004174093215
28.78	0.004185776581
28.79	0.004196322813
28.8	0.004205736026
28.81	0.004214020595
28.82	0.004221181162
28.83	0.004227222624
28.84	0.004232150134
28.85	0.004235969102
28.86	0.004238685183
28.87	0.004240304283
28.88	0.004240832552
28.89	0.004240276379
28.9	0.004238642395
28.91	0.004235937463
28.92	0.004232168679
28.93	0.004227343369
28.94	0.004221469082
28.95	0.004214553592
28.96	0.00420660489
28.97	0.004197631183
28.98	0.004187640892
28.99	0.004176642645
29	0.004164645275
29.01	0.004151657818
29.02	0.004137689509
29.03	0.004122749776
29.04	0.00410684824
29.05	0.004089994709
29.06	0.004072199174
29.07	0.004053471808
29.08	0.004033822961
29.09	0.004013263154
29.1	0.003991803078
29.11	0.003969453592
29.12	0.003946225713
29.13	0.003922130619
29.14	0.003897179642
29.15	0.003871384262
29.16	0.003844756108
29.17	0.003817306951
29.18	0.003789048701
29.19	0.003759993403
29.2	0.003730153233
29.21	0.003699540494
29.22	0.003668167614
29.23	0.003636047139
29.24	0.00360319173
29.25	0.003569614162
29.26	0.003535327314
29.27	0.003500344173
29.28	0.003464677823
29.29	0.003428341446
29.3	0.003391348313
29.31	0.003353711785
29.32	0.003315445308
29.33	0.003276562407
29.34	0.003237076683
29.35	0.00319700181
29.36	0.00315635153
29.37	0.003115139649
29.38	0.003073380036
29.39	0.003031086613
29.4	0.002988273358
29.41	0.002944954296
29.42	0.002901143499
29.43	0.002856855078
29.44	0.002812103182
29.45	0.002766901995
29.46	0.002721265728
29.47	0.002675208621
29.48	0.002628744934
29.49	0.002581888946
29.5	0.00253465495
29.51	0.002487057252
29.52	0.002439110162
29.53	0.002390827996
29.54	0.002342225069
29.55	0.002293315692
29.56	0.002244114167
29.57	0.002194634789
29.58	0.002144891834
29.59	0.002094899562
29.6	0.002044672211
29.61	0.001994223995
29.62	0.001943569096
29.63	0.001892721666
29.64	0.001841695823
29.65	0.001790505642
29.66	0.00173916516
29.67	0.001687688365
29.68	0.001636089198
29.69	0.001584381547
29.7	0.001532579245
29.71	0.001480696066
29.72	0.001428745722
29.73	0.001376741861
29.74	0.001324698063
29.75	0.001272627836
29.76	0.001220544614
29.77	0.001168461755
29.78	0.001116392536
29.79	0.001064350151
29.8	0.001012347709
29.81	0.000960398231
29.82	0.0009085146445
29.83	0.0008567097845
29.84	0.0008049963885
29.85	0.0007533870948
29.86	0.0007018944394
29.87	0.0006505308536
29.88	0.0005993086614
29.89	0.0005482400772
29.9	0.0004973372027
29.91	0.0004466120256
29.92	0.0003960764161
29.93	0.0003457421252
29.94	0.0002956207823
29.95	0.000245723893
29.96	0.0001960628367
29.97	0.0001466488646
29.98	9.749309782e-05
29.99	4.860652487e-05
30	1.662849579e-17
