temps	angle
0	0
0.01	0.3288526023
0.02	0.6555764918
0.03	0.9800239435
0.04	1.302049234
0.05	1.621508701
0.06	1.938260801
0.07	2.252166169
0.08	2.56308767
0.09	2.870890455
0.1	3.175442014
0.11	3.476612226
0.12	3.774273408
0.13	4.068300365
0.14	4.358570437
0.15	4.644963542
0.16	4.927362218
0.17	5.205651671
0.18	5.479719811
0.19	5.749457288
0.2	6.014757539
0.21	6.275516813
0.22	6.531634211
0.23	6.783011719
0.24	7.029554235
0.25	7.2711696
0.26	7.50776863
0.27	7.739265133
0.28	7.965575943
0.29	8.186620935
0.3	8.40232305
0.31	8.612608316
0.32	8.817405862
0.33	9.016647936
0.34	9.210269921
0.35	9.398210345
0.36	9.580410896
0.37	9.756816427
0.38	9.927374969
0.39	10.09203774
0.4	10.25075913
0.41	10.40349673
0.42	10.55021134
0.43	10.69086692
0.44	10.82543064
0.45	10.95387286
0.46	11.07616712
0.47	11.19229013
0.48	11.30222178
0.49	11.40594511
0.5	11.50344634
0.51	11.59471478
0.52	11.67974291
0.53	11.7585263
0.54	11.8310636
0.55	11.89735656
0.56	11.95740998
0.57	12.01123169
0.58	12.05883253
0.59	12.10022634
0.6	12.13542993
0.61	12.16446302
0.62	12.18734828
0.63	12.20411124
0.64	12.2147803
0.65	12.21938667
0.66	12.21796435
0.67	12.2105501
0.68	12.19718342
0.69	12.17790647
0.7	12.15276407
0.71	12.12180367
0.72	12.08507527
0.73	12.0426314
0.74	11.99452712
0.75	11.9408199
0.76	11.88156963
0.77	11.81683858
0.78	11.74669131
0.79	11.67119469
0.8	11.59041778
0.81	11.50443186
0.82	11.41331029
0.83	11.31712857
0.84	11.21596418
0.85	11.10989664
0.86	10.99900735
0.87	10.88337962
0.88	10.76309858
0.89	10.63825114
0.9	10.50892593
0.91	10.37521325
0.92	10.23720502
0.93	10.09499471
0.94	9.948677297
0.95	9.798349209
0.96	9.644108267
0.97	9.486053628
0.98	9.324285729
0.99	9.158906229
1	8.990017954
1.01	8.817724837
1.02	8.642131861
1.03	8.463345004
1.04	8.281471175
1.05	8.096618163
1.06	7.908894572
1.07	7.71840977
1.08	7.525273823
1.09	7.329597444
1.1	7.131491928
1.11	6.931069099
1.12	6.728441251
1.13	6.523721088
1.14	6.317021668
1.15	6.108456343
1.16	5.898138705
1.17	5.686182527
1.18	5.472701706
1.19	5.257810205
1.2	5.041622001
1.21	4.824251024
1.22	4.605811102
1.23	4.386415911
1.24	4.166178912
1.25	3.945213304
1.26	3.723631964
1.27	3.501547398
1.28	3.279071685
1.29	3.056316427
1.3	2.833392694
1.31	2.610410976
1.32	2.387481129
1.33	2.164712327
1.34	1.942213012
1.35	1.720090845
1.36	1.498452657
1.37	1.277404404
1.38	1.057051116
1.39	0.8374968549
1.4	0.6188446676
1.41	0.4011965413
1.42	0.18465336
1.43	-0.03068513827
1.44	-0.244720404
1.45	-0.457355117
1.46	-0.6684932274
1.47	-0.8780399945
1.48	-1.085902026
1.49	-1.291987316
1.5	-1.496205282
1.51	-1.698466798
1.52	-1.898684236
1.53	-2.096771492
1.54	-2.292644026
1.55	-2.48621889
1.56	-2.677414761
1.57	-2.866151972
1.58	-3.052352539
1.59	-3.235940188
1.6	-3.41684039
1.61	-3.594980376
1.62	-3.770289172
1.63	-3.942697616
1.64	-4.112138387
1.65	-4.278546021
1.66	-4.441856939
1.67	-4.60200946
1.68	-4.758943824
1.69	-4.91260221
1.7	-5.06292875
1.71	-5.209869548
1.72	-5.353372693
1.73	-5.493388273
1.74	-5.629868385
1.75	-5.762767153
1.76	-5.892040731
1.77	-6.017647316
1.78	-6.139547159
1.79	-6.257702564
1.8	-6.372077905
1.81	-6.482639622
1.82	-6.589356229
1.83	-6.692198318
1.84	-6.791138559
1.85	-6.886151702
1.86	-6.977214577
1.87	-7.064306092
1.88	-7.147407231
1.89	-7.226501053
1.9	-7.301572686
1.91	-7.372609322
1.92	-7.439600211
1.93	-7.502536654
1.94	-7.561411997
1.95	-7.616221618
1.96	-7.666962921
1.97	-7.713635323
1.98	-7.756240242
1.99	-7.794781087
2	-7.829263241
2.01	-7.859694048
2.02	-7.886082799
2.03	-7.908440713
2.04	-7.926780923
2.05	-7.941118456
2.06	-7.951470214
2.07	-7.957854956
2.08	-7.960293279
2.09	-7.958807591
2.1	-7.953422096
2.11	-7.944162768
2.12	-7.931057328
2.13	-7.914135219
2.14	-7.893427584
2.15	-7.868967237
2.16	-7.84078864
2.17	-7.808927876
2.18	-7.773422618
2.19	-7.734312104
2.2	-7.69163711
2.21	-7.645439917
2.22	-7.595764282
2.23	-7.54265541
2.24	-7.486159922
2.25	-7.426325823
2.26	-7.363202468
2.27	-7.296840537
2.28	-7.227291993
2.29	-7.154610055
2.3	-7.078849163
2.31	-7.000064942
2.32	-6.918314171
2.33	-6.833654743
2.34	-6.746145637
2.35	-6.655846877
2.36	-6.562819496
2.37	-6.467125506
2.38	-6.368827855
2.39	-6.267990394
2.4	-6.164677838
2.41	-6.058955732
2.42	-5.950890412
2.43	-5.840548968
2.44	-5.727999205
2.45	-5.61330961
2.46	-5.496549308
2.47	-5.37778803
2.48	-5.25709607
2.49	-5.134544253
2.5	-5.01020389
2.51	-4.884146746
2.52	-4.756445
2.53	-4.627171207
2.54	-4.496398258
2.55	-4.364199346
2.56	-4.230647927
2.57	-4.09581768
2.58	-3.959782473
2.59	-3.822616322
2.6	-3.684393358
2.61	-3.545187785
2.62	-3.405073848
2.63	-3.264125793
2.64	-3.122417832
2.65	-2.980024104
2.66	-2.837018645
2.67	-2.693475345
2.68	-2.549467919
2.69	-2.405069867
2.7	-2.260354442
2.71	-2.115394615
2.72	-1.97026304
2.73	-1.825032019
2.74	-1.679773475
2.75	-1.534558909
2.76	-1.389459376
2.77	-1.244545449
2.78	-1.099887187
2.79	-0.9555541032
2.8	-0.811615138
2.81	-0.668138624
2.82	-0.5251922585
2.83	-0.3828430731
2.84	-0.2411574055
2.85	-0.1002008704
2.86	0.03996166772
2.87	0.1792661228
2.88	0.3176492131
2.89	0.4550484884
2.9	0.5914023549
2.91	0.7266501008
2.92	0.8607319206
2.93	0.9935889392
2.94	1.125163235
2.95	1.255397864
2.96	1.38423688
2.97	1.511625355
2.98	1.637509405
2.99	1.761836206
3	1.884554014
3.01	2.005612186
3.02	2.124961196
3.03	2.242552655
3.04	2.358339325
3.05	2.472275137
3.06	2.584315209
3.07	2.694415856
3.08	2.802534607
3.09	2.908630219
3.1	3.01266269
3.11	3.114593269
3.12	3.214384471
3.13	3.312000084
3.14	3.407405182
3.15	3.500566133
3.16	3.59145061
3.17	3.680027595
3.18	3.766267391
3.19	3.850141624
3.2	3.931623255
3.21	4.010686578
3.22	4.08730723
3.23	4.161462195
3.24	4.233129803
3.25	4.302289737
3.26	4.368923033
3.27	4.433012079
3.28	4.494540622
3.29	4.553493759
3.3	4.609857945
3.31	4.663620985
3.32	4.714772036
3.33	4.763301602
3.34	4.80920153
3.35	4.85246501
3.36	4.893086565
3.37	4.931062049
3.38	4.966388641
3.39	4.999064837
3.4	5.029090445
3.41	5.056466573
3.42	5.081195627
3.43	5.103281297
3.44	5.122728549
3.45	5.139543614
3.46	5.153733982
3.47	5.165308383
3.48	5.174276782
3.49	5.180650364
3.5	5.184441521
3.51	5.185663839
3.52	5.184332085
3.53	5.180462191
3.54	5.174071242
3.55	5.165177456
3.56	5.153800174
3.57	5.13995984
3.58	5.123677986
3.59	5.104977211
3.6	5.083881172
3.61	5.060414556
3.62	5.034603071
3.63	5.006473418
3.64	4.976053281
3.65	4.943371302
3.66	4.90845706
3.67	4.871341057
3.68	4.832054692
3.69	4.790630241
3.7	4.747100841
3.71	4.701500459
3.72	4.653863881
3.73	4.604226681
3.74	4.552625205
3.75	4.499096547
3.76	4.443678522
3.77	4.38640965
3.78	4.327329128
3.79	4.266476809
3.8	4.203893178
3.81	4.139619327
3.82	4.073696933
3.83	4.006168234
3.84	3.937076001
3.85	3.866463522
3.86	3.794374568
3.87	3.720853377
3.88	3.645944623
3.89	3.569693396
3.9	3.492145174
3.91	3.413345802
3.92	3.333341463
3.93	3.252178657
3.94	3.169904175
3.95	3.086565071
3.96	3.002208646
3.97	2.916882412
3.98	2.830634076
3.99	2.743511512
4	2.655562738
4.01	2.566835888
4.02	2.477379192
4.03	2.387240949
4.04	2.296469506
4.05	2.205113229
4.06	2.113220483
4.07	2.020839607
4.08	1.928018891
4.09	1.834806552
4.1	1.74125071
4.11	1.647399367
4.12	1.553300383
4.13	1.459001453
4.14	1.364550084
4.15	1.269993574
4.16	1.175378991
4.17	1.08075315
4.18	0.9861625881
4.19	0.8916535511
4.2	0.7972719656
4.21	0.7030634214
4.22	0.6090731508
4.23	0.515346008
4.24	0.4219264499
4.25	0.3288585163
4.26	0.2361858109
4.27	0.1439514824
4.28	0.05219820613
4.29	-0.03903183406
4.3	-0.1296969637
4.31	-0.2197560351
4.32	-0.3091684443
4.33	-0.3978941478
4.34	-0.485893679
4.35	-0.5731281638
4.36	-0.6595593367
4.37	-0.7451495553
4.38	-0.8298618156
4.39	-0.913659766
4.4	-0.9965077216
4.41	-1.078370677
4.42	-1.159214321
4.43	-1.239005047
4.44	-1.317709968
4.45	-1.395296924
4.46	-1.471734501
4.47	-1.546992034
4.48	-1.621039622
4.49	-1.693848136
4.5	-1.765389232
4.51	-1.835635357
4.52	-1.904559757
4.53	-1.972136491
4.54	-2.038340431
4.55	-2.103147276
4.56	-2.166533556
4.57	-2.228476638
4.58	-2.288954735
4.59	-2.347946908
4.6	-2.405433075
4.61	-2.461394012
4.62	-2.51581136
4.63	-2.568667627
4.64	-2.619946193
4.65	-2.669631313
4.66	-2.717708117
4.67	-2.764162615
4.68	-2.808981697
4.69	-2.852153136
4.7	-2.893665584
4.71	-2.933508579
4.72	-2.97167254
4.73	-3.008148768
4.74	-3.042929446
4.75	-3.076007634
4.76	-3.107377272
4.77	-3.137033174
4.78	-3.164971028
4.79	-3.19118739
4.8	-3.215679683
4.81	-3.238446192
4.82	-3.259486059
4.83	-3.278799281
4.84	-3.296386701
4.85	-3.312250005
4.86	-3.326391718
4.87	-3.338815191
4.88	-3.349524602
4.89	-3.358524946
4.9	-3.365822025
4.91	-3.371422445
4.92	-3.375333605
4.93	-3.37756369
4.94	-3.37812166
4.95	-3.377017244
4.96	-3.374260929
4.97	-3.369863951
4.98	-3.363838282
4.99	-3.356196626
5	-3.346952402
5.01	-3.336119737
5.02	-3.323713453
5.03	-3.309749057
5.04	-3.294242726
5.05	-3.277211301
5.06	-3.25867227
5.07	-3.238643754
5.08	-3.217144502
5.09	-3.194193869
5.1	-3.169811809
5.11	-3.14401886
5.12	-3.116836128
5.13	-3.088285278
5.14	-3.058388515
5.15	-3.027168573
5.16	-2.994648701
5.17	-2.960852645
5.18	-2.925804637
5.19	-2.889529379
5.2	-2.852052029
5.21	-2.813398182
5.22	-2.77359386
5.23	-2.732665494
5.24	-2.690639908
5.25	-2.647544306
5.26	-2.603406253
5.27	-2.558253662
5.28	-2.512114777
5.29	-2.465018158
5.3	-2.416992664
5.31	-2.368067437
5.32	-2.318271888
5.33	-2.267635679
5.34	-2.216188705
5.35	-2.163961085
5.36	-2.110983137
5.37	-2.057285368
5.38	-2.002898457
5.39	-1.947853235
5.4	-1.892180675
5.41	-1.835911871
5.42	-1.779078023
5.43	-1.721710425
5.44	-1.663840443
5.45	-1.605499504
5.46	-1.546719076
5.47	-1.487530657
5.48	-1.427965756
5.49	-1.368055878
5.5	-1.30783251
5.51	-1.247327103
5.52	-1.18657106
5.53	-1.125595718
5.54	-1.064432335
5.55	-1.003112074
5.56	-0.9416659896
5.57	-0.8801250108
5.58	-0.8185199294
5.59	-0.7568813839
5.6	-0.6952398461
5.61	-0.6336256071
5.62	-0.5720687633
5.63	-0.5105992028
5.64	-0.4492465923
5.65	-0.3880403633
5.66	-0.3270096995
5.67	-0.2661835237
5.68	-0.2055904855
5.69	-0.1452589483
5.7	-0.08521697756
5.71	-0.02549232869
5.72	0.03388756487
5.73	0.09289560305
5.74	0.1515050306
5.75	0.2096894479
5.76	0.2674228222
5.77	0.3246794978
5.78	0.3814342068
5.79	0.4376620789
5.8	0.4933386511
5.81	0.5484398777
5.82	0.6029421395
5.83	0.6568222525
5.84	0.7100574771
5.85	0.7626255264
5.86	0.8145045744
5.87	0.8656732643
5.88	0.9161107155
5.89	0.9657965319
5.9	1.014710808
5.91	1.062834137
5.92	1.110147617
5.93	1.156632854
5.94	1.202271975
5.95	1.247047626
5.96	1.290942983
5.97	1.333941755
5.98	1.376028187
5.99	1.417187067
6	1.457403731
6.01	1.496664063
6.02	1.534954504
6.03	1.57226205
6.04	1.608574259
6.05	1.64387925
6.06	1.678165712
6.07	1.711422897
6.08	1.74364063
6.09	1.774809306
6.1	1.804919894
6.11	1.833963934
6.12	1.861933544
6.13	1.888821415
6.14	1.914620811
6.15	1.939325574
6.16	1.96293012
6.17	1.985429437
6.18	2.006819087
6.19	2.027095203
6.2	2.046254488
6.21	2.064294215
6.22	2.08121222
6.23	2.097006906
6.24	2.111677234
6.25	2.125222726
6.26	2.137643459
6.27	2.14894006
6.28	2.159113707
6.29	2.16816612
6.3	2.176099562
6.31	2.182916828
6.32	2.18862125
6.33	2.193216681
6.34	2.196707499
6.35	2.199098598
6.36	2.200395381
6.37	2.200603759
6.38	2.19973014
6.39	2.197781424
6.4	2.194765002
6.41	2.19068874
6.42	2.185560982
6.43	2.179390534
6.44	2.172186666
6.45	2.163959097
6.46	2.154717992
6.47	2.144473952
6.48	2.133238007
6.49	2.12102161
6.5	2.107836625
6.51	2.093695322
6.52	2.078610366
6.53	2.062594811
6.54	2.045662089
6.55	2.027826003
6.56	2.009100716
6.57	1.989500743
6.58	1.969040944
6.59	1.947736509
6.6	1.925602954
6.61	1.90265611
6.62	1.87891211
6.63	1.854387384
6.64	1.829098648
6.65	1.803062892
6.66	1.776297369
6.67	1.748819592
6.68	1.720647316
6.69	1.69179853
6.7	1.66229145
6.71	1.632144505
6.72	1.601376329
6.73	1.570005748
6.74	1.538051773
6.75	1.505533587
6.76	1.472470534
6.77	1.438882113
6.78	1.404787961
6.79	1.370207849
6.8	1.335161666
6.81	1.299669411
6.82	1.263751185
6.83	1.227427175
6.84	1.190717648
6.85	1.153642938
6.86	1.116223439
6.87	1.07847959
6.88	1.040431867
6.89	1.002100776
6.9	0.9635068345
6.91	0.9246705706
6.92	0.8856125065
6.93	0.846353151
6.94	0.8069129892
6.95	0.7673124724
6.96	0.7275720081
6.97	0.6877119508
6.98	0.6477525917
6.99	0.6077141496
7	0.567616761
7.01	0.527480471
7.02	0.4873252238
7.03	0.4471708538
7.04	0.4070370761
7.05	0.3669434778
7.06	0.3269095092
7.07	0.2869544749
7.08	0.2470975252
7.09	0.2073576478
7.1	0.1677536593
7.11	0.1283041967
7.12	0.08902771009
7.13	0.04994245392
7.14	0.01106647965
7.15	-0.02758237207
7.16	-0.06598647884
7.17	-0.1041284439
7.18	-0.1419911032
7.19	-0.1795575327
7.2	-0.216811055
7.21	-0.253735246
7.22	-0.2903139419
7.23	-0.3265312451
7.24	-0.3623715304
7.25	-0.3978194516
7.26	-0.4328599467
7.27	-0.467478244
7.28	-0.5016598676
7.29	-0.5353906425
7.3	-0.5686567
7.31	-0.6014444826
7.32	-0.6337407488
7.33	-0.6655325776
7.34	-0.6968073731
7.35	-0.7275528687
7.36	-0.7577571311
7.37	-0.7874085642
7.38	-0.8164959127
7.39	-0.8450082658
7.4	-0.8729350603
7.41	-0.9002660837
7.42	-0.9269914772
7.43	-0.9531017385
7.44	-0.9785877242
7.45	-1.003440652
7.46	-1.027652104
7.47	-1.051214025
7.48	-1.074118731
7.49	-1.096358904
7.5	-1.117927596
7.51	-1.138818232
7.52	-1.159024608
7.53	-1.178540894
7.54	-1.197361633
7.55	-1.215481742
7.56	-1.232896515
7.57	-1.249601617
7.58	-1.265593089
7.59	-1.280867348
7.6	-1.295421181
7.61	-1.309251751
7.62	-1.322356593
7.63	-1.334733611
7.64	-1.346381081
7.65	-1.357297646
7.66	-1.367482318
7.67	-1.376934473
7.68	-1.385653851
7.69	-1.393640553
7.7	-1.40089504
7.71	-1.407418129
7.72	-1.413210992
7.73	-1.418275152
7.74	-1.42261248
7.75	-1.426225196
7.76	-1.429115858
7.77	-1.431287368
7.78	-1.43274296
7.79	-1.433486202
7.8	-1.43352099
7.81	-1.432851547
7.82	-1.431482412
7.83	-1.429418443
7.84	-1.426664812
7.85	-1.423226996
7.86	-1.419110777
7.87	-1.414322233
7.88	-1.408867738
7.89	-1.402753956
7.9	-1.395987833
7.91	-1.388576593
7.92	-1.380527736
7.93	-1.371849028
7.94	-1.362548501
7.95	-1.352634441
7.96	-1.342115388
7.97	-1.331000126
7.98	-1.319297681
7.99	-1.307017312
8	-1.294168509
8.01	-1.280760982
8.02	-1.266804657
8.03	-1.252309672
8.04	-1.237286368
8.05	-1.221745283
8.06	-1.205697147
8.07	-1.189152875
8.08	-1.17212356
8.09	-1.154620467
8.1	-1.136655026
8.11	-1.118238826
8.12	-1.099383607
8.13	-1.080101257
8.14	-1.0604038
8.15	-1.040303394
8.16	-1.019812319
8.17	-0.9989429768
8.18	-0.9777078794
8.19	-0.9561196436
8.2	-0.9341909841
8.21	-0.9119347069
8.22	-0.8893637023
8.23	-0.8664909378
8.24	-0.8433294518
8.25	-0.8198923465
8.26	-0.7961927808
8.27	-0.7722439641
8.28	-0.7480591491
8.29	-0.723651625
8.3	-0.6990347111
8.31	-0.6742217495
8.32	-0.6492260992
8.33	-0.6240611287
8.34	-0.5987402098
8.35	-0.5732767109
8.36	-0.5476839905
8.37	-0.5219753905
8.38	-0.49616423
8.39	-0.4702637989
8.4	-0.4442873512
8.41	-0.418248099
8.42	-0.3921592065
8.43	-0.3660337832
8.44	-0.3398848782
8.45	-0.3137254741
8.46	-0.2875684811
8.47	-0.2614267308
8.48	-0.2353129706
8.49	-0.209239858
8.5	-0.1832199548
8.51	-0.1572657213
8.52	-0.1313895114
8.53	-0.1056035665
8.54	-0.07992001048
8.55	-0.05435084444
8.56	-0.02890794153
8.57	-0.003603041832
8.58	0.02155225255
8.59	0.04654648241
8.6	0.07136833619
8.61	0.09600665465
8.62	0.1204504354
8.63	0.1446888376
8.64	0.1687111857
8.65	0.1925069747
8.66	0.2160658732
8.67	0.2393777282
8.68	0.2624325688
8.69	0.2852206097
8.7	0.3077322554
8.71	0.3299581036
8.72	0.3518889484
8.73	0.373515784
8.74	0.3948298076
8.75	0.4158224229
8.76	0.4364852428
8.77	0.4568100922
8.78	0.4767890111
8.79	0.4964142569
8.8	0.515678307
8.81	0.5345738612
8.82	0.5530938439
8.83	0.5712314065
8.84	0.5889799288
8.85	0.6063330217
8.86	0.6232845281
8.87	0.6398285253
8.88	0.6559593259
8.89	0.6716714797
8.9	0.6869597745
8.91	0.7018192375
8.92	0.7162451363
8.93	0.7302329797
8.94	0.7437785185
8.95	0.7568777462
8.96	0.7695268995
8.97	0.7817224584
8.98	0.7934611469
8.99	0.8047399331
9	0.8155560288
9.01	0.82590689
9.02	0.8357902163
9.03	0.8452039505
9.04	0.8541462787
9.05	0.8626156289
9.06	0.8706106712
9.07	0.8781303165
9.08	0.8851737154
9.09	0.891740258
9.1	0.8978295717
9.11	0.9034415208
9.12	0.9085762048
9.13	0.913233957
9.14	0.917415343
9.15	0.9211211588
9.16	0.9243524294
9.17	0.9271104065
9.18	0.9293965669
9.19	0.9312126103
9.2	0.932560457
9.21	0.9334422459
9.22	0.9338603319
9.23	0.9338172836
9.24	0.9333158805
9.25	0.9323591109
9.26	0.9309501687
9.27	0.9290924506
9.28	0.9267895537
9.29	0.9240452721
9.3	0.9208635938
9.31	0.917248698
9.32	0.9132049515
9.33	0.9087369056
9.34	0.903849293
9.35	0.8985470237
9.36	0.8928351824
9.37	0.8867190242
9.38	0.8802039716
9.39	0.8732956104
9.4	0.8659996862
9.41	0.8583221005
9.42	0.8502689071
9.43	0.8418463078
9.44	0.8330606491
9.45	0.8239184174
9.46	0.8144262356
9.47	0.8045908591
9.48	0.794419171
9.49	0.7839181787
9.5	0.7730950093
9.51	0.7619569055
9.52	0.7505112213
9.53	0.7387654178
9.54	0.726727059
9.55	0.7144038071
9.56	0.7018034185
9.57	0.6889337393
9.58	0.6758027009
9.59	0.6624183155
9.6	0.6487886722
9.61	0.6349219316
9.62	0.6208263223
9.63	0.6065101359
9.64	0.591981723
9.65	0.577249488
9.66	0.5623218857
9.67	0.5472074157
9.68	0.531914619
9.69	0.5164520727
9.7	0.5008283863
9.71	0.4850521968
9.72	0.4691321643
9.73	0.4530769679
9.74	0.4368953011
9.75	0.4205958675
9.76	0.4041873765
9.77	0.3876785391
9.78	0.3710780631
9.79	0.3543946495
9.8	0.337636988
9.81	0.3208137526
9.82	0.3039335978
9.83	0.2870051541
9.84	0.2700370244
9.85	0.2530377792
9.86	0.2360159533
9.87	0.2189800414
9.88	0.2019384945
9.89	0.1848997156
9.9	0.1678720562
9.91	0.1508638122
9.92	0.1338832206
9.93	0.1169384554
9.94	0.1000376241
9.95	0.08318876407
9.96	0.06639983928
9.97	0.04967873645
9.98	0.03303326185
9.99	0.01647113793
10	6.402015261e-16
10.01	-0.01637260699
10.02	-0.03263923162
10.03	-0.04879251908
10.04	-0.06482521422
10.05	-0.08073016454
10.06	-0.09650032302
10.07	-0.112128751
10.08	-0.1276086211
10.09	-0.1429332194
10.1	-0.1580959487
10.11	-0.1730903306
10.12	-0.1879100082
10.13	-0.2025487484
10.14	-0.2170004444
10.15	-0.2312591174
10.16	-0.2453189196
10.17	-0.2591741357
10.18	-0.2728191848
10.19	-0.2862486231
10.2	-0.2994571448
10.21	-0.3124395846
10.22	-0.325190919
10.23	-0.3377062682
10.24	-0.3499808973
10.25	-0.362010218
10.26	-0.3737897901
10.27	-0.3853153223
10.28	-0.3965826741
10.29	-0.4075878562
10.3	-0.4183270321
10.31	-0.4287965191
10.32	-0.4389927885
10.33	-0.4489124673
10.34	-0.4585523383
10.35	-0.467909341
10.36	-0.4769805723
10.37	-0.4857632865
10.38	-0.4942548963
10.39	-0.5024529727
10.4	-0.5103552455
10.41	-0.5179596031
10.42	-0.5252640932
10.43	-0.5322669222
10.44	-0.5389664554
10.45	-0.545361217
10.46	-0.5514498895
10.47	-0.5572313137
10.48	-0.5627044883
10.49	-0.5678685691
10.5	-0.5727228692
10.51	-0.5772668576
10.52	-0.5815001589
10.53	-0.5854225526
10.54	-0.5890339723
10.55	-0.5923345046
10.56	-0.5953243884
10.57	-0.5980040134
10.58	-0.6003739198
10.59	-0.6024347963
10.6	-0.6041874794
10.61	-0.6056329521
10.62	-0.6067723421
10.63	-0.6076069209
10.64	-0.608138102
10.65	-0.6083674395
10.66	-0.6082966263
10.67	-0.6079274928
10.68	-0.6072620048
10.69	-0.6063022619
10.7	-0.6050504958
10.71	-0.6035090681
10.72	-0.6016804685
10.73	-0.599567313
10.74	-0.5971723417
10.75	-0.5944984165
10.76	-0.5915485195
10.77	-0.5883257501
10.78	-0.5848333235
10.79	-0.581074568
10.8	-0.5770529227
10.81	-0.5727719353
10.82	-0.5682352598
10.83	-0.5634466536
10.84	-0.5584099757
10.85	-0.5531291834
10.86	-0.5476083307
10.87	-0.541851565
10.88	-0.5358631247
10.89	-0.5296473368
10.9	-0.5232086138
10.91	-0.5165514516
10.92	-0.5096804264
10.93	-0.5026001919
10.94	-0.4953154768
10.95	-0.487831082
10.96	-0.4801518776
10.97	-0.4722828005
10.98	-0.4642288511
10.99	-0.4559950906
11	-0.4475866385
11.01	-0.4390086693
11.02	-0.4302664098
11.03	-0.4213651363
11.04	-0.4123101716
11.05	-0.403106882
11.06	-0.3937606748
11.07	-0.3842769949
11.08	-0.3746613223
11.09	-0.364919169
11.1	-0.3550560762
11.11	-0.3450776111
11.12	-0.3349893646
11.13	-0.3247969478
11.14	-0.3145059897
11.15	-0.3041221336
11.16	-0.2936510349
11.17	-0.2830983582
11.18	-0.272469774
11.19	-0.2617709562
11.2	-0.2510075793
11.21	-0.2401853155
11.22	-0.2293098322
11.23	-0.2183867888
11.24	-0.2074218343
11.25	-0.1964206045
11.26	-0.1853887191
11.27	-0.1743317797
11.28	-0.1632553662
11.29	-0.1521650349
11.3	-0.1410663158
11.31	-0.1299647097
11.32	-0.1188656862
11.33	-0.1077746806
11.34	-0.09669709201
11.35	-0.0856382805
11.36	-0.0746035649
11.37	-0.06359822039
11.38	-0.05262747617
11.39	-0.04169651317
11.4	-0.03081046177
11.41	-0.01997439963
11.42	-0.00919334946
11.43	0.001527723077
11.44	0.01218391148
11.45	0.02277037048
11.46	0.03328231801
11.47	0.04371503724
11.48	0.05406387842
11.49	0.06432426085
11.5	0.07449167466
11.51	0.08456168262
11.52	0.09452992186
11.53	0.1043921056
11.54	0.1141440249
11.55	0.1237815499
11.56	0.1333006318
11.57	0.1426973042
11.58	0.1519676845
11.59	0.1611079754
11.6	0.1701144661
11.61	0.1789835338
11.62	0.1877116448
11.63	0.1962953558
11.64	0.204731315
11.65	0.2130162633
11.66	0.2211470351
11.67	0.2291205596
11.68	0.2369338615
11.69	0.2445840621
11.7	0.2520683798
11.71	0.2593841314
11.72	0.2665287323
11.73	0.2734996975
11.74	0.2802946422
11.75	0.2869112822
11.76	0.2933474347
11.77	0.2996010184
11.78	0.3056700541
11.79	0.3115526654
11.8	0.3172470783
11.81	0.322751622
11.82	0.3280647291
11.83	0.3331849352
11.84	0.3381108797
11.85	0.3428413056
11.86	0.3473750592
11.87	0.3517110904
11.88	0.3558484525
11.89	0.359786302
11.9	0.3635238985
11.91	0.3670606044
11.92	0.3703958843
11.93	0.3735293053
11.94	0.3764605361
11.95	0.3791893464
11.96	0.3817156071
11.97	0.3840392892
11.98	0.3861604632
11.99	0.3880792989
12	0.3897960642
12.01	0.3913111249
12.02	0.3926249435
12.03	0.3937380785
12.04	0.3946511838
12.05	0.3953650075
12.06	0.3958803912
12.07	0.3961982688
12.08	0.3963196657
12.09	0.3962456977
12.1	0.3959775697
12.11	0.3955165749
12.12	0.3948640934
12.13	0.3940215912
12.14	0.3929906188
12.15	0.3917728098
12.16	0.3903698801
12.17	0.388783626
12.18	0.3870159233
12.19	0.3850687255
12.2	0.3829440627
12.21	0.3806440398
12.22	0.3781708356
12.23	0.3755267006
12.24	0.3727139559
12.25	0.3697349915
12.26	0.3665922647
12.27	0.3632882987
12.28	0.3598256806
12.29	0.35620706
12.3	0.3524351473
12.31	0.3485127119
12.32	0.3444425806
12.33	0.3402276359
12.34	0.3358708141
12.35	0.3313751035
12.36	0.3267435429
12.37	0.3219792197
12.38	0.3170852678
12.39	0.3120648663
12.4	0.306921237
12.41	0.3016576433
12.42	0.2962773878
12.43	0.2907838108
12.44	0.285180288
12.45	0.2794702293
12.46	0.2736570762
12.47	0.2677443003
12.48	0.2617354015
12.49	0.2556339057
12.5	0.2494433636
12.51	0.243167348
12.52	0.2368094524
12.53	0.2303732892
12.54	0.2238624875
12.55	0.2172806912
12.56	0.2106315576
12.57	0.2039187549
12.58	0.1971459607
12.59	0.1903168602
12.6	0.183435144
12.61	0.1765045066
12.62	0.1695286445
12.63	0.162511254
12.64	0.1554560301
12.65	0.1483666638
12.66	0.1412468412
12.67	0.1341002412
12.68	0.1269305336
12.69	0.1197413779
12.7	0.1125364212
12.71	0.1053192963
12.72	0.09809362065
12.73	0.09086299392
12.74	0.08363099683
12.75	0.07640118932
12.76	0.06917710896
12.77	0.06196226936
12.78	0.05476015855
12.79	0.04757423746
12.8	0.04040793836
12.81	0.03326466335
12.82	0.02614778288
12.83	0.01906063425
12.84	0.01200652023
12.85	0.004988707587
12.86	-0.001989574283
12.87	-0.00892513471
12.88	-0.01581482309
12.89	-0.0226555302
12.9	-0.02944418948
12.91	-0.03617777825
12.92	-0.04285331898
12.93	-0.04946788045
12.94	-0.05601857893
12.95	-0.0625025793
12.96	-0.06891709616
12.97	-0.07525939488
12.98	-0.08152679269
12.99	-0.08771665962
13	-0.09382641953
13.01	-0.09985355102
13.02	-0.1057955884
13.03	-0.1116501223
13.04	-0.1174148012
13.05	-0.1230873313
13.06	-0.128665478
13.07	-0.1341470664
13.08	-0.1395299821
13.09	-0.1448121716
13.1	-0.1499916433
13.11	-0.155066468
13.12	-0.1600347794
13.13	-0.1648947746
13.14	-0.1696447147
13.15	-0.1742829254
13.16	-0.1788077971
13.17	-0.1832177855
13.18	-0.1875114121
13.19	-0.1916872643
13.2	-0.1957439958
13.21	-0.1996803268
13.22	-0.2034950445
13.23	-0.2071870028
13.24	-0.2107551229
13.25	-0.2141983933
13.26	-0.2175158697
13.27	-0.2207066755
13.28	-0.2237700012
13.29	-0.2267051051
13.3	-0.2295113127
13.31	-0.2321880168
13.32	-0.2347346777
13.33	-0.2371508225
13.34	-0.2394360454
13.35	-0.2415900072
13.36	-0.2436124353
13.37	-0.2455031233
13.38	-0.2472619308
13.39	-0.2488887828
13.4	-0.2503836698
13.41	-0.251746647
13.42	-0.2529778341
13.43	-0.2540774148
13.44	-0.2550456365
13.45	-0.2558828093
13.46	-0.2565893061
13.47	-0.2571655616
13.48	-0.2576120719
13.49	-0.2579293939
13.5	-0.2581181445
13.51	-0.2581790001
13.52	-0.258112696
13.53	-0.2579200253
13.54	-0.2576018387
13.55	-0.2571590431
13.56	-0.2565926016
13.57	-0.255903532
13.58	-0.2550929062
13.59	-0.2541618494
13.6	-0.2531115395
13.61	-0.2519432055
13.62	-0.2506581273
13.63	-0.2492576344
13.64	-0.2477431049
13.65	-0.246115965
13.66	-0.2443776872
13.67	-0.2425297902
13.68	-0.2405738373
13.69	-0.2385114354
13.7	-0.2363442341
13.71	-0.2340739248
13.72	-0.2317022392
13.73	-0.2292309486
13.74	-0.2266618624
13.75	-0.2239968274
13.76	-0.2212377264
13.77	-0.2183864771
13.78	-0.2154450311
13.79	-0.2124153726
13.8	-0.2092995171
13.81	-0.2060995105
13.82	-0.2028174277
13.83	-0.1994553717
13.84	-0.196015472
13.85	-0.1924998837
13.86	-0.188910786
13.87	-0.1852503815
13.88	-0.1815208942
13.89	-0.1777245692
13.9	-0.1738636705
13.91	-0.1699404808
13.92	-0.1659572993
13.93	-0.1619164412
13.94	-0.1578202359
13.95	-0.1536710262
13.96	-0.1494711671
13.97	-0.145223024
13.98	-0.1409289723
13.99	-0.1365913952
14	-0.1322126836
14.01	-0.1277952338
14.02	-0.1233414472
14.03	-0.1188537284
14.04	-0.1143344843
14.05	-0.1097861231
14.06	-0.1052110527
14.07	-0.1006116797
14.08	-0.09599040834
14.09	-0.09134963924
14.1	-0.08669176815
14.11	-0.08201918494
14.12	-0.07733427239
14.13	-0.07263940509
14.14	-0.06793694831
14.15	-0.0632292569
14.16	-0.0585186742
14.17	-0.05380753094
14.18	-0.0490981442
14.19	-0.04439281631
14.2	-0.03969383386
14.21	-0.03500346663
14.22	-0.0303239666
14.23	-0.02565756693
14.24	-0.02100648101
14.25	-0.01637290143
14.26	-0.01175899911
14.27	-0.007166922294
14.28	-0.002598795657
14.29	0.001943280591
14.3	0.0064572316
14.31	0.01094100875
14.32	0.01539259048
14.33	0.01980998314
14.34	0.02419122182
14.35	0.02853437108
14.36	0.03283752579
14.37	0.03709881185
14.38	0.04131638695
14.39	0.04548844124
14.4	0.04961319806
14.41	0.05368891463
14.42	0.05771388266
14.43	0.06168642899
14.44	0.06560491624
14.45	0.06946774337
14.46	0.07327334623
14.47	0.07702019816
14.48	0.08070681047
14.49	0.08433173296
14.5	0.0878935544
14.51	0.09139090301
14.52	0.09482244686
14.53	0.0981868943
14.54	0.1014829944
14.55	0.1047095372
14.56	0.1078653543
14.57	0.1109493187
14.58	0.1139603459
14.59	0.1168973933
14.6	0.119759461
14.61	0.122545592
14.62	0.1252548722
14.63	0.1278864308
14.64	0.1304394403
14.65	0.1329131167
14.66	0.1353067198
14.67	0.1376195531
14.68	0.1398509638
14.69	0.1420003432
14.7	0.1440671263
14.71	0.1460507922
14.72	0.1479508639
14.73	0.1497669084
14.74	0.1514985364
14.75	0.1531454024
14.76	0.1547072047
14.77	0.1561836851
14.78	0.157574629
14.79	0.1588798648
14.8	0.1600992642
14.81	0.161232742
14.82	0.1622802553
14.83	0.163241804
14.84	0.16411743
14.85	0.1649072175
14.86	0.1656112919
14.87	0.1662298202
14.88	0.1667630104
14.89	0.1672111111
14.9	0.1675744113
14.91	0.1678532398
14.92	0.168047965
14.93	0.1681589944
14.94	0.168186774
14.95	0.1681317884
14.96	0.1679945596
14.97	0.1677756469
14.98	0.1674756465
14.99	0.1670951909
15	0.1666349481
15.01	0.1660956214
15.02	0.1654779489
15.03	0.1647827026
15.04	0.1640106878
15.05	0.1631627431
15.06	0.1622397391
15.07	0.161242578
15.08	0.1601721933
15.09	0.1590295485
15.1	0.1578156373
15.11	0.1565314819
15.12	0.1551781334
15.13	0.1537566703
15.14	0.1522681981
15.15	0.1507138487
15.16	0.1490947796
15.17	0.147412173
15.18	0.1456672355
15.19	0.1438611968
15.2	0.1419953093
15.21	0.1400708476
15.22	0.1380891071
15.23	0.1360514038
15.24	0.1339590731
15.25	0.1318134694
15.26	0.1296159651
15.27	0.12736795
15.28	0.1250708302
15.29	0.1227260276
15.3	0.120334979
15.31	0.1178991354
15.32	0.115419961
15.33	0.1128989326
15.34	0.1103375386
15.35	0.1077372785
15.36	0.1050996618
15.37	0.1024262073
15.38	0.09971844241
15.39	0.09697790219
15.4	0.09420612863
15.41	0.09140466982
15.42	0.08857507918
15.43	0.08571891466
15.44	0.08283773791
15.45	0.07993311357
15.46	0.0770066084
15.47	0.07405979054
15.48	0.07109422873
15.49	0.06811149154
15.5	0.06511314658
15.51	0.06210075975
15.52	0.05907589447
15.53	0.05604011095
15.54	0.05299496542
15.55	0.04994200941
15.56	0.046882789
15.57	0.04381884409
15.58	0.04075170768
15.59	0.0376829052
15.6	0.03461395375
15.61	0.03154636142
15.62	0.02848162663
15.63	0.02542123742
15.64	0.02236667081
15.65	0.0193193921
15.66	0.01628085426
15.67	0.01325249729
15.68	0.01023574756
15.69	0.007232017189
15.7	0.004242703488
15.71	0.001269188311
15.72	-0.001687162509
15.73	-0.00462499974
15.74	-0.007542991314
15.75	-0.01043982288
15.76	-0.01331419833
15.77	-0.01616484036
15.78	-0.01899049093
15.79	-0.02178991184
15.8	-0.02456188515
15.81	-0.02730521369
15.82	-0.03001872152
15.83	-0.03270125439
15.84	-0.03535168016
15.85	-0.03796888922
15.86	-0.04055179493
15.87	-0.04309933399
15.88	-0.04561046683
15.89	-0.04808417796
15.9	-0.05051947638
15.91	-0.05291539586
15.92	-0.05527099528
15.93	-0.05758535898
15.94	-0.05985759701
15.95	-0.06208684542
15.96	-0.06427226658
15.97	-0.06641304935
15.98	-0.06850840941
15.99	-0.07055758939
16	-0.07255985918
16.01	-0.07451451604
16.02	-0.07642088484
16.03	-0.07827831818
16.04	-0.08008619659
16.05	-0.08184392862
16.06	-0.08355095101
16.07	-0.08520672876
16.08	-0.08681075524
16.09	-0.08836255226
16.1	-0.08986167014
16.11	-0.09130768778
16.12	-0.09270021267
16.13	-0.09403888091
16.14	-0.09532335722
16.15	-0.09655333496
16.16	-0.09772853609
16.17	-0.09884871112
16.18	-0.09991363907
16.19	-0.1009231275
16.2	-0.1018770121
16.21	-0.1027751572
16.22	-0.1036174551
16.23	-0.1044038262
16.24	-0.1051342188
16.25	-0.1058086092
16.26	-0.106427001
16.27	-0.1069894257
16.28	-0.1074959417
16.29	-0.1079466349
16.3	-0.1083416177
16.31	-0.1086810294
16.32	-0.1089650358
16.33	-0.1091938288
16.34	-0.1093676264
16.35	-0.1094866722
16.36	-0.1095512353
16.37	-0.1095616098
16.38	-0.1095181149
16.39	-0.109421094
16.4	-0.1092709152
16.41	-0.1090679701
16.42	-0.108812674
16.43	-0.1085054655
16.44	-0.1081468061
16.45	-0.1077371795
16.46	-0.107277092
16.47	-0.1067670713
16.48	-0.1062076665
16.49	-0.1055994479
16.5	-0.1049430062
16.51	-0.1042389521
16.52	-0.1034879164
16.53	-0.1026905489
16.54	-0.1018475183
16.55	-0.1009595118
16.56	-0.1000272347
16.57	-0.09905140952
16.58	-0.09803277608
16.59	-0.09697209073
16.6	-0.09587012593
16.61	-0.09472766981
16.62	-0.09354552567
16.63	-0.09232451149
16.64	-0.09106545946
16.65	-0.08976921546
16.66	-0.08843663857
16.67	-0.0870686006
16.68	-0.08566598554
16.69	-0.08422968907
16.7	-0.08276061806
16.71	-0.08125969006
16.72	-0.07972783277
16.73	-0.07816598352
16.74	-0.07657508878
16.75	-0.07495610361
16.76	-0.07330999116
16.77	-0.07163772213
16.78	-0.06994027428
16.79	-0.06821863186
16.8	-0.06647378514
16.81	-0.06470672984
16.82	-0.06291846664
16.83	-0.06111000067
16.84	-0.05928234092
16.85	-0.05743649983
16.86	-0.05557349266
16.87	-0.05369433706
16.88	-0.05180005251
16.89	-0.04989165982
16.9	-0.04797018064
16.91	-0.04603663692
16.92	-0.04409205041
16.93	-0.04213744219
16.94	-0.04017383216
16.95	-0.03820223852
16.96	-0.03622367731
16.97	-0.03423916191
16.98	-0.03224970257
16.99	-0.03025630592
17	-0.02825997449
17.01	-0.02626170627
17.02	-0.02426249424
17.03	-0.02226332587
17.04	-0.02026518273
17.05	-0.01826904002
17.06	-0.01627586608
17.07	-0.01428662206
17.08	-0.01230226138
17.09	-0.01032372939
17.1	-0.008351962902
17.11	-0.006387889814
17.12	-0.004432428689
17.13	-0.002486488368
17.14	-0.0005509675788
17.15	0.001373245444
17.16	0.003285273333
17.17	0.005184249954
17.18	0.007069320763
17.19	0.008939643156
17.2	0.01079438682
17.21	0.01263273404
17.22	0.01445388008
17.23	0.01625703342
17.24	0.01804141616
17.25	0.01980626423
17.26	0.02155082776
17.27	0.02327437129
17.28	0.02497617412
17.29	0.02665553052
17.3	0.02831175
17.31	0.02994415758
17.32	0.03155209399
17.33	0.03313491594
17.34	0.03469199632
17.35	0.03622272441
17.36	0.03772650609
17.37	0.03920276402
17.38	0.04065093783
17.39	0.0420704843
17.4	0.04346087753
17.41	0.04482160906
17.42	0.04615218805
17.43	0.04745214142
17.44	0.04872101393
17.45	0.04995836835
17.46	0.05116378554
17.47	0.05233686455
17.48	0.05347722271
17.49	0.05458449571
17.5	0.05565833767
17.51	0.05669842119
17.52	0.05770443741
17.53	0.05867609606
17.54	0.05961312547
17.55	0.0605152726
17.56	0.06138230306
17.57	0.06221400111
17.58	0.06301016965
17.59	0.0637706302
17.6	0.0644952229
17.61	0.06518380646
17.62	0.0658362581
17.63	0.06645247353
17.64	0.0670323669
17.65	0.06757587069
17.66	0.06808293566
17.67	0.06855353075
17.68	0.06898764303
17.69	0.06938527752
17.7	0.06974645715
17.71	0.07007122263
17.72	0.07035963228
17.73	0.07061176194
17.74	0.07082770481
17.75	0.07100757132
17.76	0.07115148894
17.77	0.07125960203
17.78	0.07133207169
17.79	0.07136907553
17.8	0.07137080756
17.81	0.07133747791
17.82	0.07126931269
17.83	0.07116655377
17.84	0.07102945855
17.85	0.07085829977
17.86	0.07065336525
17.87	0.07041495769
17.88	0.07014339441
17.89	0.06983900712
17.9	0.06950214166
17.91	0.06913315776
17.92	0.06873242876
17.93	0.06830034137
17.94	0.06783729538
17.95	0.0673437034
17.96	0.06681999056
17.97	0.06626659425
17.98	0.06568396382
17.99	0.06507256029
18	0.06443285605
18.01	0.06376533457
18.02	0.06307049007
18.03	0.06234882726
18.04	0.06160086098
18.05	0.06082711592
18.06	0.06002812629
18.07	0.05920443549
18.08	0.05835659582
18.09	0.05748516813
18.1	0.05659072149
18.11	0.05567383287
18.12	0.05473508683
18.13	0.05377507514
18.14	0.05279439651
18.15	0.05179365618
18.16	0.05077346564
18.17	0.04973444228
18.18	0.04867720904
18.19	0.04760239406
18.2	0.04651063039
18.21	0.0454025556
18.22	0.04427881145
18.23	0.04314004356
18.24	0.04198690107
18.25	0.04082003631
18.26	0.03964010441
18.27	0.03844776304
18.28	0.037243672
18.29	0.03602849293
18.3	0.03480288895
18.31	0.03356752434
18.32	0.03232306419
18.33	0.03107017408
18.34	0.02980951976
18.35	0.0285417668
18.36	0.02726758028
18.37	0.02598762445
18.38	0.02470256244
18.39	0.02341305591
18.4	0.02211976473
18.41	0.0208233467
18.42	0.01952445723
18.43	0.01822374899
18.44	0.01692187167
18.45	0.01561947163
18.46	0.01431719163
18.47	0.01301567052
18.48	0.01171554295
18.49	0.01041743912
18.5	0.009121984414
18.51	0.00782979922
18.52	0.006541498588
18.53	0.005257691986
18.54	0.003978983025
18.55	0.002705969208
18.56	0.001439241661
18.57	0.00017938489
18.58	-0.001073023471
18.59	-0.002317412902
18.6	-0.003553220233
18.61	-0.004779889879
18.62	-0.005996874064
18.63	-0.007203633047
18.64	-0.008399635339
18.65	-0.00958435791
18.66	-0.0107572864
18.67	-0.01191791532
18.68	-0.01306574824
18.69	-0.01420029799
18.7	-0.01532108684
18.71	-0.01642764666
18.72	-0.01751951913
18.73	-0.01859625587
18.74	-0.01965741863
18.75	-0.0207025794
18.76	-0.02173132062
18.77	-0.02274323529
18.78	-0.02373792709
18.79	-0.02471501055
18.8	-0.02567411112
18.81	-0.02661486537
18.82	-0.02753692102
18.83	-0.02843993709
18.84	-0.02932358398
18.85	-0.0301875436
18.86	-0.03103150941
18.87	-0.03185518653
18.88	-0.03265829181
18.89	-0.03344055388
18.9	-0.03420171326
18.91	-0.03494152236
18.92	-0.03565974557
18.93	-0.03635615928
18.94	-0.03703055195
18.95	-0.0376827241
18.96	-0.03831248835
18.97	-0.03891966948
18.98	-0.03950410437
18.99	-0.04006564207
19	-0.04060414377
19.01	-0.0411194828
19.02	-0.04161154464
19.03	-0.04208022687
19.04	-0.04252543917
19.05	-0.04294710329
19.06	-0.04334515301
19.07	-0.0437195341
19.08	-0.04407020429
19.09	-0.04439713319
19.1	-0.04470030227
19.11	-0.04497970476
19.12	-0.04523534563
19.13	-0.04546724145
19.14	-0.0456754204
19.15	-0.04585992211
19.16	-0.0460207976
19.17	-0.04615810919
19.18	-0.04627193042
19.19	-0.04636234589
19.2	-0.04642945123
19.21	-0.04647335292
19.22	-0.04649416819
19.23	-0.04649202494
19.24	-0.04646706155
19.25	-0.0464194268
19.26	-0.04634927969
19.27	-0.04625678936
19.28	-0.04614213487
19.29	-0.04600550514
19.3	-0.0458470987
19.31	-0.04566712364
19.32	-0.04546579735
19.33	-0.04524334645
19.34	-0.04500000654
19.35	-0.0447360221
19.36	-0.04445164627
19.37	-0.04414714068
19.38	-0.04382277531
19.39	-0.04347882826
19.4	-0.04311558558
19.41	-0.0427333411
19.42	-0.04233239621
19.43	-0.04191305968
19.44	-0.04147564749
19.45	-0.04102048257
19.46	-0.04054789467
19.47	-0.04005822011
19.48	-0.03955180158
19.49	-0.03902898796
19.5	-0.03849013408
19.51	-0.03793560055
19.52	-0.03736575349
19.53	-0.03678096437
19.54	-0.03618160977
19.55	-0.03556807119
19.56	-0.03494073478
19.57	-0.03429999118
19.58	-0.03364623527
19.59	-0.03297986596
19.6	-0.03230128598
19.61	-0.03161090162
19.62	-0.03090912255
19.63	-0.0301963616
19.64	-0.02947303451
19.65	-0.02873955973
19.66	-0.02799635817
19.67	-0.02724385302
19.68	-0.0264824695
19.69	-0.02571263465
19.7	-0.02493477711
19.71	-0.02414932688
19.72	-0.02335671514
19.73	-0.02255737398
19.74	-0.02175173622
19.75	-0.02094023521
19.76	-0.02012330455
19.77	-0.01930137793
19.78	-0.01847488889
19.79	-0.01764427064
19.8	-0.0168099558
19.81	-0.01597237623
19.82	-0.01513196281
19.83	-0.01428914523
19.84	-0.01344435179
19.85	-0.01259800921
19.86	-0.0117505424
19.87	-0.01090237429
19.88	-0.01005392563
19.89	-0.009205614782
19.9	-0.008357857537
19.91	-0.007511066932
19.92	-0.006665653057
19.93	-0.005822022873
19.94	-0.004980580028
19.95	-0.004141724684
19.96	-0.003305853338
19.97	-0.002473358648
19.98	-0.001644629266
19.99	-0.0008200496703
20	-6.37475143e-17
20.01	0.0008151441037
20.02	0.001625011656
20.03	0.002429236483
20.04	0.003227457372
20.05	0.004019318221
20.06	0.00480446818
20.07	0.005582561794
20.08	0.006353259142
20.09	0.007116225966
20.1	0.007871133805
20.11	0.008617660122
20.12	0.009355488425
20.13	0.01008430839
20.14	0.01080381596
20.15	0.01151371349
20.16	0.01221370982
20.17	0.01290352041
20.18	0.01358286741
20.19	0.01425147977
20.2	0.01490909334
20.21	0.01555545096
20.22	0.01619030252
20.23	0.01681340506
20.24	0.01742452286
20.25	0.01802342747
20.26	0.01860989783
20.27	0.0191837203
20.28	0.01974468871
20.29	0.02029260446
20.3	0.02082727655
20.31	0.02134852161
20.32	0.02185616397
20.33	0.0223500357
20.34	0.02282997661
20.35	0.02329583435
20.36	0.02374746436
20.37	0.02418472996
20.38	0.02460750231
20.39	0.0250156605
20.4	0.0254090915
20.41	0.02578769017
20.42	0.02615135932
20.43	0.02650000965
20.44	0.02683355977
20.45	0.0271519362
20.46	0.02745507335
20.47	0.02774291351
20.48	0.02801540683
20.49	0.02827251128
20.5	0.02851419265
20.51	0.0287404245
20.52	0.02895118816
20.53	0.02914647265
20.54	0.02932627465
20.55	0.02949059848
20.56	0.02963945602
20.57	0.0297728667
20.58	0.02989085739
20.59	0.02999346239
20.6	0.03008072335
20.61	0.03015268919
20.62	0.03020941608
20.63	0.03025096731
20.64	0.03027741326
20.65	0.0302888313
20.66	0.03028530572
20.67	0.03026692765
20.68	0.03023379495
20.69	0.03018601217
20.7	0.0301236904
20.71	0.03004694723
20.72	0.02995590662
20.73	0.02985069881
20.74	0.0297314602
20.75	0.02959833331
20.76	0.02945146658
20.77	0.02929101434
20.78	0.02911713666
20.79	0.02892999924
20.8	0.02872977331
20.81	0.0285166355
20.82	0.02829076773
20.83	0.02805235707
20.84	0.02780159564
20.85	0.02753868047
20.86	0.0272638134
20.87	0.02697720091
20.88	0.02667905403
20.89	0.02636958817
20.9	0.02604902303
20.91	0.02571758244
20.92	0.02537549423
20.93	0.02502299011
20.94	0.02466030551
20.95	0.02428767943
20.96	0.02390535436
20.97	0.02351357608
20.98	0.02311259355
20.99	0.02270265875
21	0.02228402657
21.01	0.02185695463
21.02	0.02142170316
21.03	0.02097853485
21.04	0.0205277147
21.05	0.02006950989
21.06	0.01960418964
21.07	0.01913202502
21.08	0.01865328887
21.09	0.01816825562
21.1	0.01767720114
21.11	0.01718040262
21.12	0.0166781384
21.13	0.01617068785
21.14	0.01565833121
21.15	0.01514134946
21.16	0.01462002415
21.17	0.01409463732
21.18	0.01356547127
21.19	0.01303280849
21.2	0.01249693151
21.21	0.01195812273
21.22	0.0114166643
21.23	0.01087283799
21.24	0.01032692505
21.25	0.009779206064
21.26	0.009229960835
21.27	0.008679468233
21.28	0.008128006076
21.29	0.007575850995
21.3	0.007023278308
21.31	0.006470561888
21.32	0.005917974044
21.33	0.005365785392
21.34	0.004814264731
21.35	0.004263678926
21.36	0.003714292786
21.37	0.003166368947
21.38	0.002620167754
21.39	0.002075947152
21.4	0.001533962567
21.41	0.0009944668
21.42	0.0004577099181
21.43	-7.606085328e-05
21.44	-0.000606601234
21.45	-0.001133669992
21.46	-0.001657029042
21.47	-0.002176443548
21.48	-0.002691682011
21.49	-0.003202516373
21.5	-0.003708722099
21.51	-0.004210078274
21.52	-0.004706367682
21.53	-0.0051973769
21.54	-0.005682896369
21.55	-0.006162720485
21.56	-0.006636647668
21.57	-0.00710448044
21.58	-0.007566025499
21.59	-0.008021093786
21.6	-0.008469500553
21.61	-0.008911065432
21.62	-0.009345612491
21.63	-0.009772970298
21.64	-0.01019297198
21.65	-0.01060545526
21.66	-0.01101026256
21.67	-0.01140724097
21.68	-0.01179624236
21.69	-0.01217712342
21.7	-0.01254974566
21.71	-0.01291397548
21.72	-0.01326968422
21.73	-0.01361674814
21.74	-0.01395504851
21.75	-0.01428447162
21.76	-0.01460490879
21.77	-0.01491625638
21.78	-0.01521841588
21.79	-0.01551129385
21.8	-0.01579480198
21.81	-0.01606885707
21.82	-0.01633338109
21.83	-0.01658830115
21.84	-0.01683354948
21.85	-0.01706906352
21.86	-0.01729478582
21.87	-0.0175106641
21.88	-0.01771665123
21.89	-0.01791270522
21.9	-0.01809878919
21.91	-0.01827487141
21.92	-0.01844092522
21.93	-0.01859692906
21.94	-0.01874286645
21.95	-0.01887872591
21.96	-0.01900450103
21.97	-0.01912019035
21.98	-0.01922579738
21.99	-0.01932133059
22	-0.0194068033
22.01	-0.01948223373
22.02	-0.0195476449
22.03	-0.01960306463
22.04	-0.01964852547
22.05	-0.01968406466
22.06	-0.0197097241
22.07	-0.01972555029
22.08	-0.01973159429
22.09	-0.01972791164
22.1	-0.01971456233
22.11	-0.01969161075
22.12	-0.01965912561
22.13	-0.0196171799
22.14	-0.0195658508
22.15	-0.01950521967
22.16	-0.01943537191
22.17	-0.01935639697
22.18	-0.01926838823
22.19	-0.01917144296
22.2	-0.01906566223
22.21	-0.01895115083
22.22	-0.01882801725
22.23	-0.01869637352
22.24	-0.0185563352
22.25	-0.0184080213
22.26	-0.01825155415
22.27	-0.01808705936
22.28	-0.01791466576
22.29	-0.01773450525
22.3	-0.01754671277
22.31	-0.01735142621
22.32	-0.01714878631
22.33	-0.01693893657
22.34	-0.01672202318
22.35	-0.01649819493
22.36	-0.01626760311
22.37	-0.01603040143
22.38	-0.01578674591
22.39	-0.01553679483
22.4	-0.01528070861
22.41	-0.01501864971
22.42	-0.01475078256
22.43	-0.01447727347
22.44	-0.0141982905
22.45	-0.01391400341
22.46	-0.01362458356
22.47	-0.01333020378
22.48	-0.01303103833
22.49	-0.01272726274
22.5	-0.0124190538
22.51	-0.01210658938
22.52	-0.0117900484
22.53	-0.0114696107
22.54	-0.01114545697
22.55	-0.01081776863
22.56	-0.01048672776
22.57	-0.01015251699
22.58	-0.009815319423
22.59	-0.009475318528
22.6	-0.009132698055
22.61	-0.008787641939
22.62	-0.008440334213
22.63	-0.008090958915
22.64	-0.007739699997
22.65	-0.007386741235
22.66	-0.007032266141
22.67	-0.006676457875
22.68	-0.006319499154
22.69	-0.005961572168
22.7	-0.005602858494
22.71	-0.005243539007
22.72	-0.004883793798
22.73	-0.00452380209
22.74	-0.004163742157
22.75	-0.003803791236
22.76	-0.003444125453
22.77	-0.003084919741
22.78	-0.002726347758
22.79	-0.002368581813
22.8	-0.00201179279
22.81	-0.001656150069
22.82	-0.001301821454
22.83	-0.0009489731007
22.84	-0.0005977694437
22.85	-0.0002483731257
22.86	9.905507086e-05
22.87	0.000444356292
22.88	0.0007873736785
22.89	0.001127952431
22.9	0.001465939875
22.91	0.001801185519
22.92	0.002133541122
22.93	0.002462860746
22.94	0.002789000819
22.95	0.003111820189
22.96	0.003431180178
22.97	0.003746944638
22.98	0.004058980002
22.99	0.00436715533
23	0.004671342364
23.01	0.004971415571
23.02	0.00526725219
23.03	0.005558732275
23.04	0.005845738735
23.05	0.006128157378
23.06	0.00640587695
23.07	0.006678789167
23.08	0.006946788756
23.09	0.007209773486
23.1	0.0074676442
23.11	0.007720304845
23.12	0.007967662504
23.13	0.008209627417
23.14	0.008446113011
23.15	0.008677035922
23.16	0.008902316017
23.17	0.009121876412
23.18	0.009335643493
23.19	0.009543546932
23.2	0.0097455197
23.21	0.009941498084
23.22	0.01013142169
23.23	0.01031523347
23.24	0.01049287971
23.25	0.01066431005
23.26	0.01082947748
23.27	0.01098833834
23.28	0.01114085235
23.29	0.01128698257
23.3	0.01142669542
23.31	0.01155996067
23.32	0.01168675145
23.33	0.01180704421
23.34	0.01192081876
23.35	0.01202805821
23.36	0.01212874897
23.37	0.01222288079
23.38	0.01231044665
23.39	0.01239144285
23.4	0.01246586889
23.41	0.01253372752
23.42	0.01259502472
23.43	0.01264976962
23.44	0.01269797454
23.45	0.01273965492
23.46	0.01277482933
23.47	0.0128035194
23.48	0.01282574984
23.49	0.01284154837
23.5	0.0128509457
23.51	0.01285397553
23.52	0.01285067444
23.53	0.01284108193
23.54	0.01282524035
23.55	0.01280319486
23.56	0.0127749934
23.57	0.01274068664
23.58	0.01270032796
23.59	0.01265397337
23.6	0.01260168152
23.61	0.0125435136
23.62	0.01247953332
23.63	0.01240980688
23.64	0.0123344029
23.65	0.01225339237
23.66	0.01216684862
23.67	0.01207484725
23.68	0.01197746608
23.69	0.01187478514
23.7	0.01176688654
23.71	0.0116538545
23.72	0.01153577522
23.73	0.01141273691
23.74	0.01128482964
23.75	0.01115214536
23.76	0.01101477781
23.77	0.01087282247
23.78	0.0107263765
23.79	0.01057553868
23.8	0.01042040937
23.81	0.01026109042
23.82	0.01009768514
23.83	0.009930298229
23.84	0.009759035708
23.85	0.009584004871
23.86	0.00940531422
23.87	0.009223073408
23.88	0.009037393171
23.89	0.008848385275
23.9	0.008656162452
23.91	0.008460838337
23.92	0.008262527407
23.93	0.008061344926
23.94	0.007857406872
23.95	0.007650829889
23.96	0.007441731215
23.97	0.007230228627
23.98	0.007016440377
23.99	0.006800485132
24	0.006582481916
24.01	0.006362550043
24.02	0.006140809064
24.03	0.005917378699
24.04	0.005692378787
24.05	0.005465929216
24.06	0.005238149872
24.07	0.005009160574
24.08	0.004779081023
24.09	0.004548030734
24.1	0.004316128988
24.11	0.004083494768
24.12	0.003850246707
24.13	0.003616503027
24.14	0.00338238149
24.15	0.003147999336
24.16	0.002913473233
24.17	0.002678919222
24.18	0.002444452662
24.19	0.002210188181
24.2	0.00197623962
24.21	0.001742719986
24.22	0.001509741398
24.23	0.001277415039
24.24	0.001045851106
24.25	0.000815158763
24.26	0.0005854460928
24.27	0.0003568200503
24.28	0.0001293864171
24.29	-9.675024364e-05
24.3	-0.0003214866312
24.31	-0.0005447207504
24.32	-0.0007663519544
24.33	-0.0009862809851
24.34	-0.001204410014
24.35	-0.001420642684
24.36	-0.001634884141
24.37	-0.001847041082
24.38	-0.002057021782
24.39	-0.002264736134
24.4	-0.002470095684
24.41	-0.002673013663
24.42	-0.002873405022
24.43	-0.003071186457
24.44	-0.00326627645
24.45	-0.003458595288
24.46	-0.003648065098
24.47	-0.003834609872
24.48	-0.004018155491
24.49	-0.004198629754
24.5	-0.004375962402
24.51	-0.004550085136
24.52	-0.004720931644
24.53	-0.00488843762
24.54	-0.00505254078
24.55	-0.005213180888
24.56	-0.005370299767
24.57	-0.005523841317
24.58	-0.005673751531
24.59	-0.00581997851
24.6	-0.005962472471
24.61	-0.006101185766
24.62	-0.006236072885
24.63	-0.006367090472
24.64	-0.00649419733
24.65	-0.006617354428
24.66	-0.006736524911
24.67	-0.006851674099
24.68	-0.006962769496
24.69	-0.007069780793
24.7	-0.007172679864
24.71	-0.007271440775
24.72	-0.007366039777
24.73	-0.007456455307
24.74	-0.007542667987
24.75	-0.007624660618
24.76	-0.007702418177
24.77	-0.007775927809
24.78	-0.007845178825
24.79	-0.007910162689
24.8	-0.007970873014
24.81	-0.008027305547
24.82	-0.008079458164
24.83	-0.008127330855
24.84	-0.00817092571
24.85	-0.008210246911
24.86	-0.00824530071
24.87	-0.008276095422
24.88	-0.008302641398
24.89	-0.008324951019
24.9	-0.00834303867
24.91	-0.008356920724
24.92	-0.008366615521
24.93	-0.008372143349
24.94	-0.008373526418
24.95	-0.008370788845
24.96	-0.008363956623
24.97	-0.008353057603
24.98	-0.008338121464
24.99	-0.008319179692
25	-0.008296265552
25.01	-0.00826941406
25.02	-0.008238661957
25.03	-0.008204047678
25.04	-0.008165611328
25.05	-0.008123394647
25.06	-0.008077440981
25.07	-0.008027795256
25.08	-0.007974503937
25.09	-0.007917615006
25.1	-0.007857177922
25.11	-0.007793243593
25.12	-0.007725864338
25.13	-0.007655093856
25.14	-0.007580987189
25.15	-0.007503600691
25.16	-0.007422991986
25.17	-0.007339219938
25.18	-0.007252344612
25.19	-0.007162427239
25.2	-0.007069530174
25.21	-0.006973716867
25.22	-0.006875051818
25.23	-0.006773600542
25.24	-0.00666942953
25.25	-0.006562606212
25.26	-0.006453198916
25.27	-0.006341276833
25.28	-0.006226909972
25.29	-0.006110169125
25.3	-0.005991125827
25.31	-0.005869852315
25.32	-0.005746421489
25.33	-0.005620906874
25.34	-0.005493382577
25.35	-0.005363923249
25.36	-0.005232604046
25.37	-0.005099500585
25.38	-0.00496468891
25.39	-0.004828245447
25.4	-0.004690246967
25.41	-0.004550770546
25.42	-0.004409893523
25.43	-0.004267693464
25.44	-0.004124248121
25.45	-0.00397963539
25.46	-0.003833933277
25.47	-0.003687219855
25.48	-0.003539573227
25.49	-0.003391071486
25.5	-0.00324179268
25.51	-0.003091814771
25.52	-0.002941215597
25.53	-0.002790072835
25.54	-0.002638463967
25.55	-0.002486466237
25.56	-0.002334156621
25.57	-0.002181611786
25.58	-0.002028908057
25.59	-0.001876121378
25.6	-0.001723327282
25.61	-0.001570600853
25.62	-0.001418016692
25.63	-0.001265648885
25.64	-0.001113570969
25.65	-0.0009618558951
25.66	-0.0008105760044
25.67	-0.0006598029888
25.68	-0.0005096078634
25.69	-0.0003600609342
25.7	-0.0002112317686
25.71	-6.318916523e-05
25.72	8.399887517e-05
25.73	0.0002302651783
25.74	0.0003755434243
25.75	0.0005197681754
25.76	0.0006628749025
25.77	0.000804800012
25.78	0.0009454808705
25.79	0.001084855831
25.8	0.001222864255
25.81	0.001359446541
25.82	0.001494544141
25.83	0.001628099588
25.84	0.001760056517
25.85	0.001890359683
25.86	0.002018954987
25.87	0.002145789488
25.88	0.00227081143
25.89	0.002393970256
25.9	0.002515216625
25.91	0.002634502431
25.92	0.002751780821
25.93	0.002867006205
25.94	0.002980134274
25.95	0.003091122018
25.96	0.00319992773
25.97	0.003306511029
25.98	0.003410832863
25.99	0.003512855527
26	0.00361254267
26.01	0.003709859305
26.02	0.003804771818
26.03	0.003897247979
26.04	0.003987256945
26.05	0.00407476927
26.06	0.00415975691
26.07	0.00424219323
26.08	0.004322053006
26.09	0.00439931243
26.1	0.004473949115
26.11	0.004545942094
26.12	0.004615271826
26.13	0.004681920193
26.14	0.004745870503
26.15	0.004807107489
26.16	0.004865617308
26.17	0.004921387538
26.18	0.004974407179
26.19	0.005024666646
26.2	0.005072157767
26.21	0.005116873779
26.22	0.005158809321
26.23	0.005197960432
26.24	0.00523432454
26.25	0.005267900458
26.26	0.005298688376
26.27	0.005326689852
26.28	0.005351907801
26.29	0.00537434649
26.3	0.005394011525
26.31	0.00541090984
26.32	0.005425049686
26.33	0.005436440621
26.34	0.005445093495
26.35	0.005451020436
26.36	0.005454234841
26.37	0.005454751358
26.38	0.005452585872
26.39	0.005447755489
26.4	0.005440278525
26.41	0.005430174483
26.42	0.00541746404
26.43	0.005402169031
26.44	0.005384312427
26.45	0.005363918323
26.46	0.005341011913
26.47	0.005315619476
26.48	0.005287768354
26.49	0.005257486933
26.5	0.005224804623
26.51	0.005189751836
26.52	0.005152359969
26.53	0.005112661377
26.54	0.005070689356
26.55	0.005026478118
26.56	0.004980062772
26.57	0.004931479298
26.58	0.004880764525
26.59	0.004827956111
26.6	0.004773092514
26.61	0.004716212973
26.62	0.004657357482
26.63	0.004596566766
26.64	0.004533882256
26.65	0.004469346067
26.66	0.004403000971
26.67	0.004334890371
26.68	0.004265058279
26.69	0.004193549288
26.7	0.00412040855
26.71	0.004045681745
26.72	0.003969415061
26.73	0.003891655166
26.74	0.003812449181
26.75	0.003731844655
26.76	0.003649889542
26.77	0.00356663217
26.78	0.003482121217
26.79	0.003396405688
26.8	0.003309534885
26.81	0.003221558382
26.82	0.003132526
26.83	0.003042487781
26.84	0.002951493961
26.85	0.002859594944
26.86	0.002766841278
26.87	0.00267328363
26.88	0.002578972756
26.89	0.002483959479
26.9	0.002388294663
26.91	0.00229202919
26.92	0.002195213928
26.93	0.002097899715
26.94	0.002000137328
26.95	0.001901977461
26.96	0.001803470699
26.97	0.001704667495
26.98	0.001605618147
26.99	0.001506372771
27	0.001406981282
27.01	0.001307493366
27.02	0.001207958459
27.03	0.001108425727
27.04	0.001008944038
27.05	0.0009095619443
27.06	0.0008103276575
27.07	0.0007112890293
27.08	0.0006124935285
27.09	0.0005139882209
27.1	0.000415819748
27.11	0.0003180343069
27.12	0.0002206776302
27.13	0.0001237949664
27.14	2.743106051e-05
27.15	-6.836986482e-05
27.16	-0.0001635641281
27.17	-0.0002581086069
27.18	-0.0003519607561
27.19	-0.000445078625
27.2	-0.0005374208744
27.21	-0.0006289467934
27.22	-0.0007196163155
27.23	-0.0008093900344
27.24	-0.0008982292197
27.25	-0.0009860958315
27.26	-0.001072952535
27.27	-0.001158762715
27.28	-0.001243490489
27.29	-0.00132710072
27.3	-0.001409559033
27.31	-0.00149083182
27.32	-0.00157088626
27.33	-0.001649690325
27.34	-0.001727212793
27.35	-0.001803423257
27.36	-0.001878292138
27.37	-0.001951790692
27.38	-0.002023891021
27.39	-0.002094566078
27.4	-0.002163789681
27.41	-0.002231536515
27.42	-0.002297782142
27.43	-0.002362503009
27.44	-0.002425676451
27.45	-0.002487280701
27.46	-0.002547294889
27.47	-0.002605699054
27.48	-0.002662474143
27.49	-0.00271760202
27.5	-0.002771065463
27.51	-0.002822848172
27.52	-0.00287293477
27.53	-0.002921310806
27.54	-0.002967962753
27.55	-0.003012878014
27.56	-0.003056044919
27.57	-0.003097452727
27.58	-0.003137091624
27.59	-0.003174952726
27.6	-0.003211028072
27.61	-0.003245310629
27.62	-0.003277794283
27.63	-0.003308473843
27.64	-0.003337345034
27.65	-0.003364404494
27.66	-0.003389649772
27.67	-0.003413079323
27.68	-0.0034346925
27.69	-0.003454489555
27.7	-0.003472471631
27.71	-0.003488640752
27.72	-0.003502999823
27.73	-0.003515552619
27.74	-0.003526303782
27.75	-0.003535258808
27.76	-0.003542424044
27.77	-0.003547806678
27.78	-0.00355141473
27.79	-0.003553257043
27.8	-0.003553343275
27.81	-0.00355168389
27.82	-0.003548290143
27.83	-0.003543174078
27.84	-0.003536348509
27.85	-0.003527827015
27.86	-0.003517623926
27.87	-0.003505754313
27.88	-0.003492233973
27.89	-0.003477079422
27.9	-0.003460307879
27.91	-0.003441937252
27.92	-0.00342198613
27.93	-0.003400473765
27.94	-0.003377420063
27.95	-0.003352845565
27.96	-0.003326771438
27.97	-0.003299219458
27.98	-0.003270211997
27.99	-0.003239772008
28	-0.003207923009
28.01	-0.003174689072
28.02	-0.003140094801
28.03	-0.003104165325
28.04	-0.003066926277
28.05	-0.003028403779
28.06	-0.002988624427
28.07	-0.002947615278
28.08	-0.002905403826
28.09	-0.002862017996
28.1	-0.00281748612
28.11	-0.002771836923
28.12	-0.00272509951
28.13	-0.002677303343
28.14	-0.002628478228
28.15	-0.002578654301
28.16	-0.002527862005
28.17	-0.002476132078
28.18	-0.002423495534
28.19	-0.002369983648
28.2	-0.002315627935
28.21	-0.00226046014
28.22	-0.002204512213
28.23	-0.002147816298
28.24	-0.002090404714
28.25	-0.002032309938
28.26	-0.001973564588
28.27	-0.001914201407
28.28	-0.001854253244
28.29	-0.001793753041
28.3	-0.001732733812
28.31	-0.001671228629
28.32	-0.001609270606
28.33	-0.001546892881
28.34	-0.001484128598
28.35	-0.001421010895
28.36	-0.001357572884
28.37	-0.001293847635
28.38	-0.001229868165
28.39	-0.001165667415
28.4	-0.001101278239
28.41	-0.001036733386
28.42	-0.0009720654867
28.43	-0.0009073070368
28.44	-0.0008424903816
28.45	-0.0007776477018
28.46	-0.0007128109984
28.47	-0.0006480120779
28.48	-0.000583282538
28.49	-0.0005186537535
28.5	-0.0004541568617
28.51	-0.0003898227491
28.52	-0.0003256820374
28.53	-0.0002617650703
28.54	-0.0001981018999
28.55	-0.000134722274
28.56	-7.165562298e-05
28.57	-8.931047784e-06
28.58	5.342269292e-05
28.59	0.0001153771946
28.6	0.0001769044187
28.61	0.0002379767042
28.62	0.000298566779
28.63	0.000358647771
28.64	0.0004181932189
28.65	0.0004771770826
28.66	0.0005355737535
28.67	0.0005933580649
28.68	0.000650505301
28.69	0.0007069912071
28.7	0.000762791998
28.71	0.0008178843676
28.72	0.0008722454969
28.73	0.0009258530626
28.74	0.000978685245
28.75	0.001030720736
28.76	0.001081938746
28.77	0.00113231901
28.78	0.001181841799
28.79	0.00123048792
28.8	0.001278238726
28.81	0.001325076122
28.82	0.001370982569
28.83	0.001415941092
28.84	0.001459935281
28.85	0.001502949297
28.86	0.001544967881
28.87	0.00158597635
28.88	0.001625960607
28.89	0.001664907142
28.9	0.001702803036
28.91	0.001739635962
28.92	0.001775394191
28.93	0.001810066588
28.94	0.001843642622
28.95	0.001876112361
28.96	0.001907466477
28.97	0.001937696245
28.98	0.001966793545
28.99	0.001994750861
29	0.002021561282
29.01	0.002047218501
29.02	0.002071716818
29.03	0.002095051132
29.04	0.002117216947
29.05	0.002138210368
29.06	0.002158028096
29.07	0.002176667433
29.08	0.002194126274
29.09	0.002210403105
29.1	0.002225497005
29.11	0.002239407636
29.12	0.002252135245
29.13	0.002263680659
29.14	0.002274045278
29.15	0.002283231077
29.16	0.002291240596
29.17	0.002298076938
29.18	0.002303743763
29.19	0.002308245285
29.2	0.002311586263
29.21	0.002313771999
29.22	0.002314808331
29.23	0.002314701624
29.24	0.00231345877
29.25	0.002311087176
29.26	0.002307594757
29.27	0.002302989934
29.28	0.002297281624
29.29	0.00229047923
29.3	0.002282592638
29.31	0.002273632207
29.32	0.002263608761
29.33	0.002252533583
29.34	0.002240418402
29.35	0.002227275391
29.36	0.002213117152
29.37	0.002197956711
29.38	0.00218180751
29.39	0.002164683395
29.4	0.002146598607
29.41	0.002127567775
29.42	0.002107605904
29.43	0.002086728368
29.44	0.002064950897
29.45	0.00204228957
29.46	0.002018760804
29.47	0.001994381343
29.48	0.001969168249
29.49	0.001943138892
29.5	0.001916310937
29.51	0.001888702338
29.52	0.001860331323
29.53	0.001831216388
29.54	0.001801376279
29.55	0.001770829992
29.56	0.001739596751
29.57	0.001707696006
29.58	0.001675147416
29.59	0.001641970842
29.6	0.001608186333
29.61	0.00157381412
29.62	0.001538874598
29.63	0.00150338832
29.64	0.001467375984
29.65	0.001430858425
29.66	0.001393856598
29.67	0.001356391573
29.68	0.00131848452
29.69	0.001280156699
29.7	0.001241429453
29.71	0.001202324189
29.72	0.001162862373
29.73	0.00112306552
29.74	0.001082955179
29.75	0.001042552922
29.76	0.001001880339
29.77	0.0009609590225
29.78	0.0009198105565
29.79	0.0008784565088
29.8	0.0008369184188
29.81	0.0007952177875
29.82	0.000753376067
29.83	0.0007114146505
29.84	0.0006693548619
29.85	0.0006272179459
29.86	0.0005850250579
29.87	0.0005427972543
29.88	0.0005005554828
29.89	0.0004583205725
29.9	0.0004161132246
29.91	0.0003739540029
29.92	0.0003318633245
29.93	0.0002898614508
29.94	0.0002479684784
29.95	0.00020620433
29.96	0.0001645887462
29.97	0.0001231412761
29.98	8.188126971e-05
29.99	4.0827869e-05
30	-1.815892707e-18
