temps	angle
0	0
0.01	0.657061879
0.02	1.308645243
0.03	1.954552781
0.04	2.594590854
0.05	3.228569535
0.06	3.856302653
0.07	4.477607829
0.08	5.092306515
0.09	5.700224028
0.1	6.301189585
0.11	6.895036336
0.12	7.48160139
0.13	8.06072585
0.14	8.632254836
0.15	9.19603751
0.16	9.751927101
0.17	10.29978093
0.18	10.83946041
0.19	11.37083111
0.2	11.89376272
0.21	12.4081291
0.22	12.91380828
0.23	13.41068246
0.24	13.89863807
0.25	14.37756571
0.26	14.84736019
0.27	15.30792057
0.28	15.7591501
0.29	16.20095625
0.3	16.63325073
0.31	17.05594945
0.32	17.46897256
0.33	17.87224442
0.34	18.26569358
0.35	18.64925281
0.36	19.02285908
0.37	19.38645351
0.38	19.73998143
0.39	20.08339231
0.4	20.41663976
0.41	20.73968153
0.42	21.05247946
0.43	21.35499952
0.44	21.64721171
0.45	21.92909011
0.46	22.20061281
0.47	22.46176193
0.48	22.71252353
0.49	22.95288765
0.5	23.18284826
0.51	23.4024032
0.52	23.61155419
0.53	23.81030679
0.54	23.99867035
0.55	24.17665799
0.56	24.34428657
0.57	24.50157663
0.58	24.64855239
0.59	24.78524168
0.6	24.91167591
0.61	25.02789004
0.62	25.13392253
0.63	25.22981528
0.64	25.31561365
0.65	25.39136631
0.66	25.45712532
0.67	25.51294597
0.68	25.55888683
0.69	25.59500961
0.7	25.62137919
0.71	25.63806354
0.72	25.64513365
0.73	25.64266353
0.74	25.63073009
0.75	25.60941317
0.76	25.5787954
0.77	25.53896223
0.78	25.49000181
0.79	25.43200497
0.8	25.36506517
0.81	25.28927843
0.82	25.20474325
0.83	25.11156061
0.84	25.00983388
0.85	24.89966875
0.86	24.7811732
0.87	24.65445744
0.88	24.51963382
0.89	24.3768168
0.9	24.22612289
0.91	24.0676706
0.92	23.90158032
0.93	23.72797435
0.94	23.54697678
0.95	23.35871342
0.96	23.16331181
0.97	22.96090108
0.98	22.75161194
0.99	22.53557659
1	22.31292867
1.01	22.08380322
1.02	21.84833659
1.03	21.60666637
1.04	21.35893137
1.05	21.10527154
1.06	20.84582788
1.07	20.58074243
1.08	20.31015818
1.09	20.03421901
1.1	19.75306963
1.11	19.46685553
1.12	19.17572291
1.13	18.87981862
1.14	18.57929013
1.15	18.2742854
1.16	17.96495291
1.17	17.65144154
1.18	17.33390051
1.19	17.01247938
1.2	16.68732792
1.21	16.35859611
1.22	16.02643403
1.23	15.69099187
1.24	15.35241981
1.25	15.01086799
1.26	14.66648647
1.27	14.31942515
1.28	13.96983374
1.29	13.61786167
1.3	13.26365809
1.31	12.90737175
1.32	12.54915103
1.33	12.18914379
1.34	11.82749742
1.35	11.46435871
1.36	11.09987386
1.37	10.73418837
1.38	10.36744706
1.39	9.999793952
1.4	9.631372282
1.41	9.26232442
1.42	8.892791834
1.43	8.522915046
1.44	8.152833582
1.45	7.782685934
1.46	7.412609515
1.47	7.042740617
1.48	6.673214369
1.49	6.304164696
1.5	5.935724279
1.51	5.568024519
1.52	5.201195494
1.53	4.835365923
1.54	4.470663133
1.55	4.107213016
1.56	3.745139999
1.57	3.38456701
1.58	3.025615439
1.59	2.668405113
1.6	2.313054259
1.61	1.959679473
1.62	1.608395692
1.63	1.259316164
1.64	0.9125524206
1.65	0.5682142461
1.66	0.2264096546
1.67	-0.1127551381
1.68	-0.4491757385
1.69	-0.7827495999
1.7	-1.113376045
1.71	-1.44095629
1.72	-1.765393463
1.73	-2.086592628
1.74	-2.404460801
1.75	-2.718906972
1.76	-3.029842122
1.77	-3.33717924
1.78	-3.640833336
1.79	-3.940721464
1.8	-4.236762726
1.81	-4.528878297
1.82	-4.816991428
1.83	-5.101027462
1.84	-5.380913847
1.85	-5.656580141
1.86	-5.927958026
1.87	-6.194981312
1.88	-6.457585949
1.89	-6.71571003
1.9	-6.969293799
1.91	-7.218279656
1.92	-7.462612158
1.93	-7.702238027
1.94	-7.937106148
1.95	-8.167167574
1.96	-8.392375527
1.97	-8.612685393
1.98	-8.828054728
1.99	-9.038443253
2	-9.243812849
2.01	-9.44412756
2.02	-9.639353585
2.03	-9.829459274
2.04	-10.01441512
2.05	-10.19419376
2.06	-10.36876997
2.07	-10.53812063
2.08	-10.70222476
2.09	-10.86106347
2.1	-11.01461997
2.11	-11.16287957
2.12	-11.30582965
2.13	-11.44345965
2.14	-11.57576106
2.15	-11.70272741
2.16	-11.82435427
2.17	-11.94063919
2.18	-12.05158173
2.19	-12.15718345
2.2	-12.25744784
2.21	-12.35238035
2.22	-12.44198835
2.23	-12.52628114
2.24	-12.6052699
2.25	-12.67896768
2.26	-12.74738938
2.27	-12.81055173
2.28	-12.8684733
2.29	-12.92117441
2.3	-12.96867718
2.31	-13.01100545
2.32	-13.04818481
2.33	-13.08024253
2.34	-13.10720757
2.35	-13.12911053
2.36	-13.14598365
2.37	-13.15786077
2.38	-13.1647773
2.39	-13.16677022
2.4	-13.16387801
2.41	-13.15614067
2.42	-13.14359968
2.43	-13.12629793
2.44	-13.10427977
2.45	-13.07759092
2.46	-13.04627847
2.47	-13.01039083
2.48	-12.96997773
2.49	-12.92509019
2.5	-12.87578044
2.51	-12.82210197
2.52	-12.76410943
2.53	-12.70185864
2.54	-12.63540657
2.55	-12.56481125
2.56	-12.49013181
2.57	-12.4114284
2.58	-12.32876221
2.59	-12.24219537
2.6	-12.15179097
2.61	-12.05761304
2.62	-11.95972646
2.63	-11.85819699
2.64	-11.75309119
2.65	-11.64447645
2.66	-11.53242087
2.67	-11.41699332
2.68	-11.29826336
2.69	-11.1763012
2.7	-11.05117771
2.71	-10.92296434
2.72	-10.79173313
2.73	-10.65755665
2.74	-10.52050801
2.75	-10.38066076
2.76	-10.23808891
2.77	-10.09286692
2.78	-9.945069591
2.79	-9.794772108
2.8	-9.642049974
2.81	-9.486978988
2.82	-9.329635211
2.83	-9.170094942
2.84	-9.008434683
2.85	-8.84473111
2.86	-8.679061044
2.87	-8.511501421
2.88	-8.342129263
2.89	-8.171021649
2.9	-7.998255685
2.91	-7.823908475
2.92	-7.648057095
2.93	-7.470778563
2.94	-7.292149809
2.95	-7.112247653
2.96	-6.93114877
2.97	-6.74892967
2.98	-6.565666664
2.99	-6.381435845
3	-6.196313054
3.01	-6.01037386
3.02	-5.823693531
3.03	-5.636347009
3.04	-5.448408885
3.05	-5.259953375
3.06	-5.071054296
3.07	-4.881785038
3.08	-4.692218546
3.09	-4.502427293
3.1	-4.312483256
3.11	-4.122457896
3.12	-3.932422137
3.13	-3.742446337
3.14	-3.552600275
3.15	-3.362953125
3.16	-3.173573436
3.17	-2.984529111
3.18	-2.79588739
3.19	-2.607714826
3.2	-2.420077271
3.21	-2.233039851
3.22	-2.046666954
3.23	-1.861022208
3.24	-1.676168465
3.25	-1.492167784
3.26	-1.309081412
3.27	-1.126969773
3.28	-0.9458924467
3.29	-0.7659081566
3.3	-0.5870747538
3.31	-0.409449203
3.32	-0.2330875679
3.33	-0.05804499863
3.34	0.1156242824
3.35	0.2878669924
3.36	0.4586308009
3.37	0.6278643411
3.38	0.7955172217
3.39	0.9615400372
3.4	1.125884379
3.41	1.288502844
3.42	1.449349046
3.43	1.608377624
3.44	1.765544249
3.45	1.920805636
3.46	2.074119548
3.47	2.225444806
3.48	2.374741292
3.49	2.521969961
3.5	2.667092842
3.51	2.810073045
3.52	2.950874769
3.53	3.089463301
3.54	3.225805023
3.55	3.359867418
3.56	3.49161907
3.57	3.621029667
3.58	3.748070006
3.59	3.872711991
3.6	3.994928638
3.61	4.114694077
3.62	4.231983546
3.63	4.346773401
3.64	4.459041106
3.65	4.568765242
3.66	4.675925497
3.67	4.780502671
3.68	4.882478674
3.69	4.981836519
3.7	5.078560324
3.71	5.172635308
3.72	5.264047786
3.73	5.352785168
3.74	5.438835954
3.75	5.522189726
3.76	5.602837152
3.77	5.680769969
3.78	5.755980988
3.79	5.828464083
3.8	5.898214184
3.81	5.965227273
3.82	6.029500378
3.83	6.091031562
3.84	6.149819916
3.85	6.205865557
3.86	6.259169611
3.87	6.309734211
3.88	6.357562486
3.89	6.402658552
3.9	6.445027502
3.91	6.484675397
3.92	6.521609257
3.93	6.555837049
3.94	6.587367676
3.95	6.61621097
3.96	6.642377678
3.97	6.665879449
3.98	6.686728826
3.99	6.704939235
4	6.720524967
4.01	6.733501173
4.02	6.743883847
4.03	6.751689815
4.04	6.756936721
4.05	6.759643016
4.06	6.759827943
4.07	6.757511524
4.08	6.752714546
4.09	6.745458549
4.1	6.73576581
4.11	6.72365933
4.12	6.709162818
4.13	6.692300679
4.14	6.673097999
4.15	6.65158053
4.16	6.627774672
4.17	6.601707463
4.18	6.573406563
4.19	6.542900236
4.2	6.510217335
4.21	6.475387291
4.22	6.438440094
4.23	6.399406275
4.24	6.358316898
4.25	6.315203535
4.26	6.270098259
4.27	6.223033622
4.28	6.17404264
4.29	6.123158782
4.3	6.070415946
4.31	6.01584845
4.32	5.959491014
4.33	5.901378741
4.34	5.841547105
4.35	5.780031932
4.36	5.716869387
4.37	5.652095952
4.38	5.585748419
4.39	5.517863867
4.4	5.448479646
4.41	5.377633366
4.42	5.305362875
4.43	5.23170625
4.44	5.156701774
4.45	5.080387925
4.46	5.002803357
4.47	4.923986887
4.48	4.84397748
4.49	4.762814227
4.5	4.68053634
4.51	4.597183127
4.52	4.512793981
4.53	4.427408364
4.54	4.341065795
4.55	4.253805827
4.56	4.165668041
4.57	4.076692027
4.58	3.986917366
4.59	3.896383624
4.6	3.805130329
4.61	3.713196962
4.62	3.620622938
4.63	3.527447599
4.64	3.433710192
4.65	3.339449862
4.66	3.244705635
4.67	3.149516403
4.68	3.053920915
4.69	2.95795776
4.7	2.861665356
4.71	2.765081937
4.72	2.66824554
4.73	2.571193991
4.74	2.473964896
4.75	2.376595627
4.76	2.279123307
4.77	2.181584807
4.78	2.084016722
4.79	1.986455372
4.8	1.888936782
4.81	1.791496675
4.82	1.694170461
4.83	1.596993223
4.84	1.499999713
4.85	1.403224336
4.86	1.306701143
4.87	1.21046382
4.88	1.114545678
4.89	1.018979648
4.9	0.9237982629
4.91	0.829033659
4.92	0.73471756
4.93	0.6408812717
4.94	0.5475556726
4.95	0.4547712066
4.96	0.3625578748
4.97	0.270945228
4.98	0.1799623595
4.99	0.0896378979
5	1.740248175e-15
5.01	-0.0889236555
5.02	-0.1771058746
5.03	-0.2645199542
5.04	-0.3511396881
5.05	-0.4369393725
5.06	-0.5218938118
5.07	-0.6059783238
5.08	-0.6891687445
5.09	-0.7714414333
5.1	-0.8527732772
5.11	-0.9331416954
5.12	-1.012524643
5.13	-1.090900616
5.14	-1.168248653
5.15	-1.244548341
5.16	-1.319779816
5.17	-1.393923769
5.18	-1.466961445
5.19	-1.538874649
5.2	-1.609645747
5.21	-1.679257666
5.22	-1.747693901
5.23	-1.81493851
5.24	-1.88097612
5.25	-1.945791927
5.26	-2.009371697
5.27	-2.071701766
5.28	-2.132769042
5.29	-2.192561003
5.3	-2.251065698
5.31	-2.30827175
5.32	-2.36416835
5.33	-2.41874526
5.34	-2.471992814
5.35	-2.523901911
5.36	-2.574464021
5.37	-2.623671177
5.38	-2.671515978
5.39	-2.717991587
5.4	-2.763091725
5.41	-2.806810674
5.42	-2.849143271
5.43	-2.890084908
5.44	-2.929631528
5.45	-2.967779621
5.46	-3.004526223
5.47	-3.039868912
5.48	-3.073805805
5.49	-3.106335551
5.5	-3.137457335
5.51	-3.167170865
5.52	-3.195476374
5.53	-3.222374613
5.54	-3.247866849
5.55	-3.271954857
5.56	-3.294640918
5.57	-3.315927813
5.58	-3.335818819
5.59	-3.354317703
5.6	-3.371428715
5.61	-3.387156588
5.62	-3.401506524
5.63	-3.414484198
5.64	-3.426095743
5.65	-3.436347752
5.66	-3.445247265
5.67	-3.45280177
5.68	-3.459019188
5.69	-3.463907875
5.7	-3.46747661
5.71	-3.469734591
5.72	-3.470691427
5.73	-3.470357131
5.74	-3.468742117
5.75	-3.465857185
5.76	-3.46171352
5.77	-3.456322687
5.78	-3.449696614
5.79	-3.441847596
5.8	-3.43278828
5.81	-3.422531659
5.82	-3.411091066
5.83	-3.398480168
5.84	-3.384712951
5.85	-3.369803722
5.86	-3.353767094
5.87	-3.33661798
5.88	-3.318371587
5.89	-3.299043406
5.9	-3.278649204
5.91	-3.257205017
5.92	-3.234727143
5.93	-3.21123213
5.94	-3.186736771
5.95	-3.161258097
5.96	-3.134813365
5.97	-3.107420052
5.98	-3.079095846
5.99	-3.04985864
6	-3.019726522
6.01	-2.988717764
6.02	-2.95685082
6.03	-2.924144313
6.04	-2.890617027
6.05	-2.856287901
6.06	-2.82117602
6.07	-2.785300606
6.08	-2.74868101
6.09	-2.711336704
6.1	-2.673287273
6.11	-2.634552407
6.12	-2.595151891
6.13	-2.555105601
6.14	-2.514433492
6.15	-2.473155591
6.16	-2.431291991
6.17	-2.38886284
6.18	-2.345888336
6.19	-2.302388716
6.2	-2.258384251
6.21	-2.213895238
6.22	-2.168941989
6.23	-2.123544829
6.24	-2.077724083
6.25	-2.031500071
6.26	-1.9848931
6.27	-1.937923459
6.28	-1.890611406
6.29	-1.842977167
6.3	-1.795040924
6.31	-1.746822812
6.32	-1.698342908
6.33	-1.649621227
6.34	-1.600677713
6.35	-1.551532234
6.36	-1.502204573
6.37	-1.452714424
6.38	-1.403081384
6.39	-1.353324947
6.4	-1.303464496
6.41	-1.253519299
6.42	-1.203508502
6.43	-1.153451122
6.44	-1.103366042
6.45	-1.053272005
6.46	-1.003187608
6.47	-0.9531312962
6.48	-0.9031213567
6.49	-0.8531759147
6.5	-0.8033129265
6.51	-0.7535501754
6.52	-0.7039052653
6.53	-0.6543956168
6.54	-0.6050384614
6.55	-0.5558508368
6.56	-0.5068495825
6.57	-0.4580513349
6.58	-0.4094725224
6.59	-0.3611293618
6.6	-0.3130378533
6.61	-0.2652137765
6.62	-0.2176726865
6.63	-0.1704299098
6.64	-0.1235005403
6.65	-0.07689943594
6.66	-0.03064121473
6.67	0.01525974855
6.68	0.0607893258
6.69	0.1059336388
6.7	0.1506790624
6.71	0.1950122277
6.72	0.2389200244
6.73	0.2823896043
6.74	0.3254083835
6.75	0.3679640452
6.76	0.4100445418
6.77	0.4516380976
6.78	0.4927332108
6.79	0.5333186554
6.8	0.5733834836
6.81	0.6129170271
6.82	0.6519088993
6.83	0.6903489964
6.84	0.7282274996
6.85	0.7655348756
6.86	0.8022618784
6.87	0.8383995505
6.88	0.8739392234
6.89	0.908872519
6.9	0.9431913503
6.91	0.9768879217
6.92	1.00995473
6.93	1.042384565
6.94	1.074170509
6.95	1.105305937
6.96	1.135784519
6.97	1.165600217
6.98	1.194747287
6.99	1.223220278
7	1.25101403
7.01	1.278123678
7.02	1.304544648
7.03	1.330272655
7.04	1.355303707
7.05	1.379634101
7.06	1.403260421
7.07	1.42617954
7.08	1.448388619
7.09	1.4698851
7.1	1.490666713
7.11	1.510731469
7.12	1.530077658
7.13	1.548703853
7.14	1.566608902
7.15	1.583791929
7.16	1.600252334
7.17	1.615989786
7.18	1.631004227
7.19	1.645295866
7.2	1.658865175
7.21	1.671712893
7.22	1.683840018
7.23	1.695247807
7.24	1.705937772
7.25	1.715911682
7.26	1.725171552
7.27	1.733719647
7.28	1.741558479
7.29	1.748690798
7.3	1.755119599
7.31	1.760848108
7.32	1.765879787
7.33	1.770218328
7.34	1.773867649
7.35	1.776831892
7.36	1.779115421
7.37	1.780722814
7.38	1.781658865
7.39	1.781928577
7.4	1.781537159
7.41	1.780490024
7.42	1.778792785
7.43	1.776451248
7.44	1.773471415
7.45	1.769859471
7.46	1.765621792
7.47	1.760764928
7.48	1.75529561
7.49	1.749220741
7.5	1.742547393
7.51	1.735282801
7.52	1.727434365
7.53	1.719009637
7.54	1.710016327
7.55	1.700462289
7.56	1.690355526
7.57	1.679704178
7.58	1.668516525
7.59	1.656800977
7.6	1.644566073
7.61	1.631820476
7.62	1.618572968
7.63	1.604832448
7.64	1.590607926
7.65	1.575908518
7.66	1.560743445
7.67	1.545122025
7.68	1.529053672
7.69	1.512547889
7.7	1.495614265
7.71	1.478262472
7.72	1.460502259
7.73	1.442343448
7.74	1.423795931
7.75	1.404869663
7.76	1.385574663
7.77	1.365921003
7.78	1.34591881
7.79	1.325578258
7.8	1.304909564
7.81	1.283922988
7.82	1.262628824
7.83	1.241037396
7.84	1.219159059
7.85	1.19700419
7.86	1.174583185
7.87	1.151906456
7.88	1.128984427
7.89	1.105827529
7.9	1.082446198
7.91	1.058850869
7.92	1.035051973
7.93	1.011059933
7.94	0.9868851598
7.95	0.9625380506
7.96	0.938028982
7.97	0.9133683084
7.98	0.8885663577
7.99	0.8636334275
8	0.8385797822
8.01	0.8134156487
8.02	0.7881512135
8.03	0.7627966188
8.04	0.7373619596
8.05	0.7118572798
8.06	0.6862925694
8.07	0.6606777608
8.08	0.6350227259
8.09	0.6093372729
8.1	0.5836311429
8.11	0.557914007
8.12	0.5321954637
8.13	0.506485035
8.14	0.4807921645
8.15	0.4551262137
8.16	0.4294964598
8.17	0.4039120926
8.18	0.3783822118
8.19	0.3529158246
8.2	0.3275218429
8.21	0.3022090807
8.22	0.2769862519
8.23	0.2518619677
8.24	0.226844734
8.25	0.2019429496
8.26	0.1771649037
8.27	0.1525187734
8.28	0.1280126222
8.29	0.1036543973
8.3	0.07945192809
8.31	0.05541292385
8.32	0.03154497203
8.33	0.00785553633
8.34	-0.01564804501
8.35	-0.03895856095
8.36	-0.06206892934
8.37	-0.08497219844
8.38	-0.1076615485
8.39	-0.1301302933
8.4	-0.1523718813
8.41	-0.1743798973
8.42	-0.1961480636
8.43	-0.2176702412
8.44	-0.238940431
8.45	-0.2599527748
8.46	-0.2807015565
8.47	-0.3011812031
8.48	-0.3213862853
8.49	-0.341311519
8.5	-0.3609517651
8.51	-0.3803020315
8.52	-0.3993574727
8.53	-0.4181133908
8.54	-0.4365652364
8.55	-0.4547086087
8.56	-0.4725392558
8.57	-0.4900530756
8.58	-0.5072461158
8.59	-0.5241145742
8.6	-0.5406547988
8.61	-0.5568632883
8.62	-0.5727366919
8.63	-0.5882718094
8.64	-0.6034655911
8.65	-0.618315138
8.66	-0.6328177015
8.67	-0.6469706831
8.68	-0.6607716343
8.69	-0.6742182564
8.7	-0.6873083999
8.71	-0.7000400645
8.72	-0.7124113981
8.73	-0.7244206968
8.74	-0.7360664043
8.75	-0.7473471107
8.76	-0.7582615528
8.77	-0.7688086128
8.78	-0.7789873173
8.79	-0.7887968375
8.8	-0.7982364871
8.81	-0.8073057226
8.82	-0.8160041415
8.83	-0.8243314816
8.84	-0.8322876202
8.85	-0.8398725729
8.86	-0.8470864921
8.87	-0.8539296666
8.88	-0.8604025198
8.89	-0.8665056086
8.9	-0.8722396224
8.91	-0.8776053816
8.92	-0.882603836
8.93	-0.8872360638
8.94	-0.8915032702
8.95	-0.8954067856
8.96	-0.8989480644
8.97	-0.9021286832
8.98	-0.9049503396
8.99	-0.9074148504
9	-0.9095241499
9.01	-0.9112802884
9.02	-0.9126854306
9.03	-0.9137418534
9.04	-0.914451945
9.05	-0.9148182022
9.06	-0.9148432293
9.07	-0.914529736
9.08	-0.9138805357
9.09	-0.9128985433
9.1	-0.9115867737
9.11	-0.9099483398
9.12	-0.9079864502
9.13	-0.9057044079
9.14	-0.9031056078
9.15	-0.900193535
9.16	-0.8969717624
9.17	-0.8934439494
9.18	-0.8896138391
9.19	-0.8854852566
9.2	-0.881062107
9.21	-0.8763483731
9.22	-0.8713481137
9.23	-0.8660654608
9.24	-0.8605046183
9.25	-0.8546698592
9.26	-0.8485655238
9.27	-0.8421960178
9.28	-0.8355658094
9.29	-0.828679428
9.3	-0.8215414614
9.31	-0.814156554
9.32	-0.8065294044
9.33	-0.7986647635
9.34	-0.790567432
9.35	-0.7822422587
9.36	-0.7736941377
9.37	-0.7649280066
9.38	-0.7559488444
9.39	-0.7467616693
9.4	-0.7373715361
9.41	-0.7277835347
9.42	-0.7180027874
9.43	-0.7080344472
9.44	-0.6978836952
9.45	-0.6875557388
9.46	-0.6770558093
9.47	-0.66638916
9.48	-0.6555610642
9.49	-0.6445768125
9.5	-0.6334417113
9.51	-0.6221610806
9.52	-0.6107402516
9.53	-0.599184565
9.54	-0.5874993689
9.55	-0.5756900164
9.56	-0.5637618642
9.57	-0.5517202701
9.58	-0.539570591
9.59	-0.5273181814
9.6	-0.5149683909
9.61	-0.5025265625
9.62	-0.4899980308
9.63	-0.4773881199
9.64	-0.4647021414
9.65	-0.451945393
9.66	-0.4391231561
9.67	-0.4262406945
9.68	-0.413303252
9.69	-0.4003160512
9.7	-0.3872842915
9.71	-0.3742131471
9.72	-0.3611077659
9.73	-0.347973267
9.74	-0.3348147399
9.75	-0.3216372423
9.76	-0.3084457984
9.77	-0.2952453977
9.78	-0.2820409934
9.79	-0.2688375005
9.8	-0.2556397945
9.81	-0.24245271
9.82	-0.2292810391
9.83	-0.2161295302
9.84	-0.203002886
9.85	-0.189905763
9.86	-0.1768427693
9.87	-0.1638184639
9.88	-0.1508373551
9.89	-0.1379038992
9.9	-0.1250224996
9.91	-0.112197505
9.92	-0.09943320909
9.93	-0.08673384842
9.94	-0.07410360203
9.95	-0.06154659005
9.96	-0.04906687267
9.97	-0.03666844917
9.98	-0.0243552569
9.99	-0.0121311703
10	-4.710339593e-16
10.01	0.0120345081
10.02	0.0239686737
10.03	0.03579888293
10.04	0.04752158914
10.05	0.05913331373
10.06	0.07063064684
10.07	0.08201024809
10.08	0.09326884724
10.09	0.1044032449
10.1	0.115410313
10.11	0.1262869956
10.12	0.1370303094
10.13	0.1476373439
10.14	0.1581052624
10.15	0.1684313022
10.16	0.1786127752
10.17	0.1886470681
10.18	0.1985316427
10.19	0.2082640365
10.2	0.2178418631
10.21	0.2272628119
10.22	0.2365246491
10.23	0.2456252173
10.24	0.2545624359
10.25	0.2633343016
10.26	0.2719388878
10.27	0.2803743453
10.28	0.2886389024
10.29	0.2967308643
10.3	0.3046486138
10.31	0.312390611
10.32	0.3199553932
10.33	0.3273415749
10.34	0.3345478476
10.35	0.34157298
10.36	0.3484158175
10.37	0.3550752818
10.38	0.3615503716
10.39	0.3678401612
10.4	0.3739438012
10.41	0.3798605175
10.42	0.3855896116
10.43	0.3911304597
10.44	0.3964825126
10.45	0.4016452956
10.46	0.4066184074
10.47	0.4114015203
10.48	0.4159943792
10.49	0.4203968017
10.5	0.4246086771
10.51	0.4286299661
10.52	0.4324607001
10.53	0.436100981
10.54	0.4395509799
10.55	0.4428109373
10.56	0.4458811618
10.57	0.4487620298
10.58	0.4514539847
10.59	0.4539575364
10.6	0.4562732601
10.61	0.4584017962
10.62	0.4603438489
10.63	0.462100186
10.64	0.4636716378
10.65	0.4650590963
10.66	0.4662635145
10.67	0.4672859055
10.68	0.4681273415
10.69	0.4687889533
10.7	0.4692719291
10.71	0.4695775136
10.72	0.4697070072
10.73	0.4696617653
10.74	0.4694431968
10.75	0.4690527637
10.76	0.4684919798
10.77	0.4677624098
10.78	0.4668656684
10.79	0.4658034193
10.8	0.4645773741
10.81	0.4631892914
10.82	0.4616409756
10.83	0.4599342761
10.84	0.4580710859
10.85	0.4560533412
10.86	0.4538830196
10.87	0.4515621394
10.88	0.4490927586
10.89	0.4464769737
10.9	0.4437169186
10.91	0.4408147635
10.92	0.437772714
10.93	0.4345930098
10.94	0.4312779235
10.95	0.42782976
10.96	0.4242508546
10.97	0.4205435728
10.98	0.4167103084
10.99	0.4127534829
11	0.4086755441
11.01	0.4044789651
11.02	0.4001662432
11.03	0.3957398988
11.04	0.391202474
11.05	0.3865565321
11.06	0.3818046558
11.07	0.3769494465
11.08	0.3719935231
11.09	0.3669395208
11.1	0.3617900903
11.11	0.3565478961
11.12	0.3512156162
11.13	0.3457959402
11.14	0.3402915688
11.15	0.3347052124
11.16	0.3290395902
11.17	0.3232974291
11.18	0.3174814623
11.19	0.3115944289
11.2	0.3056390723
11.21	0.299618139
11.22	0.2935343784
11.23	0.2873905409
11.24	0.2811893772
11.25	0.2749336375
11.26	0.2686260699
11.27	0.2622694202
11.28	0.2558664301
11.29	0.2494198368
11.3	0.2429323719
11.31	0.2364067601
11.32	0.2298457186
11.33	0.223251956
11.34	0.2166281717
11.35	0.2099770543
11.36	0.2033012813
11.37	0.196603518
11.38	0.1898864165
11.39	0.183152615
11.4	0.1764047367
11.41	0.1696453893
11.42	0.162877164
11.43	0.1561026343
11.44	0.1493243558
11.45	0.1425448651
11.46	0.1357666791
11.47	0.1289922939
11.48	0.1222241846
11.49	0.1154648041
11.5	0.1087165824
11.51	0.1019819264
11.52	0.09526321845
11.53	0.08856281615
11.54	0.08188305154
11.55	0.07522623044
11.56	0.06859463181
11.57	0.06199050714
11.58	0.0554160798
11.59	0.04887354447
11.6	0.04236506654
11.61	0.03589278156
11.62	0.02945879468
11.63	0.02306518011
11.64	0.0167139806
11.65	0.01040720694
11.66	0.004146837474
11.67	-0.002065182392
11.68	-0.008226940625
11.69	-0.01433655901
11.7	-0.02039219359
11.71	-0.02639203506
11.72	-0.03233430917
11.73	-0.03821727708
11.74	-0.04403923575
11.75	-0.04979851827
11.76	-0.0554934942
11.77	-0.06112256986
11.78	-0.06668418864
11.79	-0.07217683129
11.8	-0.07759901615
11.81	-0.08294929946
11.82	-0.08822627552
11.83	-0.09342857696
11.84	-0.09855487492
11.85	-0.1036038792
11.86	-0.1085743385
11.87	-0.1134650406
11.88	-0.1182748123
11.89	-0.1230025198
11.9	-0.1276470685
11.91	-0.1322074036
11.92	-0.1366825095
11.93	-0.1410714103
11.94	-0.14537317
11.95	-0.149586892
11.96	-0.1537117196
11.97	-0.1577468355
11.98	-0.1616914625
11.99	-0.1655448627
12	-0.1693063381
12.01	-0.17297523
12.02	-0.1765509194
12.03	-0.1800328265
12.04	-0.1834204111
12.05	-0.1867131718
12.06	-0.1899106465
12.07	-0.193012412
12.08	-0.196018084
12.09	-0.1989273164
12.1	-0.2017398019
12.11	-0.2044552712
12.12	-0.2070734933
12.13	-0.2095942746
12.14	-0.2120174594
12.15	-0.2143429293
12.16	-0.2165706028
12.17	-0.2187004354
12.18	-0.2207324191
12.19	-0.222666582
12.2	-0.2245029883
12.21	-0.2262417378
12.22	-0.2278829657
12.23	-0.2294268421
12.24	-0.2308735716
12.25	-0.2322233935
12.26	-0.2334765806
12.27	-0.2346334395
12.28	-0.23569431
12.29	-0.2366595645
12.3	-0.237529608
12.31	-0.2383048774
12.32	-0.2389858411
12.33	-0.2395729988
12.34	-0.2400668807
12.35	-0.2404680474
12.36	-0.2407770894
12.37	-0.2409946264
12.38	-0.2411213072
12.39	-0.2411578087
12.4	-0.241104836
12.41	-0.2409631217
12.42	-0.2407334254
12.43	-0.2404165328
12.44	-0.2400132562
12.45	-0.2395244329
12.46	-0.2389509252
12.47	-0.2382936202
12.48	-0.2375534286
12.49	-0.2367312845
12.5	-0.235828145
12.51	-0.2348449894
12.52	-0.233782819
12.53	-0.2326426561
12.54	-0.2314255439
12.55	-0.2301325455
12.56	-0.2287647438
12.57	-0.2273232407
12.58	-0.2258091565
12.59	-0.2242236295
12.6	-0.2225678153
12.61	-0.2208428863
12.62	-0.2190500311
12.63	-0.2171904539
12.64	-0.2152653741
12.65	-0.2132760256
12.66	-0.2112236562
12.67	-0.2091095269
12.68	-0.2069349118
12.69	-0.2047010969
12.7	-0.2024093802
12.71	-0.2000610704
12.72	-0.1976574869
12.73	-0.1951999591
12.74	-0.1926898256
12.75	-0.1901284338
12.76	-0.1875171395
12.77	-0.1848573058
12.78	-0.1821503034
12.79	-0.1793975089
12.8	-0.1766003055
12.81	-0.1737600813
12.82	-0.1708782295
12.83	-0.1679561475
12.84	-0.1649952366
12.85	-0.1619969011
12.86	-0.158962548
12.87	-0.1558935864
12.88	-0.1527914272
12.89	-0.1496574819
12.9	-0.1464931629
12.91	-0.1432998823
12.92	-0.140079052
12.93	-0.1368320824
12.94	-0.1335603826
12.95	-0.1302653597
12.96	-0.126948418
12.97	-0.1236109587
12.98	-0.1202543797
12.99	-0.1168800745
13	-0.1134894323
13.01	-0.1100838372
13.02	-0.1066646677
13.03	-0.1032332965
13.04	-0.09979108965
13.05	-0.09633940659
13.06	-0.09287959926
13.07	-0.08941301189
13.08	-0.08594098048
13.09	-0.08246483241
13.1	-0.07898588602
13.11	-0.07550545016
13.12	-0.07202482381
13.13	-0.06854529567
13.14	-0.06506814376
13.15	-0.06159463504
13.16	-0.05812602504
13.17	-0.05466355745
13.18	-0.05120846381
13.19	-0.04776196308
13.2	-0.04432526137
13.21	-0.04089955154
13.22	-0.03748601286
13.23	-0.03408581073
13.24	-0.03070009633
13.25	-0.02733000629
13.26	-0.02397666242
13.27	-0.0206411714
13.28	-0.01732462448
13.29	-0.01402809722
13.3	-0.01075264919
13.31	-0.007499323745
13.32	-0.004269147724
13.33	-0.001063131234
13.34	0.002117732603
13.35	0.005272467881
13.36	0.008400116132
13.37	0.01149973654
13.38	0.01457040616
13.39	0.0176112201
13.4	0.02062129171
13.41	0.02359975279
13.42	0.02654575375
13.43	0.02945846375
13.44	0.03233707091
13.45	0.03518078241
13.46	0.03798882466
13.47	0.04076044343
13.48	0.04349490396
13.49	0.04619149109
13.5	0.04884950937
13.51	0.05146828315
13.52	0.05404715667
13.53	0.05658549417
13.54	0.05908267993
13.55	0.06153811835
13.56	0.06395123402
13.57	0.06632147179
13.58	0.06864829675
13.59	0.07093119434
13.6	0.07316967033
13.61	0.07536325085
13.62	0.07751148242
13.63	0.07961393194
13.64	0.08167018669
13.65	0.08367985433
13.66	0.08564256287
13.67	0.08755796064
13.68	0.08942571628
13.69	0.09124551869
13.7	0.09301707697
13.71	0.0947401204
13.72	0.09641439834
13.73	0.09803968019
13.74	0.0996157553
13.75	0.1011424329
13.76	0.102619542
13.77	0.1040469314
13.78	0.1054244692
13.79	0.1067520434
13.8	0.1080295611
13.81	0.1092569486
13.82	0.1104341516
13.83	0.1115611345
13.84	0.1126378808
13.85	0.1136643925
13.86	0.1146406903
13.87	0.1155668133
13.88	0.1164428187
13.89	0.117268782
13.9	0.1180447964
13.91	0.1187709729
13.92	0.1194474401
13.93	0.120074344
13.94	0.1206518476
13.95	0.1211801309
13.96	0.1216593909
13.97	0.1220898409
13.98	0.1224717105
13.99	0.1228052458
14	0.1230907084
14.01	0.1233283759
14.02	0.1235185413
14.03	0.1236615125
14.04	0.123757613
14.05	0.1238071805
14.06	0.1238105676
14.07	0.1237681409
14.08	0.1236802811
14.09	0.1235473829
14.1	0.1233698542
14.11	0.1231481163
14.12	0.1228826034
14.13	0.1225737626
14.14	0.1222220532
14.15	0.121827947
14.16	0.1213919275
14.17	0.1209144899
14.18	0.1203961409
14.19	0.119837398
14.2	0.1192387898
14.21	0.1186008553
14.22	0.1179241438
14.23	0.1172092144
14.24	0.1164566362
14.25	0.1156669875
14.26	0.1148408555
14.27	0.1139788366
14.28	0.1130815355
14.29	0.1121495651
14.3	0.1111835464
14.31	0.1101841078
14.32	0.1091518854
14.33	0.108087522
14.34	0.1069916673
14.35	0.1058649776
14.36	0.1047081153
14.37	0.1035217484
14.38	0.102306551
14.39	0.101063202
14.4	0.09979238569
14.41	0.0984947908
14.42	0.0971711106
14.43	0.09582204245
14.44	0.09444828756
14.45	0.09305055065
14.46	0.09162953971
14.47	0.09018596572
14.48	0.0887205423
14.49	0.08723398548
14.5	0.08572701341
14.51	0.08420034606
14.52	0.08265470493
14.53	0.08109081282
14.54	0.07950939349
14.55	0.07791117143
14.56	0.07629687157
14.57	0.07466721902
14.58	0.07302293876
14.59	0.07136475544
14.6	0.06969339304
14.61	0.06800957467
14.62	0.06631402229
14.63	0.06460745642
14.64	0.06289059593
14.65	0.06116415777
14.66	0.05942885671
14.67	0.05768540511
14.68	0.05593451267
14.69	0.05417688618
14.7	0.05241322928
14.71	0.05064424226
14.72	0.04887062177
14.73	0.04709306065
14.74	0.04531224766
14.75	0.04352886728
14.76	0.04174359948
14.77	0.03995711952
14.78	0.03817009773
14.79	0.03638319927
14.8	0.03459708399
14.81	0.03281240618
14.82	0.03102981437
14.83	0.02924995118
14.84	0.02747345308
14.85	0.02570095022
14.86	0.02393306627
14.87	0.02217041821
14.88	0.02041361617
14.89	0.01866326326
14.9	0.01691995539
14.91	0.01518428112
14.92	0.01345682151
14.93	0.01173814994
14.94	0.01002883197
14.95	0.008329425196
14.96	0.00664047911
14.97	0.004962534955
14.98	0.003296125591
14.99	0.001641775369
15	9.562127145e-17
15.01	-0.001628693563
15.02	-0.003243807244
15.03	-0.004844851961
15.04	-0.006431347727
15.05	-0.008002823763
15.06	-0.009558818596
15.07	-0.01109888015
15.08	-0.01262256586
15.09	-0.01412944272
15.1	-0.0156190874
15.11	-0.01709108632
15.12	-0.01854503573
15.13	-0.01998054175
15.14	-0.02139722046
15.15	-0.02279469799
15.16	-0.02417261053
15.17	-0.02553060439
15.18	-0.02686833609
15.19	-0.02818547237
15.2	-0.02948169024
15.21	-0.03075667702
15.22	-0.03201013038
15.23	-0.03324175835
15.24	-0.03445127937
15.25	-0.03563842229
15.26	-0.0368029264
15.27	-0.03794454144
15.28	-0.03906302761
15.29	-0.04015815557
15.3	-0.04122970644
15.31	-0.04227747182
15.32	-0.04330125376
15.33	-0.04430086475
15.34	-0.04527612772
15.35	-0.046226876
15.36	-0.04715295334
15.37	-0.04805421384
15.38	-0.04893052194
15.39	-0.0497817524
15.4	-0.05060779025
15.41	-0.05140853073
15.42	-0.05218387929
15.43	-0.05293375154
15.44	-0.05365807315
15.45	-0.05435677984
15.46	-0.05502981734
15.47	-0.05567714127
15.48	-0.05629871713
15.49	-0.05689452023
15.5	-0.05746453558
15.51	-0.05800875786
15.52	-0.05852719134
15.53	-0.05901984978
15.54	-0.05948675636
15.55	-0.05992794362
15.56	-0.06034345332
15.57	-0.06073333641
15.58	-0.06109765289
15.59	-0.06143647177
15.6	-0.06174987089
15.61	-0.06203793692
15.62	-0.06230076517
15.63	-0.06253845955
15.64	-0.06275113243
15.65	-0.06293890452
15.66	-0.0631019048
15.67	-0.06324027037
15.68	-0.06335414635
15.69	-0.06344368577
15.7	-0.06350904944
15.71	-0.0635504058
15.72	-0.06356793086
15.73	-0.06356180804
15.74	-0.06353222801
15.75	-0.06347938863
15.76	-0.06340349478
15.77	-0.06330475821
15.78	-0.06318339746
15.79	-0.06303963768
15.8	-0.06287371051
15.81	-0.06268585394
15.82	-0.06247631219
15.83	-0.06224533552
15.84	-0.06199318016
15.85	-0.06172010811
15.86	-0.06142638701
15.87	-0.06111229004
15.88	-0.06077809569
15.89	-0.0604240877
15.9	-0.06005055486
15.91	-0.05965779088
15.92	-0.05924609425
15.93	-0.05881576807
15.94	-0.05836711994
15.95	-0.05790046174
15.96	-0.05741610957
15.97	-0.05691438354
15.98	-0.05639560762
15.99	-0.05586010952
16	-0.05530822051
16.01	-0.05474027531
16.02	-0.05415661187
16.03	-0.05355757129
16.04	-0.05294349763
16.05	-0.05231473776
16.06	-0.05167164123
16.07	-0.05101456011
16.08	-0.05034384881
16.09	-0.04965986398
16.1	-0.04896296434
16.11	-0.04825351051
16.12	-0.04753186489
16.13	-0.04679839151
16.14	-0.04605345584
16.15	-0.04529742472
16.16	-0.04453066614
16.17	-0.04375354913
16.18	-0.04296644363
16.19	-0.0421697203
16.2	-0.04136375041
16.21	-0.04054890571
16.22	-0.03972555824
16.23	-0.03889408025
16.24	-0.03805484401
16.25	-0.0372082217
16.26	-0.03635458525
16.27	-0.03549430626
16.28	-0.03462775579
16.29	-0.03375530426
16.3	-0.03287732136
16.31	-0.03199417583
16.32	-0.03110623542
16.33	-0.0302138667
16.34	-0.02931743497
16.35	-0.02841730412
16.36	-0.02751383649
16.37	-0.0266073928
16.38	-0.02569833196
16.39	-0.02478701102
16.4	-0.02387378501
16.41	-0.02295900682
16.42	-0.02204302712
16.43	-0.02112619422
16.44	-0.02020885399
16.45	-0.0192913497
16.46	-0.01837402197
16.47	-0.01745720864
16.48	-0.01654124464
16.49	-0.01562646196
16.5	-0.01471318948
16.51	-0.0138017529
16.52	-0.01289247465
16.53	-0.01198567381
16.54	-0.01108166597
16.55	-0.0101807632
16.56	-0.009283273925
16.57	-0.008389502842
16.58	-0.007499750855
16.59	-0.006614314983
16.6	-0.005733488279
16.61	-0.004857559758
16.62	-0.003986814322
16.63	-0.003121532683
16.64	-0.002261991299
16.65	-0.001408462299
16.66	-0.0005612134241
16.67	0.000279492044
16.68	0.00111339534
16.69	0.001940242275
16.7	0.002759783296
16.71	0.003571773541
16.72	0.00437597289
16.73	0.005172146018
16.74	0.005960062443
16.75	0.006739496575
16.76	0.007510227756
16.77	0.008272040304
16.78	0.009024723557
16.79	0.009768071905
16.8	0.01050188483
16.81	0.01122596694
16.82	0.01194012799
16.83	0.01264418293
16.84	0.01333795191
16.85	0.01402126034
16.86	0.01469393886
16.87	0.01535582341
16.88	0.01600675523
16.89	0.01664658085
16.9	0.01727515217
16.91	0.01789232641
16.92	0.01849796613
16.93	0.01909193927
16.94	0.01967411914
16.95	0.0202443844
16.96	0.0208026191
16.97	0.02134871267
16.98	0.02188255987
16.99	0.02240406089
17	0.02291312122
17.01	0.02340965175
17.02	0.02389356868
17.03	0.02436479357
17.04	0.02482325328
17.05	0.02526887998
17.06	0.02570161113
17.07	0.02612138945
17.08	0.02652816291
17.09	0.0269218847
17.1	0.02730251323
17.11	0.02767001204
17.12	0.02802434986
17.13	0.02836550052
17.14	0.02869344292
17.15	0.02900816105
17.16	0.02930964388
17.17	0.02959788538
17.18	0.02987288446
17.19	0.03013464494
17.2	0.03038317551
17.21	0.03061848967
17.22	0.03084060571
17.23	0.03104954665
17.24	0.03124534021
17.25	0.03142801873
17.26	0.03159761916
17.27	0.03175418299
17.28	0.0318977562
17.29	0.03202838919
17.3	0.03214613678
17.31	0.03225105808
17.32	0.03234321649
17.33	0.03242267964
17.34	0.03248951929
17.35	0.03254381131
17.36	0.03258563559
17.37	0.03261507603
17.38	0.0326322204
17.39	0.03263716034
17.4	0.03262999127
17.41	0.03261081233
17.42	0.0325797263
17.43	0.03253683957
17.44	0.03248226201
17.45	0.03241610696
17.46	0.03233849115
17.47	0.03224953459
17.48	0.03214936054
17.49	0.03203809543
17.5	0.03191586879
17.51	0.03178281316
17.52	0.03163906403
17.53	0.03148475976
17.54	0.03132004153
17.55	0.03114505323
17.56	0.0309599414
17.57	0.03076485517
17.58	0.03055994616
17.59	0.03034536841
17.6	0.03012127832
17.61	0.02988783457
17.62	0.029645198
17.63	0.02939353159
17.64	0.02913300038
17.65	0.02886377134
17.66	0.02858601333
17.67	0.02829989705
17.68	0.0280055949
17.69	0.02770328093
17.7	0.02739313079
17.71	0.02707532162
17.72	0.02675003198
17.73	0.02641744175
17.74	0.02607773212
17.75	0.02573108544
17.76	0.02537768518
17.77	0.02501771584
17.78	0.0246513629
17.79	0.02427881268
17.8	0.02390025236
17.81	0.02351586982
17.82	0.02312585359
17.83	0.0227303928
17.84	0.02232967708
17.85	0.02192389649
17.86	0.02151324145
17.87	0.02109790267
17.88	0.02067807107
17.89	0.0202539377
17.9	0.01982569369
17.91	0.01939353016
17.92	0.01895763817
17.93	0.01851820862
17.94	0.01807543221
17.95	0.01762949935
17.96	0.0171806001
17.97	0.01672892411
17.98	0.01627466054
17.99	0.01581799799
18	0.01535912447
18.01	0.01489822729
18.02	0.01443549302
18.03	0.01397110742
18.04	0.01350525538
18.05	0.01303812088
18.06	0.01256988687
18.07	0.01210073529
18.08	0.01163084693
18.09	0.01116040145
18.1	0.01068957726
18.11	0.01021855148
18.12	0.009747499931
18.13	0.009276597004
18.14	0.008806015665
18.15	0.008335927379
18.16	0.007866502062
18.17	0.00739790803
18.18	0.006930311953
18.19	0.006463878802
18.2	0.005998771802
18.21	0.005535152391
18.22	0.005073180168
18.23	0.00461301285
18.24	0.004154806232
18.25	0.003698714142
18.26	0.0032448884
18.27	0.002793478778
18.28	0.002344632961
18.29	0.00189849651
18.3	0.001455212824
18.31	0.001014923103
18.32	0.0005777663164
18.33	0.0001438791667
18.34	-0.0002866039416
18.35	-0.000713550934
18.36	-0.001136832096
18.37	-0.001556320102
18.38	-0.001971890045
18.39	-0.00238341946
18.4	-0.002790788354
18.41	-0.003193879229
18.42	-0.003592577102
18.43	-0.003986769535
18.44	-0.00437634665
18.45	-0.004761201151
18.46	-0.005141228345
18.47	-0.005516326156
18.48	-0.005886395146
18.49	-0.00625133853
18.5	-0.006611062187
18.51	-0.006965474678
18.52	-0.007314487257
18.53	-0.007658013881
18.54	-0.007995971222
18.55	-0.008328278676
18.56	-0.00865485837
18.57	-0.008975635169
18.58	-0.009290536685
18.59	-0.009599493277
18.6	-0.009902438058
18.61	-0.0101993069
18.62	-0.01049003843
18.63	-0.01077457403
18.64	-0.01105285785
18.65	-0.01132483679
18.66	-0.0115904605
18.67	-0.0118496814
18.68	-0.01210245464
18.69	-0.01234873812
18.7	-0.01258849246
18.71	-0.01282168103
18.72	-0.01304826991
18.73	-0.01326822789
18.74	-0.01348152646
18.75	-0.0136881398
18.76	-0.01388804479
18.77	-0.01408122093
18.78	-0.0142676504
18.79	-0.01444731803
18.8	-0.01462021125
18.81	-0.01478632009
18.82	-0.01494563719
18.83	-0.01509815774
18.84	-0.0152438795
18.85	-0.01538280276
18.86	-0.0155149303
18.87	-0.01564026741
18.88	-0.01575882185
18.89	-0.01587060382
18.9	-0.01597562595
18.91	-0.01607390326
18.92	-0.01616545314
18.93	-0.01625029535
18.94	-0.01632845197
18.95	-0.01639994734
18.96	-0.01646480813
18.97	-0.01652306319
18.98	-0.01657474363
18.99	-0.01661988272
19	-0.01665851589
19.01	-0.01669068069
19.02	-0.01671641677
19.03	-0.01673576582
19.04	-0.0167487716
19.05	-0.01675547984
19.06	-0.01675593823
19.07	-0.0167501964
19.08	-0.01673830588
19.09	-0.01672032006
19.1	-0.01669629416
19.11	-0.0166662852
19.12	-0.01663035194
19.13	-0.01658855488
19.14	-0.01654095619
19.15	-0.01648761972
19.16	-0.01642861089
19.17	-0.01636399674
19.18	-0.01629384583
19.19	-0.0162182282
19.2	-0.01613721539
19.21	-0.01605088034
19.22	-0.0159592974
19.23	-0.01586254223
19.24	-0.01576069185
19.25	-0.01565382451
19.26	-0.01554201971
19.27	-0.01542535814
19.28	-0.01530392163
19.29	-0.01517779316
19.3	-0.01504705674
19.31	-0.01491179744
19.32	-0.01477210132
19.33	-0.0146280554
19.34	-0.0144797476
19.35	-0.01432726673
19.36	-0.01417070244
19.37	-0.01401014514
19.38	-0.01384568605
19.39	-0.01367741707
19.4	-0.01350543078
19.41	-0.01332982041
19.42	-0.01315067978
19.43	-0.01296810326
19.44	-0.01278218575
19.45	-0.01259302263
19.46	-0.01240070971
19.47	-0.01220534321
19.48	-0.01200701972
19.49	-0.01180583613
19.5	-0.01160188964
19.51	-0.01139527768
19.52	-0.0111860979
19.53	-0.01097444812
19.54	-0.01076042629
19.55	-0.01054413045
19.56	-0.01032565872
19.57	-0.01010510923
19.58	-0.0098825801
19.59	-0.00965816939
19.6	-0.009431975087
19.61	-0.009204095051
19.62	-0.008974626989
19.63	-0.008743668413
19.64	-0.008511316613
19.65	-0.008277668615
19.66	-0.008042821155
19.67	-0.00780687064
19.68	-0.007569913115
19.69	-0.007332044236
19.7	-0.00709335923
19.71	-0.00685395287
19.72	-0.006613919439
19.73	-0.006373352702
19.74	-0.006132345871
19.75	-0.005890991582
19.76	-0.005649381859
19.77	-0.005407608088
19.78	-0.005165760987
19.79	-0.004923930578
19.8	-0.004682206161
19.81	-0.004440676284
19.82	-0.004199428717
19.83	-0.003958550428
19.84	-0.003718127554
19.85	-0.003478245378
19.86	-0.003238988303
19.87	-0.003000439828
19.88	-0.002762682527
19.89	-0.002525798019
19.9	-0.002289866955
19.91	-0.002054968987
19.92	-0.001821182751
19.93	-0.001588585847
19.94	-0.001357254815
19.95	-0.001127265118
19.96	-0.0008986911212
19.97	-0.0006716060737
19.98	-0.0004460820904
19.99	-0.0002221901345
20	-1.725457581e-17
20.01	0.0002204197046
20.02	0.0004390015722
20.03	0.0006556794123
20.04	0.0008703882662
20.05	0.001083064421
20.06	0.001293645422
20.07	0.001502070089
20.08	0.001708278526
20.09	0.001912212132
20.1	0.002113813617
20.11	0.002313027009
20.12	0.002509797663
20.13	0.002704072277
20.14	0.002895798892
20.15	0.003084926909
20.16	0.003271407092
20.17	0.003455191576
20.18	0.003636233875
20.19	0.003814488886
20.2	0.003989912899
20.21	0.004162463596
20.22	0.004332100061
20.23	0.004498782782
20.24	0.004662473651
20.25	0.004823135975
20.26	0.004980734468
20.27	0.005135235263
20.28	0.005286605905
20.29	0.005434815358
20.3	0.005579833999
20.31	0.005721633624
20.32	0.005860187442
20.33	0.005995470079
20.34	0.006127457568
20.35	0.006256127357
20.36	0.006381458296
20.37	0.006503430641
20.38	0.006622026046
20.39	0.006737227561
20.4	0.006849019627
20.41	0.006957388067
20.42	0.007062320085
20.43	0.007163804257
20.44	0.007261830527
20.45	0.007356390196
20.46	0.007447475916
20.47	0.007535081683
20.48	0.007619202829
20.49	0.00769983601
20.5	0.007776979199
20.51	0.007850631676
20.52	0.007920794017
20.53	0.007987468087
20.54	0.008050657021
20.55	0.008110365223
20.56	0.008166598346
20.57	0.008219363285
20.58	0.008268668159
20.59	0.008314522307
20.6	0.008356936267
20.61	0.008395921764
20.62	0.008431491701
20.63	0.008463660137
20.64	0.00849244228
20.65	0.00851785447
20.66	0.008539914158
20.67	0.008558639902
20.68	0.008574051341
20.69	0.008586169184
20.7	0.008595015194
20.71	0.008600612169
20.72	0.008602983928
20.73	0.008602155293
20.74	0.008598152072
20.75	0.00859100104
20.76	0.008580729924
20.77	0.008567367383
20.78	0.008550942992
20.79	0.008531487221
20.8	0.00850903142
20.81	0.008483607798
20.82	0.008455249405
20.83	0.008423990113
20.84	0.008389864596
20.85	0.008352908312
20.86	0.008313157485
20.87	0.008270649081
20.88	0.008225420795
20.89	0.008177511023
20.9	0.00812695885
20.91	0.008073804026
20.92	0.008018086946
20.93	0.007959848631
20.94	0.007899130708
20.95	0.007835975389
20.96	0.007770425452
20.97	0.007702524217
20.98	0.00763231553
20.99	0.007559843743
21	0.007485153689
21.01	0.007408290663
21.02	0.007329300406
21.03	0.00724822908
21.04	0.007165123247
21.05	0.007080029852
21.06	0.006992996201
21.07	0.006904069941
21.08	0.006813299038
21.09	0.006720731757
21.1	0.006626416647
21.11	0.006530402512
21.12	0.006432738398
21.13	0.006333473569
21.14	0.00623265749
21.15	0.006130339804
21.16	0.006026570314
21.17	0.005921398964
21.18	0.005814875818
21.19	0.00570705104
21.2	0.005597974878
21.21	0.005487697639
21.22	0.005376269677
21.23	0.005263741367
21.24	0.005150163093
21.25	0.005035585222
21.26	0.004920058092
21.27	0.004803631991
21.28	0.004686357137
21.29	0.004568283663
21.3	0.004449461598
21.31	0.004329940848
21.32	0.004209771181
21.33	0.004089002208
21.34	0.003967683366
21.35	0.003845863902
21.36	0.003723592855
21.37	0.00360091904
21.38	0.003477891035
21.39	0.003354557157
21.4	0.003230965456
21.41	0.00310716369
21.42	0.002983199318
21.43	0.002859119479
21.44	0.002734970978
21.45	0.002610800275
21.46	0.002486653468
21.47	0.002362576275
21.48	0.002238614029
21.49	0.002114811656
21.5	0.001991213665
21.51	0.001867864137
21.52	0.001744806709
21.53	0.00162208456
21.54	0.001499740403
21.55	0.001377816472
21.56	0.001256354506
21.57	0.001135395743
21.58	0.001014980906
21.59	0.0008951501916
21.6	0.0007759432602
21.61	0.0006573992257
21.62	0.0005395566455
21.63	0.0004224535098
21.64	0.0003061272331
21.65	0.0001906146442
21.66	7.595197771e-05
21.67	-3.782513494e-05
21.68	-0.0001506816736
21.69	-0.0002625832378
21.7	-0.000373496054
21.71	-0.0004833869838
21.72	-0.0005922235304
21.73	-0.0006999738462
21.74	-0.0008066067389
21.75	-0.0009120916779
21.76	-0.0010163988
21.77	-0.001119498918
21.78	-0.001221363519
21.79	-0.001321964778
21.8	-0.001421275558
21.81	-0.001519269415
21.82	-0.001615920603
21.83	-0.001711204078
21.84	-0.0018050955
21.85	-0.001897571239
21.86	-0.001988608377
21.87	-0.002078184711
21.88	-0.002166278752
21.89	-0.002252869735
21.9	-0.002337937613
21.91	-0.002421463062
21.92	-0.002503427486
21.93	-0.002583813009
21.94	-0.002662602486
21.95	-0.002739779497
21.96	-0.002815328349
21.97	-0.002889234075
21.98	-0.002961482438
21.99	-0.003032059926
22	-0.00310095375
22.01	-0.00316815185
22.02	-0.003233642885
22.03	-0.003297416239
22.04	-0.003359462014
22.05	-0.00341977103
22.06	-0.003478334822
22.07	-0.00353514564
22.08	-0.003590196441
22.09	-0.003643480892
22.1	-0.00369499336
22.11	-0.003744728917
22.12	-0.003792683326
22.13	-0.003838853047
22.14	-0.003883235225
22.15	-0.003925827692
22.16	-0.003966628956
22.17	-0.0040056382
22.18	-0.004042855279
22.19	-0.004078280708
22.2	-0.004111915663
22.21	-0.004143761971
22.22	-0.004173822109
22.23	-0.00420209919
22.24	-0.004228596967
22.25	-0.004253319816
22.26	-0.004276272739
22.27	-0.004297461349
22.28	-0.00431689187
22.29	-0.004334571123
22.3	-0.004350506526
22.31	-0.00436470608
22.32	-0.004377178365
22.33	-0.004387932533
22.34	-0.004396978295
22.35	-0.004404325921
22.36	-0.004409986222
22.37	-0.004413970552
22.38	-0.00441629079
22.39	-0.004416959339
22.4	-0.004415989111
22.41	-0.004413393523
22.42	-0.004409186487
22.43	-0.004403382399
22.44	-0.004395996129
22.45	-0.004387043017
22.46	-0.004376538859
22.47	-0.004364499897
22.48	-0.004350942814
22.49	-0.00433588472
22.5	-0.004319343143
22.51	-0.004301336021
22.52	-0.004281881692
22.53	-0.00426099888
22.54	-0.004238706692
22.55	-0.0042150246
22.56	-0.004189972438
22.57	-0.004163570388
22.58	-0.004135838969
22.59	-0.004106799029
22.6	-0.004076471734
22.61	-0.004044878556
22.62	-0.004012041267
22.63	-0.003977981924
22.64	-0.003942722858
22.65	-0.003906286669
22.66	-0.003868696211
22.67	-0.003829974583
22.68	-0.003790145117
22.69	-0.003749231371
22.7	-0.003707257115
22.71	-0.003664246321
22.72	-0.003620223154
22.73	-0.003575211962
22.74	-0.003529237263
22.75	-0.003482323736
22.76	-0.003434496212
22.77	-0.00338577966
22.78	-0.00333619918
22.79	-0.003285779991
22.8	-0.003234547423
22.81	-0.003182526902
22.82	-0.003129743945
22.83	-0.003076224147
22.84	-0.003021993172
22.85	-0.002967076741
22.86	-0.002911500626
22.87	-0.002855290634
22.88	-0.002798472605
22.89	-0.002741072395
22.9	-0.002683115871
22.91	-0.002624628897
22.92	-0.002565637331
22.93	-0.002506167009
22.94	-0.002446243738
22.95	-0.002385893288
22.96	-0.002325141381
22.97	-0.002264013683
22.98	-0.002202535793
22.99	-0.002140733238
23	-0.002078631461
23.01	-0.00201625581
23.02	-0.001953631536
23.03	-0.001890783779
23.04	-0.001827737562
23.05	-0.001764517782
23.06	-0.0017011492
23.07	-0.001637656438
23.08	-0.001574063964
23.09	-0.001510396092
23.1	-0.001446676966
23.11	-0.001382930559
23.12	-0.001319180664
23.13	-0.001255450883
23.14	-0.001191764624
23.15	-0.001128145093
23.16	-0.001064615285
23.17	-0.001001197979
23.18	-0.0009379157311
23.19	-0.0008747908684
23.2	-0.000811845481
23.21	-0.0007491014166
23.22	-0.0006865802749
23.23	-0.0006243034006
23.24	-0.0005622918782
23.25	-0.000500566526
23.26	-0.0004391478907
23.27	-0.0003780562416
23.28	-0.0003173115659
23.29	-0.0002569335629
23.3	-0.0001969416397
23.31	-0.0001373549056
23.32	-7.819216807e-05
23.33	-1.947192778e-05
23.34	3.878762562e-05
23.35	9.656861776e-05
23.36	0.0001538534937
23.37	0.0002106250218
23.38	0.0002668662977
23.39	0.0003225607477
23.4	0.0003776921324
23.41	0.00043224455
23.42	0.0004862024397
23.43	0.0005395505843
23.44	0.0005922741134
23.45	0.0006443585064
23.46	0.0006957895942
23.47	0.0007465535627
23.48	0.0007966369544
23.49	0.0008460266705
23.5	0.0008947099735
23.51	0.0009426744884
23.52	0.0009899082046
23.53	0.001036399478
23.54	0.00108213703
23.55	0.001127109954
23.56	0.001171307709
23.57	0.001214720128
23.58	0.001257337414
23.59	0.001299150142
23.6	0.001340149259
23.61	0.001380326088
23.62	0.001419672322
23.63	0.001458180028
23.64	0.001495841647
23.65	0.001532649994
23.66	0.001568598255
23.67	0.001603679989
23.68	0.001637889127
23.69	0.00167121997
23.7	0.001703667192
23.71	0.001735225834
23.72	0.001765891304
23.73	0.001795659379
23.74	0.001824526202
23.75	0.001852488277
23.76	0.001879542475
23.77	0.001905686022
23.78	0.001930916508
23.79	0.001955231878
23.8	0.00197863043
23.81	0.002001110817
23.82	0.002022672042
23.83	0.002043313454
23.84	0.00206303475
23.85	0.002081835968
23.86	0.002099717486
23.87	0.00211668002
23.88	0.002132724619
23.89	0.002147852663
23.9	0.002162065863
23.91	0.00217536625
23.92	0.00218775618
23.93	0.002199238324
23.94	0.002209815672
23.95	0.002219491519
23.96	0.002228269471
23.97	0.002236153437
23.98	0.002243147624
23.99	0.002249256536
24	0.002254484966
24.01	0.002258837999
24.02	0.002262320998
24.03	0.002264939608
24.04	0.002266699749
24.05	0.00226760761
24.06	0.002267669646
24.07	0.002266892574
24.08	0.002265283367
24.09	0.002262849251
24.1	0.0022595977
24.11	0.002255536428
24.12	0.00225067339
24.13	0.002245016773
24.14	0.002238574991
24.15	0.002231356684
24.16	0.002223370709
24.17	0.002214626134
24.18	0.00220513224
24.19	0.002194898507
24.2	0.002183934615
24.21	0.002172250437
24.22	0.002159856033
24.23	0.002146761646
24.24	0.002132977696
24.25	0.002118514774
24.26	0.002103383639
24.27	0.002087595212
24.28	0.002071160569
24.29	0.002054090936
24.3	0.002036397686
24.31	0.00201809233
24.32	0.001999186517
24.33	0.001979692021
24.34	0.001959620743
24.35	0.001938984701
24.36	0.001917796028
24.37	0.001896066961
24.38	0.001873809844
24.39	0.001851037113
24.4	0.0018277613
24.41	0.001803995021
24.42	0.001779750972
24.43	0.001755041927
24.44	0.001729880729
24.45	0.001704280284
24.46	0.001678253561
24.47	0.001651813581
24.48	0.001624973415
24.49	0.001597746177
24.5	0.001570145021
24.51	0.001542183133
24.52	0.001513873728
24.53	0.001485230045
24.54	0.001456265339
24.55	0.001426992881
24.56	0.001397425948
24.57	0.00136757782
24.58	0.001337461777
24.59	0.00130709109
24.6	0.00127647902
24.61	0.001245638811
24.62	0.001214583685
24.63	0.001183326841
24.64	0.001151881445
24.65	0.001120260627
24.66	0.001088477479
24.67	0.001056545049
24.68	0.001024476335
24.69	0.0009922842833
24.7	0.0009599817805
24.71	0.000927581653
24.72	0.0008950966606
24.73	0.000862539493
24.74	0.0008299227654
24.75	0.0007972590143
24.76	0.000764560694
24.77	0.0007318401722
24.78	0.0006991097263
24.79	0.0006663815394
24.8	0.000633667697
24.81	0.0006009801826
24.82	0.0005683308748
24.83	0.0005357315433
24.84	0.0005031938456
24.85	0.0004707293233
24.86	0.0004383493993
24.87	0.000406065374
24.88	0.0003738884222
24.89	0.0003418295903
24.9	0.0003098997929
24.91	0.0002781098099
24.92	0.0002464702835
24.93	0.0002149917156
24.94	0.0001836844648
24.95	0.000152558744
24.96	0.0001216246174
24.97	9.08919982e-05
24.98	6.037064606e-05
24.99	3.007016479e-05
25	8.564194432e-18
25.01	-2.983056316e-05
25.02	-5.941240211e-05
25.03	-8.873655898e-05
25.04	-0.0001177942425
25.05	-0.0001465768301
25.06	-0.0001750758696
25.07	-0.000203283081
25.08	-0.0002311903581
25.09	-0.0002587897705
25.1	-0.0002860735646
25.11	-0.0003130341653
25.12	-0.0003396641776
25.13	-0.0003659563874
25.14	-0.0003919037633
25.15	-0.000417499457
25.16	-0.0004427368054
25.17	-0.0004676093306
25.18	-0.0004921107414
25.19	-0.0005162349338
25.2	-0.0005399759922
25.21	-0.0005633281897
25.22	-0.0005862859888
25.23	-0.000608844042
25.24	-0.0006309971922
25.25	-0.0006527404732
25.26	-0.00067406911
25.27	-0.0006949785188
25.28	-0.0007154643076
25.29	-0.0007355222758
25.3	-0.0007551484146
25.31	-0.000774338907
25.32	-0.0007930901273
25.33	-0.0008113986412
25.34	-0.0008292612055
25.35	-0.0008466747678
25.36	-0.0008636364659
25.37	-0.0008801436278
25.38	-0.0008961937705
25.39	-0.0009117846003
25.4	-0.0009269140111
25.41	-0.0009415800846
25.42	-0.000955781089
25.43	-0.0009695154782
25.44	-0.0009827818912
25.45	-0.0009955791507
25.46	-0.001007906262
25.47	-0.001019762414
25.48	-0.001031146973
25.49	-0.001042059487
25.5	-0.001052499683
25.51	-0.001062467461
25.52	-0.001071962902
25.53	-0.001080986256
25.54	-0.001089537948
25.55	-0.001097618575
25.56	-0.0011052289
25.57	-0.001112369858
25.58	-0.001119042547
25.59	-0.001125248231
25.6	-0.001130988337
25.61	-0.00113626445
25.62	-0.001141078317
25.63	-0.001145431842
25.64	-0.001149327081
25.65	-0.001152766247
25.66	-0.001155751701
25.67	-0.001158285955
25.68	-0.001160371667
25.69	-0.001162011638
25.7	-0.001163208816
25.71	-0.001163966284
25.72	-0.001164287267
25.73	-0.001164175123
25.74	-0.001163633346
25.75	-0.001162665559
25.76	-0.001161275515
25.77	-0.001159467091
25.78	-0.001157244292
25.79	-0.001154611239
25.8	-0.001151572177
25.81	-0.001148131464
25.82	-0.001144293573
25.83	-0.001140063088
25.84	-0.001135444701
25.85	-0.001130443212
25.86	-0.001125063523
25.87	-0.001119310636
25.88	-0.001113189653
25.89	-0.00110670577
25.9	-0.001099864278
25.91	-0.001092670555
25.92	-0.001085130068
25.93	-0.001077248369
25.94	-0.001069031092
25.95	-0.001060483949
25.96	-0.001051612729
25.97	-0.001042423296
25.98	-0.001032921584
25.99	-0.001023113594
26	-0.001013005395
26.01	-0.001002603115
26.02	-0.0009919129464
26.03	-0.0009809411355
26.04	-0.000969693984
26.05	-0.0009581778454
26.06	-0.0009463991216
26.07	-0.000934364261
26.08	-0.000922079755
26.09	-0.000909552136
26.1	-0.0008967879738
26.11	-0.0008837938736
26.12	-0.0008705764731
26.13	-0.0008571424394
26.14	-0.0008434984667
26.15	-0.0008296512737
26.16	-0.0008156076004
26.17	-0.000801374206
26.18	-0.0007869578658
26.19	-0.000772365369
26.2	-0.0007576035156
26.21	-0.0007426791143
26.22	-0.0007275989795
26.23	-0.0007123699288
26.24	-0.0006969987809
26.25	-0.0006814923523
26.26	-0.0006658574555
26.27	-0.0006501008961
26.28	-0.0006342294705
26.29	-0.0006182499635
26.3	-0.0006021691456
26.31	-0.0005859937711
26.32	-0.0005697305752
26.33	-0.000553386272
26.34	-0.0005369675521
26.35	-0.0005204810804
26.36	-0.0005039334936
26.37	-0.0004873313983
26.38	-0.0004706813683
26.39	-0.000453989943
26.4	-0.0004372636251
26.41	-0.0004205088781
26.42	-0.0004037321247
26.43	-0.0003869397444
26.44	-0.000370138072
26.45	-0.0003533333948
26.46	-0.0003365319513
26.47	-0.0003197399294
26.48	-0.0003029634636
26.49	-0.0002862086344
26.5	-0.0002694814654
26.51	-0.0002527879221
26.52	-0.0002361339101
26.53	-0.0002195252733
26.54	-0.0002029677922
26.55	-0.0001864671824
26.56	-0.0001700290929
26.57	-0.0001536591045
26.58	-0.0001373627284
26.59	-0.0001211454047
26.6	-0.0001050125009
26.61	-8.896931041e-05
26.62	-7.302105143e-05
26.63	-5.71728654e-05
26.64	-4.14298158e-05
26.65	-2.579688686e-05
26.66	-1.027898242e-05
26.67	5.11907535e-06
26.68	2.039254698e-05
26.69	3.553677686e-05
26.7	5.054719426e-05
26.71	6.541931436e-05
26.72	8.014873923e-05
26.73	9.473115874e-05
26.74	0.0001091623515
26.75	0.0001234381856
26.76	0.0001375546195
26.77	0.0001515077031
26.78	0.0001652935777
26.79	0.0001789084777
26.8	0.0001923487302
26.81	0.0002056107566
26.82	0.0002186910725
26.83	0.0002315862885
26.84	0.0002442931107
26.85	0.0002568083411
26.86	0.000269128878
26.87	0.0002812517164
26.88	0.0002931739485
26.89	0.0003048927637
26.9	0.000316405449
26.91	0.0003277093894
26.92	0.0003388020678
26.93	0.0003496810654
26.94	0.0003603440616
26.95	0.0003707888342
26.96	0.0003810132595
26.97	0.0003910153119
26.98	0.0004007930646
26.99	0.0004103446888
27	0.0004196684541
27.01	0.0004287627279
27.02	0.0004376259757
27.03	0.0004462567606
27.04	0.0004546537431
27.05	0.0004628156809
27.06	0.0004707414284
27.07	0.0004784299365
27.08	0.0004858802523
27.09	0.0004930915185
27.1	0.000500062973
27.11	0.0005067939486
27.12	0.0005132838721
27.13	0.0005195322644
27.14	0.0005255387391
27.15	0.0005313030026
27.16	0.0005368248532
27.17	0.0005421041804
27.18	0.0005471409643
27.19	0.0005519352747
27.2	0.0005564872709
27.21	0.0005607972001
27.22	0.0005648653973
27.23	0.0005686922841
27.24	0.0005722783682
27.25	0.000575624242
27.26	0.0005787305823
27.27	0.0005815981489
27.28	0.0005842277839
27.29	0.0005866204106
27.3	0.0005887770329
27.31	0.0005906987335
27.32	0.0005923866738
27.33	0.0005938420921
27.34	0.000595066303
27.35	0.000596060696
27.36	0.0005968267345
27.37	0.0005973659549
27.38	0.0005976799649
27.39	0.0005977704431
27.4	0.0005976391371
27.41	0.0005972878625
27.42	0.0005967185021
27.43	0.0005959330041
27.44	0.0005949333812
27.45	0.0005937217093
27.46	0.0005923001261
27.47	0.0005906708298
27.48	0.0005888360781
27.49	0.0005867981867
27.5	0.0005845595277
27.51	0.0005821225287
27.52	0.0005794896715
27.53	0.0005766634903
27.54	0.0005736465707
27.55	0.0005704415481
27.56	0.0005670511067
27.57	0.0005634779777
27.58	0.0005597249383
27.59	0.0005557948098
27.6	0.0005516904567
27.61	0.0005474147851
27.62	0.0005429707413
27.63	0.0005383613103
27.64	0.0005335895147
27.65	0.0005286584128
27.66	0.0005235710975
27.67	0.000518330695
27.68	0.000512940363
27.69	0.0005074032895
27.7	0.0005017226916
27.71	0.0004959018136
27.72	0.0004899439259
27.73	0.0004838523235
27.74	0.0004776303246
27.75	0.0004712812692
27.76	0.0004648085176
27.77	0.0004582154492
27.78	0.0004515054609
27.79	0.0004446819658
27.8	0.0004377483916
27.81	0.0004307081797
27.82	0.0004235647833
27.83	0.0004163216663
27.84	0.0004089823019
27.85	0.0004015501712
27.86	0.0003940287618
27.87	0.0003864215667
27.88	0.0003787320826
27.89	0.000370963809
27.9	0.0003631202463
27.91	0.0003552048952
27.92	0.0003472212549
27.93	0.000339172822
27.94	0.0003310630892
27.95	0.0003228955439
27.96	0.0003146736673
27.97	0.000306400933
27.98	0.0002980808054
27.99	0.0002897167391
28	0.0002813121775
28.01	0.0002728705511
28.02	0.0002643952773
28.03	0.0002558897583
28.04	0.0002473573807
28.05	0.0002388015138
28.06	0.0002302255088
28.07	0.0002216326978
28.08	0.0002130263924
28.09	0.0002044098828
28.1	0.0001957864369
28.11	0.0001871592989
28.12	0.0001785316888
28.13	0.0001699068008
28.14	0.000161287803
28.15	0.0001526778357
28.16	0.0001440800111
28.17	0.000135497412
28.18	0.0001269330911
28.19	0.00011839007
28.2	0.0001098713381
28.21	0.0001013798524
28.22	9.291853597e-05
28.23	8.449027755e-05
28.24	7.60979306e-05
28.25	6.774431258e-05
28.26	5.943220416e-05
28.27	5.116434854e-05
28.28	4.294345064e-05
28.29	3.477217651e-05
28.3	2.665315259e-05
28.31	1.858896506e-05
28.32	1.058215921e-05
28.33	2.635238861e-06
28.34	-5.249334299e-06
28.35	-1.306914124e-05
28.36	-2.082180615e-05
28.37	-2.850499699e-05
28.38	-3.611642599e-05
28.39	-4.365385015e-05
28.4	-5.111507171e-05
28.41	-5.84979386e-05
28.42	-6.580034488e-05
28.43	-7.302023114e-05
28.44	-8.01555849e-05
28.45	-8.720444096e-05
28.46	-9.416488181e-05
28.47	-0.0001010350379
28.48	-0.0001078130879
28.49	-0.0001144972591
28.5	-0.0001210858277
28.51	-0.0001275771189
28.52	-0.0001339695073
28.53	-0.0001402614168
28.54	-0.0001464513215
28.55	-0.0001525377448
28.56	-0.0001585192605
28.57	-0.0001643944926
28.58	-0.000170162115
28.59	-0.0001758208524
28.6	-0.0001813694796
28.61	-0.0001868068221
28.62	-0.0001921317558
28.63	-0.0001973432071
28.64	-0.000202440153
28.65	-0.0002074216211
28.66	-0.0002122866891
28.67	-0.0002170344855
28.68	-0.0002216641889
28.69	-0.0002261750281
28.7	-0.000230566282
28.71	-0.0002348372797
28.72	-0.0002389873997
28.73	-0.0002430160707
28.74	-0.0002469227703
28.75	-0.0002507070257
28.76	-0.0002543684132
28.77	-0.0002579065576
28.78	-0.0002613211326
28.79	-0.00026461186
28.8	-0.0002677785097
28.81	-0.0002708208992
28.82	-0.0002737388937
28.83	-0.0002765324051
28.84	-0.0002792013923
28.85	-0.0002817458604
28.86	-0.0002841658607
28.87	-0.00028646149
28.88	-0.0002886328903
28.89	-0.0002906802486
28.9	-0.0002926037959
28.91	-0.0002944038076
28.92	-0.0002960806022
28.93	-0.0002976345415
28.94	-0.0002990660298
28.95	-0.0003003755133
28.96	-0.00030156348
28.97	-0.0003026304588
28.98	-0.000303577019
28.99	-0.0003044037703
29	-0.0003051113615
29.01	-0.0003057004803
29.02	-0.000306171853
29.03	-0.0003065262434
29.04	-0.0003067644525
29.05	-0.0003068873181
29.06	-0.0003068957138
29.07	-0.0003067905485
29.08	-0.0003065727661
29.09	-0.0003062433443
29.1	-0.0003058032947
29.11	-0.0003052536613
29.12	-0.0003045955207
29.13	-0.0003038299808
29.14	-0.0003029581805
29.15	-0.0003019812889
29.16	-0.0003009005046
29.17	-0.0002997170552
29.18	-0.0002984321963
29.19	-0.0002970472111
29.2	-0.0002955634097
29.21	-0.0002939821282
29.22	-0.000292304728
29.23	-0.0002905325954
29.24	-0.0002886671406
29.25	-0.0002867097969
29.26	-0.0002846620206
29.27	-0.0002825252893
29.28	-0.0002803011022
29.29	-0.0002779909786
29.3	-0.0002755964576
29.31	-0.0002731190971
29.32	-0.0002705604735
29.33	-0.0002679221804
29.34	-0.0002652058283
29.35	-0.0002624130438
29.36	-0.0002595454686
29.37	-0.0002566047592
29.38	-0.0002535925859
29.39	-0.000250510632
29.4	-0.0002473605932
29.41	-0.0002441441771
29.42	-0.0002408631019
29.43	-0.0002375190963
29.44	-0.0002341138984
29.45	-0.000230649255
29.46	-0.000227126921
29.47	-0.0002235486588
29.48	-0.0002199162373
29.49	-0.0002162314314
29.5	-0.0002124960211
29.51	-0.0002087117911
29.52	-0.0002048805298
29.53	-0.0002010040288
29.54	-0.0001970840822
29.55	-0.0001931224858
29.56	-0.0001891210365
29.57	-0.0001850815317
29.58	-0.0001810057684
29.59	-0.0001768955429
29.6	-0.0001727526497
29.61	-0.0001685788813
29.62	-0.0001643760271
29.63	-0.0001601458732
29.64	-0.0001558902015
29.65	-0.0001516107892
29.66	-0.0001473094079
29.67	-0.0001429878235
29.68	-0.000138647795
29.69	-0.0001342910745
29.7	-0.0001299194062
29.71	-0.0001255345257
29.72	-0.0001211381601
29.73	-0.0001167320266
29.74	-0.0001123178325
29.75	-0.0001078972745
29.76	-0.0001034720381
29.77	-9.904379699e-05
29.78	-9.461421282e-05
29.79	-9.018493438e-05
29.8	-8.575759725e-05
29.81	-8.133382323e-05
29.82	-7.691521992e-05
29.83	-7.250338016e-05
29.84	-6.809988162e-05
29.85	-6.37062863e-05
29.86	-5.932414012e-05
29.87	-5.49549724e-05
29.88	-5.060029552e-05
29.89	-4.626160443e-05
29.9	-4.194037625e-05
29.91	-3.763806989e-05
29.92	-3.335612562e-05
29.93	-2.909596472e-05
29.94	-2.485898908e-05
29.95	-2.064658084e-05
29.96	-1.646010205e-05
29.97	-1.230089432e-05
29.98	-8.170278483e-06
29.99	-4.069554269e-06
30	-4.740428695e-19
