temps	angle
0	0
0.01	0.7821341748
0.02	1.557254983
0.03	2.324644058
0.04	3.083596482
0.05	3.833421377
0.06	4.573442493
0.07	5.302998756
0.08	6.021444815
0.09	6.72815156
0.1	7.422506618
0.11	8.103914833
0.12	8.771798725
0.13	9.425598925
0.14	10.06477459
0.15	10.68880378
0.16	11.29718387
0.17	11.88943185
0.18	12.46508469
0.19	13.0236996
0.2	13.56485436
0.21	14.08814756
0.22	14.59319879
0.23	15.07964895
0.24	15.54716033
0.25	15.99541685
0.26	16.4241242
0.27	16.83300991
0.28	17.2218235
0.29	17.59033653
0.3	17.93834265
0.31	18.26565765
0.32	18.57211946
0.33	18.85758811
0.34	19.12194574
0.35	19.36509649
0.36	19.58696647
0.37	19.78750363
0.38	19.96667763
0.39	20.12447972
0.4	20.26092258
0.41	20.37604011
0.42	20.46988724
0.43	20.54253971
0.44	20.59409383
0.45	20.62466623
0.46	20.63439354
0.47	20.62343215
0.48	20.59195785
0.49	20.54016553
0.5	20.46826883
0.51	20.37649974
0.52	20.26510829
0.53	20.13436209
0.54	19.98454596
0.55	19.8159615
0.56	19.62892665
0.57	19.42377524
0.58	19.20085657
0.59	18.96053486
0.6	18.70318883
0.61	18.42921119
0.62	18.13900814
0.63	17.83299884
0.64	17.5116149
0.65	17.17529984
0.66	16.82450857
0.67	16.45970685
0.68	16.0813707
0.69	15.68998586
0.7	15.28604727
0.71	14.87005844
0.72	14.44253089
0.73	14.00398363
0.74	13.55494251
0.75	13.09593969
0.76	12.62751302
0.77	12.1502055
0.78	11.66456465
0.79	11.17114199
0.8	10.67049237
0.81	10.16317348
0.82	9.649745202
0.83	9.130769065
0.84	8.606807671
0.85	8.078424113
0.86	7.546181419
0.87	7.010641982
0.88	6.472367008
0.89	5.931915964
0.9	5.389846033
0.91	4.846711575
0.92	4.303063595
0.93	3.759449223
0.94	3.216411194
0.95	2.674487343
0.96	2.134210106
0.97	1.596106034
0.98	1.060695309
0.99	0.5284912796
1	2.052263247e-15
1.01	-0.5242802161
1.02	-1.043859232
1.03	-1.558255512
1.04	-2.066996535
1.05	-2.569619194
1.06	-3.065670182
1.07	-3.55470637
1.08	-4.036295166
1.09	-4.510014864
1.1	-4.975454978
1.11	-5.432216564
1.12	-5.879912525
1.13	-6.318167905
1.14	-6.746620164
1.15	-7.164919443
1.16	-7.572728813
1.17	-7.969724508
1.18	-8.355596142
1.19	-8.730046916
1.2	-9.092793802
1.21	-9.443567718
1.22	-9.782113686
1.23	-10.10819098
1.24	-10.42157323
1.25	-10.72204856
1.26	-11.00941969
1.27	-11.28350398
1.28	-11.54413352
1.29	-11.79115519
1.3	-12.02443067
1.31	-12.24383648
1.32	-12.44926397
1.33	-12.64061933
1.34	-12.81782355
1.35	-12.98081237
1.36	-13.12953627
1.37	-13.26396034
1.38	-13.38406427
1.39	-13.48984217
1.4	-13.58130256
1.41	-13.65846814
1.42	-13.72137575
1.43	-13.77007616
1.44	-13.80463393
1.45	-13.82512721
1.46	-13.83164763
1.47	-13.82429999
1.48	-13.80320213
1.49	-13.7684847
1.5	-13.7202909
1.51	-13.65877625
1.52	-13.58410832
1.53	-13.49646652
1.54	-13.39604177
1.55	-13.28303622
1.56	-13.15766301
1.57	-13.02014592
1.58	-12.87071906
1.59	-12.7096266
1.6	-12.5371224
1.61	-12.3534697
1.62	-12.15894077
1.63	-11.9538166
1.64	-11.7383865
1.65	-11.51294778
1.66	-11.27780536
1.67	-11.03327145
1.68	-10.77966514
1.69	-10.51731205
1.7	-10.24654391
1.71	-9.967698256
1.72	-9.681117973
1.73	-9.387150953
1.74	-9.086149689
1.75	-8.778470894
1.76	-8.464475107
1.77	-8.144526307
1.78	-7.818991516
1.79	-7.488240412
1.8	-7.152644939
1.81	-6.812578916
1.82	-6.468417648
1.83	-6.12053754
1.84	-5.769315714
1.85	-5.415129624
1.86	-5.058356676
1.87	-4.699373856
1.88	-4.338557351
1.89	-3.976282182
1.9	-3.612921841
1.91	-3.248847926
1.92	-2.884429787
1.93	-2.520034176
1.94	-2.1560249
1.95	-1.792762479
1.96	-1.430603817
1.97	-1.06990187
1.98	-0.7110053284
1.99	-0.3542582989
2	-2.751346388e-15
2.01	0.3514355386
2.02	0.6997197684
2.03	1.044529907
2.04	1.385549213
2.05	1.722467256
2.06	2.054980178
2.07	2.382790938
2.08	2.705609561
2.09	3.023153371
2.1	3.33514721
2.11	3.641323657
2.12	3.941423235
2.13	4.235194601
2.14	4.522394739
2.15	4.802789131
2.16	5.076151926
2.17	5.342266099
2.18	5.600923591
2.19	5.851925451
2.2	6.09508196
2.21	6.330212747
2.22	6.557146897
2.23	6.77572304
2.24	6.985789444
2.25	7.187204086
2.26	7.379834714
2.27	7.563558907
2.28	7.738264114
2.29	7.90384769
2.3	8.06021692
2.31	8.207289032
2.32	8.344991198
2.33	8.473260532
2.34	8.59204407
2.35	8.701298746
2.36	8.800991355
2.37	8.891098507
2.38	8.971606575
2.39	9.042511627
2.4	9.103819356
2.41	9.155544995
2.42	9.197713228
2.43	9.230358087
2.44	9.253522848
2.45	9.267259911
2.46	9.271630674
2.47	9.266705403
2.48	9.252563089
2.49	9.229291301
2.5	9.196986029
2.51	9.155751522
2.52	9.105700116
2.53	9.046952061
2.54	8.979635334
2.55	8.903885452
2.56	8.819845276
2.57	8.72766481
2.58	8.627500992
2.59	8.519517486
2.6	8.403884462
2.61	8.280778376
2.62	8.15038174
2.63	8.012882896
2.64	7.868475781
2.65	7.717359684
2.66	7.559739009
2.67	7.395823028
2.68	7.225825636
2.69	7.049965095
2.7	6.868463787
2.71	6.681547954
2.72	6.489447446
2.73	6.292395459
2.74	6.090628278
2.75	5.884385014
2.76	5.673907344
2.77	5.459439249
2.78	5.241226753
2.79	5.019517658
2.8	4.794561285
2.81	4.566608213
2.82	4.335910015
2.83	4.102719006
2.84	3.867287975
2.85	3.629869939
2.86	3.39071788
2.87	3.150084499
2.88	2.908221963
2.89	2.665381655
2.9	2.421813935
2.91	2.177767891
2.92	1.933491108
2.93	1.689229425
2.94	1.44522671
2.95	1.201724627
2.96	0.9589624163
2.97	0.7171766709
2.98	0.4766011245
2.99	0.2374664392
3	2.766423957e-15
3.01	-0.2355742864
3.02	-0.4690361874
3.03	-0.7001693351
3.04	-0.9287614121
3.05	-1.154604331
3.06	-1.377494407
3.07	-1.597232531
3.08	-1.813624326
3.09	-2.026480307
3.1	-2.235616031
3.11	-2.440852242
3.12	-2.642015004
3.13	-2.83893584
3.14	-3.031451849
3.15	-3.219405831
3.16	-3.402646393
3.17	-3.581028057
3.18	-3.754411359
3.19	-3.922662937
3.2	-4.08565562
3.21	-4.2432685
3.22	-4.39538701
3.23	-4.54190298
3.24	-4.682714702
3.25	-4.817726974
3.26	-4.946851145
3.27	-5.070005155
3.28	-5.187113557
3.29	-5.298107548
3.3	-5.402924977
3.31	-5.501510362
3.32	-5.593814884
3.33	-5.67979639
3.34	-5.759419376
3.35	-5.832654976
3.36	-5.89948093
3.37	-5.959881561
3.38	-6.013847732
3.39	-6.06137681
3.4	-6.10247261
3.41	-6.137145343
3.42	-6.165411554
3.43	-6.187294058
3.44	-6.202821862
3.45	-6.21203009
3.46	-6.2149599
3.47	-6.211658392
3.48	-6.202178516
3.49	-6.18657897
3.5	-6.164924099
3.51	-6.137283782
3.52	-6.103733321
3.53	-6.064353322
3.54	-6.019229571
3.55	-5.968452906
3.56	-5.912119092
3.57	-5.850328677
3.58	-5.783186862
3.59	-5.710803353
3.6	-5.63329222
3.61	-5.550771742
3.62	-5.463364263
3.63	-5.371196032
3.64	-5.274397048
3.65	-5.173100898
3.66	-5.0674446
3.67	-4.957568433
3.68	-4.843615773
3.69	-4.725732927
3.7	-4.604068962
3.71	-4.478775532
3.72	-4.350006711
3.73	-4.217918814
3.74	-4.082670228
3.75	-3.944421233
3.76	-3.803333832
3.77	-3.659571569
3.78	-3.513299358
3.79	-3.364683307
3.8	-3.213890541
3.81	-3.061089027
3.82	-2.906447401
3.83	-2.750134793
3.84	-2.592320653
3.85	-2.433174584
3.86	-2.272866165
3.87	-2.111564787
3.88	-1.94943948
3.89	-1.786658754
3.9	-1.623390428
3.91	-1.459801473
3.92	-1.296057848
3.93	-1.132324346
3.94	-0.9687644348
3.95	-0.8055401075
3.96	-0.642811731
3.97	-0.480737899
3.98	-0.3194752877
3.99	-0.1591785145
4	-2.472519245e-15
4.01	0.1579101665
4.02	0.3144043587
4.03	0.469337541
4.04	0.6225673925
4.05	0.7739544281
4.06	0.9233621145
4.07	1.070656984
4.08	1.215708742
4.09	1.358390373
4.1	1.498578241
4.11	1.636152187
4.12	1.770995619
4.13	1.902995603
4.14	2.032042943
4.15	2.158032265
4.16	2.280862087
4.17	2.400434892
4.18	2.516657195
4.19	2.629439601
4.2	2.738696863
4.21	2.844347936
4.22	2.946316023
4.23	3.044528615
4.24	3.138917535
4.25	3.229418967
4.26	3.315973487
4.27	3.398526089
4.28	3.477026198
4.29	3.551427695
4.3	3.621688919
4.31	3.687772679
4.32	3.749646251
4.33	3.807281377
4.34	3.860654262
4.35	3.909745552
4.36	3.954540329
4.37	3.995028082
4.38	4.031202689
4.39	4.063062383
4.4	4.090609721
4.41	4.113851549
4.42	4.132798957
4.43	4.147467238
4.44	4.157875836
4.45	4.164048296
4.46	4.166012206
4.47	4.163799139
4.48	4.157444588
4.49	4.1469879
4.5	4.132472206
4.51	4.113944347
4.52	4.091454801
4.53	4.065057598
4.54	4.034810243
4.55	4.000773627
4.56	3.963011942
4.57	3.921592588
4.58	3.876586084
4.59	3.828065967
4.6	3.7761087
4.61	3.72079357
4.62	3.662202584
4.63	3.600420371
4.64	3.535534072
4.65	3.467633232
4.66	3.396809698
4.67	3.3231575
4.68	3.246772748
4.69	3.167753513
4.7	3.086199718
4.71	3.002213021
4.72	2.915896698
4.73	2.827355533
4.74	2.736695695
4.75	2.644024623
4.76	2.549450909
4.77	2.453084182
4.78	2.355034987
4.79	2.25541467
4.8	2.154335256
4.81	2.051909338
4.82	1.948249956
4.83	1.843470481
4.84	1.7376845
4.85	1.631005699
4.86	1.523547753
4.87	1.415424205
4.88	1.306748362
4.89	1.197633178
4.9	1.088191147
4.91	0.9785341907
4.92	0.8687735566
4.93	0.7590197078
4.94	0.6493822205
4.95	0.5399696819
4.96	0.4308895891
4.97	0.3222482506
4.98	0.2141506896
4.99	0.1067005491
5	2.071724018e-15
5.01	-0.1058503501
5.02	-0.2107515442
5.03	-0.3146063621
5.04	-0.4173194032
5.05	-0.5187971679
5.06	-0.6189481351
5.07	-0.7176828386
5.08	-0.8149139396
5.09	-0.9105562971
5.1	-1.004527035
5.11	-1.096745609
5.12	-1.187133865
5.13	-1.2756161
5.14	-1.362119119
5.15	-1.446572287
5.16	-1.528907579
5.17	-1.609059627
5.18	-1.686965767
5.19	-1.762566074
5.2	-1.835803407
5.21	-1.90662344
5.22	-1.974974692
5.23	-2.040808561
5.24	-2.104079346
5.25	-2.16474427
5.26	-2.222763501
5.27	-2.278100164
5.28	-2.330720361
5.29	-2.380593176
5.3	-2.427690683
5.31	-2.471987952
5.32	-2.513463047
5.33	-2.552097028
5.34	-2.587873942
5.35	-2.620780818
5.36	-2.650807655
5.37	-2.677947408
5.38	-2.702195972
5.39	-2.723552163
5.4	-2.742017696
5.41	-2.757597159
5.42	-2.770297987
5.43	-2.78013043
5.44	-2.787107522
5.45	-2.791245045
5.46	-2.792561494
5.47	-2.791078031
5.48	-2.786818448
5.49	-2.77980912
5.5	-2.770078959
5.51	-2.757659364
5.52	-2.74258417
5.53	-2.724889596
5.54	-2.704614188
5.55	-2.681798762
5.56	-2.656486347
5.57	-2.628722124
5.58	-2.598553362
5.59	-2.566029355
5.6	-2.531201358
5.61	-2.494122517
5.62	-2.454847805
5.63	-2.413433949
5.64	-2.369939362
5.65	-2.324424068
5.66	-2.276949633
5.67	-2.227579088
5.68	-2.176376858
5.69	-2.123408681
5.7	-2.068741537
5.71	-2.01244357
5.72	-1.954584009
5.73	-1.895233091
5.74	-1.834461984
5.75	-1.772342707
5.76	-1.708948051
5.77	-1.644351502
5.78	-1.578627161
5.79	-1.511849665
5.8	-1.444094108
5.81	-1.375435962
5.82	-1.305951
5.83	-1.235715218
5.84	-1.164804754
5.85	-1.093295815
5.86	-1.0212646
5.87	-0.9487872183
5.88	-0.8759396222
5.89	-0.8027975271
5.9	-0.7294363395
5.91	-0.6559310838
5.92	-0.5823563305
5.93	-0.5087861255
5.94	-0.43529392
5.95	-0.361952502
5.96	-0.2888339292
5.97	-0.2160094622
5.98	-0.1435495001
5.99	-0.07152351701
6	-1.666461767e-15
6.01	0.07095361154
6.02	0.1412709848
6.03	0.2108869511
6.04	0.2797375616
6.05	0.3477601414
6.06	0.4148933424
6.07	0.4810771934
6.08	0.5462531495
6.09	0.610364139
6.1	0.6733546086
6.11	0.7351705673
6.12	0.795759627
6.13	0.855071043
6.14	0.9130557507
6.15	0.9696664021
6.16	1.024857399
6.17	1.078584924
6.18	1.130806971
6.19	1.181483372
6.2	1.230575825
6.21	1.278047912
6.22	1.323865126
6.23	1.367994889
6.24	1.410406564
6.25	1.451071479
6.26	1.489962932
6.27	1.527056207
6.28	1.56232858
6.29	1.595759327
6.3	1.627329731
6.31	1.657023078
6.32	1.684824666
6.33	1.710721797
6.34	1.73470378
6.35	1.756761919
6.36	1.776889509
6.37	1.79508183
6.38	1.811336128
6.39	1.825651611
6.4	1.838029428
6.41	1.848472655
6.42	1.856986274
6.43	1.863577158
6.44	1.868254042
6.45	1.871027507
6.46	1.871909949
6.47	1.870915554
6.48	1.86806027
6.49	1.863361777
6.5	1.856839455
6.51	1.848514352
6.52	1.838409147
6.53	1.82654812
6.54	1.812957107
6.55	1.797663469
6.56	1.780696051
6.57	1.762085135
6.58	1.741862409
6.59	1.720060915
6.6	1.696715011
6.61	1.67186032
6.62	1.645533694
6.63	1.617773156
6.64	1.588617862
6.65	1.558108048
6.66	1.526284983
6.67	1.493190917
6.68	1.458869036
6.69	1.423363405
6.7	1.386718922
6.71	1.348981267
6.72	1.310196843
6.73	1.270412733
6.74	1.229676642
6.75	1.188036845
6.76	1.145542136
6.77	1.102241775
6.78	1.058185431
6.79	1.013423137
6.8	0.9680052288
6.81	0.9219822972
6.82	0.8754051345
6.83	0.8283246816
6.84	0.7807919762
6.85	0.7328581014
6.86	0.6845741335
6.87	0.6359910918
6.88	0.5871598879
6.89	0.5381312754
6.9	0.4889558007
6.91	0.4396837543
6.92	0.3903651223
6.93	0.341049539
6.94	0.2917862405
6.95	0.2426240178
6.96	0.1936111727
6.97	0.1447954726
6.98	0.0962241075
6.99	0.04794364722
7	1.30323985e-15
7.01	-0.04756162815
7.02	-0.09469677304
7.03	-0.1413617508
7.04	-0.1875136952
7.05	-0.233110594
7.06	-0.2781113244
7.07	-0.3224756864
7.08	-0.3661644363
7.09	-0.4091393177
7.1	-0.4513630923
7.11	-0.4927995685
7.12	-0.5334136298
7.13	-0.5731712609
7.14	-0.6120395729
7.15	-0.6499868273
7.16	-0.6869824587
7.17	-0.7229970956
7.18	-0.7580025805
7.19	-0.7919719883
7.2	-0.8248796434
7.21	-0.8567011351
7.22	-0.8874133325
7.23	-0.9169943967
7.24	-0.9454237931
7.25	-0.9726823006
7.26	-0.9987520213
7.27	-1.023616387
7.28	-1.047260166
7.29	-1.069669466
7.3	-1.09083174
7.31	-1.110735786
7.32	-1.129371747
7.33	-1.146731114
7.34	-1.162806718
7.35	-1.17759273
7.36	-1.191084658
7.37	-1.203279335
7.38	-1.214174917
7.39	-1.223770872
7.4	-1.232067971
7.41	-1.239068275
7.42	-1.244775125
7.43	-1.249193126
7.44	-1.252328136
7.45	-1.254187245
7.46	-1.254778763
7.47	-1.2541122
7.48	-1.252198246
7.49	-1.249048752
7.5	-1.244676709
7.51	-1.239096225
7.52	-1.232322504
7.53	-1.22437182
7.54	-1.215261491
7.55	-1.20500986
7.56	-1.193636259
7.57	-1.181160989
7.58	-1.16760529
7.59	-1.152991312
7.6	-1.137342084
7.61	-1.120681487
7.62	-1.103034221
7.63	-1.084425776
7.64	-1.064882398
7.65	-1.044431059
7.66	-1.02309942
7.67	-1.000915804
7.68	-0.9779091591
7.69	-0.9541090229
7.7	-0.9295454919
7.71	-0.9042491848
7.72	-0.8782512081
7.73	-0.8515831217
7.74	-0.8242769031
7.75	-0.7963649125
7.76	-0.7678798574
7.77	-0.7388547571
7.78	-0.7093229071
7.79	-0.6793178439
7.8	-0.6488733095
7.81	-0.6180232159
7.82	-0.58680161
7.83	-0.5552426387
7.84	-0.5233805135
7.85	-0.4912494762
7.86	-0.4588837647
7.87	-0.426317578
7.88	-0.3935850431
7.89	-0.3607201813
7.9	-0.3277568748
7.91	-0.2947288344
7.92	-0.2616695667
7.93	-0.2286123427
7.94	-0.1955901661
7.95	-0.1626357428
7.96	-0.1297814502
7.97	-0.09705930788
7.98	-0.06450094817
7.99	-0.03213758781
8	-9.983860526e-16
8.01	0.03188151277
8.02	0.06347714527
8.03	0.09475761528
8.04	0.1256941888
8.05	0.1562587041
8.06	0.1864235958
8.07	0.216161917
8.08	0.2454473618
8.09	0.2742542863
8.1	0.3025577288
8.11	0.3303334295
8.12	0.3575578489
8.13	0.384208186
8.14	0.4102623947
8.15	0.4356992
8.16	0.4604981133
8.17	0.4846394464
8.18	0.5081043247
8.19	0.5308746997
8.2	0.5529333605
8.21	0.5742639443
8.22	0.5948509459
8.23	0.6146797262
8.24	0.6337365205
8.25	0.6520084445
8.26	0.6694835009
8.27	0.6861505836
8.28	0.7019994824
8.29	0.7170208856
8.3	0.7312063821
8.31	0.744548463
8.32	0.7570405217
8.33	0.7686768531
8.34	0.7794526526
8.35	0.7893640132
8.36	0.7984079226
8.37	0.8065822591
8.38	0.8138857862
8.39	0.8203181474
8.4	0.8258798591
8.41	0.8305723032
8.42	0.834397719
8.43	0.8373591938
8.44	0.8394606535
8.45	0.8407068517
8.46	0.8411033584
8.47	0.8406565479
8.48	0.8393735861
8.49	0.8372624171
8.5	0.834331749
8.51	0.8305910389
8.52	0.8260504778
8.53	0.8207209745
8.54	0.8146141388
8.55	0.8077422645
8.56	0.8001183118
8.57	0.7917558885
8.58	0.782669232
8.59	0.7728731893
8.6	0.7623831981
8.61	0.7512152659
8.62	0.73938595
8.63	0.7269123363
8.64	0.7138120184
8.65	0.7001030753
8.66	0.6858040503
8.67	0.670933928
8.68	0.6555121125
8.69	0.6395584042
8.7	0.623092977
8.71	0.6061363552
8.72	0.5887093902
8.73	0.5708332373
8.74	0.5525293316
8.75	0.5338193648
8.76	0.5147252614
8.77	0.4952691548
8.78	0.4754733637
8.79	0.4553603684
8.8	0.4349527867
8.81	0.4142733505
8.82	0.3933448823
8.83	0.3721902711
8.84	0.3508324499
8.85	0.3292943715
8.86	0.3075989863
8.87	0.2857692185
8.88	0.2638279442
8.89	0.2417979685
8.9	0.2197020034
8.91	0.1975626458
8.92	0.175402356
8.93	0.1532434361
8.94	0.1311080092
8.95	0.1090179986
8.96	0.08699510768
8.97	0.06506079973
8.98	0.04323627855
8.99	0.02154246934
9	7.528929578e-16
9.01	-0.02137081711
9.02	-0.04255000294
9.03	-0.06351792904
9.04	-0.0842553344
9.05	-0.1047433417
9.06	-0.1249634733
9.07	-0.1448976661
9.08	-0.1645282869
9.09	-0.1838381458
9.1	-0.2028105107
9.11	-0.2214291196
9.12	-0.2396781937
9.13	-0.2575424489
9.14	-0.2750071073
9.15	-0.2920579078
9.16	-0.3086811165
9.17	-0.324863536
9.18	-0.3405925143
9.19	-0.3558559531
9.2	-0.3706423157
9.21	-0.3849406336
9.22	-0.3987405134
9.23	-0.4120321424
9.24	-0.4248062936
9.25	-0.4370543306
9.26	-0.4487682111
9.27	-0.4599404908
9.28	-0.4705643254
9.29	-0.480633473
9.3	-0.4901422957
9.31	-0.49908576
9.32	-0.5074594374
9.33	-0.5152595036
9.34	-0.522482738
9.35	-0.5291265217
9.36	-0.5351888354
9.37	-0.540668257
9.38	-0.5455639577
9.39	-0.5498756983
9.4	-0.5536038252
9.41	-0.5567492645
9.42	-0.5593135174
9.43	-0.5612986533
9.44	-0.5627073039
9.45	-0.5635426555
9.46	-0.5638084419
9.47	-0.5635089359
9.48	-0.5626489409
9.49	-0.561233782
9.5	-0.5592692964
9.51	-0.5567618234
9.52	-0.5537181943
9.53	-0.5501457214
9.54	-0.546052187
9.55	-0.541445832
9.56	-0.5363353436
9.57	-0.5307298436
9.58	-0.5246388756
9.59	-0.5180723919
9.6	-0.5110407404
9.61	-0.5035546516
9.62	-0.495625224
9.63	-0.4872639107
9.64	-0.478482505
9.65	-0.4692931257
9.66	-0.4597082025
9.67	-0.4497404615
9.68	-0.4394029094
9.69	-0.4287088189
9.7	-0.417671713
9.71	-0.4063053495
9.72	-0.3946237056
9.73	-0.3826409619
9.74	-0.370371487
9.75	-0.3578298212
9.76	-0.3450306609
9.77	-0.3319888426
9.78	-0.3187193271
9.79	-0.3052371831
9.8	-0.291557572
9.81	-0.2776957314
9.82	-0.2636669596
9.83	-0.2494865997
9.84	-0.2351700239
9.85	-0.2207326183
9.86	-0.2061897666
9.87	-0.1915568357
9.88	-0.1768491597
9.89	-0.1620820254
9.9	-0.147270657
9.91	-0.1324302019
9.92	-0.1175757154
9.93	-0.1027221471
9.94	-0.08788432674
9.95	-0.07307694984
9.96	-0.05831456459
9.97	-0.04361155827
9.98	-0.02898214423
9.99	-0.01444034904
10	-5.607547135e-16
10.01	0.01432528711
10.02	0.02852211993
10.03	0.04257734112
10.04	0.05647803963
10.05	0.07021156165
10.06	0.08376552117
10.07	0.09712781024
10.08	0.1102866088
10.09	0.1232303944
10.1	0.1359479509
10.11	0.1484283777
10.12	0.1606610979
10.13	0.1726358662
10.14	0.1843427768
10.15	0.1957722702
10.16	0.2069151402
10.17	0.2177625404
10.18	0.2283059899
10.19	0.2385373789
10.2	0.2484489741
10.21	0.2580334232
10.22	0.2672837593
10.23	0.2761934047
10.24	0.2847561743
10.25	0.292966279
10.26	0.3008183279
10.27	0.308307331
10.28	0.3154287002
10.29	0.3221782518
10.3	0.3285522062
10.31	0.3345471896
10.32	0.3401602334
10.33	0.3453887742
10.34	0.350230653
10.35	0.3546841144
10.36	0.3587478048
10.37	0.3624207709
10.38	0.3657024572
10.39	0.3685927034
10.4	0.3710917416
10.41	0.3732001926
10.42	0.3749190627
10.43	0.3762497391
10.44	0.3771939859
10.45	0.3777539388
10.46	0.3779321007
10.47	0.3777313358
10.48	0.377154864
10.49	0.3762062546
10.5	0.3748894205
10.51	0.3732086111
10.52	0.3711684055
10.53	0.3687737053
10.54	0.3660297271
10.55	0.362941995
10.56	0.3595163322
10.57	0.3557588532
10.58	0.3516759553
10.59	0.3472743096
10.6	0.3425608527
10.61	0.3375427772
10.62	0.332227523
10.63	0.3266227671
10.64	0.3207364148
10.65	0.3145765896
10.66	0.3081516235
10.67	0.3014700469
10.68	0.2945405785
10.69	0.2873721152
10.7	0.2799737219
10.71	0.2723546206
10.72	0.2645241805
10.73	0.2564919072
10.74	0.2482674322
10.75	0.2398605022
10.76	0.2312809685
10.77	0.2225387763
10.78	0.213643954
10.79	0.2046066026
10.8	0.1954368851
10.81	0.1861450155
10.82	0.1767412485
10.83	0.167235869
10.84	0.1576391813
10.85	0.1479614988
10.86	0.1382131339
10.87	0.1284043869
10.88	0.1185455369
10.89	0.1086468307
10.9	0.09871847361
10.91	0.088770619
10.92	0.07881335893
10.93	0.0688567144
10.94	0.05891062595
10.95	0.04898494438
10.96	0.03908942162
10.97	0.02923370175
10.98	0.01942731225
10.99	0.009679655433
11	1.503920473e-15
11.01	-0.009602527114
11.02	-0.01911894874
11.03	-0.02854044526
11.04	-0.03785836213
11.05	-0.04706421724
11.06	-0.05614970801
11.07	-0.06510671823
11.08	-0.07392732471
11.09	-0.08260380362
11.1	-0.09112863668
11.11	-0.09949451695
11.12	-0.1076943545
11.13	-0.1157212818
11.14	-0.1235686586
11.15	-0.1312300772
11.16	-0.1386993663
11.17	-0.1459705961
11.18	-0.1530380816
11.19	-0.1598963868
11.2	-0.1665403278
11.21	-0.1729649761
11.22	-0.1791656618
11.23	-0.1851379757
11.24	-0.1908777718
11.25	-0.1963811696
11.26	-0.2016445554
11.27	-0.2066645843
11.28	-0.2114381809
11.29	-0.2159625406
11.3	-0.22023513
11.31	-0.2242536876
11.32	-0.2280162233
11.33	-0.231521019
11.34	-0.2347666274
11.35	-0.2377518719
11.36	-0.240475845
11.37	-0.2429379079
11.38	-0.245137688
11.39	-0.2470750779
11.4	-0.2487502333
11.41	-0.2501635703
11.42	-0.2513157634
11.43	-0.2522077425
11.44	-0.25284069
11.45	-0.2532160376
11.46	-0.2533354632
11.47	-0.2532008864
11.48	-0.2528144658
11.49	-0.2521785939
11.5	-0.2512958936
11.51	-0.2501692134
11.52	-0.2488016227
11.53	-0.2471964071
11.54	-0.2453570635
11.55	-0.2432872948
11.56	-0.2409910044
11.57	-0.2384722909
11.58	-0.2357354425
11.59	-0.2327849312
11.6	-0.2296254065
11.61	-0.22626169
11.62	-0.2226987685
11.63	-0.2189417883
11.64	-0.2149960483
11.65	-0.210866994
11.66	-0.2065602104
11.67	-0.2020814157
11.68	-0.1974364541
11.69	-0.1926312895
11.7	-0.1876719981
11.71	-0.1825647618
11.72	-0.1773158608
11.73	-0.171931667
11.74	-0.1664186366
11.75	-0.1607833029
11.76	-0.1550322694
11.77	-0.1491722028
11.78	-0.1432098251
11.79	-0.1371519073
11.8	-0.1310052618
11.81	-0.1247767353
11.82	-0.1184732018
11.83	-0.1121015554
11.84	-0.1056687033
11.85	-0.09918155872
11.86	-0.09264703425
11.87	-0.08607203455
11.88	-0.07946344973
11.89	-0.07282814857
11.9	-0.06617297178
11.91	-0.05950472542
11.92	-0.05283017439
11.93	-0.04615603596
11.94	-0.0394889735
11.95	-0.03283559017
11.96	-0.0262024229
11.97	-0.0195959363
11.98	-0.01302251684
11.99	-0.006488467075
12	-3.023560014e-16
12.01	0.006436766417
12.02	0.0128158146
12.03	0.01913123258
12.04	0.02537721904
12.05	0.03154808827
12.06	0.03763827486
12.07	0.04364233836
12.08	0.0495549677
12.09	0.05537098545
12.1	0.06108535193
12.11	0.06669316918
12.12	0.07218968468
12.13	0.07757029494
12.14	0.08283054895
12.15	0.08796615137
12.16	0.09297296563
12.17	0.09784701671
12.18	0.1025844939
12.19	0.1071817534
12.2	0.1116353202
12.21	0.1159418908
12.22	0.1200983347
12.23	0.1241016964
12.24	0.1279491968
12.25	0.1316382347
12.26	0.1351663877
12.27	0.1385314137
12.28	0.1417312511
12.29	0.1447640201
12.3	0.1476280225
12.31	0.1503217422
12.32	0.1528438453
12.33	0.1551931801
12.34	0.1573687765
12.35	0.1593698457
12.36	0.1611957795
12.37	0.1628461496
12.38	0.1643207063
12.39	0.1656193776
12.4	0.1667422678
12.41	0.167689656
12.42	0.1684619941
12.43	0.1690599055
12.44	0.1694841829
12.45	0.169735786
12.46	0.1698158393
12.47	0.1697256298
12.48	0.1694666043
12.49	0.1690403667
12.5	0.168448675
12.51	0.1676934386
12.52	0.1667767152
12.53	0.165700707
12.54	0.1644677581
12.55	0.1630803506
12.56	0.1615411011
12.57	0.159852757
12.58	0.1580181927
12.59	0.1560404058
12.6	0.1539225131
12.61	0.1516677464
12.62	0.1492794488
12.63	0.1467610696
12.64	0.144116161
12.65	0.1413483731
12.66	0.1384614498
12.67	0.1354592239
12.68	0.132345613
12.69	0.1291246149
12.7	0.1258003024
12.71	0.1223768195
12.72	0.118858376
12.73	0.115249243
12.74	0.1115537481
12.75	0.107776271
12.76	0.103921238
12.77	0.09999311782
12.78	0.09599641654
12.79	0.09193567281
12.8	0.08781545313
12.81	0.08364034697
12.82	0.0794149621
12.83	0.07514391977
12.84	0.07083185003
12.85	0.06648338701
12.86	0.06210316426
12.87	0.05769581016
12.88	0.05326594328
12.89	0.0488181679
12.9	0.04435706949
12.91	0.03988721028
12.92	0.03541312493
12.93	0.03093931615
12.94	0.02647025053
12.95	0.02201035432
12.96	0.01756400932
12.97	0.01313554892
12.98	0.00872925409
12.99	0.004349349549
13	-2.704044507e-16
13.01	-0.004314693561
13.02	-0.008590697434
13.03	-0.0128240487
13.04	-0.01701085864
13.05	-0.02114731598
13.06	-0.02522969014
13.07	-0.02925433426
13.08	-0.03321768823
13.09	-0.03711628151
13.1	-0.04094673592
13.11	-0.04470576824
13.12	-0.04839019275
13.13	-0.05199692367
13.14	-0.05552297738
13.15	-0.05896547464
13.16	-0.0623216426
13.17	-0.06558881675
13.18	-0.06876444269
13.19	-0.07184607784
13.2	-0.07483139296
13.21	-0.07771817356
13.22	-0.08050432124
13.23	-0.08318785485
13.24	-0.0857669115
13.25	-0.08823974751
13.26	-0.09060473921
13.27	-0.09286038358
13.28	-0.09500529879
13.29	-0.09703822463
13.3	-0.09895802283
13.31	-0.1007636771
13.32	-0.1024542934
13.33	-0.1040290996
13.34	-0.1054874455
13.35	-0.1068288023
13.36	-0.1080527623
13.37	-0.1091590385
13.38	-0.1101474634
13.39	-0.1110179888
13.4	-0.1117706847
13.41	-0.1124057379
13.42	-0.1129234516
13.43	-0.1133242437
13.44	-0.1136086453
13.45	-0.1137772999
13.46	-0.1138309612
13.47	-0.113770492
13.48	-0.113596862
13.49	-0.1133111464
13.5	-0.1129145236
13.51	-0.1124082735
13.52	-0.1117937754
13.53	-0.1110725055
13.54	-0.1102460352
13.55	-0.1093160282
13.56	-0.1082842383
13.57	-0.1071525074
13.58	-0.1059227622
13.59	-0.104597012
13.6	-0.103177346
13.61	-0.1016659308
13.62	-0.100065007
13.63	-0.09837688692
13.64	-0.09660395168
13.65	-0.09474864799
13.66	-0.09281348539
13.67	-0.09080103318
13.68	-0.08871391741
13.69	-0.08655481778
13.7	-0.08432646452
13.71	-0.08203163531
13.72	-0.07967315207
13.73	-0.07725387785
13.74	-0.07477671359
13.75	-0.07224459493
13.76	-0.06966048904
13.77	-0.06702739134
13.78	-0.06434832235
13.79	-0.06162632443
13.8	-0.05886445858
13.81	-0.05606580123
13.82	-0.05323344105
13.83	-0.05037047576
13.84	-0.04748000897
13.85	-0.04456514704
13.86	-0.04162899593
13.87	-0.03867465812
13.88	-0.03570522955
13.89	-0.03272379655
13.9	-0.02973343286
13.91	-0.02673719663
13.92	-0.02373812753
13.93	-0.02073924383
13.94	-0.01774353956
13.95	-0.01475398172
13.96	-0.01177350754
13.97	-0.008805021759
13.98	-0.005851394003
13.99	-0.00291545619
14	-1.585001937e-16
14.01	0.002892225587
14.02	0.005758516699
14.03	0.008596216917
14.04	0.01140271955
14.05	0.01417546982
14.06	0.01691196705
14.07	0.01960976669
14.08	0.0222664823
14.09	0.02487978753
14.1	0.02744741791
14.11	0.02996717262
14.12	0.03243691623
14.13	0.03485458027
14.14	0.03721816475
14.15	0.03952573967
14.16	0.04177544634
14.17	0.04396549866
14.18	0.04609418439
14.19	0.04815986621
14.2	0.05016098277
14.21	0.05209604968
14.22	0.05396366032
14.23	0.05576248669
14.24	0.05749128006
14.25	0.05914887161
14.26	0.06073417296
14.27	0.06224617659
14.28	0.06368395626
14.29	0.0650466672
14.3	0.06633354642
14.31	0.06754391269
14.32	0.06867716669
14.33	0.06973279086
14.34	0.07071034933
14.35	0.07160948768
14.36	0.07242993263
14.37	0.0731714917
14.38	0.07383405274
14.39	0.07441758338
14.4	0.07492213048
14.41	0.07534781941
14.42	0.07569485329
14.43	0.07596351223
14.44	0.07615415235
14.45	0.0762672049
14.46	0.07630317518
14.47	0.07626264144
14.48	0.07614625378
14.49	0.07595473285
14.5	0.07568886863
14.51	0.07534951907
14.52	0.07493760866
14.53	0.07445412703
14.54	0.07390012739
14.55	0.07327672502
14.56	0.07258509563
14.57	0.07182647371
14.58	0.07100215083
14.59	0.07011347389
14.6	0.06916184335
14.61	0.0681487114
14.62	0.06707558007
14.63	0.06594399937
14.64	0.06475556534
14.65	0.06351191808
14.66	0.0622147398
14.67	0.06086575274
14.68	0.0594667172
14.69	0.05801942944
14.7	0.05652571958
14.71	0.05498744955
14.72	0.05340651097
14.73	0.05178482296
14.74	0.0501243301
14.75	0.0484270002
14.76	0.04669482222
14.77	0.04492980405
14.78	0.0431339704
14.79	0.04130936063
14.8	0.03945802659
14.81	0.03758203046
14.82	0.03568344265
14.83	0.03376433963
14.84	0.0318268018
14.85	0.02987291141
14.86	0.02790475047
14.87	0.02592439861
14.88	0.02393393112
14.89	0.02193541681
14.9	0.01993091608
14.91	0.01792247888
14.92	0.01591214274
14.93	0.01390193088
14.94	0.01189385025
14.95	0.009889889705
14.96	0.007892018115
14.97	0.005902182591
14.98	0.003922306698
14.99	0.001954288727
15	3.339922661e-16
15.01	-0.001938716788
15.02	-0.003860049179
15.03	-0.00576221652
15.04	-0.007643471491
15.05	-0.009502101583
15.06	-0.01133643053
15.07	-0.01314481971
15.08	-0.01492566944
15.09	-0.01667742032
15.1	-0.01839855444
15.11	-0.02008759653
15.12	-0.02174311518
15.13	-0.02336372385
15.14	-0.02494808191
15.15	-0.02649489564
15.16	-0.02800291911
15.17	-0.02947095509
15.18	-0.0308978558
15.19	-0.03228252373
15.2	-0.03362391228
15.21	-0.03492102642
15.22	-0.03617292327
15.23	-0.03737871265
15.24	-0.0385375575
15.25	-0.03964867434
15.26	-0.04071133361
15.27	-0.04172485996
15.28	-0.04268863249
15.29	-0.04360208495
15.3	-0.04446470589
15.31	-0.04527603866
15.32	-0.04603568153
15.33	-0.04674328758
15.34	-0.04739856462
15.35	-0.04800127508
15.36	-0.04855123577
15.37	-0.04904831769
15.38	-0.04949244563
15.39	-0.04988359792
15.4	-0.05022180595
15.41	-0.05050715377
15.42	-0.05073977754
15.43	-0.05091986501
15.44	-0.05104765491
15.45	-0.0511234363
15.46	-0.0511475479
15.47	-0.05112037732
15.48	-0.05104236034
15.49	-0.05091398002
15.5	-0.05073576591
15.51	-0.05050829309
15.52	-0.05023218129
15.53	-0.04990809386
15.54	-0.0495367368
15.55	-0.04911885769
15.56	-0.04865524465
15.57	-0.04814672517
15.58	-0.04759416501
15.59	-0.04699846705
15.6	-0.04636057002
15.61	-0.04568144736
15.62	-0.04496210592
15.63	-0.04420358469
15.64	-0.04340695354
15.65	-0.04257331185
15.66	-0.04170378725
15.67	-0.04079953418
15.68	-0.03986173261
15.69	-0.03889158661
15.7	-0.03789032295
15.71	-0.03685918972
15.72	-0.03579945489
15.73	-0.03471240491
15.74	-0.03359934326
15.75	-0.032461589
15.76	-0.03130047538
15.77	-0.03011734832
15.78	-0.02891356503
15.79	-0.02769049252
15.8	-0.0264495062
15.81	-0.02519198839
15.82	-0.02391932692
15.83	-0.0226329137
15.84	-0.02133414325
15.85	-0.02002441135
15.86	-0.01870511362
15.87	-0.01737764407
15.88	-0.01604339381
15.89	-0.01470374961
15.9	-0.01336009259
15.91	-0.01201379687
15.92	-0.01066622825
15.93	-0.009318742945
15.94	-0.007972686248
15.95	-0.006629391322
15.96	-0.005290177946
15.97	-0.003956351306
15.98	-0.002629200806
15.99	-0.00130999891
16	-8.139283185e-17
16.01	0.001299560727
16.02	0.002587468343
16.03	0.003862529243
16.04	0.005123572161
16.05	0.006369449171
16.06	0.007599036637
16.07	0.008811236152
16.08	0.01000497543
16.09	0.01117920916
16.1	0.01233291986
16.11	0.01346511863
16.12	0.01457484597
16.13	0.01566117245
16.14	0.01672319942
16.15	0.01776005966
16.16	0.01877091803
16.17	0.01975497197
16.18	0.02071145212
16.19	0.0216396228
16.2	0.02253878243
16.21	0.02340826404
16.22	0.02424743559
16.23	0.02505570038
16.24	0.02583249732
16.25	0.02657730121
16.26	0.02728962302
16.27	0.02796901005
16.28	0.0286150461
16.29	0.02922735159
16.3	0.0298055837
16.31	0.03034943632
16.32	0.03085864017
16.33	0.03133296268
16.34	0.03177220802
16.35	0.03217621692
16.36	0.0325448666
16.37	0.03287807057
16.38	0.03317577843
16.39	0.03343797565
16.4	0.03366468328
16.41	0.03385595764
16.42	0.03401189002
16.43	0.03413260626
16.44	0.03421826639
16.45	0.03426906418
16.46	0.03428522666
16.47	0.03426701368
16.48	0.03421471733
16.49	0.03412866143
16.5	0.03400920094
16.51	0.03385672135
16.52	0.03367163807
16.53	0.03345439577
16.54	0.03320546769
16.55	0.03292535495
16.56	0.03261458583
16.57	0.03227371503
16.58	0.03190332288
16.59	0.03150401459
16.6	0.03107641943
16.61	0.0306211899
16.62	0.03013900091
16.63	0.02963054893
16.64	0.02909655109
16.65	0.02853774436
16.66	0.02795488459
16.67	0.02734874563
16.68	0.02672011844
16.69	0.02606981013
16.7	0.02539864302
16.71	0.02470745375
16.72	0.02399709225
16.73	0.02326842086
16.74	0.02252231332
16.75	0.02175965384
16.76	0.0209813361
16.77	0.02018826231
16.78	0.01938134224
16.79	0.01856149222
16.8	0.01772963421
16.81	0.01688669482
16.82	0.01603360432
16.83	0.01517129575
16.84	0.01430070388
16.85	0.01342276434
16.86	0.01253841262
16.87	0.01164858317
16.88	0.01075420848
16.89	0.009856218114
16.9	0.008955537878
16.91	0.008053088868
16.92	0.007149786614
16.93	0.0062465402
16.94	0.005344251413
16.95	0.004443813896
16.96	0.003546112325
16.97	0.00265202159
16.98	0.001762406005
16.99	0.0008781185294
17	-4.095390536e-17
17.01	-0.0008711216062
17.02	-0.001734431899
17.03	-0.00258913078
17.04	-0.003434433127
17.05	-0.004269569461
17.06	-0.005093786588
17.07	-0.005906348223
17.08	-0.00670653559
17.09	-0.007493647999
17.1	-0.008267003406
17.11	-0.009025938941
17.12	-0.009769811422
17.13	-0.01049799784
17.14	-0.0112098958
17.15	-0.01190492401
17.16	-0.01258252264
17.17	-0.01324215372
17.18	-0.01388330154
17.19	-0.01450547295
17.2	-0.01510819767
17.21	-0.01569102863
17.22	-0.01625354214
17.23	-0.01679533823
17.24	-0.01731604079
17.25	-0.01781529777
17.26	-0.01829278136
17.27	-0.0187481881
17.28	-0.01918123902
17.29	-0.01959167967
17.3	-0.01997928024
17.31	-0.02034383555
17.32	-0.0206851651
17.33	-0.02100311299
17.34	-0.02129754794
17.35	-0.02156836321
17.36	-0.02181547648
17.37	-0.02203882978
17.38	-0.02223838933
17.39	-0.02241414538
17.4	-0.02256611205
17.41	-0.02269432709
17.42	-0.02279885168
17.43	-0.0228797702
17.44	-0.0229371899
17.45	-0.02297124068
17.46	-0.02298207471
17.47	-0.02296986619
17.48	-0.0229348109
17.49	-0.0228771259
17.5	-0.02279704914
17.51	-0.02269483901
17.52	-0.02257077398
17.53	-0.02242515211
17.54	-0.02225829063
17.55	-0.02207052545
17.56	-0.02186221068
17.57	-0.02163371814
17.58	-0.02138543686
17.59	-0.02111777251
17.6	-0.0208311469
17.61	-0.02052599742
17.62	-0.02020277648
17.63	-0.01986195092
17.64	-0.01950400147
17.65	-0.01912942211
17.66	-0.01873871952
17.67	-0.01833241243
17.68	-0.01791103102
17.69	-0.01747511632
17.7	-0.01702521956
17.71	-0.01656190153
17.72	-0.01608573198
17.73	-0.01559728894
17.74	-0.0150971581
17.75	-0.01458593216
17.76	-0.01406421018
17.77	-0.01353259692
17.78	-0.01299170222
17.79	-0.01244214032
17.8	-0.01188452922
17.81	-0.01131949005
17.82	-0.01074764639
17.83	-0.01016962367
17.84	-0.009586048486
17.85	-0.008997548011
17.86	-0.008404749325
17.87	-0.00780827881
17.88	-0.007208761521
17.89	-0.00660682058
17.9	-0.006003076563
17.91	-0.005398146901
17.92	-0.004792645292
17.93	-0.004187181115
17.94	-0.003582358853
17.95	-0.002978777536
17.96	-0.002377030177
17.97	-0.001777703234
17.98	-0.001181376075
17.99	-0.0005886204531
18	-4.114367642e-17
18.01	0.0005839302752
18.02	0.00116262447
18.03	0.001735546264
18.04	0.002302169372
18.05	0.002861977998
18.06	0.00341446726
18.07	0.003959143613
18.08	0.004495525245
18.09	0.005023142471
18.1	0.005541538103
18.11	0.006050267807
18.12	0.006548900442
18.13	0.007037018393
18.14	0.00751421787
18.15	0.007980109211
18.16	0.008434317153
18.17	0.008876481092
18.18	0.009306255328
18.19	0.009723309294
18.2	0.01012732776
18.21	0.01051801103
18.22	0.01089507512
18.23	0.0112582519
18.24	0.01160728926
18.25	0.01194195122
18.26	0.01226201804
18.27	0.01256728631
18.28	0.01285756902
18.29	0.01313269562
18.3	0.01339251205
18.31	0.01363688078
18.32	0.01386568082
18.33	0.01407880766
18.34	0.01427617332
18.35	0.01445770622
18.36	0.0146233512
18.37	0.01477306939
18.38	0.01490683816
18.39	0.01502465096
18.4	0.01512651727
18.41	0.01521246238
18.42	0.01528252731
18.43	0.01533676861
18.44	0.01537525819
18.45	0.01539808311
18.46	0.01540534538
18.47	0.01539716176
18.48	0.0153736635
18.49	0.01533499609
18.5	0.01528131903
18.51	0.01521280553
18.52	0.01512964226
18.53	0.015032029
18.54	0.0149201784
18.55	0.01479431563
18.56	0.01465467807
18.57	0.01450151494
18.58	0.01433508702
18.59	0.01415566624
18.6	0.01396353535
18.61	0.01375898754
18.62	0.01354232606
18.63	0.01331386386
18.64	0.01307392316
18.65	0.01282283511
18.66	0.01256093933
18.67	0.01228858354
18.68	0.01200612314
18.69	0.01171392078
18.7	0.01141234596
18.71	0.0111017746
18.72	0.0107825886
18.73	0.01045517544
18.74	0.01011992771
18.75	0.009777242717
18.76	0.009427522014
18.77	0.009071170992
18.78	0.008708598431
18.79	0.008340216072
18.8	0.007966438175
18.81	0.00758768109
18.82	0.007204362822
18.83	0.006816902604
18.84	0.006425720462
18.85	0.006031236797
18.86	0.005633871955
18.87	0.005234045811
18.88	0.004832177355
18.89	0.004428684275
18.9	0.004023982558
18.91	0.003618486079
18.92	0.003212606213
18.93	0.002806751437
18.94	0.002401326951
18.95	0.001996734295
18.96	0.001593370977
18.97	0.001191630114
18.98	0.0007919000648
18.99	0.0003945640892
19	7.356063802e-17
19.01	-0.0003914201689
19.02	-0.0007793304885
19.03	-0.001163371451
19.04	-0.001543190279
19.05	-0.001918441223
19.06	-0.002288785851
19.07	-0.002653893329
19.08	-0.003013440689
19.09	-0.003367113093
19.1	-0.003714604077
19.11	-0.004055615795
19.12	-0.004389859246
19.13	-0.004717054493
19.14	-0.005036930869
19.15	-0.005349227174
19.16	-0.005653691862
19.17	-0.005950083214
19.18	-0.0062381695
19.19	-0.006517729134
19.2	-0.006788550811
19.21	-0.007050433639
19.22	-0.007303187254
19.23	-0.007546631931
19.24	-0.007780598671
19.25	-0.008004929293
19.26	-0.0082194765
19.27	-0.00842410394
19.28	-0.008618686257
19.29	-0.00880310913
19.3	-0.008977269292
19.31	-0.009141074555
19.32	-0.009294443805
19.33	-0.009437307002
19.34	-0.009569605154
19.35	-0.009691290297
19.36	-0.009802325447
19.37	-0.009902684554
19.38	-0.00999235244
19.39	-0.01007132472
19.4	-0.01013960775
19.41	-0.01019721848
19.42	-0.01024418441
19.43	-0.01028054344
19.44	-0.01030634378
19.45	-0.01032164378
19.46	-0.01032651182
19.47	-0.01032102618
19.48	-0.01030527482
19.49	-0.01027935528
19.5	-0.01024337447
19.51	-0.01019744851
19.52	-0.01014170249
19.53	-0.01007627037
19.54	-0.01000129467
19.55	-0.009916926336
19.56	-0.009823324476
19.57	-0.009720656164
19.58	-0.009609096193
19.59	-0.009488826848
19.6	-0.009360037659
19.61	-0.00922292516
19.62	-0.009077692627
19.63	-0.008924549833
19.64	-0.008763712776
19.65	-0.008595403423
19.66	-0.008419849432
19.67	-0.008237283887
19.68	-0.008047945016
19.69	-0.007852075916
19.7	-0.007649924269
19.71	-0.00744174206
19.72	-0.007227785288
19.73	-0.007008313683
19.74	-0.006783590411
19.75	-0.006553881788
19.76	-0.00631945699
19.77	-0.006080587757
19.78	-0.005837548101
19.79	-0.005590614021
19.8	-0.005340063204
19.81	-0.005086174737
19.82	-0.004829228819
19.83	-0.004569506467
19.84	-0.004307289236
19.85	-0.004042858927
19.86	-0.003776497308
19.87	-0.003508485829
19.88	-0.003239105347
19.89	-0.002968635847
19.9	-0.002697356173
19.91	-0.002425543755
19.92	-0.002153474345
19.93	-0.001881421753
19.94	-0.001609657593
19.95	-0.001338451024
19.96	-0.001068068507
19.97	-0.0007987735526
19.98	-0.0005308264879
19.99	-0.0002644842184
20	-2.054116167e-17
20.01	0.0002623767857
20.02	0.0005224008489
20.03	0.0007798312048
20.04	0.001034431379
20.05	0.001285969609
20.06	0.001534219037
20.07	0.001778957898
20.08	0.002019969702
20.09	0.002257043403
20.1	0.002489973576
20.11	0.002718560566
20.12	0.002942610652
20.13	0.003161936185
20.14	0.003376355732
20.15	0.003585694205
20.16	0.003789782989
20.17	0.003988460054
20.18	0.004181570067
20.19	0.004368964493
20.2	0.004550501692
20.21	0.004726047001
20.22	0.004895472816
20.23	0.005058658663
20.24	0.005215491259
20.25	0.005365864572
20.26	0.005509679866
20.27	0.005646845741
20.28	0.005777278169
20.29	0.005900900517
20.3	0.006017643565
20.31	0.006127445516
20.32	0.006230251999
20.33	0.006326016064
20.34	0.006414698168
20.35	0.006496266158
20.36	0.006570695245
20.37	0.006637967966
20.38	0.006698074147
20.39	0.006751010853
20.4	0.006796782333
20.41	0.006835399961
20.42	0.006866882165
20.43	0.006891254354
20.44	0.006908548836
20.45	0.006918804732
20.46	0.006922067881
20.47	0.006918390744
20.48	0.006907832293
20.49	0.006890457907
20.5	0.006866339249
20.51	0.006835554151
20.52	0.006798186482
20.53	0.006754326018
20.54	0.006704068305
20.55	0.006647514518
20.56	0.006584771315
20.57	0.006515950687
20.58	0.006441169802
20.59	0.006360550849
20.6	0.006274220875
20.61	0.006182311618
20.62	0.00608495934
20.63	0.005982304655
20.64	0.005874492352
20.65	0.005761671218
20.66	0.005643993859
20.67	0.005521616514
20.68	0.005394698874
20.69	0.00526340389
20.7	0.005127897588
20.71	0.00498834888
20.72	0.004844929367
20.73	0.00469781315
20.74	0.004547176636
20.75	0.004393198342
20.76	0.004236058701
20.77	0.004075939865
20.78	0.003913025512
20.79	0.003747500648
20.8	0.003579551413
20.81	0.003409364884
20.82	0.003237128884
20.83	0.003063031785
20.84	0.002887262319
20.85	0.002710009382
20.86	0.002531461849
20.87	0.002351808382
20.88	0.002171237245
20.89	0.001989936118
20.9	0.001808091914
20.91	0.001625890602
20.92	0.001443517022
20.93	0.001261154716
20.94	0.001078985752
20.95	0.0008971905523
20.96	0.0007159477307
20.97	0.0005354339246
20.98	0.0003558236358
20.99	0.0001772890735
21	-5.514620402e-18
21.01	-0.000175876419
21.02	-0.0003501757611
21.03	-0.0005227364891
21.04	-0.0006934000897
21.05	-0.0008620112076
21.06	-0.001028417776
21.07	-0.00119247114
21.08	-0.001354026183
21.09	-0.001512941438
21.1	-0.001669079202
21.11	-0.001822305644
21.12	-0.001972490908
21.13	-0.002119509209
21.14	-0.00226323893
21.15	-0.002403562705
21.16	-0.002540367508
21.17	-0.002673544727
21.18	-0.00280299024
21.19	-0.00292860448
21.2	-0.003050292504
21.21	-0.003167964043
21.22	-0.003281533564
21.23	-0.003390920308
21.24	-0.003496048341
21.25	-0.003596846587
21.26	-0.003693248861
21.27	-0.003785193897
21.28	-0.003872625368
21.29	-0.003955491906
21.3	-0.004033747112
21.31	-0.004107349561
21.32	-0.004176262807
21.33	-0.004240455379
21.34	-0.004299900771
21.35	-0.00435457743
21.36	-0.004404468739
21.37	-0.004449562993
21.38	-0.004489853371
21.39	-0.004525337906
21.4	-0.004556019447
21.41	-0.004581905617
21.42	-0.004603008769
21.43	-0.004619345936
21.44	-0.004630938774
21.45	-0.004637813506
21.46	-0.004640000861
21.47	-0.004637536002
21.48	-0.004630458461
21.49	-0.004618812061
21.5	-0.004602644842
21.51	-0.004582008973
21.52	-0.004556960676
21.53	-0.004527560127
21.54	-0.004493871375
21.55	-0.004455962238
21.56	-0.004413904211
21.57	-0.004367772365
21.58	-0.004317645238
21.59	-0.004263604738
21.6	-0.004205736026
21.61	-0.004144127408
21.62	-0.004078870225
21.63	-0.004010058732
21.64	-0.003937789984
21.65	-0.003862163716
21.66	-0.003783282223
21.67	-0.003701250236
21.68	-0.003616174797
21.69	-0.003528165138
21.7	-0.003437332547
21.71	-0.003343790251
21.72	-0.003247653276
21.73	-0.003149038327
21.74	-0.003048063652
21.75	-0.002944848915
21.76	-0.002839515063
21.77	-0.002732184198
21.78	-0.002622979441
21.79	-0.002512024807
21.8	-0.002399445068
21.81	-0.002285365626
21.82	-0.002169912383
21.83	-0.002053211607
21.84	-0.001935389811
21.85	-0.001816573614
21.86	-0.001696889623
21.87	-0.001576464303
21.88	-0.00145542385
21.89	-0.00133389407
21.9	-0.001212000255
21.91	-0.001089867063
21.92	-0.0009676183965
21.93	-0.0008453772872
21.94	-0.0007232657787
21.95	-0.0006014048123
21.96	-0.0004799141158
21.97	-0.000358912093
21.98	-0.0002385157159
21.99	-0.0001188404199
22	-3.692828567e-17
22.01	0.0001178934893
22.02	0.0002347298323
22.03	0.0003504007474
22.04	0.00046479998
22.05	0.0005778233923
22.06	0.0006893690507
22.07	0.0007993373097
22.08	0.0009076308935
22.09	0.001014154974
22.1	0.001118817247
22.11	0.001221528003
22.12	0.001322200196
22.13	0.001420749511
22.14	0.001517094423
22.15	0.001611156263
22.16	0.001702859265
22.17	0.001792130624
22.18	0.001878900546
22.19	0.00196310229
22.2	0.002044672211
22.21	0.002123549803
22.22	0.002199677729
22.23	0.002273001857
22.24	0.002343471285
22.25	0.00241103837
22.26	0.002475658747
22.27	0.002537291347
22.28	0.002595898415
22.29	0.002651445517
22.3	0.00270390155
22.31	0.002753238747
22.32	0.002799432677
22.33	0.002842462245
22.34	0.002882309683
22.35	0.002918960543
22.36	0.002952403688
22.37	0.00298263127
22.38	0.003009638718
22.39	0.003033424713
22.4	0.003053991165
22.41	0.003071343184
22.42	0.00308548905
22.43	0.00309644018
22.44	0.003104211092
22.45	0.003108819363
22.46	0.003110285591
22.47	0.003108633346
22.48	0.003103889129
22.49	0.003096082314
22.5	0.003085245102
22.51	0.003071412466
22.52	0.00305462209
22.53	0.003034914313
22.54	0.003012332067
22.55	0.002986920812
22.56	0.002958728474
22.57	0.002927805372
22.58	0.002894204155
22.59	0.002857979724
22.6	0.002819189166
22.61	0.002777891675
22.62	0.002734148477
22.63	0.002688022754
22.64	0.002639579563
22.65	0.00258888576
22.66	0.002536009914
22.67	0.002481022229
22.68	0.002423994457
22.69	0.002364999817
22.7	0.002304112911
22.71	0.002241409635
22.72	0.002176967094
22.73	0.002110863516
22.74	0.002043178168
22.75	0.00197399126
22.76	0.001903383868
22.77	0.001831437837
22.78	0.0017582357
22.79	0.001683860584
22.8	0.001608396128
22.81	0.001531926392
22.82	0.001454535768
22.83	0.001376308899
22.84	0.001297330587
22.85	0.001217685709
22.86	0.00113745913
22.87	0.001056735624
22.88	0.0009755997822
22.89	0.0008941359345
22.9	0.0008124280669
22.91	0.0007305597398
22.92	0.0006486140081
22.93	0.0005666733421
22.94	0.0004848195501
22.95	0.0004031337015
22.96	0.0003216960522
22.97	0.0002405859707
22.98	0.0001598818657
22.99	7.966111574e-05
23	1.608901248e-17
23.01	-7.902636918e-05
23.02	-0.000157344112
23.03	-0.0002348806451
23.04	-0.000311564744
23.05	-0.000387326603
23.06	-0.0004620978938
23.07	-0.0005358118222
23.08	-0.0006084031823
23.09	-0.0006798084091
23.1	-0.0007499656288
23.11	-0.0008188147073
23.12	-0.0008862972963
23.13	-0.0009523568773
23.14	-0.001016938804
23.15	-0.00107999034
23.16	-0.001141460701
23.17	-0.001201301083
23.18	-0.001259464701
23.19	-0.001315906817
23.2	-0.001370584771
23.21	-0.001423458002
23.22	-0.001474488077
23.23	-0.001523638709
23.24	-0.00157087578
23.25	-0.001616167351
23.26	-0.001659483685
23.27	-0.001700797253
23.28	-0.001740082745
23.29	-0.001777317081
23.3	-0.001812479411
23.31	-0.001845551123
23.32	-0.001876515841
23.33	-0.001905359423
23.34	-0.001932069959
23.35	-0.001956637766
23.36	-0.001979055376
23.37	-0.00199931753
23.38	-0.002017421164
23.39	-0.002033365394
23.4	-0.002047151498
23.41	-0.002058782904
23.42	-0.002068265162
23.43	-0.002075605924
23.44	-0.002080814922
23.45	-0.002083903939
23.46	-0.00208488678
23.47	-0.002083779248
23.48	-0.002080599104
23.49	-0.002075366039
23.5	-0.002068101639
23.51	-0.002058829346
23.52	-0.00204757442
23.53	-0.002034363902
23.54	-0.00201922657
23.55	-0.002002192896
23.56	-0.001983295007
23.57	-0.001962566632
23.58	-0.001940043062
23.59	-0.0019157611
23.6	-0.001889759012
23.61	-0.001862076475
23.62	-0.001832754533
23.63	-0.001801835536
23.64	-0.001769363094
23.65	-0.001735382022
23.66	-0.001699938282
23.67	-0.001663078934
23.68	-0.001624852076
23.69	-0.001585306786
23.7	-0.001544493073
23.71	-0.00150246181
23.72	-0.001459264683
23.73	-0.00141495413
23.74	-0.001369583283
23.75	-0.001323205912
23.76	-0.001275876362
23.77	-0.001227649495
23.78	-0.001178580635
23.79	-0.001128725504
23.8	-0.001078140167
23.81	-0.001026880969
23.82	-0.0009750044831
23.83	-0.0009225674447
23.84	-0.0008696266988
23.85	-0.0008162391402
23.86	-0.0007624616567
23.87	-0.0007083510723
23.88	-0.0006539640909
23.89	-0.0005993572408
23.9	-0.0005445868192
23.91	-0.0004897088384
23.92	-0.0004347789718
23.93	-0.0003798525008
23.94	-0.0003249842631
23.95	-0.0002702286013
23.96	-0.0002156393125
23.97	-0.0001612695989
23.98	-0.0001071720196
23.99	-5.339844277e-05
24	-4.976626821e-18
24.01	5.297295943e-05
24.02	0.0001054709124
24.03	0.0001574452049
24.04	0.0002088480935
24.05	0.0002596327863
24.06	0.0003097534814
24.07	0.0003591654053
24.08	0.0004078248492
24.09	0.0004556892041
24.1	0.0005027169948
24.11	0.0005488679123
24.12	0.0005941028444
24.13	0.0006383839058
24.14	0.0006816744658
24.15	0.0007239391747
24.16	0.0007651439895
24.17	0.000805256197
24.18	0.0008442444362
24.19	0.0008820787184
24.2	0.0009187304467
24.21	0.0009541724334
24.22	0.0009883789156
24.23	0.00102132557
24.24	0.001052989525
24.25	0.001083349373
24.26	0.00111238518
24.27	0.001140078493
24.28	0.001166412346
24.29	0.001191371267
24.3	0.001214941282
24.31	0.001237109914
24.32	0.001257866185
24.33	0.001277200616
24.34	0.001295105224
24.35	0.001311573517
24.36	0.001326600491
24.37	0.001340182619
24.38	0.001352317848
24.39	0.001363005584
24.4	0.001372246687
24.41	0.001380043451
24.42	0.001386399599
24.43	0.001391320259
24.44	0.001394811954
24.45	0.001396882584
24.46	0.001397541403
24.47	0.001396799001
24.48	0.001394667287
24.49	0.001391159459
24.5	0.001386289986
24.51	0.001380074582
24.52	0.001372530179
24.53	0.001363674904
24.54	0.001353528047
24.55	0.001342110035
24.56	0.0013294424
24.57	0.001315547755
24.58	0.001300449755
24.59	0.001284173069
24.6	0.001266743348
24.61	0.001248187189
24.62	0.001228532103
24.63	0.001207806479
24.64	0.001186039551
24.65	0.001163261357
24.66	0.001139502708
24.67	0.001114795148
24.68	0.001089170918
24.69	0.001062662918
24.7	0.001035304668
24.71	0.001007130269
24.72	0.0009781743692
24.73	0.0009484721172
24.74	0.0009180591296
24.75	0.0008869714481
24.76	0.0008552455017
24.77	0.0008229180663
24.78	0.0007900262257
24.79	0.000756607332
24.8	0.0007226989662
24.81	0.0006883388987
24.82	0.00065356505
24.83	0.000618415452
24.84	0.0005829282088
24.85	0.000547141458
24.86	0.0005110933328
24.87	0.0004748219234
24.88	0.0004383652395
24.89	0.0004017611732
24.9	0.0003650474617
24.91	0.0003282616511
24.92	0.0002914410604
24.93	0.0002546227458
24.94	0.0002178434662
24.95	0.0001811396485
24.96	0.0001445473539
24.97	0.000108102245
24.98	7.183955309e-05
24.99	3.579404661e-05
25	-5.573938705e-19
25.01	-3.55088366e-05
25.02	-7.069926685e-05
25.03	-0.000105538677
25.04	-0.0001399950637
25.05	-0.0001740370613
25.06	-0.0002076339679
25.07	-0.000240755771
25.08	-0.0002733731717
25.09	-0.0003054576083
25.1	-0.0003369812791
25.11	-0.0003679171642
25.12	-0.000398239046
25.13	-0.0004279215291
25.14	-0.0004569400593
25.15	-0.0004852709409
25.16	-0.0005128913543
25.17	-0.0005397793711
25.18	-0.0005659139693
25.19	-0.0005912750471
25.2	-0.0006158434354
25.21	-0.0006396009095
25.22	-0.0006625302002
25.23	-0.000684615003
25.24	-0.0007058399868
25.25	-0.0007261908017
25.26	-0.0007456540852
25.27	-0.0007642174677
25.28	-0.0007818695773
25.29	-0.0007986000428
25.3	-0.0008143994963
25.31	-0.0008292595745
25.32	-0.000843172919
25.33	-0.0008561331757
25.34	-0.0008681349934
25.35	-0.0008791740205
25.36	-0.000889246902
25.37	-0.0008983512748
25.38	-0.0009064857619
25.39	-0.0009136499659
25.4	-0.0009198444622
25.41	-0.0009250707898
25.42	-0.0009293314428
25.43	-0.0009326298599
25.44	-0.0009349704135
25.45	-0.0009363583981
25.46	-0.0009368000173
25.47	-0.0009363023709
25.48	-0.00093487344
25.49	-0.0009325220724
25.5	-0.0009292579671
25.51	-0.0009250916572
25.52	-0.0009200344931
25.53	-0.0009140986247
25.54	-0.0009072969829
25.55	-0.0008996432601
25.56	-0.000891151891
25.57	-0.0008818380318
25.58	-0.0008717175396
25.59	-0.0008608069507
25.6	-0.0008491234592
25.61	-0.0008366848938
25.62	-0.0008235096957
25.63	-0.0008096168948
25.64	-0.0007950260863
25.65	-0.0007797574062
25.66	-0.0007638315075
25.67	-0.0007472695349
25.68	-0.0007300931
25.69	-0.0007123242562
25.7	-0.0006939854725
25.71	-0.0006750996086
25.72	-0.0006556898882
25.73	-0.0006357798733
25.74	-0.000615393438
25.75	-0.000594554742
25.76	-0.0005732882041
25.77	-0.0005516184761
25.78	-0.000529570416
25.79	-0.0005071690616
25.8	-0.0004844396043
25.81	-0.0004614073622
25.82	-0.0004380977544
25.83	-0.0004145362742
25.84	-0.0003907484637
25.85	-0.0003667598873
25.86	-0.0003425961064
25.87	-0.0003182826536
25.88	-0.0002938450076
25.89	-0.0002693085681
25.9	-0.0002446986313
25.91	-0.0002200403651
25.92	-0.000195358785
25.93	-0.0001706787307
25.94	-0.0001460248423
25.95	-0.0001214215375
25.96	-9.689298892e-05
25.97	-7.246310184e-05
25.98	-4.815549253e-05
25.99	-2.399346697e-05
26	2.983407144e-18
26.01	2.380228499e-05
26.02	4.739113581e-05
26.03	7.074469081e-05
26.04	9.384149753e-05
26.05	0.0001166605309
26.06	0.0001391812109
26.07	0.0001613834195
26.08	0.000183247517
26.09	0.000204754358
26.1	0.0002258853065
26.11	0.0002466222505
26.12	0.0002669476157
26.13	0.0002868443791
26.14	0.0003062960816
26.15	0.0003252868394
26.16	0.0003438013562
26.17	0.0003618249329
26.18	0.000379343478
26.19	0.0003963435168
26.2	0.0004128121999
26.21	0.0004287373111
26.22	0.0004441072743
26.23	0.0004589111603
26.24	0.0004731386925
26.25	0.0004867802516
26.26	0.0004998268807
26.27	0.0005122702881
26.28	0.0005241028511
26.29	0.0005353176175
26.3	0.0005459083079
26.31	0.0005558693161
26.32	0.0005651957099
26.33	0.0005738832298
26.34	0.0005819282887
26.35	0.0005893279699
26.36	0.0005960800243
26.37	0.0006021828679
26.38	0.0006076355776
26.39	0.0006124378872
26.4	0.0006165901822
26.41	0.0006200934944
26.42	0.0006229494955
26.43	0.0006251604906
26.44	0.0006267294106
26.45	0.0006276598045
26.46	0.0006279558307
26.47	0.0006276222484
26.48	0.0006266644073
26.49	0.0006250882385
26.5	0.0006229002433
26.51	0.0006201074822
26.52	0.0006167175637
26.53	0.0006127386322
26.54	0.0006081793553
26.55	0.0006030489115
26.56	0.0005973569766
26.57	0.0005911137101
26.58	0.0005843297413
26.59	0.0005770161548
26.6	0.0005691844762
26.61	0.0005608466565
26.62	0.0005520150572
26.63	0.0005427024342
26.64	0.0005329219228
26.65	0.0005226870204
26.66	0.0005120115713
26.67	0.000500909749
26.68	0.0004893960404
26.69	0.0004774852282
26.7	0.0004651923739
26.71	0.0004525328007
26.72	0.000439522076
26.73	0.0004261759939
26.74	0.0004125105577
26.75	0.000398541962
26.76	0.0003842865753
26.77	0.0003697609223
26.78	0.0003549816656
26.79	0.0003399655887
26.8	0.0003247295779
26.81	0.0003092906043
26.82	0.0002936657069
26.83	0.0002778719744
26.84	0.0002619265282
26.85	0.0002458465046
26.86	0.0002296490378
26.87	0.000213351243
26.88	0.000196970199
26.89	0.0001805229318
26.9	0.0001640263978
26.91	0.0001474974677
26.92	0.0001309529098
26.93	0.0001144093746
26.94	9.788337901e-05
26.95	8.139129062e-05
26.96	6.49493128e-05
26.97	4.857346976e-05
26.98	3.227959197e-05
26.99	1.608330189e-05
27	3.498137463e-18
27.01	-1.595514877e-05
27.02	-3.176722834e-05
27.03	-4.74215844e-05
27.04	-6.290383694e-05
27.05	-7.819989246e-05
27.06	-9.329595573e-05
27.07	-0.0001081785412
27.08	-0.0001228344841
27.09	-0.0001372509507
27.1	-0.0001514154491
27.11	-0.0001653158383
27.12	-0.000178940338
27.13	-0.0001922775374
27.14	-0.0002053164035
27.15	-0.0002180462892
27.16	-0.0002304569409
27.17	-0.0002425385057
27.18	-0.0002542815376
27.19	-0.0002656770044
27.2	-0.0002767162929
27.21	-0.0002873912141
27.22	-0.0002976940085
27.23	-0.0003076173501
27.24	-0.0003171543501
27.25	-0.0003262985607
27.26	-0.0003350439777
27.27	-0.0003433850431
27.28	-0.0003513166473
27.29	-0.00035883413
27.3	-0.0003659332821
27.31	-0.0003726103456
27.32	-0.0003788620143
27.33	-0.000384685433
27.34	-0.0003900781973
27.35	-0.0003950383519
27.36	-0.0003995643893
27.37	-0.0004036552477
27.38	-0.0004073103084
27.39	-0.0004105293928
27.4	-0.0004133127593
27.41	-0.0004156610997
27.42	-0.0004175755345
27.43	-0.0004190576088
27.44	-0.0004201092874
27.45	-0.000420732949
27.46	-0.0004209313814
27.47	-0.0004207077744
27.48	-0.0004200657144
27.49	-0.0004190091768
27.5	-0.0004175425198
27.51	-0.000415670476
27.52	-0.0004133981457
27.53	-0.0004107309881
27.54	-0.0004076748135
27.55	-0.0004042357741
27.56	-0.0004004203561
27.57	-0.0003962353693
27.58	-0.0003916879391
27.59	-0.0003867854955
27.6	-0.0003815357643
27.61	-0.0003759467566
27.62	-0.0003700267585
27.63	-0.0003637843207
27.64	-0.0003572282478
27.65	-0.0003503675876
27.66	-0.00034321162
27.67	-0.000335769846
27.68	-0.0003280519763
27.69	-0.0003200679201
27.7	-0.0003118277735
27.71	-0.0003033418078
27.72	-0.0002946204582
27.73	-0.0002856743119
27.74	-0.000276514096
27.75	-0.0002671506663
27.76	-0.0002575949949
27.77	-0.0002478581584
27.78	-0.0002379513264
27.79	-0.0002278857491
27.8	-0.0002176727456
27.81	-0.0002073236921
27.82	-0.0001968500102
27.83	-0.0001862631547
27.84	-0.0001755746024
27.85	-0.0001647958403
27.86	-0.0001539383536
27.87	-0.000143013615
27.88	-0.0001320330729
27.89	-0.0001210081399
27.9	-0.0001099501825
27.91	-9.887050931e-05
27.92	-8.778036049e-05
27.93	-7.669089726e-05
27.94	-6.561319113e-05
27.95	-5.455821367e-05
27.96	-4.353682634e-05
27.97	-3.255977048e-05
27.98	-2.163765758e-05
27.99	-1.078095966e-05
28	-1.172224231e-18
28.01	1.069505606e-05
28.02	2.129420996e-05
28.03	3.178763864e-05
28.04	4.216570288e-05
28.05	5.241895552e-05
28.06	6.253814934e-05
28.07	7.251424472e-05
28.08	8.2338417e-05
28.09	9.200206359e-05
28.1	0.0001014968108
28.11	0.0001108145203
28.12	0.0001199472956
28.13	0.0001288874877
28.14	0.000137627701
28.15	0.0001461607986
28.16	0.0001544799072
28.17	0.0001625784223
28.18	0.000170450012
28.19	0.0001780886218
28.2	0.0001854884782
28.21	0.0001926440919
28.22	0.0001995502615
28.23	0.0002062020763
28.24	0.0002125949186
28.25	0.0002187244662
28.26	0.0002245866945
28.27	0.0002301778779
28.28	0.0002354945912
28.29	0.0002405337105
28.3	0.0002452924145
28.31	0.000249768184
28.32	0.0002539588028
28.33	0.0002578623572
28.34	0.0002614772352
28.35	0.0002648021262
28.36	0.0002678360199
28.37	0.0002705782042
28.38	0.0002730282647
28.39	0.0002751860815
28.4	0.0002770518279
28.41	0.0002786259675
28.42	0.0002799092515
28.43	0.0002809027156
28.44	0.0002816076768
28.45	0.0002820257298
28.46	0.0002821587429
28.47	0.0002820088547
28.48	0.000281578469
28.49	0.0002808702507
28.5	0.0002798871211
28.51	0.0002786322526
28.52	0.0002771090641
28.53	0.0002753212149
28.54	0.0002732725997
28.55	0.0002709673427
28.56	0.0002684097915
28.57	0.000265604511
28.58	0.0002625562773
28.59	0.0002592700711
28.6	0.0002557510711
28.61	0.0002520046472
28.62	0.0002480363538
28.63	0.0002438519226
28.64	0.0002394572555
28.65	0.0002348584174
28.66	0.0002300616289
28.67	0.0002250732586
28.68	0.0002198998159
28.69	0.000214547943
28.7	0.0002090244075
28.71	0.0002033360946
28.72	0.0001974899991
28.73	0.0001914932179
28.74	0.0001853529416
28.75	0.0001790764469
28.76	0.0001726710888
28.77	0.0001661442922
28.78	0.0001595035441
28.79	0.0001527563858
28.8	0.0001459104048
28.81	0.0001389732268
28.82	0.0001319525079
28.83	0.0001248559264
28.84	0.0001176911756
28.85	0.0001104659552
28.86	0.0001031879643
28.87	9.5864893e-05
28.88	8.850441547e-05
28.89	8.111418194e-05
28.9	7.370181142e-05
28.91	6.627488435e-05
28.92	5.884093529e-05
28.93	5.140744578e-05
28.94	4.39818373e-05
28.95	3.65714643e-05
28.96	2.918360744e-05
28.97	2.182546685e-05
28.98	1.450415562e-05
28.99	7.226693376e-06
29	-2.836815411e-22
29.01	-7.169110468e-06
29.02	-1.42739358e-05
29.03	-2.130789139e-05
29.04	-2.826451589e-05
29.05	-3.513747667e-05
29.06	-4.192057514e-05
29.07	-4.860775186e-05
29.08	-5.519309148e-05
29.09	-6.16708275e-05
29.1	-6.803534688e-05
29.11	-7.428119437e-05
29.12	-8.040307672e-05
29.13	-8.639586671e-05
29.14	-9.22546069e-05
29.15	-9.797451325e-05
29.16	-0.0001035509785
29.17	-0.0001089795755
29.18	-0.0001142560599
29.19	-0.0001193763732
29.2	-0.0001243366452
29.21	-0.0001291331965
29.22	-0.0001337625405
29.23	-0.0001382213853
29.24	-0.0001425066356
29.25	-0.0001466153943
29.26	-0.0001505449634
29.27	-0.0001542928457
29.28	-0.0001578567452
29.29	-0.0001612345679
29.3	-0.0001644244226
29.31	-0.0001674246206
29.32	-0.0001702336764
29.33	-0.0001728503071
29.34	-0.0001752734323
29.35	-0.0001775021734
29.36	-0.0001795358532
29.37	-0.0001813739943
29.38	-0.0001830163189
29.39	-0.0001844627468
29.4	-0.000185713394
29.41	-0.0001867685714
29.42	-0.0001876287824
29.43	-0.0001882947213
29.44	-0.0001887672709
29.45	-0.0001890475002
29.46	-0.0001891366616
29.47	-0.0001890361885
29.48	-0.0001887476923
29.49	-0.0001882729594
29.5	-0.0001876139479
29.51	-0.0001867727844
29.52	-0.0001857517606
29.53	-0.0001845533294
29.54	-0.0001831801016
29.55	-0.0001816348417
29.56	-0.0001799204638
29.57	-0.0001780400281
29.58	-0.0001759967359
29.59	-0.000173793926
29.6	-0.0001714350698
29.61	-0.0001689237667
29.62	-0.0001662637401
29.63	-0.000163458832
29.64	-0.0001605129985
29.65	-0.0001574303052
29.66	-0.0001542149217
29.67	-0.0001508711171
29.68	-0.0001474032547
29.69	-0.000143815787
29.7	-0.0001401132504
29.71	-0.0001363002603
29.72	-0.0001323815053
29.73	-0.0001283617426
29.74	-0.0001242457923
29.75	-0.0001200385322
29.76	-0.0001157448922
29.77	-0.0001113698496
29.78	-0.000106918423
29.79	-0.0001023956676
29.8	-9.780666929e-05
29.81	-9.315653981e-05
29.82	-8.845041115e-05
29.83	-8.369343035e-05
29.84	-7.889075424e-05
29.85	-7.404754419e-05
29.86	-6.916896096e-05
29.87	-6.426015949e-05
29.88	-5.932628386e-05
29.89	-5.437246217e-05
29.9	-4.940380163e-05
29.91	-4.442538353e-05
29.92	-3.944225845e-05
29.93	-3.445944142e-05
29.94	-2.94819072e-05
29.95	-2.451458563e-05
29.96	-1.956235708e-05
29.97	-1.463004794e-05
29.98	-9.722426265e-06
29.99	-4.844197437e-06
30	-1.655768113e-18
