temps	angle
0	0
0.01	0.7657896268
0.02	1.523571988
0.03	2.273043278
0.04	3.013906921
0.05	3.745873645
0.06	4.468661563
0.07	5.181996234
0.08	5.885610734
0.09	6.579245712
0.1	7.262649449
0.11	7.935577909
0.12	8.597794783
0.13	9.249071536
0.14	9.889187442
0.15	10.51792962
0.16	11.13509306
0.17	11.74048066
0.18	12.33390323
0.19	12.91517951
0.2	13.48413622
0.21	14.040608
0.22	14.58443748
0.23	15.11547525
0.24	15.63357985
0.25	16.13861777
0.26	16.63046347
0.27	17.10899929
0.28	17.57411552
0.29	18.0257103
0.3	18.46368965
0.31	18.88796739
0.32	19.29846516
0.33	19.69511233
0.34	20.07784599
0.35	20.4466109
0.36	20.80135944
0.37	21.14205155
0.38	21.46865469
0.39	21.78114376
0.4	22.07950106
0.41	22.36371623
0.42	22.63378615
0.43	22.88971489
0.44	23.13151366
0.45	23.35920068
0.46	23.57280115
0.47	23.77234714
0.48	23.9578775
0.49	24.12943781
0.5	24.28708026
0.51	24.43086355
0.52	24.56085282
0.53	24.67711954
0.54	24.77974143
0.55	24.8688023
0.56	24.94439204
0.57	25.00660642
0.58	25.05554705
0.59	25.09132124
0.6	25.11404189
0.61	25.12382739
0.62	25.1208015
0.63	25.10509322
0.64	25.07683669
0.65	25.03617107
0.66	24.98324041
0.67	24.91819354
0.68	24.84118393
0.69	24.75236958
0.7	24.6519129
0.71	24.53998057
0.72	24.41674342
0.73	24.28237629
0.74	24.13705792
0.75	23.98097084
0.76	23.81430116
0.77	23.63723854
0.78	23.44997599
0.79	23.25270976
0.8	23.04563923
0.81	22.82896673
0.82	22.60289746
0.83	22.36763931
0.84	22.12340278
0.85	21.87040079
0.86	21.60884859
0.87	21.33896363
0.88	21.06096539
0.89	20.77507528
0.9	20.4815165
0.91	20.18051391
0.92	19.87229391
0.93	19.55708428
0.94	19.23511409
0.95	18.90661354
0.96	18.57181385
0.97	18.23094712
0.98	17.88424621
0.99	17.53194464
1	17.1742764
1.01	16.81147589
1.02	16.44377779
1.03	16.0714169
1.04	15.69462805
1.05	15.31364597
1.06	14.92870518
1.07	14.54003988
1.08	14.14788381
1.09	13.75247016
1.1	13.35403144
1.11	12.95279938
1.12	12.54900482
1.13	12.14287761
1.14	11.73464647
1.15	11.32453892
1.16	10.91278118
1.17	10.49959804
1.18	10.08521276
1.19	9.669847024
1.2	9.253720773
1.21	8.837052159
1.22	8.420057437
1.23	8.002950873
1.24	7.585944659
1.25	7.169248824
1.26	6.75307115
1.27	6.337617092
1.28	5.92308969
1.29	5.509689498
1.3	5.097614503
1.31	4.687060052
1.32	4.278218778
1.33	3.87128053
1.34	3.466432306
1.35	3.063858185
1.36	2.663739265
1.37	2.266253597
1.38	1.871576129
1.39	1.479878648
1.4	1.091329723
1.41	0.7060946513
1.42	0.3243354106
1.43	-0.05378939358
1.44	-0.4281245727
1.45	-0.7985184002
1.46	-1.164822654
1.47	-1.526892655
1.48	-1.884587309
1.49	-2.237769137
1.5	-2.586304314
1.51	-2.930062697
1.52	-3.268917856
1.53	-3.602747098
1.54	-3.931431498
1.55	-4.254855914
1.56	-4.572909014
1.57	-4.885483291
1.58	-5.192475081
1.59	-5.493784577
1.6	-5.789315837
1.61	-6.078976803
1.62	-6.3626793
1.63	-6.640339047
1.64	-6.91187566
1.65	-7.177212652
1.66	-7.436277435
1.67	-7.689001319
1.68	-7.935319504
1.69	-8.175171077
1.7	-8.408499004
1.71	-8.635250121
1.72	-8.855375118
1.73	-9.068828532
1.74	-9.275568727
1.75	-9.475557879
1.76	-9.668761956
1.77	-9.855150699
1.78	-10.0346976
1.79	-10.20737987
1.8	-10.37317844
1.81	-10.53207789
1.82	-10.68406645
1.83	-10.82913599
1.84	-10.96728192
1.85	-11.09850324
1.86	-11.22280243
1.87	-11.34018547
1.88	-11.45066179
1.89	-11.55424418
1.9	-11.65094884
1.91	-11.74079525
1.92	-11.82380619
1.93	-11.90000767
1.94	-11.96942887
1.95	-12.03210214
1.96	-12.0880629
1.97	-12.13734963
1.98	-12.18000378
1.99	-12.21606976
2	-12.24559489
2.01	-12.2686293
2.02	-12.28522591
2.03	-12.2954404
2.04	-12.29933108
2.05	-12.29695892
2.06	-12.28838742
2.07	-12.27368262
2.08	-12.25291299
2.09	-12.22614937
2.1	-12.19346495
2.11	-12.1549352
2.12	-12.11063776
2.13	-12.06065244
2.14	-12.00506114
2.15	-11.94394776
2.16	-11.87739818
2.17	-11.80550017
2.18	-11.72834333
2.19	-11.64601903
2.2	-11.55862035
2.21	-11.46624201
2.22	-11.36898031
2.23	-11.26693305
2.24	-11.16019949
2.25	-11.04888028
2.26	-10.93307738
2.27	-10.81289401
2.28	-10.68843456
2.29	-10.55980458
2.3	-10.42711065
2.31	-10.29046035
2.32	-10.14996222
2.33	-10.00572563
2.34	-9.857860778
2.35	-9.706478589
2.36	-9.551690669
2.37	-9.393609239
2.38	-9.232347066
2.39	-9.068017407
2.4	-8.900733944
2.41	-8.730610722
2.42	-8.557762089
2.43	-8.382302634
2.44	-8.204347128
2.45	-8.02401046
2.46	-7.841407586
2.47	-7.65665346
2.48	-7.469862984
2.49	-7.281150946
2.5	-7.090631965
2.51	-6.898420432
2.52	-6.704630459
2.53	-6.509375819
2.54	-6.312769896
2.55	-6.114925629
2.56	-5.915955459
2.57	-5.715971279
2.58	-5.515084382
2.59	-5.313405409
2.6	-5.111044302
2.61	-4.908110254
2.62	-4.704711662
2.63	-4.50095608
2.64	-4.29695017
2.65	-4.092799661
2.66	-3.888609304
2.67	-3.684482826
2.68	-3.480522891
2.69	-3.276831057
2.7	-3.073507736
2.71	-2.870652152
2.72	-2.668362309
2.73	-2.466734946
2.74	-2.265865507
2.75	-2.0658481
2.76	-1.866775468
2.77	-1.668738952
2.78	-1.471828459
2.79	-1.276132432
2.8	-1.081737821
2.81	-0.8887300498
2.82	-0.6971929924
2.83	-0.5072089428
2.84	-0.3188585908
2.85	-0.1322209962
2.86	0.05262643437
2.87	0.2356079704
2.88	0.4166495792
2.89	0.5956789466
2.9	0.7726254959
2.91	0.9474204069
2.92	1.119996633
2.93	1.290288918
2.94	1.458233809
2.95	1.623769675
2.96	1.786836716
2.97	1.947376975
2.98	2.105334354
2.99	2.260654616
3	2.413285401
3.01	2.56317623
3.02	2.710278513
3.03	2.854545556
3.04	2.995932561
3.05	3.134396637
3.06	3.269896797
3.07	3.402393961
3.08	3.53185096
3.09	3.65823253
3.1	3.781505318
3.11	3.901637873
3.12	4.018600647
3.13	4.132365991
3.14	4.242908149
3.15	4.35020325
3.16	4.454229307
3.17	4.554966204
3.18	4.652395691
3.19	4.746501373
3.2	4.837268698
3.21	4.924684952
3.22	5.00873924
3.23	5.089422478
3.24	5.16672738
3.25	5.240648438
3.26	5.311181916
3.27	5.378325826
3.28	5.442079917
3.29	5.502445654
3.3	5.559426205
3.31	5.613026416
3.32	5.663252799
3.33	5.710113507
3.34	5.753618313
3.35	5.793778594
3.36	5.830607306
3.37	5.86411896
3.38	5.894329604
3.39	5.921256795
3.4	5.944919576
3.41	5.965338455
3.42	5.982535376
3.43	5.996533695
3.44	6.007358156
3.45	6.01503486
3.46	6.019591244
3.47	6.021056049
3.48	6.019459297
3.49	6.014832258
3.5	6.007207425
3.51	5.996618485
3.52	5.983100291
3.53	5.966688831
3.54	5.947421196
3.55	5.925335559
3.56	5.900471134
3.57	5.872868153
3.58	5.842567836
3.59	5.809612353
3.6	5.774044802
3.61	5.735909172
3.62	5.695250315
3.63	5.652113913
3.64	5.606546447
3.65	5.558595167
3.66	5.508308057
3.67	5.455733809
3.68	5.400921783
3.69	5.343921985
3.7	5.284785029
3.71	5.223562105
3.72	5.160304952
3.73	5.095065823
3.74	5.027897452
3.75	4.958853028
3.76	4.887986156
3.77	4.815350834
3.78	4.741001416
3.79	4.664992581
3.8	4.587379305
3.81	4.508216831
3.82	4.427560632
3.83	4.345466389
3.84	4.261989954
3.85	4.177187324
3.86	4.091114609
3.87	4.003828005
3.88	3.915383762
3.89	3.825838156
3.9	3.735247461
3.91	3.643667919
3.92	3.551155714
3.93	3.457766942
3.94	3.363557585
3.95	3.268583484
3.96	3.172900308
3.97	3.076563536
3.98	2.979628422
3.99	2.882149973
4	2.784182926
4.01	2.685781719
4.02	2.587000468
4.03	2.487892944
4.04	2.388512546
4.05	2.288912283
4.06	2.189144743
4.07	2.089262081
4.08	1.989315987
4.09	1.889357672
4.1	1.789437839
4.11	1.689606673
4.12	1.58991381
4.13	1.490408325
4.14	1.391138707
4.15	1.292152847
4.16	1.193498013
4.17	1.095220835
4.18	0.9973672908
4.19	0.8999826829
4.2	0.8031116277
4.21	0.7067980373
4.22	0.6110851047
4.23	0.5160152894
4.24	0.4216303026
4.25	0.3279710942
4.26	0.2350778392
4.27	0.1429899253
4.28	0.05174594075
4.29	-0.03861633724
4.3	-0.1280599536
4.31	-0.2165487857
4.32	-0.3040475538
4.33	-0.3905218299
4.34	-0.4759380472
4.35	-0.5602635084
4.36	-0.6434663932
4.37	-0.7255157665
4.38	-0.8063815842
4.39	-0.8860347006
4.4	-0.9644468733
4.41	-1.041590769
4.42	-1.117439968
4.43	-1.19196897
4.44	-1.265153195
4.45	-1.336968987
4.46	-1.407393621
4.47	-1.476405301
4.48	-1.543983161
4.49	-1.610107271
4.5	-1.674758632
4.51	-1.737919182
4.52	-1.799571793
4.53	-1.859700268
4.54	-1.918289345
4.55	-1.975324692
4.56	-2.030792906
4.57	-2.08468151
4.58	-2.13697895
4.59	-2.187674595
4.6	-2.236758726
4.61	-2.28422254
4.62	-2.330058141
4.63	-2.374258532
4.64	-2.416817618
4.65	-2.457730193
4.66	-2.496991935
4.67	-2.534599402
4.68	-2.570550023
4.69	-2.604842091
4.7	-2.637474754
4.71	-2.668448011
4.72	-2.697762699
4.73	-2.725420485
4.74	-2.751423861
4.75	-2.775776128
4.76	-2.798481392
4.77	-2.81954455
4.78	-2.838971283
4.79	-2.856768042
4.8	-2.87294204
4.81	-2.887501238
4.82	-2.900454337
4.83	-2.911810763
4.84	-2.921580655
4.85	-2.929774855
4.86	-2.936404896
4.87	-2.941482986
4.88	-2.945021997
4.89	-2.947035452
4.9	-2.947537513
4.91	-2.946542963
4.92	-2.944067198
4.93	-2.940126208
4.94	-2.934736567
4.95	-2.927915417
4.96	-2.919680454
4.97	-2.910049913
4.98	-2.899042553
4.99	-2.886677644
5	-2.872974952
5.01	-2.857954722
5.02	-2.841637664
5.03	-2.82404494
5.04	-2.805198146
5.05	-2.785119297
5.06	-2.763830814
5.07	-2.741355506
5.08	-2.717716555
5.09	-2.692937503
5.1	-2.667042233
5.11	-2.640054956
5.12	-2.612000196
5.13	-2.58290277
5.14	-2.552787779
5.15	-2.521680587
5.16	-2.489606809
5.17	-2.456592293
5.18	-2.422663108
5.19	-2.387845523
5.2	-2.352166
5.21	-2.315651169
5.22	-2.278327821
5.23	-2.240222888
5.24	-2.201363431
5.25	-2.161776622
5.26	-2.121489731
5.27	-2.080530112
5.28	-2.038925186
5.29	-1.996702429
5.3	-1.953889355
5.31	-1.910513503
5.32	-1.866602424
5.33	-1.822183665
5.34	-1.777284756
5.35	-1.731933195
5.36	-1.686156437
5.37	-1.639981878
5.38	-1.593436844
5.39	-1.546548574
5.4	-1.499344212
5.41	-1.451850792
5.42	-1.404095223
5.43	-1.356104282
5.44	-1.307904595
5.45	-1.259522632
5.46	-1.210984691
5.47	-1.162316886
5.48	-1.113545138
5.49	-1.064695162
5.5	-1.015792458
5.51	-0.9668622974
5.52	-0.917929715
5.53	-0.8690194974
5.54	-0.8201561733
5.55	-0.7713640036
5.56	-0.7226669719
5.57	-0.6740887748
5.58	-0.6256528131
5.59	-0.5773821828
5.6	-0.5292996664
5.61	-0.4814277246
5.62	-0.4337884878
5.63	-0.3864037487
5.64	-0.3392949543
5.65	-0.2924831984
5.66	-0.2459892148
5.67	-0.1998333702
5.68	-0.1540356572
5.69	-0.1086156887
5.7	-0.06359269095
5.71	-0.01898549813
5.72	0.02518745339
5.73	0.06890813048
5.74	0.1121589083
5.75	0.1549225751
5.76	0.1971823371
5.77	0.2389218224
5.78	0.2801250854
5.79	0.3207766105
5.8	0.3608613157
5.81	0.4003645559
5.82	0.439272126
5.83	0.4775702637
5.84	0.5152456518
5.85	0.5522854212
5.86	0.5886771522
5.87	0.6244088766
5.88	0.6594690795
5.89	0.6938467001
5.9	0.7275311335
5.91	0.7605122307
5.92	0.7927802997
5.93	0.8243261061
5.94	0.8551408724
5.95	0.8852162788
5.96	0.9145444621
5.97	0.9431180156
5.98	0.9709299885
5.99	0.997973884
6	1.024243659
6.01	1.049733722
6.02	1.074438932
6.03	1.098354597
6.04	1.121476469
6.05	1.143800747
6.06	1.165324069
6.07	1.186043512
6.08	1.205956591
6.09	1.225061252
6.1	1.24335587
6.11	1.260839248
6.12	1.27751061
6.13	1.293369599
6.14	1.308416272
6.15	1.322651099
6.16	1.336074954
6.17	1.348689111
6.18	1.360495246
6.19	1.371495423
6.2	1.381692095
6.21	1.391088096
6.22	1.399686639
6.23	1.407491308
6.24	1.414506051
6.25	1.420735179
6.26	1.426183357
6.27	1.430855598
6.28	1.434757258
6.29	1.437894031
6.3	1.44027194
6.31	1.441897331
6.32	1.442776871
6.33	1.442917536
6.34	1.442326606
6.35	1.44101166
6.36	1.438980567
6.37	1.436241482
6.38	1.432802834
6.39	1.428673324
6.4	1.423861918
6.41	1.418377834
6.42	1.412230541
6.43	1.405429748
6.44	1.397985401
6.45	1.389907669
6.46	1.381206943
6.47	1.371893824
6.48	1.36197912
6.49	1.351473832
6.5	1.340389155
6.51	1.328736461
6.52	1.316527301
6.53	1.30377339
6.54	1.290486601
6.55	1.276678962
6.56	1.262362641
6.57	1.247549946
6.58	1.232253312
6.59	1.216485294
6.6	1.200258562
6.61	1.183585893
6.62	1.166480161
6.63	1.148954331
6.64	1.131021452
6.65	1.11269465
6.66	1.093987118
6.67	1.074912112
6.68	1.055482942
6.69	1.035712963
6.7	1.015615571
6.71	0.9952041946
6.72	0.9744922873
6.73	0.9534933207
6.74	0.9322207777
6.75	0.9106881454
6.76	0.8889089084
6.77	0.8668965421
6.78	0.8446645055
6.79	0.8222262351
6.8	0.7995951378
6.81	0.776784585
6.82	0.7538079055
6.83	0.7306783799
6.84	0.7074092338
6.85	0.6840136319
6.86	0.6605046719
6.87	0.6368953785
6.88	0.6131986978
6.89	0.5894274909
6.9	0.565594529
6.91	0.5417124874
6.92	0.5177939399
6.93	0.493851354
6.94	0.4698970851
6.95	0.4459433715
6.96	0.4220023298
6.97	0.3980859491
6.98	0.3742060872
6.99	0.3503744652
7	0.3266026632
7.01	0.3029021158
7.02	0.2792841078
7.03	0.2557597699
7.04	0.2323400747
7.05	0.2090358326
7.06	0.185857688
7.07	0.1628161157
7.08	0.139921417
7.09	0.1171837165
7.1	0.0946129586
7.11	0.07221890413
7.12	0.05001112752
7.13	0.02799901361
7.14	0.006191754875
7.15	-0.01540165138
7.16	-0.03677240558
7.17	-0.05791190837
7.18	-0.07881176301
7.19	-0.09946377757
7.2	-0.1198599671
7.21	-0.1399925554
7.22	-0.1598539772
7.23	-0.1794368798
7.24	-0.1987341244
7.25	-0.2177387878
7.26	-0.236444164
7.27	-0.254843765
7.28	-0.272931322
7.29	-0.2907007867
7.3	-0.3081463318
7.31	-0.3252623519
7.32	-0.3420434643
7.33	-0.3584845092
7.34	-0.3745805502
7.35	-0.3903268748
7.36	-0.4057189941
7.37	-0.4207526433
7.38	-0.4354237814
7.39	-0.449728591
7.4	-0.4636634782
7.41	-0.477225072
7.42	-0.4904102236
7.43	-0.5032160066
7.44	-0.515639715
7.45	-0.5276788637
7.46	-0.5393311866
7.47	-0.5505946359
7.48	-0.561467381
7.49	-0.5719478074
7.5	-0.5820345151
7.51	-0.591726317
7.52	-0.6010222382
7.53	-0.6099215133
7.54	-0.6184235856
7.55	-0.6265281047
7.56	-0.6342349252
7.57	-0.641544104
7.58	-0.648455899
7.59	-0.6549707663
7.6	-0.6610893588
7.61	-0.6668125229
7.62	-0.672141297
7.63	-0.6770769088
7.64	-0.6816207726
7.65	-0.6857744868
7.66	-0.6895398316
7.67	-0.6929187659
7.68	-0.6959134244
7.69	-0.6985261154
7.7	-0.7007593174
7.71	-0.7026156762
7.72	-0.7040980021
7.73	-0.7052092665
7.74	-0.7059525993
7.75	-0.7063312853
7.76	-0.7063487611
7.77	-0.7060086121
7.78	-0.7053145686
7.79	-0.7042705034
7.8	-0.7028804275
7.81	-0.7011484872
7.82	-0.6990789606
7.83	-0.6966762541
7.84	-0.6939448986
7.85	-0.6908895467
7.86	-0.6875149681
7.87	-0.6838260471
7.88	-0.6798277782
7.89	-0.6755252628
7.9	-0.6709237055
7.91	-0.6660284104
7.92	-0.6608447776
7.93	-0.6553782993
7.94	-0.6496345561
7.95	-0.6436192137
7.96	-0.6373380184
7.97	-0.6307967943
7.98	-0.6240014389
7.99	-0.6169579195
8	-0.60967227
8.01	-0.6021505865
8.02	-0.5943990239
8.03	-0.5864237924
8.04	-0.5782311532
8.05	-0.5698274157
8.06	-0.561218933
8.07	-0.5524120987
8.08	-0.5434133432
8.09	-0.53422913
8.1	-0.5248659522
8.11	-0.5153303287
8.12	-0.505628801
8.13	-0.4957679294
8.14	-0.4857542894
8.15	-0.4755944687
8.16	-0.4652950631
8.17	-0.4548626736
8.18	-0.4443039028
8.19	-0.4336253515
8.2	-0.4228336154
8.21	-0.4119352821
8.22	-0.4009369272
8.23	-0.3898451118
8.24	-0.378666379
8.25	-0.3674072505
8.26	-0.3560742241
8.27	-0.3446737703
8.28	-0.3332123291
8.29	-0.3216963075
8.3	-0.3101320764
8.31	-0.2985259675
8.32	-0.2868842709
8.33	-0.2752132321
8.34	-0.2635190491
8.35	-0.2518078701
8.36	-0.2400857908
8.37	-0.2283588517
8.38	-0.2166330355
8.39	-0.2049142649
8.4	-0.1932084003
8.41	-0.181521237
8.42	-0.1698585033
8.43	-0.158225858
8.44	-0.1466288886
8.45	-0.1350731087
8.46	-0.1235639564
8.47	-0.1121067919
8.48	-0.100706896
8.49	-0.08936946779
8.5	-0.07809962303
8.51	-0.06690239242
8.52	-0.05578271986
8.53	-0.04474546079
8.54	-0.03379538064
8.55	-0.0229371533
8.56	-0.01217535968
8.57	-0.001514486295
8.58	0.00904107604
8.59	0.0194870335
8.6	0.02981919044
8.61	0.04003345056
8.62	0.05012581799
8.63	0.06009239828
8.64	0.06992939941
8.65	0.07963313266
8.66	0.08920001343
8.67	0.09862656207
8.68	0.1079094046
8.69	0.1170452732
8.7	0.1260310071
8.71	0.1348635529
8.72	0.1435399651
8.73	0.1520574065
8.74	0.1604131486
8.75	0.1686045718
8.76	0.1766291659
8.77	0.18448453
8.78	0.1921683727
8.79	0.1996785121
8.8	0.2070128762
8.81	0.2141695024
8.82	0.2211465374
8.83	0.2279422376
8.84	0.2345549683
8.85	0.2409832035
8.86	0.2472255261
8.87	0.253280627
8.88	0.2591473048
8.89	0.2648244654
8.9	0.2703111218
8.91	0.2756063928
8.92	0.2807095031
8.93	0.2856197823
8.94	0.2903366642
8.95	0.2948596862
8.96	0.2991884882
8.97	0.3033228123
8.98	0.3072625012
8.99	0.311007498
9	0.3145578446
9.01	0.3179136813
9.02	0.3210752452
9.03	0.3240428695
9.04	0.3268169819
9.05	0.3293981043
9.06	0.3317868507
9.07	0.3339839264
9.08	0.3359901267
9.09	0.3378063357
9.1	0.3394335246
9.11	0.3408727509
9.12	0.3421251564
9.13	0.3431919663
9.14	0.3440744873
9.15	0.3447741067
9.16	0.3452922902
9.17	0.345630581
9.18	0.3457905978
9.19	0.3457740335
9.2	0.3455826534
9.21	0.345218294
9.22	0.3446828607
9.23	0.3439783267
9.24	0.3431067311
9.25	0.3420701774
9.26	0.3408708313
9.27	0.3395109197
9.28	0.3379927284
9.29	0.3363186005
9.3	0.334490935
9.31	0.3325121844
9.32	0.3303848533
9.33	0.3281114968
9.34	0.3256947183
9.35	0.3231371677
9.36	0.3204415402
9.37	0.3176105738
9.38	0.3146470476
9.39	0.3115537805
9.4	0.3083336286
9.41	0.3049894842
9.42	0.3015242732
9.43	0.2979409539
9.44	0.2942425149
9.45	0.2904319732
9.46	0.2865123725
9.47	0.2824867817
9.48	0.2783582924
9.49	0.2741300178
9.5	0.2698050905
9.51	0.2653866608
9.52	0.2608778951
9.53	0.256281974
9.54	0.2516020903
9.55	0.2468414479
9.56	0.2420032594
9.57	0.2370907448
9.58	0.2321071297
9.59	0.2270556436
9.6	0.221939518
9.61	0.2167619852
9.62	0.2115262764
9.63	0.2062356198
9.64	0.2008932397
9.65	0.1955023543
9.66	0.1900661742
9.67	0.1845879011
9.68	0.1790707262
9.69	0.1735178285
9.7	0.1679323737
9.71	0.162317512
9.72	0.1566763777
9.73	0.1510120868
9.74	0.1453277361
9.75	0.139626402
9.76	0.1339111385
9.77	0.1281849764
9.78	0.1224509221
9.79	0.1167119556
9.8	0.1109710303
9.81	0.1052310707
9.82	0.09949497193
9.83	0.09376559847
9.84	0.08804578271
9.85	0.0823383241
9.86	0.07664598796
9.87	0.07097150447
9.88	0.06531756757
9.89	0.05968683403
9.9	0.05408192244
9.91	0.04850541224
9.92	0.04295984286
9.93	0.03744771279
9.94	0.03197147874
9.95	0.02653355483
9.96	0.02113631173
9.97	0.01578207597
9.98	0.01047312916
9.99	0.005211707271
10	2.02164328e-16
10.01	-0.005159849918
10.02	-0.0102657473
10.03	-0.01531564514
10.04	-0.02030754509
10.05	-0.02523949809
10.06	-0.03010960477
10.07	-0.03491601597
10.08	-0.03965693318
10.09	-0.0443306089
10.1	-0.04893534706
10.11	-0.05346950336
10.12	-0.05793148556
10.13	-0.0623197538
10.14	-0.06663282085
10.15	-0.07086925232
10.16	-0.07502766688
10.17	-0.07910673643
10.18	-0.08310518624
10.19	-0.08702179505
10.2	-0.09085539517
10.21	-0.09460487255
10.22	-0.09826916677
10.23	-0.1018472711
10.24	-0.1053382324
10.25	-0.1087411512
10.26	-0.1120551814
10.27	-0.1152795304
10.28	-0.1184134589
10.29	-0.1214562806
10.3	-0.1244073622
10.31	-0.1272661232
10.32	-0.1300320354
10.33	-0.132704623
10.34	-0.1352834621
10.35	-0.1377681806
10.36	-0.1401584574
10.37	-0.1424540228
10.38	-0.1446546574
10.39	-0.1467601922
10.4	-0.1487705079
10.41	-0.1506855347
10.42	-0.1525052515
10.43	-0.1542296858
10.44	-0.1558589131
10.45	-0.1573930561
10.46	-0.1588322848
10.47	-0.160176815
10.48	-0.1614269088
10.49	-0.1625828731
10.5	-0.1636450595
10.51	-0.1646138637
10.52	-0.1654897245
10.53	-0.1662731236
10.54	-0.1669645844
10.55	-0.1675646718
10.56	-0.1680739915
10.57	-0.1684931887
10.58	-0.1688229481
10.59	-0.1690639926
10.6	-0.1692170832
10.61	-0.1692830174
10.62	-0.1692626291
10.63	-0.1691567875
10.64	-0.1689663965
10.65	-0.1686923937
10.66	-0.1683357498
10.67	-0.1678974674
10.68	-0.1673785807
10.69	-0.1667801544
10.7	-0.1661032826
10.71	-0.1653490885
10.72	-0.164518723
10.73	-0.1636133644
10.74	-0.162634217
10.75	-0.1615825105
10.76	-0.160459499
10.77	-0.1592664605
10.78	-0.1580046953
10.79	-0.156675526
10.8	-0.1552802957
10.81	-0.1538203679
10.82	-0.1522971251
10.83	-0.1507119682
10.84	-0.1490663153
10.85	-0.1473616014
10.86	-0.1455992765
10.87	-0.143780806
10.88	-0.1419076685
10.89	-0.1399813561
10.9	-0.1380033726
10.91	-0.1359752331
10.92	-0.1338984631
10.93	-0.1317745974
10.94	-0.1296051793
10.95	-0.12739176
10.96	-0.1251358974
10.97	-0.1228391554
10.98	-0.1205031031
10.99	-0.1181293137
11	-0.1157193641
11.01	-0.1132748335
11.02	-0.1107973032
11.03	-0.1082883553
11.04	-0.1057495719
11.05	-0.1031825349
11.06	-0.1005888243
11.07	-0.09797001807
11.08	-0.09532769126
11.09	-0.09266341503
11.1	-0.08997875604
11.11	-0.08727527569
11.12	-0.08455452937
11.13	-0.08181806572
11.14	-0.07906742594
11.15	-0.07630414305
11.16	-0.07352974122
11.17	-0.07074573508
11.18	-0.06795362907
11.19	-0.06515491674
11.2	-0.06235108011
11.21	-0.05954358908
11.22	-0.05673390074
11.23	-0.05392345882
11.24	-0.05111369305
11.25	-0.0483060186
11.26	-0.04550183549
11.27	-0.04270252806
11.28	-0.0399094644
11.29	-0.03712399582
11.3	-0.03434745634
11.31	-0.03158116221
11.32	-0.02882641137
11.33	-0.02608448303
11.34	-0.02335663715
11.35	-0.02064411407
11.36	-0.01794813399
11.37	-0.01526989662
11.38	-0.01261058076
11.39	-0.009971343894
11.4	-0.007353321829
11.41	-0.004757628337
11.42	-0.002185354807
11.43	0.0003624300831
11.44	0.00288468068
11.45	0.005380374659
11.46	0.007848513304
11.47	0.01028812178
11.48	0.0126982494
11.49	0.01507796984
11.5	0.01742638139
11.51	0.01974260716
11.52	0.02202579526
11.53	0.024275119
11.54	0.02648977706
11.55	0.02866899364
11.56	0.03081201857
11.57	0.03291812748
11.58	0.03498662189
11.59	0.0370168293
11.6	0.03900810327
11.61	0.04095982351
11.62	0.0428713959
11.63	0.04474225256
11.64	0.04657185186
11.65	0.04835967845
11.66	0.05010524323
11.67	0.05180808336
11.68	0.05346776224
11.69	0.05508386942
11.7	0.05665602063
11.71	0.05818385764
11.72	0.0596670482
11.73	0.06110528599
11.74	0.06249829047
11.75	0.06384580677
11.76	0.0651476056
11.77	0.06640348308
11.78	0.06761326057
11.79	0.06877678458
11.8	0.06989392653
11.81	0.07096458259
11.82	0.07198867349
11.83	0.07296614432
11.84	0.0738969643
11.85	0.07478112657
11.86	0.07561864795
11.87	0.07640956869
11.88	0.07715395222
11.89	0.07785188491
11.9	0.07850347575
11.91	0.0791088561
11.92	0.07966817943
11.93	0.08018162094
11.94	0.08064937736
11.95	0.08107166653
11.96	0.08144872717
11.97	0.08178081849
11.98	0.08206821989
11.99	0.08231123061
12	0.08251016935
12.01	0.08266537397
12.02	0.08277720108
12.03	0.08284602572
12.04	0.08287224093
12.05	0.08285625742
12.06	0.08279850316
12.07	0.08269942301
12.08	0.08255947829
12.09	0.08237914645
12.1	0.0821589206
12.11	0.08189930913
12.12	0.08160083533
12.13	0.08126403691
12.14	0.08088946565
12.15	0.08047768696
12.16	0.08002927943
12.17	0.07954483445
12.18	0.07902495575
12.19	0.07847025899
12.2	0.07788137132
12.21	0.07725893095
12.22	0.07660358674
12.23	0.07591599772
12.24	0.07519683268
12.25	0.07444676976
12.26	0.07366649595
12.27	0.07285670674
12.28	0.07201810559
12.29	0.07115140357
12.3	0.07025731889
12.31	0.06933657646
12.32	0.06838990749
12.33	0.067418049
12.34	0.06642174345
12.35	0.06540173828
12.36	0.06435878548
12.37	0.06329364118
12.38	0.06220706521
12.39	0.06109982068
12.4	0.05997267357
12.41	0.05882639232
12.42	0.05766174739
12.43	0.05647951088
12.44	0.05528045611
12.45	0.0540653572
12.46	0.05283498871
12.47	0.0515901252
12.48	0.05033154088
12.49	0.04906000917
12.5	0.04777630237
12.51	0.04648119125
12.52	0.04517544468
12.53	0.04385982927
12.54	0.04253510898
12.55	0.04120204479
12.56	0.03986139433
12.57	0.03851391153
12.58	0.03716034626
12.59	0.03580144403
12.6	0.03443794561
12.61	0.03307058676
12.62	0.03170009783
12.63	0.03032720351
12.64	0.0289526225
12.65	0.02757706719
12.66	0.02620124339
12.67	0.02482585
12.68	0.02345157877
12.69	0.02207911399
12.7	0.02070913222
12.71	0.01934230206
12.72	0.01797928381
12.73	0.01662072933
12.74	0.01526728169
12.75	0.01391957501
12.76	0.01257823416
12.77	0.01124387461
12.78	0.009917102146
12.79	0.00859851269
12.8	0.007288692103
12.81	0.005988215972
12.82	0.004697649431
12.83	0.003417546974
12.84	0.002148452285
12.85	0.0008908980644
12.86	-0.0003545941256
12.87	-0.001587514017
12.88	-0.002807362782
12.89	-0.00401365317
12.9	-0.005205909641
12.91	-0.006383668488
12.92	-0.007546477953
12.93	-0.008693898341
12.94	-0.009825502119
12.95	-0.01094087401
12.96	-0.01203961109
12.97	-0.01312132285
12.98	-0.01418563129
12.99	-0.01523217098
13	-0.01626058912
13.01	-0.01727054559
13.02	-0.01826171297
13.03	-0.01923377666
13.04	-0.02018643481
13.05	-0.02111939842
13.06	-0.02203239131
13.07	-0.02292515018
13.08	-0.02379742458
13.09	-0.0246489769
13.1	-0.02547958241
13.11	-0.0262890292
13.12	-0.02707711817
13.13	-0.02784366303
13.14	-0.02858849023
13.15	-0.02931143893
13.16	-0.03001236099
13.17	-0.03069112087
13.18	-0.03134759559
13.19	-0.03198167468
13.2	-0.03259326011
13.21	-0.03318226619
13.22	-0.03374861953
13.23	-0.03429225891
13.24	-0.03481313524
13.25	-0.03531121142
13.26	-0.03578646225
13.27	-0.03623887436
13.28	-0.03666844604
13.29	-0.03707518718
13.3	-0.03745911911
13.31	-0.0378202745
13.32	-0.0381586972
13.33	-0.03847444217
13.34	-0.03876757524
13.35	-0.03903817309
13.36	-0.039286323
13.37	-0.03951212275
13.38	-0.03971568047
13.39	-0.03989711445
13.4	-0.04005655302
13.41	-0.04019413434
13.42	-0.04031000628
13.43	-0.04040432622
13.44	-0.04047726086
13.45	-0.04052898608
13.46	-0.04055968676
13.47	-0.04056955654
13.48	-0.04055879771
13.49	-0.04052762096
13.5	-0.04047624524
13.51	-0.04040489753
13.52	-0.04031381265
13.53	-0.0402032331
13.54	-0.0400734088
13.55	-0.03992459695
13.56	-0.03975706177
13.57	-0.03957107435
13.58	-0.03936691242
13.59	-0.03914486012
13.6	-0.03890520785
13.61	-0.03864825199
13.62	-0.03837429477
13.63	-0.03808364398
13.64	-0.03777661281
13.65	-0.03745351962
13.66	-0.03711468775
13.67	-0.03676044524
13.68	-0.03639112472
13.69	-0.0360070631
13.7	-0.03560860143
13.71	-0.03519608461
13.72	-0.03476986127
13.73	-0.03433028347
13.74	-0.03387770655
13.75	-0.03341248888
13.76	-0.03293499165
13.77	-0.0324455787
13.78	-0.03194461626
13.79	-0.03143247276
13.8	-0.03090951862
13.81	-0.03037612607
13.82	-0.02983266887
13.83	-0.02927952221
13.84	-0.02871706242
13.85	-0.02814566679
13.86	-0.0275657134
13.87	-0.02697758089
13.88	-0.02638164827
13.89	-0.02577829472
13.9	-0.02516789942
13.91	-0.02455084132
13.92	-0.02392749898
13.93	-0.02329825039
13.94	-0.02266347274
13.95	-0.02202354227
13.96	-0.02137883411
13.97	-0.02072972205
13.98	-0.02007657838
13.99	-0.01941977376
14	-0.01875967699
14.01	-0.01809665487
14.02	-0.01743107204
14.03	-0.0167632908
14.04	-0.01609367094
14.05	-0.01542256965
14.06	-0.01475034125
14.07	-0.01407733717
14.08	-0.01340390569
14.09	-0.01273039185
14.1	-0.01205713732
14.11	-0.01138448021
14.12	-0.01071275499
14.13	-0.0100422923
14.14	-0.009373418878
14.15	-0.008706457399
14.16	-0.008041726354
14.17	-0.007379539942
14.18	-0.006720207944
14.19	-0.006064035617
14.2	-0.005411323582
14.21	-0.004762367714
14.22	-0.004117459048
14.23	-0.003476883671
14.24	-0.002840922632
14.25	-0.00220985185
14.26	-0.001583942021
14.27	-0.0009634585379
14.28	-0.0003486614062
14.29	0.0002601948336
14.3	0.0008628611798
14.31	0.001459094241
14.32	0.002048656303
14.33	0.002631315392
14.34	0.003206845337
14.35	0.003775025825
14.36	0.004335642453
14.37	0.004888486782
14.38	0.005433356376
14.39	0.005970054852
14.4	0.006498391916
14.41	0.007018183397
14.42	0.007529251282
14.43	0.008031423746
14.44	0.008524535171
14.45	0.009008426175
14.46	0.009482943628
14.47	0.009947940667
14.48	0.01040327671
14.49	0.01084881745
14.5	0.0112844349
14.51	0.01171000734
14.52	0.01212541936
14.53	0.01253056184
14.54	0.01292533194
14.55	0.01330963308
14.56	0.01368337497
14.57	0.01404647352
14.58	0.0143988509
14.59	0.01474043547
14.6	0.01507116175
14.61	0.01539097041
14.62	0.01569980826
14.63	0.01599762815
14.64	0.01628438902
14.65	0.01656005578
14.66	0.01682459932
14.67	0.01707799644
14.68	0.01732022981
14.69	0.01755128795
14.7	0.01777116511
14.71	0.01797986127
14.72	0.01817738208
14.73	0.01836373878
14.74	0.01853894815
14.75	0.01870303243
14.76	0.01885601929
14.77	0.01899794174
14.78	0.01912883803
14.79	0.01924875165
14.8	0.0193577312
14.81	0.0194558303
14.82	0.0195431076
14.83	0.01961962659
14.84	0.0196854556
14.85	0.01974066769
14.86	0.01978534056
14.87	0.01981955646
14.88	0.01984340213
14.89	0.01985696868
14.9	0.01986035154
14.91	0.01985365032
14.92	0.01983696874
14.93	0.01981041456
14.94	0.01977409945
14.95	0.0197281389
14.96	0.01967265216
14.97	0.01960776208
14.98	0.01953359507
14.99	0.01945028097
15	0.01935795296
15.01	0.01925674744
15.02	0.01914680397
15.03	0.01902826513
15.04	0.01890127643
15.05	0.01876598621
15.06	0.01862254554
15.07	0.0184711081
15.08	0.01831183011
15.09	0.01814487016
15.1	0.01797038921
15.11	0.01778855037
15.12	0.01759951888
15.13	0.01740346197
15.14	0.01720054875
15.15	0.01699095014
15.16	0.01677483873
15.17	0.01655238867
15.18	0.01632377562
15.19	0.01608917658
15.2	0.01584876984
15.21	0.01560273485
15.22	0.01535125211
15.23	0.01509450309
15.24	0.01483267013
15.25	0.0145659363
15.26	0.01429448537
15.27	0.01401850163
15.28	0.01373816984
15.29	0.01345367514
15.3	0.01316520291
15.31	0.01287293872
15.32	0.0125770682
15.33	0.01227777696
15.34	0.01197525049
15.35	0.01166967407
15.36	0.0113612327
15.37	0.01105011097
15.38	0.010736493
15.39	0.01042056232
15.4	0.01010250184
15.41	0.009782493686
15.42	0.009460719196
15.43	0.009137358775
15.44	0.008812591842
15.45	0.008486596741
15.46	0.008159550665
15.47	0.007831629574
15.48	0.00750300812
15.49	0.007173859573
15.5	0.006844355744
15.51	0.006514666915
15.52	0.006184961769
15.53	0.005855407315
15.54	0.005526168827
15.55	0.005197409774
15.56	0.004869291755
15.57	0.004541974437
15.58	0.004215615494
15.59	0.003890370546
15.6	0.003566393099
15.61	0.003243834492
15.62	0.00292284384
15.63	0.002603567979
15.64	0.002286151419
15.65	0.001970736289
15.66	0.001657462292
15.67	0.001346466657
15.68	0.001037884094
15.69	0.0007318467537
15.7	0.0004284841811
15.71	0.0001279232802
15.72	-0.000169711726
15.73	-0.000464299331
15.74	-0.0007557207796
15.75	-0.0010438601
15.76	-0.001328604137
15.77	-0.001609842576
15.78	-0.001887467979
15.79	-0.0021613758
15.8	-0.002431464419
15.81	-0.002697635158
15.82	-0.002959792303
15.83	-0.003217843125
15.84	-0.003471697894
15.85	-0.003721269897
15.86	-0.003966475451
15.87	-0.004207233916
15.88	-0.004443467705
15.89	-0.004675102291
15.9	-0.004902066218
15.91	-0.005124291102
15.92	-0.005341711642
15.93	-0.005554265613
15.94	-0.005761893875
15.95	-0.005964540369
15.96	-0.006162152114
15.97	-0.006354679203
15.98	-0.006542074802
15.99	-0.006724295137
16	-0.006901299488
16.01	-0.007073050183
16.02	-0.00723951258
16.03	-0.007400655061
16.04	-0.007556449012
16.05	-0.007706868811
16.06	-0.007851891812
16.07	-0.007991498325
16.08	-0.008125671595
16.09	-0.008254397786
16.1	-0.008377665954
16.11	-0.008495468027
16.12	-0.008607798779
16.13	-0.008714655806
16.14	-0.008816039497
16.15	-0.008911953005
16.16	-0.009002402224
16.17	-0.009087395751
16.18	-0.009166944861
16.19	-0.009241063469
16.2	-0.009309768102
16.21	-0.009373077862
16.22	-0.009431014391
16.23	-0.009483601834
16.24	-0.009530866802
16.25	-0.009572838338
16.26	-0.009609547872
16.27	-0.009641029184
16.28	-0.009667318364
16.29	-0.009688453773
16.3	-0.009704475994
16.31	-0.009715427797
16.32	-0.009721354091
16.33	-0.009722301882
16.34	-0.009718320227
16.35	-0.00970946019
16.36	-0.009695774795
16.37	-0.00967731898
16.38	-0.009654149553
16.39	-0.009626325139
16.4	-0.009593906136
16.41	-0.009556954668
16.42	-0.009515534533
16.43	-0.009469711155
16.44	-0.009419551537
16.45	-0.009365124208
16.46	-0.009306499176
16.47	-0.009243747877
16.48	-0.009176943122
16.49	-0.009106159053
16.5	-0.009031471082
16.51	-0.008952955853
16.52	-0.008870691179
16.53	-0.008784755998
16.54	-0.008695230321
16.55	-0.008602195178
16.56	-0.00850573257
16.57	-0.008405925416
16.58	-0.008302857503
16.59	-0.008196613433
16.6	-0.008087278577
16.61	-0.007974939016
16.62	-0.007859681498
16.63	-0.007741593383
16.64	-0.007620762597
16.65	-0.007497277575
16.66	-0.007371227218
16.67	-0.00724270084
16.68	-0.007111788119
16.69	-0.006978579048
16.7	-0.006843163888
16.71	-0.006705633116
16.72	-0.006566077383
16.73	-0.006424587459
16.74	-0.006281254191
16.75	-0.006136168456
16.76	-0.005989421112
16.77	-0.005841102954
16.78	-0.00569130467
16.79	-0.005540116793
16.8	-0.005387629659
16.81	-0.005233933363
16.82	-0.005079117715
16.83	-0.004923272197
16.84	-0.004766485924
16.85	-0.004608847598
16.86	-0.004450445472
16.87	-0.004291367305
16.88	-0.004131700325
16.89	-0.003971531193
16.9	-0.003810945959
16.91	-0.003650030029
16.92	-0.003488868124
16.93	-0.003327544249
16.94	-0.003166141654
16.95	-0.003004742802
16.96	-0.002843429331
16.97	-0.002682282026
16.98	-0.002521380782
16.99	-0.002360804576
17	-0.002200631434
17.01	-0.002040938402
17.02	-0.001881801516
17.03	-0.001723295774
17.04	-0.001565495109
17.05	-0.001408472361
17.06	-0.001252299251
17.07	-0.001097046358
17.08	-0.000942783092
17.09	-0.0007895776712
17.1	-0.0006374971005
17.11	-0.0004866071483
17.12	-0.0003369723266
17.13	-0.0001886558698
17.14	-4.171971618e-05
17.15	0.0001037755107
17.16	0.0002477705198
17.17	0.0003902073692
17.18	0.0005310294821
17.19	0.0006701816616
17.2	0.0008076101053
17.21	0.0009432624184
17.22	0.001077087626
17.23	0.001209036186
17.24	0.001339059997
17.25	0.001467112412
17.26	0.001593148246
17.27	0.001717123782
17.28	0.001838996782
17.29	0.001958726493
17.3	0.002076273651
17.31	0.002191600488
17.32	0.002304670734
17.33	0.002415449623
17.34	0.002523903894
17.35	0.002630001795
17.36	0.002733713079
17.37	0.00283500901
17.38	0.002933862361
17.39	0.00303024741
17.4	0.003124139942
17.41	0.003215517241
17.42	0.003304358095
17.43	0.003390642781
17.44	0.003474353071
17.45	0.003555472216
17.46	0.00363398495
17.47	0.003709877474
17.48	0.003783137455
17.49	0.003853754013
17.5	0.003921717714
17.51	0.003987020562
17.52	0.004049655986
17.53	0.00410961883
17.54	0.004166905343
17.55	0.004221513163
17.56	0.004273441311
17.57	0.00432269017
17.58	0.004369261479
17.59	0.00441315831
17.6	0.004454385061
17.61	0.004492947437
17.62	0.004528852435
17.63	0.004562108326
17.64	0.004592724639
17.65	0.004620712146
17.66	0.004646082839
17.67	0.004668849919
17.68	0.00468902777
17.69	0.004706631943
17.7	0.00472167914
17.71	0.004734187187
17.72	0.00474417502
17.73	0.004751662661
17.74	0.004756671198
17.75	0.004759222764
17.76	0.004759340515
17.77	0.004757048609
17.78	0.004752372181
17.79	0.004745337325
17.8	0.004735971067
17.81	0.004724301345
17.82	0.004710356985
17.83	0.004694167675
17.84	0.004675763947
17.85	0.004655177148
17.86	0.004632439416
17.87	0.004607583662
17.88	0.004580643538
17.89	0.004551653417
17.9	0.004520648368
17.91	0.004487664129
17.92	0.004452737086
17.93	0.004415904245
17.94	0.004377203208
17.95	0.004336672149
17.96	0.004294349789
17.97	0.004250275367
17.98	0.004204488622
17.99	0.004157029763
18	0.004107939442
18.01	0.004057258737
18.02	0.00400502912
18.03	0.003951292432
18.04	0.003896090864
18.05	0.003839466926
18.06	0.003781463425
18.07	0.003722123443
18.08	0.003661490305
18.09	0.003599607563
18.1	0.003536518967
18.11	0.003472268442
18.12	0.003406900063
18.13	0.003340458032
18.14	0.003272986657
18.15	0.003204530323
18.16	0.003135133474
18.17	0.003064840586
18.18	0.002993696148
18.19	0.002921744636
18.2	0.00284903049
18.21	0.002775598098
18.22	0.002701491765
18.23	0.002626755701
18.24	0.002551433992
18.25	0.002475570581
18.26	0.00239920925
18.27	0.002322393596
18.28	0.002245167013
18.29	0.00216757267
18.3	0.002089653493
18.31	0.002011452147
18.32	0.001933011012
18.33	0.001854372171
18.34	0.001775577386
18.35	0.001696668083
18.36	0.001617685334
18.37	0.001538669839
18.38	0.001459661911
18.39	0.001380701457
18.4	0.001301827961
18.41	0.001223080474
18.42	0.001144497592
18.43	0.001066117445
18.44	0.0009879776797
18.45	0.0009101154473
18.46	0.000832567389
18.47	0.0007553696222
18.48	0.0006785577278
18.49	0.0006021667373
18.5	0.0005262311206
18.51	0.0004507847743
18.52	0.0003758610099
18.53	0.0003014925433
18.54	0.0002277114836
18.55	0.0001545493233
18.56	8.203692822e-05
18.57	1.020452839e-05
18.58	-6.091829117e-05
18.59	-0.0001313025989
18.6	-0.0002009201247
18.61	-0.0002697432681
18.62	-0.0003377451049
18.63	-0.0004048993947
18.64	-0.0004711805869
18.65	-0.0005365638272
18.66	-0.0006010249628
18.67	-0.0006645405479
18.68	-0.0007270878487
18.69	-0.0007886448472
18.7	-0.0008491902461
18.71	-0.0009087034716
18.72	-0.000967164677
18.73	-0.001024554746
18.74	-0.001080855293
18.75	-0.001136048669
18.76	-0.001190117959
18.77	-0.001243046985
18.78	-0.00129482031
18.79	-0.001345423232
18.8	-0.001394841788
18.81	-0.001443062756
18.82	-0.001490073648
18.83	-0.001535862716
18.84	-0.001580418945
18.85	-0.001623732053
18.86	-0.001665792492
18.87	-0.001706591441
18.88	-0.001746120804
18.89	-0.001784373212
18.9	-0.001821342012
18.91	-0.001857021267
18.92	-0.001891405754
18.93	-0.001924490955
18.94	-0.001956273055
18.95	-0.001986748938
18.96	-0.002015916176
18.97	-0.002043773033
18.98	-0.002070318448
18.99	-0.002095552038
19	-0.002119474085
19.01	-0.002142085535
19.02	-0.002163387985
19.03	-0.00218338368
19.04	-0.002202075503
19.05	-0.002219466969
19.06	-0.002235562215
19.07	-0.002250365995
19.08	-0.002263883666
19.09	-0.002276121186
19.1	-0.002287085099
19.11	-0.002296782529
19.12	-0.002305221171
19.13	-0.002312409279
19.14	-0.002318355659
19.15	-0.002323069658
19.16	-0.002326561151
19.17	-0.002328840536
19.18	-0.002329918721
19.19	-0.002329807111
19.2	-0.002328517603
19.21	-0.002326062568
19.22	-0.002322454847
19.23	-0.002317707734
19.24	-0.002311834969
19.25	-0.002304850725
19.26	-0.002296769595
19.27	-0.002287606582
19.28	-0.00227737709
19.29	-0.002266096905
19.3	-0.002253782192
19.31	-0.002240449475
19.32	-0.002226115631
19.33	-0.002210797875
19.34	-0.002194513749
19.35	-0.00217728111
19.36	-0.002159118114
19.37	-0.002140043213
19.38	-0.00212007513
19.39	-0.00209923286
19.4	-0.002077535648
19.41	-0.00205500298
19.42	-0.002031654572
19.43	-0.002007510356
19.44	-0.00198259047
19.45	-0.001956915242
19.46	-0.001930505181
19.47	-0.001903380963
19.48	-0.001875563421
19.49	-0.001847073531
19.5	-0.0018179324
19.51	-0.001788161255
19.52	-0.001757781431
19.53	-0.001726814357
19.54	-0.001695281549
19.55	-0.001663204593
19.56	-0.001630605135
19.57	-0.001597504873
19.58	-0.001563925538
19.59	-0.001529888892
19.6	-0.001495416709
19.61	-0.001460530768
19.62	-0.001425252839
19.63	-0.001389604676
19.64	-0.001353608002
19.65	-0.001317284501
19.66	-0.001280655808
19.67	-0.001243743494
19.68	-0.001206569062
19.69	-0.001169153932
19.7	-0.001131519433
19.71	-0.001093686793
19.72	-0.001055677129
19.73	-0.001017511437
19.74	-0.0009792105836
19.75	-0.0009407952962
19.76	-0.0009022861535
19.77	-0.0008637035772
19.78	-0.0008250678228
19.79	-0.0007863989712
19.8	-0.0007477169203
19.81	-0.0007090413767
19.82	-0.0006703918476
19.83	-0.0006317876328
19.84	-0.0005932478174
19.85	-0.0005547912638
19.86	-0.0005164366046
19.87	-0.0004782022355
19.88	-0.0004401063084
19.89	-0.0004021667243
19.9	-0.000364401127
19.91	-0.0003268268968
19.92	-0.0002894611443
19.93	-0.000252320704
19.94	-0.0002154221293
19.95	-0.0001787816861
19.96	-0.0001424153482
19.97	-0.0001063387914
19.98	-7.056738917e-05
19.99	-3.511620737e-05
20	-2.724345055e-18
20.01	3.476679527e-05
20.02	6.917006125e-05
20.03	0.0001031960052
20.04	0.0001368311625
20.05	0.0001700624004
20.06	0.0002028769211
20.07	0.0002352622651
20.08	0.0002672063139
20.09	0.0002986972932
20.1	0.0003297237749
20.11	0.0003602746797
20.12	0.0003903392793
20.13	0.0004199071981
20.14	0.0004489684153
20.15	0.000477513266
20.16	0.0005055324429
20.17	0.0005330169974
20.18	0.0005599583402
20.19	0.0005863482428
20.2	0.0006121788373
20.21	0.0006374426171
20.22	0.0006621324374
20.23	0.0006862415147
20.24	0.000709763427
20.25	0.0007326921134
20.26	0.0007550218733
20.27	0.0007767473662
20.28	0.0007978636102
20.29	0.0008183659816
20.3	0.0008382502131
20.31	0.0008575123928
20.32	0.0008761489626
20.33	0.0008941567163
20.34	0.0009115327977
20.35	0.0009282746989
20.36	0.0009443802577
20.37	0.0009598476556
20.38	0.000974675415
20.39	0.0009888623968
20.4	0.001002407797
20.41	0.001015311146
20.42	0.001027572301
20.43	0.001039191448
20.44	0.001050169096
20.45	0.00106050607
20.46	0.001070203517
20.47	0.00107926289
20.48	0.001087685956
20.49	0.001095474782
20.5	0.001102631738
20.51	0.001109159489
20.52	0.001115060993
20.53	0.001120339494
20.54	0.00112499852
20.55	0.001129041878
20.56	0.001132473646
20.57	0.001135298175
20.58	0.001137520076
20.59	0.001139144222
20.6	0.001140175738
20.61	0.001140619999
20.62	0.001140482624
20.63	0.001139769469
20.64	0.001138486624
20.65	0.001136640408
20.66	0.00113423736
20.67	0.001131284237
20.68	0.001127788006
20.69	0.001123755841
20.7	0.001119195114
20.71	0.001114113394
20.72	0.001108518436
20.73	0.001102418178
20.74	0.001095820734
20.75	0.001088734392
20.76	0.0010811676
20.77	0.001073128969
20.78	0.001064627263
20.79	0.00105567139
20.8	0.001046270402
20.81	0.001036433486
20.82	0.001026169957
20.83	0.001015489254
20.84	0.001004400932
20.85	0.0009929146596
20.86	0.0009810402084
20.87	0.00096878745
20.88	0.0009561663493
20.89	0.0009431869583
20.9	0.0009298594104
20.91	0.0009161939141
20.92	0.0009022007477
20.93	0.0008878902528
20.94	0.0008732728289
20.95	0.0008583589269
20.96	0.0008431590444
20.97	0.0008276837187
20.98	0.000811943522
20.99	0.0007959490551
21	0.0007797109421
21.01	0.0007632398248
21.02	0.0007465463568
21.03	0.0007296411985
21.04	0.000712535011
21.05	0.0006952384513
21.06	0.0006777621666
21.07	0.0006601167893
21.08	0.0006423129313
21.09	0.0006243611792
21.1	0.0006062720892
21.11	0.0005880561819
21.12	0.0005697239374
21.13	0.0005512857904
21.14	0.0005327521253
21.15	0.0005141332717
21.16	0.0004954394992
21.17	0.0004766810134
21.18	0.0004578679511
21.19	0.0004390103757
21.2	0.0004201182731
21.21	0.0004012015473
21.22	0.0003822700162
21.23	0.0003633334075
21.24	0.0003444013547
21.25	0.000325483393
21.26	0.0003065889559
21.27	0.0002877273708
21.28	0.0002689078559
21.29	0.0002501395162
21.3	0.0002314313404
21.31	0.0002127921972
21.32	0.000194230832
21.33	0.0001757558641
21.34	0.0001573757832
21.35	0.0001390989464
21.36	0.0001209335755
21.37	0.0001028877541
21.38	8.496942479e-05
21.39	6.718638667e-05
21.4	4.954629275e-05
21.41	3.205664757e-05
21.42	1.472480486e-05
21.43	-2.442034691e-06
21.44	-1.943682553e-05
21.45	-3.625267928e-05
21.46	-5.288286666e-05
21.47	-6.932081929e-05
21.48	-8.556013145e-05
21.49	-0.0001015945617
21.5	-0.0001174180342
21.51	-0.0001330246407
21.52	-0.0001484086411
21.53	-0.0001635644652
21.54	-0.0001784867139
21.55	-0.0001931701596
21.56	-0.000207609748
21.57	-0.0002218005983
21.58	-0.000235738004
21.59	-0.0002494174339
21.6	-0.0002628345324
21.61	-0.0002759851199
21.62	-0.0002888651933
21.63	-0.0003014709264
21.64	-0.0003137986695
21.65	-0.0003258449503
21.66	-0.0003376064733
21.67	-0.0003490801198
21.68	-0.0003602629481
21.69	-0.0003711521927
21.7	-0.0003817452642
21.71	-0.000392039749
21.72	-0.0004020334084
21.73	-0.0004117241784
21.74	-0.0004211101687
21.75	-0.0004301896621
21.76	-0.0004389611137
21.77	-0.0004474231495
21.78	-0.0004555745662
21.79	-0.0004634143293
21.8	-0.0004709415725
21.81	-0.0004781555963
21.82	-0.0004850558665
21.83	-0.0004916420131
21.84	-0.0004979138288
21.85	-0.0005038712674
21.86	-0.000509514442
21.87	-0.000514843624
21.88	-0.0005198592408
21.89	-0.0005245618743
21.9	-0.0005289522588
21.91	-0.0005330312796
21.92	-0.0005367999705
21.93	-0.0005402595122
21.94	-0.0005434112301
21.95	-0.0005462565922
21.96	-0.0005487972068
21.97	-0.0005510348205
21.98	-0.000552971316
21.99	-0.0005546087093
22	-0.0005559491479
22.01	-0.0005569949084
22.02	-0.0005577483936
22.03	-0.0005582121304
22.04	-0.0005583887671
22.05	-0.000558281071
22.06	-0.0005578919259
22.07	-0.0005572243291
22.08	-0.000556281389
22.09	-0.0005550663226
22.1	-0.0005535824525
22.11	-0.0005518332042
22.12	-0.0005498221035
22.13	-0.0005475527736
22.14	-0.0005450289323
22.15	-0.0005422543893
22.16	-0.0005392330432
22.17	-0.0005359688786
22.18	-0.0005324659634
22.19	-0.000528728446
22.2	-0.0005247605521
22.21	-0.000520566582
22.22	-0.0005161509074
22.23	-0.000511517969
22.24	-0.0005066722731
22.25	-0.0005016183889
22.26	-0.0004963609453
22.27	-0.0004909046285
22.28	-0.0004852541784
22.29	-0.0004794143862
22.3	-0.000473390091
22.31	-0.0004671861773
22.32	-0.0004608075719
22.33	-0.0004542592409
22.34	-0.0004475461869
22.35	-0.0004406734462
22.36	-0.0004336460855
22.37	-0.0004264691997
22.38	-0.0004191479083
22.39	-0.0004116873534
22.4	-0.0004040926959
22.41	-0.0003963691136
22.42	-0.0003885217978
22.43	-0.0003805559508
22.44	-0.0003724767833
22.45	-0.0003642895113
22.46	-0.0003559993536
22.47	-0.0003476115293
22.48	-0.0003391312548
22.49	-0.0003305637415
22.5	-0.0003219141932
22.51	-0.0003131878031
22.52	-0.0003043897519
22.53	-0.000295525205
22.54	-0.0002865993099
22.55	-0.0002776171941
22.56	-0.0002685839623
22.57	-0.0002595046946
22.58	-0.0002503844436
22.59	-0.0002412282324
22.6	-0.0002320410523
22.61	-0.0002228278608
22.62	-0.000213593579
22.63	-0.0002043430899
22.64	-0.0001950812359
22.65	-0.0001858128171
22.66	-0.0001765425893
22.67	-0.0001672752615
22.68	-0.0001580154948
22.69	-0.0001487678998
22.7	-0.0001395370353
22.71	-0.0001303274061
22.72	-0.0001211434614
22.73	-0.0001119895933
22.74	-0.0001028701349
22.75	-9.378935866e-05
22.76	-8.475147514e-05
22.77	-7.57606312e-05
22.78	-6.682090864e-05
22.79	-5.793632278e-05
22.8	-4.911082108e-05
22.81	-4.034828184e-05
22.82	-3.165251289e-05
22.83	-2.302725038e-05
22.84	-1.447615763e-05
22.85	-6.002823939e-06
22.86	2.389236424e-06
22.87	1.069658531e-05
22.88	1.891586163e-05
22.89	2.704378233e-05
22.9	3.507714324e-05
22.91	4.301281993e-05
22.92	5.084776848e-05
22.93	5.857902624e-05
22.94	6.620371252e-05
22.95	7.371902921e-05
22.96	8.112226139e-05
22.97	8.84107779e-05
22.98	9.558203178e-05
22.99	0.0001026335608
23	0.0001095629877
23.01	0.0001163680208
23.02	0.0001230464541
23.03	0.0001295961677
23.04	0.0001360151279
23.05	0.0001423013872
23.06	0.0001484530849
23.07	0.0001544684469
23.08	0.0001603457855
23.09	0.0001660834999
23.1	0.0001716800758
23.11	0.0001771340854
23.12	0.0001824441871
23.13	0.0001876091258
23.14	0.0001926277319
23.15	0.000197498922
23.16	0.0002022216977
23.17	0.0002067951457
23.18	0.0002112184376
23.19	0.0002154908289
23.2	0.0002196116591
23.21	0.0002235803509
23.22	0.0002273964097
23.23	0.000231059423
23.24	0.0002345690601
23.25	0.000237925071
23.26	0.0002411272859
23.27	0.0002441756147
23.28	0.000247070046
23.29	0.0002498106462
23.3	0.0002523975592
23.31	0.0002548310051
23.32	0.0002571112793
23.33	0.0002592387521
23.34	0.0002612138673
23.35	0.0002630371412
23.36	0.0002647091622
23.37	0.0002662305889
23.38	0.00026760215
23.39	0.0002688246426
23.4	0.0002698989312
23.41	0.0002708259469
23.42	0.0002716066859
23.43	0.0002722422086
23.44	0.0002727336383
23.45	0.0002730821602
23.46	0.0002732890197
23.47	0.0002733555217
23.48	0.0002732830293
23.49	0.000273072962
23.5	0.0002727267951
23.51	0.000272246058
23.52	0.000271632333
23.53	0.0002708872538
23.54	0.0002700125046
23.55	0.0002690098182
23.56	0.000267880975
23.57	0.0002666278017
23.58	0.0002652521694
23.59	0.0002637559928
23.6	0.0002621412284
23.61	0.0002604098735
23.62	0.0002585639643
23.63	0.0002566055747
23.64	0.0002545368149
23.65	0.0002523598302
23.66	0.0002500767989
23.67	0.0002476899317
23.68	0.0002452014696
23.69	0.0002426136828
23.7	0.0002399288691
23.71	0.0002371493527
23.72	0.0002342774824
23.73	0.0002313156305
23.74	0.0002282661912
23.75	0.0002251315792
23.76	0.0002219142282
23.77	0.0002186165897
23.78	0.0002152411313
23.79	0.0002117903355
23.8	0.0002082666983
23.81	0.0002046727275
23.82	0.0002010109417
23.83	0.0001972838688
23.84	0.0001934940446
23.85	0.0001896440111
23.86	0.0001857363159
23.87	0.0001817735102
23.88	0.0001777581478
23.89	0.0001736927836
23.9	0.0001695799724
23.91	0.0001654222676
23.92	0.00016122222
23.93	0.0001569823763
23.94	0.0001527052781
23.95	0.0001483934606
23.96	0.0001440494511
23.97	0.0001396757684
23.98	0.0001352749211
23.99	0.0001308494063
24	0.0001264017093
24.01	0.0001219343014
24.02	0.0001174496396
24.03	0.0001129501649
24.04	0.0001084383018
24.05	0.0001039164569
24.06	9.938701759e-05
24.07	9.485235174e-05
24.08	9.031480611e-05
24.09	8.577670558e-05
24.1	8.124035222e-05
24.11	7.670802428e-05
24.12	7.218197531e-05
24.13	6.766443325e-05
24.14	6.31575996e-05
24.15	5.86636485e-05
24.16	5.418472595e-05
24.17	4.9722949e-05
24.18	4.528040495e-05
24.19	4.085915059e-05
24.2	3.646121149e-05
24.21	3.208858125e-05
24.22	2.774322083e-05
24.23	2.342705789e-05
24.24	1.914198612e-05
24.25	1.488986464e-05
24.26	1.067251739e-05
24.27	6.491732564e-06
24.28	2.349262075e-06
24.29	-1.753178999e-06
24.3	-5.813912897e-06
24.31	-9.831299662e-06
24.32	-1.380373759e-05
24.33	-1.772966365e-05
24.34	-2.160755391e-05
24.35	-2.543592393e-05
24.36	-2.921332906e-05
24.37	-3.293836484e-05
24.38	-3.660966729e-05
24.39	-4.022591317e-05
24.4	-4.378582031e-05
24.41	-4.728814776e-05
24.42	-5.073169608e-05
24.43	-5.411530752e-05
24.44	-5.743786617e-05
24.45	-6.069829811e-05
24.46	-6.389557156e-05
24.47	-6.702869696e-05
24.48	-7.009672707e-05
24.49	-7.3098757e-05
24.5	-7.603392427e-05
24.51	-7.890140882e-05
24.52	-8.1700433e-05
24.53	-8.443026156e-05
24.54	-8.709020154e-05
24.55	-8.967960229e-05
24.56	-9.219785529e-05
24.57	-9.464439412e-05
24.58	-9.701869424e-05
24.59	-9.932027294e-05
24.6	-0.0001015486891
24.61	-0.0001037035429
24.62	-0.0001057844759
24.63	-0.0001077911706
24.64	-0.0001097233501
24.65	-0.0001115807781
24.66	-0.0001133632585
24.67	-0.0001150706348
24.68	-0.0001167027905
24.69	-0.000118259648
24.7	-0.0001197411686
24.71	-0.0001211473523
24.72	-0.000122478237
24.73	-0.0001237338986
24.74	-0.00012491445
24.75	-0.0001260200412
24.76	-0.0001270508586
24.77	-0.0001280071245
24.78	-0.0001288890968
24.79	-0.0001296970684
24.8	-0.0001304313668
24.81	-0.0001310923534
24.82	-0.0001316804232
24.83	-0.0001321960041
24.84	-0.0001326395565
24.85	-0.0001330115726
24.86	-0.000133312576
24.87	-0.000133543121
24.88	-0.0001337037918
24.89	-0.0001337952025
24.9	-0.0001338179961
24.91	-0.0001337728436
24.92	-0.000133660444
24.93	-0.0001334815233
24.94	-0.000133236834
24.95	-0.0001329271543
24.96	-0.0001325532876
24.97	-0.0001321160616
24.98	-0.0001316163283
24.99	-0.0001310549623
25	-0.000130432861
25.01	-0.0001297509436
25.02	-0.0001290101504
25.03	-0.0001282114419
25.04	-0.0001273557988
25.05	-0.0001264442205
25.06	-0.0001254777248
25.07	-0.0001244573474
25.08	-0.0001233841407
25.09	-0.0001222591735
25.1	-0.00012108353
25.11	-0.0001198583096
25.12	-0.0001185846254
25.13	-0.0001172636043
25.14	-0.0001158963859
25.15	-0.0001144841215
25.16	-0.0001130279743
25.17	-0.0001115291176
25.18	-0.0001099887349
25.19	-0.000108408019
25.2	-0.0001067881712
25.21	-0.0001051304004
25.22	-0.0001034359231
25.23	-0.0001017059618
25.24	-9.994174516e-05
25.25	-9.81445068e-05
25.26	-9.631548479e-05
25.27	-9.445592096e-05
25.28	-9.256706024e-05
25.29	-9.065015003e-05
25.3	-8.870643946e-05
25.31	-8.673717884e-05
25.32	-8.474361894e-05
25.33	-8.27270104e-05
25.34	-8.068860307e-05
25.35	-7.86296454e-05
25.36	-7.65513838e-05
25.37	-7.445506208e-05
25.38	-7.234192078e-05
25.39	-7.021319663e-05
25.4	-6.807012192e-05
25.41	-6.591392398e-05
25.42	-6.374582451e-05
25.43	-6.156703914e-05
25.44	-5.937877675e-05
25.45	-5.718223904e-05
25.46	-5.497861992e-05
25.47	-5.276910498e-05
25.48	-5.055487105e-05
25.49	-4.833708558e-05
25.5	-4.611690625e-05
25.51	-4.389548039e-05
25.52	-4.167394459e-05
25.53	-3.945342414e-05
25.54	-3.723503266e-05
25.55	-3.501987159e-05
25.56	-3.280902977e-05
25.57	-3.060358303e-05
25.58	-2.840459377e-05
25.59	-2.621311055e-05
25.6	-2.403016768e-05
25.61	-2.185678488e-05
25.62	-1.969396688e-05
25.63	-1.754270305e-05
25.64	-1.540396709e-05
25.65	-1.327871666e-05
25.66	-1.116789308e-05
25.67	-9.07242097e-06
25.68	-6.993208019e-06
25.69	-4.931144638e-06
25.7	-2.887103702e-06
25.71	-8.619402817e-07
25.72	1.143508615e-06
25.73	3.128424284e-06
25.74	5.092006559e-06
25.75	7.03347403e-06
25.76	8.952064256e-06
25.77	1.084703396e-05
25.78	1.27176592e-05
25.79	1.456323559e-05
25.8	1.638307839e-05
25.81	1.817652272e-05
25.82	1.994292367e-05
25.83	2.168165643e-05
25.84	2.33921164e-05
25.85	2.507371933e-05
25.86	2.672590136e-05
25.87	2.834811914e-05
25.88	2.993984989e-05
25.89	3.150059145e-05
25.9	3.302986236e-05
25.91	3.452720186e-05
25.92	3.599216993e-05
25.93	3.742434732e-05
25.94	3.882333554e-05
25.95	4.018875688e-05
25.96	4.152025434e-05
25.97	4.281749167e-05
25.98	4.408015328e-05
25.99	4.530794424e-05
26	4.650059018e-05
26.01	4.765783725e-05
26.02	4.877945207e-05
26.03	4.986522156e-05
26.04	5.091495294e-05
26.05	5.192847358e-05
26.06	5.290563087e-05
26.07	5.384629216e-05
26.08	5.475034454e-05
26.09	5.561769479e-05
26.1	5.644826917e-05
26.11	5.72420133e-05
26.12	5.799889195e-05
26.13	5.871888894e-05
26.14	5.940200687e-05
26.15	6.004826701e-05
26.16	6.065770905e-05
26.17	6.123039093e-05
26.18	6.176638862e-05
26.19	6.226579587e-05
26.2	6.272872405e-05
26.21	6.315530186e-05
26.22	6.354567511e-05
26.23	6.390000652e-05
26.24	6.421847537e-05
26.25	6.450127735e-05
26.26	6.474862424e-05
26.27	6.496074366e-05
26.28	6.513787876e-05
26.29	6.528028802e-05
26.3	6.53882449e-05
26.31	6.546203757e-05
26.32	6.550196863e-05
26.33	6.550835479e-05
26.34	6.548152661e-05
26.35	6.542182815e-05
26.36	6.532961668e-05
26.37	6.520526238e-05
26.38	6.504914801e-05
26.39	6.486166858e-05
26.4	6.464323106e-05
26.41	6.439425403e-05
26.42	6.411516735e-05
26.43	6.380641186e-05
26.44	6.346843901e-05
26.45	6.310171055e-05
26.46	6.27066982e-05
26.47	6.228388327e-05
26.48	6.183375637e-05
26.49	6.135681706e-05
26.5	6.085357348e-05
26.51	6.032454202e-05
26.52	5.977024701e-05
26.53	5.919122031e-05
26.54	5.858800105e-05
26.55	5.796113518e-05
26.56	5.731117524e-05
26.57	5.663867993e-05
26.58	5.594421379e-05
26.59	5.522834689e-05
26.6	5.449165442e-05
26.61	5.373471641e-05
26.62	5.295811736e-05
26.63	5.216244591e-05
26.64	5.134829447e-05
26.65	5.051625894e-05
26.66	4.966693831e-05
26.67	4.880093439e-05
26.68	4.791885141e-05
26.69	4.702129575e-05
26.7	4.610887558e-05
26.71	4.518220053e-05
26.72	4.42418814e-05
26.73	4.328852979e-05
26.74	4.232275783e-05
26.75	4.134517783e-05
26.76	4.035640201e-05
26.77	3.935704212e-05
26.78	3.834770922e-05
26.79	3.732901332e-05
26.8	3.63015631e-05
26.81	3.52659656e-05
26.82	3.422282597e-05
26.83	3.317274713e-05
26.84	3.211632953e-05
26.85	3.105417084e-05
26.86	2.998686571e-05
26.87	2.891500545e-05
26.88	2.783917781e-05
26.89	2.675996669e-05
26.9	2.567795189e-05
26.91	2.459370888e-05
26.92	2.35078085e-05
26.93	2.242081679e-05
26.94	2.133329466e-05
26.95	2.024579775e-05
26.96	1.915887613e-05
26.97	1.807307413e-05
26.98	1.698893008e-05
26.99	1.590697611e-05
27	1.482773797e-05
27.01	1.375173478e-05
27.02	1.267947888e-05
27.03	1.161147559e-05
27.04	1.054822307e-05
27.05	9.490212117e-06
27.06	8.437925982e-06
27.07	7.391840217e-06
27.08	6.352422506e-06
27.09	5.3201325e-06
27.1	4.295421675e-06
27.11	3.278733175e-06
27.12	2.270501677e-06
27.13	1.271153251e-06
27.14	2.811052364e-07
27.15	-6.992338908e-07
27.16	-1.66946463e-06
27.17	-2.629196572e-06
27.18	-3.578048505e-06
27.19	-4.515648516e-06
27.2	-5.441634086e-06
27.21	-6.355652182e-06
27.22	-7.257359338e-06
27.23	-8.14642174e-06
27.24	-9.022515288e-06
27.25	-9.885325675e-06
27.26	-1.073454844e-05
27.27	-1.156988903e-05
27.28	-1.239106285e-05
27.29	-1.31977953e-05
27.3	-1.398982182e-05
27.31	-1.476688793e-05
27.32	-1.552874926e-05
27.33	-1.627517154e-05
27.34	-1.700593067e-05
27.35	-1.77208127e-05
27.36	-1.841961383e-05
27.37	-1.910214045e-05
27.38	-1.976820909e-05
27.39	-2.041764644e-05
27.4	-2.105028934e-05
27.41	-2.166598475e-05
27.42	-2.226458971e-05
27.43	-2.284597135e-05
27.44	-2.341000685e-05
27.45	-2.395658335e-05
27.46	-2.448559799e-05
27.47	-2.49969578e-05
27.48	-2.549057966e-05
27.49	-2.596639029e-05
27.5	-2.64243261e-05
27.51	-2.686433323e-05
27.52	-2.72863674e-05
27.53	-2.769039386e-05
27.54	-2.807638735e-05
27.55	-2.844433195e-05
27.56	-2.879422106e-05
27.57	-2.912605726e-05
27.58	-2.943985227e-05
27.59	-2.973562679e-05
27.6	-3.001341045e-05
27.61	-3.02732417e-05
27.62	-3.051516768e-05
27.63	-3.07392441e-05
27.64	-3.09455352e-05
27.65	-3.113411354e-05
27.66	-3.130505992e-05
27.67	-3.14584633e-05
27.68	-3.159442059e-05
27.69	-3.171303658e-05
27.7	-3.181442379e-05
27.71	-3.189870235e-05
27.72	-3.196599984e-05
27.73	-3.201645117e-05
27.74	-3.205019843e-05
27.75	-3.206739074e-05
27.76	-3.206818414e-05
27.77	-3.20527414e-05
27.78	-3.202123188e-05
27.79	-3.197383139e-05
27.8	-3.191072204e-05
27.81	-3.183209207e-05
27.82	-3.173813571e-05
27.83	-3.1629053e-05
27.84	-3.150504966e-05
27.85	-3.136633689e-05
27.86	-3.121313126e-05
27.87	-3.104565451e-05
27.88	-3.086413338e-05
27.89	-3.066879948e-05
27.9	-3.04598891e-05
27.91	-3.023764305e-05
27.92	-3.000230649e-05
27.93	-2.975412875e-05
27.94	-2.949336322e-05
27.95	-2.92202671e-05
27.96	-2.893510127e-05
27.97	-2.863813016e-05
27.98	-2.83296215e-05
27.99	-2.800984621e-05
28	-2.767907824e-05
28.01	-2.733759433e-05
28.02	-2.698567394e-05
28.03	-2.662359898e-05
28.04	-2.625165374e-05
28.05	-2.587012465e-05
28.06	-2.547930014e-05
28.07	-2.507947048e-05
28.08	-2.467092761e-05
28.09	-2.425396498e-05
28.1	-2.382887736e-05
28.11	-2.339596073e-05
28.12	-2.295551205e-05
28.13	-2.250782917e-05
28.14	-2.205321062e-05
28.15	-2.159195547e-05
28.16	-2.112436318e-05
28.17	-2.065073343e-05
28.18	-2.017136598e-05
28.19	-1.96865605e-05
28.2	-1.919661644e-05
28.21	-1.870183287e-05
28.22	-1.820250833e-05
28.23	-1.76989407e-05
28.24	-1.719142701e-05
28.25	-1.668026337e-05
28.26	-1.616574477e-05
28.27	-1.564816496e-05
28.28	-1.512781634e-05
28.29	-1.460498977e-05
28.3	-1.407997448e-05
28.31	-1.355305796e-05
28.32	-1.302452575e-05
28.33	-1.249466141e-05
28.34	-1.196374632e-05
28.35	-1.143205962e-05
28.36	-1.089987804e-05
28.37	-1.036747583e-05
28.38	-9.835124594e-06
28.39	-9.303093236e-06
28.4	-8.771647804e-06
28.41	-8.241051411e-06
28.42	-7.711564118e-06
28.43	-7.18344284e-06
28.44	-6.656941242e-06
28.45	-6.132309647e-06
28.46	-5.60979494e-06
28.47	-5.089640479e-06
28.48	-4.572086006e-06
28.49	-4.057367561e-06
28.5	-3.5457174e-06
28.51	-3.037363917e-06
28.52	-2.532531564e-06
28.53	-2.031440777e-06
28.54	-1.534307908e-06
28.55	-1.041345149e-06
28.56	-5.527604743e-07
28.57	-6.875757143e-08
28.58	4.104642172e-07
28.59	8.84709952e-07
28.6	1.353789151e-06
28.61	1.817515844e-06
28.62	2.275708616e-06
28.63	2.728190661e-06
28.64	3.174789822e-06
28.65	3.615338629e-06
28.66	4.049674344e-06
28.67	4.477638991e-06
28.68	4.899079388e-06
28.69	5.313847182e-06
28.7	5.72179887e-06
28.71	6.122795829e-06
28.72	6.516704333e-06
28.73	6.903395574e-06
28.74	7.282745678e-06
28.75	7.654635718e-06
28.76	8.018951727e-06
28.77	8.375584705e-06
28.78	8.724430621e-06
28.79	9.065390426e-06
28.8	9.398370041e-06
28.81	9.723280365e-06
28.82	1.004003727e-05
28.83	1.034856158e-05
28.84	1.064877909e-05
28.85	1.094062051e-05
28.86	1.122402152e-05
28.87	1.149892268e-05
28.88	1.176526943e-05
28.89	1.202301213e-05
28.9	1.227210594e-05
28.91	1.251251087e-05
28.92	1.274419172e-05
28.93	1.296711806e-05
28.94	1.318126416e-05
28.95	1.338660904e-05
28.96	1.358313635e-05
28.97	1.377083437e-05
28.98	1.394969597e-05
28.99	1.411971856e-05
29	1.428090405e-05
29.01	1.44332588e-05
29.02	1.457679358e-05
29.03	1.471152351e-05
29.04	1.483746803e-05
29.05	1.49546508e-05
29.06	1.506309972e-05
29.07	1.51628468e-05
29.08	1.525392815e-05
29.09	1.533638391e-05
29.1	1.541025818e-05
29.11	1.547559895e-05
29.12	1.553245807e-05
29.13	1.558089116e-05
29.14	1.562095756e-05
29.15	1.565272023e-05
29.16	1.567624572e-05
29.17	1.56916041e-05
29.18	1.569886885e-05
29.19	1.569811683e-05
29.2	1.568942819e-05
29.21	1.56728863e-05
29.22	1.564857767e-05
29.23	1.561659187e-05
29.24	1.557702149e-05
29.25	1.552996203e-05
29.26	1.54755118e-05
29.27	1.541377191e-05
29.28	1.534484613e-05
29.29	1.526884084e-05
29.3	1.518586496e-05
29.31	1.509602982e-05
29.32	1.499944914e-05
29.33	1.489623891e-05
29.34	1.478651733e-05
29.35	1.467040472e-05
29.36	1.454802342e-05
29.37	1.441949774e-05
29.38	1.428495386e-05
29.39	1.414451975e-05
29.4	1.399832508e-05
29.41	1.384650116e-05
29.42	1.368918083e-05
29.43	1.352649838e-05
29.44	1.335858951e-05
29.45	1.318559118e-05
29.46	1.300764159e-05
29.47	1.282488005e-05
29.48	1.263744692e-05
29.49	1.244548355e-05
29.5	1.224913216e-05
29.51	1.204853576e-05
29.52	1.184383812e-05
29.53	1.163518362e-05
29.54	1.142271723e-05
29.55	1.12065844e-05
29.56	1.098693098e-05
29.57	1.076390316e-05
29.58	1.053764739e-05
29.59	1.030831027e-05
29.6	1.007603853e-05
29.61	9.840978905e-06
29.62	9.60327809e-06
29.63	9.363082655e-06
29.64	9.120538974e-06
29.65	8.875793153e-06
29.66	8.628990957e-06
29.67	8.380277744e-06
29.68	8.129798391e-06
29.69	7.877697228e-06
29.7	7.624117969e-06
29.71	7.369203645e-06
29.72	7.113096542e-06
29.73	6.855938133e-06
29.74	6.597869013e-06
29.75	6.339028843e-06
29.76	6.079556281e-06
29.77	5.819588926e-06
29.78	5.559263261e-06
29.79	5.298714588e-06
29.8	5.038076979e-06
29.81	4.777483216e-06
29.82	4.517064738e-06
29.83	4.256951585e-06
29.84	3.997272351e-06
29.85	3.738154131e-06
29.86	3.47972247e-06
29.87	3.222101318e-06
29.88	2.96541298e-06
29.89	2.709778073e-06
29.9	2.45531548e-06
29.91	2.202142309e-06
29.92	1.950373848e-06
29.93	1.70012353e-06
29.94	1.451502889e-06
29.95	1.204621525e-06
29.96	9.59587068e-07
29.97	7.165051406e-07
29.98	4.754793281e-07
29.99	2.366111441e-07
30	-1.050267867e-20
