temps	angle
0	0
0.01	0.8769402727
0.02	1.748203978
0.03	2.613397183
0.04	3.47213129
0.05	4.324023202
0.06	5.16869547
0.07	6.005776452
0.08	6.834900454
0.09	7.655707881
0.1	8.467845371
0.11	9.270965935
0.12	10.06472909
0.13	10.84880097
0.14	11.6228545
0.15	12.38656944
0.16	13.13963258
0.17	13.88173779
0.18	14.61258616
0.19	15.3318861
0.2	16.03935344
0.21	16.7347115
0.22	17.41769123
0.23	18.08803125
0.24	18.74547796
0.25	19.3897856
0.26	20.02071635
0.27	20.63804036
0.28	21.24153585
0.29	21.83098916
0.3	22.4061948
0.31	22.96695551
0.32	23.5130823
0.33	24.0443945
0.34	24.56071979
0.35	25.06189425
0.36	25.54776239
0.37	26.01817714
0.38	26.47299992
0.39	26.91210063
0.4	27.33535767
0.41	27.74265796
0.42	28.1338969
0.43	28.50897845
0.44	28.86781504
0.45	29.21032763
0.46	29.53644565
0.47	29.846107
0.48	30.13925807
0.49	30.41585363
0.5	30.6758569
0.51	30.91923942
0.52	31.1459811
0.53	31.35607012
0.54	31.54950293
0.55	31.72628417
0.56	31.88642662
0.57	32.02995118
0.58	32.15688676
0.59	32.26727025
0.6	32.36114647
0.61	32.43856806
0.62	32.49959542
0.63	32.54429665
0.64	32.57274747
0.65	32.58503111
0.66	32.58123826
0.67	32.56146694
0.68	32.52582245
0.69	32.47441725
0.7	32.40737086
0.71	32.32480979
0.72	32.22686738
0.73	32.11368374
0.74	31.98540565
0.75	31.84218639
0.76	31.68418568
0.77	31.51156954
0.78	31.32451017
0.79	31.12318584
0.8	30.90778076
0.81	30.67848495
0.82	30.43549411
0.83	30.17900951
0.84	29.90923782
0.85	29.62639103
0.86	29.33068626
0.87	29.02234564
0.88	28.70159621
0.89	28.3686697
0.9	28.02380248
0.91	27.66723535
0.92	27.2992134
0.93	26.9199859
0.94	26.52980613
0.95	26.12893122
0.96	25.71762205
0.97	25.29614301
0.98	24.86476194
0.99	24.42374994
1	23.97338121
1.01	23.5139329
1.02	23.04568496
1.03	22.56892001
1.04	22.08392313
1.05	21.59098177
1.06	21.09038553
1.07	20.58242605
1.08	20.06739686
1.09	19.54559318
1.1	19.01731181
1.11	18.48285093
1.12	17.94251
1.13	17.39658957
1.14	16.84539111
1.15	16.28921691
1.16	15.72836988
1.17	15.16315341
1.18	14.59387122
1.19	14.02082721
1.2	13.44432534
1.21	12.8646694
1.22	12.28216294
1.23	11.6971091
1.24	11.10981043
1.25	10.52056881
1.26	9.929685236
1.27	9.337459727
1.28	8.74419116
1.29	8.150177138
1.3	7.555713851
1.31	6.961095935
1.32	6.366616343
1.33	5.772566205
1.34	5.179234699
1.35	4.58690892
1.36	3.995873753
1.37	3.406411744
1.38	2.818802976
1.39	2.233324946
1.4	1.650252447
1.41	1.069857443
1.42	0.4924089601
1.43	-0.08182703539
1.44	-0.652587744
1.45	-1.219613645
1.46	-1.782648606
1.47	-2.341439985
1.48	-2.895738737
1.49	-3.44529951
1.5	-3.989880752
1.51	-4.529244796
1.52	-5.063157962
1.53	-5.591390645
1.54	-6.113717402
1.55	-6.62991704
1.56	-7.139772697
1.57	-7.643071926
1.58	-8.13960677
1.59	-8.629173836
1.6	-9.111574373
1.61	-9.586614336
1.62	-10.05410446
1.63	-10.51386031
1.64	-10.96570236
1.65	-11.40945606
1.66	-11.84495184
1.67	-12.27202523
1.68	-12.69051686
1.69	-13.10027256
1.7	-13.50114333
1.71	-13.89298546
1.72	-14.27566052
1.73	-14.64903539
1.74	-15.01298236
1.75	-15.36737907
1.76	-15.71210862
1.77	-16.04705951
1.78	-16.37212576
1.79	-16.68720684
1.8	-16.99220775
1.81	-17.28703899
1.82	-17.57161661
1.83	-17.84586218
1.84	-18.10970282
1.85	-18.36307121
1.86	-18.60590554
1.87	-18.83814958
1.88	-19.05975262
1.89	-19.27066948
1.9	-19.4708605
1.91	-19.66029153
1.92	-19.8389339
1.93	-20.00676441
1.94	-20.16376533
1.95	-20.30992432
1.96	-20.44523446
1.97	-20.56969419
1.98	-20.68330731
1.99	-20.7860829
2	-20.87803531
2.01	-20.95918413
2.02	-21.02955413
2.03	-21.08917523
2.04	-21.13808246
2.05	-21.17631588
2.06	-21.20392057
2.07	-21.22094655
2.08	-21.22744874
2.09	-21.22348691
2.1	-21.20912559
2.11	-21.18443405
2.12	-21.14948621
2.13	-21.10436058
2.14	-21.04914022
2.15	-20.98391263
2.16	-20.90876971
2.17	-20.82380767
2.18	-20.72912698
2.19	-20.62483228
2.2	-20.51103229
2.21	-20.38783978
2.22	-20.25537142
2.23	-20.11374776
2.24	-19.96309313
2.25	-19.80353553
2.26	-19.63520658
2.27	-19.45824143
2.28	-19.27277865
2.29	-19.07896015
2.3	-18.8769311
2.31	-18.66683985
2.32	-18.44883779
2.33	-18.22307932
2.34	-17.9897217
2.35	-17.748925
2.36	-17.50085199
2.37	-17.24566802
2.38	-16.98354095
2.39	-16.71464105
2.4	-16.4391409
2.41	-16.15721528
2.42	-15.8690411
2.43	-15.57479725
2.44	-15.27466455
2.45	-14.96882563
2.46	-14.65746482
2.47	-14.34076808
2.48	-14.01892285
2.49	-13.69211801
2.5	-13.36054371
2.51	-13.02439132
2.52	-12.68385333
2.53	-12.33912322
2.54	-11.99039535
2.55	-11.63786492
2.56	-11.28172781
2.57	-10.92218048
2.58	-10.55941993
2.59	-10.19364353
2.6	-9.825048953
2.61	-9.453834093
2.62	-9.080196929
2.63	-8.704335449
2.64	-8.326447551
2.65	-7.946730945
2.66	-7.565383053
2.67	-7.182600921
2.68	-6.798581118
2.69	-6.413519646
2.7	-6.027611846
2.71	-5.641052307
2.72	-5.254034772
2.73	-4.866752052
2.74	-4.479395933
2.75	-4.092157091
2.76	-3.705225004
2.77	-3.318787864
2.78	-2.933032497
2.79	-2.548144275
2.8	-2.164307035
2.81	-1.781702997
2.82	-1.400512689
2.83	-1.020914862
2.84	-0.6430864146
2.85	-0.2672023212
2.86	0.1065644473
2.87	0.478042994
2.88	0.8470645684
2.89	1.213462636
2.9	1.577072946
2.91	1.937733602
2.92	2.295285122
2.93	2.649570505
2.94	3.000435295
2.95	3.347727638
2.96	3.691298345
2.97	4.031000946
2.98	4.366691746
2.99	4.698229882
3	5.02547737
3.01	5.348299162
3.02	5.66656319
3.03	5.980140413
3.04	6.288904866
3.05	6.5927337
3.06	6.891507224
3.07	7.185108948
3.08	7.473425618
3.09	7.75634725
3.1	8.033767173
3.11	8.305582051
3.12	8.571691922
3.13	8.832000223
3.14	9.086413818
3.15	9.334843022
3.16	9.577201626
3.17	9.81340692
3.18	10.04337971
3.19	10.26704433
3.2	10.48432868
3.21	10.69516421
3.22	10.89948595
3.23	11.09723252
3.24	11.28834614
3.25	11.47277263
3.26	11.65046142
3.27	11.82136554
3.28	11.98544166
3.29	12.14265002
3.3	12.29295452
3.31	12.43632263
3.32	12.57272543
3.33	12.7021376
3.34	12.82453741
3.35	12.93990669
3.36	13.04823084
3.37	13.1494988
3.38	13.24370304
3.39	13.33083957
3.4	13.41090785
3.41	13.48391086
3.42	13.54985501
3.43	13.60875013
3.44	13.66060946
3.45	13.70544964
3.46	13.74329062
3.47	13.77415569
3.48	13.79807142
3.49	13.81506764
3.5	13.82517739
3.51	13.8284369
3.52	13.82488556
3.53	13.81456584
3.54	13.79752331
3.55	13.77380655
3.56	13.74346713
3.57	13.70655957
3.58	13.66314129
3.59	13.61327256
3.6	13.55701646
3.61	13.49443882
3.62	13.42560819
3.63	13.35059578
3.64	13.26947542
3.65	13.18232347
3.66	13.08921883
3.67	12.99024282
3.68	12.88547918
3.69	12.77501398
3.7	12.65893558
3.71	12.53733456
3.72	12.41030368
3.73	12.27793782
3.74	12.14033388
3.75	11.99759079
3.76	11.84980939
3.77	11.6970924
3.78	11.53954434
3.79	11.37727149
3.8	11.21038181
3.81	11.03898487
3.82	10.86319182
3.83	10.68311529
3.84	10.49886934
3.85	10.31056939
3.86	10.11833218
3.87	9.922275672
3.88	9.722518995
3.89	9.519182389
3.9	9.312387132
3.91	9.102255472
3.92	8.888910569
3.93	8.672476419
3.94	8.453077799
3.95	8.23084019
3.96	8.005889722
3.97	7.778353098
3.98	7.548357535
3.99	7.316030699
4	7.081500634
4.01	6.8448957
4.02	6.606344511
4.03	6.365975865
4.04	6.123918683
4.05	5.880301944
4.06	5.635254621
4.07	5.388905619
4.08	5.141383709
4.09	4.892817471
4.1	4.643335227
4.11	4.39306498
4.12	4.142134356
4.13	3.890670541
4.14	3.638800223
4.15	3.386649531
4.16	3.134343977
4.17	2.882008399
4.18	2.629766902
4.19	2.377742803
4.2	2.126058575
4.21	1.87483579
4.22	1.624195069
4.23	1.374256021
4.24	1.1251372
4.25	0.8769560434
4.26	0.629828829
4.27	0.3838706196
4.28	0.1391952163
4.29	-0.1040848908
4.3	-0.34585857
4.31	-0.5860160937
4.32	-0.8244491849
4.33	-1.061051061
4.34	-1.295716477
4.35	-1.52834177
4.36	-1.758824898
4.37	-1.987065481
4.38	-2.212964842
4.39	-2.436426043
4.4	-2.657353924
4.41	-2.875655139
4.42	-3.091238189
4.43	-3.304013459
4.44	-3.513893247
4.45	-3.720791798
4.46	-3.924625337
4.47	-4.125312091
4.48	-4.322772324
4.49	-4.516928363
4.5	-4.707704619
4.51	-4.895027618
4.52	-5.07882602
4.53	-5.259030642
4.54	-5.435574483
4.55	-5.608392736
4.56	-5.777422815
4.57	-5.942604368
4.58	-6.103879293
4.59	-6.261191756
4.6	-6.414488201
4.61	-6.563717366
4.62	-6.708830294
4.63	-6.849780339
4.64	-6.986523182
4.65	-7.119016835
4.66	-7.247221645
4.67	-7.371100307
4.68	-7.490617859
4.69	-7.605741695
4.7	-7.716441557
4.71	-7.822689544
4.72	-7.924460107
4.73	-8.021730049
4.74	-8.114478522
4.75	-8.202687024
4.76	-8.286339392
4.77	-8.365421798
4.78	-8.439922742
4.79	-8.50983304
4.8	-8.575145821
4.81	-8.635856512
4.82	-8.691962825
4.83	-8.743464749
4.84	-8.790364536
4.85	-8.832666681
4.86	-8.870377914
4.87	-8.903507175
4.88	-8.932065605
4.89	-8.956066522
4.9	-8.9755254
4.91	-8.990459854
4.92	-9.000889614
4.93	-9.006836507
4.94	-9.008324427
4.95	-9.005379318
4.96	-8.998029145
4.97	-8.986303868
4.98	-8.970235419
4.99	-8.94985767
5	-8.925206406
5.01	-8.896319299
5.02	-8.863235875
5.03	-8.825997484
5.04	-8.78464727
5.05	-8.739230137
5.06	-8.689792719
5.07	-8.636383345
5.08	-8.579052005
5.09	-8.517850318
5.1	-8.452831492
5.11	-8.384050294
5.12	-8.311563009
5.13	-8.235427409
5.14	-8.155702707
5.15	-8.072449529
5.16	-7.985729869
5.17	-7.895607053
5.18	-7.802145698
5.19	-7.705411678
5.2	-7.605472077
5.21	-7.502395152
5.22	-7.396250294
5.23	-7.287107984
5.24	-7.175039756
5.25	-7.06011815
5.26	-6.942416675
5.27	-6.822009765
5.28	-6.698972739
5.29	-6.573381755
5.3	-6.445313771
5.31	-6.314846499
5.32	-6.182058369
5.33	-6.047028476
5.34	-5.909836547
5.35	-5.770562893
5.36	-5.629288365
5.37	-5.486094316
5.38	-5.341062552
5.39	-5.194275294
5.4	-5.045815133
5.41	-4.895764988
5.42	-4.744208062
5.43	-4.591227801
5.44	-4.436907849
5.45	-4.281332011
5.46	-4.124584203
5.47	-3.96674842
5.48	-3.807908683
5.49	-3.648149009
5.5	-3.48755336
5.51	-3.326205608
5.52	-3.164189492
5.53	-3.00158858
5.54	-2.838486226
5.55	-2.674965531
5.56	-2.511109305
5.57	-2.347000029
5.58	-2.182719812
5.59	-2.018350357
5.6	-1.853972923
5.61	-1.689668286
5.62	-1.525516702
5.63	-1.361597874
5.64	-1.197990913
5.65	-1.034774302
5.66	-0.8720258653
5.67	-0.70982273
5.68	-0.5482412946
5.69	-0.3873571954
5.7	-0.2272452735
5.71	-0.06797954317
5.72	0.09036683964
5.73	0.2477216081
5.74	0.4040134148
5.75	0.559171861
5.76	0.7131275258
5.77	0.8658119942
5.78	1.017157885
5.79	1.167098877
5.8	1.315569736
5.81	1.462506341
5.82	1.607845705
5.83	1.751526007
5.84	1.893486606
5.85	2.03366807
5.86	2.172012198
5.87	2.308462038
5.88	2.442961908
5.89	2.575457418
5.9	2.705895489
5.91	2.834224366
5.92	2.960393644
5.93	3.084354277
5.94	3.206058599
5.95	3.325460336
5.96	3.442514623
5.97	3.557178013
5.98	3.669408498
5.99	3.779165512
6	3.886409949
6.01	3.991104169
6.02	4.093212011
6.03	4.1926988
6.04	4.289531356
6.05	4.383678001
6.06	4.475108564
6.07	4.563794391
6.08	4.649708346
6.09	4.732824816
6.1	4.813119716
6.11	4.890570492
6.12	4.965156118
6.13	5.036857106
6.14	5.105655496
6.15	5.171534865
6.16	5.23448032
6.17	5.294478499
6.18	5.351517565
6.19	5.405587207
6.2	5.456678636
6.21	5.504784573
6.22	5.549899254
6.23	5.592018415
6.24	5.63113929
6.25	5.667260603
6.26	5.700382557
6.27	5.730506827
6.28	5.757636552
6.29	5.781776321
6.3	5.802932164
6.31	5.821111542
6.32	5.836323332
6.33	5.848577815
6.34	5.857886664
6.35	5.864262928
6.36	5.867721017
6.37	5.868276691
6.38	5.865947039
6.39	5.860750465
6.4	5.852706671
6.41	5.84183664
6.42	5.828162617
6.43	5.811708091
6.44	5.792497777
6.45	5.770557593
6.46	5.745914646
6.47	5.718597205
6.48	5.688634686
6.49	5.656057627
6.5	5.620897667
6.51	5.583187525
6.52	5.542960976
6.53	5.500252829
6.54	5.455098904
6.55	5.407536007
6.56	5.357601908
6.57	5.305335315
6.58	5.25077585
6.59	5.193964024
6.6	5.134941211
6.61	5.073749625
6.62	5.010432293
6.63	4.945033025
6.64	4.877596396
6.65	4.808167711
6.66	4.736792985
6.67	4.663518913
6.68	4.588392842
6.69	4.511462746
6.7	4.4327772
6.71	4.352385347
6.72	4.270336877
6.73	4.186681995
6.74	4.101471395
6.75	4.014756231
6.76	3.926588091
6.77	3.837018968
6.78	3.746101231
6.79	3.653887598
6.8	3.560431109
6.81	3.465785097
6.82	3.37000316
6.83	3.273139133
6.84	3.17524706
6.85	3.076381168
6.86	2.976595837
6.87	2.875945572
6.88	2.774484979
6.89	2.672268735
6.9	2.569351559
6.91	2.465788188
6.92	2.361633351
6.93	2.256941736
6.94	2.151767971
6.95	2.046166593
6.96	1.940192022
6.97	1.833898536
6.98	1.727340245
6.99	1.620571066
7	1.513644696
7.01	1.406614589
7.02	1.29953393
7.03	1.19245561
7.04	1.085432203
7.05	0.9785159407
7.06	0.8717586912
7.07	0.7652119331
7.08	0.658926734
7.09	0.5529537276
7.1	0.4473430914
7.11	0.3421445246
7.12	0.2374072269
7.13	0.1331798771
7.14	0.02951061239
7.15	-0.0735529922
7.16	-0.1759639436
7.17	-0.2776758503
7.18	-0.3786429419
7.19	-0.4788200872
7.2	-0.5781628132
7.21	-0.6766273228
7.22	-0.7741705118
7.23	-0.8707499868
7.24	-0.9663240811
7.25	-1.060851871
7.26	-1.154293191
7.27	-1.246608651
7.28	-1.337759647
7.29	-1.42770838
7.3	-1.516417867
7.31	-1.603851954
7.32	-1.68997533
7.33	-1.77475354
7.34	-1.858152995
7.35	-1.940140983
7.36	-2.020685683
7.37	-2.099756171
7.38	-2.177322434
7.39	-2.253355376
7.4	-2.327826827
7.41	-2.400709557
7.42	-2.471977273
7.43	-2.541604636
7.44	-2.609567265
7.45	-2.675841739
7.46	-2.74040561
7.47	-2.803237401
7.48	-2.864316617
7.49	-2.923623744
7.5	-2.981140257
7.51	-3.036848619
7.52	-3.090732289
7.53	-3.142775717
7.54	-3.192964354
7.55	-3.241284646
7.56	-3.287724039
7.57	-3.332270977
7.58	-3.374914904
7.59	-3.41564626
7.6	-3.454456483
7.61	-3.491338004
7.62	-3.526284248
7.63	-3.559289629
7.64	-3.590349548
7.65	-3.619460389
7.66	-3.646619515
7.67	-3.671825262
7.68	-3.695076937
7.69	-3.716374809
7.7	-3.735720108
7.71	-3.753115012
7.72	-3.768562645
7.73	-3.782067071
7.74	-3.793633281
7.75	-3.803267188
7.76	-3.810975622
7.77	-3.816766314
7.78	-3.820647892
7.79	-3.822629872
7.8	-3.822722641
7.81	-3.820937457
7.82	-3.817286431
7.83	-3.811782516
7.84	-3.8044395
7.85	-3.79527199
7.86	-3.784295404
7.87	-3.771525954
7.88	-3.756980636
7.89	-3.740677217
7.9	-3.72263422
7.91	-3.702870914
7.92	-3.681407295
7.93	-3.658264076
7.94	-3.63346267
7.95	-3.607025176
7.96	-3.578974367
7.97	-3.549333668
7.98	-3.518127148
7.99	-3.4853795
8	-3.451116025
8.01	-3.415362618
8.02	-3.378145752
8.03	-3.339492459
8.04	-3.299430314
8.05	-3.257987421
8.06	-3.215192392
8.07	-3.171074334
8.08	-3.125662827
8.09	-3.078987912
8.1	-3.031080069
8.11	-2.981970202
8.12	-2.93168962
8.13	-2.88027002
8.14	-2.827743468
8.15	-2.774142383
8.16	-2.719499517
8.17	-2.663847938
8.18	-2.607221012
8.19	-2.549652383
8.2	-2.491175958
8.21	-2.431825885
8.22	-2.371636539
8.23	-2.310642501
8.24	-2.248878538
8.25	-2.186379591
8.26	-2.123180749
8.27	-2.059317238
8.28	-1.994824398
8.29	-1.929737667
8.3	-1.864092563
8.31	-1.797924665
8.32	-1.731269598
8.33	-1.66416301
8.34	-1.596640559
8.35	-1.528737896
8.36	-1.460490641
8.37	-1.391934375
8.38	-1.323104613
8.39	-1.254036797
8.4	-1.18476627
8.41	-1.115328264
8.42	-1.045757884
8.43	-0.9760900885
8.44	-0.9063596752
8.45	-0.8366012643
8.46	-0.7668492829
8.47	-0.6971379487
8.48	-0.6275012549
8.49	-0.5579729547
8.5	-0.488586546
8.51	-0.4193752569
8.52	-0.3503720305
8.53	-0.2816095107
8.54	-0.2131200279
8.55	-0.1449355852
8.56	-0.07708784407
8.57	-0.009608111552
8.58	0.05747267347
8.59	0.1241239531
8.6	0.1903155632
8.61	0.2560177457
8.62	0.3212011611
8.63	0.3858369001
8.64	0.4498964953
8.65	0.5133519325
8.66	0.5761756619
8.67	0.6383406086
8.68	0.6998201834
8.69	0.7605882925
8.7	0.8206193479
8.71	0.8798882764
8.72	0.9383705292
8.73	0.9960420906
8.74	1.052879487
8.75	1.108859794
8.76	1.163960647
8.77	1.218160246
8.78	1.271437363
8.79	1.323771352
8.8	1.375142152
8.81	1.425530296
8.82	1.474916917
8.83	1.523283751
8.84	1.570613144
8.85	1.616888058
8.86	1.662092075
8.87	1.706209401
8.88	1.749224869
8.89	1.791123946
8.9	1.831892732
8.91	1.871517967
8.92	1.90998703
8.93	1.947287946
8.94	1.983409383
8.95	2.018340657
8.96	2.052071732
8.97	2.084593222
8.98	2.115896392
8.99	2.145973155
9	2.174816077
9.01	2.202418373
9.02	2.22877391
9.03	2.253877201
9.04	2.27772341
9.05	2.300308344
9.06	2.321628457
9.07	2.341680844
9.08	2.360463241
9.09	2.377974021
9.1	2.394212191
9.11	2.409177389
9.12	2.422869879
9.13	2.435290552
9.14	2.446440915
9.15	2.45632309
9.16	2.464939812
9.17	2.472294417
9.18	2.478390845
9.19	2.483233627
9.2	2.486827885
9.21	2.489179323
9.22	2.490294219
9.23	2.490179423
9.24	2.488842348
9.25	2.486290962
9.26	2.482533783
9.27	2.477579868
9.28	2.47143881
9.29	2.464120726
9.3	2.45563625
9.31	2.445996528
9.32	2.435213204
9.33	2.423298415
9.34	2.410264781
9.35	2.396125397
9.36	2.38089382
9.37	2.364584065
9.38	2.347210591
9.39	2.328788294
9.4	2.309332496
9.41	2.288858935
9.42	2.267383752
9.43	2.244923488
9.44	2.221495064
9.45	2.19711578
9.46	2.171803295
9.47	2.145575624
9.48	2.118451123
9.49	2.090448477
9.5	2.061586691
9.51	2.031885081
9.52	2.001363257
9.53	1.970041114
9.54	1.937938824
9.55	1.905076819
9.56	1.871475783
9.57	1.837156638
9.58	1.802140536
9.59	1.766448841
9.6	1.730103126
9.61	1.693125151
9.62	1.655536859
9.63	1.617360362
9.64	1.578617928
9.65	1.539331968
9.66	1.499525028
9.67	1.459219775
9.68	1.418438984
9.69	1.377205527
9.7	1.335542364
9.71	1.293472525
9.72	1.251019105
9.73	1.208205248
9.74	1.165054136
9.75	1.12158898
9.76	1.077833004
9.77	1.033809437
9.78	0.9895415015
9.79	0.9450523986
9.8	0.9003653012
9.81	0.8555033402
9.82	0.8104895941
9.83	0.7653470777
9.84	0.7200987316
9.85	0.6747674111
9.86	0.6293758753
9.87	0.5839467771
9.88	0.538502652
9.89	0.4930659083
9.9	0.4476588164
9.91	0.4023034992
9.92	0.3570219216
9.93	0.311835881
9.94	0.2667669975
9.95	0.2218367042
9.96	0.1770662381
9.97	0.1324766305
9.98	0.08808869827
9.99	0.04392303448
10	1.70720407e-15
10.01	-0.04366028531
10.02	-0.08703795098
10.03	-0.1301133842
10.04	-0.1728672379
10.05	-0.2152804388
10.06	-0.2573341947
10.07	-0.2990100028
10.08	-0.3402896562
10.09	-0.3811552517
10.1	-0.4215891964
10.11	-0.4615742149
10.12	-0.5010933552
10.13	-0.5401299958
10.14	-0.5786678516
10.15	-0.6166909798
10.16	-0.6541837857
10.17	-0.6911310284
10.18	-0.7275178263
10.19	-0.7633296616
10.2	-0.7985523862
10.21	-0.8331722256
10.22	-0.8671757841
10.23	-0.9005500485
10.24	-0.9332823927
10.25	-0.9653605814
10.26	-0.9967727735
10.27	-1.027507526
10.28	-1.057553797
10.29	-1.08690095
10.3	-1.115538752
10.31	-1.143457384
10.32	-1.170647436
10.33	-1.197099913
10.34	-1.222806235
10.35	-1.247758243
10.36	-1.271948193
10.37	-1.295368764
10.38	-1.318013057
10.39	-1.339874594
10.4	-1.360947321
10.41	-1.381225608
10.42	-1.400704249
10.43	-1.419378459
10.44	-1.437243881
10.45	-1.454296579
10.46	-1.470533039
10.47	-1.48595017
10.48	-1.500545302
10.49	-1.514316184
10.5	-1.527260985
10.51	-1.539378287
10.52	-1.55066709
10.53	-1.561126807
10.54	-1.57075726
10.55	-1.579558679
10.56	-1.587531702
10.57	-1.594677369
10.58	-1.600997119
10.59	-1.60649279
10.6	-1.611166612
10.61	-1.615021206
10.62	-1.618059579
10.63	-1.620285122
10.64	-1.621701605
10.65	-1.622313172
10.66	-1.622124337
10.67	-1.621139981
10.68	-1.619365346
10.69	-1.616806032
10.7	-1.613467989
10.71	-1.609357515
10.72	-1.604481249
10.73	-1.598846168
10.74	-1.592459578
10.75	-1.585329111
10.76	-1.577462719
10.77	-1.568868667
10.78	-1.559555529
10.79	-1.549532181
10.8	-1.538807794
10.81	-1.527391828
10.82	-1.515294026
10.83	-1.50252441
10.84	-1.489093268
10.85	-1.475011156
10.86	-1.460288882
10.87	-1.444937507
10.88	-1.428968333
10.89	-1.412392898
10.9	-1.39522297
10.91	-1.377470538
10.92	-1.359147804
10.93	-1.340267178
10.94	-1.320841271
10.95	-1.300882885
10.96	-1.280405007
10.97	-1.259420801
10.98	-1.237943603
10.99	-1.215986908
11	-1.193564369
11.01	-1.170689785
11.02	-1.147377093
11.03	-1.123640364
11.04	-1.099493791
11.05	-1.074951685
11.06	-1.050028466
11.07	-1.024738653
11.08	-0.9990968595
11.09	-0.9731177841
11.1	-0.9468162031
11.11	-0.920206963
11.12	-0.8933049723
11.13	-0.8661251943
11.14	-0.8386826391
11.15	-0.8109923562
11.16	-0.7830694265
11.17	-0.7549289553
11.18	-0.7265860639
11.19	-0.6980558831
11.2	-0.6693535447
11.21	-0.6404941748
11.22	-0.611492886
11.23	-0.5823647702
11.24	-0.5531248915
11.25	-0.5237882786
11.26	-0.4943699177
11.27	-0.4648847458
11.28	-0.4353476431
11.29	-0.4057734264
11.3	-0.3761768421
11.31	-0.3465725593
11.32	-0.3169751631
11.33	-0.2873991483
11.34	-0.257858912
11.35	-0.228368748
11.36	-0.1989428397
11.37	-0.1695952544
11.38	-0.1403399365
11.39	-0.1111907018
11.4	-0.0821612314
11.41	-0.05326506568
11.42	-0.02451559856
11.43	0.004073928205
11.44	0.03249043062
11.45	0.06072098795
11.46	0.08875284804
11.47	0.1165734326
11.48	0.1441703425
11.49	0.1715313623
11.5	0.1986444658
11.51	0.2254978203
11.52	0.2520797916
11.53	0.2783789483
11.54	0.3043840663
11.55	0.3300841329
11.56	0.3554683514
11.57	0.3805261445
11.58	0.4052471587
11.59	0.4296212677
11.6	0.4536385762
11.61	0.4772894234
11.62	0.500564386
11.63	0.523454282
11.64	0.5459501733
11.65	0.5680433688
11.66	0.589725427
11.67	0.610988159
11.68	0.6318236307
11.69	0.6522241655
11.7	0.6721823462
11.71	0.691691017
11.72	0.7107432861
11.73	0.7293325267
11.74	0.7474523792
11.75	0.7650967526
11.76	0.7822598258
11.77	0.7989360489
11.78	0.8151201444
11.79	0.8308071077
11.8	0.8459922088
11.81	0.8606709921
11.82	0.8748392775
11.83	0.8884931605
11.84	0.9016290126
11.85	0.9142434816
11.86	0.9263334911
11.87	0.9378962409
11.88	0.9489292066
11.89	0.9594301387
11.9	0.9693970628
11.91	0.9788282783
11.92	0.9877223582
11.93	0.9960781476
11.94	1.003894763
11.95	1.01117159
11.96	1.017908286
11.97	1.024104771
11.98	1.029761235
11.99	1.03487813
12	1.039456171
12.01	1.043496333
12.02	1.046999849
12.03	1.049968209
12.04	1.052403157
12.05	1.054306687
12.06	1.055681043
12.07	1.056528717
12.08	1.056852442
12.09	1.056655194
12.1	1.055940186
12.11	1.054710866
12.12	1.052970916
12.13	1.050724243
12.14	1.047974983
12.15	1.044727493
12.16	1.040986347
12.17	1.036756336
12.18	1.032042462
12.19	1.026849935
12.2	1.021184167
12.21	1.015050773
12.22	1.008455562
12.23	1.001404535
12.24	0.9939038823
12.25	0.9859599772
12.26	0.9775793725
12.27	0.9687687965
12.28	0.9595351482
12.29	0.9498854933
12.3	0.9398270594
12.31	0.9293672316
12.32	0.9185135483
12.33	0.9072736957
12.34	0.8956555041
12.35	0.8836669426
12.36	0.8713161145
12.37	0.8586112526
12.38	0.8455607143
12.39	0.8321729767
12.4	0.8184566319
12.41	0.804420382
12.42	0.7900730341
12.43	0.7754234953
12.44	0.7604807681
12.45	0.7452539449
12.46	0.7297522032
12.47	0.7139848008
12.48	0.6979610706
12.49	0.6816904153
12.5	0.6651823029
12.51	0.6484462612
12.52	0.6314918731
12.53	0.6143287713
12.54	0.5969666333
12.55	0.5794151766
12.56	0.5616841536
12.57	0.5437833463
12.58	0.5257225618
12.59	0.5075116271
12.6	0.489160384
12.61	0.4706786843
12.62	0.4520763853
12.63	0.4333633441
12.64	0.4145494135
12.65	0.3956444368
12.66	0.3766582433
12.67	0.3576006431
12.68	0.3384814229
12.69	0.3193103411
12.7	0.3000971231
12.71	0.2808514569
12.72	0.2615829884
12.73	0.2423013171
12.74	0.2230159915
12.75	0.2037365049
12.76	0.1844722906
12.77	0.1652327183
12.78	0.1460270895
12.79	0.1268646332
12.8	0.1077545023
12.81	0.08870576894
12.82	0.06972742101
12.83	0.05082835801
12.84	0.03201738729
12.85	0.01330322023
12.86	-0.005305531422
12.87	-0.02380035923
12.88	-0.04217286158
12.89	-0.06041474721
12.9	-0.07851783861
12.91	-0.09647407533
12.92	-0.1142755173
12.93	-0.1319143479
12.94	-0.1493828771
12.95	-0.1666735448
12.96	-0.1837789231
12.97	-0.2006917197
12.98	-0.2174047805
12.99	-0.2339110923
13	-0.2502037854
13.01	-0.266276136
13.02	-0.2821215689
13.03	-0.2977336596
13.04	-0.3131061365
13.05	-0.3282328834
13.06	-0.3431079413
13.07	-0.3577255104
13.08	-0.3720799522
13.09	-0.3861657908
13.1	-0.3999777155
13.11	-0.4135105814
13.12	-0.4267594118
13.13	-0.4397193989
13.14	-0.452385906
13.15	-0.4647544677
13.16	-0.4768207921
13.17	-0.4885807613
13.18	-0.5000304322
13.19	-0.5111660381
13.2	-0.5219839887
13.21	-0.5324808716
13.22	-0.542653452
13.23	-0.5524986742
13.24	-0.5620136611
13.25	-0.5711957155
13.26	-0.5800423193
13.27	-0.5885511346
13.28	-0.5967200032
13.29	-0.6045469469
13.3	-0.6120301671
13.31	-0.6191680449
13.32	-0.6259591406
13.33	-0.6324021934
13.34	-0.638496121
13.35	-0.6442400192
13.36	-0.6496331608
13.37	-0.6546749956
13.38	-0.6593651488
13.39	-0.6637034208
13.4	-0.6676897861
13.41	-0.6713243919
13.42	-0.6746075576
13.43	-0.6775397729
13.44	-0.6801216973
13.45	-0.6823541581
13.46	-0.6842381496
13.47	-0.6857748309
13.48	-0.6869655251
13.49	-0.687811717
13.5	-0.6883150519
13.51	-0.6884773336
13.52	-0.6883005226
13.53	-0.6877867341
13.54	-0.6869382364
13.55	-0.6857574484
13.56	-0.6842469377
13.57	-0.6824094186
13.58	-0.6802477498
13.59	-0.6777649318
13.6	-0.6749641053
13.61	-0.671848548
13.62	-0.6684216728
13.63	-0.664687025
13.64	-0.6606482798
13.65	-0.6563092399
13.66	-0.6516738326
13.67	-0.6467461073
13.68	-0.6415302328
13.69	-0.6360304943
13.7	-0.6302512909
13.71	-0.6241971328
13.72	-0.6178726379
13.73	-0.6112825295
13.74	-0.604431633
13.75	-0.597324873
13.76	-0.5899672703
13.77	-0.582363939
13.78	-0.5745200831
13.79	-0.5664409936
13.8	-0.5581320456
13.81	-0.5495986946
13.82	-0.540846474
13.83	-0.5318809913
13.84	-0.5227079255
13.85	-0.5133330232
13.86	-0.5037620961
13.87	-0.4940010173
13.88	-0.4840557179
13.89	-0.4739321844
13.9	-0.4636364548
13.91	-0.4531746155
13.92	-0.4425527982
13.93	-0.4317771764
13.94	-0.4208539623
13.95	-0.4097894033
13.96	-0.3985897789
13.97	-0.3872613975
13.98	-0.3758105927
13.99	-0.3642437206
14	-0.3525671562
14.01	-0.3407872902
14.02	-0.3289105258
14.03	-0.3169432756
14.04	-0.3048919581
14.05	-0.2927629949
14.06	-0.2805628071
14.07	-0.2682978125
14.08	-0.2559744222
14.09	-0.243599038
14.1	-0.2311780484
14.11	-0.2187178265
14.12	-0.2062247264
14.13	-0.1937050802
14.14	-0.1811651955
14.15	-0.1686113517
14.16	-0.1560497979
14.17	-0.1434867492
14.18	-0.1309283845
14.19	-0.1183808435
14.2	-0.1058502236
14.21	-0.09334257768
14.22	-0.08086391093
14.23	-0.06842017849
14.24	-0.05601728268
14.25	-0.04366107049
14.26	-0.03135733097
14.27	-0.01911179278
14.28	-0.006930121753
14.29	0.005182081576
14.3	0.01721928427
14.31	0.02917602332
14.32	0.04104690793
14.33	0.05282662171
14.34	0.06450992484
14.35	0.0760916562
14.36	0.08756673543
14.37	0.09893016494
14.38	0.1101770319
14.39	0.12130251
14.4	0.1323018615
14.41	0.143170439
14.42	0.1539036871
14.43	0.164497144
14.44	0.1749464433
14.45	0.1852473156
14.46	0.19539559
14.47	0.2053871951
14.48	0.2152181612
14.49	0.2248846212
14.5	0.2343828117
14.51	0.2437090747
14.52	0.2528598583
14.53	0.2618317181
14.54	0.2706213184
14.55	0.2792254326
14.56	0.2876409447
14.57	0.2958648499
14.58	0.3038942557
14.59	0.311726382
14.6	0.3193585626
14.61	0.3267882453
14.62	0.3340129925
14.63	0.341030482
14.64	0.3478385073
14.65	0.3544349779
14.66	0.3608179195
14.67	0.3669854749
14.68	0.3729359035
14.69	0.3786675817
14.7	0.3841790033
14.71	0.3894687791
14.72	0.3945356371
14.73	0.3993784224
14.74	0.403996097
14.75	0.4083877397
14.76	0.4125525458
14.77	0.416489827
14.78	0.4201990106
14.79	0.4236796394
14.8	0.4269313713
14.81	0.4299539786
14.82	0.4327473474
14.83	0.4353114772
14.84	0.4376464801
14.85	0.4397525799
14.86	0.4416301116
14.87	0.4432795205
14.88	0.444701361
14.89	0.4458962962
14.9	0.4468650967
14.91	0.4476086394
14.92	0.4481279066
14.93	0.4484239849
14.94	0.4484980641
14.95	0.4483514358
14.96	0.4479854922
14.97	0.4474017251
14.98	0.4466017241
14.99	0.4455871757
15	0.4443598615
15.01	0.4429216572
15.02	0.4412745305
15.03	0.4394205402
15.04	0.4373618342
15.05	0.4351006483
15.06	0.4326393042
15.07	0.429980208
15.08	0.4271258487
15.09	0.4240787961
15.1	0.4208416994
15.11	0.4174172852
15.12	0.4138083558
15.13	0.4100177874
15.14	0.4060485283
15.15	0.4019035966
15.16	0.397586079
15.17	0.3930991281
15.18	0.3884459613
15.19	0.383629858
15.2	0.3786541583
15.21	0.3735222604
15.22	0.368237619
15.23	0.3628037434
15.24	0.3572241949
15.25	0.351502585
15.26	0.3456425736
15.27	0.3396478666
15.28	0.3335222138
15.29	0.3272694068
15.3	0.3208932773
15.31	0.3143976944
15.32	0.3077865627
15.33	0.3010638202
15.34	0.2942334362
15.35	0.2872994093
15.36	0.2802657647
15.37	0.2731365528
15.38	0.2659158464
15.39	0.2586077392
15.4	0.251216343
15.41	0.2437457862
15.42	0.2362002112
15.43	0.2285837724
15.44	0.2209006344
15.45	0.2131549695
15.46	0.2053509557
15.47	0.1974927748
15.48	0.18958461
15.49	0.1816306441
15.5	0.1736350576
15.51	0.165602026
15.52	0.1575357186
15.53	0.1494402959
15.54	0.1413199078
15.55	0.1331786918
15.56	0.1250207707
15.57	0.1168502509
15.58	0.1086712205
15.59	0.1004877472
15.6	0.09230387666
15.61	0.08412363045
15.62	0.07595100434
15.63	0.06778996645
15.64	0.05964445548
15.65	0.05151837892
15.66	0.04341561137
15.67	0.03533999279
15.68	0.02729532682
15.69	0.01928537917
15.7	0.01131387597
15.71	0.003384502163
15.72	-0.004499100024
15.73	-0.01233333264
15.74	-0.02011464351
15.75	-0.02783952767
15.76	-0.03550452888
15.77	-0.04310624095
15.78	-0.05064130916
15.79	-0.05810643158
15.8	-0.0654983604
15.81	-0.07281390317
15.82	-0.08004992405
15.83	-0.08720334504
15.84	-0.09427114709
15.85	-0.1012503713
15.86	-0.1081381198
15.87	-0.1149315573
15.88	-0.1216279115
15.89	-0.1282244746
15.9	-0.1347186037
15.91	-0.1411077223
15.92	-0.1473893208
15.93	-0.1535609573
15.94	-0.1596202587
15.95	-0.1655649211
15.96	-0.1713927109
15.97	-0.1771014649
15.98	-0.1826890918
15.99	-0.1881535717
16	-0.1934929578
16.01	-0.1987053761
16.02	-0.2037890262
16.03	-0.2087421818
16.04	-0.2135631909
16.05	-0.2182504763
16.06	-0.222802536
16.07	-0.2272179434
16.08	-0.2314953473
16.09	-0.2356334727
16.1	-0.2396311204
16.11	-0.2434871674
16.12	-0.2472005671
16.13	-0.2507703491
16.14	-0.2541956193
16.15	-0.2574755599
16.16	-0.2606094296
16.17	-0.263596563
16.18	-0.2664363709
16.19	-0.2691283399
16.2	-0.2716720323
16.21	-0.2740670859
16.22	-0.2763132136
16.23	-0.2784102031
16.24	-0.2803579168
16.25	-0.2821562911
16.26	-0.2838053361
16.27	-0.2853051352
16.28	-0.2866558447
16.29	-0.287857693
16.3	-0.2889109804
16.31	-0.2898160783
16.32	-0.2905734288
16.33	-0.2911835436
16.34	-0.2916470038
16.35	-0.2919644593
16.36	-0.2921366274
16.37	-0.2921642928
16.38	-0.2920483063
16.39	-0.2917895841
16.4	-0.2913891072
16.41	-0.2908479202
16.42	-0.2901671307
16.43	-0.2893479081
16.44	-0.2883914828
16.45	-0.2872991454
16.46	-0.2860722453
16.47	-0.28471219
16.48	-0.283220444
16.49	-0.2815985278
16.5	-0.2798480164
16.51	-0.277970539
16.52	-0.2759677771
16.53	-0.2738414636
16.54	-0.2715933821
16.55	-0.2692253649
16.56	-0.2667392925
16.57	-0.264137092
16.58	-0.2614207362
16.59	-0.2585922419
16.6	-0.2556536691
16.61	-0.2526071195
16.62	-0.2494547351
16.63	-0.2461986973
16.64	-0.2428412252
16.65	-0.2393845746
16.66	-0.2358310362
16.67	-0.2321829349
16.68	-0.2284426281
16.69	-0.2246125042
16.7	-0.2206949815
16.71	-0.2166925068
16.72	-0.2126075541
16.73	-0.2084426227
16.74	-0.2042002368
16.75	-0.199882943
16.76	-0.1954933098
16.77	-0.1910339257
16.78	-0.1865073981
16.79	-0.1819163516
16.8	-0.177263427
16.81	-0.1725512796
16.82	-0.1677825777
16.83	-0.1629600018
16.84	-0.1580862425
16.85	-0.1531639995
16.86	-0.1481959804
16.87	-0.1431848988
16.88	-0.1381334734
16.89	-0.1330444262
16.9	-0.1279204817
16.91	-0.1227643651
16.92	-0.1175788011
16.93	-0.1123665125
16.94	-0.1071302191
16.95	-0.1018726361
16.96	-0.09659647283
16.97	-0.09130443177
16.98	-0.08599920686
16.99	-0.08068348244
17	-0.07535993197
17.01	-0.07003121672
17.02	-0.06469998463
17.03	-0.05936886898
17.04	-0.05404048729
17.05	-0.04871744004
17.06	-0.04340230956
17.07	-0.03809765883
17.08	-0.03280603035
17.09	-0.02752994504
17.1	-0.02227190107
17.11	-0.01703437284
17.12	-0.01181980984
17.13	-0.006630635648
17.14	-0.001469246877
17.15	0.003661987851
17.16	0.008760728889
17.17	0.01382466654
17.18	0.01885152203
17.19	0.02383904842
17.2	0.02878503151
17.21	0.03368729078
17.22	0.0385436802
17.23	0.04335208913
17.24	0.04811044309
17.25	0.05281670462
17.26	0.05746887402
17.27	0.06206499012
17.28	0.066603131
17.29	0.07108141472
17.3	0.075498
17.31	0.07985108687
17.32	0.0841389173
17.33	0.08835977584
17.34	0.09251199019
17.35	0.09659393177
17.36	0.1006040162
17.37	0.104540704
17.38	0.1084025009
17.39	0.1121879581
17.4	0.1158956734
17.41	0.1195242908
17.42	0.1230725015
17.43	0.1265390438
17.44	0.1299227038
17.45	0.1332223156
17.46	0.1364367614
17.47	0.1395649721
17.48	0.1426059272
17.49	0.1455586552
17.5	0.1484222338
17.51	0.1511957898
17.52	0.1538784998
17.53	0.1564695895
17.54	0.1589683346
17.55	0.1613740603
17.56	0.1636861415
17.57	0.165904003
17.58	0.1680271191
17.59	0.1700550139
17.6	0.1719872611
17.61	0.1738234839
17.62	0.1755633549
17.63	0.1772065961
17.64	0.1787529784
17.65	0.1802023218
17.66	0.1815544951
17.67	0.1828094153
17.68	0.1839670481
17.69	0.1850274067
17.7	0.1859905524
17.71	0.1868565937
17.72	0.1876256861
17.73	0.1882980318
17.74	0.1888738795
17.75	0.1893535235
17.76	0.1897373038
17.77	0.1900256054
17.78	0.1902188578
17.79	0.1903175348
17.8	0.1903221535
17.81	0.1902332744
17.82	0.1900515005
17.83	0.1897774767
17.84	0.1894118895
17.85	0.1889554661
17.86	0.188408974
17.87	0.1877732205
17.88	0.1870490518
17.89	0.1862373523
17.9	0.1853390444
17.91	0.1843550874
17.92	0.1832864767
17.93	0.1821342437
17.94	0.1808994544
17.95	0.1795832091
17.96	0.1781866415
17.97	0.176710918
17.98	0.1751572369
17.99	0.1735268274
18	0.1718209495
18.01	0.1700408922
18.02	0.1681879735
18.03	0.1662635394
18.04	0.1642689626
18.05	0.1622056425
18.06	0.1600750034
18.07	0.1578784946
18.08	0.1556175889
18.09	0.1532937817
18.1	0.1509085906
18.11	0.1484635543
18.12	0.1459602315
18.13	0.1434002004
18.14	0.1407850574
18.15	0.1381164165
18.16	0.1353959084
18.17	0.1326251794
18.18	0.1298058908
18.19	0.1269397175
18.2	0.1240283477
18.21	0.1210734816
18.22	0.1180768305
18.23	0.1150401162
18.24	0.1119650695
18.25	0.1088534302
18.26	0.1057069451
18.27	0.1025273681
18.28	0.09931645867
18.29	0.09607598115
18.3	0.09280770387
18.31	0.08951339823
18.32	0.08619483783
18.33	0.08285379754
18.34	0.07949205269
18.35	0.07611137813
18.36	0.07271354741
18.37	0.06930033188
18.38	0.06587349985
18.39	0.06243481575
18.4	0.05898603927
18.41	0.05552892454
18.42	0.05206521927
18.43	0.04859666397
18.44	0.04512499111
18.45	0.04165192434
18.46	0.03817917767
18.47	0.03470845471
18.48	0.03124144788
18.49	0.02777983764
18.5	0.02432529177
18.51	0.02087946459
18.52	0.01744399624
18.53	0.01402051196
18.54	0.0106106214
18.55	0.007215917888
18.56	0.003837977763
18.57	0.0004783597067
18.58	-0.002861395923
18.59	-0.006179767739
18.6	-0.009475253955
18.61	-0.01274637301
18.62	-0.01599166417
18.63	-0.01920968813
18.64	-0.02239902757
18.65	-0.02555828776
18.66	-0.02868609707
18.67	-0.03178110752
18.68	-0.03484199531
18.69	-0.03786746132
18.7	-0.04085623158
18.71	-0.04380705777
18.72	-0.04671871769
18.73	-0.04959001566
18.74	-0.052419783
18.75	-0.0552068784
18.76	-0.05795018833
18.77	-0.06064862745
18.78	-0.06330113891
18.79	-0.06590669479
18.8	-0.06846429633
18.81	-0.07097297433
18.82	-0.07343178939
18.83	-0.07583983223
18.84	-0.07819622396
18.85	-0.08050011628
18.86	-0.08275069177
18.87	-0.08494716409
18.88	-0.08708877815
18.89	-0.08917481035
18.9	-0.09120456868
18.91	-0.09317739295
18.92	-0.09509265485
18.93	-0.09694975809
18.94	-0.09874813854
18.95	-0.1004872643
18.96	-0.1021666356
18.97	-0.1037857853
18.98	-0.1053442783
18.99	-0.1068417122
19	-0.1082777167
19.01	-0.1096519541
19.02	-0.110964119
19.03	-0.1122139383
19.04	-0.1134011711
19.05	-0.1145256088
19.06	-0.1155870747
19.07	-0.1165854243
19.08	-0.1175205448
19.09	-0.1183923552
19.1	-0.119200806
19.11	-0.1199458794
19.12	-0.1206275883
19.13	-0.1212459772
19.14	-0.1218011211
19.15	-0.1222931256
19.16	-0.1227221269
19.17	-0.1230882912
19.18	-0.1233918144
19.19	-0.1236329224
19.2	-0.12381187
19.21	-0.1239289411
19.22	-0.1239844485
19.23	-0.1239787332
19.24	-0.1239121641
19.25	-0.1237851381
19.26	-0.1235980792
19.27	-0.1233514383
19.28	-0.123045693
19.29	-0.122681347
19.3	-0.1222589299
19.31	-0.1217789964
19.32	-0.1212421263
19.33	-0.1206489239
19.34	-0.1200000174
19.35	-0.1192960589
19.36	-0.1185377234
19.37	-0.1177257085
19.38	-0.1168607342
19.39	-0.115943542
19.4	-0.1149748949
19.41	-0.1139555763
19.42	-0.1128863899
19.43	-0.1117681592
19.44	-0.1106017266
19.45	-0.1093879535
19.46	-0.1081277191
19.47	-0.1068219203
19.48	-0.1054714709
19.49	-0.1040773012
19.5	-0.1026403576
19.51	-0.1011616015
19.52	-0.09964200929
19.53	-0.09808257164
19.54	-0.09648429273
19.55	-0.09484818983
19.56	-0.09317529274
19.57	-0.09146664314
19.58	-0.08972329406
19.59	-0.08794630924
19.6	-0.08613676261
19.61	-0.08429573764
19.62	-0.0824243268
19.63	-0.08052363094
19.64	-0.0785947587
19.65	-0.07663882594
19.66	-0.07465695511
19.67	-0.07265027471
19.68	-0.07061991867
19.69	-0.06856702574
19.7	-0.06649273896
19.71	-0.06439820502
19.72	-0.0622845737
19.73	-0.06015299727
19.74	-0.05800462993
19.75	-0.05584062723
19.76	-0.05366214547
19.77	-0.05147034114
19.78	-0.04926637039
19.79	-0.04705138838
19.8	-0.04482654881
19.81	-0.04259300329
19.82	-0.04035190083
19.83	-0.03810438728
19.84	-0.03585160478
19.85	-0.03359469123
19.86	-0.03133477973
19.87	-0.02907299811
19.88	-0.02681046835
19.89	-0.02454830608
19.9	-0.0222876201
19.91	-0.02002951182
19.92	-0.01777507482
19.93	-0.01552539433
19.94	-0.01328154674
19.95	-0.01104459916
19.96	-0.008815608901
19.97	-0.006595623061
19.98	-0.004385678043
19.99	-0.002186799121
20	-1.699933715e-16
20.01	0.00217371761
20.02	0.004333364416
20.03	0.006477963955
20.04	0.008606552993
20.05	0.01071818192
20.06	0.01281191515
20.07	0.01488683145
20.08	0.01694202438
20.09	0.01897660257
20.1	0.02098969015
20.11	0.02298042699
20.12	0.02494796913
20.13	0.02689148903
20.14	0.02881017589
20.15	0.03070323597
20.16	0.03256989286
20.17	0.03440938776
20.18	0.03622097975
20.19	0.03800394605
20.2	0.03975758224
20.21	0.04148120256
20.22	0.04317414005
20.23	0.04483574683
20.24	0.04646539429
20.25	0.04806247326
20.26	0.04962639422
20.27	0.05115658745
20.28	0.05265250322
20.29	0.0541136119
20.3	0.05553940413
20.31	0.05692939096
20.32	0.05828310393
20.33	0.0596000952
20.34	0.06087993764
20.35	0.06212222493
20.36	0.06332657163
20.37	0.06449261321
20.38	0.06562000617
20.39	0.06670842801
20.4	0.06775757733
20.41	0.06876717379
20.42	0.06973695819
20.43	0.07066669239
20.44	0.07155615937
20.45	0.07240516319
20.46	0.07321352894
20.47	0.0739811027
20.48	0.07470775154
20.49	0.0753933634
20.5	0.07603784705
20.51	0.07664113201
20.52	0.07720316844
20.53	0.07772392707
20.54	0.07820339907
20.55	0.07864159595
20.56	0.0790385494
20.57	0.0793943112
20.58	0.07970895304
20.59	0.07998256637
20.6	0.08021526225
20.61	0.08040717118
20.62	0.08055844288
20.63	0.08066924616
20.64	0.0807397687
20.65	0.0807702168
20.66	0.08076081525
20.67	0.08071180705
20.68	0.0806234532
20.69	0.08049603244
20.7	0.08032984107
20.71	0.08012519262
20.72	0.07988241766
20.73	0.07960186348
20.74	0.07928389388
20.75	0.07892888882
20.76	0.07853724422
20.77	0.07810937158
20.78	0.07764569776
20.79	0.07714666464
20.8	0.07661272883
20.81	0.07604436134
20.82	0.07544204728
20.83	0.07480628551
20.84	0.07413758836
20.85	0.07343648126
20.86	0.0727035024
20.87	0.07193920243
20.88	0.07114414407
20.89	0.07031890178
20.9	0.0694640614
20.91	0.06858021984
20.92	0.06766798462
20.93	0.06672797364
20.94	0.06576081468
20.95	0.06476714515
20.96	0.06374761162
20.97	0.06270286954
20.98	0.06163358279
20.99	0.06054042334
21	0.05942407086
21.01	0.05828521235
21.02	0.05712454177
21.03	0.0559427596
21.04	0.05474057254
21.05	0.05351869305
21.06	0.05227783903
21.07	0.05101873338
21.08	0.04974210365
21.09	0.04844868165
21.1	0.04713920304
21.11	0.04581440698
21.12	0.04447503573
21.13	0.04312183426
21.14	0.04175554989
21.15	0.04037693188
21.16	0.03898673107
21.17	0.03758569951
21.18	0.03617459004
21.19	0.03475415598
21.2	0.03332515069
21.21	0.03188832727
21.22	0.03044443812
21.23	0.02899423463
21.24	0.02753846679
21.25	0.02607788284
21.26	0.02461322889
21.27	0.02314524862
21.28	0.02167468287
21.29	0.02020226932
21.3	0.01872874215
21.31	0.0172548317
21.32	0.01578126412
21.33	0.01430876105
21.34	0.01283803928
21.35	0.01136981047
21.36	0.009904780763
21.37	0.008443650525
21.38	0.006987114012
21.39	0.005535859072
21.4	0.004090566845
21.41	0.002651911467
21.42	0.001220559782
21.43	-0.0002028289421
21.44	-0.001617603291
21.45	-0.003023119978
21.46	-0.004418744113
21.47	-0.00580384946
21.48	-0.007177818696
21.49	-0.008540043661
21.5	-0.009889925598
21.51	-0.0112268754
21.52	-0.01255031382
21.53	-0.01385967173
21.54	-0.01515439032
21.55	-0.01643392129
21.56	-0.01769772711
21.57	-0.01894528117
21.58	-0.020176068
21.59	-0.02138958343
21.6	-0.02258533481
21.61	-0.02376284115
21.62	-0.02492163331
21.63	-0.02606125413
21.64	-0.02718125861
21.65	-0.02828121404
21.66	-0.02936070015
21.67	-0.03041930924
21.68	-0.0314566463
21.69	-0.03247232912
21.7	-0.03346598842
21.71	-0.03443726795
21.72	-0.03538582458
21.73	-0.03631132837
21.74	-0.03721346271
21.75	-0.03809192433
21.76	-0.03894642343
21.77	-0.03977668369
21.78	-0.04058244235
21.79	-0.04136345027
21.8	-0.04211947194
21.81	-0.04285028553
21.82	-0.04355568292
21.83	-0.04423546972
21.84	-0.04488946529
21.85	-0.04551750272
21.86	-0.04611942885
21.87	-0.04669510427
21.88	-0.04724440328
21.89	-0.04776721391
21.9	-0.04826343784
21.91	-0.04873299041
21.92	-0.04917580058
21.93	-0.04959181083
21.94	-0.04998097719
21.95	-0.05034326911
21.96	-0.05067866941
21.97	-0.05098717426
21.98	-0.05126879302
21.99	-0.05152354823
22	-0.05175147547
22.01	-0.05195262328
22.02	-0.05212705307
22.03	-0.05227483902
22.04	-0.05239606791
22.05	-0.05249083909
22.06	-0.05255926427
22.07	-0.05260146745
22.08	-0.05261758478
22.09	-0.05260776437
22.1	-0.05257216622
22.11	-0.05251096201
22.12	-0.05242433497
22.13	-0.05231247973
22.14	-0.05217560214
22.15	-0.05201391911
22.16	-0.05182765842
22.17	-0.05161705859
22.18	-0.05138236862
22.19	-0.0511238479
22.2	-0.05084176594
22.21	-0.05053640223
22.22	-0.05020804599
22.23	-0.04985699604
22.24	-0.04948356054
22.25	-0.04908805679
22.26	-0.04867081106
22.27	-0.0482321583
22.28	-0.04777244203
22.29	-0.047292014
22.3	-0.04679123406
22.31	-0.0462704699
22.32	-0.04573009683
22.33	-0.04517049752
22.34	-0.04459206182
22.35	-0.04399518649
22.36	-0.04338027496
22.37	-0.04274773713
22.38	-0.04209798909
22.39	-0.04143145288
22.4	-0.04074855629
22.41	-0.04004973256
22.42	-0.03933542016
22.43	-0.03860606258
22.44	-0.03786210799
22.45	-0.0371040091
22.46	-0.03633222283
22.47	-0.03554721009
22.48	-0.03474943554
22.49	-0.03393936731
22.5	-0.03311747679
22.51	-0.03228423834
22.52	-0.03144012906
22.53	-0.03058562854
22.54	-0.02972121858
22.55	-0.02884738301
22.56	-0.02796460735
22.57	-0.02707337864
22.58	-0.02617418513
22.59	-0.02526751608
22.6	-0.02435386148
22.61	-0.02343371184
22.62	-0.0225075579
22.63	-0.02157589044
22.64	-0.02063919999
22.65	-0.01969797663
22.66	-0.01875270971
22.67	-0.01780388767
22.68	-0.01685199774
22.69	-0.01589752578
22.7	-0.01494095598
22.71	-0.01398277068
22.72	-0.01302345013
22.73	-0.01206347224
22.74	-0.01110331242
22.75	-0.0101434433
22.76	-0.009184334543
22.77	-0.008226452642
22.78	-0.007270260687
22.79	-0.006316218168
22.8	-0.005364780773
22.81	-0.004416400183
22.82	-0.003471523877
22.83	-0.002530594935
22.84	-0.00159405185
22.85	-0.0006623283353
22.86	0.0002641468556
22.87	0.001184950112
22.88	0.002099663143
22.89	0.00300787315
22.9	0.003909172999
22.91	0.004803161384
22.92	0.005689442991
22.93	0.006567628656
22.94	0.007437335517
22.95	0.00829818717
22.96	0.009149813808
22.97	0.009991852369
22.98	0.01082394667
22.99	0.01164574755
23	0.01245691297
23.01	0.01325710819
23.02	0.01404600584
23.03	0.01482328607
23.04	0.01558863663
23.05	0.01634175301
23.06	0.01708233853
23.07	0.01781010445
23.08	0.01852477002
23.09	0.01922606263
23.1	0.01991371787
23.11	0.02058747959
23.12	0.02124710001
23.13	0.02189233978
23.14	0.02252296803
23.15	0.02313876246
23.16	0.02373950938
23.17	0.02432500376
23.18	0.02489504931
23.19	0.02544945848
23.2	0.02598805253
23.21	0.02651066156
23.22	0.02701712452
23.23	0.02750728926
23.24	0.02798101257
23.25	0.02843816014
23.26	0.02887860661
23.27	0.02930223558
23.28	0.0297089396
23.29	0.03009862018
23.3	0.03047118777
23.31	0.03082656178
23.32	0.03116467053
23.33	0.03148545124
23.34	0.03178885003
23.35	0.03207482188
23.36	0.03234333059
23.37	0.03259434876
23.38	0.03282785774
23.39	0.03304384759
23.4	0.03324231703
23.41	0.0334232734
23.42	0.03358673259
23.43	0.033732719
23.44	0.03386126544
23.45	0.03397241312
23.46	0.03406621153
23.47	0.03414271839
23.48	0.03420199956
23.49	0.03424412898
23.5	0.03426918855
23.51	0.03427726808
23.52	0.03426846517
23.53	0.03424288515
23.54	0.03420064094
23.55	0.03414185297
23.56	0.03406664907
23.57	0.03397516438
23.58	0.03386754122
23.59	0.033743929
23.6	0.03360448405
23.61	0.03344936959
23.62	0.03327875552
23.63	0.03309281835
23.64	0.03289174107
23.65	0.032675713
23.66	0.03244492966
23.67	0.03219959266
23.68	0.03193990956
23.69	0.0316660937
23.7	0.03137836411
23.71	0.03107694533
23.72	0.03076206727
23.73	0.03043396509
23.74	0.03009287903
23.75	0.02973905429
23.76	0.02937274082
23.77	0.02899419324
23.78	0.02860367065
23.79	0.02820143647
23.8	0.02778775831
23.81	0.02736290778
23.82	0.02692716038
23.83	0.02648079528
23.84	0.02602409522
23.85	0.02555734632
23.86	0.02508083792
23.87	0.02459486242
23.88	0.02409971512
23.89	0.02359569407
23.9	0.02308309987
23.91	0.02256223556
23.92	0.02203340642
23.93	0.0214969198
23.94	0.02095308499
23.95	0.02040221304
23.96	0.01984461657
23.97	0.01928060967
23.98	0.01871050767
23.99	0.01813462702
24	0.01755328511
24.01	0.01696680012
24.02	0.01637549084
24.03	0.01577967653
24.04	0.01517967676
24.05	0.01457581124
24.06	0.01396839966
24.07	0.01335776153
24.08	0.01274421606
24.09	0.01212808196
24.1	0.0115096773
24.11	0.01088931938
24.12	0.01026732455
24.13	0.009644008073
24.14	0.009019683974
24.15	0.008394664897
24.16	0.007769261955
24.17	0.007143784591
24.18	0.006518540432
24.19	0.005893835148
24.2	0.00526997232
24.21	0.004647253297
24.22	0.004025977062
24.23	0.003406440104
24.24	0.002788936283
24.25	0.002173756701
24.26	0.001561189581
24.27	0.000951520134
24.28	0.0003450304455
24.29	-0.0002580006497
24.3	-0.0008572976831
24.31	-0.001452588668
24.32	-0.002043605212
24.33	-0.002630082627
24.34	-0.003211760039
24.35	-0.00378838049
24.36	-0.004359691044
24.37	-0.004925442886
24.38	-0.005485391418
24.39	-0.006039296357
24.4	-0.006586921824
24.41	-0.007128036436
24.42	-0.007662413391
24.43	-0.008189830553
24.44	-0.008710070534
24.45	-0.009222920769
24.46	-0.009728173596
24.47	-0.01022562632
24.48	-0.01071508131
24.49	-0.01119634601
24.5	-0.01166923307
24.51	-0.01213356036
24.52	-0.01258915105
24.53	-0.01303583365
24.54	-0.01347344208
24.55	-0.0139018157
24.56	-0.01432079938
24.57	-0.01473024351
24.58	-0.01513000408
24.59	-0.01551994269
24.6	-0.01589992659
24.61	-0.01626982871
24.62	-0.01662952769
24.63	-0.01697890792
24.64	-0.01731785955
24.65	-0.01764627847
24.66	-0.01796406643
24.67	-0.01827113093
24.68	-0.01856738532
24.69	-0.01885274878
24.7	-0.01912714631
24.71	-0.01939050873
24.72	-0.01964277274
24.73	-0.01988388082
24.74	-0.0201137813
24.75	-0.02033242832
24.76	-0.0205397818
24.77	-0.02073580749
24.78	-0.02092047687
24.79	-0.02109376717
24.8	-0.02125566137
24.81	-0.02140614813
24.82	-0.02154522177
24.83	-0.02167288228
24.84	-0.02178913523
24.85	-0.02189399176
24.86	-0.02198746856
24.87	-0.02206958779
24.88	-0.02214037706
24.89	-0.02219986938
24.9	-0.02224810312
24.91	-0.02228512193
24.92	-0.02231097472
24.93	-0.0223257156
24.94	-0.02232940378
24.95	-0.02232210359
24.96	-0.02230388433
24.97	-0.02227482027
24.98	-0.02223499057
24.99	-0.02218447918
25	-0.02212337481
25.01	-0.02205177083
25.02	-0.02196976522
25.03	-0.02187746048
25.04	-0.02177496354
25.05	-0.02166238572
25.06	-0.02153984262
25.07	-0.02140745401
25.08	-0.02126534383
25.09	-0.02111364002
25.1	-0.02095247446
25.11	-0.02078198291
25.12	-0.0206023049
25.13	-0.02041358361
25.14	-0.02021596584
25.15	-0.02000960184
25.16	-0.01979464529
25.17	-0.01957125317
25.18	-0.01933958563
25.19	-0.01909980597
25.2	-0.01885208047
25.21	-0.01859657831
25.22	-0.01833347151
25.23	-0.01806293478
25.24	-0.01778514541
25.25	-0.01750028323
25.26	-0.01720853044
25.27	-0.01691007156
25.28	-0.01660509326
25.29	-0.01629378433
25.3	-0.01597633554
25.31	-0.01565293951
25.32	-0.01532379064
25.33	-0.014989085
25.34	-0.01464902021
25.35	-0.01430379533
25.36	-0.01395361079
25.37	-0.01359866823
25.38	-0.01323917043
25.39	-0.01287532119
25.4	-0.01250732525
25.41	-0.01213538812
25.42	-0.01175971606
25.43	-0.0113805159
25.44	-0.01099799499
25.45	-0.01061236104
25.46	-0.01022382207
25.47	-0.00983258628
25.48	-0.009438861938
25.49	-0.009042857296
25.5	-0.008644780481
25.51	-0.00824483939
25.52	-0.007843241591
25.53	-0.007440194227
25.54	-0.007035903911
25.55	-0.006630576632
25.56	-0.006224417657
25.57	-0.00581763143
25.58	-0.005410421484
25.59	-0.005002990341
25.6	-0.004595539418
25.61	-0.004188268941
25.62	-0.003781377846
25.63	-0.003375063694
25.64	-0.002969522583
25.65	-0.002564949054
25.66	-0.002161536012
25.67	-0.001759474637
25.68	-0.001358954302
25.69	-0.0009601624912
25.7	-0.0005632847163
25.71	-0.0001685044406
25.72	0.0002239970005
25.73	0.0006140404754
25.74	0.001001449131
25.75	0.001386048468
25.76	0.001767666407
25.77	0.002146133365
25.78	0.002521282321
25.79	0.002892948882
25.8	0.003260971347
25.81	0.003625190775
25.82	0.003985451042
25.83	0.004341598901
25.84	0.004693484045
25.85	0.005040959156
25.86	0.005383879965
25.87	0.005722105302
25.88	0.006055497147
25.89	0.006383920682
25.9	0.006707244332
25.91	0.007025339817
25.92	0.007338082189
25.93	0.007645349879
25.94	0.007947024732
25.95	0.008242992047
25.96	0.008533140614
25.97	0.008817362743
25.98	0.009095554301
25.99	0.009367614739
26	0.00963344712
26.01	0.009892958146
26.02	0.01014605818
26.03	0.01039266128
26.04	0.01063268519
26.05	0.01086605139
26.06	0.01109268509
26.07	0.01131251528
26.08	0.01152547468
26.09	0.01173149981
26.1	0.01193053097
26.11	0.01212251225
26.12	0.01230739154
26.13	0.01248512051
26.14	0.01265565467
26.15	0.0128189533
26.16	0.01297497949
26.17	0.0131237001
26.18	0.01326508581
26.19	0.01339911106
26.2	0.01352575405
26.21	0.01364499674
26.22	0.01375682486
26.23	0.01386122782
26.24	0.01395819877
26.25	0.01404773456
26.26	0.01412983567
26.27	0.01420450627
26.28	0.01427175414
26.29	0.01433159064
26.3	0.01438403073
26.31	0.01442909291
26.32	0.01446679916
26.33	0.01449717499
26.34	0.01452024932
26.35	0.0145360545
26.36	0.01454462624
26.37	0.01454600362
26.38	0.01454022899
26.39	0.01452734797
26.4	0.0145074094
26.41	0.01448046529
26.42	0.01444657077
26.43	0.01440578408
26.44	0.01435816647
26.45	0.01430378219
26.46	0.01424269843
26.47	0.01417498527
26.48	0.01410071561
26.49	0.01401996515
26.5	0.01393281233
26.51	0.01383933823
26.52	0.01373962658
26.53	0.01363376367
26.54	0.01352183828
26.55	0.01340394165
26.56	0.01328016739
26.57	0.01315061146
26.58	0.01301537207
26.59	0.01287454963
26.6	0.0127282467
26.61	0.01257656793
26.62	0.01241961995
26.63	0.01225751137
26.64	0.01209035268
26.65	0.01191825618
26.66	0.01174133592
26.67	0.01155970766
26.68	0.01137348874
26.69	0.0111827981
26.7	0.01098775613
26.71	0.01078848465
26.72	0.01058510683
26.73	0.01037774711
26.74	0.01016653115
26.75	0.009951585747
26.76	0.009733038779
26.77	0.009511019119
26.78	0.009285656579
26.79	0.009057081836
26.8	0.008825426361
26.81	0.008590822353
26.82	0.008353402668
26.83	0.00811330075
26.84	0.007870650562
26.85	0.007625586516
26.86	0.007378243409
26.87	0.007128756347
26.88	0.006877260682
26.89	0.006623891943
26.9	0.006368785769
26.91	0.006112077839
26.92	0.005853903808
26.93	0.005594399241
26.94	0.005333699543
26.95	0.005071939896
26.96	0.004809255197
26.97	0.004545779987
26.98	0.004281648391
26.99	0.004016994056
27	0.003751950085
27.01	0.003486648975
27.02	0.003221222558
27.03	0.002955801939
27.04	0.002690517435
27.05	0.002425498518
27.06	0.002160873753
27.07	0.001896770745
27.08	0.001633316076
27.09	0.001370635256
27.1	0.001108852661
27.11	0.000848091485
27.12	0.0005884736805
27.13	0.0003301199103
27.14	7.31494947e-05
27.15	-0.0001823196395
27.16	-0.0004361710082
27.17	-0.0006882896184
27.18	-0.0009385620164
27.19	-0.001186876333
27.2	-0.001433122332
27.21	-0.001677191449
27.22	-0.001918976841
27.23	-0.002158373425
27.24	-0.002395277919
27.25	-0.002629588884
27.26	-0.00286120676
27.27	-0.003090033906
27.28	-0.003315974637
27.29	-0.003538935254
27.3	-0.003758824088
27.31	-0.003975551521
27.32	-0.004189030028
27.33	-0.004399174201
27.34	-0.004605900781
27.35	-0.004809128685
27.36	-0.005008779035
27.37	-0.00520477518
27.38	-0.005397042722
27.39	-0.005585509542
27.4	-0.005770105816
27.41	-0.005950764039
27.42	-0.006127419045
27.43	-0.006300008024
27.44	-0.006468470537
27.45	-0.006632748535
27.46	-0.00679278637
27.47	-0.00694853081
27.48	-0.007099931049
27.49	-0.007246938719
27.5	-0.0073895079
27.51	-0.007527595125
27.52	-0.007661159388
27.53	-0.00779016215
27.54	-0.007914567342
27.55	-0.008034341372
27.56	-0.008149453118
27.57	-0.008259873938
27.58	-0.008365577665
27.59	-0.008466540602
27.6	-0.008562741526
27.61	-0.008654161676
27.62	-0.008740784754
27.63	-0.008822596915
27.64	-0.008899586757
27.65	-0.008971745318
27.66	-0.00903906606
27.67	-0.00910154486
27.68	-0.00915918
27.69	-0.009211972148
27.7	-0.009259924349
27.71	-0.009303042004
27.72	-0.00934133286
27.73	-0.009374806985
27.74	-0.009403476752
27.75	-0.009427356822
27.76	-0.009446464118
27.77	-0.009460817809
27.78	-0.00947043928
27.79	-0.009475352115
27.8	-0.009475582068
27.81	-0.009471157039
27.82	-0.009462107049
27.83	-0.009448464208
27.84	-0.009430262691
27.85	-0.009407538707
27.86	-0.00938033047
27.87	-0.009348678168
27.88	-0.009312623929
27.89	-0.009272211793
27.9	-0.009227487676
27.91	-0.009178499338
27.92	-0.009125296346
27.93	-0.009067930041
27.94	-0.009006453502
27.95	-0.008940921507
27.96	-0.008871390502
27.97	-0.008797918556
27.98	-0.008720565327
27.99	-0.008639392022
28	-0.008554461358
28.01	-0.008465837524
28.02	-0.008373586136
28.03	-0.008277774201
28.04	-0.008178470072
28.05	-0.008075743411
28.06	-0.00796966514
28.07	-0.007860307407
28.08	-0.007747743536
28.09	-0.007632047989
28.1	-0.007513296319
28.11	-0.007391565129
28.12	-0.007266932027
28.13	-0.007139475581
28.14	-0.007009275276
28.15	-0.00687641147
28.16	-0.006740965347
28.17	-0.006603018875
28.18	-0.006462654758
28.19	-0.006319956394
28.2	-0.006175007827
28.21	-0.006027893706
28.22	-0.005878699234
28.23	-0.005727510128
28.24	-0.005574412572
28.25	-0.005419493169
28.26	-0.005262838903
28.27	-0.005104537085
28.28	-0.004944675318
28.29	-0.004783341442
28.3	-0.004620623498
28.31	-0.004456609678
28.32	-0.004291388284
28.33	-0.004125047683
28.34	-0.003957676262
28.35	-0.003789362387
28.36	-0.003620194356
28.37	-0.003450260361
28.38	-0.003279648441
28.39	-0.00310844644
28.4	-0.00293674197
28.41	-0.002764622362
28.42	-0.002592174631
28.43	-0.002419485431
28.44	-0.002246641018
28.45	-0.002073727205
28.46	-0.001900829329
28.47	-0.001728032208
28.48	-0.001555420101
28.49	-0.001383076676
28.5	-0.001211084964
28.51	-0.001039527331
28.52	-0.0008684854332
28.53	-0.0006980401876
28.54	-0.0005282717331
28.55	-0.0003592593972
28.56	-0.0001910816613
28.57	-2.381612742e-05
28.58	0.0001424605145
28.59	0.0003076725189
28.6	0.0004717451165
28.61	0.0006346045445
28.62	0.0007961780773
28.63	0.0009563940561
28.64	0.001115181917
28.65	0.00127247222
28.66	0.001428196676
28.67	0.001582288173
28.68	0.001734680803
28.69	0.001885309886
28.7	0.002034111995
28.71	0.00218102498
28.72	0.002325987992
28.73	0.0024689415
28.74	0.00260982732
28.75	0.002748588629
28.76	0.002885169988
28.77	0.003019517361
28.78	0.003151578131
28.79	0.003281301119
28.8	0.003408636602
28.81	0.003533536325
28.82	0.003655953519
28.83	0.003775842912
28.84	0.003893160748
28.85	0.004007864793
28.86	0.004119914349
28.87	0.004229270266
28.88	0.004335894952
28.89	0.004439752379
28.9	0.004540808097
28.91	0.004639029233
28.92	0.004734384508
28.93	0.004826844234
28.94	0.004916380325
28.95	0.005002966296
28.96	0.005086577272
28.97	0.005167189987
28.98	0.005244782787
28.99	0.005319335629
29	0.005390830084
29.01	0.005459249337
29.02	0.005524578181
29.03	0.005586803019
29.04	0.00564591186
29.05	0.005701894314
29.06	0.00575474159
29.07	0.005804446489
29.08	0.005851003397
29.09	0.005894408281
29.1	0.00593465868
29.11	0.005971753696
29.12	0.006005693987
29.13	0.006036481757
29.14	0.006064120742
29.15	0.006088616206
29.16	0.006109974924
29.17	0.006128205168
29.18	0.006143316702
29.19	0.006155320759
29.2	0.006164230034
29.21	0.006170058664
29.22	0.006172822215
29.23	0.006172537665
29.24	0.006169223388
29.25	0.006162899135
29.26	0.006153586018
29.27	0.006141306491
29.28	0.00612608433
29.29	0.006107944612
29.3	0.0060869137
29.31	0.006063019218
29.32	0.00603629003
29.33	0.006006756221
29.34	0.005974449073
29.35	0.005939401042
29.36	0.005901645738
29.37	0.005861217897
29.38	0.005818153361
29.39	0.005772489054
29.4	0.005724262952
29.41	0.005673514066
29.42	0.005620282411
29.43	0.005564608981
29.44	0.005506535726
29.45	0.005446105521
29.46	0.005383362145
29.47	0.005318350249
29.48	0.005251115332
29.49	0.005181703712
29.5	0.005110162499
29.51	0.005036539568
29.52	0.004960883529
29.53	0.0048832437
29.54	0.004803670078
29.55	0.004722213312
29.56	0.00463892467
29.57	0.004553856016
29.58	0.004467059775
29.59	0.004378588911
29.6	0.004288496889
29.61	0.004196837653
29.62	0.004103665594
29.63	0.004009035519
29.64	0.003913002625
29.65	0.003815622467
29.66	0.003716950928
29.67	0.003617044194
29.68	0.003515958719
29.69	0.003413751198
29.7	0.003310478541
29.71	0.003206197836
29.72	0.003100966329
29.73	0.002994841388
29.74	0.002887880476
29.75	0.002780141126
29.76	0.002671680905
29.77	0.002562557393
29.78	0.002452828151
29.79	0.00234255069
29.8	0.00223178245
29.81	0.002120580767
29.82	0.002009002845
29.83	0.001897105735
29.84	0.001784946298
29.85	0.001672581189
29.86	0.001560066821
29.87	0.001447459345
29.88	0.001334814621
29.89	0.001222188193
29.9	0.001109635266
29.91	0.0009972106743
29.92	0.0008849688653
29.93	0.0007729638688
29.94	0.0006612492756
29.95	0.0005498782134
29.96	0.0004389033231
29.97	0.0003283767363
29.98	0.0002183500526
29.99	0.0001088743173
30	-4.842380552e-18
