temps	angle
0	0
0.01	0.3128922707
0.02	0.6232095095
0.03	0.9308910288
0.04	1.235877314
0.05	1.538110031
0.06	1.837532029
0.07	2.134087351
0.08	2.427721233
0.09	2.718380115
0.1	3.006011639
0.11	3.290564658
0.12	3.57198924
0.13	3.850236666
0.14	4.125259439
0.15	4.397011284
0.16	4.66544715
0.17	4.930523212
0.18	5.192196877
0.19	5.450426776
0.2	5.705172776
0.21	5.956395974
0.22	6.204058696
0.23	6.448124505
0.24	6.688558191
0.25	6.925325777
0.26	7.158394517
0.27	7.387732892
0.28	7.613310612
0.29	7.83509861
0.3	8.053069046
0.31	8.267195297
0.32	8.477451961
0.33	8.68381485
0.34	8.886260987
0.35	9.084768604
0.36	9.279317137
0.37	9.469887221
0.38	9.656460687
0.39	9.839020558
0.4	10.01755104
0.41	10.19203752
0.42	10.36246656
0.43	10.5288259
0.44	10.69110442
0.45	10.84929217
0.46	11.00338037
0.47	11.15336134
0.48	11.29922857
0.49	11.44097666
0.5	11.57860135
0.51	11.71209947
0.52	11.84146897
0.53	11.9667089
0.54	12.08781938
0.55	12.20480163
0.56	12.31765792
0.57	12.42639161
0.58	12.53100708
0.59	12.63150977
0.6	12.72790616
0.61	12.82020373
0.62	12.908411
0.63	12.99253747
0.64	13.07259365
0.65	13.14859102
0.66	13.22054202
0.67	13.28846009
0.68	13.35235956
0.69	13.41225576
0.7	13.46816489
0.71	13.5201041
0.72	13.56809143
0.73	13.61214581
0.74	13.65228705
0.75	13.68853583
0.76	13.72091367
0.77	13.74944295
0.78	13.77414686
0.79	13.79504943
0.8	13.81217547
0.81	13.82555059
0.82	13.83520118
0.83	13.8411544
0.84	13.84343814
0.85	13.84208104
0.86	13.83711248
0.87	13.82856252
0.88	13.81646195
0.89	13.80084222
0.9	13.78173546
0.91	13.75917445
0.92	13.73319262
0.93	13.70382403
0.94	13.67110335
0.95	13.63506585
0.96	13.5957474
0.97	13.55318441
0.98	13.5074139
0.99	13.45847338
1	13.40640092
1.01	13.35123511
1.02	13.29301504
1.03	13.23178027
1.04	13.16757084
1.05	13.10042727
1.06	13.03039051
1.07	12.95750193
1.08	12.88180334
1.09	12.80333692
1.1	12.72214528
1.11	12.63827137
1.12	12.55175851
1.13	12.46265037
1.14	12.37099095
1.15	12.27682456
1.16	12.18019582
1.17	12.08114964
1.18	11.9797312
1.19	11.87598593
1.2	11.76995954
1.21	11.66169794
1.22	11.55124726
1.23	11.43865387
1.24	11.32396429
1.25	11.20722525
1.26	11.08848361
1.27	10.96778641
1.28	10.84518083
1.29	10.72071413
1.3	10.59443374
1.31	10.46638714
1.32	10.33662192
1.33	10.20518573
1.34	10.07212628
1.35	9.937491314
1.36	9.801328631
1.37	9.663686031
1.38	9.524611325
1.39	9.38415232
1.4	9.2423568
1.41	9.099272522
1.42	8.954947197
1.43	8.809428482
1.44	8.662763967
1.45	8.515001161
1.46	8.366187484
1.47	8.21637025
1.48	8.065596663
1.49	7.913913796
1.5	7.76136859
1.51	7.608007833
1.52	7.453878157
1.53	7.299026022
1.54	7.143497708
1.55	6.987339302
1.56	6.830596689
1.57	6.673315541
1.58	6.515541309
1.59	6.357319207
1.6	6.19869421
1.61	6.039711037
1.62	5.880414147
1.63	5.720847725
1.64	5.561055674
1.65	5.401081609
1.66	5.240968842
1.67	5.080760378
1.68	4.920498903
1.69	4.760226779
1.7	4.599986031
1.71	4.439818342
1.72	4.279765043
1.73	4.119867108
1.74	3.96016514
1.75	3.80069937
1.76	3.641509647
1.77	3.482635428
1.78	3.324115775
1.79	3.165989344
1.8	3.008294383
1.81	2.851068719
1.82	2.694349758
1.83	2.538174472
1.84	2.382579399
1.85	2.227600632
1.86	2.073273817
1.87	1.919634145
1.88	1.766716344
1.89	1.61455468
1.9	1.463182947
1.91	1.312634461
1.92	1.16294206
1.93	1.014138096
1.94	0.8662544277
1.95	0.7193224225
1.96	0.5733729472
1.97	0.428436366
1.98	0.2845425359
1.99	0.1417208033
2	1.100538555e-15
2.01	-0.1405915599
2.02	-0.2800260833
2.03	-0.4182763017
2.04	-0.5553154734
2.05	-0.6911173868
2.06	-0.8256563632
2.07	-0.9589072587
2.08	-1.090845467
2.09	-1.221446921
2.1	-1.350688096
2.11	-1.478546009
2.12	-1.604998225
2.13	-1.730022853
2.14	-1.853598551
2.15	-1.975704526
2.16	-2.096320535
2.17	-2.215426888
2.18	-2.333004444
2.19	-2.449034617
2.2	-2.563499374
2.21	-2.676381233
2.22	-2.787663267
2.23	-2.897329104
2.24	-3.005362923
2.25	-3.111749458
2.26	-3.216473993
2.27	-3.319522368
2.28	-3.420880971
2.29	-3.520536742
2.3	-3.618477172
2.31	-3.714690299
2.32	-3.809164708
2.33	-3.901889531
2.34	-3.992854444
2.35	-4.082049666
2.36	-4.169465957
2.37	-4.255094615
2.38	-4.338927478
2.39	-4.420956915
2.4	-4.501175832
2.41	-4.579577661
2.42	-4.656156366
2.43	-4.730906433
2.44	-4.803822873
2.45	-4.874901213
2.46	-4.944137501
2.47	-5.011528296
2.48	-5.077070667
2.49	-5.140762192
2.5	-5.20260095
2.51	-5.262585523
2.52	-5.320714988
2.53	-5.376988914
2.54	-5.431407362
2.55	-5.483970873
2.56	-5.534680475
2.57	-5.583537669
2.58	-5.630544429
2.59	-5.6757032
2.6	-5.719016889
2.61	-5.760488862
2.62	-5.800122943
2.63	-5.837923404
2.64	-5.873894964
2.65	-5.908042781
2.66	-5.940372453
2.67	-5.970890005
2.68	-5.999601892
2.69	-6.026514986
2.7	-6.051636579
2.71	-6.074974371
2.72	-6.096536468
2.73	-6.116331377
2.74	-6.134367999
2.75	-6.150655624
2.76	-6.165203926
2.77	-6.178022957
2.78	-6.189123141
2.79	-6.19851527
2.8	-6.206210496
2.81	-6.212220326
2.82	-6.216556617
2.83	-6.219231568
2.84	-6.220257718
2.85	-6.219647936
2.86	-6.217415416
2.87	-6.213573674
2.88	-6.208136536
2.89	-6.201118138
2.9	-6.192532916
2.91	-6.182395601
2.92	-6.170721214
2.93	-6.157525056
2.94	-6.142822707
2.95	-6.126630016
2.96	-6.108963095
2.97	-6.089838314
2.98	-6.069272294
2.99	-6.0472819
3	-6.023884238
3.01	-5.999096643
3.02	-5.972936677
3.03	-5.94542212
3.04	-5.916570967
3.05	-5.886401417
3.06	-5.85493187
3.07	-5.822180921
3.08	-5.788167349
3.09	-5.752910117
3.1	-5.71642836
3.11	-5.678741383
3.12	-5.63986865
3.13	-5.599829782
3.14	-5.558644549
3.15	-5.516332863
3.16	-5.472914772
3.17	-5.428410454
3.18	-5.382840209
3.19	-5.336224457
3.2	-5.288583727
3.21	-5.239938653
3.22	-5.190309968
3.23	-5.139718495
3.24	-5.088185146
3.25	-5.035730911
3.26	-4.982376854
3.27	-4.928144108
3.28	-4.873053866
3.29	-4.817127376
3.3	-4.760385938
3.31	-4.702850893
3.32	-4.64454362
3.33	-4.585485532
3.34	-4.525698066
3.35	-4.465202678
3.36	-4.404020841
3.37	-4.342174034
3.38	-4.27968374
3.39	-4.216571441
3.4	-4.152858607
3.41	-4.088566696
3.42	-4.023717148
3.43	-3.958331374
3.44	-3.89243076
3.45	-3.826036651
3.46	-3.759170356
3.47	-3.691853133
3.48	-3.624106193
3.49	-3.555950688
3.5	-3.487407708
3.51	-3.418498279
3.52	-3.349243351
3.53	-3.279663802
3.54	-3.209780425
3.55	-3.139613931
3.56	-3.069184935
3.57	-2.998513959
3.58	-2.927621427
3.59	-2.856527654
3.6	-2.785252848
3.61	-2.713817104
3.62	-2.642240397
3.63	-2.570542582
3.64	-2.498743386
3.65	-2.426862404
3.66	-2.354919101
3.67	-2.282932797
3.68	-2.210922675
3.69	-2.138907767
3.7	-2.066906958
3.71	-1.994938976
3.72	-1.923022394
3.73	-1.85117562
3.74	-1.7794169
3.75	-1.707764311
3.76	-1.636235758
3.77	-1.564848969
3.78	-1.493621498
3.79	-1.422570712
3.8	-1.351713799
3.81	-1.281067754
3.82	-1.210649386
3.83	-1.140475306
3.84	-1.070561933
3.85	-1.000925485
3.86	-0.9315819767
3.87	-0.8625472216
3.88	-0.7938368247
3.89	-0.7254661819
3.9	-0.6574504777
3.91	-0.5898046827
3.92	-0.5225435514
3.93	-0.45568162
3.94	-0.3892332047
3.95	-0.323212399
3.96	-0.2576330724
3.97	-0.1925088685
3.98	-0.1278532029
3.99	-0.06367926174
4	-9.890076981e-16
4.01	0.06317185996
4.02	0.1258238299
4.03	0.1879436573
4.04	0.2495193264
4.05	0.3105390595
4.06	0.3709913184
4.07	0.4308648052
4.08	0.4901484636
4.09	0.5488314797
4.1	0.6069032829
4.11	0.6643535468
4.12	0.7211721899
4.13	0.7773493764
4.14	0.8328755166
4.15	0.8877412679
4.16	0.9419375344
4.17	0.9954554685
4.18	1.04828647
4.19	1.100422188
4.2	1.151854518
4.21	1.202575607
4.22	1.252577848
4.23	1.301853885
4.24	1.350396609
4.25	1.39819916
4.26	1.445254927
4.27	1.491557547
4.28	1.537100903
4.29	1.581879128
4.3	1.6258866
4.31	1.669117944
4.32	1.711568032
4.33	1.753231981
4.34	1.794105151
4.35	1.834183148
4.36	1.873461819
4.37	1.911937256
4.38	1.949605789
4.39	1.986463991
4.4	2.022508674
4.41	2.057736887
4.42	2.092145917
4.43	2.125733287
4.44	2.158496755
4.45	2.190434312
4.46	2.221544182
4.47	2.251824818
4.48	2.281274904
4.49	2.30989335
4.5	2.337679296
4.51	2.364632102
4.52	2.390751354
4.53	2.416036859
4.54	2.440488643
4.55	2.464106952
4.56	2.486892245
4.57	2.508845197
4.58	2.529966696
4.59	2.55025784
4.6	2.569719934
4.61	2.588354493
4.62	2.606163234
4.63	2.623148076
4.64	2.639311139
4.65	2.654654743
4.66	2.669181401
4.67	2.682893821
4.68	2.695794903
4.69	2.707887736
4.7	2.719175595
4.71	2.729661941
4.72	2.739350416
4.73	2.748244842
4.74	2.756349218
4.75	2.76366772
4.76	2.770204694
4.77	2.775964656
4.78	2.78095229
4.79	2.785172446
4.8	2.788630133
4.81	2.791330524
4.82	2.793278945
4.83	2.794480878
4.84	2.794941957
4.85	2.794667964
4.86	2.793664828
4.87	2.791938622
4.88	2.789495559
4.89	2.786341989
4.9	2.7824844
4.91	2.777929411
4.92	2.772683771
4.93	2.766754355
4.94	2.760148164
4.95	2.752872319
4.96	2.744934059
4.97	2.736340741
4.98	2.727099833
4.99	2.717218912
5	2.706705665
5.01	2.69556788
5.02	2.68381345
5.03	2.671450363
5.04	2.658486704
5.05	2.644930651
5.06	2.630790472
5.07	2.616074522
5.08	2.600791239
5.09	2.584949144
5.1	2.568556834
5.11	2.551622983
5.12	2.534156338
5.13	2.516165715
5.14	2.497659997
5.15	2.478648131
5.16	2.459139125
5.17	2.439142046
5.18	2.418666015
5.19	2.397720208
5.2	2.376313848
5.21	2.354456207
5.22	2.332156601
5.23	2.309424387
5.24	2.286268961
5.25	2.262699754
5.26	2.238726231
5.27	2.214357887
5.28	2.189604246
5.29	2.164474854
5.3	2.138979282
5.31	2.11312712
5.32	2.086927974
5.33	2.060391464
5.34	2.033527224
5.35	2.006344894
5.36	1.978854122
5.37	1.951064561
5.38	1.922985862
5.39	1.894627678
5.4	1.865999656
5.41	1.837111438
5.42	1.807972658
5.43	1.778592936
5.44	1.748981881
5.45	1.719149085
5.46	1.689104122
5.47	1.658856544
5.48	1.628415882
5.49	1.597791639
5.5	1.566993293
5.51	1.53603029
5.52	1.504912045
5.53	1.473647939
5.54	1.442247314
5.55	1.410719475
5.56	1.379073687
5.57	1.347319171
5.58	1.315465103
5.59	1.283520612
5.6	1.251494777
5.61	1.219396628
5.62	1.187235141
5.63	1.155019236
5.64	1.122757777
5.65	1.09045957
5.66	1.05813336
5.67	1.025787829
5.68	0.9934315953
5.69	0.9610732115
5.7	0.9287211624
5.71	0.8963838637
5.72	0.8640696601
5.73	0.8317868236
5.74	0.7995435524
5.75	0.7673479688
5.76	0.735208118
5.77	0.7031319664
5.78	0.6711274003
5.79	0.6392022246
5.8	0.607364161
5.81	0.575620847
5.82	0.5439798343
5.83	0.5124485879
5.84	0.4810344844
5.85	0.4497448111
5.86	0.4185867646
5.87	0.3875674496
5.88	0.3566938781
5.89	0.325972968
5.9	0.2954115421
5.91	0.2650163271
5.92	0.2347939526
5.93	0.2047509503
5.94	0.1748937526
5.95	0.1452286924
5.96	0.1157620016
5.97	0.08649981048
5.98	0.05744814723
5.99	0.02861293671
6	6.665847067e-16
6.01	-0.0283849464
6.02	-0.05653629117
6.03	-0.08444852887
6.04	-0.1121162605
6.05	-0.1395341939
6.06	-0.1666971448
6.07	-0.1936000366
6.08	-0.2202379014
6.09	-0.2466058803
6.1	-0.2726992234
6.11	-0.298513291
6.12	-0.324043553
6.13	-0.34928559
6.14	-0.3742350931
6.15	-0.3988878643
6.16	-0.4232398166
6.17	-0.4472869745
6.18	-0.4710254737
6.19	-0.4944515617
6.2	-0.5175615974
6.21	-0.5403520517
6.22	-0.562819507
6.23	-0.5849606576
6.24	-0.6067723095
6.25	-0.6282513804
6.26	-0.6493948994
6.27	-0.6702000074
6.28	-0.6906639565
6.29	-0.7107841097
6.3	-0.7305579415
6.31	-0.7499830368
6.32	-0.7690570911
6.33	-0.78777791
6.34	-0.8061434092
6.35	-0.8241516139
6.36	-0.8418006586
6.37	-0.8590887866
6.38	-0.8760143496
6.39	-0.8925758074
6.4	-0.9087717273
6.41	-0.9246007837
6.42	-0.9400617576
6.43	-0.9551535358
6.44	-0.969875111
6.45	-0.9842255805
6.46	-0.998204146
6.47	-1.011810113
6.48	-1.025042889
6.49	-1.037901986
6.5	-1.050387016
6.51	-1.062497693
6.52	-1.074233829
6.53	-1.085595339
6.54	-1.096582234
6.55	-1.107194624
6.56	-1.117432716
6.57	-1.127296813
6.58	-1.136787315
6.59	-1.145904713
6.6	-1.154649596
6.61	-1.163022643
6.62	-1.171024626
6.63	-1.178656408
6.64	-1.18591894
6.65	-1.192813266
6.66	-1.199340514
6.67	-1.205501901
6.68	-1.211298731
6.69	-1.216732391
6.7	-1.221804353
6.71	-1.226516172
6.72	-1.230869485
6.73	-1.234866008
6.74	-1.238507539
6.75	-1.241795954
6.76	-1.244733205
6.77	-1.247321323
6.78	-1.249562412
6.79	-1.25145865
6.8	-1.253012289
6.81	-1.254225653
6.82	-1.255101135
6.83	-1.255641198
6.84	-1.255848374
6.85	-1.255725261
6.86	-1.255274523
6.87	-1.254498889
6.88	-1.25340115
6.89	-1.25198416
6.9	-1.250250833
6.91	-1.248204145
6.92	-1.245847127
6.93	-1.243182868
6.94	-1.240214515
6.95	-1.236945267
6.96	-1.233378377
6.97	-1.229517151
6.98	-1.225364943
6.99	-1.220925159
7	-1.216201253
7.01	-1.211196723
7.02	-1.205915117
7.03	-1.200360024
7.04	-1.194535077
7.05	-1.18844395
7.06	-1.182090358
7.07	-1.175478055
7.08	-1.168610833
7.09	-1.161492521
7.1	-1.154126981
7.11	-1.146518112
7.12	-1.138669842
7.13	-1.130586134
7.14	-1.122270979
7.15	-1.113728397
7.16	-1.104962436
7.17	-1.095977169
7.18	-1.086776695
7.19	-1.077365137
7.2	-1.06774664
7.21	-1.057925369
7.22	-1.04790551
7.23	-1.037691268
7.24	-1.027286864
7.25	-1.016696536
7.26	-1.005924538
7.27	-0.9949751356
7.28	-0.9838526075
7.29	-0.972561244
7.3	-0.9611053452
7.31	-0.9494892199
7.32	-0.9377171846
7.33	-0.9257935623
7.34	-0.9137226809
7.35	-0.9015088728
7.36	-0.8891564729
7.37	-0.8766698179
7.38	-0.8640532453
7.39	-0.8513110918
7.4	-0.8384476925
7.41	-0.8254673796
7.42	-0.8123744815
7.43	-0.7991733215
7.44	-0.7858682169
7.45	-0.7724634776
7.46	-0.7589634054
7.47	-0.7453722926
7.48	-0.7316944213
7.49	-0.7179340621
7.5	-0.7040954732
7.51	-0.6901828992
7.52	-0.6762005705
7.53	-0.6621527018
7.54	-0.6480434914
7.55	-0.6338771204
7.56	-0.6196577514
7.57	-0.6053895276
7.58	-0.5910765721
7.59	-0.5767229869
7.6	-0.5623328518
7.61	-0.5479102238
7.62	-0.5334591359
7.63	-0.5189835967
7.64	-0.5044875889
7.65	-0.4899750691
7.66	-0.4754499666
7.67	-0.4609161826
7.68	-0.4463775896
7.69	-0.4318380306
7.7	-0.4173013179
7.71	-0.4027712329
7.72	-0.3882515253
7.73	-0.3737459118
7.74	-0.3592580762
7.75	-0.3447916679
7.76	-0.3303503021
7.77	-0.3159375581
7.78	-0.3015569796
7.79	-0.2872120734
7.8	-0.2729063093
7.81	-0.2586431189
7.82	-0.2444258954
7.83	-0.2302579932
7.84	-0.2161427266
7.85	-0.2020833701
7.86	-0.1880831573
7.87	-0.1741452807
7.88	-0.1602728908
7.89	-0.146469096
7.9	-0.1327369622
7.91	-0.1190795117
7.92	-0.1054997235
7.93	-0.0920005324
7.94	-0.07858482871
7.95	-0.06525545792
7.96	-0.05201522024
7.97	-0.03886687024
7.98	-0.02581311648
7.99	-0.01285662121
8	-3.99354421e-16
8.01	0.01275417856
8.02	0.02540339315
8.03	0.03794517
8.04	0.05037708317
8.05	0.06269675482
8.06	0.07490185539
8.07	0.0869901039
8.08	0.09895926811
8.09	0.1108071647
8.1	0.1225316596
8.11	0.1341306678
8.12	0.145602154
8.13	0.1569441324
8.14	0.1681546667
8.15	0.1792318709
8.16	0.1901739084
8.17	0.2009789929
8.18	0.2116453882
8.19	0.222171408
8.2	0.2325554164
8.21	0.2427958277
8.22	0.2528911061
8.23	0.2628397663
8.24	0.2726403733
8.25	0.282291542
8.26	0.2917919375
8.27	0.3011402751
8.28	0.3103353201
8.29	0.3193758877
8.3	0.3282608431
8.31	0.336989101
8.32	0.3455596261
8.33	0.3539714322
8.34	0.362223583
8.35	0.3703151909
8.36	0.3782454179
8.37	0.3860134746
8.38	0.3936186203
8.39	0.4010601629
8.4	0.4083374588
8.41	0.4154499124
8.42	0.4223969757
8.43	0.4291781488
8.44	0.435792979
8.45	0.4422410606
8.46	0.4485220349
8.47	0.4546355899
8.48	0.4605814596
8.49	0.4663594244
8.5	0.47196931
8.51	0.4774109877
8.52	0.4826843737
8.53	0.4877894292
8.54	0.4927261593
8.55	0.4974946135
8.56	0.5020948848
8.57	0.5065271094
8.58	0.5107914665
8.59	0.5148881778
8.6	0.518817507
8.61	0.5225797596
8.62	0.5261752822
8.63	0.5296044627
8.64	0.5328677289
8.65	0.5359655491
8.66	0.5388984307
8.67	0.5416669206
8.68	0.5442716042
8.69	0.546713105
8.7	0.5489920845
8.71	0.5511092412
8.72	0.5530653105
8.73	0.5548610642
8.74	0.5564973096
8.75	0.5579748896
8.76	0.5592946818
8.77	0.560457598
8.78	0.561464584
8.79	0.5623166188
8.8	0.5630147139
8.81	0.5635599134
8.82	0.5639532928
8.83	0.5641959589
8.84	0.5642890491
8.85	0.5642337309
8.86	0.5640312013
8.87	0.5636826863
8.88	0.5631894403
8.89	0.5625527456
8.9	0.5617739118
8.91	0.5608542754
8.92	0.5597951988
8.93	0.5585980704
8.94	0.5572643034
8.95	0.5557953356
8.96	0.5541926287
8.97	0.5524576677
8.98	0.5505919604
8.99	0.548597037
9	0.5464744489
9.01	0.5442257691
9.02	0.5418525905
9.03	0.5393565262
9.04	0.5367392086
9.05	0.5340022888
9.06	0.5311474359
9.07	0.5281763368
9.08	0.5250906952
9.09	0.5218922313
9.1	0.518582681
9.11	0.5151637955
9.12	0.5116373407
9.13	0.5080050966
9.14	0.5042688566
9.15	0.500430427
9.16	0.4964916267
9.17	0.492454286
9.18	0.4883202467
9.19	0.4840913611
9.2	0.4797694915
9.21	0.47535651
9.22	0.4708542972
9.23	0.4662647423
9.24	0.4615897424
9.25	0.4568312015
9.26	0.4519910308
9.27	0.447071147
9.28	0.442073473
9.29	0.4369999363
9.3	0.4318524691
9.31	0.4266330076
9.32	0.4213434912
9.33	0.4159858623
9.34	0.4105620657
9.35	0.405074048
9.36	0.3995237569
9.37	0.3939131412
9.38	0.3882441497
9.39	0.382518731
9.4	0.3767388331
9.41	0.3709064026
9.42	0.3650233842
9.43	0.3590917207
9.44	0.3531133518
9.45	0.3470902142
9.46	0.3410242407
9.47	0.3349173601
9.48	0.3287714964
9.49	0.3225885684
9.5	0.3163704896
9.51	0.3101191672
9.52	0.3038365019
9.53	0.2975243876
9.54	0.2911847107
9.55	0.2848193499
9.56	0.2784301755
9.57	0.2720190493
9.58	0.2655878239
9.59	0.2591383423
9.6	0.2526724378
9.61	0.2461919333
9.62	0.2396986409
9.63	0.2331943619
9.64	0.2266808857
9.65	0.2201599902
9.66	0.213633441
9.67	0.2071029909
9.68	0.20057038
9.69	0.1940373349
9.7	0.1875055689
9.71	0.1809767809
9.72	0.1744526557
9.73	0.1679348634
9.74	0.1614250592
9.75	0.154924883
9.76	0.148435959
9.77	0.1419598957
9.78	0.1354982853
9.79	0.1290527034
9.8	0.1226247093
9.81	0.1162158447
9.82	0.1098276344
9.83	0.1034615855
9.84	0.09711918744
9.85	0.09080191135
9.86	0.08451121025
9.87	0.07824851856
9.88	0.07201525198
9.89	0.0658128072
9.9	0.05964256172
9.91	0.05350587365
9.92	0.04740408148
9.93	0.04133850392
9.94	0.03531043968
9.95	0.02932116731
9.96	0.02337194503
9.97	0.01746401054
9.98	0.01159858089
9.99	0.005776852292
10	2.243018854e-16
10.01	-0.005730821841
10.02	-0.01141448033
10.03	-0.01704986393
10.04	-0.0226358826
10.05	-0.0281714679
10.06	-0.03365557309
10.07	-0.03908717328
10.08	-0.04446526543
10.09	-0.04978886854
10.1	-0.05505702367
10.11	-0.06026879402
10.12	-0.06542326503
10.13	-0.07051954441
10.14	-0.07555676221
10.15	-0.08053407087
10.16	-0.08545064525
10.17	-0.09030568269
10.18	-0.09509840303
10.19	-0.09982804862
10.2	-0.1044938844
10.21	-0.1090951977
10.22	-0.1136312987
10.23	-0.1181015199
10.24	-0.1225052165
10.25	-0.1268417661
10.26	-0.131110569
10.27	-0.1353110479
10.28	-0.1394426479
10.29	-0.1435048368
10.3	-0.1474971046
10.31	-0.1514189637
10.32	-0.1552699488
10.33	-0.159049617
10.34	-0.1627575473
10.35	-0.1663933411
10.36	-0.1699566218
10.37	-0.1734470347
10.38	-0.1768642469
10.39	-0.1802079476
10.4	-0.1834778474
10.41	-0.1866736788
10.42	-0.1897951956
10.43	-0.192842173
10.44	-0.1958144078
10.45	-0.1987117176
10.46	-0.2015339413
10.47	-0.2042809386
10.48	-0.2069525901
10.49	-0.2095487971
10.5	-0.2120694812
10.51	-0.2145145846
10.52	-0.2168840697
10.53	-0.2191779189
10.54	-0.2213961348
10.55	-0.2235387394
10.56	-0.2256057745
10.57	-0.2275973014
10.58	-0.2295134005
10.59	-0.2313541716
10.6	-0.233119733
10.61	-0.234810222
10.62	-0.2364257945
10.63	-0.2379666246
10.64	-0.2394329047
10.65	-0.240824845
10.66	-0.2421426736
10.67	-0.2433866363
10.68	-0.2445569961
10.69	-0.2456540331
10.7	-0.2466780446
10.71	-0.2476293445
10.72	-0.2485082631
10.73	-0.2493151472
10.74	-0.2500503596
10.75	-0.2507142791
10.76	-0.2513073
10.77	-0.251829832
10.78	-0.2522822999
10.79	-0.2526651438
10.8	-0.2529788182
10.81	-0.2532237921
10.82	-0.2534005488
10.83	-0.2535095858
10.84	-0.2535514139
10.85	-0.2535265578
10.86	-0.2534355554
10.87	-0.2532789575
10.88	-0.2530573278
10.89	-0.2527712424
10.9	-0.2524212899
10.91	-0.2520080706
10.92	-0.2515321968
10.93	-0.2509942923
10.94	-0.2503949922
10.95	-0.2497349424
10.96	-0.2490147998
10.97	-0.2482352315
10.98	-0.2473969152
10.99	-0.2465005383
11	-0.2455467981
11.01	-0.2445364011
11.02	-0.2434700632
11.03	-0.2423485092
11.04	-0.2411724726
11.05	-0.2399426953
11.06	-0.2386599272
11.07	-0.2373249263
11.08	-0.2359384582
11.09	-0.2345012957
11.1	-0.2330142188
11.11	-0.2314780146
11.12	-0.2298934763
11.13	-0.2282614038
11.14	-0.226582603
11.15	-0.2248578854
11.16	-0.2230880683
11.17	-0.2212739742
11.18	-0.2194164306
11.19	-0.2175162698
11.2	-0.2155743287
11.21	-0.2135914482
11.22	-0.2115684736
11.23	-0.2095062537
11.24	-0.2074056408
11.25	-0.2052674906
11.26	-0.2030926616
11.27	-0.2008820154
11.28	-0.1986364157
11.29	-0.1963567287
11.3	-0.1940438226
11.31	-0.1916985674
11.32	-0.1893218344
11.33	-0.1869144966
11.34	-0.1844774277
11.35	-0.1820115024
11.36	-0.1795175958
11.37	-0.1769965837
11.38	-0.1744493416
11.39	-0.1718767452
11.4	-0.1692796696
11.41	-0.1666589897
11.42	-0.1640155791
11.43	-0.1613503109
11.44	-0.1586640566
11.45	-0.1559576864
11.46	-0.1532320688
11.47	-0.1504880705
11.48	-0.1477265559
11.49	-0.1449483873
11.5	-0.1421544244
11.51	-0.1393455241
11.52	-0.1365225406
11.53	-0.1336863249
11.54	-0.1308377244
11.55	-0.1279775835
11.56	-0.1251067424
11.57	-0.1222260376
11.58	-0.1193363018
11.59	-0.1164383629
11.6	-0.1135330447
11.61	-0.1106211664
11.62	-0.107703542
11.63	-0.1047809811
11.64	-0.1018542876
11.65	-0.09892426036
11.66	-0.09599169273
11.67	-0.09305737235
11.68	-0.09012208106
11.69	-0.08718659471
11.7	-0.08425168303
11.71	-0.08131810948
11.72	-0.07838663106
11.73	-0.07545799821
11.74	-0.07253295464
11.75	-0.06961223719
11.76	-0.0666965757
11.77	-0.06378669288
11.78	-0.06088330415
11.79	-0.05798711755
11.8	-0.05509883359
11.81	-0.05221914511
11.82	-0.0493487372
11.83	-0.04648828706
11.84	-0.04363846389
11.85	-0.04079992877
11.86	-0.03797333456
11.87	-0.03515932579
11.88	-0.03235853857
11.89	-0.02957160049
11.9	-0.02679913048
11.91	-0.02404173878
11.92	-0.02130002683
11.93	-0.01857458714
11.94	-0.01586600328
11.95	-0.01317484973
11.96	-0.01050169185
11.97	-0.007847085767
11.98	-0.005211578337
11.99	-0.002595707056
12	-1.209424006e-16
12.01	0.002575024241
12.02	0.005128856622
12.03	0.007660997697
12.04	0.01017095768
12.05	0.01265825649
12.06	0.0151224238
12.07	0.01756299908
12.08	0.01997953165
12.09	0.02237158073
12.1	0.02473871541
12.11	0.02708051479
12.12	0.02939656791
12.13	0.03168647384
12.14	0.0339498417
12.15	0.03618629064
12.16	0.03839544991
12.17	0.04057695886
12.18	0.04273046692
12.19	0.04485563368
12.2	0.04695212882
12.21	0.04901963219
12.22	0.05105783375
12.23	0.05306643362
12.24	0.05504514203
12.25	0.05699367938
12.26	0.05891177615
12.27	0.06079917297
12.28	0.06265562054
12.29	0.06448087967
12.3	0.06627472122
12.31	0.0680369261
12.32	0.06976728526
12.33	0.07146559964
12.34	0.07313168014
12.35	0.07476534761
12.36	0.07636643283
12.37	0.07793477641
12.38	0.07947022885
12.39	0.0809726504
12.4	0.08244191111
12.41	0.08387789071
12.42	0.08528047861
12.43	0.08664957385
12.44	0.08798508502
12.45	0.08928693024
12.46	0.09055503709
12.47	0.09178934255
12.48	0.09298979295
12.49	0.09415634392
12.5	0.09528896029
12.51	0.09638761607
12.52	0.09745229435
12.53	0.09848298727
12.54	0.09947969589
12.55	0.1004424302
12.56	0.1013712089
12.57	0.1022660597
12.58	0.1031270185
12.59	0.1039541303
12.6	0.1047474481
12.61	0.1055070338
12.62	0.1062329573
12.63	0.1069252969
12.64	0.107584139
12.65	0.1082095781
12.66	0.1088017167
12.67	0.1093606652
12.68	0.1098865417
12.69	0.1103794722
12.7	0.1108395903
12.71	0.1112670368
12.72	0.1116619604
12.73	0.1120245168
12.74	0.1123548691
12.75	0.1126531873
12.76	0.1129196488
12.77	0.1131544375
12.78	0.1133577445
12.79	0.1135297673
12.8	0.1136707103
12.81	0.1137807842
12.82	0.1138602061
12.83	0.1139091996
12.84	0.1139279942
12.85	0.1139168256
12.86	0.1138759356
12.87	0.1138055716
12.88	0.113705987
12.89	0.1135774405
12.9	0.1134201967
12.91	0.1132345253
12.92	0.1130207014
12.93	0.1127790054
12.94	0.1125097225
12.95	0.112213143
12.96	0.111889562
12.97	0.1115392794
12.98	0.1111625996
12.99	0.1107598315
13	0.1103312884
13.01	0.1098772878
13.02	0.1093981513
13.03	0.1088942046
13.04	0.1083657773
13.05	0.1078132027
13.06	0.1072368179
13.07	0.1066369633
13.08	0.106013983
13.09	0.1053682243
13.1	0.1047000376
13.11	0.1040097765
13.12	0.1032977976
13.13	0.1025644601
13.14	0.1018101263
13.15	0.1010351607
13.16	0.1002399306
13.17	0.09942480561
13.18	0.09859015747
13.19	0.09773636019
13.2	0.09686378978
13.21	0.09597282417
13.22	0.09506384309
13.23	0.09413722794
13.24	0.09319336173
13.25	0.0922326289
13.26	0.09125541527
13.27	0.09026210788
13.28	0.08925309489
13.29	0.08822876551
13.3	0.08718950981
13.31	0.0861357187
13.32	0.08506778375
13.33	0.08398609714
13.34	0.08289105149
13.35	0.08178303981
13.36	0.08066245537
13.37	0.07952969159
13.38	0.07838514195
13.39	0.07722919986
13.4	0.0760622586
13.41	0.07488471118
13.42	0.07369695027
13.43	0.07249936805
13.44	0.07129235619
13.45	0.07007630568
13.46	0.06885160676
13.47	0.06761864882
13.48	0.06637782033
13.49	0.06512950871
13.5	0.06387410025
13.51	0.06261198001
13.52	0.06134353177
13.53	0.06006913787
13.54	0.05878917918
13.55	0.057504035
13.56	0.05621408294
13.57	0.05491969888
13.58	0.05362125686
13.59	0.05231912898
13.6	0.05101368538
13.61	0.04970529409
13.62	0.04839432098
13.63	0.04708112968
13.64	0.04576608153
13.65	0.04444953543
13.66	0.04313184786
13.67	0.04181337272
13.68	0.04049446133
13.69	0.03917546229
13.7	0.03785672146
13.71	0.0365385819
13.72	0.03522138374
13.73	0.03390546417
13.74	0.03259115737
13.75	0.03127879443
13.76	0.02996870327
13.77	0.02866120864
13.78	0.02735663199
13.79	0.02605529146
13.8	0.02475750182
13.81	0.02346357438
13.82	0.02217381697
13.83	0.02088853387
13.84	0.01960802578
13.85	0.01833258973
13.86	0.01706251908
13.87	0.01579810344
13.88	0.01453962862
13.89	0.01328737661
13.9	0.01204162554
13.91	0.01080264958
13.92	0.00957071899
13.93	0.008346100001
13.94	0.00712905482
13.95	0.005919841584
13.96	0.00471871432
13.97	0.003525922919
13.98	0.002341713095
13.99	0.001166326363
14	6.34000775e-17
14.01	-0.001157032975
14.02	-0.002304543833
14.03	-0.003442308159
14.04	-0.004570105878
14.05	-0.005687721275
14.06	-0.006794943019
14.07	-0.007891564183
14.08	-0.008977382262
14.09	-0.01005219919
14.1	-0.01111582137
14.11	-0.01216805966
14.12	-0.01320872941
14.13	-0.01423765047
14.14	-0.0152546472
14.15	-0.01625954849
14.16	-0.01725218774
14.17	-0.01823240289
14.18	-0.01920003644
14.19	-0.02015493541
14.2	-0.02109695141
14.21	-0.02202594055
14.22	-0.02294176355
14.23	-0.02384428565
14.24	-0.02473337665
14.25	-0.02560891092
14.26	-0.02647076735
14.27	-0.02731882941
14.28	-0.02815298507
14.29	-0.02897312687
14.3	-0.02977915183
14.31	-0.03057096153
14.32	-0.03134846202
14.33	-0.03211156386
14.34	-0.03286018208
14.35	-0.03359423619
14.36	-0.03431365015
14.37	-0.03501835235
14.38	-0.03570827561
14.39	-0.03638335713
14.4	-0.03704353852
14.41	-0.03768876574
14.42	-0.03831898911
14.43	-0.03893416326
14.44	-0.03953424711
14.45	-0.04011920387
14.46	-0.04068900101
14.47	-0.0412436102
14.48	-0.04178300734
14.49	-0.04230717248
14.5	-0.04281608982
14.51	-0.04330974768
14.52	-0.04378813847
14.53	-0.04425125865
14.54	-0.04469910871
14.55	-0.04513169311
14.56	-0.04554902031
14.57	-0.04595110265
14.58	-0.0463379564
14.59	-0.04670960166
14.6	-0.04706606236
14.61	-0.04740736622
14.62	-0.04773354468
14.63	-0.04804463291
14.64	-0.04834066974
14.65	-0.04862169764
14.66	-0.04888776266
14.67	-0.0491389144
14.68	-0.04937520596
14.69	-0.04959669392
14.7	-0.04980343828
14.71	-0.0499955024
14.72	-0.05017295301
14.73	-0.0503358601
14.74	-0.05048429694
14.75	-0.05061833997
14.76	-0.05073806882
14.77	-0.0508435662
14.78	-0.05093491791
14.79	-0.05101221276
14.8	-0.05107554252
14.81	-0.0511250019
14.82	-0.05116068847
14.83	-0.05118270264
14.84	-0.0511911476
14.85	-0.05118612924
14.86	-0.05116775617
14.87	-0.0511361396
14.88	-0.05109139334
14.89	-0.0510336337
14.9	-0.05096297949
14.91	-0.05087955196
14.92	-0.0507834747
14.93	-0.05067487366
14.94	-0.05055387705
14.95	-0.05042061529
14.96	-0.050275221
14.97	-0.05011782889
14.98	-0.04994857575
14.99	-0.04976760037
15	-0.04957504353
15.01	-0.0493710479
15.02	-0.04915575799
15.03	-0.04892932015
15.04	-0.04869188246
15.05	-0.04844359469
15.06	-0.04818460828
15.07	-0.04791507625
15.08	-0.04763515316
15.09	-0.04734499506
15.1	-0.04704475943
15.11	-0.04673460514
15.12	-0.04641469238
15.13	-0.04608518262
15.14	-0.04574623858
15.15	-0.0453980241
15.16	-0.0450407042
15.17	-0.04467444491
15.18	-0.04429941333
15.19	-0.04391577748
15.2	-0.04352370632
15.21	-0.04312336967
15.22	-0.04271493814
15.23	-0.04229858312
15.24	-0.04187447669
15.25	-0.0414427916
15.26	-0.04100370121
15.27	-0.04055737943
15.28	-0.04010400067
15.29	-0.03964373981
15.3	-0.03917677212
15.31	-0.03870327326
15.32	-0.03822341915
15.33	-0.03773738603
15.34	-0.0372453503
15.35	-0.03674748856
15.36	-0.03624397752
15.37	-0.03573499394
15.38	-0.03522071463
15.39	-0.03470131637
15.4	-0.03417697587
15.41	-0.0336478697
15.42	-0.03311417432
15.43	-0.03257606595
15.44	-0.03203372056
15.45	-0.03148731384
15.46	-0.03093702114
15.47	-0.03038301743
15.48	-0.02982547725
15.49	-0.02926457468
15.5	-0.0287004833
15.51	-0.02813337612
15.52	-0.02756342558
15.53	-0.02699080349
15.54	-0.02641568098
15.55	-0.02583822848
15.56	-0.02525861566
15.57	-0.02467701141
15.58	-0.0240935838
15.59	-0.02350850003
15.6	-0.02292192641
15.61	-0.0223340283
15.62	-0.02174497011
15.63	-0.02115491523
15.64	-0.020564026
15.65	-0.01997246371
15.66	-0.01938038852
15.67	-0.01878795945
15.68	-0.01819533436
15.69	-0.01760266989
15.7	-0.01701012144
15.71	-0.01641784315
15.72	-0.01582598787
15.73	-0.01523470709
15.74	-0.01464415098
15.75	-0.0140544683
15.76	-0.0134658064
15.77	-0.01287831119
15.78	-0.01229212711
15.79	-0.01170739712
15.8	-0.01112426265
15.81	-0.01054286357
15.82	-0.009963338208
15.83	-0.009385823285
15.84	-0.00881045391
15.85	-0.008237363553
15.86	-0.007666684023
15.87	-0.007098545452
15.88	-0.006533076265
15.89	-0.00597040317
15.9	-0.005410651129
15.91	-0.004853943347
15.92	-0.00430040125
15.93	-0.003750144468
15.94	-0.003203290817
15.95	-0.002659956286
15.96	-0.002120255018
15.97	-0.001584299293
15.98	-0.001052199519
15.99	-0.0005240642164
16	-3.255713274e-17
16.01	0.0005198884281
16.02	0.001035498293
16.03	0.001546728759
16.04	0.00205348094
16.05	0.002555657909
16.06	0.003053164708
16.07	0.003545908359
16.08	0.004033797872
16.09	0.004516744251
16.1	0.004994660501
16.11	0.005467461641
16.12	0.005935064701
16.13	0.006397388736
16.14	0.006854354825
16.15	0.007305886079
16.16	0.007751907644
16.17	0.008192346704
16.18	0.008627132484
16.19	0.009056196252
16.2	0.009479471321
16.21	0.009896893052
16.22	0.01030839885
16.23	0.01071392817
16.24	0.01111342251
16.25	0.01150682541
16.26	0.01189408247
16.27	0.01227514132
16.28	0.01264995162
16.29	0.01301846508
16.3	0.01338063544
16.31	0.01373641848
16.32	0.01408577196
16.33	0.01442865572
16.34	0.01476503157
16.35	0.01509486335
16.36	0.01541811688
16.37	0.01573475999
16.38	0.01604476249
16.39	0.01634809617
16.4	0.01664473479
16.41	0.01693465407
16.42	0.01721783168
16.43	0.01749424725
16.44	0.0177638823
16.45	0.01802672032
16.46	0.01828274668
16.47	0.01853194865
16.48	0.01877431541
16.49	0.01900983798
16.5	0.01923850929
16.51	0.01946032406
16.52	0.0196752789
16.53	0.01988337221
16.54	0.02008460421
16.55	0.02027897692
16.56	0.02046649411
16.57	0.02064716136
16.58	0.02082098595
16.59	0.02098797693
16.6	0.02114814505
16.61	0.02130150275
16.62	0.02144806418
16.63	0.02158784514
16.64	0.02172086306
16.65	0.02184713704
16.66	0.02196668776
16.67	0.02207953751
16.68	0.02218571015
16.69	0.0222852311
16.7	0.02237812733
16.71	0.0224644273
16.72	0.022544161
16.73	0.02261735988
16.74	0.02268405685
16.75	0.02274428626
16.76	0.0227980839
16.77	0.02284548693
16.78	0.0228865339
16.79	0.02292126471
16.8	0.02294972061
16.81	0.02297194414
16.82	0.02298797915
16.83	0.02299787076
16.84	0.02300166532
16.85	0.02299941043
16.86	0.02299115488
16.87	0.02297694864
16.88	0.02295684284
16.89	0.02293088976
16.9	0.02289914278
16.91	0.02286165637
16.92	0.02281848608
16.93	0.02276968849
16.94	0.02271532121
16.95	0.02265544284
16.96	0.02259011297
16.97	0.02251939214
16.98	0.0224433418
16.99	0.02236202432
17	0.02227550296
17.01	0.02218384181
17.02	0.02208710582
17.03	0.02198536074
17.04	0.0218786731
17.05	0.02176711022
17.06	0.02165074013
17.07	0.02152963158
17.08	0.02140385403
17.09	0.02127347759
17.1	0.02113857302
17.11	0.02099921171
17.12	0.02085546565
17.13	0.02070740737
17.14	0.02055510999
17.15	0.02039864714
17.16	0.02023809296
17.17	0.02007352206
17.18	0.0199050095
17.19	0.0197326308
17.2	0.01955646188
17.21	0.01937657902
17.22	0.01919305891
17.23	0.01900597853
17.24	0.01881541523
17.25	0.01862144662
17.26	0.01842415059
17.27	0.01822360529
17.28	0.01801988908
17.29	0.01781308054
17.3	0.01760325844
17.31	0.01739050168
17.32	0.01717488933
17.33	0.01695650057
17.34	0.01673541467
17.35	0.01651171097
17.36	0.01628546887
17.37	0.01605676781
17.38	0.01582568722
17.39	0.01559230654
17.4	0.01535670516
17.41	0.01511896244
17.42	0.01487915765
17.43	0.01463736997
17.44	0.01439367848
17.45	0.01414816211
17.46	0.01390089966
17.47	0.01365196975
17.48	0.0134014508
17.49	0.01314942103
17.5	0.01289595843
17.51	0.01264114075
17.52	0.01238504547
17.53	0.01212774977
17.54	0.01186933057
17.55	0.01160986444
17.56	0.01134942761
17.57	0.01108809597
17.58	0.01082594505
17.59	0.01056304997
17.6	0.01029948545
17.61	0.0100353258
17.62	0.009770644896
17.63	0.009505516146
17.64	0.009240012502
17.65	0.00897420643
17.66	0.008708169898
17.67	0.008441974359
17.68	0.00817569074
17.69	0.007909389426
17.7	0.007643140246
17.71	0.007377012457
17.72	0.007111074735
17.73	0.006845395157
17.74	0.006580041191
17.75	0.006315079682
17.76	0.006050576839
17.77	0.005786598225
17.78	0.005523208742
17.79	0.005260472622
17.8	0.004998453412
17.81	0.004737213967
17.82	0.004476816436
17.83	0.004217322254
17.84	0.003958792129
17.85	0.003701286032
17.86	0.00344486319
17.87	0.003189582075
17.88	0.002935500391
17.89	0.002682675072
17.9	0.002431162267
17.91	0.002181017336
17.92	0.001932294839
17.93	0.001685048529
17.94	0.001439331345
17.95	0.001195195403
17.96	0.0009526919907
17.97	0.00071187156
17.98	0.0004727837201
17.99	0.0002354772315
18	1.645747057e-17
18.01	-0.0002336009288
18.02	-0.0004652793754
18.03	-0.0006949900312
18.04	-0.0009226884637
18.05	-0.001148331121
18.06	-0.001371875335
18.07	-0.00159327933
18.08	-0.001812502219
18.09	-0.002029504015
18.1	-0.002244245629
18.11	-0.002456688875
18.12	-0.002666796474
18.13	-0.002874532054
18.14	-0.003079860153
18.15	-0.003282746224
18.16	-0.003483156632
18.17	-0.003681058658
18.18	-0.003876420502
18.19	-0.004069211281
18.2	-0.004259401029
18.21	-0.004446960703
18.22	-0.004631862177
18.23	-0.004814078246
18.24	-0.004993582624
18.25	-0.005170349944
18.26	-0.005344355757
18.27	-0.005515576533
18.28	-0.005683989657
18.29	-0.00584957343
18.3	-0.006012307064
18.31	-0.006172170684
18.32	-0.006329145326
18.33	-0.00648321293
18.34	-0.006634356343
18.35	-0.006782559312
18.36	-0.006927806486
18.37	-0.007070083406
18.38	-0.007209376508
18.39	-0.007345673117
18.4	-0.007478961441
18.41	-0.007609230571
18.42	-0.007736470475
18.43	-0.007860671993
18.44	-0.007981826833
18.45	-0.008099927567
18.46	-0.008214967625
18.47	-0.00832694129
18.48	-0.008435843693
18.49	-0.008541670809
18.5	-0.008644419448
18.51	-0.008744087252
18.52	-0.008840672687
18.53	-0.008934175039
18.54	-0.009024594405
18.55	-0.009111931691
18.56	-0.009196188598
18.57	-0.009277367624
18.58	-0.009355472049
18.59	-0.009430505933
18.6	-0.009502474107
18.61	-0.009571382166
18.62	-0.009637236462
18.63	-0.009700044092
18.64	-0.009759812899
18.65	-0.009816551453
18.66	-0.009870269054
18.67	-0.009920975715
18.68	-0.009968682159
18.69	-0.01001339981
18.7	-0.01005514077
18.71	-0.01009391785
18.72	-0.01012974451
18.73	-0.01016263488
18.74	-0.01019260376
18.75	-0.01021966659
18.76	-0.01024383942
18.77	-0.01026513898
18.78	-0.01028358257
18.79	-0.01029918813
18.8	-0.01031197419
18.81	-0.01032195987
18.82	-0.01032916486
18.83	-0.01033360945
18.84	-0.01033531445
18.85	-0.01033430126
18.86	-0.01033059181
18.87	-0.01032420853
18.88	-0.01031517441
18.89	-0.01030351294
18.9	-0.01028924811
18.91	-0.01027240438
18.92	-0.01025300671
18.93	-0.01023108054
18.94	-0.01020665175
18.95	-0.01017974666
18.96	-0.01015039206
18.97	-0.01011861514
18.98	-0.01008444352
18.99	-0.01004790522
19	-0.01000902867
19.01	-0.00996784266
19.02	-0.009924376378
19.03	-0.009878659366
19.04	-0.009830721522
19.05	-0.009780593087
19.06	-0.009728304633
19.07	-0.009673887055
19.08	-0.009617371558
19.09	-0.009558789647
19.1	-0.009498173118
19.11	-0.009435554047
19.12	-0.009370964775
19.13	-0.009304437903
19.14	-0.00923600628
19.15	-0.00916570299
19.16	-0.009093561345
19.17	-0.009019614871
19.18	-0.0089438973
19.19	-0.008866442559
19.2	-0.008787284757
19.21	-0.00870645818
19.22	-0.008623997277
19.23	-0.008539936647
19.24	-0.008454311036
19.25	-0.008367155321
19.26	-0.0082785045
19.27	-0.008188393686
19.28	-0.008096858094
19.29	-0.008003933028
19.3	-0.007909653878
19.31	-0.007814056105
19.32	-0.007717175233
19.33	-0.007619046837
19.34	-0.007519706537
19.35	-0.007419189986
19.36	-0.007317532859
19.37	-0.007214770847
19.38	-0.007110939646
19.39	-0.007006074945
19.4	-0.006900212423
19.41	-0.006793387731
19.42	-0.006685636492
19.43	-0.006576994285
19.44	-0.006467496639
19.45	-0.006357179025
19.46	-0.006246076846
19.47	-0.006134225425
19.48	-0.006021660004
19.49	-0.005908415729
19.5	-0.005794527643
19.51	-0.005680030678
19.52	-0.005564959649
19.53	-0.005449349243
19.54	-0.005333234011
19.55	-0.005216648361
19.56	-0.005099626551
19.57	-0.004982202678
19.58	-0.004864410675
19.59	-0.004746284299
19.6	-0.004627857128
19.61	-0.004509162547
19.62	-0.00439023375
19.63	-0.004271103723
19.64	-0.004151805246
19.65	-0.004032370879
19.66	-0.003912832959
19.67	-0.003793223594
19.68	-0.003673574651
19.69	-0.003553917758
19.7	-0.003434284289
19.71	-0.003314705366
19.72	-0.003195211845
19.73	-0.003075834315
19.74	-0.002956603092
19.75	-0.002837548212
19.76	-0.002718699424
19.77	-0.002600086186
19.78	-0.002481737663
19.79	-0.002363682714
19.8	-0.002245949894
19.81	-0.002128567444
19.82	-0.002011563292
19.83	-0.00189496504
19.84	-0.001778799966
19.85	-0.001663095019
19.86	-0.001547876809
19.87	-0.00143317161
19.88	-0.00131900535
19.89	-0.001205403611
19.9	-0.001092391623
19.91	-0.0009799942602
19.92	-0.0008682360383
19.93	-0.00075714111
19.94	-0.0006467332622
19.95	-0.0005370359123
19.96	-0.0004280721053
19.97	-0.0003198645107
19.98	-0.0002124354192
19.99	-0.0001058067405
20	-8.21646467e-18
20.01	0.0001049636634
20.02	0.0002090634998
20.03	0.0003122791508
20.04	0.0004145906516
20.05	0.0005159784329
20.06	0.0006164233234
20.07	0.0007159065509
20.08	0.0008144097447
20.09	0.0009119149369
20.1	0.001008404564
20.11	0.001103861468
20.12	0.001198268897
20.13	0.00129161051
20.14	0.001383870372
20.15	0.00147503296
20.16	0.001565083161
20.17	0.001654006274
20.18	0.001741788009
20.19	0.00182841449
20.2	0.001913872252
20.21	0.001998148246
20.22	0.002081229834
20.23	0.002163104791
20.24	0.002243761308
20.25	0.002323187984
20.26	0.002401373836
20.27	0.00247830829
20.28	0.002553981185
20.29	0.00262838277
20.3	0.002701503705
20.31	0.00277333506
20.32	0.002843868313
20.33	0.00291309535
20.34	0.002981008463
20.35	0.00304760035
20.36	0.003112864112
20.37	0.003176793253
20.38	0.003239381678
20.39	0.003300623692
20.4	0.003360513997
20.41	0.00341904769
20.42	0.003476220265
20.43	0.003532027604
20.44	0.003586465983
20.45	0.003639532063
20.46	0.003691222893
20.47	0.003741535904
20.48	0.003790468908
20.49	0.003838020097
20.5	0.003884188036
20.51	0.003928971667
20.52	0.0039723703
20.53	0.004014383615
20.54	0.004055011656
20.55	0.004094254828
20.56	0.004132113897
20.57	0.004168589984
20.58	0.004203684564
20.59	0.004237399462
20.6	0.004269736847
20.61	0.004300699234
20.62	0.004330289476
20.63	0.004358510764
20.64	0.00438536662
20.65	0.004410860896
20.66	0.00443499777
20.67	0.004457781741
20.68	0.004479217628
20.69	0.004499310563
20.7	0.004518065987
20.71	0.004535489651
20.72	0.004551587607
20.73	0.004566366205
20.74	0.004579832091
20.75	0.004591992201
20.76	0.004602853757
20.77	0.004612424264
20.78	0.004620711504
20.79	0.004627723534
20.8	0.00463346868
20.81	0.004637955534
20.82	0.004641192947
20.83	0.004643190028
20.84	0.004643956137
20.85	0.004643500882
20.86	0.004641834114
20.87	0.004638965924
20.88	0.004634906634
20.89	0.004629666798
20.9	0.004623257193
20.91	0.004615688818
20.92	0.004606972886
20.93	0.004597120822
20.94	0.004586144257
20.95	0.004574055023
20.96	0.00456086515
20.97	0.00454658686
20.98	0.004531232562
20.99	0.004514814846
21	0.004497346484
21.01	0.004478840417
21.02	0.004459309757
21.03	0.00443876778
21.04	0.004417227918
21.05	0.00439470376
21.06	0.004371209043
21.07	0.004346757649
21.08	0.004321363599
21.09	0.00429504105
21.1	0.004267804288
21.11	0.004239667726
21.12	0.004210645895
21.13	0.004180753445
21.14	0.004150005134
21.15	0.00411841583
21.16	0.004086000499
21.17	0.004052774207
21.18	0.004018752109
21.19	0.00398394945
21.2	0.003948381557
21.21	0.003912063835
21.22	0.003875011763
21.23	0.003837240887
21.24	0.00379876682
21.25	0.003759605233
21.26	0.003719771851
21.27	0.003679282453
21.28	0.00363815286
21.29	0.003596398936
21.3	0.003554036584
21.31	0.003511081735
21.32	0.003467550353
21.33	0.003423458423
21.34	0.003378821949
21.35	0.003333656951
21.36	0.003287979459
21.37	0.003241805511
21.38	0.003195151145
21.39	0.003148032398
21.4	0.0031004653
21.41	0.003052465872
21.42	0.003004050119
21.43	0.002955234029
21.44	0.002906033565
21.45	0.002856464666
21.46	0.002806543239
21.47	0.002756285156
21.48	0.002705706252
21.49	0.002654822319
21.5	0.002603649103
21.51	0.002552202301
21.52	0.002500497555
21.53	0.002448550451
21.54	0.002396376514
21.55	0.002343991204
21.56	0.002291409915
21.57	0.002238647968
21.58	0.00218572061
21.59	0.002132643008
21.6	0.002079430249
21.61	0.002026097336
21.62	0.001972659183
21.63	0.001919130612
21.64	0.00186552635
21.65	0.00181186103
21.66	0.00175814918
21.67	0.001704405228
21.68	0.001650643493
21.69	0.001596878185
21.7	0.001543123402
21.71	0.001489393128
21.72	0.001435701228
21.73	0.001382061447
21.74	0.001328487405
21.75	0.001274992599
21.76	0.001221590396
21.77	0.001168294033
21.78	0.001115116613
21.79	0.001062071105
21.8	0.001009170339
21.81	0.0009564270049
21.82	0.0009038536501
21.83	0.0008514626784
21.84	0.0007992663463
21.85	0.000747276762
21.86	0.0006955058831
21.87	0.0006439655147
21.88	0.0005926673075
21.89	0.0005416227559
21.9	0.0004908431963
21.91	0.0004403398058
21.92	0.0003901235997
21.93	0.0003402054306
21.94	0.0002905959867
21.95	0.0002413057901
21.96	0.0001923451956
21.97	0.0001437243892
21.98	9.545338685e-05
21.99	4.75420331e-05
22	1.477131427e-17
22.01	-4.716321413e-05
22.02	-9.393828579e-05
22.03	-0.0001403160673
22.04	-0.000186287588
22.05	-0.0002318440548
22.06	-0.0002769768534
22.07	-0.0003216775489
22.08	-0.000365937887
22.09	-0.0004097497939
22.1	-0.0004531053781
22.11	-0.0004959969298
22.12	-0.0005384169223
22.13	-0.0005803580125
22.14	-0.0006218130409
22.15	-0.0006627750321
22.16	-0.0007032371956
22.17	-0.0007431929256
22.18	-0.0007826358017
22.19	-0.0008215595886
22.2	-0.0008599582365
22.21	-0.0008978258816
22.22	-0.0009351568454
22.23	-0.0009719456352
22.24	-0.001008186944
22.25	-0.00104387565
22.26	-0.001079006818
22.27	-0.001113575697
22.28	-0.00114757772
22.29	-0.001181008507
22.3	-0.001213863861
22.31	-0.00124613977
22.32	-0.001277832403
22.33	-0.001308938116
22.34	-0.001339453445
22.35	-0.001369375108
22.36	-0.001398700007
22.37	-0.001427425222
22.38	-0.001455548014
22.39	-0.001483065825
22.4	-0.001509976273
22.41	-0.001536277157
22.42	-0.00156196645
22.43	-0.001587042304
22.44	-0.001611503045
22.45	-0.001635347172
22.46	-0.001658573359
22.47	-0.001681180452
22.48	-0.001703167468
22.49	-0.001724533594
22.5	-0.001745278187
22.51	-0.001765400769
22.52	-0.001784901032
22.53	-0.001803778831
22.54	-0.001822034187
22.55	-0.001839667281
22.56	-0.001856678457
22.57	-0.001873068219
22.58	-0.001888837231
22.59	-0.001903986311
22.6	-0.001918516435
22.61	-0.001932428732
22.62	-0.001945724485
22.63	-0.001958405127
22.64	-0.001970472241
22.65	-0.001981927557
22.66	-0.001992772954
22.67	-0.002003010452
22.68	-0.002012642217
22.69	-0.002021670554
22.7	-0.00203009791
22.71	-0.002037926867
22.72	-0.002045160145
22.73	-0.002051800597
22.74	-0.002057851209
22.75	-0.002063315099
22.76	-0.002068195511
22.77	-0.002072495816
22.78	-0.002076219513
22.79	-0.002079370222
22.8	-0.002081951682
22.81	-0.002083967756
22.82	-0.002085422419
22.83	-0.002086319765
22.84	-0.002086664
22.85	-0.002086459441
22.86	-0.002085710514
22.87	-0.002084421753
22.88	-0.002082597797
22.89	-0.002080243386
22.9	-0.002077363365
22.91	-0.002073962675
22.92	-0.002070046354
22.93	-0.002065619537
22.94	-0.002060687448
22.95	-0.002055255405
22.96	-0.002049328814
22.97	-0.002042913164
22.98	-0.002036014033
22.99	-0.002028637078
23	-0.002020788037
23.01	-0.002012472725
23.02	-0.002003697034
23.03	-0.001994466928
23.04	-0.001984788445
23.05	-0.001974667688
23.06	-0.001964110831
23.07	-0.001953124112
23.08	-0.00194171383
23.09	-0.001929886346
23.1	-0.00191764808
23.11	-0.001905005507
23.12	-0.001891965158
23.13	-0.001878533614
23.14	-0.001864717508
23.15	-0.001850523519
23.16	-0.001835958372
23.17	-0.001821028836
23.18	-0.001805741722
23.19	-0.00179010388
23.2	-0.001774122195
23.21	-0.001757803591
23.22	-0.001741155021
23.23	-0.001724183473
23.24	-0.00170689596
23.25	-0.001689299525
23.26	-0.001671401233
23.27	-0.001653208173
23.28	-0.001634727456
23.29	-0.001615966209
23.3	-0.001596931577
23.31	-0.001577630719
23.32	-0.001558070808
23.33	-0.001538259027
23.34	-0.001518202566
23.35	-0.001497908624
23.36	-0.001477384405
23.37	-0.001456637112
23.38	-0.001435673954
23.39	-0.001414502136
23.4	-0.001393128862
23.41	-0.001371561328
23.42	-0.001349806728
23.43	-0.001327872245
23.44	-0.001305765052
23.45	-0.001283492309
23.46	-0.001261061166
23.47	-0.001238478754
23.48	-0.001215752187
23.49	-0.001192888563
23.5	-0.001169894954
23.51	-0.001146778416
23.52	-0.001123545976
23.53	-0.001100204638
23.54	-0.001076761377
23.55	-0.00105322314
23.56	-0.001029596844
23.57	-0.001005889373
23.58	-0.0009821075774
23.59	-0.0009582582735
23.6	-0.0009343482398
23.61	-0.0009103842174
23.62	-0.0008863729072
23.63	-0.0008623209697
23.64	-0.0008382350226
23.65	-0.0008141216397
23.66	-0.00078998735
23.67	-0.0007658386355
23.68	-0.0007416819307
23.69	-0.0007175236205
23.7	-0.0006933700398
23.71	-0.0006692274715
23.72	-0.0006451021457
23.73	-0.0006210002381
23.74	-0.0005969278694
23.75	-0.0005728911036
23.76	-0.0005488959471
23.77	-0.0005249483475
23.78	-0.0005010541927
23.79	-0.0004772193096
23.8	-0.0004534494631
23.81	-0.0004297503553
23.82	-0.0004061276243
23.83	-0.0003825868433
23.84	-0.0003591335194
23.85	-0.0003357730934
23.86	-0.000312510938
23.87	-0.0002893523577
23.88	-0.0002663025873
23.89	-0.0002433667918
23.9	-0.000220550065
23.91	-0.0001978574288
23.92	-0.0001752938329
23.93	-0.0001528641537
23.94	-0.0001305731937
23.95	-0.0001084256807
23.96	-8.642626751e-05
23.97	-6.457953093e-05
23.98	-4.288997144e-05
23.99	-2.136201249e-05
24	-1.990650728e-18
24.01	2.119179815e-05
24.02	4.220919265e-05
24.03	6.304807319e-05
24.04	8.370440895e-05
24.05	0.000104174249
24.06	0.0001244537226
24.07	0.0001445390398
24.08	0.0001644264917
24.09	0.0001841124505
24.1	0.0002035933702
24.11	0.0002228657867
24.12	0.000241926318
24.13	0.0002607716646
24.14	0.0002793986095
24.15	0.0002978040186
24.16	0.0003159848406
24.17	0.0003339381074
24.18	0.0003516609341
24.19	0.0003691505189
24.2	0.0003864041436
24.21	0.0004034191733
24.22	0.0004201930566
24.23	0.0004367233255
24.24	0.0004530075952
24.25	0.0004690435647
24.26	0.0004848290159
24.27	0.0005003618143
24.28	0.0005156399082
24.29	0.0005306613292
24.3	0.0005454241914
24.31	0.0005599266918
24.32	0.00057416711
24.33	0.0005881438077
24.34	0.0006018552288
24.35	0.0006152998989
24.36	0.0006284764252
24.37	0.0006413834962
24.38	0.0006540198813
24.39	0.0006663844307
24.4	0.0006784760747
24.41	0.0006902938235
24.42	0.0007018367672
24.43	0.0007131040747
24.44	0.0007240949938
24.45	0.0007348088507
24.46	0.0007452450493
24.47	0.000755403071
24.48	0.0007652824741
24.49	0.0007748828935
24.5	0.0007842040397
24.51	0.0007932456989
24.52	0.0008020077319
24.53	0.0008104900738
24.54	0.0008186927337
24.55	0.0008266157935
24.56	0.0008342594077
24.57	0.0008416238027
24.58	0.0008487092763
24.59	0.0008555161967
24.6	0.0008620450022
24.61	0.0008682962003
24.62	0.0008742703672
24.63	0.0008799681469
24.64	0.0008853902506
24.65	0.0008905374562
24.66	0.000895410607
24.67	0.0009000106115
24.68	0.0009043384425
24.69	0.0009083951359
24.7	0.0009121817909
24.71	0.000915699568
24.72	0.0009189496892
24.73	0.0009219334367
24.74	0.0009246521522
24.75	0.000927107236
24.76	0.0009293001463
24.77	0.0009312323983
24.78	0.0009329055633
24.79	0.0009343212677
24.8	0.0009354811928
24.81	0.0009363870729
24.82	0.0009370406953
24.83	0.000937443899
24.84	0.0009375985737
24.85	0.0009375066594
24.86	0.0009371701448
24.87	0.0009365910672
24.88	0.0009357715107
24.89	0.0009347136059
24.9	0.000933419529
24.91	0.0009318915004
24.92	0.0009301317841
24.93	0.0009281426867
24.94	0.0009259265564
24.95	0.0009234857823
24.96	0.0009208227929
24.97	0.0009179400558
24.98	0.0009148400764
24.99	0.0009115253968
25	0.0009079985952
25.01	0.0009042622848
25.02	0.0009003191127
25.03	0.0008961717589
25.04	0.0008918229359
25.05	0.0008872753868
25.06	0.0008825318853
25.07	0.000877595234
25.08	0.0008724682637
25.09	0.0008671538327
25.1	0.0008616548253
25.11	0.0008559741513
25.12	0.0008501147447
25.13	0.0008440795631
25.14	0.0008378715863
25.15	0.0008314938157
25.16	0.0008249492734
25.17	0.0008182410006
25.18	0.0008113720575
25.19	0.0008043455219
25.2	0.0007971644881
25.21	0.0007898320665
25.22	0.0007823513821
25.23	0.0007747255738
25.24	0.0007669577937
25.25	0.0007590512055
25.26	0.0007510089846
25.27	0.000742834316
25.28	0.0007345303943
25.29	0.0007261004226
25.3	0.0007175476111
25.31	0.0007088751768
25.32	0.0007000863423
25.33	0.0006911843351
25.34	0.0006821723864
25.35	0.0006730537306
25.36	0.0006638316041
25.37	0.0006545092447
25.38	0.0006450898906
25.39	0.0006355767796
25.4	0.0006259731483
25.41	0.0006162822309
25.42	0.000606507259
25.43	0.0005966514603
25.44	0.000586718058
25.45	0.0005767102699
25.46	0.0005666313075
25.47	0.0005564843756
25.48	0.000546272671
25.49	0.0005359993821
25.5	0.000525667688
25.51	0.0005152807577
25.52	0.0005048417495
25.53	0.0004943538101
25.54	0.0004838200739
25.55	0.0004732436624
25.56	0.0004626276832
25.57	0.0004519752298
25.58	0.0004412893804
25.59	0.0004305731974
25.6	0.0004198297267
25.61	0.0004090619973
25.62	0.0003982730202
25.63	0.0003874657881
25.64	0.0003766432744
25.65	0.0003658084331
25.66	0.0003549641976
25.67	0.0003441134808
25.68	0.0003332591736
25.69	0.0003224041451
25.7	0.0003115512417
25.71	0.0003007032865
25.72	0.0002898630789
25.73	0.0002790333937
25.74	0.0002682169812
25.75	0.0002574165661
25.76	0.0002466348473
25.77	0.0002358744972
25.78	0.0002251381614
25.79	0.000214428458
25.8	0.0002037479775
25.81	0.000193099282
25.82	0.0001824849047
25.83	0.00017190735
25.84	0.0001613690923
25.85	0.0001508725762
25.86	0.000140420216
25.87	0.0001300143951
25.88	0.0001196574657
25.89	0.0001093517485
25.9	9.909953222e-05
25.91	8.890307352e-05
25.92	7.876459637e-05
25.93	6.868629185e-05
25.94	5.867031787e-05
25.95	4.87187988e-05
25.96	3.883382525e-05
25.97	2.901745374e-05
25.98	1.927170644e-05
25.99	9.598570941e-06
26	-1.193362858e-18
26.01	-9.522088711e-06
26.02	-1.896581281e-05
26.03	-2.832932542e-05
26.04	-3.761081536e-05
26.05	-4.680850738e-05
26.06	-5.592066226e-05
26.07	-6.494557704e-05
26.08	-7.388158518e-05
26.09	-8.272705665e-05
26.1	-9.148039811e-05
26.11	-0.0001001400531
26.12	-0.0001087045019
26.13	-0.0001171722619
26.14	-0.0001255418878
26.15	-0.0001338119712
26.16	-0.0001419811411
26.17	-0.0001500480639
26.18	-0.0001580114432
26.19	-0.0001658700203
26.2	-0.0001736225736
26.21	-0.0001812679193
26.22	-0.0001888049109
26.23	-0.0001962324394
26.24	-0.0002035494335
26.25	-0.000210754859
26.26	-0.0002178477195
26.27	-0.0002248270557
26.28	-0.0002316919458
26.29	-0.0002384415053
26.3	-0.0002450748869
26.31	-0.0002515912804
26.32	-0.0002579899128
26.33	-0.0002642700479
26.34	-0.0002704309865
26.35	-0.0002764720662
26.36	-0.0002823926611
26.37	-0.0002881921819
26.38	-0.0002938700758
26.39	-0.0002994258259
26.4	-0.0003048589518
26.41	-0.0003101690087
26.42	-0.0003153555876
26.43	-0.0003204183152
26.44	-0.0003253568535
26.45	-0.0003301708997
26.46	-0.000334860186
26.47	-0.0003394244794
26.48	-0.0003438635814
26.49	-0.0003481773278
26.5	-0.0003523655888
26.51	-0.0003564282682
26.52	-0.0003603653034
26.53	-0.0003641766653
26.54	-0.000367862358
26.55	-0.0003714224182
26.56	-0.0003748569155
26.57	-0.0003781659515
26.58	-0.00038134966
26.59	-0.0003844082065
26.6	-0.0003873417879
26.61	-0.0003901506322
26.62	-0.0003928349984
26.63	-0.0003953951759
26.64	-0.0003978314842
26.65	-0.0004001442727
26.66	-0.0004023339205
26.67	-0.0004044008358
26.68	-0.0004063454556
26.69	-0.0004081682454
26.7	-0.0004098696992
26.71	-0.0004114503383
26.72	-0.0004129107119
26.73	-0.0004142513961
26.74	-0.0004154729937
26.75	-0.000416576134
26.76	-0.0004175614721
26.77	-0.0004184296889
26.78	-0.0004191814904
26.79	-0.0004198176074
26.8	-0.0004203387953
26.81	-0.0004207458335
26.82	-0.000421039525
26.83	-0.000421220696
26.84	-0.0004212901959
26.85	-0.0004212488961
26.86	-0.0004210976904
26.87	-0.000420837494
26.88	-0.0004204692435
26.89	-0.0004199938963
26.9	-0.0004194124301
26.91	-0.0004187258426
26.92	-0.0004179351511
26.93	-0.000417041392
26.94	-0.0004160456205
26.95	-0.0004149489099
26.96	-0.0004137523517
26.97	-0.0004124570544
26.98	-0.0004110641439
26.99	-0.0004095747623
27	-0.0004079900682
27.01	-0.0004063112357
27.02	-0.0004045394543
27.03	-0.0004026759281
27.04	-0.0004007218759
27.05	-0.0003986785304
27.06	-0.0003965471378
27.07	-0.0003943289574
27.08	-0.0003920252612
27.09	-0.0003896373334
27.1	-0.0003871664701
27.11	-0.0003846139787
27.12	-0.0003819811776
27.13	-0.0003792693957
27.14	-0.0003764799719
27.15	-0.0003736142549
27.16	-0.0003706736024
27.17	-0.0003676593812
27.18	-0.0003645729661
27.19	-0.0003614157401
27.2	-0.0003581890937
27.21	-0.0003548944243
27.22	-0.0003515331361
27.23	-0.0003481066396
27.24	-0.000344616351
27.25	-0.0003410636919
27.26	-0.0003374500891
27.27	-0.0003337769737
27.28	-0.0003300457812
27.29	-0.0003262579507
27.3	-0.0003224149248
27.31	-0.0003185181489
27.32	-0.000314569071
27.33	-0.0003105691413
27.34	-0.0003065198117
27.35	-0.0003024225355
27.36	-0.000298278767
27.37	-0.0002940899609
27.38	-0.0002898575723
27.39	-0.000285583056
27.4	-0.0002812678663
27.41	-0.0002769134564
27.42	-0.0002725212784
27.43	-0.0002680927826
27.44	-0.0002636294172
27.45	-0.0002591326282
27.46	-0.0002546038584
27.47	-0.000250044548
27.48	-0.0002454561334
27.49	-0.0002408400471
27.5	-0.0002361977177
27.51	-0.0002315305691
27.52	-0.0002268400204
27.53	-0.0002221274854
27.54	-0.0002173943726
27.55	-0.0002126420846
27.56	-0.0002078720177
27.57	-0.0002030855618
27.58	-0.0001982841002
27.59	-0.0001934690088
27.6	-0.0001886416562
27.61	-0.0001838034035
27.62	-0.0001789556036
27.63	-0.0001740996012
27.64	-0.0001692367323
27.65	-0.0001643683243
27.66	-0.0001594956952
27.67	-0.0001546201539
27.68	-0.0001497429993
27.69	-0.0001448655206
27.7	-0.0001399889967
27.71	-0.0001351146962
27.72	-0.000130243877
27.73	-0.0001253777857
27.74	-0.0001205176583
27.75	-0.000115664719
27.76	-0.0001108201805
27.77	-0.0001059852435
27.78	-0.0001011610968
27.79	-9.634891692e-05
27.8	-9.154986769e-05
27.81	-8.676510035e-05
27.82	-8.199575321e-05
27.83	-7.724295148e-05
27.84	-7.250780707e-05
27.85	-6.779141839e-05
27.86	-6.309487022e-05
27.87	-5.841923349e-05
27.88	-5.376556512e-05
27.89	-4.913490787e-05
27.9	-4.452829016e-05
27.91	-3.994672593e-05
27.92	-3.539121449e-05
27.93	-3.086274037e-05
27.94	-2.636227315e-05
27.95	-2.18907674e-05
27.96	-1.744916247e-05
27.97	-1.303838243e-05
27.98	-8.65933589e-06
27.99	-4.312915938e-06
28	-4.688896924e-19
28.01	4.278550257e-06
28.02	8.521889023e-06
28.03	1.272918644e-05
28.04	1.689962871e-05
28.05	2.103241813e-05
28.06	2.512677324e-05
28.07	2.918192886e-05
28.08	3.319713614e-05
28.09	3.717166267e-05
28.1	4.110479252e-05
28.11	4.49958263e-05
28.12	4.884408121e-05
28.13	5.264889107e-05
28.14	5.64096064e-05
28.15	6.01255944e-05
28.16	6.379623906e-05
28.17	6.742094111e-05
28.18	7.09991181e-05
28.19	7.453020438e-05
28.2	7.801365113e-05
28.21	8.144892639e-05
28.22	8.483551502e-05
28.23	8.817291874e-05
28.24	9.14606561e-05
28.25	9.46982625e-05
28.26	9.788529014e-05
28.27	0.000101021308
28.28	0.000104105902
28.29	0.0001071386746
28.3	0.0001101192451
28.31	0.0001130472494
28.32	0.0001159223403
28.33	0.0001187441869
28.34	0.000121512475
28.35	0.0001242269071
28.36	0.0001268872019
28.37	0.0001294930946
28.38	0.0001320443367
28.39	0.0001345406962
28.4	0.000136981957
28.41	0.0001393679194
28.42	0.0001416983995
28.43	0.0001439732296
28.44	0.0001461922579
28.45	0.0001483553483
28.46	0.0001504623805
28.47	0.0001525132497
28.48	0.0001545078668
28.49	0.0001564461581
28.5	0.000158328065
28.51	0.0001601535445
28.52	0.0001619225685
28.53	0.0001636351238
28.54	0.0001652912122
28.55	0.0001668908504
28.56	0.0001684340695
28.57	0.0001699209152
28.58	0.0001713514477
28.59	0.0001727257412
28.6	0.0001740438843
28.61	0.0001753059794
28.62	0.0001765121429
28.63	0.0001776625048
28.64	0.0001787572087
28.65	0.0001797964116
28.66	0.0001807802837
28.67	0.0001817090086
28.68	0.0001825827826
28.69	0.0001834018149
28.7	0.0001841663274
28.71	0.0001848765543
28.72	0.0001855327425
28.73	0.0001861351507
28.74	0.0001866840499
28.75	0.0001871797228
28.76	0.0001876224637
28.77	0.0001880125787
28.78	0.0001883503848
28.79	0.0001886362106
28.8	0.0001888703955
28.81	0.0001890532895
28.82	0.0001891852536
28.83	0.000189266659
28.84	0.0001892978873
28.85	0.0001892793301
28.86	0.000189211389
28.87	0.0001890944752
28.88	0.0001889290096
28.89	0.0001887154224
28.9	0.0001884541527
28.91	0.0001881456491
28.92	0.0001877903685
28.93	0.0001873887766
28.94	0.0001869413477
28.95	0.0001864485639
28.96	0.0001859109156
28.97	0.000185328901
28.98	0.0001847030259
28.99	0.0001840338037
29	0.0001833217547
29.01	0.0001825674067
29.02	0.0001817712939
29.03	0.0001809339577
29.04	0.0001800559454
29.05	0.0001791378111
29.06	0.0001781801147
29.07	0.0001771834219
29.08	0.0001761483045
29.09	0.0001750753394
29.1	0.0001739651089
29.11	0.0001728182006
29.12	0.0001716352068
29.13	0.0001704167247
29.14	0.0001691633558
29.15	0.0001678757061
29.16	0.0001665543858
29.17	0.0001652000089
29.18	0.0001638131932
29.19	0.0001623945601
29.2	0.0001609447344
29.21	0.000159464344
29.22	0.0001579540199
29.23	0.0001564143958
29.24	0.000154846108
29.25	0.0001532497954
29.26	0.000151626099
29.27	0.0001499756618
29.28	0.000148299129
29.29	0.000146597147
29.3	0.0001448703642
29.31	0.0001431194299
29.32	0.0001413449948
29.33	0.0001395477105
29.34	0.0001377282295
29.35	0.0001358872046
29.36	0.0001340252894
29.37	0.0001321431375
29.38	0.0001302414027
29.39	0.0001283207387
29.4	0.000126381799
29.41	0.0001244252365
29.42	0.0001224517037
29.43	0.0001204618523
29.44	0.000118456333
29.45	0.0001164357954
29.46	0.000114400888
29.47	0.0001123522578
29.48	0.0001102905502
29.49	0.0001082164089
29.5	0.0001061304758
29.51	0.0001040333908
29.52	0.0001019257914
29.53	9.980831292e-05
29.54	9.768158826e-05
29.55	9.554624759e-05
29.56	9.340291837e-05
29.57	9.125222512e-05
29.58	8.909478933e-05
29.59	8.693122929e-05
29.6	8.476215998e-05
29.61	8.258819291e-05
29.62	8.0409936e-05
29.63	7.822799345e-05
29.64	7.604296562e-05
29.65	7.385544889e-05
29.66	7.166603552e-05
29.67	6.947531356e-05
29.68	6.728386674e-05
29.69	6.509227429e-05
29.7	6.290111088e-05
29.71	6.07109465e-05
29.72	5.852234632e-05
29.73	5.633587059e-05
29.74	5.415207457e-05
29.75	5.197150838e-05
29.76	4.979471689e-05
29.77	4.762223967e-05
29.78	4.545461085e-05
29.79	4.329235904e-05
29.8	4.113600721e-05
29.81	3.898607266e-05
29.82	3.684306685e-05
29.83	3.470749538e-05
29.84	3.257985784e-05
29.85	3.04606478e-05
29.86	2.835035268e-05
29.87	2.624945367e-05
29.88	2.415842568e-05
29.89	2.207773725e-05
29.9	2.000785049e-05
29.91	1.794922098e-05
29.92	1.590229775e-05
29.93	1.386752316e-05
29.94	1.184533289e-05
29.95	9.836155839e-06
29.96	7.840414099e-06
29.97	5.85852287e-06
29.98	3.890890425e-06
29.99	1.937918051e-06
30	6.623072452e-19
