temps	angle
0	0
0.01	0.6257443959
0.02	1.246099179
0.03	1.860707144
0.04	2.469217637
0.05	3.071286732
0.06	3.666577397
0.07	4.254759662
0.08	4.835510766
0.09	5.408515317
0.1	5.97346543
0.11	6.530060872
0.12	7.078009189
0.13	7.617025835
0.14	8.146834294
0.15	8.667166191
0.16	9.177761404
0.17	9.678368163
0.18	10.16874315
0.19	10.64865158
0.2	11.11786729
0.21	11.57617282
0.22	12.02335949
0.23	12.45922743
0.24	12.88358569
0.25	13.29625225
0.26	13.69705408
0.27	14.0858272
0.28	14.46241667
0.29	14.82667666
0.3	15.17847045
0.31	15.51767046
0.32	15.84415824
0.33	16.15782448
0.34	16.45856902
0.35	16.74630083
0.36	17.020938
0.37	17.28240771
0.38	17.53064624
0.39	17.76559888
0.4	17.98721994
0.41	18.1954727
0.42	18.39032935
0.43	18.57177093
0.44	18.73978731
0.45	18.89437709
0.46	19.03554752
0.47	19.16331447
0.48	19.27770234
0.49	19.37874394
0.5	19.46648045
0.51	19.54096127
0.52	19.602244
0.53	19.65039427
0.54	19.68548566
0.55	19.70759959
0.56	19.7168252
0.57	19.71325924
0.58	19.69700592
0.59	19.66817683
0.6	19.62689077
0.61	19.57327362
0.62	19.50745823
0.63	19.42958425
0.64	19.33979799
0.65	19.23825229
0.66	19.12510634
0.67	19.00052557
0.68	18.86468144
0.69	18.71775133
0.7	18.55991834
0.71	18.39137116
0.72	18.21230388
0.73	18.02291583
0.74	17.8234114
0.75	17.6139999
0.76	17.39489535
0.77	17.1663163
0.78	16.92848569
0.79	16.68163065
0.8	16.42598232
0.81	16.16177567
0.82	15.8892493
0.83	15.60864531
0.84	15.32020906
0.85	15.024189
0.86	14.72083651
0.87	14.41040569
0.88	14.09315317
0.89	13.76933796
0.9	13.43922121
0.91	13.10306608
0.92	12.76113751
0.93	12.41370206
0.94	12.06102771
0.95	11.70338371
0.96	11.34104034
0.97	10.97426878
0.98	10.60334088
0.99	10.22852903
1	9.850105934
1.01	9.468344477
1.02	9.083517502
1.03	8.695897665
1.04	8.305757247
1.05	7.913367988
1.06	7.519000911
1.07	7.122926157
1.08	6.725412816
1.09	6.326728761
1.1	5.927140486
1.11	5.526912944
1.12	5.12630939
1.13	4.725591225
1.14	4.32501784
1.15	3.924846464
1.16	3.52533202
1.17	3.126726975
1.18	2.729281197
1.19	2.333241815
1.2	1.938853084
1.21	1.546356246
1.22	1.1559894
1.23	0.7679873751
1.24	0.382581604
1.25	1.856964578e-15
1.26	-0.3795331612
1.27	-0.7557973573
1.28	-1.128575932
1.29	-1.497656202
1.3	-1.862829567
1.31	-2.223891608
1.32	-2.580642185
1.33	-2.932885535
1.34	-3.280430363
1.35	-3.623089928
1.36	-3.960682129
1.37	-4.293029583
1.38	-4.619959705
1.39	-4.941304779
1.4	-5.256902028
1.41	-5.566593679
1.42	-5.870227027
1.43	-6.16765449
1.44	-6.458733665
1.45	-6.74332738
1.46	-7.021303739
1.47	-7.292536163
1.48	-7.556903435
1.49	-7.81428973
1.5	-8.06458465
1.51	-8.30768325
1.52	-8.543486063
1.53	-8.771899123
1.54	-8.992833976
1.55	-9.206207698
1.56	-9.411942903
1.57	-9.60996775
1.58	-9.800215941
1.59	-9.982626724
1.6	-10.15714489
1.61	-10.32372075
1.62	-10.48231015
1.63	-10.63287443
1.64	-10.77538041
1.65	-10.90980038
1.66	-11.03611206
1.67	-11.15429859
1.68	-11.26434848
1.69	-11.36625556
1.7	-11.460019
1.71	-11.54564319
1.72	-11.62313777
1.73	-11.69251752
1.74	-11.75380235
1.75	-11.80701723
1.76	-11.85219213
1.77	-11.88936199
1.78	-11.9185666
1.79	-11.93985061
1.8	-11.95326338
1.81	-11.958859
1.82	-11.95669613
1.83	-11.94683799
1.84	-11.92935227
1.85	-11.904311
1.86	-11.87179056
1.87	-11.83187151
1.88	-11.78463855
1.89	-11.73018044
1.9	-11.66858985
1.91	-11.59996337
1.92	-11.52440131
1.93	-11.44200768
1.94	-11.35289006
1.95	-11.25715951
1.96	-11.15493048
1.97	-11.04632069
1.98	-10.93145103
1.99	-10.81044548
2	-10.68343098
2.01	-10.55053735
2.02	-10.41189715
2.03	-10.26764559
2.04	-10.11792044
2.05	-9.962861894
2.06	-9.802612457
2.07	-9.637316862
2.08	-9.467121939
2.09	-9.292176508
2.1	-9.112631267
2.11	-8.928638681
2.12	-8.740352869
2.13	-8.547929491
2.14	-8.351525635
2.15	-8.151299707
2.16	-7.947411312
2.17	-7.74002115
2.18	-7.529290897
2.19	-7.315383096
2.2	-7.098461045
2.21	-6.878688682
2.22	-6.656230482
2.23	-6.431251338
2.24	-6.203916458
2.25	-5.974391251
2.26	-5.742841222
2.27	-5.509431863
2.28	-5.274328547
2.29	-5.037696422
2.3	-4.799700306
2.31	-4.560504583
2.32	-4.320273101
2.33	-4.079169072
2.34	-3.837354969
2.35	-3.594992429
2.36	-3.352242154
2.37	-3.109263816
2.38	-2.866215964
2.39	-2.623255924
2.4	-2.380539715
2.41	-2.138221956
2.42	-1.896455775
2.43	-1.655392725
2.44	-1.415182698
2.45	-1.17597384
2.46	-0.9379124739
2.47	-0.7011430133
2.48	-0.4658078893
2.49	-0.2320474727
2.5	-2.252611901e-15
2.51	0.2301984987
2.52	0.4584142697
2.53	0.6845159043
2.54	0.9083744044
2.55	1.129863246
2.56	1.348858444
2.57	1.565238607
2.58	1.778884998
2.59	1.989681592
2.6	2.197515124
2.61	2.402275145
2.62	2.603854065
2.63	2.802147208
2.64	2.997052847
2.65	3.188472255
2.66	3.376309737
2.67	3.560472671
2.68	3.740871547
2.69	3.917419991
2.7	4.090034805
2.71	4.258635989
2.72	4.42314677
2.73	4.583493626
2.74	4.739606305
2.75	4.891417848
2.76	5.038864602
2.77	5.181886238
2.78	5.320425762
2.79	5.454429524
2.8	5.583847228
2.81	5.708631938
2.82	5.828740079
2.83	5.94413144
2.84	6.054769173
2.85	6.16061979
2.86	6.261653158
2.87	6.357842491
2.88	6.449164341
2.89	6.535598587
2.9	6.617128419
2.91	6.693740329
2.92	6.765424083
2.93	6.832172712
2.94	6.893982485
2.95	6.950852883
2.96	7.002786583
2.97	7.049789419
2.98	7.091870364
2.99	7.129041492
3	7.161317948
3.01	7.188717913
3.02	7.21126257
3.03	7.228976064
3.04	7.241885465
3.05	7.250020725
3.06	7.253414637
3.07	7.252102791
3.08	7.24612353
3.09	7.235517901
3.1	7.220329607
3.11	7.200604962
3.12	7.176392834
3.13	7.147744597
3.14	7.114714078
3.15	7.077357502
3.16	7.035733434
3.17	6.989902729
3.18	6.939928466
3.19	6.885875898
3.2	6.827812387
3.21	6.765807344
3.22	6.699932173
3.23	6.630260203
3.24	6.556866627
3.25	6.479828442
3.26	6.399224379
3.27	6.315134846
3.28	6.227641855
3.29	6.136828962
3.3	6.042781197
3.31	5.945585001
3.32	5.845328154
3.33	5.742099715
3.34	5.635989947
3.35	5.527090254
3.36	5.415493109
3.37	5.301291992
3.38	5.184581313
3.39	5.065456353
3.4	4.944013189
3.41	4.820348626
3.42	4.694560134
3.43	4.566745775
3.44	4.437004136
3.45	4.30543426
3.46	4.172135584
3.47	4.037207865
3.48	3.900751117
3.49	3.762865542
3.5	3.623651467
3.51	3.483209275
3.52	3.341639343
3.53	3.199041973
3.54	3.055517335
3.55	2.911165393
3.56	2.766085853
3.57	2.620378094
3.58	2.474141108
3.59	2.327473441
3.6	2.18047313
3.61	2.033237645
3.62	1.885863834
3.63	1.738447859
3.64	1.591085146
3.65	1.443870324
3.66	1.296897174
3.67	1.150258572
3.68	1.004046442
3.69	0.8583516952
3.7	0.7132641892
3.71	0.5688726715
3.72	0.4252647344
3.73	0.2825267664
3.74	0.1407439067
3.75	2.049417273e-15
3.76	-0.1396224473
3.77	-0.2780423094
3.78	-0.415179883
3.79	-0.5509569267
3.8	-0.6852967003
3.81	-0.8181240019
3.82	-0.9493652047
3.83	-1.078948292
3.84	-1.206802889
3.85	-1.332860298
3.86	-1.457053528
3.87	-1.579317324
3.88	-1.699588195
3.89	-1.817804441
3.9	-1.93390618
3.91	-2.047835372
3.92	-2.159535838
3.93	-2.268953287
3.94	-2.376035331
3.95	-2.480731508
3.96	-2.582993296
3.97	-2.682774128
3.98	-2.780029413
3.99	-2.874716539
4	-2.966794894
4.01	-3.056225871
4.02	-3.142972879
4.03	-3.227001347
4.04	-3.308278737
4.05	-3.386774543
4.06	-3.462460296
4.07	-3.535309565
4.08	-3.605297964
4.09	-3.672403141
4.1	-3.736604785
4.11	-3.797884621
4.12	-3.8562264
4.13	-3.911615902
4.14	-3.964040922
4.15	-4.013491266
4.16	-4.059958737
4.17	-4.103437132
4.18	-4.143922223
4.19	-4.181411744
4.2	-4.215905385
4.21	-4.247404766
4.22	-4.275913427
4.23	-4.301436811
4.24	-4.323982239
4.25	-4.343558899
4.26	-4.360177818
4.27	-4.373851844
4.28	-4.384595621
4.29	-4.392425569
4.3	-4.397359853
4.31	-4.399418365
4.32	-4.39862269
4.33	-4.394996085
4.34	-4.388563446
4.35	-4.37935128
4.36	-4.367387678
4.37	-4.35270228
4.38	-4.335326246
4.39	-4.315292224
4.4	-4.292634315
4.41	-4.267388042
4.42	-4.239590313
4.43	-4.209279391
4.44	-4.176494851
4.45	-4.141277551
4.46	-4.103669592
4.47	-4.063714281
4.48	-4.021456095
4.49	-3.976940641
4.5	-3.930214619
4.51	-3.881325784
4.52	-3.830322904
4.53	-3.777255723
4.54	-3.722174919
4.55	-3.665132066
4.56	-3.606179593
4.57	-3.545370742
4.58	-3.482759528
4.59	-3.418400701
4.6	-3.352349698
4.61	-3.284662608
4.62	-3.215396129
4.63	-3.144607524
4.64	-3.072354584
4.65	-2.998695581
4.66	-2.923689232
4.67	-2.847394655
4.68	-2.769871328
4.69	-2.691179045
4.7	-2.611377882
4.71	-2.530528148
4.72	-2.44869035
4.73	-2.365925148
4.74	-2.282293319
4.75	-2.197855715
4.76	-2.112673219
4.77	-2.026806715
4.78	-1.940317039
4.79	-1.853264945
4.8	-1.765711066
4.81	-1.677715877
4.82	-1.589339654
4.83	-1.500642439
4.84	-1.411684002
4.85	-1.322523806
4.86	-1.23322097
4.87	-1.143834235
4.88	-1.054421927
4.89	-0.9650419232
4.9	-0.8757516201
4.91	-0.7866078983
4.92	-0.6976670907
4.93	-0.6089849506
4.94	-0.52061662
4.95	-0.4326165992
4.96	-0.3450387168
4.97	-0.2579360999
4.98	-0.171361146
4.99	-0.08536549458
5	-1.657379214e-15
5.01	0.08468529505
5.02	0.1686411854
5.03	0.2518193284
5.04	0.3341722683
5.05	0.4156534597
5.06	0.4962172906
5.07	0.5758191039
5.08	0.6544152191
5.09	0.7319629523
5.1	0.8084206359
5.11	0.8837476377
5.12	0.9579043784
5.13	1.030852349
5.14	1.102554127
5.15	1.172973391
5.16	1.242074939
5.17	1.309824697
5.18	1.376189734
5.19	1.441138277
5.2	1.504639718
5.21	1.566664628
5.22	1.627184762
5.23	1.686173074
5.24	1.743603719
5.25	1.799452064
5.26	1.853694694
5.27	1.906309414
5.28	1.957275256
5.29	2.006572485
5.3	2.054182598
5.31	2.100088327
5.32	2.144273643
5.33	2.186723752
5.34	2.2274251
5.35	2.266365366
5.36	2.303533465
5.37	2.338919543
5.38	2.372514974
5.39	2.404312356
5.4	2.434305505
5.41	2.462489451
5.42	2.488860431
5.43	2.513415879
5.44	2.536154424
5.45	2.557075874
5.46	2.576181215
5.47	2.593472592
5.48	2.608953306
5.49	2.6226278
5.5	2.634501645
5.51	2.644581529
5.52	2.652875244
5.53	2.659391675
5.54	2.664140778
5.55	2.667133573
5.56	2.668382123
5.57	2.667899522
5.58	2.665699875
5.59	2.661798282
5.6	2.656210821
5.61	2.648954529
5.62	2.640047385
5.63	2.629508288
5.64	2.617357039
5.65	2.603614323
5.66	2.588301684
5.67	2.57144151
5.68	2.553057006
5.69	2.533172177
5.7	2.511811805
5.71	2.489001425
5.72	2.464767304
5.73	2.439136418
5.74	2.412136431
5.75	2.383795666
5.76	2.354143089
5.77	2.323208278
5.78	2.291021406
5.79	2.257613209
5.8	2.22301497
5.81	2.187258487
5.82	2.150376055
5.83	2.112400434
5.84	2.073364832
5.85	2.033302874
5.86	1.992248579
5.87	1.950236335
5.88	1.907300876
5.89	1.863477253
5.9	1.818800809
5.91	1.773307159
5.92	1.727032159
5.93	1.680011884
5.94	1.632282602
5.95	1.58388075
5.96	1.534842907
5.97	1.485205773
5.98	1.435006141
5.99	1.384280873
6	1.333066877
6.01	1.281401082
6.02	1.229320414
6.03	1.176861773
6.04	1.12406201
6.05	1.070957898
6.06	1.017586118
6.07	0.963983229
6.08	0.9101856484
6.09	0.8562296288
6.1	0.8021512364
6.11	0.7479863287
6.12	0.6937705333
6.13	0.639539227
6.14	0.5853275144
6.15	0.5311702079
6.16	0.4771018075
6.17	0.4231564808
6.18	0.3693680438
6.19	0.315769942
6.2	0.2623952313
6.21	0.2092765605
6.22	0.1564461528
6.23	0.1039357889
6.24	0.05177678974
6.25	1.256564135e-15
6.26	-0.05136422787
6.27	-0.1022860494
6.28	-0.1527361434
6.29	-0.2026857263
6.3	-0.2521065671
6.31	-0.3009710006
6.32	-0.349251941
6.33	-0.3969228946
6.34	-0.4439579723
6.35	-0.4903319016
6.36	-0.5360200377
6.37	-0.5809983746
6.38	-0.6252435552
6.39	-0.6687328818
6.4	-0.7114443249
6.41	-0.7533565323
6.42	-0.7944488374
6.43	-0.8347012673
6.44	-0.8740945499
6.45	-0.912610121
6.46	-0.9502301302
6.47	-0.9869374471
6.48	-1.022715667
6.49	-1.057549114
6.5	-1.091422848
6.51	-1.124322666
6.52	-1.156235106
6.53	-1.187147452
6.54	-1.217047733
6.55	-1.245924726
6.56	-1.273767959
6.57	-1.300567707
6.58	-1.326315
6.59	-1.351001615
6.6	-1.37462008
6.61	-1.397163672
6.62	-1.418626413
6.63	-1.439003072
6.64	-1.458289159
6.65	-1.476480924
6.66	-1.493575352
6.67	-1.509570159
6.68	-1.524463791
6.69	-1.538255416
6.7	-1.550944917
6.71	-1.562532892
6.72	-1.573020642
6.73	-1.58241017
6.74	-1.59070417
6.75	-1.597906021
6.76	-1.604019779
6.77	-1.609050172
6.78	-1.613002587
6.79	-1.615883064
6.8	-1.617698285
6.81	-1.61845557
6.82	-1.618162857
6.83	-1.616828704
6.84	-1.614462268
6.85	-1.611073302
6.86	-1.606672138
6.87	-1.601269682
6.88	-1.594877397
6.89	-1.587507292
6.9	-1.579171913
6.91	-1.569884328
6.92	-1.559658115
6.93	-1.54850735
6.94	-1.536446592
6.95	-1.523490871
6.96	-1.509655676
6.97	-1.494956939
6.98	-1.479411021
6.99	-1.463034701
7	-1.445845158
7.01	-1.427859961
7.02	-1.40909705
7.03	-1.389574725
7.04	-1.369311629
7.05	-1.348326736
7.06	-1.326639333
7.07	-1.304269007
7.08	-1.281235629
7.09	-1.25755934
7.1	-1.233260533
7.11	-1.208359845
7.12	-1.182878131
7.13	-1.156836459
7.14	-1.130256087
7.15	-1.103158455
7.16	-1.075565161
7.17	-1.047497955
7.18	-1.018978716
7.19	-0.9900294433
7.2	-0.960672236
7.21	-0.9309292811
7.22	-0.9008228375
7.23	-0.8703752214
7.24	-0.839608791
7.25	-0.8085459321
7.26	-0.7772090433
7.27	-0.7456205217
7.28	-0.7138027478
7.29	-0.6817780722
7.3	-0.6495688004
7.31	-0.6171971794
7.32	-0.5846853838
7.33	-0.5520555018
7.34	-0.5193295216
7.35	-0.4865293186
7.36	-0.4536766414
7.37	-0.4207930993
7.38	-0.3879001492
7.39	-0.3550190834
7.4	-0.3221710166
7.41	-0.289376874
7.42	-0.2566573795
7.43	-0.2240330433
7.44	-0.1915241512
7.45	-0.1591507528
7.46	-0.1269326503
7.47	-0.09488938829
7.48	-0.06304024263
7.49	-0.03140421044
7.5	-9.145736087e-16
7.51	0.03115397902
7.52	0.06203962503
7.53	0.09263915379
7.54	0.1229351073
7.55	0.1529103625
7.56	0.1825481396
7.57	0.2118320102
7.58	0.2407459051
7.59	0.2692741218
7.6	0.2974013318
7.61	0.3251125871
7.62	0.3523933274
7.63	0.379229386
7.64	0.405606996
7.65	0.4315127957
7.66	0.4569338345
7.67	0.4818575774
7.68	0.5062719103
7.69	0.530165144
7.7	0.5535260187
7.71	0.5763437077
7.72	0.5986078209
7.73	0.620308408
7.74	0.6414359617
7.75	0.6619814199
7.76	0.6819361681
7.77	0.7012920417
7.78	0.7200413274
7.79	0.7381767645
7.8	0.7556915462
7.81	0.7725793202
7.82	0.7888341895
7.83	0.804450712
7.84	0.8194239009
7.85	0.8337492242
7.86	0.8474226037
7.87	0.8604404143
7.88	0.8727994827
7.89	0.8844970858
7.9	0.8955309489
7.91	0.9058992433
7.92	0.9156005845
7.93	0.9246340292
7.94	0.9329990722
7.95	0.9406956437
7.96	0.9477241056
7.97	0.9540852478
7.98	0.9597802844
7.99	0.9648108495
8	0.9691789928
8.01	0.9728871749
8.02	0.9759382624
8.03	0.9783355232
8.04	0.9800826206
8.05	0.9811836083
8.06	0.9816429243
8.07	0.9814653853
8.08	0.9806561803
8.09	0.9792208645
8.1	0.9771653525
8.11	0.974495912
8.12	0.9712191568
8.13	0.9673420395
8.14	0.9628718449
8.15	0.9578161821
8.16	0.9521829771
8.17	0.9459804656
8.18	0.9392171846
8.19	0.931901965
8.2	0.9240439232
8.21	0.9156524533
8.22	0.9067372183
8.23	0.8973081425
8.24	0.8873754021
8.25	0.8769494175
8.26	0.8660408439
8.27	0.8546605631
8.28	0.8428196744
8.29	0.8305294858
8.3	0.8178015049
8.31	0.8046474301
8.32	0.7910791414
8.33	0.7771086913
8.34	0.7627482958
8.35	0.748010325
8.36	0.7329072938
8.37	0.7174518532
8.38	0.7016567805
8.39	0.6855349703
8.4	0.6690994252
8.41	0.6523632466
8.42	0.6353396255
8.43	0.618041833
8.44	0.6004832114
8.45	0.5826771651
8.46	0.564637151
8.47	0.5463766699
8.48	0.5279092572
8.49	0.5092484739
8.5	0.4904078976
8.51	0.4714011138
8.52	0.4522417069
8.53	0.4329432516
8.54	0.4135193039
8.55	0.393983393
8.56	0.3743490124
8.57	0.3546296116
8.58	0.3348385877
8.59	0.3149892774
8.6	0.2950949486
8.61	0.2751687926
8.62	0.2552239161
8.63	0.2352733334
8.64	0.2153299589
8.65	0.1954065992
8.66	0.1755159463
8.67	0.1556705697
8.68	0.1358829095
8.69	0.1161652698
8.7	0.09652981106
8.71	0.07698854413
8.72	0.05755332328
8.73	0.03823583995
8.74	0.01904761648
8.75	6.471697566e-16
8.76	-0.01889584345
8.77	-0.0376289347
8.78	-0.05618848707
8.79	-0.07456391173
8.8	-0.09274482303
8.81	-0.1107210435
8.82	-0.1284826089
8.83	-0.1460197726
8.84	-0.1633230108
8.85	-0.180383026
8.86	-0.1971907519
8.87	-0.2137373574
8.88	-0.2300142497
8.89	-0.2460130789
8.9	-0.2617257407
8.91	-0.2771443801
8.92	-0.2922613943
8.93	-0.3070694358
8.94	-0.3215614146
8.95	-0.3357305013
8.96	-0.3495701293
8.97	-0.3630739965
8.98	-0.376236068
8.99	-0.389050577
9	-0.4015120273
9.01	-0.4136151939
9.02	-0.4253551247
9.03	-0.4367271413
9.04	-0.44772684
9.05	-0.4583500921
9.06	-0.4685930448
9.07	-0.4784521214
9.08	-0.4879240211
9.09	-0.4970057192
9.1	-0.505694467
9.11	-0.5139877909
9.12	-0.5218834921
9.13	-0.5293796461
9.14	-0.536474601
9.15	-0.5431669772
9.16	-0.5494556657
9.17	-0.5553398266
9.18	-0.5608188877
9.19	-0.5658925428
9.2	-0.5705607494
9.21	-0.574823727
9.22	-0.5786819548
9.23	-0.5821361691
9.24	-0.5851873611
9.25	-0.5878367739
9.26	-0.5900859
9.27	-0.5919364781
9.28	-0.5933904903
9.29	-0.5944501584
9.3	-0.5951179412
9.31	-0.5953965305
9.32	-0.5952888476
9.33	-0.59479804
9.34	-0.5939274769
9.35	-0.5926807459
9.36	-0.5910616484
9.37	-0.5890741959
9.38	-0.5867226054
9.39	-0.5840112953
9.4	-0.5809448808
9.41	-0.5775281693
9.42	-0.5737661559
9.43	-0.5696640186
9.44	-0.5652271136
9.45	-0.5604609704
9.46	-0.5553712865
9.47	-0.5499639232
9.48	-0.5442448996
9.49	-0.5382203881
9.5	-0.5318967087
9.51	-0.5252803244
9.52	-0.5183778352
9.53	-0.5111959731
9.54	-0.5037415969
9.55	-0.4960216863
9.56	-0.4880433366
9.57	-0.4798137535
9.58	-0.4713402472
9.59	-0.4626302271
9.6	-0.4536911959
9.61	-0.4445307444
9.62	-0.4351565458
9.63	-0.42557635
9.64	-0.4157979778
9.65	-0.4058293158
9.66	-0.3956783103
9.67	-0.3853529622
9.68	-0.3748613207
9.69	-0.3642114784
9.7	-0.3534115653
9.71	-0.3424697437
9.72	-0.3313942021
9.73	-0.3201931501
9.74	-0.3088748128
9.75	-0.2974474257
9.76	-0.2859192285
9.77	-0.2742984608
9.78	-0.262593356
9.79	-0.2508121362
9.8	-0.2389630073
9.81	-0.2270541535
9.82	-0.2150937323
9.83	-0.2030898695
9.84	-0.1910506542
9.85	-0.1789841338
9.86	-0.1668983093
9.87	-0.1548011302
9.88	-0.1427004901
9.89	-0.130604222
9.9	-0.1185200936
9.91	-0.1064558027
9.92	-0.09441897333
9.93	-0.08241715077
9.94	-0.07045779772
9.95	-0.05854828999
9.96	-0.04669591246
9.97	-0.03490785514
9.98	-0.02319120923
9.99	-0.01155296339
10	-4.486037708e-16
10.01	0.01146090839
10.02	0.02282310259
10.03	0.03408004013
10.04	0.04522529857
10.05	0.0562525787
10.06	0.06715570757
10.07	0.07792864152
10.08	0.08856546903
10.09	0.09906041346
10.1	0.1094078357
10.11	0.1196022369
10.12	0.1296382604
10.13	0.1395106946
10.14	0.149214475
10.15	0.1587446862
10.16	0.1680965637
10.17	0.1772654963
10.18	0.1862470274
10.19	0.1950368569
10.2	0.2036308424
10.21	0.2120250011
10.22	0.2202155106
10.23	0.2281987105
10.24	0.2359711031
10.25	0.2435293548
10.26	0.2508702964
10.27	0.2579909244
10.28	0.2648884012
10.29	0.2715600556
10.3	0.2780033837
10.31	0.2842160486
10.32	0.2901958808
10.33	0.2959408784
10.34	0.3014492068
10.35	0.3067191987
10.36	0.3117493539
10.37	0.3165383388
10.38	0.321084986
10.39	0.3253882937
10.4	0.329447425
10.41	0.3332617074
10.42	0.3368306314
10.43	0.3401538499
10.44	0.3432311773
10.45	0.3460625877
10.46	0.3486482144
10.47	0.3509883478
10.48	0.3530834347
10.49	0.3549340762
10.5	0.3565410263
10.51	0.3579051902
10.52	0.3590276226
10.53	0.3599095255
10.54	0.3605522468
10.55	0.3609572775
10.56	0.3611262504
10.57	0.3610609375
10.58	0.3607632476
10.59	0.3602352244
10.6	0.3594790438
10.61	0.3584970115
10.62	0.3572915606
10.63	0.3558652489
10.64	0.3542207562
10.65	0.3523608818
10.66	0.3502885415
10.67	0.348006765
10.68	0.345518693
10.69	0.3428275741
10.7	0.3399367621
10.71	0.3368497128
10.72	0.3335699812
10.73	0.330101218
10.74	0.326447167
10.75	0.3226116616
10.76	0.3185986217
10.77	0.3144120503
10.78	0.3100560308
10.79	0.3055347231
10.8	0.3008523606
10.81	0.2960132469
10.82	0.2910217525
10.83	0.2858823111
10.84	0.2805994168
10.85	0.2751776203
10.86	0.2696215257
10.87	0.2639357868
10.88	0.2581251043
10.89	0.2521942218
10.9	0.2461479226
10.91	0.2399910266
10.92	0.2337283864
10.93	0.2273648841
10.94	0.2209054282
10.95	0.2143549499
10.96	0.2077183996
10.97	0.201000744
10.98	0.1942069625
10.99	0.187342044
11	0.1804109833
11.01	0.1734187783
11.02	0.1663704264
11.03	0.1592709214
11.04	0.1521252504
11.05	0.1449383905
11.06	0.1377153055
11.07	0.1304609433
11.08	0.1231802325
11.09	0.1158780793
11.1	0.1085593648
11.11	0.1012289416
11.12	0.09389163163
11.13	0.08655222242
11.14	0.07921546494
11.15	0.07188607053
11.16	0.06456870825
11.17	0.05726800218
11.18	0.04998852883
11.19	0.04273481453
11.2	0.03551133295
11.21	0.02832250259
11.22	0.02117268441
11.23	0.01406617943
11.24	0.007007226505
11.25	3.061034337e-16
11.26	-0.006951392327
11.27	-0.01384291147
11.28	-0.02067058922
11.29	-0.02743053018
11.3	-0.03411891367
11.31	-0.04073199562
11.32	-0.04726611035
11.33	-0.05371767236
11.34	-0.06008317793
11.35	-0.06635920679
11.36	-0.07254242363
11.37	-0.07862957958
11.38	-0.08461751364
11.39	-0.09050315397
11.4	-0.09628351922
11.41	-0.1019557197
11.42	-0.1075169584
11.43	-0.1129645324
11.44	-0.1182958335
11.45	-0.1235083492
11.46	-0.1285996638
11.47	-0.1335674589
11.48	-0.1384095144
11.49	-0.1431237089
11.5	-0.1477080202
11.51	-0.1521605264
11.52	-0.1564794056
11.53	-0.1606629367
11.54	-0.1647094997
11.55	-0.1686175757
11.56	-0.1723857475
11.57	-0.176012699
11.58	-0.1794972162
11.59	-0.1828381862
11.6	-0.1860345979
11.61	-0.1890855413
11.62	-0.1919902074
11.63	-0.1947478884
11.64	-0.1973579764
11.65	-0.199819964
11.66	-0.2021334432
11.67	-0.2042981051
11.68	-0.206313739
11.69	-0.2081802324
11.7	-0.2098975696
11.71	-0.2114658315
11.72	-0.2128851941
11.73	-0.2141559286
11.74	-0.2152783994
11.75	-0.2162530639
11.76	-0.2170804711
11.77	-0.2177612608
11.78	-0.218296162
11.79	-0.2186859921
11.8	-0.2189316557
11.81	-0.2190341429
11.82	-0.2189945286
11.83	-0.2188139706
11.84	-0.2184937083
11.85	-0.2180350616
11.86	-0.2174394289
11.87	-0.216708286
11.88	-0.2158431842
11.89	-0.214845749
11.9	-0.2137176781
11.91	-0.2124607402
11.92	-0.2110767728
11.93	-0.2095676808
11.94	-0.2079354347
11.95	-0.2061820686
11.96	-0.2043096785
11.97	-0.2023204207
11.98	-0.2002165095
11.99	-0.1980002156
12	-0.195673864
12.01	-0.1932398322
12.02	-0.1907005483
12.03	-0.1880584889
12.04	-0.1853161772
12.05	-0.1824761807
12.06	-0.1795411099
12.07	-0.1765136155
12.08	-0.1733963868
12.09	-0.1701921494
12.1	-0.1669036636
12.11	-0.1635337218
12.12	-0.1600851469
12.13	-0.1565607898
12.14	-0.1529635277
12.15	-0.1492962619
12.16	-0.1455619157
12.17	-0.1417634324
12.18	-0.1379037732
12.19	-0.1339859151
12.2	-0.1300128492
12.21	-0.1259875779
12.22	-0.1219131139
12.23	-0.1177924771
12.24	-0.1136286935
12.25	-0.1094247927
12.26	-0.105183806
12.27	-0.1009087645
12.28	-0.09660269705
12.29	-0.0922686285
12.3	-0.08790957758
12.31	-0.08352855509
12.32	-0.07912856202
12.33	-0.07471258769
12.34	-0.0702836079
12.35	-0.06584458314
12.36	-0.06139845676
12.37	-0.05694815327
12.38	-0.05249657656
12.39	-0.04804660821
12.4	-0.04360110578
12.41	-0.03916290121
12.42	-0.03473479914
12.43	-0.03031957537
12.44	-0.02591997525
12.45	-0.0215387122
12.46	-0.01717846618
12.47	-0.01284188224
12.48	-0.008531569092
12.49	-0.004250097715
12.5	-2.062901306e-16
12.51	0.004216232574
12.52	0.008396150226
12.53	0.01253734612
12.54	0.01663745757
12.55	0.02069416722
12.56	0.02470520417
12.57	0.02866834509
12.58	0.03258141525
12.59	0.03644228955
12.6	0.04024889347
12.61	0.04399920406
12.62	0.04769125078
12.63	0.05132311637
12.64	0.05489293768
12.65	0.05839890643
12.66	0.06183926991
12.67	0.06521233172
12.68	0.06851645238
12.69	0.07175004993
12.7	0.07491160053
12.71	0.07799963893
12.72	0.08101275899
12.73	0.0839496141
12.74	0.08680891756
12.75	0.08958944295
12.76	0.09229002446
12.77	0.0949095571
12.78	0.09744699699
12.79	0.0999013615
12.8	0.1022717294
12.81	0.1045572411
12.82	0.1067570985
12.83	0.108870565
12.84	0.1108969657
12.85	0.1128356874
12.86	0.1146861781
12.87	0.1164479472
12.88	0.1181205652
12.89	0.1197036636
12.9	0.1211969346
12.91	0.1226001307
12.92	0.1239130644
12.93	0.1251356082
12.94	0.1262676937
12.95	0.1273093114
12.96	0.1282605103
12.97	0.1291213972
12.98	0.1298921366
12.99	0.1305729496
13	0.1311641135
13.01	0.1316659614
13.02	0.1320788812
13.03	0.1324033151
13.04	0.1326397591
13.05	0.1327887615
13.06	0.1328509232
13.07	0.1328268959
13.08	0.1327173819
13.09	0.132523133
13.1	0.1322449497
13.11	0.1318836803
13.12	0.1314402197
13.13	0.1309155089
13.14	0.1303105339
13.15	0.1296263243
13.16	0.1288639529
13.17	0.1280245342
13.18	0.1271092237
13.19	0.1261192164
13.2	0.1250557461
13.21	0.1239200841
13.22	0.1227135383
13.23	0.1214374516
13.24	0.1200932014
13.25	0.1186821978
13.26	0.1172058829
13.27	0.1156657294
13.28	0.1140632394
13.29	0.1123999432
13.3	0.1106773983
13.31	0.1088971879
13.32	0.1070609197
13.33	0.1051702248
13.34	0.1032267567
13.35	0.1012321892
13.36	0.0991882162
13.37	0.09709654976
13.38	0.09495891912
13.39	0.09277706937
13.4	0.09055276022
13.41	0.08828776476
13.42	0.08598386816
13.43	0.08364286651
13.44	0.08126656549
13.45	0.07885677917
13.46	0.07641532876
13.47	0.07394404138
13.48	0.07144474885
13.49	0.06891928645
13.5	0.06636949172
13.51	0.06379720325
13.52	0.06120425949
13.53	0.05859249757
13.54	0.05596375212
13.55	0.05331985408
13.56	0.05066262962
13.57	0.04799389893
13.58	0.0453154751
13.59	0.04262916307
13.6	0.03993675845
13.61	0.03724004648
13.62	0.03454080097
13.63	0.03184078322
13.64	0.02914174097
13.65	0.02644540746
13.66	0.02375350031
13.67	0.02106772064
13.68	0.01838975205
13.69	0.01572125969
13.7	0.01306388932
13.71	0.01041926643
13.72	0.007788995307
13.73	0.00517465823
13.74	0.002577814571
13.75	5.006116377e-16
13.76	-0.002557274325
13.77	-0.005092522536
13.78	-0.007604284812
13.79	-0.01009112811
13.8	-0.01255164689
13.81	-0.01498446378
13.82	-0.01738823026
13.83	-0.01976162729
13.84	-0.02210336592
13.85	-0.02441218791
13.86	-0.02668686626
13.87	-0.0289262058
13.88	-0.03112904363
13.89	-0.03329424971
13.9	-0.03542072724
13.91	-0.03750741318
13.92	-0.03955327858
13.93	-0.04155732906
13.94	-0.04351860512
13.95	-0.04543618249
13.96	-0.04730917246
13.97	-0.04913672215
13.98	-0.05091801482
13.99	-0.05265227003
14	-0.05433874394
14.01	-0.05597672942
14.02	-0.05756555628
14.03	-0.05910459137
14.04	-0.0605932387
14.05	-0.06203093953
14.06	-0.06341717244
14.07	-0.06475145336
14.08	-0.06603333559
14.09	-0.06726240978
14.1	-0.06843830392
14.11	-0.06956068326
14.12	-0.07062925022
14.13	-0.07164374434
14.14	-0.07260394207
14.15	-0.0735096567
14.16	-0.07436073814
14.17	-0.07515707272
14.18	-0.07589858301
14.19	-0.07658522756
14.2	-0.07721700062
14.21	-0.0777939319
14.22	-0.07831608625
14.23	-0.07878356333
14.24	-0.07919649726
14.25	-0.07955505629
14.26	-0.07985944241
14.27	-0.08010989093
14.28	-0.08030667007
14.29	-0.08045008056
14.3	-0.08054045514
14.31	-0.08057815809
14.32	-0.0805635848
14.33	-0.08049716121
14.34	-0.08037934331
14.35	-0.08021061661
14.36	-0.07999149559
14.37	-0.07972252315
14.38	-0.07940426998
14.39	-0.07903733407
14.4	-0.07862233999
14.41	-0.07815993837
14.42	-0.07765080522
14.43	-0.07709564131
14.44	-0.07649517151
14.45	-0.07585014417
14.46	-0.07516133037
14.47	-0.07442952332
14.48	-0.07365553764
14.49	-0.07284020866
14.5	-0.07198439173
14.51	-0.07108896148
14.52	-0.07015481115
14.53	-0.06918285181
14.54	-0.0681740117
14.55	-0.0671292354
14.56	-0.06604948319
14.57	-0.06493573023
14.58	-0.06378896586
14.59	-0.06261019281
14.6	-0.0614004265
14.61	-0.06016069421
14.62	-0.05889203438
14.63	-0.05759549586
14.64	-0.05627213709
14.65	-0.0549230254
14.66	-0.0535492362
14.67	-0.05215185228
14.68	-0.05073196301
14.69	-0.04929066358
14.7	-0.04782905429
14.71	-0.04634823976
14.72	-0.0448493282
14.73	-0.04333343065
14.74	-0.04180166028
14.75	-0.0402551316
14.76	-0.03869495978
14.77	-0.03712225989
14.78	-0.03553814621
14.79	-0.03394373149
14.8	-0.03234012627
14.81	-0.03072843817
14.82	-0.02910977118
14.83	-0.02748522501
14.84	-0.0258558944
14.85	-0.02422286845
14.86	-0.02258722996
14.87	-0.0209500548
14.88	-0.01931241125
14.89	-0.01767535938
14.9	-0.01603995043
14.91	-0.01440722621
14.92	-0.0127782185
14.93	-0.01115394844
14.94	-0.009535426011
14.95	-0.007923649408
14.96	-0.006319604539
14.97	-0.004724264462
14.98	-0.00313858887
14.99	-0.001563523572
15	-9.106787757e-17
15.01	0.001551065283
15.02	0.003088771053
15.03	0.004612231883
15.04	0.006120578592
15.05	0.007612958671
15.06	0.009088536705
15.07	0.01054649477
15.08	0.01198603284
15.09	0.01340636911
15.1	0.01480674044
15.11	0.0161864026
15.12	0.01754463068
15.13	0.01888071937
15.14	0.02019398324
15.15	0.02148375706
15.16	0.02274939606
15.17	0.02399027615
15.18	0.02520579421
15.19	0.02639536827
15.2	0.02755843774
15.21	0.02869446358
15.22	0.0298029285
15.23	0.03088333712
15.24	0.03193521608
15.25	0.03295811421
15.26	0.03395160262
15.27	0.03491527483
15.28	0.0358487468
15.29	0.03675165704
15.3	0.03762366668
15.31	0.03846445944
15.32	0.03927374172
15.33	0.0400512426
15.34	0.04079671378
15.35	0.04150992963
15.36	0.04219068711
15.37	0.04283880573
15.38	0.04345412752
15.39	0.04403651688
15.4	0.04458586058
15.41	0.04510206756
15.42	0.0455850689
15.43	0.04603481763
15.44	0.04645128859
15.45	0.04683447833
15.46	0.04718440484
15.47	0.04750110746
15.48	0.04778464664
15.49	0.04803510373
15.5	0.04825258078
15.51	0.04843720029
15.52	0.04858910499
15.53	0.04870845758
15.54	0.04879544044
15.55	0.04885025539
15.56	0.04887312339
15.57	0.04886428424
15.58	0.04882399629
15.59	0.04875253613
15.6	0.04865019821
15.61	0.04851729459
15.62	0.04835415456
15.63	0.04816112426
15.64	0.04793856637
15.65	0.04768685974
15.66	0.04740639898
15.67	0.04709759411
15.68	0.04676087018
15.69	0.04639666684
15.7	0.04600543798
15.71	0.04558765129
15.72	0.04514378788
15.73	0.04467434184
15.74	0.04417981981
15.75	0.0436607406
15.76	0.0431176347
15.77	0.04255104389
15.78	0.04196152075
15.79	0.04134962829
15.8	0.04071593943
15.81	0.04006103661
15.82	0.0393855113
15.83	0.03868996354
15.84	0.03797500155
15.85	0.03724124119
15.86	0.03648930555
15.87	0.03571982447
15.88	0.0349334341
15.89	0.03413077643
15.9	0.03331249883
15.91	0.03247925356
15.92	0.03163169737
15.93	0.03077049099
15.94	0.0298962987
15.95	0.02900978785
15.96	0.02811162844
15.97	0.02720249262
15.98	0.02628305428
15.99	0.02535398859
16	0.02441597153
16.01	0.02346967948
16.02	0.02251578878
16.03	0.02155497526
16.04	0.02058791385
16.05	0.01961527812
16.06	0.01863773987
16.07	0.01765596872
16.08	0.01667063166
16.09	0.01568239269
16.1	0.01469191238
16.11	0.01369984749
16.12	0.01270685056
16.13	0.01171356954
16.14	0.01072064738
16.15	0.009728721716
16.16	0.008738424419
16.17	0.007750381296
16.18	0.006765211708
16.19	0.005783528229
16.2	0.004805936303
16.21	0.00383303391
16.22	0.002865411241
16.23	0.001903650378
16.24	0.0009483249838
16.25	-7.36938098e-17
16.26	-0.0009407686495
16.27	-0.001873434345
16.28	-0.002797460047
16.29	-0.003712318571
16.3	-0.004617492845
16.31	-0.005512476163
16.32	-0.006396772432
16.33	-0.007269896403
16.34	-0.008131373903
16.35	-0.008980742046
16.36	-0.009817549448
16.37	-0.01064135642
16.38	-0.01145173517
16.39	-0.01224826998
16.4	-0.01303055734
16.41	-0.0137982062
16.42	-0.01455083802
16.43	-0.01528808699
16.44	-0.01600960013
16.45	-0.01671503742
16.46	-0.01740407193
16.47	-0.01807638989
16.48	-0.01873169084
16.49	-0.01936968768
16.5	-0.01999010675
16.51	-0.02059268794
16.52	-0.02117718468
16.53	-0.02174336404
16.54	-0.02229100679
16.55	-0.02281990737
16.56	-0.02332987396
16.57	-0.02382072848
16.58	-0.02429230659
16.59	-0.02474445772
16.6	-0.025177045
16.61	-0.02558994528
16.62	-0.0259830491
16.63	-0.02635626063
16.64	-0.02670949764
16.65	-0.02704269143
16.66	-0.02735578679
16.67	-0.02764874191
16.68	-0.0279215283
16.69	-0.02817413072
16.7	-0.02840654704
16.71	-0.0286187882
16.72	-0.02881087805
16.73	-0.02898285325
16.74	-0.02913476315
16.75	-0.02926666965
16.76	-0.02937864705
16.77	-0.02947078191
16.78	-0.02954317291
16.79	-0.02959593068
16.8	-0.02962917763
16.81	-0.02964304777
16.82	-0.02963768656
16.83	-0.02961325068
16.84	-0.0295699079
16.85	-0.02950783682
16.86	-0.0294272267
16.87	-0.02932827726
16.88	-0.02921119847
16.89	-0.02907621029
16.9	-0.0289235425
16.91	-0.02875343445
16.92	-0.02856613483
16.93	-0.02836190144
16.94	-0.02814100095
16.95	-0.02790370865
16.96	-0.02765030821
16.97	-0.02738109145
16.98	-0.02709635803
16.99	-0.02679641526
17	-0.0264815778
17.01	-0.02615216742
17.02	-0.02580851272
17.03	-0.02545094886
17.04	-0.02507981733
17.05	-0.02469546561
17.06	-0.02429824697
17.07	-0.02388852015
17.08	-0.02346664911
17.09	-0.02303300274
17.1	-0.02258795459
17.11	-0.02213188256
17.12	-0.0216651687
17.13	-0.02118819883
17.14	-0.02070136235
17.15	-0.02020505189
17.16	-0.01969966309
17.17	-0.01918559427
17.18	-0.0186632462
17.19	-0.01813302177
17.2	-0.01759532577
17.21	-0.01705056454
17.22	-0.01649914579
17.23	-0.01594147825
17.24	-0.01537797142
17.25	-0.01480903532
17.26	-0.01423508018
17.27	-0.01365651622
17.28	-0.01307375337
17.29	-0.01248720097
17.3	-0.01189726758
17.31	-0.01130436066
17.32	-0.01070888635
17.33	-0.01011124922
17.34	-0.009511851983
17.35	-0.008911095308
17.36	-0.008309377536
17.37	-0.007707094453
17.38	-0.007104639058
17.39	-0.006502401331
17.4	-0.005900768001
17.41	-0.005300122328
17.42	-0.00470084388
17.43	-0.00410330832
17.44	-0.003507887192
17.45	-0.002914947716
17.46	-0.002324852586
17.47	-0.00173795977
17.48	-0.001154622319
17.49	-0.000575188178
17.5	-3.908566656e-17
17.51	0.0005706050296
17.52	0.001136295369
17.53	0.001696745288
17.54	0.002251635032
17.55	0.002800650982
17.56	0.003343485804
17.57	0.003879838603
17.58	0.004409415062
17.59	0.004931927578
17.6	0.005447095398
17.61	0.005954644743
17.62	0.006454308932
17.63	0.006945828491
17.64	0.007428951269
17.65	0.007903432542
17.66	0.008369035109
17.67	0.008825529384
17.68	0.009272693489
17.69	0.009710313329
17.7	0.01013818267
17.71	0.01055610323
17.72	0.01096388468
17.73	0.0113613448
17.74	0.01174830945
17.75	0.01212461264
17.76	0.0124900966
17.77	0.01284461179
17.78	0.01318801694
17.79	0.01352017905
17.8	0.01384097347
17.81	0.01415028384
17.82	0.01444800216
17.83	0.01473402874
17.84	0.01500827227
17.85	0.01527064971
17.86	0.0155210864
17.87	0.01575951591
17.88	0.01598588015
17.89	0.01620012922
17.9	0.01640222147
17.91	0.01659212341
17.92	0.01676980967
17.93	0.01693526298
17.94	0.01708847409
17.95	0.01722944171
17.96	0.01735817248
17.97	0.01747468087
17.98	0.0175789891
17.99	0.01767112712
18	0.01775113245
18.01	0.01781905017
18.02	0.01787493279
18.03	0.01791884015
18.04	0.01795083936
18.05	0.01797100465
18.06	0.01797941732
18.07	0.01797616558
18.08	0.01796134447
18.09	0.01793505575
18.1	0.01789740773
18.11	0.01784851522
18.12	0.01778849936
18.13	0.01771748748
18.14	0.01763561301
18.15	0.01754301531
18.16	0.01743983956
18.17	0.0173262366
18.18	0.01720236279
18.19	0.01706837987
18.2	0.01692445482
18.21	0.01677075968
18.22	0.01660747146
18.23	0.01643477191
18.24	0.01625284742
18.25	0.01606188885
18.26	0.01586209136
18.27	0.01565365425
18.28	0.0154367808
18.29	0.01521167815
18.3	0.01497855705
18.31	0.01473763176
18.32	0.01448911989
18.33	0.01423324217
18.34	0.01397022235
18.35	0.013700287
18.36	0.01342366533
18.37	0.01314058906
18.38	0.01285129222
18.39	0.01255601096
18.4	0.01225498345
18.41	0.01194844965
18.42	0.01163665115
18.43	0.01131983103
18.44	0.01099823366
18.45	0.01067210454
18.46	0.01034169016
18.47	0.01000723778
18.48	0.009668995321
18.49	0.009327211152
18.5	0.00898213396
18.51	0.008634012572
18.52	0.008283095794
18.53	0.007929632255
18.54	0.007573870244
18.55	0.007216057555
18.56	0.00685644133
18.57	0.006495267905
18.58	0.006132782658
18.59	0.005769229858
18.6	0.005404852516
18.61	0.005039892239
18.62	0.004674589083
18.63	0.004309181415
18.64	0.003943905769
18.65	0.003578996708
18.66	0.003214686692
18.67	0.00285120594
18.68	0.002488782302
18.69	0.002127641133
18.7	0.001768005161
18.71	0.001410094373
18.72	0.001054125886
18.73	0.0007003138371
18.74	0.0003488692651
18.75	7.452374782e-17
18.76	-0.0003460894451
18.77	-0.0006891979797
18.78	-0.001029128039
18.79	-0.001365685681
18.8	-0.001698680687
18.81	-0.00202792665
18.82	-0.002353241068
18.83	-0.002674445426
18.84	-0.002991365287
18.85	-0.003303830365
18.86	-0.003611674605
18.87	-0.003914736254
18.88	-0.004212857937
18.89	-0.004505886714
18.9	-0.004793674154
18.91	-0.005076076386
18.92	-0.00535295416
18.93	-0.005624172899
18.94	-0.00588960275
18.95	-0.006149118626
18.96	-0.006402600254
18.97	-0.00664993221
18.98	-0.006891003958
18.99	-0.007125709878
19	-0.007353949302
19.01	-0.007575626531
19.02	-0.007790650864
19.03	-0.007998936614
19.04	-0.008200403121
19.05	-0.008394974771
19.06	-0.008582580994
19.07	-0.00876315628
19.08	-0.008936640175
19.09	-0.009102977279
19.1	-0.009262117245
19.11	-0.009414014771
19.12	-0.009558629584
19.13	-0.009695926432
19.14	-0.009825875065
19.15	-0.009948450211
19.16	-0.01006363156
19.17	-0.01017140372
19.18	-0.01027175623
19.19	-0.01036468346
19.2	-0.01045018465
19.21	-0.01052826381
19.22	-0.01059892972
19.23	-0.01066219586
19.24	-0.01071808039
19.25	-0.01076660608
19.26	-0.01080780026
19.27	-0.01084169478
19.28	-0.01086832594
19.29	-0.01088773444
19.3	-0.01089996531
19.31	-0.01090506785
19.32	-0.01090309557
19.33	-0.01089410611
19.34	-0.01087816119
19.35	-0.01085532652
19.36	-0.01082567171
19.37	-0.01078927025
19.38	-0.01074619937
19.39	-0.01069653999
19.4	-0.01064037665
19.41	-0.0105777974
19.42	-0.01050889372
19.43	-0.01043376045
19.44	-0.0103524957
19.45	-0.01026520074
19.46	-0.01017197993
19.47	-0.01007294062
19.48	-0.009968193049
19.49	-0.00985785027
19.5	-0.009742028043
19.51	-0.009620844737
19.52	-0.009494421237
19.53	-0.009362880845
19.54	-0.009226349182
19.55	-0.009084954086
19.56	-0.008938825515
19.57	-0.008788095443
19.58	-0.008632897762
19.59	-0.008473368178
19.6	-0.008309644111
19.61	-0.00814186459
19.62	-0.007970170154
19.63	-0.007794702746
19.64	-0.007615605612
19.65	-0.007433023198
19.66	-0.007247101048
19.67	-0.0070579857
19.68	-0.006865824583
19.69	-0.006670765917
19.7	-0.00647295861
19.71	-0.006272552156
19.72	-0.006069696535
19.73	-0.005864542111
19.74	-0.005657239533
19.75	-0.005447939637
19.76	-0.005236793341
19.77	-0.005023951556
19.78	-0.004809565083
19.79	-0.004593784516
19.8	-0.004376760149
19.81	-0.004158641883
19.82	-0.003939579127
19.83	-0.003719720711
19.84	-0.003499214792
19.85	-0.003278208762
19.86	-0.003056849164
19.87	-0.0028352816
19.88	-0.002613650647
19.89	-0.002392099768
19.9	-0.002170771235
19.91	-0.00194980604
19.92	-0.00172934382
19.93	-0.001509522772
19.94	-0.00129047958
19.95	-0.001072349337
19.96	-0.0008552654702
19.97	-0.0006393596691
19.98	-0.0004247618136
19.99	-0.0002115999055
20	-1.643292934e-17
20.01	0.0002099138594
20.02	0.0004180197053
20.03	0.0006241977083
20.04	0.0008283302373
20.05	0.001030301918
20.06	0.001229999689
20.07	0.001427312857
20.08	0.001622133149
20.09	0.001814354761
20.1	0.002003874411
20.11	0.002190591381
20.12	0.002374407563
20.13	0.002555227504
20.14	0.002732958441
20.15	0.002907510347
20.16	0.003078795959
20.17	0.003246730818
20.18	0.003411233299
20.19	0.003572224641
20.2	0.003729628977
20.21	0.003883373356
20.22	0.00403338777
20.23	0.004179605176
20.24	0.004321961513
20.25	0.004460395721
20.26	0.004594849757
20.27	0.004725268608
20.28	0.004851600301
20.29	0.004973795915
20.3	0.005091809586
20.31	0.005205598512
20.32	0.00531512296
20.33	0.005420346261
20.34	0.005521234814
20.35	0.005617758083
20.36	0.005709888589
20.37	0.005797601907
20.38	0.005880876655
20.39	0.005959694485
20.4	0.006034040069
20.41	0.006103901088
20.42	0.006169268211
20.43	0.006230135082
20.44	0.006286498299
20.45	0.00633835739
20.46	0.006385714793
20.47	0.006428575832
20.48	0.006466948687
20.49	0.006500844368
20.5	0.006530276686
20.51	0.00655526222
20.52	0.006575820286
20.53	0.006591972903
20.54	0.006603744752
20.55	0.006611163149
20.56	0.006614257996
20.57	0.006613061748
20.58	0.006607609367
20.59	0.006597938285
20.6	0.006584088354
20.61	0.006566101806
20.62	0.006544023203
20.63	0.006517899392
20.64	0.006487779458
20.65	0.00645371467
20.66	0.006415758433
20.67	0.006373966239
20.68	0.006328395611
20.69	0.006279106048
20.7	0.006226158979
20.71	0.0061696177
20.72	0.006109547319
20.73	0.006046014706
20.74	0.005979088428
20.75	0.005908838696
20.76	0.005835337305
20.77	0.005758657576
20.78	0.005678874296
20.79	0.005596063656
20.8	0.005510303196
20.81	0.005421671737
20.82	0.005330249327
20.83	0.005236117175
20.84	0.005139357591
20.85	0.005040053924
20.86	0.004938290501
20.87	0.004834152561
20.88	0.004727726199
20.89	0.004619098296
20.9	0.004508356464
20.91	0.00439558898
20.92	0.004280884723
20.93	0.004164333114
20.94	0.004046024052
20.95	0.003926047856
20.96	0.003804495197
20.97	0.003681457044
20.98	0.003557024595
20.99	0.003431289226
21	0.003304342422
21.01	0.00317627572
21.02	0.003047180652
21.03	0.002917148683
21.04	0.002786271153
21.05	0.002654639221
21.06	0.002522343805
21.07	0.002389475527
21.08	0.002256124657
21.09	0.002122381056
21.1	0.001988334123
21.11	0.00185407274
21.12	0.00171968522
21.13	0.001585259251
21.14	0.00145088185
21.15	0.001316639309
21.16	0.001182617144
21.17	0.001048900048
21.18	0.0009155718426
21.19	0.000782715431
21.2	0.0006504127508
21.21	0.0005187447299
21.22	0.0003877912419
21.23	0.0002576310631
21.24	0.0001283418303
21.25	-7.481603754e-18
21.26	-0.0001273191916
21.27	-0.0002535417676
21.28	-0.0003785950478
21.29	-0.0005024076853
21.3	-0.000624909702
21.31	-0.0007460325229
21.32	-0.0008657090089
21.33	-0.0009838734889
21.34	-0.00110046179
21.35	-0.001215411268
21.36	-0.001328660835
21.37	-0.001440150986
21.38	-0.001549823823
21.39	-0.001657623086
21.4	-0.001763494169
21.41	-0.001867384144
21.42	-0.001969241785
21.43	-0.002069017583
21.44	-0.002166663768
21.45	-0.002262134324
21.46	-0.002355385003
21.47	-0.002446373345
21.48	-0.002535058685
21.49	-0.002621402168
21.5	-0.002705366759
21.51	-0.002786917255
21.52	-0.002866020286
21.53	-0.002942644331
21.54	-0.003016759718
21.55	-0.003088338627
21.56	-0.0031573551
21.57	-0.003223785035
21.58	-0.003287606193
21.59	-0.003348798194
21.6	-0.003407342516
21.61	-0.003463222493
21.62	-0.00351642331
21.63	-0.003566931998
21.64	-0.003614737428
21.65	-0.003659830304
21.66	-0.003702203154
21.67	-0.003741850318
21.68	-0.003778767941
21.69	-0.00381295396
21.7	-0.003844408089
21.71	-0.003873131806
21.72	-0.003899128341
21.73	-0.003922402654
21.74	-0.003942961423
21.75	-0.003960813027
21.76	-0.003975967519
21.77	-0.003988436617
21.78	-0.003998233673
21.79	-0.004005373661
21.8	-0.004009873146
21.81	-0.004011750266
21.82	-0.004011024705
21.83	-0.004007717669
21.84	-0.004001851861
21.85	-0.003993451453
21.86	-0.00398254206
21.87	-0.00396915071
21.88	-0.003953305818
21.89	-0.003935037155
21.9	-0.003914375816
21.91	-0.003891354195
21.92	-0.003866005948
21.93	-0.003838365965
21.94	-0.003808470334
21.95	-0.003776356313
21.96	-0.003742062294
21.97	-0.003705627766
21.98	-0.003667093288
21.99	-0.003626500449
22	-0.003583891832
22.01	-0.003539310985
22.02	-0.003492802379
22.03	-0.003444411373
22.04	-0.003394184181
22.05	-0.003342167832
22.06	-0.003288410135
22.07	-0.003232959641
22.08	-0.003175865604
22.09	-0.00311717795
22.1	-0.003056947232
22.11	-0.002995224595
22.12	-0.002932061742
22.13	-0.00286751089
22.14	-0.002801624737
22.15	-0.00273445642
22.16	-0.002666059484
22.17	-0.002596487835
22.18	-0.002525795711
22.19	-0.002454037638
22.2	-0.002381268396
22.21	-0.002307542982
22.22	-0.002232916569
22.23	-0.002157444475
22.24	-0.002081182118
22.25	-0.002004184989
22.26	-0.001926508608
22.27	-0.001848208491
22.28	-0.001769340115
22.29	-0.00168995888
22.3	-0.001610120078
22.31	-0.001529878852
22.32	-0.001449290168
22.33	-0.001368408777
22.34	-0.001287289182
22.35	-0.001205985608
22.36	-0.001124551962
22.37	-0.001043041811
22.38	-0.0009615083393
22.39	-0.0008800043258
22.4	-0.0007985821087
22.41	-0.0007172935564
22.42	-0.000636190038
22.43	-0.0005553223937
22.44	-0.0004747409067
22.45	-0.0003944952748
22.46	-0.0003146345832
22.47	-0.0002352072778
22.48	-0.0001562611386
22.49	-7.784325499e-05
22.5	-6.80100397e-18
22.51	7.72229933e-05
22.52	0.0001537808556
22.53	0.0002296295041
22.54	0.0003047256648
22.55	0.0003790268938
22.56	0.0004524915983
22.57	0.0005250790563
22.58	0.0005967494363
22.59	0.0006674638156
22.6	0.0007371841985
22.61	0.0008058735329
22.62	0.0008734957274
22.63	0.0009400156661
22.64	0.001005399224
22.65	0.001069613282
22.66	0.001132625737
22.67	0.001194405519
22.68	0.0012549226
22.69	0.001314148005
22.7	0.001372053824
22.71	0.00142861322
22.72	0.001483800439
22.73	0.001537590817
22.74	0.001589960786
22.75	0.001640887885
22.76	0.001690350761
22.77	0.001738329175
22.78	0.001784804008
22.79	0.001829757262
22.8	0.001873172065
22.81	0.001915032672
22.82	0.001955324464
22.83	0.001994033953
22.84	0.002031148778
22.85	0.002066657704
22.86	0.002100550623
22.87	0.00213281855
22.88	0.002163453618
22.89	0.002192449077
22.9	0.002219799289
22.91	0.002245499721
22.92	0.002269546942
22.93	0.002291938612
22.94	0.002312673481
22.95	0.002331751374
22.96	0.00234917319
22.97	0.002364940885
22.98	0.002379057469
22.99	0.002391526993
23	0.002402354538
23.01	0.002411546202
23.02	0.002419109092
23.03	0.002425051308
23.04	0.002429381929
23.05	0.002432111005
23.06	0.002433249535
23.07	0.00243280946
23.08	0.002430803642
23.09	0.002427245849
23.1	0.002422150744
23.11	0.002415533863
23.12	0.002407411599
23.13	0.002397801186
23.14	0.002386720681
23.15	0.002374188946
23.16	0.002360225627
23.17	0.002344851138
23.18	0.002328086641
23.19	0.002309954024
23.2	0.002290475886
23.21	0.002269675512
23.22	0.002247576854
23.23	0.002224204511
23.24	0.00219958371
23.25	0.002173740277
23.26	0.002146700627
23.27	0.002118491731
23.28	0.002089141102
23.29	0.002058676771
23.3	0.00202712726
23.31	0.001994521569
23.32	0.001960889144
23.33	0.00192625986
23.34	0.001890663999
23.35	0.001854132221
23.36	0.00181669555
23.37	0.001778385343
23.38	0.001739233272
23.39	0.0016992713
23.4	0.001658531657
23.41	0.001617046818
23.42	0.00157484948
23.43	0.001531972539
23.44	0.001488449067
23.45	0.001444312291
23.46	0.001399595567
23.47	0.00135433236
23.48	0.00130855622
23.49	0.001262300763
23.5	0.001215599644
23.51	0.001168486537
23.52	0.001120995115
23.53	0.001073159027
23.54	0.001025011875
23.55	0.000976587193
23.56	0.0009279184293
23.57	0.0008790389216
23.58	0.0008299818781
23.59	0.0007807803569
23.6	0.0007314672461
23.61	0.0006820752436
23.62	0.0006326368376
23.63	0.0005831842873
23.64	0.0005337496043
23.65	0.0004843645332
23.66	0.000435060534
23.67	0.0003858687634
23.68	0.0003368200578
23.69	0.0002879449153
23.7	0.0002392734793
23.71	0.0001908355213
23.72	0.0001426604254
23.73	9.47771715e-05
23.74	4.72143208e-05
23.75	1.100236306e-17
23.76	-4.683811307e-05
23.77	-9.32728038e-05
23.78	-0.0001392773346
23.79	-0.0001848254585
23.8	-0.000229891432
23.81	-0.0002744500276
23.82	-0.0003184765464
23.83	-0.0003619468293
23.84	-0.0004048372684
23.85	-0.0004471248182
23.86	-0.0004887870056
23.87	-0.0005298019398
23.88	-0.0005701483221
23.89	-0.0006098054547
23.9	-0.0006487532494
23.91	-0.0006869722354
23.92	-0.0007244435674
23.93	-0.0007611490323
23.94	-0.0007970710563
23.95	-0.0008321927109
23.96	-0.0008664977188
23.97	-0.0008999704592
23.98	-0.0009325959724
23.99	-0.0009643599646
24	-0.0009952488116
24.01	-0.001025249562
24.02	-0.001054349941
24.03	-0.001082538352
24.04	-0.001109803879
24.05	-0.001136136288
24.06	-0.00116152603
24.07	-0.001185964237
24.08	-0.001209442729
24.09	-0.001231954008
24.1	-0.001253491261
24.11	-0.001274048355
24.12	-0.001293619842
24.13	-0.00131220095
24.14	-0.001329787585
24.15	-0.001346376327
24.16	-0.001361964427
24.17	-0.001376549804
24.18	-0.001390131039
24.19	-0.001402707372
24.2	-0.001414278699
24.21	-0.001424845564
24.22	-0.001434409155
24.23	-0.001442971296
24.24	-0.001450534445
24.25	-0.001457101683
24.26	-0.001462676709
24.27	-0.001467263834
24.28	-0.001470867969
24.29	-0.001473494624
24.3	-0.001475149892
24.31	-0.001475840446
24.32	-0.001475573527
24.33	-0.001474356936
24.34	-0.001472199026
24.35	-0.001469108689
24.36	-0.001465095347
24.37	-0.001460168945
24.38	-0.001454339935
24.39	-0.001447619269
24.4	-0.001440018388
24.41	-0.001431549207
24.42	-0.001422224108
24.43	-0.001412055926
24.44	-0.001401057938
24.45	-0.00138924385
24.46	-0.001376627785
24.47	-0.001363224272
24.48	-0.00134904823
24.49	-0.001334114958
24.5	-0.001318440124
24.51	-0.001302039747
24.52	-0.001284930187
24.53	-0.001267128131
24.54	-0.00124865058
24.55	-0.001229514834
24.56	-0.001209738483
24.57	-0.001189339386
24.58	-0.001168335664
24.59	-0.001146745682
24.6	-0.001124588039
24.61	-0.00110188155
24.62	-0.001078645235
24.63	-0.001054898304
24.64	-0.001030660142
24.65	-0.0010059503
24.66	-0.000980788473
24.67	-0.0009551944938
24.68	-0.0009291883146
24.69	-0.0009027899947
24.7	-0.0008760196868
24.71	-0.0008488976226
24.72	-0.0008214440997
24.73	-0.0007936794676
24.74	-0.0007656241146
24.75	-0.0007372984538
24.76	-0.0007087229101
24.77	-0.0006799179069
24.78	-0.0006509038527
24.79	-0.0006217011285
24.8	-0.0005923300744
24.81	-0.0005628109771
24.82	-0.000533164057
24.83	-0.000503409456
24.84	-0.000473567225
24.85	-0.0004436573113
24.86	-0.0004136995475
24.87	-0.0003837136384
24.88	-0.0003537191505
24.89	-0.0003237354996
24.9	-0.0002937819399
24.91	-0.0002638775527
24.92	-0.0002340412357
24.93	-0.0002042916919
24.94	-0.0001746474195
24.95	-0.0001451267012
24.96	-0.0001157475947
24.97	-8.65279219e-05
24.98	-5.748526036e-05
24.99	-2.863693314e-05
25	-2.779943933e-18
25.01	2.840875162e-05
25.02	5.657281522e-05
25.03	8.447597365e-05
25.04	0.0001121023073
25.05	0.0001394362019
25.06	0.0001664623563
25.07	0.0001931657898
25.08	0.0002195318491
25.09	0.0002455462155
25.1	0.000271194911
25.11	0.0002964643049
25.12	0.00032134112
25.13	0.0003458124379
25.14	0.0003698657047
25.15	0.0003934887363
25.16	0.0004166697231
25.17	0.0004393972348
25.18	0.0004616602247
25.19	0.0004834480336
25.2	0.000504750394
25.21	0.000525557433
25.22	0.0005458596763
25.23	0.0005656480504
25.24	0.0005849138855
25.25	0.0006036489183
25.26	0.0006218452934
25.27	0.0006394955655
25.28	0.0006565927009
25.29	0.0006731300789
25.3	0.0006891014925
25.31	0.0007045011491
25.32	0.0007193236712
25.33	0.0007335640964
25.34	0.0007472178774
25.35	0.0007602808813
25.36	0.0007727493895
25.37	0.0007846200962
25.38	0.0007958901078
25.39	0.0008065569412
25.4	0.0008166185219
25.41	0.0008260731826
25.42	0.0008349196607
25.43	0.0008431570959
25.44	0.0008507850278
25.45	0.0008578033926
25.46	0.0008642125202
25.47	0.0008700131311
25.48	0.0008752063323
25.49	0.0008797936139
25.5	0.0008837768449
25.51	0.0008871582693
25.52	0.000889940501
25.53	0.0008921265198
25.54	0.0008937196665
25.55	0.0008947236373
25.56	0.0008951424793
25.57	0.0008949805847
25.58	0.0008942426852
25.59	0.0008929338466
25.6	0.0008910594623
25.61	0.0008886252476
25.62	0.0008856372336
25.63	0.0008821017604
25.64	0.0008780254705
25.65	0.0008734153028
25.66	0.0008682784847
25.67	0.0008626225263
25.68	0.0008564552124
25.69	0.0008497845955
25.7	0.000842618989
25.71	0.0008349669589
25.72	0.0008268373169
25.73	0.0008182391127
25.74	0.0008091816259
25.75	0.0007996743585
25.76	0.000789727027
25.77	0.0007793495542
25.78	0.0007685520613
25.79	0.0007573448599
25.8	0.0007457384437
25.81	0.0007337434801
25.82	0.0007213708024
25.83	0.0007086314009
25.84	0.0006955364152
25.85	0.0006820971254
25.86	0.0006683249437
25.87	0.0006542314061
25.88	0.0006398281642
25.89	0.0006251269762
25.9	0.000610139699
25.91	0.0005948782796
25.92	0.0005793547465
25.93	0.0005635812014
25.94	0.0005475698111
25.95	0.0005313327986
25.96	0.0005148824351
25.97	0.0004982310317
25.98	0.0004813909311
25.99	0.0004643744993
26	0.0004471941176
26.01	0.0004298621742
26.02	0.0004123910566
26.03	0.0003947931432
26.04	0.0003770807956
26.05	0.0003592663508
26.06	0.0003413621132
26.07	0.0003233803472
26.08	0.0003053332695
26.09	0.0002872330414
26.1	0.0002690917617
26.11	0.0002509214594
26.12	0.0002327340863
26.13	0.0002145415097
26.14	0.0001963555062
26.15	0.0001781877538
26.16	0.0001600498261
26.17	0.0001419531851
26.18	0.0001239091746
26.19	0.0001059290145
26.2	8.802379385e-05
26.21	7.020446494e-05
26.22	5.248183756e-05
26.23	3.486657289e-05
26.24	1.736917795e-05
26.25	-6.753007176e-19
26.26	-1.723077886e-05
26.27	-3.431314694e-05
26.28	-5.123726803e-05
26.29	-6.799348639e-05
26.3	-8.457233152e-05
26.31	-0.0001009645228
26.32	-0.0001171609739
26.33	-0.0001331527973
26.34	-0.0001489313081
26.35	-0.0001644880283
26.36	-0.0001798146905
26.37	-0.0001949032415
26.38	-0.0002097458461
26.39	-0.0002243348899
26.4	-0.0002386629828
26.41	-0.0002527229621
26.42	-0.0002665078947
26.43	-0.0002800110806
26.44	-0.0002932260548
26.45	-0.0003061465894
26.46	-0.0003187666966
26.47	-0.0003310806296
26.48	-0.0003430828852
26.49	-0.0003547682049
26.5	-0.0003661315767
26.51	-0.000377168236
26.52	-0.0003878736672
26.53	-0.0003982436041
26.54	-0.0004082740309
26.55	-0.0004179611829
26.56	-0.0004273015467
26.57	-0.0004362918608
26.58	-0.0004449291154
26.59	-0.0004532105521
26.6	-0.0004611336645
26.61	-0.000468696197
26.62	-0.0004758961446
26.63	-0.0004827317522
26.64	-0.0004892015136
26.65	-0.0004953041708
26.66	-0.0005010387124
26.67	-0.0005064043726
26.68	-0.0005114006296
26.69	-0.0005160272042
26.7	-0.0005202840576
26.71	-0.00052417139
26.72	-0.0005276896384
26.73	-0.0005308394741
26.74	-0.000533621801
26.75	-0.0005360377528
26.76	-0.0005380886903
26.77	-0.0005397761992
26.78	-0.0005411020866
26.79	-0.0005420683789
26.8	-0.000542677318
26.81	-0.0005429313585
26.82	-0.0005428331645
26.83	-0.0005423856058
26.84	-0.0005415917551
26.85	-0.0005404548835
26.86	-0.0005389784577
26.87	-0.0005371661356
26.88	-0.0005350217626
26.89	-0.0005325493679
26.9	-0.0005297531598
26.91	-0.0005266375222
26.92	-0.00052320701
26.93	-0.000519466345
26.94	-0.0005154204113
26.95	-0.0005110742513
26.96	-0.0005064330604
26.97	-0.0005015021833
26.98	-0.0004962871088
26.99	-0.0004907934654
27	-0.0004850270162
27.01	-0.0004789936547
27.02	-0.0004726993992
27.03	-0.0004661503888
27.04	-0.0004593528775
27.05	-0.0004523132302
27.06	-0.000445037917
27.07	-0.0004375335086
27.08	-0.0004298066711
27.09	-0.0004218641608
27.1	-0.0004137128195
27.11	-0.000405359569
27.12	-0.0003968114064
27.13	-0.0003880753985
27.14	-0.0003791586773
27.15	-0.0003700684342
27.16	-0.0003608119154
27.17	-0.0003513964166
27.18	-0.0003418292779
27.19	-0.0003321178788
27.2	-0.0003222696328
27.21	-0.000312291983
27.22	-0.0003021923963
27.23	-0.000291978359
27.24	-0.0002816573714
27.25	-0.0002712369432
27.26	-0.0002607245881
27.27	-0.0002501278196
27.28	-0.0002394541456
27.29	-0.0002287110637
27.3	-0.0002179060568
27.31	-0.0002070465877
27.32	-0.0001961400954
27.33	-0.0001851939894
27.34	-0.0001742156461
27.35	-0.0001632124038
27.36	-0.0001521915583
27.37	-0.0001411603589
27.38	-0.0001301260034
27.39	-0.0001190956347
27.4	-0.0001080763359
27.41	-9.707512662e-05
27.42	-8.609895898e-05
27.43	-7.515471344e-05
27.44	-6.424919507e-05
27.45	-5.338912975e-05
27.46	-4.258116044e-05
27.47	-3.183184356e-05
27.48	-2.114764546e-05
27.49	-1.053493896e-05
27.5	-4.091770686e-18
27.51	1.045099567e-05
27.52	2.081197565e-05
27.53	3.107697398e-05
27.54	4.124013416e-05
27.55	5.129571203e-05
27.56	6.123807862e-05
27.57	7.10617228e-05
27.58	8.076125398e-05
27.59	9.033140454e-05
27.6	9.97670323e-05
27.61	0.0001090631228
27.62	0.0001182147917
27.63	0.0001272172864
27.64	0.0001360659888
27.65	0.0001447564164
27.66	0.0001532842249
27.67	0.0001616452092
27.68	0.0001698353055
27.69	0.0001778505924
27.7	0.0001856872929
27.71	0.0001933417748
27.72	0.0002008105527
27.73	0.0002080902887
27.74	0.0002151777933
27.75	0.0002220700267
27.76	0.000228764099
27.77	0.0002352572713
27.78	0.0002415469559
27.79	0.0002476307173
27.8	0.000253506272
27.81	0.000259171489
27.82	0.0002646243902
27.83	0.0002698631499
27.84	0.0002748860952
27.85	0.0002796917058
27.86	0.0002842786136
27.87	0.0002886456025
27.88	0.0002927916081
27.89	0.0002967157168
27.9	0.0003004171655
27.91	0.0003038953408
27.92	0.0003071497782
27.93	0.0003101801613
27.94	0.0003129863206
27.95	0.0003155682327
27.96	0.000317926019
27.97	0.0003200599445
27.98	0.0003219704164
27.99	0.000323657983
28	0.0003251233318
28.01	0.0003263672883
28.02	0.0003273908142
28.03	0.0003281950056
28.04	0.0003287810915
28.05	0.0003291504317
28.06	0.0003293045151
28.07	0.0003292449574
28.08	0.0003289734993
28.09	0.0003284920045
28.1	0.000327802457
28.11	0.0003269069595
28.12	0.0003258077306
28.13	0.0003245071027
28.14	0.0003230075194
28.15	0.0003213115335
28.16	0.0003194218037
28.17	0.0003173410929
28.18	0.0003150722649
28.19	0.0003126182821
28.2	0.0003099822028
28.21	0.0003071671782
28.22	0.0003041764501
28.23	0.0003010133475
28.24	0.0002976812843
28.25	0.0002941837561
28.26	0.0002905243374
28.27	0.0002867066785
28.28	0.0002827345028
28.29	0.0002786116038
28.3	0.0002743418419
28.31	0.0002699291414
28.32	0.0002653774876
28.33	0.0002606909238
28.34	0.0002558735478
28.35	0.0002509295093
28.36	0.0002458630068
28.37	0.0002406782841
28.38	0.0002353796275
28.39	0.0002299713627
28.4	0.0002244578515
28.41	0.0002188434891
28.42	0.0002131327004
28.43	0.0002073299374
28.44	0.0002014396761
28.45	0.000195466413
28.46	0.0001894146625
28.47	0.0001832889535
28.48	0.0001770938267
28.49	0.0001708338313
28.5	0.0001645135221
28.51	0.0001581374564
28.52	0.0001517101914
28.53	0.0001452362809
28.54	0.0001387202724
28.55	0.0001321667044
28.56	0.0001255801035
28.57	0.0001189649814
28.58	0.0001123258325
28.59	0.0001056671307
28.6	9.899332693e-05
28.61	9.230884628e-05
28.62	8.56180856e-05
28.63	7.89254107e-05
28.64	7.223515387e-05
28.65	6.555161129e-05
28.66	5.887904059e-05
28.67	5.222165839e-05
28.68	4.558363792e-05
28.69	3.896910667e-05
28.7	3.238214409e-05
28.71	2.582677933e-05
28.72	1.930698907e-05
28.73	1.282669535e-05
28.74	6.389763478e-06
28.75	1.613065788e-18
28.76	-6.338849299e-06
28.77	-1.262310132e-05
28.78	-1.884913753e-05
28.79	-2.501340578e-05
28.8	-3.111242206e-05
28.81	-3.714277222e-05
28.82	-4.310111361e-05
28.83	-4.898417666e-05
28.84	-5.478876639e-05
28.85	-6.051176392e-05
28.86	-6.615012784e-05
28.87	-7.170089558e-05
28.88	-7.716118466e-05
28.89	-8.252819393e-05
28.9	-8.779920475e-05
28.91	-9.297158205e-05
28.92	-9.804277538e-05
28.93	-0.0001030103199
28.94	-0.0001078718372
28.95	-0.0001126250362
28.96	-0.0001172677142
28.97	-0.000121797757
28.98	-0.0001262131401
28.99	-0.000130511929
29	-0.0001346922798
29.01	-0.0001387524399
29.02	-0.0001426907479
29.03	-0.0001465056345
29.04	-0.0001501956223
29.05	-0.0001537593264
29.06	-0.0001571954542
29.07	-0.000160502806
29.08	-0.0001636802743
29.09	-0.0001667268447
29.1	-0.0001696415948
29.11	-0.000172423695
29.12	-0.0001750724077
29.13	-0.0001775870872
29.14	-0.0001799671794
29.15	-0.0001822122216
29.16	-0.0001843218415
29.17	-0.0001862957576
29.18	-0.0001881337778
29.19	-0.0001898357995
29.2	-0.0001914018084
29.21	-0.000192831878
29.22	-0.0001941261693
29.23	-0.0001952849291
29.24	-0.00019630849
29.25	-0.0001971972689
29.26	-0.0001979517667
29.27	-0.0001985725665
29.28	-0.0001990603332
29.29	-0.0001994158123
29.3	-0.0001996398285
29.31	-0.0001997332848
29.32	-0.0001996971612
29.33	-0.0001995325136
29.34	-0.0001992404722
29.35	-0.0001988222405
29.36	-0.0001982790938
29.37	-0.0001976123778
29.38	-0.0001968235071
29.39	-0.0001959139639
29.4	-0.0001948852964
29.41	-0.0001937391174
29.42	-0.0001924771024
29.43	-0.0001911009887
29.44	-0.0001896125729
29.45	-0.00018801371
29.46	-0.0001863063112
29.47	-0.0001844923429
29.48	-0.0001825738242
29.49	-0.0001805528258
29.5	-0.0001784314677
29.51	-0.000176211918
29.52	-0.0001738963908
29.53	-0.0001714871445
29.54	-0.0001689864799
29.55	-0.0001663967384
29.56	-0.0001637203002
29.57	-0.0001609595827
29.58	-0.000158117038
29.59	-0.0001551951517
29.6	-0.0001521964408
29.61	-0.0001491234517
29.62	-0.0001459787584
29.63	-0.0001427649607
29.64	-0.0001394846823
29.65	-0.0001361405688
29.66	-0.0001327352858
29.67	-0.0001292715174
29.68	-0.0001257519637
29.69	-0.0001221793396
29.7	-0.0001185563724
29.71	-0.0001148858002
29.72	-0.0001111703699
29.73	-0.0001074128356
29.74	-0.0001036159564
29.75	-9.978249507e-05
29.76	-9.591521577e-05
29.77	-9.20168825e-05
29.78	-8.809025727e-05
29.79	-8.413809832e-05
29.8	-8.016315839e-05
29.81	-7.6168183e-05
29.82	-7.215590867e-05
29.83	-6.812906132e-05
29.84	-6.409035452e-05
29.85	-6.004248789e-05
29.86	-5.598814543e-05
29.87	-5.192999394e-05
29.88	-4.787068142e-05
29.89	-4.381283553e-05
29.9	-3.975906204e-05
29.91	-3.571194333e-05
29.92	-3.167403692e-05
29.93	-2.764787398e-05
29.94	-2.363595798e-05
29.95	-1.964076322e-05
29.96	-1.566473351e-05
29.97	-1.171028082e-05
29.98	-7.779783993e-06
29.99	-3.875587458e-06
30	-4.514693995e-19
