temps	angle
0	0
0.01	1.09608338
0.02	2.184521653
0.03	3.264279847
0.04	4.334337797
0.05	5.393691075
0.06	6.441351888
0.07	7.476349964
0.08	8.497733405
0.09	9.504569527
0.1	10.49594567
0.11	11.47096998
0.12	12.42877218
0.13	13.36850429
0.14	14.28934136
0.15	15.19048211
0.16	16.07114963
0.17	16.93059199
0.18	17.76808282
0.19	18.58292188
0.2	19.37443564
0.21	20.14197773
0.22	20.88492947
0.23	21.60270027
0.24	22.29472811
0.25	22.96047986
0.26	23.5994517
0.27	24.21116937
0.28	24.79518855
0.29	25.35109506
0.3	25.87850512
0.31	26.37706552
0.32	26.84645383
0.33	27.28637851
0.34	27.69657899
0.35	28.07682582
0.36	28.42692063
0.37	28.74669618
0.38	29.03601634
0.39	29.29477602
0.4	29.52290113
0.41	29.72034841
0.42	29.88710533
0.43	30.02318992
0.44	30.12865054
0.45	30.20356566
0.46	30.24804364
0.47	30.26222239
0.48	30.24626907
0.49	30.20037979
0.5	30.12477917
0.51	30.01972003
0.52	29.88548289
0.53	29.72237558
0.54	29.53073276
0.55	29.3109154
0.56	29.0633103
0.57	28.78832953
0.58	28.48640989
0.59	28.1580123
0.6	27.80362121
0.61	27.423744
0.62	27.01891029
0.63	26.58967135
0.64	26.13659934
0.65	25.6602867
0.66	25.16134538
0.67	24.64040615
0.68	24.09811783
0.69	23.53514657
0.7	22.95217506
0.71	22.34990179
0.72	21.72904021
0.73	21.09031796
0.74	20.43447608
0.75	19.76226816
0.76	19.07445953
0.77	18.37182644
0.78	17.65515521
0.79	16.9252414
0.8	16.18288895
0.81	15.42890936
0.82	14.66412079
0.83	13.88934727
0.84	13.10541779
0.85	12.31316549
0.86	11.51342677
0.87	10.70704048
0.88	9.894847052
0.89	9.077687634
0.9	8.256403292
0.91	7.431834152
0.92	6.604818575
0.93	5.776192336
0.94	4.94678781
0.95	4.117433165
0.96	3.288951567
0.97	2.462160387
0.98	1.637870433
0.99	0.816885176
1	3.175342319e-15
1.01	-0.8119985395
1.02	-1.618333444
1.03	-2.418237988
1.04	-3.210956414
1.05	-3.995744625
1.06	-4.771870845
1.07	-5.538616277
1.08	-6.295275741
1.09	-7.041158285
1.1	-7.775587795
1.11	-8.49790357
1.12	-9.207460891
1.13	-9.903631562
1.14	-10.58580444
1.15	-11.25338593
1.16	-11.90580048
1.17	-12.54249104
1.18	-13.1629195
1.19	-13.76656712
1.2	-14.35293494
1.21	-14.9215441
1.22	-15.47193629
1.23	-16.00367398
1.24	-16.51634081
1.25	-17.00954184
1.26	-17.48290381
1.27	-17.93607541
1.28	-18.36872746
1.29	-18.78055314
1.3	-19.17126812
1.31	-19.54061075
1.32	-19.88834216
1.33	-20.21424637
1.34	-20.51813037
1.35	-20.79982415
1.36	-21.05918076
1.37	-21.29607631
1.38	-21.51040996
1.39	-21.70210385
1.4	-21.87110308
1.41	-22.01737562
1.42	-22.14091219
1.43	-22.24172614
1.44	-22.31985328
1.45	-22.37535177
1.46	-22.40830187
1.47	-22.41880574
1.48	-22.40698724
1.49	-22.37299162
1.5	-22.31698531
1.51	-22.23915558
1.52	-22.13971026
1.53	-22.01887739
1.54	-21.8769049
1.55	-21.71406019
1.56	-21.53062982
1.57	-21.32691906
1.58	-21.10325149
1.59	-20.85996857
1.6	-20.59742919
1.61	-20.31600923
1.62	-20.01610105
1.63	-19.69811302
1.64	-19.36246902
1.65	-19.00960794
1.66	-18.63998312
1.67	-18.25406184
1.68	-17.85232477
1.69	-17.4352654
1.7	-17.00338949
1.71	-16.55721448
1.72	-16.0972689
1.73	-15.62409183
1.74	-15.13823221
1.75	-14.64024834
1.76	-14.13070717
1.77	-13.61018377
1.78	-13.07926067
1.79	-12.53852722
1.8	-11.988579
1.81	-11.43001718
1.82	-10.86344787
1.83	-10.28948153
1.84	-9.708732287
1.85	-9.121817346
1.86	-8.529356334
1.87	-7.931970681
1.88	-7.330282987
1.89	-6.724916401
1.9	-6.116493996
1.91	-5.505638153
1.92	-4.892969944
1.93	-4.279108528
1.94	-3.664670543
1.95	-3.050269511
1.96	-2.436515247
1.97	-1.824013277
1.98	-1.21336426
1.99	-0.6051634226
2	-4.704702894e-15
2.01	0.6015433132
2.02	1.198890903
2.03	1.791474763
2.04	2.378735018
2.05	2.960120423
2.06	3.535088868
2.07	4.103107856
2.08	4.663654973
2.09	5.216218353
2.1	5.760297115
2.11	6.295401802
2.12	6.821054794
2.13	7.336790712
2.14	7.842156808
2.15	8.336713339
2.16	8.820033925
2.17	9.291705892
2.18	9.751330602
2.19	10.19852376
2.2	10.63291572
2.21	11.05415175
2.22	11.46189231
2.23	11.85581328
2.24	12.23560621
2.25	12.60097852
2.26	12.9516537
2.27	13.28737147
2.28	13.607888
2.29	13.91297596
2.3	14.20242473
2.31	14.47604048
2.32	14.73364625
2.33	14.97508203
2.34	15.20020483
2.35	15.40888872
2.36	15.60102482
2.37	15.77652136
2.38	15.93530363
2.39	16.07731396
2.4	16.20251167
2.41	16.31087303
2.42	16.40239118
2.43	16.47707598
2.44	16.53495399
2.45	16.57606829
2.46	16.60047832
2.47	16.60825978
2.48	16.59950442
2.49	16.57431984
2.5	16.53282935
2.51	16.47517167
2.52	16.40150076
2.53	16.31198557
2.54	16.20680976
2.55	16.08617143
2.56	15.95028287
2.57	15.79937023
2.58	15.63367322
2.59	15.4534448
2.6	15.25895085
2.61	15.05046981
2.62	14.82829236
2.63	14.59272103
2.64	14.34406985
2.65	14.08266393
2.66	13.80883913
2.67	13.52294161
2.68	13.22532747
2.69	12.91636229
2.7	12.59642075
2.71	12.26588617
2.72	11.92515011
2.73	11.57461191
2.74	11.21467825
2.75	10.84576272
2.76	10.46828534
2.77	10.08267213
2.78	9.689354617
2.79	9.288769424
2.8	8.881357763
2.81	8.467564987
2.82	8.047840122
2.83	7.622635398
2.84	7.192405778
2.85	6.757608496
2.86	6.318702583
2.87	5.876148406
2.88	5.430407199
2.89	4.981940602
2.9	4.531210199
2.91	4.07867706
2.92	3.624801288
2.93	3.170041566
2.94	2.714854711
2.95	2.259695232
2.96	1.80501489
2.97	1.35126227
2.98	0.8988823521
2.99	0.4483160899
3	5.227994441e-15
3.01	-0.445634247
3.02	-0.8881602253
3.03	-1.327157147
3.04	-1.762210243
3.05	-2.192911145
3.06	-2.618858245
3.07	-3.039657061
3.08	-3.454920579
3.09	-3.864269599
3.1	-4.267333059
3.11	-4.663748362
3.12	-5.053161676
3.13	-5.435228241
3.14	-5.809612653
3.15	-6.175989142
3.16	-6.534041838
3.17	-6.883465026
3.18	-7.223963386
3.19	-7.555252227
3.2	-7.877057705
3.21	-8.189117032
3.22	-8.491178667
3.23	-8.783002499
3.24	-9.064360022
3.25	-9.335034486
3.26	-9.594821046
3.27	-9.843526893
3.28	-10.08097137
3.29	-10.30698609
3.3	-10.52141502
3.31	-10.72411455
3.32	-10.9149536
3.33	-11.09381362
3.34	-11.2605887
3.35	-11.41518552
3.36	-11.55752345
3.37	-11.68753448
3.38	-11.80516328
3.39	-11.91036712
3.4	-12.00311587
3.41	-12.08339194
3.42	-12.15119025
3.43	-12.20651811
3.44	-12.2493952
3.45	-12.27985341
3.46	-12.29793681
3.47	-12.30370146
3.48	-12.29721533
3.49	-12.27855813
3.5	-12.24782122
3.51	-12.20510736
3.52	-12.15053061
3.53	-12.08421613
3.54	-12.00629997
3.55	-11.9169289
3.56	-11.81626018
3.57	-11.70446134
3.58	-11.58170998
3.59	-11.44819348
3.6	-11.30410881
3.61	-11.14966227
3.62	-10.98506916
3.63	-10.81055363
3.64	-10.6263483
3.65	-10.43269403
3.66	-10.22983963
3.67	-10.01804154
3.68	-9.797563565
3.69	-9.568676531
3.7	-9.331658006
3.71	-9.086791966
3.72	-8.834368484
3.73	-8.574683399
3.74	-8.308037988
3.75	-8.034738642
3.76	-7.755096521
3.77	-7.469427225
3.78	-7.178050447
3.79	-6.881289637
3.8	-6.579471655
3.81	-6.272926427
3.82	-5.9619866
3.83	-5.646987192
3.84	-5.328265251
3.85	-5.006159502
3.86	-4.681010005
3.87	-4.353157807
3.88	-4.022944599
3.89	-3.690712372
3.9	-3.356803077
3.91	-3.021558282
3.92	-2.685318841
3.93	-2.348424553
3.94	-2.011213837
3.95	-1.674023401
3.96	-1.337187919
3.97	-1.001039711
3.98	-0.6659084247
3.99	-0.332120728
4	-5.163991386e-15
4.01	0.3301339699
4.02	0.6579652778
4.03	0.9831821959
4.04	1.305477457
4.05	1.624548533
4.06	1.940097906
4.07	2.251833335
4.08	2.559468116
4.09	2.862721328
4.1	3.161318084
4.11	3.454989763
4.12	3.743474241
4.13	4.026516114
4.14	4.303866908
4.15	4.575285287
4.16	4.840537249
4.17	5.099396313
4.18	5.351643702
4.19	5.597068511
4.2	5.835467874
4.21	6.066647109
4.22	6.290419871
4.23	6.506608283
4.24	6.715043063
4.25	6.915563638
4.26	7.108018255
4.27	7.292264078
4.28	7.468167275
4.29	7.635603099
4.3	7.794455955
4.31	7.944619463
4.32	8.085996505
4.33	8.21849927
4.34	8.342049283
4.35	8.456577427
4.36	8.562023956
4.37	8.658338501
4.38	8.745480057
4.39	8.823416977
4.4	8.892126938
4.41	8.951596916
4.42	9.001823137
4.43	9.042811027
4.44	9.074575154
4.45	9.097139157
4.46	9.110535667
4.47	9.114806223
4.48	9.110001177
4.49	9.09617959
4.5	9.073409123
4.51	9.041765917
4.52	9.001334467
4.53	8.95220749
4.54	8.89448578
4.55	8.828278063
4.56	8.75370084
4.57	8.670878225
4.58	8.579941777
4.59	8.481030323
4.6	8.374289779
4.61	8.25987296
4.62	8.137939392
4.63	8.008655106
4.64	7.872192441
4.65	7.728729831
4.66	7.578451594
4.67	7.421547711
4.68	7.258213607
4.69	7.088649922
4.7	6.91306228
4.71	6.731661056
4.72	6.544661141
4.73	6.352281698
4.74	6.15474592
4.75	5.952280784
4.76	5.745116806
4.77	5.533487786
4.78	5.31763056
4.79	5.097784745
4.8	4.874192484
4.81	4.647098194
4.82	4.416748305
4.83	4.183391004
4.84	3.947275983
4.85	3.708654175
4.86	3.467777503
4.87	3.224898621
4.88	2.98027066
4.89	2.734146973
4.9	2.486780883
4.91	2.23842543
4.92	1.989333125
4.93	1.739755698
4.94	1.489943856
4.95	1.240147037
4.96	0.9906131751
4.97	0.7415884575
4.98	0.4933170943
4.99	0.2460410868
5	4.781973637e-15
5.01	-0.2445692602
5.02	-0.4874326664
5.03	-0.728359285
5.04	-0.9671214867
5.05	-1.203495153
5.06	-1.437259878
5.07	-1.668199165
5.08	-1.896100616
5.09	-2.120756121
5.1	-2.341962038
5.11	-2.559519369
5.12	-2.773233927
5.13	-2.982916503
5.14	-3.188383025
5.15	-3.389454706
5.16	-3.585958192
5.17	-3.777725703
5.18	-3.964595165
5.19	-4.146410336
5.2	-4.323020927
5.21	-4.494282717
5.22	-4.660057656
5.23	-4.820213971
5.24	-4.974626254
5.25	-5.123175549
5.26	-5.265749436
5.27	-5.402242099
5.28	-5.532554393
5.29	-5.656593902
5.3	-5.774274992
5.31	-5.885518854
5.32	-5.990253543
5.33	-6.088414006
5.34	-6.179942107
5.35	-6.264786642
5.36	-6.342903353
5.37	-6.414254922
5.38	-6.478810975
5.39	-6.536548065
5.4	-6.587449657
5.41	-6.6315061
5.42	-6.668714599
5.43	-6.699079175
5.44	-6.722610619
5.45	-6.739326444
5.46	-6.749250822
5.47	-6.752414528
5.48	-6.748854862
5.49	-6.738615579
5.5	-6.721746802
5.51	-6.698304938
5.52	-6.668352584
5.53	-6.631958424
5.54	-6.589197129
5.55	-6.540149246
5.56	-6.484901081
5.57	-6.423544579
5.58	-6.356177201
5.59	-6.282901793
5.6	-6.203826453
5.61	-6.11906439
5.62	-6.02873378
5.63	-5.932957626
5.64	-5.831863597
5.65	-5.725583881
5.66	-5.614255025
5.67	-5.49801777
5.68	-5.37701689
5.69	-5.251401022
5.7	-5.121322497
5.71	-4.986937166
5.72	-4.848404222
5.73	-4.705886025
5.74	-4.559547921
5.75	-4.40955806
5.76	-4.25608721
5.77	-4.099308576
5.78	-3.93939761
5.79	-3.776531824
5.8	-3.610890604
5.81	-3.442655016
5.82	-3.27200762
5.83	-3.09913228
5.84	-2.92421397
5.85	-2.747438587
5.86	-2.568992759
5.87	-2.389063658
5.88	-2.207838807
5.89	-2.025505895
5.9	-1.842252589
5.91	-1.658266344
5.92	-1.473734226
5.93	-1.288842721
5.94	-1.103777556
5.95	-0.9187235216
5.96	-0.7338642898
5.97	-0.5493822415
5.98	-0.3654582921
5.99	-0.1822717201
6	-4.251087842e-15
6.01	0.1811813642
6.02	0.3610990006
6.03	0.5395818295
6.04	0.716461219
6.05	0.8915711381
6.06	1.064748306
6.07	1.235832337
6.08	1.404665884
6.09	1.571094776
6.1	1.73496815
6.11	1.896138585
6.12	2.054462223
6.13	2.209798896
6.14	2.36201224
6.15	2.510969804
6.16	2.656543167
6.17	2.798608033
6.18	2.937044336
6.19	3.071736327
6.2	3.202572671
6.21	3.329446525
6.22	3.452255621
6.23	3.570902337
6.24	3.68529377
6.25	3.795341794
6.26	3.900963128
6.27	4.002079379
6.28	4.098617101
6.29	4.190507829
6.3	4.277688125
6.31	4.360099605
6.32	4.437688971
6.33	4.510408031
6.34	4.578213715
6.35	4.641068093
6.36	4.698938376
6.37	4.751796918
6.38	4.799621219
6.39	4.842393907
6.4	4.880102733
6.41	4.912740549
6.42	4.940305284
6.43	4.962799915
6.44	4.980232437
6.45	4.992615825
6.46	4.999967985
6.47	5.002311716
6.48	4.999674651
6.49	4.992089203
6.5	4.979592506
6.51	4.962226346
6.52	4.940037096
6.53	4.913075639
6.54	4.881397293
6.55	4.845061728
6.56	4.80413288
6.57	4.758678865
6.58	4.708771884
6.59	4.654488127
6.6	4.595907675
6.61	4.533114393
6.62	4.466195832
6.63	4.395243112
6.64	4.320350813
6.65	4.241616863
6.66	4.159142418
6.67	4.073031742
6.68	3.983392085
6.69	3.890333561
6.7	3.79396902
6.71	3.694413918
6.72	3.591786189
6.73	3.486206112
6.74	3.377796178
6.75	3.266680956
6.76	3.152986954
6.77	3.036842485
6.78	2.918377528
6.79	2.797723586
6.8	2.675013552
6.81	2.550381563
6.82	2.423962863
6.83	2.295893661
6.84	2.16631099
6.85	2.035352565
6.86	1.903156645
6.87	1.769861888
6.88	1.635607217
6.89	1.500531673
6.9	1.364774285
6.91	1.228473923
6.92	1.091769167
6.93	0.9547981712
6.94	0.8176985252
6.95	0.6806071245
6.96	0.5436600374
6.97	0.4069923746
6.98	0.2707381617
6.99	0.1350302114
7	3.674163886e-15
7.01	-0.1342224558
7.02	-0.2675087191
7.03	-0.3997320508
7.04	-0.5307675254
7.05	-0.6604921441
7.06	-0.7887849454
7.07	-0.9155271129
7.08	-1.040602081
7.09	-1.163895636
7.1	-1.285296018
7.11	-1.404694012
7.12	-1.521983049
7.13	-1.637059287
7.14	-1.749821704
7.15	-1.860172182
7.16	-1.968015582
7.17	-2.073259824
7.18	-2.175815959
7.19	-2.27559824
7.2	-2.372524188
7.21	-2.466514651
7.22	-2.557493867
7.23	-2.645389516
7.24	-2.730132773
7.25	-2.811658355
7.26	-2.889904563
7.27	-2.964813325
7.28	-3.036330228
7.29	-3.104404554
7.3	-3.168989306
7.31	-3.230041232
7.32	-3.287520848
7.33	-3.341392452
7.34	-3.391624138
7.35	-3.438187807
7.36	-3.481059167
7.37	-3.520217738
7.38	-3.555646851
7.39	-3.587333638
7.4	-3.615269024
7.41	-3.639447712
7.42	-3.65986817
7.43	-3.676532602
7.44	-3.689446933
7.45	-3.698620772
7.46	-3.704067386
7.47	-3.705803665
7.48	-3.703850079
7.49	-3.698230641
7.5	-3.68897286
7.51	-3.676107692
7.52	-3.659669491
7.53	-3.639695953
7.54	-3.616228057
7.55	-3.589310008
7.56	-3.558989172
7.57	-3.52531601
7.58	-3.488344009
7.59	-3.448129613
7.6	-3.404732146
7.61	-3.358213739
7.62	-3.30863925
7.63	-3.256076181
7.64	-3.200594602
7.65	-3.142267058
7.66	-3.081168486
7.67	-3.017376128
7.68	-2.950969437
7.69	-2.882029987
7.7	-2.810641379
7.71	-2.736889145
7.72	-2.660860653
7.73	-2.582645009
7.74	-2.502332954
7.75	-2.420016773
7.76	-2.335790185
7.77	-2.249748246
7.78	-2.161987247
7.79	-2.072604609
7.8	-1.98169878
7.81	-1.889369132
7.82	-1.795715855
7.83	-1.700839857
7.84	-1.604842653
7.85	-1.507826266
7.86	-1.409893119
7.87	-1.311145935
7.88	-1.211687628
7.89	-1.111621204
7.9	-1.011049657
7.91	-0.9100758656
7.92	-0.8088024919
7.93	-0.7073318823
7.94	-0.6057659665
7.95	-0.504206159
7.96	-0.4027532615
7.97	-0.3015073668
7.98	-0.2005677632
7.99	-0.1000328409
8	-3.110728631e-15
8.01	0.09943444089
8.02	0.1981753333
8.03	0.2961287867
8.04	0.3932022538
8.05	0.489304615
8.06	0.5843462597
8.07	0.6782391668
8.08	0.7708969821
8.09	0.8622350944
8.1	0.952170709
8.11	1.040622919
8.12	1.127512774
8.13	1.212763348
8.14	1.296299802
8.15	1.378049446
8.16	1.457941802
8.17	1.535908654
8.18	1.611884107
8.19	1.685804639
8.2	1.757609147
8.21	1.827238995
8.22	1.894638056
8.23	1.959752754
8.24	2.022532103
8.25	2.08292774
8.26	2.140893957
8.27	2.196387732
8.28	2.249368757
8.29	2.299799458
8.3	2.347645019
8.31	2.392873398
8.32	2.435455345
8.33	2.475364411
8.34	2.512576959
8.35	2.547072174
8.36	2.578832058
8.37	2.607841441
8.38	2.634087974
8.39	2.657562123
8.4	2.678257165
8.41	2.696169179
8.42	2.711297025
8.43	2.723642341
8.44	2.733209512
8.45	2.740005659
8.46	2.74404061
8.47	2.745326877
8.48	2.743879625
8.49	2.739716643
8.5	2.73285831
8.51	2.72332756
8.52	2.711149841
8.53	2.69635308
8.54	2.678967635
8.55	2.659026254
8.56	2.636564026
8.57	2.611618334
8.58	2.584228802
8.59	2.554437244
8.6	2.52228761
8.61	2.487825927
8.62	2.451100242
8.63	2.412160563
8.64	2.371058798
8.65	2.327848691
8.66	2.282585755
8.67	2.235327214
8.68	2.186131927
8.69	2.135060327
8.7	2.082174345
8.71	2.027537347
8.72	1.971214055
8.73	1.91327048
8.74	1.853773847
8.75	1.79279252
8.76	1.730395929
8.77	1.666654493
8.78	1.601639546
8.79	1.535423259
8.8	1.468078564
8.81	1.399679078
8.82	1.330299025
8.83	1.260013157
8.84	1.188896679
8.85	1.117025171
8.86	1.044474512
8.87	0.9713207986
8.88	0.8976402726
8.89	0.8235092427
8.9	0.7490040082
8.91	0.6742007834
8.92	0.5991756229
8.93	0.5240043465
8.94	0.4487624655
8.95	0.3735251096
8.96	0.2983669546
8.97	0.223362151
8.98	0.1485842535
8.99	0.07410615124
9	2.592545006e-15
9.01	-0.07366284558
9.02	-0.1468118978
9.03	-0.2193776008
9.04	-0.291291394
9.05	-0.3624857742
9.06	-0.4328943564
9.07	-0.5024519327
9.08	-0.5710945306
9.09	-0.6387594684
9.1	-0.7053854104
9.11	-0.7709124191
9.12	-0.835282007
9.13	-0.8984371854
9.14	-0.9603225125
9.15	-1.020884139
9.16	-1.080069851
9.17	-1.137829116
9.18	-1.194113116
9.19	-1.248874793
9.2	-1.302068881
9.21	-1.353651941
9.22	-1.403582393
9.23	-1.451820548
9.24	-1.498328634
9.25	-1.543070822
9.26	-1.586013252
9.27	-1.627124052
9.28	-1.66637336
9.29	-1.703733342
9.3	-1.739178206
9.31	-1.772684213
9.32	-1.804229695
9.33	-1.833795058
9.34	-1.861362792
9.35	-1.886917476
9.36	-1.910445777
9.37	-1.931936456
9.38	-1.951380366
9.39	-1.968770443
9.4	-1.984101708
9.41	-1.997371254
9.42	-2.008578238
9.43	-2.017723873
9.44	-2.024811407
9.45	-2.029846117
9.46	-2.032835282
9.47	-2.033788172
9.48	-2.032716022
9.49	-2.029632009
9.5	-2.024551231
9.51	-2.017490677
9.52	-2.008469201
9.53	-1.997507491
9.54	-1.984628037
9.55	-1.969855098
9.56	-1.95321467
9.57	-1.934734447
9.58	-1.914443783
9.59	-1.892373654
9.6	-1.868556619
9.61	-1.843026776
9.62	-1.81581972
9.63	-1.786972496
9.64	-1.75652356
9.65	-1.724512725
9.66	-1.690981118
9.67	-1.655971129
9.68	-1.619526365
9.69	-1.581691592
9.7	-1.542512694
9.71	-1.50203661
9.72	-1.460311289
9.73	-1.417385633
9.74	-1.373309443
9.75	-1.328133365
9.76	-1.281908833
9.77	-1.234688016
9.78	-1.186523758
9.79	-1.137469526
9.8	-1.08757935
9.81	-1.036907764
9.82	-0.9855097565
9.83	-0.9334407047
9.84	-0.8807563221
9.85	-0.8275125999
9.86	-0.7737657495
9.87	-0.7195721457
9.88	-0.6649882696
9.89	-0.6100706519
9.9	-0.5548758166
9.91	-0.4994602248
9.92	-0.4438802189
9.93	-0.3881919676
9.94	-0.3324514112
9.95	-0.276714207
9.96	-0.2210356764
9.97	-0.1654707513
9.98	-0.1100739223
9.99	-0.0548991871
10	-2.134005087e-15
10.01	0.05457077819
10.02	0.1087609289
10.03	0.1625189239
10.04	0.2157939722
10.05	0.2685360663
10.06	0.3206960268
10.07	0.3722255468
10.08	0.423077234
10.09	0.4732046529
10.1	0.5225623646
10.11	0.5711059666
10.12	0.6187921302
10.13	0.6655786371
10.14	0.711424415
10.15	0.7562895713
10.16	0.8001354256
10.17	0.8429245411
10.18	0.884620754
10.19	0.9251892022
10.2	0.9645963518
10.21	1.002810022
10.22	1.039799411
10.23	1.075535115
10.24	1.109989153
10.25	1.143134981
10.26	1.174947515
10.27	1.205403145
10.28	1.234479748
10.29	1.262156703
10.3	1.288414904
10.31	1.313236765
10.32	1.336606232
10.33	1.358508792
10.34	1.378931472
10.35	1.397862847
10.36	1.415293041
10.37	1.431213728
10.38	1.44561813
10.39	1.458501017
10.4	1.469858697
10.41	1.479689018
10.42	1.487991356
10.43	1.494766609
10.44	1.500017184
10.45	1.503746989
10.46	1.505961417
10.47	1.506667335
10.48	1.505873066
10.49	1.503588373
10.5	1.49982444
10.51	1.494593854
10.52	1.48791058
10.53	1.479789945
10.54	1.470248611
10.55	1.459304549
10.56	1.446977017
10.57	1.433286531
10.58	1.418254837
10.59	1.401904883
10.6	1.38426079
10.61	1.365347817
10.62	1.345192334
10.63	1.323821785
10.64	1.301264658
10.65	1.277550448
10.66	1.252709623
10.67	1.226773586
10.68	1.19977464
10.69	1.171745951
10.7	1.142721509
10.71	1.112736088
10.72	1.08182521
10.73	1.050025102
10.74	1.017372658
10.75	0.983905396
10.76	0.9496614208
10.77	0.914679379
10.78	0.8789984195
10.79	0.8426581507
10.8	0.8056985987
10.81	0.768160165
10.82	0.7300835843
10.83	0.691509882
10.84	0.6524803314
10.85	0.6130364119
10.86	0.5732197658
10.87	0.5330721566
10.88	0.4926354266
10.89	0.4519514548
10.9	0.4110621152
10.91	0.370009235
10.92	0.3288345539
10.93	0.2875796827
10.94	0.2462860629
10.95	0.2049949265
10.96	0.1637472565
10.97	0.1225837475
10.98	0.08154476723
10.99	0.04067031811
11	6.325237504e-15
11.01	-0.0404270268
11.02	-0.08057207784
11.03	-0.12039698
11.04	-0.1598641065
11.05	-0.1989364108
11.06	-0.23757746
11.07	-0.2757514673
11.08	-0.3134233237
11.09	-0.3505586289
11.1	-0.3871237212
11.11	-0.423085706
11.12	-0.4584124849
11.13	-0.4930727817
11.14	-0.5270361693
11.15	-0.5602730945
11.16	-0.5927549023
11.17	-0.6244538587
11.18	-0.655343173
11.19	-0.6853970186
11.2	-0.714590553
11.21	-0.7428999364
11.22	-0.7703023496
11.23	-0.7967760104
11.24	-0.822300189
11.25	-0.8468552224
11.26	-0.8704225274
11.27	-0.8929846129
11.28	-0.9145250901
11.29	-0.9350286831
11.3	-0.9544812364
11.31	-0.9728697232
11.32	-0.9901822508
11.33	-1.006408066
11.34	-1.021537559
11.35	-1.035562267
11.36	-1.048474872
11.37	-1.060269207
11.38	-1.070940251
11.39	-1.080484128
11.4	-1.088898104
11.41	-1.096180586
11.42	-1.102331109
11.43	-1.10735034
11.44	-1.111240061
11.45	-1.114003168
11.46	-1.115643657
11.47	-1.116166614
11.48	-1.115578205
11.49	-1.113885663
11.5	-1.111097273
11.51	-1.107222359
11.52	-1.102271268
11.53	-1.096255354
11.54	-1.08918696
11.55	-1.081079399
11.56	-1.071946939
11.57	-1.061804777
11.58	-1.050669025
11.59	-1.038556681
11.6	-1.025485615
11.61	-1.011474541
11.62	-0.9965429913
11.63	-0.9807112994
11.64	-0.9640005688
11.65	-0.94643265
11.66	-0.9280301139
11.67	-0.9088162248
11.68	-0.8888149139
11.69	-0.8680507506
11.7	-0.8465489151
11.71	-0.8243351692
11.72	-0.8014358275
11.73	-0.777877728
11.74	-0.7536882022
11.75	-0.7288950448
11.76	-0.703526484
11.77	-0.6776111501
11.78	-0.6511780451
11.79	-0.6242565118
11.8	-0.5968762023
11.81	-0.5690670466
11.82	-0.5408592219
11.83	-0.5122831203
11.84	-0.4833693182
11.85	-0.4541485439
11.86	-0.4246516469
11.87	-0.3949095666
11.88	-0.3649533002
11.89	-0.3348138726
11.9	-0.3045223047
11.91	-0.2741095831
11.92	-0.2436066291
11.93	-0.2130442689
11.94	-0.1824532029
11.95	-0.1518639767
11.96	-0.1213069512
11.97	-0.09081227373
11.98	-0.06040984937
11.99	-0.03012931269
12	-1.405400188e-15
12.01	0.02994907806
12.02	0.05968926334
12.03	0.08919227652
12.04	0.118430243
12.05	0.1473757179
12.06	0.1760017112
12.07	0.2042817113
12.08	0.232189709
12.09	0.2597002197
12.1	0.2867883063
12.11	0.3134295999
12.12	0.3396003214
12.13	0.3652773008
12.14	0.3904379972
12.15	0.415060517
12.16	0.439123632
12.17	0.4626067965
12.18	0.4854901633
12.19	0.5077545998
12.2	0.529381702
12.21	0.550353809
12.22	0.570654016
12.23	0.5902661863
12.24	0.6091749629
12.25	0.627365779
12.26	0.644824868
12.27	0.661539272
12.28	0.67749685
12.29	0.6926862853
12.3	0.7070970913
12.31	0.7207196173
12.32	0.7335450532
12.33	0.7455654329
12.34	0.7567736372
12.35	0.767163396
12.36	0.7767292893
12.37	0.7854667477
12.38	0.7933720513
12.39	0.8004423291
12.4	0.8066755562
12.41	0.8120705509
12.42	0.8166269708
12.43	0.8203453084
12.44	0.823226885
12.45	0.8252738451
12.46	0.8264891491
12.47	0.8268765652
12.48	0.8264406612
12.49	0.8251867951
12.5	0.823121105
12.51	0.8202504981
12.52	0.8165826397
12.53	0.8121259409
12.54	0.8068895455
12.55	0.8008833169
12.56	0.7941178239
12.57	0.7866043258
12.58	0.7783547573
12.59	0.7693817127
12.6	0.759698429
12.61	0.7493187694
12.62	0.7382572056
12.63	0.7265287998
12.64	0.7141491861
12.65	0.7011345518
12.66	0.6875016177
12.67	0.6732676186
12.68	0.658450283
12.69	0.6430678125
12.7	0.627138861
12.71	0.6106825133
12.72	0.5937182637
12.73	0.5762659944
12.74	0.5583459529
12.75	0.5399787302
12.76	0.5211852381
12.77	0.5019866865
12.78	0.4824045607
12.79	0.4624605984
12.8	0.4421767661
12.81	0.4215752369
12.82	0.4006783664
12.83	0.3795086697
12.84	0.3580887982
12.85	0.3364415162
12.86	0.3145896775
12.87	0.2925562024
12.88	0.2703640545
12.89	0.2480362174
12.9	0.225595672
12.91	0.2030653736
12.92	0.1804682295
12.93	0.1578270762
12.94	0.1351646571
12.95	0.112503601
12.96	0.08986639975
12.97	0.06727538704
12.98	0.04475271712
12.99	0.02232034382
13	-1.38907181e-15
13.01	-0.02218682272
13.02	-0.04421889386
13.03	-0.06607526359
13.04	-0.08773528186
13.05	-0.1091786171
13.06	-0.1303852745
13.07	-0.1513356139
13.08	-0.1720103671
13.09	-0.1923906547
13.1	-0.2124580028
13.11	-0.2321943585
13.12	-0.2515821058
13.13	-0.27060408
13.14	-0.2892435823
13.15	-0.3074843937
13.16	-0.3253107877
13.17	-0.3427075439
13.18	-0.359659959
13.19	-0.3761538591
13.2	-0.3921756105
13.21	-0.4077121296
13.22	-0.4227508928
13.23	-0.4372799459
13.24	-0.4512879121
13.25	-0.4647640001
13.26	-0.4776980114
13.27	-0.4900803464
13.28	-0.501902011
13.29	-0.5131546214
13.3	-0.523830409
13.31	-0.5339222245
13.32	-0.5434235411
13.33	-0.5523284574
13.34	-0.5606316994
13.35	-0.568328622
13.36	-0.5754152101
13.37	-0.5818880784
13.38	-0.5877444714
13.39	-0.592982262
13.4	-0.5975999502
13.41	-0.6015966606
13.42	-0.6049721395
13.43	-0.6077267517
13.44	-0.6098614761
13.45	-0.6113779015
13.46	-0.6122782208
13.47	-0.6125652257
13.48	-0.6122423001
13.49	-0.6113134133
13.5	-0.6097831124
13.51	-0.6076565145
13.52	-0.6049392982
13.53	-0.6016376945
13.54	-0.5977584774
13.55	-0.5933089538
13.56	-0.5882969533
13.57	-0.582730817
13.58	-0.5766193864
13.59	-0.5699719914
13.6	-0.5627984384
13.61	-0.5551089975
13.62	-0.5469143895
13.63	-0.5382257728
13.64	-0.5290547294
13.65	-0.5194132511
13.66	-0.5093137251
13.67	-0.4987689192
13.68	-0.4877919671
13.69	-0.4763963526
13.7	-0.4645958951
13.71	-0.4524047329
13.72	-0.4398373077
13.73	-0.4269083486
13.74	-0.4136328553
13.75	-0.4000260821
13.76	-0.3861035207
13.77	-0.3718808839
13.78	-0.3573740883
13.79	-0.3425992376
13.8	-0.3275726051
13.81	-0.3123106169
13.82	-0.2968298345
13.83	-0.2811469374
13.84	-0.2652787063
13.85	-0.2492420054
13.86	-0.2330537651
13.87	-0.2167309653
13.88	-0.2002906178
13.89	-0.1837497492
13.9	-0.1671253843
13.91	-0.1504345288
13.92	-0.1336941527
13.93	-0.1169211738
13.94	-0.1001324408
13.95	-0.08334471751
13.96	-0.06657466636
13.97	-0.04983883253
13.98	-0.03315362827
13.99	-0.01653531739
14	-8.998499726e-16
14.01	0.01643640253
14.02	0.03275816227
14.03	0.0489497592
14.04	0.0649958954
14.05	0.08088150886
14.06	0.09659178707
14.07	0.1121121802
14.08	0.1274284141
14.09	0.1425265025
14.1	0.1573927596
14.11	0.1720138115
14.12	0.186376608
14.13	0.2004684331
14.14	0.214276916
14.15	0.2277900414
14.16	0.2409961589
14.17	0.2538839928
14.18	0.2664426509
14.19	0.2786616326
14.2	0.290530838
14.21	0.3020405744
14.22	0.3131815642
14.23	0.3239449515
14.24	0.3343223081
14.25	0.3443056396
14.26	0.3538873908
14.27	0.3630604502
14.28	0.3718181547
14.29	0.3801542935
14.3	0.3880631115
14.31	0.3955393123
14.32	0.4025780608
14.33	0.409174985
14.34	0.415326178
14.35	0.4210281985
14.36	0.4262780721
14.37	0.4310732909
14.38	0.4354118135
14.39	0.4392920643
14.4	0.4427129318
14.41	0.4456737677
14.42	0.4481743839
14.43	0.4502150508
14.44	0.4517964936
14.45	0.4529198892
14.46	0.4535868621
14.47	0.4537994806
14.48	0.4535602514
14.49	0.4528721151
14.5	0.4517384403
14.51	0.4501630179
14.52	0.4481500545
14.53	0.4457041663
14.54	0.4428303716
14.55	0.4395340835
14.56	0.4358211022
14.57	0.431697607
14.58	0.4271701478
14.59	0.4222456365
14.6	0.4169313377
14.61	0.4112348598
14.62	0.4051641449
14.63	0.3987274593
14.64	0.3919333833
14.65	0.3847908005
14.66	0.3773088876
14.67	0.3694971033
14.68	0.3613651771
14.69	0.3529230983
14.7	0.3441811043
14.71	0.3351496692
14.72	0.3258394917
14.73	0.3162614832
14.74	0.3064267559
14.75	0.2963466104
14.76	0.2860325232
14.77	0.2754961347
14.78	0.2647492362
14.79	0.2538037576
14.8	0.2426717545
14.81	0.2313653955
14.82	0.2198969498
14.83	0.2082787739
14.84	0.1965232992
14.85	0.1846430189
14.86	0.1726504756
14.87	0.1605582481
14.88	0.1483789391
14.89	0.1361251623
14.9	0.1238095298
14.91	0.1114446399
14.92	0.09904306432
14.93	0.0866173359
14.94	0.07417993662
14.95	0.06174328533
14.96	0.04931972587
14.97	0.03692151523
14.98	0.0245608119
14.99	0.01224966441
15	2.095589284e-15
15.01	-0.01217638648
15.02	-0.02426784349
15.03	-0.03626287352
15.04	-0.04815014358
15.05	-0.05991849548
15.06	-0.07155695583
15.07	-0.08305474587
15.08	-0.09440129098
15.09	-0.10558623
15.1	-0.1165994241
15.11	-0.1274309658
15.12	-0.1380711871
15.13	-0.1485106679
15.14	-0.1587402437
15.15	-0.1687510132
15.16	-0.1785343457
15.17	-0.1880818878
15.18	-0.1973855705
15.19	-0.2064376149
15.2	-0.2152305384
15.21	-0.2237571609
15.22	-0.2320106091
15.23	-0.2399843225
15.24	-0.2476720574
15.25	-0.2550678913
15.26	-0.2621662272
15.27	-0.2689617967
15.28	-0.2754496638
15.29	-0.2816252273
15.3	-0.2874842238
15.31	-0.2930227296
15.32	-0.2982371627
15.33	-0.3031242844
15.34	-0.3076812002
15.35	-0.3119053609
15.36	-0.3157945629
15.37	-0.3193469483
15.38	-0.322561005
15.39	-0.3254355654
15.4	-0.3279698064
15.41	-0.3301632476
15.42	-0.3320157497
15.43	-0.3335275129
15.44	-0.3346990745
15.45	-0.3355313064
15.46	-0.3360254121
15.47	-0.3361829238
15.48	-0.3360056984
15.49	-0.3354959145
15.5	-0.3346560676
15.51	-0.3334889659
15.52	-0.331997726
15.53	-0.3301857675
15.54	-0.328056808
15.55	-0.3256148577
15.56	-0.3228642135
15.57	-0.3198094531
15.58	-0.3164554289
15.59	-0.3128072611
15.6	-0.3088703318
15.61	-0.3046502771
15.62	-0.3001529809
15.63	-0.2953845669
15.64	-0.2903513916
15.65	-0.2850600362
15.66	-0.2795172988
15.67	-0.2737301866
15.68	-0.2677059075
15.69	-0.2614518617
15.7	-0.2549756333
15.71	-0.2482849816
15.72	-0.2413878325
15.73	-0.2342922693
15.74	-0.2270065241
15.75	-0.2195389686
15.76	-0.2118981049
15.77	-0.2040925563
15.78	-0.1961310581
15.79	-0.1880224481
15.8	-0.1797756573
15.81	-0.1713997006
15.82	-0.1629036671
15.83	-0.1542967107
15.84	-0.1455880408
15.85	-0.1367869128
15.86	-0.1279026181
15.87	-0.1189444757
15.88	-0.1099218216
15.89	-0.1008440005
15.9	-0.09172035559
15.91	-0.08256021986
15.92	-0.07337290668
15.93	-0.06416770066
15.94	-0.05495384865
15.95	-0.04574055078
15.96	-0.03653695157
15.97	-0.02735213122
15.98	-0.01819509697
15.99	-0.009074774592
16	-5.643978694e-16
16.01	0.009020488964
16.02	0.01797806063
16.03	0.02686419744
16.04	0.03567050369
16.05	0.04438871321
16.06	0.05301069669
16.07	0.06152846905
16.08	0.06993419641
16.09	0.07822020302
16.1	0.0863789779
16.11	0.09440318134
16.12	0.1022856512
16.13	0.1100194087
16.14	0.1175976649
16.15	0.1250138253
16.16	0.1322614963
16.17	0.1393344895
16.18	0.1462268271
16.19	0.1529327465
16.2	0.1594467045
16.21	0.1657633818
16.22	0.1718776866
16.23	0.1777847588
16.24	0.1834799729
16.25	0.1889589414
16.26	0.1942175179
16.27	0.1992517997
16.28	0.2040581298
16.29	0.2086330998
16.3	0.2129735511
16.31	0.2170765771
16.32	0.2209395242
16.33	0.224559993
16.34	0.2279358392
16.35	0.2310651745
16.36	0.2339463662
16.37	0.236578038
16.38	0.2389590698
16.39	0.2410885965
16.4	0.2429660084
16.41	0.2445909496
16.42	0.2459633169
16.43	0.2470832586
16.44	0.2479511728
16.45	0.2485677054
16.46	0.2489337479
16.47	0.2490504354
16.48	0.2489191437
16.49	0.2485414864
16.5	0.2479193125
16.51	0.2470547023
16.52	0.2459499646
16.53	0.2446076327
16.54	0.2430304608
16.55	0.2412214195
16.56	0.2391836921
16.57	0.23692067
16.58	0.2344359477
16.59	0.2317333186
16.6	0.2288167696
16.61	0.2256904762
16.62	0.2223587972
16.63	0.2188262693
16.64	0.2150976013
16.65	0.2111776688
16.66	0.2070715079
16.67	0.2027843098
16.68	0.1983214141
16.69	0.193688303
16.7	0.188890595
16.71	0.1839340383
16.72	0.1788245045
16.73	0.173567982
16.74	0.1681705692
16.75	0.1626384681
16.76	0.156977977
16.77	0.1511954844
16.78	0.1452974615
16.79	0.1392904555
16.8	0.1331810826
16.81	0.1269760212
16.82	0.1206820048
16.83	0.1143058147
16.84	0.1078542734
16.85	0.1013342373
16.86	0.09475258999
16.87	0.08811623483
16.88	0.08143208832
16.89	0.07470707301
16.9	0.06794811063
16.91	0.06116211518
16.92	0.05435598617
16.93	0.04753660183
16.94	0.04071081238
16.95	0.03388543344
16.96	0.02706723945
16.97	0.02026295718
16.98	0.01347925936
16.99	0.006722758366
17	-3.138513328e-16
17.01	-0.006682542584
17.02	-0.01331847489
17.03	-0.01990148694
17.04	-0.02642535908
17.05	-0.03288396754
17.06	-0.03927129
17.07	-0.04558141096
17.08	-0.05180852695
17.09	-0.05794695162
17.1	-0.06399112071
17.11	-0.06993559683
17.12	-0.0757750741
17.13	-0.08150438262
17.14	-0.08711849283
17.15	-0.09261251962
17.16	-0.09798172634
17.17	-0.1032215286
17.18	-0.1083274979
17.19	-0.1132953652
17.2	-0.1181210239
17.21	-0.1228005335
17.22	-0.127330122
17.23	-0.1317061887
17.24	-0.135925307
17.25	-0.1399842268
17.26	-0.1438798761
17.27	-0.1476093637
17.28	-0.1511699806
17.29	-0.1545592018
17.3	-0.1577746872
17.31	-0.1608142836
17.32	-0.1636760252
17.33	-0.1663581344
17.34	-0.1688590229
17.35	-0.1711772914
17.36	-0.1733117307
17.37	-0.1752613212
17.38	-0.1770252329
17.39	-0.1786028251
17.4	-0.1799936461
17.41	-0.1811974321
17.42	-0.1822141068
17.43	-0.18304378
17.44	-0.1836867467
17.45	-0.1841434852
17.46	-0.1844146562
17.47	-0.1845011004
17.48	-0.1844038371
17.49	-0.1841240618
17.5	-0.183663144
17.51	-0.183022625
17.52	-0.1822042152
17.53	-0.1812097913
17.54	-0.1800413935
17.55	-0.1787012228
17.56	-0.1771916372
17.57	-0.1755151492
17.58	-0.1736744217
17.59	-0.1716722648
17.6	-0.1695116321
17.61	-0.167195617
17.62	-0.1647274485
17.63	-0.1621104875
17.64	-0.1593482223
17.65	-0.1564442648
17.66	-0.1534023461
17.67	-0.1502263116
17.68	-0.1469201171
17.69	-0.143487824
17.7	-0.1399335945
17.71	-0.136261687
17.72	-0.1324764513
17.73	-0.1285823236
17.74	-0.1245838219
17.75	-0.1204855405
17.76	-0.1162921456
17.77	-0.1120083698
17.78	-0.1076390069
17.79	-0.1031889074
17.8	-0.09866297264
17.81	-0.09406615013
17.82	-0.08940342806
17.83	-0.08467983025
17.84	-0.07990041089
17.85	-0.07507024939
17.86	-0.07019444512
17.87	-0.0652781123
17.88	-0.06032637478
17.89	-0.0553443609
17.9	-0.05033719841
17.91	-0.04531000934
17.92	-0.04026790496
17.93	-0.03521598078
17.94	-0.03015931159
17.95	-0.02510294651
17.96	-0.02005190417
17.97	-0.01501116789
17.98	-0.009985680938
17.99	-0.004980341891
18	-3.484666329e-16
18.01	0.004950549307
18.02	0.009866568869
18.03	0.01474338415
18.04	0.01957638749
18.05	0.02436104232
18.06	0.02909288718
18.07	0.03376753977
18.08	0.03838070075
18.09	0.04292815759
18.1	0.04740578818
18.11	0.05180956441
18.12	0.05613555556
18.13	0.06037993171
18.14	0.06453896685
18.15	0.068609042
18.16	0.07258664816
18.17	0.07646838914
18.18	0.08025098424
18.19	0.08393127083
18.2	0.08750620678
18.21	0.09097287276
18.22	0.09432847441
18.23	0.09757034436
18.24	0.1006959441
18.25	0.1037028658
18.26	0.1065888338
18.27	0.1093517062
18.28	0.1119894761
18.29	0.1145002728
18.3	0.116882363
18.31	0.1191341515
18.32	0.1212541818
18.33	0.1232411372
18.34	0.1250938409
18.35	0.1268112564
18.36	0.128392488
18.37	0.1298367801
18.38	0.131143518
18.39	0.1323122271
18.4	0.1333425726
18.41	0.1342343592
18.42	0.1349875304
18.43	0.1356021674
18.44	0.1360784888
18.45	0.1364168491
18.46	0.1366177375
18.47	0.1366817769
18.48	0.1366097225
18.49	0.1364024598
18.5	0.1360610035
18.51	0.1355864954
18.52	0.1349802025
18.53	0.1342435151
18.54	0.1333779448
18.55	0.1323851219
18.56	0.1312667934
18.57	0.1300248205
18.58	0.128661176
18.59	0.1271779417
18.6	0.1255773057
18.61	0.1238615595
18.62	0.1220330953
18.63	0.1200944029
18.64	0.1180480665
18.65	0.1158967619
18.66	0.1136432531
18.67	0.1112903888
18.68	0.1088410997
18.69	0.1062983945
18.7	0.1036653565
18.71	0.1009451405
18.72	0.09814096891
18.73	0.09525612819
18.74	0.09229396525
18.75	0.08925788376
18.76	0.08615134041
18.77	0.08297784118
18.78	0.07974093756
18.79	0.07644422275
18.8	0.07309132784
18.81	0.06968591796
18.82	0.0662316885
18.83	0.06273236117
18.84	0.05919168023
18.85	0.05561340858
18.86	0.05200132394
18.87	0.04835921501
18.88	0.04469087762
18.89	0.04100011097
18.9	0.03729071376
18.91	0.0335664805
18.92	0.0298311977
18.93	0.02608864022
18.94	0.02234256755
18.95	0.01859672017
18.96	0.01485481597
18.97	0.01112054668
18.98	0.007397574385
18.99	0.003689528018
19	6.885461253e-16
19.01	-0.003667457129
19.02	-0.007309333994
19.03	-0.01092216761
19.04	-0.01450254455
19.05	-0.01804710402
19.06	-0.02155254092
19.07	-0.02501560873
19.08	-0.02843312244
19.09	-0.03180196133
19.1	-0.03511907165
19.11	-0.03838146932
19.12	-0.04158624239
19.13	-0.04473055358
19.14	-0.04781164259
19.15	-0.05082682842
19.16	-0.05377351154
19.17	-0.05664917598
19.18	-0.05945139135
19.19	-0.06217781472
19.2	-0.06482619241
19.21	-0.06739436173
19.22	-0.06988025257
19.23	-0.0722818889
19.24	-0.07459739014
19.25	-0.07682497251
19.26	-0.07896295019
19.27	-0.0810097364
19.28	-0.08296384441
19.29	-0.0848238884
19.3	-0.08658858422
19.31	-0.08825675011
19.32	-0.08982730718
19.33	-0.09129927994
19.34	-0.0926717966
19.35	-0.09394408936
19.36	-0.09511549449
19.37	-0.09618545243
19.38	-0.09715350768
19.39	-0.09801930865
19.4	-0.09878260738
19.41	-0.09944325915
19.42	-0.1000012221
19.43	-0.1004565564
19.44	-0.100809424
19.45	-0.1010600874
19.46	-0.1012089092
19.47	-0.1012563508
19.48	-0.1012029715
19.49	-0.1010494276
19.5	-0.1007964705
19.51	-0.1004449463
19.52	-0.09999579343
19.53	-0.09945004201
19.54	-0.09880881174
19.55	-0.09807331044
19.56	-0.09724483233
19.57	-0.09632475619
19.58	-0.0953145435
19.59	-0.0942157365
19.6	-0.09302995616
19.61	-0.09175890012
19.62	-0.09040434053
19.63	-0.08896812185
19.64	-0.08745215857
19.65	-0.08585843294
19.66	-0.08418899252
19.67	-0.08244594783
19.68	-0.08063146984
19.69	-0.07874778744
19.7	-0.07679718493
19.71	-0.07478199937
19.72	-0.07270461796
19.73	-0.0705674754
19.74	-0.06837305112
19.75	-0.06612386663
19.76	-0.06382248271
19.77	-0.06147149666
19.78	-0.05907353948
19.79	-0.05663127308
19.8	-0.05414738744
19.81	-0.05162459775
19.82	-0.04906564163
19.83	-0.04647327618
19.84	-0.04385027523
19.85	-0.04119942639
19.86	-0.03852352827
19.87	-0.03582538761
19.88	-0.03310781644
19.89	-0.03037362926
19.9	-0.02762564022
19.91	-0.02486666036
19.92	-0.0220994948
19.93	-0.01932694003
19.94	-0.01655178114
19.95	-0.01377678914
19.96	-0.01100471833
19.97	-0.008238303607
19.98	-0.005480257893
19.99	-0.002733269582
20	-2.124917143e-16
20.01	0.002716919065
20.02	0.005414887803
20.03	0.008091340775
20.04	0.01074374925
20.05	0.01336962349
20.06	0.01596651501
20.07	0.01853201875
20.08	0.02106377517
20.09	0.0235594724
20.1	0.02601684817
20.11	0.02843369181
20.12	0.03080784609
20.13	0.03313720911
20.14	0.03541973599
20.15	0.03765344059
20.16	0.03983639714
20.17	0.04196674176
20.18	0.04404267396
20.19	0.04606245806
20.2	0.04802442451
20.21	0.04992697114
20.22	0.05176856437
20.23	0.05354774032
20.24	0.05526310583
20.25	0.05691333944
20.26	0.05849719226
20.27	0.06001348878
20.28	0.0614611276
20.29	0.06283908207
20.3	0.0641464009
20.31	0.06538220858
20.32	0.06654570587
20.33	0.06763617011
20.34	0.06865295547
20.35	0.06959549312
20.36	0.07046329139
20.37	0.07125593572
20.38	0.07197308869
20.39	0.07261448983
20.4	0.07317995543
20.41	0.07366937831
20.42	0.0740827274
20.43	0.07442004736
20.44	0.0746814581
20.45	0.07486715413
20.46	0.07497740402
20.47	0.07501254962
20.48	0.0749730053
20.49	0.07485925714
20.5	0.07467186195
20.51	0.07441144637
20.52	0.07407870577
20.53	0.07367440317
20.54	0.0731993681
20.55	0.07265449534
20.56	0.07204074366
20.57	0.07135913449
20.58	0.07061075052
20.59	0.06979673427
20.6	0.06891828659
20.61	0.06797666512
20.62	0.0669731827
20.63	0.06590920573
20.64	0.06478615251
20.65	0.06360549152
20.66	0.06236873964
20.67	0.06107746037
20.68	0.05973326202
20.69	0.05833779578
20.7	0.0568927539
20.71	0.05539986771
20.72	0.05386090572
20.73	0.05227767156
20.74	0.05065200207
20.75	0.04898576522
20.76	0.04728085808
20.77	0.04553920478
20.78	0.04376275441
20.79	0.04195347896
20.8	0.04011337122
20.81	0.03824444265
20.82	0.03634872133
20.83	0.03442824977
20.84	0.03248508287
20.85	0.03052128575
20.86	0.02853893167
20.87	0.02654009991
20.88	0.02452687367
20.89	0.02250133798
20.9	0.02046557763
20.91	0.01842167508
20.92	0.01637170842
20.93	0.01431774932
20.94	0.01226186105
20.95	0.01020609642
20.96	0.008152495854
20.97	0.006103085419
20.98	0.004059874901
20.99	0.002024855908
21	-6.304665809e-17
21.01	-0.002012743147
21.02	-0.004011447548
21.03	-0.005994212676
21.04	-0.007959165202
21.05	-0.009904460686
21.06	-0.01182828524
21.07	-0.01372885715
21.08	-0.01560442845
21.09	-0.01745328643
21.1	-0.01927375517
21.11	-0.02106419697
21.12	-0.02282301372
21.13	-0.02454864829
21.14	-0.02623958579
21.15	-0.02789435486
21.16	-0.02951152885
21.17	-0.03108972696
21.18	-0.03262761536
21.19	-0.03412390822
21.2	-0.03557736872
21.21	-0.03698680992
21.22	-0.03835109575
21.23	-0.03966914171
21.24	-0.04093991573
21.25	-0.04216243886
21.26	-0.04333578588
21.27	-0.04445908597
21.28	-0.04553152319
21.29	-0.04655233697
21.3	-0.04752082257
21.31	-0.04843633142
21.32	-0.04929827142
21.33	-0.0501061072
21.34	-0.05085936031
21.35	-0.05155760938
21.36	-0.05220049015
21.37	-0.05278769552
21.38	-0.0533189755
21.39	-0.05379413715
21.4	-0.05421304437
21.41	-0.05457561775
21.42	-0.05488183429
21.43	-0.05513172707
21.44	-0.05532538491
21.45	-0.05546295191
21.46	-0.05554462704
21.47	-0.05557066354
21.48	-0.05554136839
21.49	-0.05545710167
21.5	-0.05531827591
21.51	-0.0551253553
21.52	-0.054878855
21.53	-0.05457934027
21.54	-0.05422742563
21.55	-0.05382377396
21.56	-0.05336909553
21.57	-0.05286414704
21.58	-0.05230973056
21.59	-0.05170669249
21.6	-0.05105592245
21.61	-0.0503583521
21.62	-0.04961495404
21.63	-0.04882674051
21.64	-0.04799476223
21.65	-0.04712010705
21.66	-0.04620389873
21.67	-0.04524729552
21.68	-0.04425148888
21.69	-0.04321770207
21.7	-0.04214718871
21.71	-0.04104123143
21.72	-0.03990114034
21.73	-0.03872825163
21.74	-0.03752392605
21.75	-0.03628954743
21.76	-0.03502652116
21.77	-0.03373627266
21.78	-0.03242024585
21.79	-0.03107990163
21.8	-0.02971671629
21.81	-0.02833217996
21.82	-0.02692779506
21.83	-0.02550507474
21.84	-0.02406554129
21.85	-0.0226107246
21.86	-0.02114216058
21.87	-0.01966138959
21.88	-0.01816995491
21.89	-0.01666940117
21.9	-0.01516127281
21.91	-0.01364711255
21.92	-0.0121284599
21.93	-0.01060684958
21.94	-0.009083810086
21.95	-0.00756086219
21.96	-0.006039517473
21.97	-0.004521276881
21.98	-0.003007629301
21.99	-0.001500050151
22	-4.665895874e-16
22.01	0.001491076797
22.02	0.002971753435
22.03	0.004440621969
22.04	0.005896294603
22.05	0.007337404942
22.06	0.008762609227
22.07	0.01017058753
22.08	0.01156004492
22.09	0.0129297126
22.1	0.01427834901
22.11	0.01560474092
22.12	0.01690770442
22.13	0.01818608595
22.14	0.01943876326
22.15	0.02066464634
22.16	0.02186267829
22.17	0.0230318362
22.18	0.02417113195
22.19	0.02527961297
22.2	0.02635636299
22.21	0.02740050272
22.22	0.02841119051
22.23	0.02938762297
22.24	0.03032903553
22.25	0.03123470293
22.26	0.03210393979
22.27	0.03293610096
22.28	0.03373058199
22.29	0.03448681944
22.3	0.03520429122
22.31	0.03588251686
22.32	0.03652105772
22.33	0.03711951718
22.34	0.03767754081
22.35	0.03819481645
22.36	0.03867107423
22.37	0.03910608667
22.38	0.03949966856
22.39	0.03985167697
22.4	0.04016201107
22.41	0.04043061204
22.42	0.04065746283
22.43	0.04084258795
22.44	0.0409860532
22.45	0.04108796535
22.46	0.04114847177
22.47	0.04116776008
22.48	0.0411460577
22.49	0.04108363139
22.5	0.04098078673
22.51	0.04083786763
22.52	0.04065525571
22.53	0.04043336974
22.54	0.04017266497
22.55	0.03987363246
22.56	0.03953679839
22.57	0.03916272335
22.58	0.03875200152
22.59	0.03830525993
22.6	0.03782315762
22.61	0.0373063848
22.62	0.03675566197
22.63	0.03617173903
22.64	0.03555539435
22.65	0.03490743387
22.66	0.03422869004
22.67	0.03352002096
22.68	0.03278230926
22.69	0.03201646115
22.7	0.03122340535
22.71	0.03040409204
22.72	0.02955949179
22.73	0.02869059446
22.74	0.02779840813
22.75	0.02688395796
22.76	0.02594828508
22.77	0.02499244548
22.78	0.02401750885
22.79	0.02302455743
22.8	0.02201468489
22.81	0.02098899514
22.82	0.01994860122
22.83	0.01889462408
22.84	0.01782819148
22.85	0.01675043677
22.86	0.01566249778
22.87	0.01456551565
22.88	0.01346063367
22.89	0.01234899611
22.9	0.01123174714
22.91	0.01011002964
22.92	0.008984984083
22.93	0.007857747432
22.94	0.006729452025
22.95	0.005601224475
22.96	0.004474184588
22.97	0.003349444294
22.98	0.002228106587
22.99	0.001111264484
23	2.246646444e-16
23.01	-0.00110461686
23.02	-0.002201529092
23.03	-0.003289693666
23.04	-0.004368082476
23.05	-0.005435683274
23.06	-0.006491500576
23.07	-0.007534556556
23.08	-0.008563891906
23.09	-0.009578566679
23.1	-0.01057766111
23.11	-0.0115602764
23.12	-0.0125255355
23.13	-0.01347258383
23.14	-0.01440059001
23.15	-0.01530874653
23.16	-0.01619627043
23.17	-0.01706240392
23.18	-0.01790641497
23.19	-0.0187275979
23.2	-0.01952527393
23.21	-0.02029879167
23.22	-0.0210475276
23.23	-0.02177088656
23.24	-0.02246830213
23.25	-0.02313923705
23.26	-0.02378318355
23.27	-0.02439966371
23.28	-0.02498822973
23.29	-0.02554846422
23.3	-0.02607998039
23.31	-0.02658242229
23.32	-0.02705546499
23.33	-0.02749881467
23.34	-0.02791220874
23.35	-0.02829541596
23.36	-0.0286482364
23.37	-0.02897050154
23.38	-0.02926207418
23.39	-0.02952284842
23.4	-0.02975274958
23.41	-0.02995173407
23.42	-0.03011978927
23.43	-0.03025693333
23.44	-0.03036321501
23.45	-0.03043871338
23.46	-0.03048353764
23.47	-0.03049782677
23.48	-0.03048174926
23.49	-0.0304355027
23.5	-0.03035931351
23.51	-0.03025343643
23.52	-0.0301181542
23.53	-0.02995377703
23.54	-0.02976064218
23.55	-0.02953911345
23.56	-0.02928958064
23.57	-0.02901245903
23.58	-0.02870818881
23.59	-0.0283772345
23.6	-0.02802008433
23.61	-0.02763724961
23.62	-0.0272292641
23.63	-0.02679668335
23.64	-0.02634008398
23.65	-0.02586006304
23.66	-0.02535723725
23.67	-0.02483224228
23.68	-0.02428573201
23.69	-0.02371837778
23.7	-0.02313086759
23.71	-0.02252390537
23.72	-0.02189821011
23.73	-0.02125451514
23.74	-0.02059356725
23.75	-0.0199161259
23.76	-0.01922296238
23.77	-0.01851485899
23.78	-0.01779260817
23.79	-0.01705701167
23.8	-0.01630887969
23.81	-0.01554903004
23.82	-0.01477828726
23.83	-0.01399748179
23.84	-0.01320744909
23.85	-0.01240902876
23.86	-0.01160306374
23.87	-0.01079039939
23.88	-0.009971882681
23.89	-0.009148361327
23.9	-0.008320682934
23.91	-0.007489694169
23.92	-0.006656239921
23.93	-0.005821162471
23.94	-0.004985300675
23.95	-0.004149489149
23.96	-0.003314557466
23.97	-0.002481329362
23.98	-0.001650621957
23.99	-0.0008232449776
24	-7.680152932e-17
24.01	0.0008183202965
24.02	0.001630932865
24.03	0.002437065008
24.04	0.003235955088
24.05	0.004026853211
24.06	0.004809021907
24.07	0.005581736781
24.08	0.006344287164
24.09	0.007095976724
24.1	0.007836124082
24.11	0.008564063395
24.12	0.009279144924
24.13	0.009980735583
24.14	0.01066821947
24.15	0.01134099836
24.16	0.01199849224
24.17	0.01264013971
24.18	0.01326539847
24.19	0.01387374576
24.2	0.01446467869
24.21	0.01503771473
24.22	0.01559239195
24.23	0.01612826945
24.24	0.01664492761
24.25	0.01714196842
24.26	0.01761901572
24.27	0.01807571546
24.28	0.01851173589
24.29	0.0189267678
24.3	0.01932052466
24.31	0.01969274279
24.32	0.02004318144
24.33	0.02037162295
24.34	0.02067787282
24.35	0.0209617597
24.36	0.02122313552
24.37	0.0214618754
24.38	0.02167787773
24.39	0.02187106404
24.4	0.022041379
24.41	0.02218879034
24.42	0.02231328869
24.43	0.02241488752
24.44	0.02249362292
24.45	0.02254955349
24.46	0.02258276012
24.47	0.02259334577
24.48	0.02258143525
24.49	0.02254717496
24.5	0.02249073261
24.51	0.02241229695
24.52	0.0223120774
24.53	0.0221903038
24.54	0.02204722599
24.55	0.02188311346
24.56	0.02169825501
24.57	0.02149295827
24.58	0.02126754936
24.59	0.02102237237
24.6	0.02075778902
24.61	0.02047417808
24.62	0.02017193498
24.63	0.01985147128
24.64	0.01951321415
24.65	0.01915760589
24.66	0.01878510338
24.67	0.01839617754
24.68	0.01799131278
24.69	0.01757100642
24.7	0.01713576817
24.71	0.0166861195
24.72	0.01622259305
24.73	0.01574573209
24.74	0.01525608985
24.75	0.01475422895
24.76	0.01424072079
24.77	0.01371614489
24.78	0.01318108833
24.79	0.01263614503
24.8	0.01208191523
24.81	0.01151900476
24.82	0.01094802447
24.83	0.01036958956
24.84	0.009784318934
24.85	0.009192834608
24.86	0.008595761033
24.87	0.007993724476
24.88	0.007387352385
24.89	0.00677727276
24.9	0.006164113526
24.91	0.005548501908
24.92	0.004931063815
24.93	0.004312423224
24.94	0.003693201576
24.95	0.003074017168
24.96	0.002455484564
24.97	0.001838214003
24.98	0.001222810821
24.99	0.0006098748795
25	-9.506626446e-18
25.01	-0.000606226586
25.02	-0.001208224783
25.03	-0.001805422163
25.04	-0.00239725449
25.05	-0.002983166231
25.06	-0.003562611052
25.07	-0.004135052311
25.08	-0.004699963528
25.09	-0.00525682885
25.1	-0.0058051435
25.11	-0.006344414206
25.12	-0.006874159632
25.13	-0.007393910776
25.14	-0.007903211364
25.15	-0.008401618229
25.16	-0.008888701673
25.17	-0.009364045809
25.18	-0.009827248894
25.19	-0.01027792364
25.2	-0.01071569753
25.21	-0.01114021307
25.22	-0.01155112806
25.23	-0.01194811587
25.24	-0.01233086565
25.25	-0.01269908254
25.26	-0.01305248788
25.27	-0.01339081936
25.28	-0.01371383124
25.29	-0.01402129445
25.3	-0.0143129967
25.31	-0.01458874267
25.32	-0.01484835401
25.33	-0.01509166947
25.34	-0.01531854495
25.35	-0.01552885353
25.36	-0.01572248549
25.37	-0.01589934835
25.38	-0.01605936681
25.39	-0.01620248274
25.4	-0.01632865517
25.41	-0.01643786018
25.42	-0.01653009083
25.43	-0.01660535709
25.44	-0.01666368571
25.45	-0.01670512009
25.46	-0.01672972017
25.47	-0.01673756221
25.48	-0.01672873868
25.49	-0.01670335803
25.5	-0.01666154452
25.51	-0.01660343795
25.52	-0.01652919348
25.53	-0.01643898138
25.54	-0.01633298673
25.55	-0.01621140918
25.56	-0.01607446267
25.57	-0.01592237511
25.58	-0.01575538807
25.59	-0.0155737565
25.6	-0.01537774832
25.61	-0.01516764417
25.62	-0.01494373698
25.63	-0.01470633163
25.64	-0.01445574458
25.65	-0.01419230351
25.66	-0.01391634686
25.67	-0.01362822351
25.68	-0.01332829232
25.69	-0.01301692171
25.7	-0.01269448929
25.71	-0.01236138136
25.72	-0.01201799252
25.73	-0.01166472523
25.74	-0.01130198933
25.75	-0.01093020164
25.76	-0.01054978544
25.77	-0.01016117006
25.78	-0.0097647904
25.79	-0.009361086479
25.8	-0.008950502943
25.81	-0.008533488614
25.82	-0.008110496011
25.83	-0.007681980885
25.84	-0.007248401743
25.85	-0.006810219377
25.86	-0.006367896394
25.87	-0.005921896743
25.88	-0.005472685249
25.89	-0.005020727147
25.9	-0.004566487614
25.91	-0.004110431311
25.92	-0.003653021921
25.93	-0.0031947217
25.94	-0.00273599102
25.95	-0.002277287929
25.96	-0.001819067706
25.97	-0.001361782427
25.98	-0.0009058805369
25.99	-0.000451806423
26	5.623493714e-17
26.01	0.0004491037008
26.02	0.0008950749338
26.03	0.001337489634
26.04	0.001775929806
26.05	0.002209983899
26.06	0.002639247181
26.07	0.003063322095
26.08	0.003481818618
26.09	0.003894354595
26.1	0.004300556078
26.11	0.004700057644
26.12	0.005092502707
26.13	0.005477543825
26.14	0.00585484298
26.15	0.006224071867
26.16	0.006584912158
26.17	0.006937055754
26.18	0.00728020504
26.19	0.007614073107
26.2	0.007938383979
26.21	0.008252872822
26.22	0.008557286136
26.23	0.008851381942
26.24	0.009134929953
26.25	0.009407711734
26.26	0.009669520844
26.27	0.009920162973
26.28	0.01015945606
26.29	0.0103872304
26.3	0.01060332875
26.31	0.01080760639
26.32	0.0109999312
26.33	0.01118018372
26.34	0.01134825721
26.35	0.01150405764
26.36	0.01164750373
26.37	0.01177852695
26.38	0.01189707154
26.39	0.01200309444
26.4	0.01209656527
26.41	0.01217746633
26.42	0.01224579247
26.43	0.01230155109
26.44	0.01234476199
26.45	0.01237545734
26.46	0.01239368153
26.47	0.01239949105
26.48	0.01239295442
26.49	0.01237415198
26.5	0.01234317576
26.51	0.01230012936
26.52	0.0122451277
26.53	0.01217829693
26.54	0.01209977417
26.55	0.0120097073
26.56	0.01190825483
26.57	0.0117955856
26.58	0.01167187856
26.59	0.01153732258
26.6	0.01139211615
26.61	0.01123646717
26.62	0.01107059264
26.63	0.01089471843
26.64	0.01070907898
26.65	0.01051391703
26.66	0.01030948332
26.67	0.0100960363
26.68	0.009873841801
26.69	0.009643172783
26.7	0.009404308967
26.71	0.009157536541
26.72	0.008903147833
26.73	0.008641440988
26.74	0.008372719629
26.75	0.00809729253
26.76	0.007815473275
26.77	0.00752757992
26.78	0.007233934649
26.79	0.006934863429
26.8	0.006630695665
26.81	0.006321763851
26.82	0.006008403224
26.83	0.00569095141
26.84	0.005369748082
26.85	0.005045134601
26.86	0.004717453676
26.87	0.004387049008
26.88	0.004054264949
26.89	0.003719446152
26.9	0.003382937229
26.91	0.00304508241
26.92	0.0027062252
26.93	0.002366708045
26.94	0.002026871999
26.95	0.001687056391
26.96	0.001347598501
26.97	0.001008833235
26.98	0.0006710928075
26.99	0.0003347064304
27	7.287188578e-17
27.01	-0.0003327042045
27.02	-0.0006630878198
27.03	-0.0009908366911
27.04	-0.001315641159
27.05	-0.00163719634
27.06	-0.0019552024
27.07	-0.002269364824
27.08	-0.002579394673
27.09	-0.002885008842
27.1	-0.003185930302
27.11	-0.003481888341
27.12	-0.003772618795
27.13	-0.00405786427
27.14	-0.004337374359
27.15	-0.004610905846
27.16	-0.004878222908
27.17	-0.005139097301
27.18	-0.005393308544
27.19	-0.005640644091
27.2	-0.005880899495
27.21	-0.006113878559
27.22	-0.006339393489
27.23	-0.006557265021
27.24	-0.006767322554
27.25	-0.006969404268
27.26	-0.007163357227
27.27	-0.007349037483
27.28	-0.007526310162
27.29	-0.007695049545
27.3	-0.007855139139
27.31	-0.008006471734
27.32	-0.008148949457
27.33	-0.008282483813
27.34	-0.008406995716
27.35	-0.00852241551
27.36	-0.008628682986
27.37	-0.008725747381
27.38	-0.008813567372
27.39	-0.008892111064
27.4	-0.008961355962
27.41	-0.009021288939
27.42	-0.009071906192
27.43	-0.009113213191
27.44	-0.009145224615
27.45	-0.009167964289
27.46	-0.009181465096
27.47	-0.0091857689
27.48	-0.009180926445
27.49	-0.009166997251
27.5	-0.009144049506
27.51	-0.009112159944
27.52	-0.009071413718
27.53	-0.009021904266
27.54	-0.008963733168
27.55	-0.008897009996
27.56	-0.008821852157
27.57	-0.008738384732
27.58	-0.008646740305
27.59	-0.008547058783
27.6	-0.008439487218
27.61	-0.008324179615
27.62	-0.008201296742
27.63	-0.008071005922
27.64	-0.007933480837
27.65	-0.007788901309
27.66	-0.007637453091
27.67	-0.007479327644
27.68	-0.007314721914
27.69	-0.007143838103
27.7	-0.006966883436
27.71	-0.006784069926
27.72	-0.006595614136
27.73	-0.006401736937
27.74	-0.006202663258
27.75	-0.005998621844
27.76	-0.005789845005
27.77	-0.005576568363
27.78	-0.005359030595
27.79	-0.005137473186
27.8	-0.004912140164
27.81	-0.004683277848
27.82	-0.004451134585
27.83	-0.004215960498
27.84	-0.00397800722
27.85	-0.003737527639
27.86	-0.003494775638
27.87	-0.00325000584
27.88	-0.003003473345
27.89	-0.00275543348
27.9	-0.002506141539
27.91	-0.002255852533
27.92	-0.002004820937
27.93	-0.001753300443
27.94	-0.001501543708
27.95	-0.001249802114
27.96	-0.0009983255237
27.97	-0.0007473620418
27.98	-0.0004971577796
27.99	-0.0002479566222
28	-2.698753878e-17
28.01	0.0002464733368
28.02	0.0004912275388
28.03	0.0007340298745
28.04	0.0009746509425
28.05	0.001212864879
28.06	0.001448449563
28.07	0.001681186811
28.08	0.001910862572
28.09	0.002137267117
28.1	0.002360195217
28.11	0.002579446325
28.12	0.002794824743
28.13	0.003006139788
28.14	0.003213205955
28.15	0.003415843065
28.16	0.003613876415
28.17	0.003807136918
28.18	0.003995461239
28.19	0.004178691919
28.2	0.0043566775
28.21	0.004529272636
28.22	0.004696338205
28.23	0.004857741405
28.24	0.005013355853
28.25	0.005163061669
28.26	0.005306745555
28.27	0.005444300872
28.28	0.005575627702
28.29	0.005700632912
28.3	0.0058192302
28.31	0.005931340144
28.32	0.006036890237
28.33	0.006135814921
28.34	0.006228055607
28.35	0.006313560694
28.36	0.006392285577
28.37	0.006464192649
28.38	0.006529251298
28.39	0.006587437896
28.4	0.006638735778
28.41	0.00668313522
28.42	0.006720633403
28.43	0.006751234381
28.44	0.006774949027
28.45	0.006791794991
28.46	0.006801796636
28.47	0.006804984972
28.48	0.006801397593
28.49	0.006791078592
28.5	0.006774078485
28.51	0.006750454116
28.52	0.006720268569
28.53	0.006683591066
28.54	0.006640496856
28.55	0.006591067114
28.56	0.006535388818
28.57	0.006473554629
28.58	0.006405662767
28.59	0.006331816879
28.6	0.006252125904
28.61	0.006166703931
28.62	0.006075670059
28.63	0.005979148246
28.64	0.005877267157
28.65	0.005770160009
28.66	0.005657964409
28.67	0.005540822197
28.68	0.005418879273
28.69	0.005292285432
28.7	0.00516119419
28.71	0.005025762611
28.72	0.004886151129
28.73	0.004742523367
28.74	0.004595045958
28.75	0.004443888361
28.76	0.004289222675
28.77	0.004131223452
28.78	0.00397006751
28.79	0.003805933745
28.8	0.003639002936
28.81	0.003469457562
28.82	0.003297481603
28.83	0.003123260355
28.84	0.00294698023
28.85	0.002768828575
28.86	0.00258899347
28.87	0.002407663544
28.88	0.00222502778
28.89	0.002041275328
28.9	0.001856595316
28.91	0.001671176659
28.92	0.00148520788
28.93	0.001298876914
28.94	0.001112370938
28.95	0.0009258761783
28.96	0.0007395777381
28.97	0.000553659418
28.98	0.0003683035417
28.99	0.0001836907837
29	-7.217937393e-21
29.01	-0.0001825919388
29.02	-0.0003639103113
29.03	-0.0005437827056
29.04	-0.000722039177
29.05	-0.0008985124019
29.06	-0.001073037828
29.07	-0.001245453822
29.08	-0.001415601811
29.09	-0.001583326423
29.1	-0.001748475621
29.11	-0.001910900837
29.12	-0.002070457093
29.13	-0.002227003129
29.14	-0.002380401518
29.15	-0.002530518781
29.16	-0.002677225495
29.17	-0.002820396398
29.18	-0.002959910486
29.19	-0.003095651112
29.2	-0.003227506073
29.21	-0.003355367695
29.22	-0.003479132912
29.23	-0.003598703344
29.24	-0.003713985363
29.25	-0.003824890159
29.26	-0.003931333799
29.27	-0.004033237285
29.28	-0.004130526594
29.29	-0.004223132731
29.3	-0.004310991763
29.31	-0.004394044852
29.32	-0.004472238284
29.33	-0.004545523492
29.34	-0.004613857073
29.35	-0.0046772008
29.36	-0.004735521627
29.37	-0.004788791696
29.38	-0.004836988329
29.39	-0.004880094021
29.4	-0.004918096427
29.41	-0.004950988342
29.42	-0.00497876768
29.43	-0.005001437441
29.44	-0.005019005684
29.45	-0.005031485481
29.46	-0.005038894881
29.47	-0.005041256859
29.48	-0.005038599263
29.49	-0.005030954759
29.5	-0.00501836077
29.51	-0.005000859407
29.52	-0.004978497404
29.53	-0.004951326041
29.54	-0.004919401065
29.55	-0.004882782612
29.56	-0.004841535116
29.57	-0.004795727222
29.58	-0.004745431694
29.59	-0.004690725314
29.6	-0.004631688788
29.61	-0.004568406634
29.62	-0.004500967083
29.63	-0.004429461965
29.64	-0.004353986598
29.65	-0.004274639671
29.66	-0.004191523126
29.67	-0.004104742041
29.68	-0.004014404501
29.69	-0.003920621477
29.7	-0.003823506697
29.71	-0.003723176515
29.72	-0.003619749785
29.73	-0.003513347722
29.74	-0.003404093771
29.75	-0.003292113469
29.76	-0.00317753431
29.77	-0.003060485607
29.78	-0.002941098349
29.79	-0.002819505065
29.8	-0.00269583968
29.81	-0.002570237378
29.82	-0.002442834454
29.83	-0.002313768179
29.84	-0.002183176651
29.85	-0.002051198658
29.86	-0.001917973536
29.87	-0.001783641022
29.88	-0.001648341121
29.89	-0.001512213956
29.9	-0.001375399638
29.91	-0.001238038119
29.92	-0.001100269059
29.93	-0.0009622316847
29.94	-0.0008240646591
29.95	-0.000685905943
29.96	-0.000547892664
29.97	-0.0004101609849
29.98	-0.0002728459744
29.99	-0.0001360814795
30	-4.65597882e-17
