temps	angle
0	0
0.01	1.25266672
0.02	2.496596175
0.03	3.730605539
0.04	4.953528911
0.05	6.164218371
0.06	7.361545015
0.07	8.544399959
0.08	9.71169532
0.09	10.86236517
0.1	11.99536648
0.11	13.10967998
0.12	14.20431106
0.13	15.27829062
0.14	16.33067584
0.15	17.36055098
0.16	18.36702815
0.17	19.34924799
0.18	20.30638036
0.19	21.23762501
0.2	22.14221216
0.21	23.01940312
0.22	23.86849082
0.23	24.68880031
0.24	25.47968927
0.25	26.24054842
0.26	26.97080194
0.27	27.66990785
0.28	28.33735835
0.29	28.97268007
0.3	29.57543442
0.31	30.14521774
0.32	30.68166152
0.33	31.18443258
0.34	31.65323314
0.35	32.08780094
0.36	32.48790929
0.37	32.85336706
0.38	33.18401867
0.39	33.47974402
0.4	33.74045843
0.41	33.96611247
0.42	34.15669181
0.43	34.31221705
0.44	34.43274347
0.45	34.51836076
0.46	34.56919274
0.47	34.58539702
0.48	34.56716466
0.49	34.51471976
0.5	34.42831906
0.51	34.30825146
0.52	34.15483759
0.53	33.96842924
0.54	33.74940887
0.55	33.49818902
0.56	33.21521177
0.57	32.90094803
0.58	32.55589702
0.59	32.18058548
0.6	31.7755671
0.61	31.34142171
0.62	30.87875462
0.63	30.38819582
0.64	29.87039925
0.65	29.32604195
0.66	28.7558233
0.67	28.16046417
0.68	27.54070609
0.69	26.89731036
0.7	26.23105721
0.71	25.5427449
0.72	24.83318881
0.73	24.10322053
0.74	23.35368695
0.75	22.58544933
0.76	21.79938232
0.77	20.99637307
0.78	20.17732024
0.79	19.34313303
0.8	18.49473023
0.81	17.63303926
0.82	16.75899519
0.83	15.87353973
0.84	14.97762033
0.85	14.07218913
0.86	13.15820202
0.87	12.2366177
0.88	11.30839663
0.89	10.37450015
0.9	9.435889476
0.91	8.493524745
0.92	7.548364085
0.93	6.601362669
0.94	5.653471783
0.95	4.705637903
0.96	3.75880179
0.97	2.813897585
0.98	1.871851924
0.99	0.9335830583
1	3.628962651e-15
1.01	-0.9279983309
1.02	-1.849523936
1.03	-2.763700558
1.04	-3.669664474
1.05	-4.566565286
1.06	-5.45356668
1.07	-6.329847174
1.08	-7.194600847
1.09	-8.047038041
1.1	-8.886386052
1.11	-9.711889794
1.12	-10.52281245
1.13	-11.31843607
1.14	-12.09806221
1.15	-12.86101249
1.16	-13.60662912
1.17	-14.33427547
1.18	-15.04333657
1.19	-15.73321957
1.2	-16.40335421
1.21	-17.05319326
1.22	-17.6822129
1.23	-18.28991312
1.24	-18.87581807
1.25	-19.43947639
1.26	-19.9804615
1.27	-20.4983719
1.28	-20.99283139
1.29	-21.4634893
1.3	-21.91002071
1.31	-22.33212657
1.32	-22.7295339
1.33	-23.10199586
1.34	-23.44929185
1.35	-23.7712276
1.36	-24.06763516
1.37	-24.33837293
1.38	-24.58332567
1.39	-24.8024044
1.4	-24.99554638
1.41	-25.162715
1.42	-25.30389965
1.43	-25.41911558
1.44	-25.50840375
1.45	-25.5718306
1.46	-25.60948785
1.47	-25.62149228
1.48	-25.60798541
1.49	-25.56913328
1.5	-25.50512606
1.51	-25.4161778
1.52	-25.30252601
1.53	-25.16443131
1.54	-25.00217702
1.55	-24.81606879
1.56	-24.60643408
1.57	-24.37362178
1.58	-24.1180017
1.59	-23.83996408
1.6	-23.53991908
1.61	-23.21829626
1.62	-22.87554405
1.63	-22.51212916
1.64	-22.12853602
1.65	-21.72526621
1.66	-21.30283785
1.67	-20.86178496
1.68	-20.40265688
1.69	-19.9260176
1.7	-19.43244513
1.71	-18.92253083
1.72	-18.39687875
1.73	-17.85610495
1.74	-17.30083681
1.75	-16.73171238
1.76	-16.14937962
1.77	-15.55449574
1.78	-14.94772648
1.79	-14.32974539
1.8	-13.70123314
1.81	-13.06287677
1.82	-12.415369
1.83	-11.75940746
1.84	-11.09569404
1.85	-10.42493411
1.86	-9.747835811
1.87	-9.065109349
1.88	-8.37746627
1.89	-7.685618744
1.9	-6.990278852
1.91	-6.292157889
1.92	-5.591965651
1.93	-4.890409747
1.94	-4.188194907
1.95	-3.486022299
1.96	-2.784588854
1.97	-2.084586602
1.98	-1.386702011
1.99	-0.6916153401
2	-5.376803308e-15
2.01	0.6874780723
2.02	1.370161032
2.03	2.04739973
2.04	2.718554306
2.05	3.382994769
2.06	4.040101564
2.07	4.689266121
2.08	5.329891398
2.09	5.961392403
2.1	6.583196703
2.11	7.194744917
2.12	7.795491193
2.13	8.384903671
2.14	8.962464924
2.15	9.527672387
2.16	10.08003877
2.17	10.61909245
2.18	11.14437783
2.19	11.65545573
2.2	12.15190368
2.21	12.63331629
2.22	13.0993055
2.23	13.54950089
2.24	13.98354995
2.25	14.40111831
2.26	14.80188994
2.27	15.1855674
2.28	15.551872
2.29	15.90054395
2.3	16.23134255
2.31	16.54404627
2.32	16.83845286
2.33	17.11437946
2.34	17.37166267
2.35	17.61015853
2.36	17.82974265
2.37	18.03031013
2.38	18.21177558
2.39	18.37407309
2.4	18.51715619
2.41	18.64099775
2.42	18.74558991
2.43	18.83094398
2.44	18.89709028
2.45	18.94407804
2.46	18.97197522
2.47	18.98086832
2.48	18.97086219
2.49	18.94207982
2.5	18.89466211
2.51	18.82876762
2.52	18.7445723
2.53	18.64226923
2.54	18.5220683
2.55	18.38419592
2.56	18.22889471
2.57	18.05642312
2.58	17.86705511
2.59	17.66107977
2.6	17.43880097
2.61	17.20053693
2.62	16.94661984
2.63	16.67739547
2.64	16.39322268
2.65	16.09447306
2.66	15.78153043
2.67	15.45479041
2.68	15.11465997
2.69	14.76155691
2.7	14.39590943
2.71	14.01815562
2.72	13.62874298
2.73	13.22812789
2.74	12.81677515
2.75	12.3951574
2.76	11.96375468
2.77	11.52305386
2.78	11.07354813
2.79	10.61573648
2.8	10.15012316
2.81	9.677217128
2.82	9.197531569
2.83	8.711583312
2.84	8.219892318
2.85	7.722981138
2.86	7.221374381
2.87	6.715598178
2.88	6.206179656
2.89	5.693646402
2.9	5.178525941
2.91	4.661345211
2.92	4.142630043
2.93	3.622904647
2.94	3.102691099
2.95	2.582508836
2.96	2.06287416
2.97	1.544299738
2.98	1.027294117
2.99	0.5123612456
3	5.974850789e-15
3.01	-0.5092962822
3.02	-1.015040258
3.03	-1.516751025
3.04	-2.013954564
3.05	-2.506184166
3.06	-2.992980852
3.07	-3.473893784
3.08	-3.948480662
3.09	-4.416308113
3.1	-4.876952068
3.11	-5.329998128
3.12	-5.775041915
3.13	-6.211689418
3.14	-6.639557318
3.15	-7.058273305
3.16	-7.467476387
3.17	-7.866817172
3.18	-8.255958155
3.19	-8.634573973
3.2	-9.002351663
3.21	-9.358990894
3.22	-9.70420419
3.23	-10.03771714
3.24	-10.3592686
3.25	-10.66861084
3.26	-10.96550977
3.27	-11.24974502
3.28	-11.52111014
3.29	-11.77941268
3.3	-12.02447431
3.31	-12.25613092
3.32	-12.47423269
3.33	-12.67864414
3.34	-12.86924423
3.35	-13.04592631
3.36	-13.20859823
3.37	-13.35718227
3.38	-13.49161518
3.39	-13.61184814
3.4	-13.7178467
3.41	-13.80959079
3.42	-13.88707457
3.43	-13.95030641
3.44	-13.9993088
3.45	-14.03411819
3.46	-14.05478493
3.47	-14.0613731
3.48	-14.05396037
3.49	-14.03263787
3.5	-13.99750996
3.51	-13.94869412
3.52	-13.8863207
3.53	-13.81053272
3.54	-13.72148568
3.55	-13.61934731
3.56	-13.50429735
3.57	-13.37652725
3.58	-13.23623997
3.59	-13.08364969
3.6	-12.9189815
3.61	-12.74247116
3.62	-12.55436476
3.63	-12.35491844
3.64	-12.14439806
3.65	-11.9230789
3.66	-11.69124529
3.67	-11.44919034
3.68	-11.1972155
3.69	-10.93563032
3.7	-10.66475201
3.71	-10.3849051
3.72	-10.09642113
3.73	-9.79963817
3.74	-9.494900558
3.75	-9.182558448
3.76	-8.862967453
3.77	-8.536488257
3.78	-8.203486225
3.79	-7.864331013
3.8	-7.519396177
3.81	-7.169058774
3.82	-6.813698971
3.83	-6.453699648
3.84	-6.089446001
3.85	-5.721325145
3.86	-5.34972572
3.87	-4.975037493
3.88	-4.59765097
3.89	-4.217956997
3.9	-3.836346374
3.91	-3.453209465
3.92	-3.068935818
3.93	-2.683913774
3.94	-2.298530099
3.95	-1.913169601
3.96	-1.528214765
3.97	-1.144045384
3.98	-0.7610381997
3.99	-0.3795665463
4	-5.901704441e-15
4.01	0.3772959656
4.02	0.7519603175
4.03	1.123636795
4.04	1.491974236
4.05	1.856626894
4.06	2.217254749
4.07	2.573523812
4.08	2.925106418
4.09	3.271681518
4.1	3.612934953
4.11	3.948559729
4.12	4.278256276
4.13	4.601732702
4.14	4.918705038
4.15	5.228897471
4.16	5.53204257
4.17	5.8278815
4.18	6.11616423
4.19	6.396649727
4.2	6.669106141
4.21	6.933310981
4.22	7.189051281
4.23	7.436123753
4.24	7.674334929
4.25	7.9035013
4.26	8.123449434
4.27	8.334016089
4.28	8.535048315
4.29	8.726403542
4.3	8.907949663
4.31	9.0795651
4.32	9.241138863
4.33	9.392570594
4.34	9.533770609
4.35	9.664659916
4.36	9.785170236
4.37	9.895244001
4.38	9.994834351
4.39	10.08390512
4.4	10.16243079
4.41	10.23039648
4.42	10.28779787
4.43	10.33464117
4.44	10.37094303
4.45	10.39673047
4.46	10.41204076
4.47	10.4169214
4.48	10.41142992
4.49	10.39563382
4.5	10.36961043
4.51	10.33344676
4.52	10.28723939
4.53	10.23109427
4.54	10.16512661
4.55	10.08946064
4.56	10.00422953
4.57	9.909575115
4.58	9.805647745
4.59	9.692606083
4.6	9.57061689
4.61	9.439854812
4.62	9.300502162
4.63	9.152748693
4.64	8.996791361
4.65	8.832834093
4.66	8.661087536
4.67	8.481768813
4.68	8.295101266
4.69	8.101314197
4.7	7.900642605
4.71	7.693326921
4.72	7.479612733
4.73	7.259750512
4.74	7.033995337
4.75	6.802606611
4.76	6.565847778
4.77	6.323986041
4.78	6.077292068
4.79	5.826039708
4.8	5.570505696
4.81	5.310969365
4.82	5.047712348
4.83	4.78101829
4.84	4.511172552
4.85	4.238461914
4.86	3.963174289
4.87	3.685598424
4.88	3.406023611
4.89	3.124739397
4.9	2.842035295
4.91	2.558200492
4.92	2.273523572
4.93	1.988292227
4.94	1.702792978
4.95	1.4173109
4.96	1.132129343
4.97	0.8475296657
4.98	0.563790965
4.99	0.2811898135
5	5.465112728e-15
5.01	-0.2795077259
5.02	-0.5570659044
5.03	-0.8324106114
5.04	-1.105281699
5.05	-1.375423032
5.06	-1.642582718
5.07	-1.906513331
5.08	-2.166972132
5.09	-2.423721281
5.1	-2.676528044
5.11	-2.925164993
5.12	-3.169410202
5.13	-3.409047432
5.14	-3.643866314
5.15	-3.873662521
5.16	-4.098237933
5.17	-4.317400803
5.18	-4.530965903
5.19	-4.738754669
5.2	-4.940595345
5.21	-5.136323105
5.22	-5.325780179
5.23	-5.508815967
5.24	-5.685287147
5.25	-5.85505777
5.26	-6.017999356
5.27	-6.17399097
5.28	-6.322919306
5.29	-6.464678745
5.3	-6.599171419
5.31	-6.726307262
5.32	-6.846004049
5.33	-6.958187435
5.34	-7.062790979
5.35	-7.159756163
5.36	-7.249032403
5.37	-7.330577054
5.38	-7.4043554
5.39	-7.470340646
5.4	-7.528513893
5.41	-7.578864114
5.42	-7.621388113
5.43	-7.656090486
5.44	-7.682983565
5.45	-7.702087364
5.46	-7.713429511
5.47	-7.717045175
5.48	-7.712976985
5.49	-7.701274947
5.5	-7.681996345
5.51	-7.655205644
5.52	-7.620974381
5.53	-7.579381056
5.54	-7.530511005
5.55	-7.474456282
5.56	-7.411315521
5.57	-7.341193804
5.58	-7.264202515
5.59	-7.180459192
5.6	-7.090087375
5.61	-6.993216445
5.62	-6.889981463
5.63	-6.780523001
5.64	-6.664986968
5.65	-6.543524436
5.66	-6.416291457
5.67	-6.28344888
5.68	-6.14516216
5.69	-6.001601168
5.7	-5.852939997
5.71	-5.699356761
5.72	-5.541033396
5.73	-5.378155457
5.74	-5.21091191
5.75	-5.039494925
5.76	-4.864099668
5.77	-4.684924087
5.78	-4.502168697
5.79	-4.31603637
5.8	-4.126732118
5.81	-3.934462875
5.82	-3.73943728
5.83	-3.541865463
5.84	-3.341958823
5.85	-3.139929813
5.86	-2.935991725
5.87	-2.730358466
5.88	-2.523244351
5.89	-2.314863881
5.9	-2.10543153
5.91	-1.895161537
5.92	-1.684267687
5.93	-1.47296311
5.94	-1.261460064
5.95	-1.049969739
5.96	-0.8387020454
5.97	-0.6278654189
5.98	-0.4176666195
5.99	-0.2083105373
6	-4.858386105e-15
6.01	0.2070644162
6.02	0.4126845721
6.03	0.616664948
6.04	0.8188128217
6.05	1.018938443
6.06	1.216855207
6.07	1.412379814
6.08	1.605332439
6.09	1.795536887
6.1	1.982820743
6.11	2.167015525
6.12	2.347956826
6.13	2.525484453
6.14	2.699442559
6.15	2.869679776
6.16	3.036049334
6.17	3.198409181
6.18	3.356622098
6.19	3.510555802
6.2	3.660083053
6.21	3.805081743
6.22	3.945434996
6.23	4.081031243
6.24	4.211764308
6.25	4.337533479
6.26	4.458243575
6.27	4.573805005
6.28	4.68413383
6.29	4.789151805
6.3	4.888786429
6.31	4.982970978
6.32	5.071644539
6.33	5.154752035
6.34	5.232244246
6.35	5.304077821
6.36	5.370215287
6.37	5.43062505
6.38	5.485281393
6.39	5.534164465
6.4	5.577260267
6.41	5.614560628
6.42	5.646063181
6.43	5.671771331
6.44	5.691694214
6.45	5.705846657
6.46	5.714249126
6.47	5.716927675
6.48	5.713913886
6.49	5.705244803
6.5	5.690962863
6.51	5.671115824
6.52	5.645756681
6.53	5.614943588
6.54	5.578739764
6.55	5.537213403
6.56	5.490437577
6.57	5.438490132
6.58	5.381453582
6.59	5.319415003
6.6	5.252465914
6.61	5.180702164
6.62	5.104223808
6.63	5.023134985
6.64	4.937543786
6.65	4.84756213
6.66	4.753305621
6.67	4.654893419
6.68	4.552448097
6.69	4.446095499
6.7	4.335964594
6.71	4.222187335
6.72	4.104898501
6.73	3.984235556
6.74	3.860338489
6.75	3.733349664
6.76	3.603413662
6.77	3.470677126
6.78	3.335288603
6.79	3.197398384
6.8	3.057158345
6.81	2.914721786
6.82	2.770243272
6.83	2.62387847
6.84	2.475783989
6.85	2.326117217
6.86	2.175036166
6.87	2.022699301
6.88	1.869265391
6.89	1.714893341
6.9	1.55974204
6.91	1.403970197
6.92	1.247736191
6.93	1.09119791
6.94	0.9345126003
6.95	0.7778367138
6.96	0.621325757
6.97	0.4651341425
6.98	0.3094150419
6.99	0.1543202416
7	4.199044441e-15
7.01	-0.1533970924
7.02	-0.3057242504
7.03	-0.4568366295
7.04	-0.6065914576
7.05	-0.7548481647
7.06	-0.901468509
7.07	-1.046316701
7.08	-1.189259521
7.09	-1.330166442
7.1	-1.468909735
7.11	-1.605364586
7.12	-1.739409198
7.13	-1.870924899
7.14	-1.999796234
7.15	-2.125911066
7.16	-2.249160665
7.17	-2.369439799
7.18	-2.48664681
7.19	-2.600683703
7.2	-2.711456215
7.21	-2.818873887
7.22	-2.922850133
7.23	-3.023302304
7.24	-3.120151741
7.25	-3.213323834
7.26	-3.302748072
7.27	-3.388358086
7.28	-3.470091689
7.29	-3.547890919
7.3	-3.621702063
7.31	-3.691475693
7.32	-3.757166683
7.33	-3.818734231
7.34	-3.876141873
7.35	-3.929357494
7.36	-3.978353333
7.37	-4.023105986
7.38	-4.063596401
7.39	-4.099809872
7.4	-4.131736027
7.41	-4.159368814
7.42	-4.18270648
7.43	-4.201751546
7.44	-4.21651078
7.45	-4.226995168
7.46	-4.23321987
7.47	-4.235204188
7.48	-4.232971519
7.49	-4.226549304
7.5	-4.215968982
7.51	-4.201265934
7.52	-4.182479419
7.53	-4.159652518
7.54	-4.132832065
7.55	-4.102068581
7.56	-4.067416197
7.57	-4.028932583
7.58	-3.986678867
7.59	-3.940719557
7.6	-3.891122452
7.61	-3.837958559
7.62	-3.781302
7.63	-3.721229922
7.64	-3.657822402
7.65	-3.591162352
7.66	-3.521335412
7.67	-3.44842986
7.68	-3.372536499
7.69	-3.293748556
7.7	-3.212161576
7.71	-3.127873309
7.72	-3.040983604
7.73	-2.951594296
7.74	-2.859809091
7.75	-2.765733455
7.76	-2.669474497
7.77	-2.571140853
7.78	-2.470842568
7.79	-2.368690982
7.8	-2.264798606
7.81	-2.159279008
7.82	-2.052246692
7.83	-1.94381698
7.84	-1.834105889
7.85	-1.723230018
7.86	-1.611306422
7.87	-1.498452497
7.88	-1.384785861
7.89	-1.270424234
7.9	-1.155485323
7.91	-1.040086704
7.92	-0.924345705
7.93	-0.8083792941
7.94	-0.6923039617
7.95	-0.5762356103
7.96	-0.4602894418
7.97	-0.3445798478
7.98	-0.2292203008
7.99	-0.1143232468
8	-3.555118436e-15
8.01	0.113639361
8.02	0.2264860952
8.03	0.338432899
8.04	0.4493740043
8.05	0.5592052743
8.06	0.6678242968
8.07	0.7751304763
8.08	0.8810251224
8.09	0.9854115365
8.1	1.088195096
8.11	1.189283336
8.12	1.288586027
8.13	1.386015255
8.14	1.481485488
8.15	1.574913653
8.16	1.666219202
8.17	1.755324176
8.18	1.842153265
8.19	1.926633873
8.2	2.008696168
8.21	2.088273137
8.22	2.165300635
8.23	2.239717433
8.24	2.311465261
8.25	2.380488845
8.26	2.44673595
8.27	2.510157408
8.28	2.570707151
8.29	2.628342238
8.3	2.683022878
8.31	2.734712455
8.32	2.783377537
8.33	2.828987898
8.34	2.871516525
8.35	2.910939627
8.36	2.947236638
8.37	2.980390218
8.38	3.010386256
8.39	3.037213854
8.4	3.060865332
8.41	3.081336204
8.42	3.098625172
8.43	3.112734104
8.44	3.123668014
8.45	3.131435039
8.46	3.136046412
8.47	3.137516431
8.48	3.135862429
8.49	3.131104735
8.5	3.12326664
8.51	3.112374354
8.52	3.098456961
8.53	3.081546377
8.54	3.061677297
8.55	3.038887147
8.56	3.01321603
8.57	2.984706667
8.58	2.953404345
8.59	2.919356851
8.6	2.882614412
8.61	2.843229631
8.62	2.801257419
8.63	2.756754929
8.64	2.709781484
8.65	2.660398503
8.66	2.608669435
8.67	2.554659673
8.68	2.498436488
8.69	2.440068945
8.7	2.379627823
8.71	2.317185539
8.72	2.252816063
8.73	2.186594834
8.74	2.118598682
8.75	2.048905737
8.76	1.977595347
8.77	1.904747992
8.78	1.830445195
8.79	1.754769438
8.8	1.677804073
8.81	1.599633232
8.82	1.520341743
8.83	1.440015036
8.84	1.358739061
8.85	1.276600196
8.86	1.193685157
8.87	1.110080913
8.88	1.025874597
8.89	0.9411534202
8.9	0.8560045808
8.91	0.7705151811
8.92	0.6847721405
8.93	0.5988621103
8.94	0.5128713891
8.95	0.4268858395
8.96	0.3409908052
8.97	0.2552710297
8.98	0.1698105754
8.99	0.08469274427
9	2.962908578e-15
9.01	-0.08418610923
9.02	-0.1677850261
9.03	-0.2507172581
9.04	-0.3329044503
9.05	-0.4142694563
9.06	-0.4947364073
9.07	-0.5742307803
9.08	-0.6526794636
9.09	-0.7300108211
9.1	-0.8061547547
9.11	-0.8810427647
9.12	-0.954608008
9.13	-1.026785355
9.14	-1.097511443
9.15	-1.16672473
9.16	-1.234365545
9.17	-1.300376132
9.18	-1.364700704
9.19	-1.427285478
9.2	-1.488078721
9.21	-1.54703079
9.22	-1.604094164
9.23	-1.659223484
9.24	-1.712375582
9.25	-1.763509511
9.26	-1.812586573
9.27	-1.859570345
9.28	-1.904426697
9.29	-1.94712382
9.3	-1.987632235
9.31	-2.025924815
9.32	-2.061976794
9.33	-2.095765781
9.34	-2.127271763
9.35	-2.156477115
9.36	-2.183366602
9.37	-2.207927379
9.38	-2.230148989
9.39	-2.250023364
9.4	-2.267544809
9.41	-2.282710004
9.42	-2.295517986
9.43	-2.30597014
9.44	-2.31407018
9.45	-2.319824134
9.46	-2.323240323
9.47	-2.32432934
9.48	-2.323104025
9.49	-2.319579438
9.5	-2.313772835
9.51	-2.305703631
9.52	-2.295393373
9.53	-2.282865704
9.54	-2.268146327
9.55	-2.251262969
9.56	-2.232245338
9.57	-2.211125082
9.58	-2.187935752
9.59	-2.162712748
9.6	-2.135493279
9.61	-2.106316316
9.62	-2.075222537
9.63	-2.042254282
9.64	-2.007455497
9.65	-1.970871686
9.66	-1.932549849
9.67	-1.892538434
9.68	-1.850887274
9.69	-1.807647534
9.7	-1.76287165
9.71	-1.716613268
9.72	-1.668927187
9.73	-1.619869294
9.74	-1.569496506
9.75	-1.517866702
9.76	-1.465038666
9.77	-1.411072018
9.78	-1.356027153
9.79	-1.299965173
9.8	-1.242947828
9.81	-1.185037445
9.82	-1.126296865
9.83	-1.066789377
9.84	-1.006578654
9.85	-0.9457286856
9.86	-0.8843037137
9.87	-0.8223681665
9.88	-0.7599865938
9.89	-0.6972236022
9.9	-0.6341437904
9.91	-0.5708116854
9.92	-0.5072916787
9.93	-0.443647963
9.94	-0.3799444699
9.95	-0.316244808
9.96	-0.2526122016
9.97	-0.18910943
9.98	-0.1257987683
9.99	-0.06274192812
10	-2.438862957e-15
10.01	0.06236660365
10.02	0.1242982045
10.03	0.185735913
10.04	0.2466216825
10.05	0.3068983615
10.06	0.366509745
10.07	0.4254006249
10.08	0.4835168389
10.09	0.5408053176
10.1	0.597214131
10.11	0.6526925333
10.12	0.7071910059
10.13	0.7606612996
10.14	0.8130564743
10.15	0.8643309386
10.16	0.9144404864
10.17	0.9633423327
10.18	1.010995147
10.19	1.057359088
10.2	1.102395831
10.21	1.146068597
10.22	1.188342184
10.23	1.229182989
10.24	1.268559032
10.25	1.306439978
10.26	1.34279716
10.27	1.377603594
10.28	1.410833997
10.29	1.442464804
10.3	1.472474176
10.31	1.500842017
10.32	1.52754998
10.33	1.552581477
10.34	1.575921682
10.35	1.597557539
10.36	1.617477761
10.37	1.635672832
10.38	1.652135006
10.39	1.666858305
10.4	1.679838511
10.41	1.691073163
10.42	1.70056155
10.43	1.708304696
10.44	1.714305353
10.45	1.718567987
10.46	1.721098762
10.47	1.721905526
10.48	1.72099779
10.49	1.718386712
10.5	1.714085075
10.51	1.708107261
10.52	1.700469234
10.53	1.691188509
10.54	1.680284127
10.55	1.667776627
10.56	1.653688019
10.57	1.638041749
10.58	1.620862671
10.59	1.60217701
10.6	1.582012331
10.61	1.560397505
10.62	1.537362667
10.63	1.512939183
10.64	1.48715961
10.65	1.460057655
10.66	1.43166814
10.67	1.402026955
10.68	1.371171017
10.69	1.33913823
10.7	1.305967439
10.71	1.271698387
10.72	1.236371669
10.73	1.200028688
10.74	1.162711609
10.75	1.12446331
10.76	1.085327338
10.77	1.045347862
10.78	1.004569622
10.79	0.9630378865
10.8	0.9207983985
10.81	0.8778973314
10.82	0.8343812392
10.83	0.790297008
10.84	0.7456918073
10.85	0.7006130421
10.86	0.6551083038
10.87	0.6092253219
10.88	0.5630119162
10.89	0.5165159484
10.9	0.4697852745
10.91	0.4228676972
10.92	0.3758109188
10.93	0.3286624945
10.94	0.2814697862
10.95	0.234279916
10.96	0.1871397217
10.97	0.1400957115
10.98	0.0931940197
10.99	0.04648036355
11	7.228842861e-15
11.01	-0.04620231634
11.02	-0.09208237467
11.03	-0.1375965486
11.04	-0.182701836
11.05	-0.2273558981
11.06	-0.2715170971
11.07	-0.315144534
11.08	-0.3581980842
11.09	-0.4006384331
11.1	-0.4424271099
11.11	-0.4835265212
11.12	-0.5238999827
11.13	-0.5635117505
11.14	-0.6023270506
11.15	-0.640312108
11.16	-0.677434174
11.17	-0.7136615528
11.18	-0.7489636263
11.19	-0.7833108784
11.2	-0.8166749177
11.21	-0.8490284988
11.22	-0.8803455424
11.23	-0.9106011548
11.24	-0.9397716446
11.25	-0.9678345399
11.26	-0.9947686028
11.27	-1.020553843
11.28	-1.045171532
11.29	-1.068604209
11.3	-1.090835699
11.31	-1.111851112
11.32	-1.131636858
11.33	-1.150180647
11.34	-1.167471497
11.35	-1.183499734
11.36	-1.198256997
11.37	-1.211736237
11.38	-1.223931716
11.39	-1.234839003
11.4	-1.244454977
11.41	-1.252777812
11.42	-1.259806982
11.43	-1.265543245
11.44	-1.269988641
11.45	-1.273146478
11.46	-1.275021323
11.47	-1.275618988
11.48	-1.274946521
11.49	-1.273012187
11.5	-1.269825455
11.51	-1.265396982
11.52	-1.259738592
11.53	-1.252863262
11.54	-1.244785097
11.55	-1.235519313
11.56	-1.225082216
11.57	-1.213491174
11.58	-1.2007646
11.59	-1.186921921
11.6	-1.171983561
11.61	-1.155970903
11.62	-1.138906276
11.63	-1.120812914
11.64	-1.101714936
11.65	-1.081637314
11.66	-1.060605844
11.67	-1.038647114
11.68	-1.015788473
11.69	-0.9920580007
11.7	-0.9674844744
11.71	-0.9420973362
11.72	-0.91592666
11.73	-0.8890031177
11.74	-0.8613579453
11.75	-0.8330229084
11.76	-0.8040302674
11.77	-0.7744127429
11.78	-0.7442034802
11.79	-0.7134360135
11.8	-0.6821442312
11.81	-0.650362339
11.82	-0.618124825
11.83	-0.5854664232
11.84	-0.5524220779
11.85	-0.5190269073
11.86	-0.4853161679
11.87	-0.4513252189
11.88	-0.417089486
11.89	-0.3826444258
11.9	-0.3480254911
11.91	-0.313268095
11.92	-0.2784075762
11.93	-0.2434791644
11.94	-0.2085179462
11.95	-0.1735588305
11.96	-0.1386365157
11.97	-0.1037854557
11.98	-0.06903982785
11.99	-0.03443350022
12	-1.606171643e-15
12.01	0.03422751779
12.02	0.06821630096
12.03	0.1019340303
12.04	0.1353488491
12.05	0.1684293919
12.06	0.2011448128
12.07	0.233464813
12.08	0.2653596674
12.09	0.2968002511
12.1	0.3277580643
12.11	0.3582052571
12.12	0.388114653
12.13	0.4174597723
12.14	0.4462148539
12.15	0.4743548765
12.16	0.5018555794
12.17	0.5286934817
12.18	0.554845901
12.19	0.5802909712
12.2	0.6050076594
12.21	0.6289757818
12.22	0.6521760183
12.23	0.6745899272
12.24	0.6961999576
12.25	0.7169894618
12.26	0.7369427063
12.27	0.7560448823
12.28	0.7742821143
12.29	0.7916414689
12.3	0.8081109614
12.31	0.8236795626
12.32	0.8383372037
12.33	0.8520747804
12.34	0.8648841568
12.35	0.8767581668
12.36	0.8876906164
12.37	0.897676283
12.38	0.9067109158
12.39	0.9147912333
12.4	0.9219149214
12.41	0.9280806296
12.42	0.9332879667
12.43	0.9375374953
12.44	0.9408307257
12.45	0.9431701087
12.46	0.9445590275
12.47	0.9450017888
12.48	0.9445036128
12.49	0.943070623
12.5	0.9407098342
12.51	0.9374291406
12.52	0.9332373025
12.53	0.9281439325
12.54	0.9221594806
12.55	0.9152952194
12.56	0.9075632273
12.57	0.8989763724
12.58	0.8895482941
12.59	0.8792933859
12.6	0.868226776
12.61	0.8563643079
12.62	0.8437225207
12.63	0.8303186284
12.64	0.8161704984
12.65	0.8012966306
12.66	0.7857161345
12.67	0.769448707
12.68	0.7525146091
12.69	0.7349346429
12.7	0.7167301268
12.71	0.6979228723
12.72	0.6785351585
12.73	0.6585897079
12.74	0.6381096604
12.75	0.6171185488
12.76	0.5956402721
12.77	0.5736990703
12.78	0.551319498
12.79	0.5285263981
12.8	0.5053448756
12.81	0.4818002708
12.82	0.457918133
12.83	0.4337241939
12.84	0.4092443408
12.85	0.3845045899
12.86	0.35953106
12.87	0.3343499456
12.88	0.3089874909
12.89	0.2834699627
12.9	0.2578236251
12.91	0.2320747127
12.92	0.2062494052
12.93	0.1803738014
12.94	0.1544738939
12.95	0.128575544
12.96	0.1027044569
12.97	0.07688615662
12.98	0.05114596242
12.99	0.02550896437
13	-1.58751064e-15
13.01	-0.02535636882
13.02	-0.0505358787
13.03	-0.07551458696
13.04	-0.1002688936
13.05	-0.1247755624
13.06	-0.1490117423
13.07	-0.1729549873
13.08	-0.1965832767
13.09	-0.2198750339
13.1	-0.242809146
13.11	-0.2653649812
13.12	-0.2875224067
13.13	-0.3092618057
13.14	-0.3305640941
13.15	-0.3514107356
13.16	-0.3717837574
13.17	-0.3916657644
13.18	-0.4110399531
13.19	-0.4298901247
13.2	-0.4482006977
13.21	-0.4659567195
13.22	-0.4831438775
13.23	-0.4997485096
13.24	-0.5157576138
13.25	-0.5311588573
13.26	-0.5459405844
13.27	-0.5600918245
13.28	-0.5736022982
13.29	-0.5864624244
13.3	-0.5986633246
13.31	-0.610196828
13.32	-0.6210554756
13.33	-0.6312325227
13.34	-0.6407219421
13.35	-0.6495184251
13.36	-0.6576173829
13.37	-0.6650149468
13.38	-0.6717079673
13.39	-0.6776940138
13.4	-0.6829713717
13.41	-0.6875390407
13.42	-0.6913967309
13.43	-0.6945448591
13.44	-0.6969845442
13.45	-0.6987176017
13.46	-0.6997465381
13.47	-0.7000745437
13.48	-0.6997054859
13.49	-0.6986439009
13.5	-0.6968949856
13.51	-0.694464588
13.52	-0.6913591979
13.53	-0.6875859366
13.54	-0.6831525456
13.55	-0.6780673758
13.56	-0.6723393752
13.57	-0.6659780766
13.58	-0.6589935845
13.59	-0.6513965616
13.6	-0.6431982153
13.61	-0.6344102828
13.62	-0.6250450165
13.63	-0.6151151689
13.64	-0.6046339764
13.65	-0.5936151441
13.66	-0.5820728287
13.67	-0.570021622
13.68	-0.5574765338
13.69	-0.5444529744
13.7	-0.5309667373
13.71	-0.5170339804
13.72	-0.5026712088
13.73	-0.4878952555
13.74	-0.4727232632
13.75	-0.4571726652
13.76	-0.4412611665
13.77	-0.4250067245
13.78	-0.4084275295
13.79	-0.3915419858
13.8	-0.3743686916
13.81	-0.3569264193
13.82	-0.3392340965
13.83	-0.3213107856
13.84	-0.3031756644
13.85	-0.2848480061
13.86	-0.2663471602
13.87	-0.2476925318
13.88	-0.2289035632
13.89	-0.2099997134
13.9	-0.1910004392
13.91	-0.1719251757
13.92	-0.1527933174
13.93	-0.1336241986
13.94	-0.1144370752
13.95	-0.09525110573
13.96	-0.07608533298
13.97	-0.05695866574
13.98	-0.03788986088
13.99	-0.01889750559
14	-1.028399969e-15
14.01	0.01878446004
14.02	0.03743789974
14.03	0.05594258195
14.04	0.07428102331
14.05	0.09243601012
14.06	0.1103906138
14.07	0.128128206
14.08	0.1456324732
14.09	0.1628874314
14.1	0.1798774395
14.11	0.1965872132
14.12	0.2130018377
14.13	0.2291067807
14.14	0.244887904
14.15	0.2603314759
14.16	0.2754241816
14.17	0.2901531347
14.18	0.3045058867
14.19	0.3184704373
14.2	0.3320352434
14.21	0.3451892279
14.22	0.3579217876
14.23	0.3702228017
14.24	0.3820826378
14.25	0.3934921596
14.26	0.4044427324
14.27	0.4149262288
14.28	0.424935034
14.29	0.4344620497
14.3	0.4435006989
14.31	0.4520449284
14.32	0.4600892124
14.33	0.4676285543
14.34	0.4746584891
14.35	0.481175084
14.36	0.4871749395
14.37	0.4926551896
14.38	0.4976135012
14.39	0.5020480734
14.4	0.5059576364
14.41	0.5093414488
14.42	0.5121992959
14.43	0.5145314867
14.44	0.5163388498
14.45	0.5176227305
14.46	0.5183849853
14.47	0.5186279778
14.48	0.5183545731
14.49	0.5175681316
14.5	0.5162725032
14.51	0.5144720204
14.52	0.5121714909
14.53	0.5093761901
14.54	0.5060918533
14.55	0.5023246669
14.56	0.4980812597
14.57	0.4933686937
14.58	0.4881944547
14.59	0.4825664417
14.6	0.4764929574
14.61	0.4699826969
14.62	0.463044737
14.63	0.4556885249
14.64	0.4479238666
14.65	0.4397609148
14.66	0.4312101573
14.67	0.4222824038
14.68	0.4129887738
14.69	0.4033406838
14.7	0.3933498335
14.71	0.3830281934
14.72	0.3723879905
14.73	0.3614416951
14.74	0.3502020067
14.75	0.3386818404
14.76	0.3268943122
14.77	0.3148527254
14.78	0.3025705557
14.79	0.2900614373
14.8	0.277339148
14.81	0.2644175949
14.82	0.2513107998
14.83	0.2380328845
14.84	0.2245980562
14.85	0.2110205931
14.86	0.1973148293
14.87	0.1834951407
14.88	0.1695759304
14.89	0.155571614
14.9	0.1414966055
14.91	0.1273653028
14.92	0.1131920735
14.93	0.09899124103
14.94	0.08477707042
14.95	0.07056375467
14.96	0.056365401
14.97	0.04219601741
14.98	0.02806949932
14.99	0.01399961647
15	2.394959182e-15
15.01	-0.01391587026
15.02	-0.02773467827
15.03	-0.04144328402
15.04	-0.05502873552
15.05	-0.06847828055
15.06	-0.08177937809
15.07	-0.09491970956
15.08	-0.1078871897
15.09	-0.1206699771
15.1	-0.1332564847
15.11	-0.1456353895
15.12	-0.1577956424
15.13	-0.1697264776
15.14	-0.1814174213
15.15	-0.1928583008
15.16	-0.2040392522
15.17	-0.214950729
15.18	-0.2255835092
15.19	-0.2359287027
15.2	-0.2459777582
15.21	-0.2557224696
15.22	-0.2651549819
15.23	-0.2742677972
15.24	-0.2830537799
15.25	-0.2915061615
15.26	-0.2996185454
15.27	-0.3073849105
15.28	-0.3147996158
15.29	-0.3218574026
15.3	-0.3285533986
15.31	-0.3348831195
15.32	-0.3408424716
15.33	-0.3464277536
15.34	-0.3516356573
15.35	-0.3564632696
15.36	-0.3609080719
15.37	-0.364967941
15.38	-0.3686411485
15.39	-0.3719263605
15.4	-0.3748226359
15.41	-0.3773294258
15.42	-0.3794465711
15.43	-0.3811743004
15.44	-0.382513228
15.45	-0.3834643502
15.46	-0.3840290424
15.47	-0.3842090557
15.48	-0.3840065125
15.49	-0.3834239023
15.5	-0.3824640772
15.51	-0.3811302467
15.52	-0.3794259725
15.53	-0.3773551628
15.54	-0.3749220663
15.55	-0.3721312659
15.56	-0.3689876725
15.57	-0.3654965178
15.58	-0.3616633473
15.59	-0.3574940127
15.6	-0.3529946649
15.61	-0.3481717453
15.62	-0.3430319782
15.63	-0.3375823622
15.64	-0.3318301618
15.65	-0.3257828985
15.66	-0.3194483415
15.67	-0.312834499
15.68	-0.3059496086
15.69	-0.2988021277
15.7	-0.2914007238
15.71	-0.2837542647
15.72	-0.2758718085
15.73	-0.2677625934
15.74	-0.2594360275
15.75	-0.2509016784
15.76	-0.2421692627
15.77	-0.2332486358
15.78	-0.2241497807
15.79	-0.2148827978
15.8	-0.2054578941
15.81	-0.1958853721
15.82	-0.1861756195
15.83	-0.176339098
15.84	-0.1663863324
15.85	-0.1563279003
15.86	-0.1461744207
15.87	-0.1359365436
15.88	-0.125624939
15.89	-0.1152502863
15.9	-0.1048232635
15.91	-0.09435453699
15.92	-0.08385475049
15.93	-0.07333451504
15.94	-0.06280439846
15.95	-0.05227491518
15.96	-0.04175651608
15.97	-0.03125957854
15.98	-0.02079439654
15.99	-0.01037117096
16	-6.450261364e-16
16.01	0.01030913024
16.02	0.02054635501
16.03	0.03070193993
16.04	0.04076628993
16.05	0.05072995795
16.06	0.06058365336
16.07	0.07031825035
16.08	0.0799247959
16.09	0.08939451774
16.1	0.09871883188
16.11	0.1078893501
16.12	0.116897887
16.13	0.1257364671
16.14	0.1343973313
16.15	0.1428729432
16.16	0.1511559957
16.17	0.1592394166
16.18	0.1671163739
16.19	0.1747802817
16.2	0.1822248052
16.21	0.1894438649
16.22	0.1964316419
16.23	0.2031825815
16.24	0.2096913976
16.25	0.2159530759
16.26	0.2219628777
16.27	0.2277163425
16.28	0.2332092912
16.29	0.2384378283
16.3	0.2433983442
16.31	0.2480875167
16.32	0.2525023134
16.33	0.256639992
16.34	0.260498102
16.35	0.2640744851
16.36	0.2673672756
16.37	0.2703749006
16.38	0.2730960797
16.39	0.2755298246
16.4	0.2776754382
16.41	0.2795325138
16.42	0.2811009336
16.43	0.282380867
16.44	0.283372769
16.45	0.2840773776
16.46	0.2844957119
16.47	0.284629069
16.48	0.2844790213
16.49	0.2840474131
16.5	0.2833363572
16.51	0.2823482312
16.52	0.2810856739
16.53	0.2795515803
16.54	0.277749098
16.55	0.2756816223
16.56	0.273352791
16.57	0.27076648
16.58	0.2679267974
16.59	0.2648380784
16.6	0.2615048795
16.61	0.2579319728
16.62	0.2541243397
16.63	0.2500871649
16.64	0.2458258301
16.65	0.2413459072
16.66	0.2366531519
16.67	0.2317534969
16.68	0.2266530447
16.69	0.2213580606
16.7	0.2158749657
16.71	0.2102103295
16.72	0.2043708623
16.73	0.198363408
16.74	0.1921949363
16.75	0.1858725349
16.76	0.1794034023
16.77	0.1727948394
16.78	0.1660542417
16.79	0.159189092
16.8	0.1522069515
16.81	0.1451154529
16.82	0.1379222912
16.83	0.1306352168
16.84	0.1232620267
16.85	0.1158105569
16.86	0.1082886743
16.87	0.1007042684
16.88	0.0930652438
16.89	0.08537951202
16.9	0.07765498357
16.91	0.0698995602
16.92	0.06212112706
16.93	0.05432754495
16.94	0.04652664272
16.95	0.03872620965
16.96	0.03093398794
16.97	0.02315766535
16.98	0.01540486784
16.99	0.007683152419
17	-3.586872374e-16
17.01	-0.007637191525
17.02	-0.01522111416
17.03	-0.02274455651
17.04	-0.03020041037
17.05	-0.03758167718
17.06	-0.04488147429
17.07	-0.0520930411
17.08	-0.05920974509
17.09	-0.06622508757
17.1	-0.07313270938
17.11	-0.07992639638
17.12	-0.08660008468
17.13	-0.09314786585
17.14	-0.09956399181
17.15	-0.1058428796
17.16	-0.1119791158
17.17	-0.1179674612
17.18	-0.1238028547
17.19	-0.1294804173
17.2	-0.1349954559
17.21	-0.1403434669
17.22	-0.1455201394
17.23	-0.1505213585
17.24	-0.155343208
17.25	-0.1599819734
17.26	-0.1644341441
17.27	-0.1686964157
17.28	-0.1727656922
17.29	-0.1766390877
17.3	-0.1803139282
17.31	-0.1837877527
17.32	-0.1870583145
17.33	-0.1901235822
17.34	-0.1929817404
17.35	-0.1956311902
17.36	-0.1980705494
17.37	-0.2002986528
17.38	-0.2023145519
17.39	-0.2041175144
17.4	-0.2057070241
17.41	-0.2070827795
17.42	-0.2082446935
17.43	-0.2091928915
17.44	-0.2099277105
17.45	-0.2104496974
17.46	-0.2107596071
17.47	-0.2108584005
17.48	-0.2107472424
17.49	-0.2104274991
17.5	-0.209900736
17.51	-0.2091687143
17.52	-0.2082333888
17.53	-0.2070969043
17.54	-0.2057615926
17.55	-0.2042299689
17.56	-0.2025047283
17.57	-0.2005887419
17.58	-0.1984850533
17.59	-0.196196874
17.6	-0.1937275796
17.61	-0.1910807052
17.62	-0.1882599412
17.63	-0.1852691285
17.64	-0.182112254
17.65	-0.1787934455
17.66	-0.1753169669
17.67	-0.1716872132
17.68	-0.1679087053
17.69	-0.1639860846
17.7	-0.159924108
17.71	-0.1557276423
17.72	-0.1514016586
17.73	-0.146951227
17.74	-0.1423815107
17.75	-0.1376977606
17.76	-0.1329053093
17.77	-0.1280095654
17.78	-0.1230160079
17.79	-0.1179301799
17.8	-0.112757683
17.81	-0.1075041716
17.82	-0.1021753464
17.83	-0.09677694885
17.84	-0.0913147553
17.85	-0.08579457073
17.86	-0.080222223
17.87	-0.07460355692
17.88	-0.06894442832
17.89	-0.06325069817
17.9	-0.05752822676
17.91	-0.05178286782
17.92	-0.04602046281
17.93	-0.04024683518
17.94	-0.03446778467
17.95	-0.02868908172
17.96	-0.02291646191
17.97	-0.01715562044
17.98	-0.01141220679
17.99	-0.005691819304
18	-3.982475804e-16
18.01	0.005657770636
18.02	0.01127607871
18.03	0.01684958188
18.04	0.02237301428
18.05	0.02784119122
18.06	0.03324901392
18.07	0.03859147402
18.08	0.043863658
18.09	0.04906075154
18.1	0.05417804364
18.11	0.05921093075
18.12	0.06415492064
18.13	0.06900563624
18.14	0.07375881926
18.15	0.07841033371
18.16	0.08295616933
18.17	0.08739244474
18.18	0.09171541056
18.19	0.09592145238
18.2	0.1000070935
18.21	0.1039689974
18.22	0.1078039708
18.23	0.111508965
18.24	0.115081079
18.25	0.1185175609
18.26	0.12181581
18.27	0.1249733785
18.28	0.1279879727
18.29	0.1308574547
18.3	0.1335798435
18.31	0.136153316
18.32	0.1385762077
18.33	0.1408470139
18.34	0.1429643896
18.35	0.1449271502
18.36	0.146734272
18.37	0.1483848916
18.38	0.1498783063
18.39	0.1512139738
18.4	0.1523915115
18.41	0.1534106963
18.42	0.1542714633
18.43	0.1549739056
18.44	0.155518273
18.45	0.1559049704
18.46	0.1561345571
18.47	0.1562077451
18.48	0.1561253971
18.49	0.1558885255
18.5	0.1554982897
18.51	0.1549559947
18.52	0.1542630886
18.53	0.1534211601
18.54	0.1524319369
18.55	0.1512972822
18.56	0.1500191925
18.57	0.1485997949
18.58	0.147041344
18.59	0.1453462191
18.6	0.1435169208
18.61	0.141556068
18.62	0.1394663946
18.63	0.1372507461
18.64	0.134912076
18.65	0.1324534422
18.66	0.1298780035
18.67	0.1271890158
18.68	0.1243898283
18.69	0.1214838794
18.7	0.1184746931
18.71	0.1153658749
18.72	0.1121611073
18.73	0.1088641465
18.74	0.1054788174
18.75	0.10200901
18.76	0.09845867475
18.77	0.09483181849
18.78	0.09113250007
18.79	0.087364826
18.8	0.0835329461
18.81	0.0796410491
18.82	0.07569335828
18.83	0.07169412705
18.84	0.06764763455
18.85	0.06355818123
18.86	0.0594300845
18.87	0.05526767429
18.88	0.05107528871
18.89	0.04685726968
18.9	0.04261795859
18.91	0.038361692
18.92	0.03409279738
18.93	0.02981558883
18.94	0.02553436291
18.95	0.02125339448
18.96	0.01697693253
18.97	0.01270919621
18.98	0.008454370726
18.99	0.004216603449
19	7.869098574e-16
19.01	-0.004191379576
19.02	-0.008353524564
19.03	-0.01248247727
19.04	-0.01657433663
19.05	-0.02062526174
19.06	-0.02463147533
19.07	-0.02858926712
19.08	-0.03249499707
19.09	-0.03634509866
19.1	-0.04013608189
19.11	-0.04386453636
19.12	-0.04752713416
19.13	-0.05112063266
19.14	-0.05464187724
19.15	-0.05808780391
19.16	-0.06145544176
19.17	-0.06474191541
19.18	-0.06794444726
19.19	-0.07106035968
19.2	-0.07408707704
19.21	-0.07702212769
19.22	-0.0798631458
19.23	-0.08260787302
19.24	-0.08525416016
19.25	-0.08779996858
19.26	-0.09024337164
19.27	-0.09258255588
19.28	-0.09481582218
19.29	-0.09694158674
19.3	-0.09895838197
19.31	-0.1008648573
19.32	-0.1026597796
19.33	-0.1043420342
19.34	-0.1059106247
19.35	-0.1073646736
19.36	-0.1087034223
19.37	-0.1099262313
19.38	-0.1110325802
19.39	-0.112022067
19.4	-0.1128944084
19.41	-0.113649439
19.42	-0.1142871109
19.43	-0.114807493
19.44	-0.1152107703
19.45	-0.1154972427
19.46	-0.1156673248
19.47	-0.1157215437
19.48	-0.1156605389
19.49	-0.1154850601
19.5	-0.1151959663
19.51	-0.1147942243
19.52	-0.1142809068
19.53	-0.1136571909
19.54	-0.1129243563
19.55	-0.1120837834
19.56	-0.1111369512
19.57	-0.1100854356
19.58	-0.1089309069
19.59	-0.1076751274
19.6	-0.1063199499
19.61	-0.1048673144
19.62	-0.1033192463
19.63	-0.1016778535
19.64	-0.09994532408
19.65	-0.09812392336
19.66	-0.09621599145
19.67	-0.09422394038
19.68	-0.09215025124
19.69	-0.08999747136
19.7	-0.08776821135
19.71	-0.08546514214
19.72	-0.08309099196
19.73	-0.08064854331
19.74	-0.07814062985
19.75	-0.07557013329
19.76	-0.07293998024
19.77	-0.07025313904
19.78	-0.06751261655
19.79	-0.06472145495
19.8	-0.0618827285
19.81	-0.05899954029
19.82	-0.056075019
19.83	-0.05311231564
19.84	-0.05011460026
19.85	-0.04708505873
19.86	-0.04402688945
19.87	-0.04094330013
19.88	-0.0378375045
19.89	-0.03471271915
19.9	-0.03157216025
19.91	-0.02841904041
19.92	-0.02525656549
19.93	-0.02208793146
19.94	-0.0189163213
19.95	-0.01574490188
19.96	-0.01257682095
19.97	-0.009415204122
19.98	-0.006263151878
19.99	-0.003123736665
20	-2.428476735e-16
20.01	0.00310505036
20.02	0.006188443204
20.03	0.0092472466
20.04	0.01227857057
20.05	0.0152795697
20.06	0.01824744573
20.07	0.02117945
20.08	0.02407288591
20.09	0.02692511132
20.1	0.02973354077
20.11	0.03249564778
20.12	0.03520896696
20.13	0.03787109613
20.14	0.04047969827
20.15	0.04303250353
20.16	0.04552731101
20.17	0.04796199058
20.18	0.05033448453
20.19	0.05264280922
20.2	0.05488505659
20.21	0.05705939559
20.22	0.05916407357
20.23	0.06119741751
20.24	0.06315783523
20.25	0.0650438165
20.26	0.06685393401
20.27	0.06858684432
20.28	0.07024128868
20.29	0.0718160938
20.3	0.07331017245
20.31	0.07472252409
20.32	0.07605223528
20.33	0.07729848013
20.34	0.07846052053
20.35	0.07953770643
20.36	0.08052947587
20.37	0.08143535511
20.38	0.08225495851
20.39	0.08298798837
20.4	0.08363423478
20.41	0.08419357521
20.42	0.08466597417
20.43	0.0850514827
20.44	0.08535023783
20.45	0.08556246187
20.46	0.08568846174
20.47	0.08572862813
20.48	0.08568343463
20.49	0.08555343673
20.5	0.0853392708
20.51	0.08504165299
20.52	0.08466137802
20.53	0.08419931791
20.54	0.08365642069
20.55	0.08303370896
20.56	0.08233227846
20.57	0.08155329656
20.58	0.08069800059
20.59	0.07976769631
20.6	0.07876375611
20.61	0.07768761728
20.62	0.07654078022
20.63	0.07532480654
20.64	0.07404131715
20.65	0.07269199031
20.66	0.07127855959
20.67	0.06980281186
20.68	0.06826658516
20.69	0.0666717666
20.7	0.06502029017
20.71	0.06331413453
20.72	0.06155532082
20.73	0.05974591035
20.74	0.05788800237
20.75	0.05598373168
20.76	0.05403526638
20.77	0.05204480546
20.78	0.05001457647
20.79	0.0479468331
20.8	0.04584385282
20.81	0.04370793446
20.82	0.0415413958
20.83	0.03934657117
20.84	0.03712580899
20.85	0.03488146943
20.86	0.03261592191
20.87	0.03033154275
20.88	0.02803071276
20.89	0.02571581484
20.9	0.02338923158
20.91	0.02105334295
20.92	0.01871052391
20.93	0.01636314209
20.94	0.01401355549
20.95	0.01166411019
20.96	0.009317138119
20.97	0.006974954765
20.98	0.00463985703
20.99	0.002314121038
21	-7.205332353e-17
21.01	-0.002300277883
21.02	-0.004584511483
21.03	-0.006850528773
21.04	-0.009096188802
21.05	-0.01131938364
21.06	-0.01351804028
21.07	-0.01569012246
21.08	-0.01783363251
21.09	-0.01994661306
21.1	-0.02202714877
21.11	-0.02407336797
21.12	-0.02608344426
21.13	-0.02805559805
21.14	-0.02998809805
21.15	-0.0318792627
21.16	-0.03372746154
21.17	-0.03553111652
21.18	-0.03728870327
21.19	-0.03899875226
21.2	-0.04065984996
21.21	-0.04227063991
21.22	-0.04382982371
21.23	-0.04533616195
21.24	-0.04678847512
21.25	-0.04818564441
21.26	-0.04952661244
21.27	-0.05081038397
21.28	-0.0520360265
21.29	-0.05320267082
21.3	-0.05430951151
21.31	-0.05535580734
21.32	-0.05634088162
21.33	-0.05726412251
21.34	-0.05812498322
21.35	-0.05892298215
21.36	-0.05965770303
21.37	-0.06032879488
21.38	-0.060935972
21.39	-0.06147901388
21.4	-0.061957765
21.41	-0.06237213458
21.42	-0.06272209633
21.43	-0.06300768808
21.44	-0.06322901132
21.45	-0.06338623076
21.46	-0.06347957376
21.47	-0.06350932976
21.48	-0.06347584958
21.49	-0.06337954477
21.5	-0.06322088675
21.51	-0.06300040605
21.52	-0.06271869142
21.53	-0.06237638888
21.54	-0.06197420072
21.55	-0.06151288453
21.56	-0.06099325204
21.57	-0.06041616805
21.58	-0.05978254921
21.59	-0.05909336285
21.6	-0.05834962565
21.61	-0.0575524024
21.62	-0.05670280462
21.63	-0.05580198916
21.64	-0.05485115683
21.65	-0.05385155092
21.66	-0.05280445569
21.67	-0.05171119488
21.68	-0.05057313015
21.69	-0.0493916595
21.7	-0.04816821567
21.71	-0.04690426449
21.72	-0.04560130324
21.73	-0.044260859
21.74	-0.04288448691
21.75	-0.04147376849
21.76	-0.04003030989
21.77	-0.03855574018
21.78	-0.03705170955
21.79	-0.03551988758
21.8	-0.03396196147
21.81	-0.03237963424
21.82	-0.03077462292
21.83	-0.02914865684
21.84	-0.02750347576
21.85	-0.02584082812
21.86	-0.02416246923
21.87	-0.02247015953
21.88	-0.02076566275
21.89	-0.01905074419
21.9	-0.01732716892
21.91	-0.01559670006
21.92	-0.01386109703
21.93	-0.0121221138
21.94	-0.01038149724
21.95	-0.00864098536
21.96	-0.006902305683
21.97	-0.005167173578
21.98	-0.003437290629
21.99	-0.00171434303
22	-5.332452427e-16
22.01	0.001704087768
22.02	0.00339628964
22.03	0.005074996536
22.04	0.006738622403
22.05	0.008385605648
22.06	0.01001441055
22.07	0.0116235286
22.08	0.0132114799
22.09	0.01477681439
22.1	0.01631811316
22.11	0.01783398962
22.12	0.01932309076
22.13	0.02078409823
22.14	0.02221572944
22.15	0.02361673867
22.16	0.02498591804
22.17	0.02632209852
22.18	0.0276241508
22.19	0.02889098625
22.2	0.0301215577
22.21	0.03131486025
22.22	0.03246993201
22.23	0.03358585483
22.24	0.03466175489
22.25	0.03569680335
22.26	0.0366902169
22.27	0.03764125824
22.28	0.03854923656
22.29	0.03941350793
22.3	0.04023347569
22.31	0.0410085907
22.32	0.04173835168
22.33	0.04242230535
22.34	0.04306004664
22.35	0.04365121879
22.36	0.04419551341
22.37	0.04469267048
22.38	0.04514247835
22.39	0.04554477368
22.4	0.04589944122
22.41	0.04620641376
22.42	0.0464656718
22.43	0.04667724337
22.44	0.04684120366
22.45	0.04695767468
22.46	0.04702682488
22.47	0.04704886867
22.48	0.04702406595
22.49	0.04695272158
22.5	0.04683518483
22.51	0.04667184872
22.52	0.04646314938
22.53	0.04620956542
22.54	0.04591161711
22.55	0.04556986566
22.56	0.04518491245
22.57	0.04475739811
22.58	0.04428800174
22.59	0.04377743992
22.6	0.04322646585
22.61	0.04263586834
22.62	0.04200647082
22.63	0.04133913032
22.64	0.04063473641
22.65	0.03989421013
22.66	0.03911850291
22.67	0.03830859538
22.68	0.03746549629
22.69	0.03659024131
22.7	0.03568389183
22.71	0.03474753376
22.72	0.03378227633
22.73	0.03278925081
22.74	0.03176960929
22.75	0.03072452338
22.76	0.02965518295
22.77	0.02856279484
22.78	0.02744858154
22.79	0.02631377992
22.8	0.02515963987
22.81	0.02398742302
22.82	0.0227984014
22.83	0.0215938561
22.84	0.02037507597
22.85	0.01914335631
22.86	0.01789999746
22.87	0.0166463036
22.88	0.01538358133
22.89	0.01411313841
22.9	0.01283628245
22.91	0.01155431959
22.92	0.01026855324
22.93	0.00898028278
22.94	0.007690802314
22.95	0.0064013994
22.96	0.005113353815
22.97	0.003827936336
22.98	0.002546407528
22.99	0.001270016553
23	2.567595936e-16
23.01	-0.001262419268
23.02	-0.002516033248
23.03	-0.003759649904
23.04	-0.004992094259
23.05	-0.006212209456
23.06	-0.007418857802
23.07	-0.008610921778
23.08	-0.009787305035
23.09	-0.01094693335
23.1	-0.01208875555
23.11	-0.01321174446
23.12	-0.01431489772
23.13	-0.01539723867
23.14	-0.01645781715
23.15	-0.01749571032
23.16	-0.01851002335
23.17	-0.01949989019
23.18	-0.02046447425
23.19	-0.02140296903
23.2	-0.02231459878
23.21	-0.02319861905
23.22	-0.02405431726
23.23	-0.02488101321
23.24	-0.02567805958
23.25	-0.02644484234
23.26	-0.0271807812
23.27	-0.02788532996
23.28	-0.02855797684
23.29	-0.02919824482
23.3	-0.02980569187
23.31	-0.03037991119
23.32	-0.03092053142
23.33	-0.03142721677
23.34	-0.03189966714
23.35	-0.03233761824
23.36	-0.0327408416
23.37	-0.03310914462
23.38	-0.03344237049
23.39	-0.0337403982
23.4	-0.03400314238
23.41	-0.03423055322
23.42	-0.03442261631
23.43	-0.03457935238
23.44	-0.03470081715
23.45	-0.03478710101
23.46	-0.03483832873
23.47	-0.03485465917
23.48	-0.03483628486
23.49	-0.03478343166
23.5	-0.03469635829
23.51	-0.03457535592
23.52	-0.03442074765
23.53	-0.03423288803
23.54	-0.03401216249
23.55	-0.0337589868
23.56	-0.03347380644
23.57	-0.03315709603
23.58	-0.03280935864
23.59	-0.03243112515
23.6	-0.03202295352
23.61	-0.03158542812
23.62	-0.03111915897
23.63	-0.03062478097
23.64	-0.03010295312
23.65	-0.02955435777
23.66	-0.02897969972
23.67	-0.02837970547
23.68	-0.0277551223
23.69	-0.02710671746
23.7	-0.02643527725
23.71	-0.02574160613
23.72	-0.02502652584
23.73	-0.02429087444
23.74	-0.02353550543
23.75	-0.02276128674
23.76	-0.02196909987
23.77	-0.02115983885
23.78	-0.02033440934
23.79	-0.01949372762
23.8	-0.01863871964
23.81	-0.01777032004
23.82	-0.01688947116
23.83	-0.01599712205
23.84	-0.01509422753
23.85	-0.01418174716
23.86	-0.01326064427
23.87	-0.01233188502
23.88	-0.01139643735
23.89	-0.01045527009
23.9	-0.009509351924
23.91	-0.008559650479
23.92	-0.007607131338
23.93	-0.00665275711
23.94	-0.005697486486
23.95	-0.004742273313
23.96	-0.003788065675
23.97	-0.002835804985
23.98	-0.001886425094
23.99	-0.0009408514029
24	-8.777317637e-17
24.01	0.000935223196
24.02	0.001863923274
24.03	0.002785217152
24.04	0.003698234386
24.05	0.004602117956
24.06	0.005496025036
24.07	0.00637912775
24.08	0.007250613901
24.09	0.008109687684
24.1	0.00895557038
24.11	0.009787501023
24.12	0.01060473706
24.13	0.01140655495
24.14	0.01219225082
24.15	0.01296114099
24.16	0.01371256256
24.17	0.01444587395
24.18	0.0151604554
24.19	0.01585570943
24.2	0.01653106136
24.21	0.01718595969
24.22	0.01781987651
24.23	0.01843230794
24.24	0.01902277441
24.25	0.01959082105
24.26	0.02013601797
24.27	0.02065796052
24.28	0.02115626959
24.29	0.02163059177
24.3	0.02208059962
24.31	0.02250599176
24.32	0.02290649307
24.33	0.0232818548
24.34	0.02363185465
24.35	0.0239562968
24.36	0.02425501202
24.37	0.02452785761
24.38	0.0247747174
24.39	0.02499550176
24.4	0.02519014743
24.41	0.02535861753
24.42	0.02550090136
24.43	0.0256170143
24.44	0.02570699762
24.45	0.02577091827
24.46	0.0258088687
24.47	0.02582096659
24.48	0.02580735457
24.49	0.02576819995
24.5	0.02570369441
24.51	0.02561405365
24.52	0.02549951703
24.53	0.0253603472
24.54	0.0251968297
24.55	0.02500927253
24.56	0.02479800573
24.57	0.02456338089
24.58	0.02430577069
24.59	0.02402556843
24.6	0.02372318745
24.61	0.02339906066
24.62	0.02305363998
24.63	0.02268739574
24.64	0.02230081617
24.65	0.02189440673
24.66	0.02146868958
24.67	0.02102420291
24.68	0.02056150032
24.69	0.0200811502
24.7	0.01958373506
24.71	0.01906985085
24.72	0.01854010634
24.73	0.01799512238
24.74	0.01743553125
24.75	0.01686197594
24.76	0.01627510947
24.77	0.01567559416
24.78	0.01506410094
24.79	0.01444130861
24.8	0.01380790312
24.81	0.01316457687
24.82	0.01251202797
24.83	0.01185095949
24.84	0.01118207878
24.85	0.01050609669
24.86	0.009823726895
24.87	0.009135685115
24.88	0.00844268844
24.89	0.007745454583
24.9	0.007044701172
24.91	0.006341145038
24.92	0.005635501502
24.93	0.004928483685
24.94	0.004220801801
24.95	0.003513162478
24.96	0.002806268073
24.97	0.002100816004
24.98	0.001397498082
24.99	0.0006969998622
25	-1.086471594e-17
25.01	-0.000692830384
25.02	-0.001380828323
25.03	-0.002063339615
25.04	-0.002739719418
25.05	-0.003409332835
25.06	-0.004071555488
25.07	-0.004725774069
25.08	-0.005371386889
25.09	-0.006007804401
25.1	-0.006634449714
25.11	-0.007250759093
25.12	-0.007856182437
25.13	-0.008450183743
25.14	-0.009032241558
25.15	-0.009601849405
25.16	-0.0101585162
25.17	-0.01070176664
25.18	-0.01123114159
25.19	-0.01174619845
25.2	-0.01224651147
25.21	-0.01273167208
25.22	-0.01320128921
25.23	-0.01365498957
25.24	-0.01409241789
25.25	-0.01451323719
25.26	-0.014917129
25.27	-0.01530379356
25.28	-0.01567294999
25.29	-0.01602433651
25.3	-0.01635771052
25.31	-0.01667284877
25.32	-0.01696954744
25.33	-0.01724762225
25.34	-0.01750690851
25.35	-0.01774726117
25.36	-0.01796855485
25.37	-0.01817068383
25.38	-0.01835356206
25.39	-0.01851712314
25.4	-0.0186613202
25.41	-0.01878612592
25.42	-0.01889153237
25.43	-0.01897755096
25.44	-0.01904421223
25.45	-0.01909156582
25.46	-0.01911968019
25.47	-0.01912864252
25.48	-0.01911855849
25.49	-0.01908955204
25.5	-0.01904176516
25.51	-0.01897535765
25.52	-0.01889050684
25.53	-0.01878740729
25.54	-0.01866627055
25.55	-0.01852732478
25.56	-0.01837081448
25.57	-0.01819700012
25.58	-0.0180061578
25.59	-0.01779857885
25.6	-0.01757456951
25.61	-0.01733445049
25.62	-0.01707855655
25.63	-0.01680723615
25.64	-0.01652085095
25.65	-0.01621977544
25.66	-0.01590439642
25.67	-0.01557511259
25.68	-0.01523233408
25.69	-0.01487648196
25.7	-0.01450798776
25.71	-0.01412729298
25.72	-0.01373484859
25.73	-0.01333111455
25.74	-0.01291655924
25.75	-0.01249165902
25.76	-0.01205689764
25.77	-0.01161276578
25.78	-0.01115976046
25.79	-0.01069838455
25.8	-0.01022914622
25.81	-0.009752558415
25.82	-0.009269138298
25.83	-0.008779406726
25.84	-0.008283887706
25.85	-0.00778310786
25.86	-0.007277595879
25.87	-0.006767881992
25.88	-0.006254497428
25.89	-0.005737973883
25.9	-0.005218842988
25.91	-0.004697635784
25.92	-0.004174882196
25.93	-0.003651110514
25.94	-0.00312684688
25.95	-0.002602614776
25.96	-0.002078934521
25.97	-0.001556322774
25.98	-0.001035292042
25.99	-0.0005163501978
26	6.426849959e-17
26.01	0.0005132613723
26.02	0.001022942781
26.03	0.001528559582
26.04	0.002029634064
26.05	0.002525695885
26.06	0.003016282492
26.07	0.003500939537
26.08	0.003979221278
26.09	0.004450690966
26.1	0.004914921232
26.11	0.00537149445
26.12	0.005820003094
26.13	0.006260050085
26.14	0.00669124912
26.15	0.007113224991
26.16	0.007525613894
26.17	0.007928063719
26.18	0.008320234331
26.19	0.008701797836
26.2	0.009072438833
26.21	0.009431854654
26.22	0.009779755583
26.23	0.01011586508
26.24	0.01043991995
26.25	0.01075167055
26.26	0.01105088096
26.27	0.01133732911
26.28	0.01161080693
26.29	0.01187112046
26.3	0.01211809
26.31	0.01235155016
26.32	0.01257134994
26.33	0.01277735283
26.34	0.01296943681
26.35	0.01314749444
26.36	0.01331143283
26.37	0.01346117366
26.38	0.01359665319
26.39	0.01371782221
26.4	0.01382464603
26.41	0.01391710438
26.42	0.0139951914
26.43	0.01405891553
26.44	0.01410829942
26.45	0.01414337982
26.46	0.01416420746
26.47	0.01417084692
26.48	0.01416337648
26.49	0.01414188797
26.5	0.01410648659
26.51	0.01405729069
26.52	0.01399443166
26.53	0.01391805364
26.54	0.01382831333
26.55	0.01372537978
26.56	0.0136094341
26.57	0.01348066925
26.58	0.01333928978
26.59	0.01318551152
26.6	0.01301956132
26.61	0.01284167677
26.62	0.01265210587
26.63	0.01245110678
26.64	0.01223894741
26.65	0.01201590518
26.66	0.01178226665
26.67	0.01153832719
26.68	0.01128439063
26.69	0.0110207689
26.7	0.01074778168
26.71	0.01046575605
26.72	0.0101750261
26.73	0.009875932557
26.74	0.009568822433
26.75	0.009254048605
26.76	0.008931969457
26.77	0.00860294848
26.78	0.008267353885
26.79	0.007925558205
26.8	0.007577937902
26.81	0.007224872972
26.82	0.006866746541
26.83	0.006503944469
26.84	0.006136854951
26.85	0.005765868116
26.86	0.00539137563
26.87	0.005013770295
26.88	0.004633445656
26.89	0.004250795602
26.9	0.003866213976
26.91	0.003480094183
26.92	0.0030928288
26.93	0.002704809195
26.94	0.002316425142
26.95	0.001928064447
26.96	0.001540112573
26.97	0.001152952268
26.98	0.0007669632086
26.99	0.0003825216348
27	8.328215517e-17
27.01	-0.0003802333766
27.02	-0.0007578146512
27.03	-0.00113238479
27.04	-0.001503589896
27.05	-0.001871081531
27.06	-0.002234517029
27.07	-0.002593559799
27.08	-0.002947879627
27.09	-0.003297152962
27.1	-0.003641063202
27.11	-0.003979300961
27.12	-0.004311564337
27.13	-0.004637559166
27.14	-0.004956999267
27.15	-0.005269606681
27.16	-0.005575111895
27.17	-0.005873254058
27.18	-0.006163781193
27.19	-0.00644645039
27.2	-0.006721027994
27.21	-0.006987289782
27.22	-0.00724502113
27.23	-0.007494017166
27.24	-0.007734082919
27.25	-0.007965033449
27.26	-0.008186693973
27.27	-0.00839889998
27.28	-0.008601497328
27.29	-0.008794342337
27.3	-0.008977301873
27.31	-0.00915025341
27.32	-0.009313085094
27.33	-0.009465695786
27.34	-0.009607995104
27.35	-0.00973990344
27.36	-0.009861351984
27.37	-0.009972282721
27.38	-0.01007264842
27.39	-0.01016241264
27.4	-0.01024154967
27.41	-0.0103100445
27.42	-0.01036789279
27.43	-0.01041510079
27.44	-0.01045168527
27.45	-0.01047767347
27.46	-0.01049310297
27.47	-0.0104980216
27.48	-0.01049248737
27.49	-0.01047656829
27.5	-0.01045034229
27.51	-0.01041389708
27.52	-0.01036732996
27.53	-0.01031074773
27.54	-0.01024426648
27.55	-0.01016801142
27.56	-0.01008211675
27.57	-0.009986725409
27.58	-0.00988198892
27.59	-0.00976806718
27.6	-0.009645128249
27.61	-0.009513348132
27.62	-0.009372910562
27.63	-0.009224006768
27.64	-0.009066835242
27.65	-0.008901601496
27.66	-0.008728517818
27.67	-0.008547803022
27.68	-0.008359682188
27.69	-0.008164386403
27.7	-0.007962152498
27.71	-0.007753222772
27.72	-0.007537844727
27.73	-0.007316270785
27.74	-0.007088758009
27.75	-0.006855567822
27.76	-0.00661696572
27.77	-0.006373220986
27.78	-0.006124606395
27.79	-0.005871397927
27.8	-0.005613874473
27.81	-0.00535231754
27.82	-0.005087010954
27.83	-0.004818240569
27.84	-0.004546293965
27.85	-0.004271460158
27.86	-0.003994029301
27.87	-0.003714292389
27.88	-0.003432540966
27.89	-0.003149066834
27.9	-0.002864161759
27.91	-0.00257811718
27.92	-0.002291223928
27.93	-0.002003771935
27.94	-0.001716049952
27.95	-0.001428345273
27.96	-0.001140943456
27.97	-0.0008541280477
27.98	-0.0005681803195
27.99	-0.0002833789968
28	-3.084290146e-17
28.01	0.0002816838135
28.02	0.0005614029015
28.03	0.0008388912851
28.04	0.001113886791
28.05	0.001386131291
28.06	0.001655370929
28.07	0.001921356355
28.08	0.00218384294
28.09	0.002442590991
28.1	0.002697365963
28.11	0.002947938657
28.12	0.00319408542
28.13	0.003435588329
28.14	0.003672235377
28.15	0.003903820645
28.16	0.004130144474
28.17	0.004351013621
28.18	0.004566241416
28.19	0.004775647908
28.2	0.00497906
28.21	0.005176311584
28.22	0.005367243662
28.23	0.005551704463
28.24	0.005729549547
28.25	0.005900641907
28.26	0.006064852063
28.27	0.006222058139
28.28	0.006372145946
28.29	0.006515009042
28.3	0.0066505488
28.31	0.00677867445
28.32	0.006899303128
28.33	0.00701235991
28.34	0.007117777837
28.35	0.007215497936
28.36	0.007305469231
28.37	0.007387648741
28.38	0.007462001484
28.39	0.007528500453
28.4	0.007587126604
28.41	0.007637868823
28.42	0.00768072389
28.43	0.007715696435
28.44	0.007742798888
28.45	0.007762051419
28.46	0.007773481869
28.47	0.007777125683
28.48	0.00777302582
28.49	0.007761232677
28.5	0.007741803982
28.51	0.007714804704
28.52	0.007680306937
28.53	0.007638389789
28.54	0.007589139264
28.55	0.007532648131
28.56	0.007469015792
28.57	0.007398348148
28.58	0.007320757448
28.59	0.007236362148
28.6	0.007145286747
28.61	0.007047661636
28.62	0.006943622925
28.63	0.006833312282
28.64	0.006716876751
28.65	0.006594468581
28.66	0.006466245039
28.67	0.006332368226
28.68	0.006193004884
28.69	0.006048326208
28.7	0.005898507646
28.71	0.005743728699
28.72	0.005584172719
28.73	0.005420026705
28.74	0.005251481095
28.75	0.005078729556
28.76	0.004901968771
28.77	0.004721398231
28.78	0.004537220012
28.79	0.004349638565
28.8	0.004158860498
28.81	0.003965094357
28.82	0.003768550404
28.83	0.003569440405
28.84	0.003367977406
28.85	0.003164375514
28.86	0.00295884968
28.87	0.002751615478
28.88	0.002542888891
28.89	0.002332886089
28.9	0.002121823218
28.91	0.001909916182
28.92	0.001697380434
28.93	0.001484430759
28.94	0.001271281072
28.95	0.001058144204
28.96	0.0008452317007
28.97	0.0006327536206
28.98	0.0004209183333
28.99	0.0002099323242
29	-8.249071307e-21
29.01	-0.0002086765015
29.02	-0.0004158974986
29.03	-0.0006214659492
29.04	-0.0008251876308
29.05	-0.001026871316
29.06	-0.001226328946
29.07	-0.001423375797
29.08	-0.001617830641
29.09	-0.001809515912
29.1	-0.001998257853
29.11	-0.002183886671
29.12	-0.002366236678
29.13	-0.002545146433
29.14	-0.002720458878
29.15	-0.002892021464
29.16	-0.00305968628
29.17	-0.003223310169
29.18	-0.003382754841
29.19	-0.003537886985
29.2	-0.00368857837
29.21	-0.003834705937
29.22	-0.0039761519
29.23	-0.004112803822
29.24	-0.0042445547
29.25	-0.004371303039
29.26	-0.004492952914
29.27	-0.004609414039
29.28	-0.004720601821
29.29	-0.004826437407
29.3	-0.004926847729
29.31	-0.005021765545
29.32	-0.005111129467
29.33	-0.005194883991
29.34	-0.005272979512
29.35	-0.005345372342
29.36	-0.005412024717
29.37	-0.005472904796
29.38	-0.005527986662
29.39	-0.00557725031
29.4	-0.005620681631
29.41	-0.005658272391
29.42	-0.005690020205
29.43	-0.005715928504
29.44	-0.005736006496
29.45	-0.005750269121
29.46	-0.005758737007
29.47	-0.00576143641
29.48	-0.005758399158
29.49	-0.005749662582
29.5	-0.005735269451
29.51	-0.005715267894
29.52	-0.005689711319
29.53	-0.005658658332
29.54	-0.005622172646
29.55	-0.005580322985
29.56	-0.005533182989
29.57	-0.005480831111
29.58	-0.005423350507
29.59	-0.005360828931
29.6	-0.005293358614
29.61	-0.005221036153
29.62	-0.00514396238
29.63	-0.005062242246
29.64	-0.004975984683
29.65	-0.004885302481
29.66	-0.004790312144
29.67	-0.004691133762
29.68	-0.004587890859
29.69	-0.00448071026
29.7	-0.004369721939
29.71	-0.004255058875
29.72	-0.004136856897
29.73	-0.004015254539
29.74	-0.003890392881
29.75	-0.003762415393
29.76	-0.003631467783
29.77	-0.003497697836
29.78	-0.003361255256
29.79	-0.003222291502
29.8	-0.003080959635
29.81	-0.002937414146
29.82	-0.002791810805
29.83	-0.00264430649
29.84	-0.002495059029
29.85	-0.002344227038
29.86	-0.002191969755
29.87	-0.002038446883
29.88	-0.001883818424
29.89	-0.001728244522
29.9	-0.001571885301
29.91	-0.001414900708
29.92	-0.001257450353
29.93	-0.001099693354
29.94	-0.0009417881818
29.95	-0.0007838925063
29.96	-0.0006261630446
29.97	-0.0004687554113
29.98	-0.0003118239707
29.99	-0.0001555216909
30	-5.321118651e-17
