temps	angle
0	0
0.01	0.4688608183
0.02	0.9328789772
0.03	1.391927078
0.04	1.845880871
0.05	2.29461927
0.06	2.738024366
0.07	3.175981443
0.08	3.608378988
0.09	4.0351087
0.1	4.456065501
0.11	4.871147543
0.12	5.280256215
0.13	5.683296145
0.14	6.080175211
0.15	6.470804534
0.16	6.855098488
0.17	7.232974693
0.18	7.60435402
0.19	7.969160585
0.2	8.327321744
0.21	8.678768094
0.22	9.023433461
0.23	9.361254896
0.24	9.692172666
0.25	10.01613025
0.26	10.3330743
0.27	10.6429547
0.28	10.94572445
0.29	11.24133974
0.3	11.52975991
0.31	11.81094741
0.32	12.08486779
0.33	12.35148973
0.34	12.61078495
0.35	12.86272823
0.36	13.1072974
0.37	13.34447328
0.38	13.5742397
0.39	13.79658343
0.4	14.01149419
0.41	14.21896462
0.42	14.41899026
0.43	14.61156948
0.44	14.79670351
0.45	14.97439637
0.46	15.14465487
0.47	15.30748856
0.48	15.46290969
0.49	15.61093321
0.5	15.75157672
0.51	15.88486043
0.52	16.01080713
0.53	16.12944218
0.54	16.24079343
0.55	16.34489123
0.56	16.44176835
0.57	16.53145998
0.58	16.61400369
0.59	16.68943936
0.6	16.75780918
0.61	16.81915757
0.62	16.87353119
0.63	16.92097886
0.64	16.96155155
0.65	16.9953023
0.66	17.02228623
0.67	17.04256046
0.68	17.05618408
0.69	17.0632181
0.7	17.06372544
0.71	17.05777084
0.72	17.04542085
0.73	17.02674379
0.74	17.00180966
0.75	16.97069018
0.76	16.93345866
0.77	16.89019
0.78	16.84096065
0.79	16.78584854
0.8	16.72493306
0.81	16.65829502
0.82	16.58601656
0.83	16.50818115
0.84	16.42487355
0.85	16.33617973
0.86	16.24218684
0.87	16.14298317
0.88	16.03865811
0.89	15.9293021
0.9	15.81500658
0.91	15.69586394
0.92	15.5719675
0.93	15.44341143
0.94	15.31029076
0.95	15.17270127
0.96	15.03073948
0.97	14.88450263
0.98	14.73408859
0.99	14.57959583
1	14.42112341
1.01	14.25877088
1.02	14.09263828
1.03	13.9228261
1.04	13.7494352
1.05	13.5725668
1.06	13.39232243
1.07	13.20880389
1.08	13.0221132
1.09	12.83235256
1.1	12.63962432
1.11	12.44403095
1.12	12.24567496
1.13	12.0446589
1.14	11.84108531
1.15	11.63505665
1.16	11.42667533
1.17	11.21604359
1.18	11.00326354
1.19	10.78843707
1.2	10.57166583
1.21	10.3530512
1.22	10.13269424
1.23	9.910695672
1.24	9.687155832
1.25	9.462174645
1.26	9.235851585
1.27	9.008285645
1.28	8.779575301
1.29	8.549818484
1.3	8.319112546
1.31	8.087554231
1.32	7.855239641
1.33	7.622264208
1.34	7.388722666
1.35	7.154709019
1.36	6.920316515
1.37	6.685637617
1.38	6.450763978
1.39	6.215786411
1.4	5.980794865
1.41	5.7458784
1.42	5.511125161
1.43	5.276622353
1.44	5.042456222
1.45	4.808712024
1.46	4.57547401
1.47	4.3428254
1.48	4.110848363
1.49	3.879623998
1.5	3.649232309
1.51	3.419752192
1.52	3.191261411
1.53	2.963836582
1.54	2.737553157
1.55	2.512485403
1.56	2.28870639
1.57	2.066287972
1.58	1.845300774
1.59	1.625814176
1.6	1.4078963
1.61	1.191613998
1.62	0.9770328353
1.63	0.7642170832
1.64	0.5532297046
1.65	0.3441323442
1.66	0.1369853181
1.67	-0.06815239575
1.68	-0.2712231664
1.69	-0.4721707188
1.7	-0.6709401408
1.71	-0.8674778913
1.72	-1.061731806
1.73	-1.253651104
1.74	-1.443186394
1.75	-1.630289676
1.76	-1.81491435
1.77	-1.997015217
1.78	-2.176548483
1.79	-2.35347176
1.8	-2.52774407
1.81	-2.699325847
1.82	-2.868178937
1.83	-3.034266594
1.84	-3.197553491
1.85	-3.358005705
1.86	-3.515590729
1.87	-3.670277461
1.88	-3.822036207
1.89	-3.970838675
1.9	-4.116657975
1.91	-4.25946861
1.92	-4.399246479
1.93	-4.535968867
1.94	-4.66961444
1.95	-4.800163242
1.96	-4.927596686
1.97	-5.051897552
1.98	-5.173049972
1.99	-5.291039431
2	-5.405852754
2.01	-5.517478098
2.02	-5.625904945
2.03	-5.731124093
2.04	-5.833127644
2.05	-5.931908995
2.06	-6.02746283
2.07	-6.119785105
2.08	-6.20887304
2.09	-6.294725107
2.1	-6.377341016
2.11	-6.456721707
2.12	-6.532869333
2.13	-6.605787248
2.14	-6.675479998
2.15	-6.741953302
2.16	-6.805214039
2.17	-6.865270239
2.18	-6.922131061
2.19	-6.975806784
2.2	-7.026308789
2.21	-7.073649546
2.22	-7.117842595
2.23	-7.158902536
2.24	-7.196845004
2.25	-7.231686663
2.26	-7.263445181
2.27	-7.29213922
2.28	-7.317788414
2.29	-7.340413353
2.3	-7.360035568
2.31	-7.376677513
2.32	-7.390362543
2.33	-7.401114902
2.34	-7.408959702
2.35	-7.413922905
2.36	-7.416031306
2.37	-7.415312513
2.38	-7.411794928
2.39	-7.405507731
2.4	-7.396480859
2.41	-7.384744988
2.42	-7.370331515
2.43	-7.353272535
2.44	-7.333600827
2.45	-7.311349831
2.46	-7.286553633
2.47	-7.259246939
2.48	-7.229465063
2.49	-7.197243903
2.5	-7.162619922
2.51	-7.125630129
2.52	-7.086312064
2.53	-7.044703769
2.54	-7.000843778
2.55	-6.954771092
2.56	-6.906525162
2.57	-6.856145867
2.58	-6.803673499
2.59	-6.74914874
2.6	-6.692612643
2.61	-6.634106614
2.62	-6.573672394
2.63	-6.511352036
2.64	-6.44718789
2.65	-6.381222581
2.66	-6.313498993
2.67	-6.244060246
2.68	-6.172949683
2.69	-6.100210847
2.7	-6.025887464
2.71	-5.950023423
2.72	-5.872662762
2.73	-5.793849645
2.74	-5.713628347
2.75	-5.632043236
2.76	-5.549138753
2.77	-5.464959398
2.78	-5.379549708
2.79	-5.292954245
2.8	-5.205217575
2.81	-5.116384253
2.82	-5.026498804
2.83	-4.935605711
2.84	-4.843749393
2.85	-4.750974193
2.86	-4.65732436
2.87	-4.562844033
2.88	-4.467577228
2.89	-4.371567819
2.9	-4.274859524
2.91	-4.177495892
2.92	-4.079520286
2.93	-3.980975869
2.94	-3.881905589
2.95	-3.782352168
2.96	-3.682358084
2.97	-3.581965558
2.98	-3.481216544
2.99	-3.380152712
3	-3.278815437
3.01	-3.177245786
3.02	-3.075484504
3.03	-2.973572005
3.04	-2.871548357
3.05	-2.769453272
3.06	-2.667326093
3.07	-2.565205783
3.08	-2.463130918
3.09	-2.361139669
3.1	-2.259269798
3.11	-2.157558645
3.12	-2.056043118
3.13	-1.954759683
3.14	-1.853744358
3.15	-1.753032697
3.16	-1.652659789
3.17	-1.552660244
3.18	-1.453068186
3.19	-1.353917248
3.2	-1.255240557
3.21	-1.157070735
3.22	-1.059439884
3.23	-0.9623795866
3.24	-0.865920892
3.25	-0.7700943143
3.26	-0.6749298243
3.27	-0.5804568444
3.28	-0.4867042423
3.29	-0.393700326
3.3	-0.3014728384
3.31	-0.2100489529
3.32	-0.1194552679
3.33	-0.02971780353
3.34	0.05913800337
3.35	0.1470873025
3.36	0.2341058338
3.37	0.320169931
3.38	0.4052565242
3.39	0.4893431433
3.4	0.5724079197
3.41	0.6544295895
3.42	0.7353874948
3.43	0.8152615859
3.44	0.8940324228
3.45	0.9716811761
3.46	1.048189629
3.47	1.123540176
3.48	1.197715827
3.49	1.270700204
3.5	1.342477543
3.51	1.413032694
3.52	1.48235112
3.53	1.550418896
3.54	1.617222711
3.55	1.682749862
3.56	1.746988256
3.57	1.80992641
3.58	1.871553446
3.59	1.931859089
3.6	1.990833668
3.61	2.048468112
3.62	2.104753946
3.63	2.159683291
3.64	2.213248858
3.65	2.26544395
3.66	2.31626245
3.67	2.365698828
3.68	2.413748128
3.69	2.460405971
3.7	2.505668547
3.71	2.549532611
3.72	2.591995481
3.73	2.633055032
3.74	2.672709688
3.75	2.710958425
3.76	2.747800757
3.77	2.783236738
3.78	2.817266953
3.79	2.849892512
3.8	2.881115045
3.81	2.9109367
3.82	2.93936013
3.83	2.966388492
3.84	2.99202544
3.85	3.016275119
3.86	3.039142155
3.87	3.060631653
3.88	3.080749188
3.89	3.0995008
3.9	3.116892983
3.91	3.132932684
3.92	3.147627289
3.93	3.160984623
3.94	3.173012937
3.95	3.183720904
3.96	3.19311761
3.97	3.201212546
3.98	3.208015601
3.99	3.213537057
4	3.217787575
4.01	3.220778194
4.02	3.222520318
4.03	3.22302571
4.04	3.222306485
4.05	3.220375101
4.06	3.217244349
4.07	3.212927348
4.08	3.207437534
4.09	3.200788656
4.1	3.192994761
4.11	3.184070191
4.12	3.174029576
4.13	3.162887818
4.14	3.15066009
4.15	3.137361824
4.16	3.123008706
4.17	3.107616661
4.18	3.091201852
4.19	3.073780667
4.2	3.055369712
4.21	3.035985801
4.22	3.01564595
4.23	2.994367368
4.24	2.972167448
4.25	2.949063756
4.26	2.925074028
4.27	2.900216159
4.28	2.874508192
4.29	2.847968313
4.3	2.820614844
4.31	2.79246623
4.32	2.763541033
4.33	2.733857928
4.34	2.703435686
4.35	2.672293175
4.36	2.640449344
4.37	2.607923223
4.38	2.574733908
4.39	2.540900557
4.4	2.50644238
4.41	2.471378633
4.42	2.43572861
4.43	2.399511635
4.44	2.362747053
4.45	2.325454224
4.46	2.287652517
4.47	2.249361299
4.48	2.210599929
4.49	2.171387754
4.5	2.131744097
4.51	2.091688251
4.52	2.051239476
4.53	2.010416987
4.54	1.96923995
4.55	1.927727474
4.56	1.885898604
4.57	1.843772317
4.58	1.801367513
4.59	1.758703009
4.6	1.715797533
4.61	1.672669718
4.62	1.629338097
4.63	1.585821093
4.64	1.542137018
4.65	1.498304065
4.66	1.4543403
4.67	1.410263663
4.68	1.366091953
4.69	1.321842832
4.7	1.277533813
4.71	1.23318226
4.72	1.188805378
4.73	1.14442021
4.74	1.100043636
4.75	1.055692361
4.76	1.011382916
4.77	0.9671316516
4.78	0.9229547334
4.79	0.8788681381
4.8	0.8348876494
4.81	0.7910288535
4.82	0.7473071358
4.83	0.7037376764
4.84	0.6603354472
4.85	0.6171152073
4.86	0.5740915005
4.87	0.5312786513
4.88	0.4886907621
4.89	0.4463417095
4.9	0.404245142
4.91	0.3624144765
4.92	0.320862896
4.93	0.2796033466
4.94	0.238648535
4.95	0.1980109264
4.96	0.1577027417
4.97	0.1177359556
4.98	0.07812229463
4.99	0.03887323477
5	7.539384812e-16
5.01	-0.03848643962
5.02	-0.07657536956
5.03	-0.1142563323
5.04	-0.1515191288
5.05	-0.1883538196
5.06	-0.2247507263
5.07	-0.2607004324
5.08	-0.2961937843
5.09	-0.3312218921
5.1	-0.3657761305
5.11	-0.3998481394
5.12	-0.4334298241
5.13	-0.4665133563
5.14	-0.4990911738
5.15	-0.5311559813
5.16	-0.5627007499
5.17	-0.5937187177
5.18	-0.6242033893
5.19	-0.6541485356
5.2	-0.6835481939
5.21	-0.7123966671
5.22	-0.7406885232
5.23	-0.7684185953
5.24	-0.79558198
5.25	-0.8221740374
5.26	-0.84819039
5.27	-0.8736269215
5.28	-0.8984797762
5.29	-0.9227453573
5.3	-0.9464203264
5.31	-0.9695016015
5.32	-0.9919863561
5.33	-1.013872017
5.34	-1.035156265
5.35	-1.055837029
5.36	-1.075912489
5.37	-1.095381071
5.38	-1.114241447
5.39	-1.132492532
5.4	-1.150133481
5.41	-1.167163692
5.42	-1.183582796
5.43	-1.199390661
5.44	-1.214587387
5.45	-1.229173306
5.46	-1.243148975
5.47	-1.256515177
5.48	-1.269272921
5.49	-1.281423431
5.5	-1.292968153
5.51	-1.303908746
5.52	-1.314247081
5.53	-1.323985239
5.54	-1.333125506
5.55	-1.341670374
5.56	-1.349622532
5.57	-1.35698487
5.58	-1.36376047
5.59	-1.369952607
5.6	-1.375564743
5.61	-1.380600526
5.62	-1.385063784
5.63	-1.388958526
5.64	-1.392288935
5.65	-1.395059366
5.66	-1.397274342
5.67	-1.398938552
5.68	-1.400056847
5.69	-1.400634234
5.7	-1.400675879
5.71	-1.400187096
5.72	-1.399173347
5.73	-1.39764024
5.74	-1.395593523
5.75	-1.39303908
5.76	-1.389982931
5.77	-1.386431223
5.78	-1.382390231
5.79	-1.377866354
5.8	-1.372866108
5.81	-1.367396124
5.82	-1.361463146
5.83	-1.355074027
5.84	-1.348235723
5.85	-1.340955291
5.86	-1.333239884
5.87	-1.325096751
5.88	-1.316533229
5.89	-1.307556741
5.9	-1.298174793
5.91	-1.28839497
5.92	-1.27822493
5.93	-1.267672406
5.94	-1.256745196
5.95	-1.245451162
5.96	-1.23379823
5.97	-1.221794378
5.98	-1.209447642
5.99	-1.196766104
6	-1.183757895
6.01	-1.170431188
6.02	-1.156794194
6.03	-1.142855161
6.04	-1.128622369
6.05	-1.114104127
6.06	-1.099308768
6.07	-1.084244649
6.08	-1.068920144
6.09	-1.053343642
6.1	-1.037523545
6.11	-1.021468263
6.12	-1.005186212
6.13	-0.9886858096
6.14	-0.9719754711
6.15	-0.9550636092
6.16	-0.9379586284
6.17	-0.9206689228
6.18	-0.9032028729
6.19	-0.8855688424
6.2	-0.8677751755
6.21	-0.8498301937
6.22	-0.8317421928
6.23	-0.8135194406
6.24	-0.7951701732
6.25	-0.7767025927
6.26	-0.7581248647
6.27	-0.7394451147
6.28	-0.7206714265
6.29	-0.7018118385
6.3	-0.6828743419
6.31	-0.6638668779
6.32	-0.6447973351
6.33	-0.625673547
6.34	-0.6065032899
6.35	-0.58729428
6.36	-0.5680541716
6.37	-0.5487905546
6.38	-0.5295109523
6.39	-0.510222819
6.4	-0.4909335383
6.41	-0.4716504206
6.42	-0.4523807012
6.43	-0.4331315386
6.44	-0.413910012
6.45	-0.3947231198
6.46	-0.3755777778
6.47	-0.356480817
6.48	-0.3374389822
6.49	-0.3184589305
6.5	-0.2995472291
6.51	-0.280710354
6.52	-0.2619546885
6.53	-0.2432865218
6.54	-0.2247120471
6.55	-0.2062373608
6.56	-0.1878684608
6.57	-0.1696112453
6.58	-0.1514715115
6.59	-0.1334549544
6.6	-0.1155671659
6.61	-0.09781363337
6.62	-0.08019973894
6.63	-0.06273075823
6.64	-0.04541185954
6.65	-0.028248103
6.66	-0.01124443965
6.67	0.005594289311
6.68	0.02226335324
6.69	0.0387581328
6.7	0.05507412053
6.71	0.07120692151
6.72	0.08715225384
6.73	0.1029059492
6.74	0.1184639532
6.75	0.1338223258
6.76	0.1489772419
6.77	0.1639249914
6.78	0.1786619792
6.79	0.1931847262
6.8	0.2074898685
6.81	0.2215741585
6.82	0.2354344641
6.83	0.2490677692
6.84	0.2624711739
6.85	0.2756418937
6.86	0.2885772602
6.87	0.3012747204
6.88	0.3137318368
6.89	0.3259462872
6.9	0.3379158642
6.91	0.349638475
6.92	0.3611121412
6.93	0.3723349982
6.94	0.3833052949
6.95	0.3940213931
6.96	0.4044817672
6.97	0.4146850036
6.98	0.4246297998
6.99	0.4343149644
7	0.4437394158
7.01	0.452902182
7.02	0.4618023997
7.03	0.4704393133
7.04	0.4788122746
7.05	0.4869207417
7.06	0.4947642781
7.07	0.5023425519
7.08	0.509655335
7.09	0.5167025017
7.1	0.5234840285
7.11	0.5299999924
7.12	0.5362505702
7.13	0.5422360372
7.14	0.5479567665
7.15	0.5534132275
7.16	0.558605985
7.17	0.5635356981
7.18	0.5682031186
7.19	0.5726090902
7.2	0.5767545473
7.21	0.5806405132
7.22	0.5842680997
7.23	0.5876385048
7.24	0.5907530122
7.25	0.5936129898
7.26	0.5962198877
7.27	0.5985752379
7.28	0.6006806519
7.29	0.60253782
7.3	0.6041485095
7.31	0.6055145635
7.32	0.6066378991
7.33	0.6075205065
7.34	0.6081644469
7.35	0.6085718515
7.36	0.6087449196
7.37	0.6086859174
7.38	0.6083971764
7.39	0.6078810919
7.4	0.6071401211
7.41	0.6061767822
7.42	0.6049936522
7.43	0.6035933659
7.44	0.6019786138
7.45	0.6001521408
7.46	0.5981167449
7.47	0.595875275
7.48	0.5934306298
7.49	0.5907857559
7.5	0.5879436464
7.51	0.5849073394
7.52	0.581679916
7.53	0.5782644992
7.54	0.5746642519
7.55	0.5708823755
7.56	0.5669221084
7.57	0.5627867241
7.58	0.5584795298
7.59	0.554003865
7.6	0.5493630996
7.61	0.5445606323
7.62	0.5395998894
7.63	0.5344843229
7.64	0.5292174091
7.65	0.5238026468
7.66	0.5182435561
7.67	0.5125436767
7.68	0.5067065663
7.69	0.500735799
7.7	0.4946349642
7.71	0.4884076645
7.72	0.4820575147
7.73	0.4755881401
7.74	0.469003175
7.75	0.4623062613
7.76	0.4555010469
7.77	0.4485911846
7.78	0.4415803304
7.79	0.4344721419
7.8	0.4272702775
7.81	0.4199783943
7.82	0.4126001474
7.83	0.405139188
7.84	0.3975991623
7.85	0.3899837101
7.86	0.3822964637
7.87	0.3745410462
7.88	0.3667210706
7.89	0.3588401384
7.9	0.3509018381
7.91	0.3429097445
7.92	0.334867417
7.93	0.3267783987
7.94	0.318646215
7.95	0.3104743725
7.96	0.3022663582
7.97	0.2940256379
7.98	0.2857556552
7.99	0.2774598307
8	0.2691415606
8.01	0.2608042159
8.02	0.2524511413
8.03	0.244085654
8.04	0.235711043
8.05	0.227330568
8.06	0.2189474586
8.07	0.2105649132
8.08	0.202186098
8.09	0.1938141465
8.1	0.1854521583
8.11	0.1771031984
8.12	0.1687702965
8.13	0.1604564459
8.14	0.152164603
8.15	0.1438976865
8.16	0.1356585765
8.17	0.127450114
8.18	0.1192751001
8.19	0.1111362954
8.2	0.1030364194
8.21	0.09497814965
8.22	0.08696412144
8.23	0.07899692704
8.24	0.07107911523
8.25	0.06321319073
8.26	0.0554016137
8.27	0.04764679927
8.28	0.03995111706
8.29	0.03231689072
8.3	0.02474639753
8.31	0.01724186801
8.32	0.009805485504
8.33	0.002439385862
8.34	-0.004854342925
8.35	-0.01207366102
8.36	-0.01921657705
8.37	-0.02628114834
8.38	-0.03326548123
8.39	-0.04016773124
8.4	-0.0469861033
8.41	-0.05371885195
8.42	-0.0603642815
8.43	-0.06692074616
8.44	-0.07338665019
8.45	-0.079760448
8.46	-0.08604064422
8.47	-0.0922257938
8.48	-0.09831450199
8.49	-0.1043054245
8.5	-0.1101972672
8.51	-0.1159887867
8.52	-0.1216787896
8.53	-0.127266133
8.54	-0.132749724
8.55	-0.1381285201
8.56	-0.1434015286
8.57	-0.1485678069
8.58	-0.153626462
8.59	-0.1585766507
8.6	-0.1634175789
8.61	-0.1681485021
8.62	-0.1727687248
8.63	-0.1772775999
8.64	-0.1816745295
8.65	-0.1859589635
8.66	-0.1901304
8.67	-0.194188385
8.68	-0.1981325118
8.69	-0.2019624208
8.7	-0.2056777992
8.71	-0.2092783809
8.72	-0.2127639455
8.73	-0.2161343186
8.74	-0.2193893711
8.75	-0.2225290186
8.76	-0.2255532214
8.77	-0.2284619838
8.78	-0.231255354
8.79	-0.2339334229
8.8	-0.2364963245
8.81	-0.238944235
8.82	-0.2412773722
8.83	-0.2434959953
8.84	-0.2456004042
8.85	-0.247590939
8.86	-0.2494679796
8.87	-0.251231945
8.88	-0.2528832929
8.89	-0.2544225189
8.9	-0.2558501562
8.91	-0.257166775
8.92	-0.2583729817
8.93	-0.2594694184
8.94	-0.2604567626
8.95	-0.2613357261
8.96	-0.2621070546
8.97	-0.2627715274
8.98	-0.2633299562
8.99	-0.2637831849
9	-0.2641320887
9.01	-0.2643775736
9.02	-0.2645205758
9.03	-0.264562061
9.04	-0.2645030234
9.05	-0.2643444857
9.06	-0.2640874979
9.07	-0.2637331369
9.08	-0.2632825056
9.09	-0.2627367324
9.1	-0.2620969705
9.11	-0.2613643973
9.12	-0.2605402134
9.13	-0.2596256422
9.14	-0.2586219291
9.15	-0.257530341
9.16	-0.2563521653
9.17	-0.2550887094
9.18	-0.2537412998
9.19	-0.2523112818
9.2	-0.2508000186
9.21	-0.2492088903
9.22	-0.2475392937
9.23	-0.2457926413
9.24	-0.2439703608
9.25	-0.2420738944
9.26	-0.2401046976
9.27	-0.2380642394
9.28	-0.235954001
9.29	-0.2337754751
9.3	-0.2315301656
9.31	-0.2292195866
9.32	-0.2268452619
9.33	-0.2244087242
9.34	-0.2219115146
9.35	-0.2193551816
9.36	-0.2167412808
9.37	-0.2140713742
9.38	-0.2113470293
9.39	-0.2085698187
9.4	-0.2057413193
9.41	-0.2028631117
9.42	-0.1999367796
9.43	-0.1969639092
9.44	-0.1939460886
9.45	-0.1908849068
9.46	-0.1877819537
9.47	-0.1846388191
9.48	-0.1814570922
9.49	-0.1782383608
9.5	-0.1749842112
9.51	-0.1716962272
9.52	-0.1683759896
9.53	-0.1650250756
9.54	-0.1616450586
9.55	-0.158237507
9.56	-0.1548039843
9.57	-0.1513460481
9.58	-0.1478652498
9.59	-0.1443631341
9.6	-0.1408412381
9.61	-0.1373010915
9.62	-0.1337442154
9.63	-0.1301721222
9.64	-0.126586315
9.65	-0.1229882871
9.66	-0.1193795216
9.67	-0.1157614908
9.68	-0.1121356561
9.69	-0.108503467
9.7	-0.1048663613
9.71	-0.1012257641
9.72	-0.09758308779
9.73	-0.0939397314
9.74	-0.09029708035
9.75	-0.086656506
9.76	-0.08301936527
9.77	-0.07938700029
9.78	-0.07576073802
9.79	-0.07214188991
9.8	-0.06853175155
9.81	-0.06493160235
9.82	-0.06134270521
9.83	-0.0577663062
9.84	-0.05420363427
9.85	-0.05065590094
9.86	-0.04712430003
9.87	-0.04361000736
9.88	-0.04011418053
9.89	-0.03663795861
9.9	-0.03318246192
9.91	-0.02974879181
9.92	-0.02633803038
9.93	-0.02295124032
9.94	-0.01958946467
9.95	-0.01625372662
9.96	-0.01294502934
9.97	-0.009664355757
9.98	-0.006412668448
9.99	-0.003190909423
10	-1.237740784e-16
10.01	0.003159159343
10.02	0.006285689105
10.03	0.009378730879
10.04	0.01243744748
10.05	0.01546102302
10.06	0.01844866306
10.07	0.02139959463
10.08	0.02431306637
10.09	0.02718834856
10.1	0.03002473317
10.11	0.03282153397
10.12	0.03557808652
10.13	0.03829374821
10.14	0.04096789832
10.15	0.04359993799
10.16	0.04618929028
10.17	0.04873540013
10.18	0.05123773435
10.19	0.05369578165
10.2	0.05610905256
10.21	0.05847707944
10.22	0.06079941641
10.23	0.06307563933
10.24	0.06530534573
10.25	0.06748815473
10.26	0.069623707
10.27	0.07171166465
10.28	0.07375171119
10.29	0.07574355139
10.3	0.07768691119
10.31	0.07958153762
10.32	0.08142719867
10.33	0.08322368315
10.34	0.08497080059
10.35	0.08666838109
10.36	0.08831627519
10.37	0.08991435372
10.38	0.09146250764
10.39	0.09296064789
10.4	0.09440870522
10.41	0.09580663002
10.42	0.09715439215
10.43	0.09845198074
10.44	0.09969940402
10.45	0.1008966891
10.46	0.1020438819
10.47	0.1031410466
10.48	0.1041882659
10.49	0.1051856406
10.5	0.1061332891
10.51	0.1070313476
10.52	0.1078799699
10.53	0.1086793265
10.54	0.1094296054
10.55	0.1101310108
10.56	0.1107837637
10.57	0.1113881012
10.58	0.1119442763
10.59	0.1124525579
10.6	0.11291323
10.61	0.1133265923
10.62	0.1136929588
10.63	0.1140126587
10.64	0.1142860353
10.65	0.1145134461
10.66	0.1146952624
10.67	0.1148318691
10.68	0.1149236643
10.69	0.1149710592
10.7	0.1149744776
10.71	0.1149343558
10.72	0.1148511423
10.73	0.1147252972
10.74	0.1145572924
10.75	0.114347611
10.76	0.114096747
10.77	0.113805205
10.78	0.1134735002
10.79	0.1131021578
10.8	0.1126917125
10.81	0.1122427089
10.82	0.1117557005
10.83	0.1112312497
10.84	0.1106699275
10.85	0.1100723132
10.86	0.1094389941
10.87	0.108770565
10.88	0.1080676283
10.89	0.1073307933
10.9	0.1065606761
10.91	0.1057578993
10.92	0.1049230917
10.93	0.1040568877
10.94	0.1031599277
10.95	0.102232857
10.96	0.101276326
10.97	0.1002909898
10.98	0.09927750799
10.99	0.09823654399
11	0.09716876518
11.01	0.09607484243
11.02	0.09495544981
11.03	0.09381126433
11.04	0.09264296563
11.05	0.09145123574
11.06	0.09023675874
11.07	0.08900022053
11.08	0.08774230853
11.09	0.08646371139
11.1	0.08516511877
11.11	0.083847221
11.12	0.08251070887
11.13	0.08115627332
11.14	0.07978460521
11.15	0.07839639505
11.16	0.07699233272
11.17	0.07557310726
11.18	0.07413940658
11.19	0.07269191721
11.2	0.07123132409
11.21	0.06975831028
11.22	0.06827355675
11.23	0.06677774216
11.24	0.06527154257
11.25	0.06375563126
11.26	0.06223067847
11.27	0.06069735123
11.28	0.05915631305
11.29	0.05760822379
11.3	0.05605373942
11.31	0.05449351176
11.32	0.05292818837
11.33	0.05135841225
11.34	0.04978482171
11.35	0.04820805016
11.36	0.04662872589
11.37	0.04504747192
11.38	0.04346490579
11.39	0.0418816394
11.4	0.04029827881
11.41	0.03871542412
11.42	0.03713366924
11.43	0.03555360175
11.44	0.03397580277
11.45	0.03240084675
11.46	0.03082930137
11.47	0.02926172737
11.48	0.02769867839
11.49	0.02614070087
11.5	0.02458833389
11.51	0.02304210902
11.52	0.02150255025
11.53	0.0199701738
11.54	0.01844548808
11.55	0.01692899348
11.56	0.01542118235
11.57	0.01392253884
11.58	0.01243353881
11.59	0.01095464975
11.6	0.009486330651
11.61	0.008029031961
11.62	0.006583195461
11.63	0.005149254203
11.64	0.003727632428
11.65	0.002318745496
11.66	0.0009229998128
11.67	-0.0004592072304
11.68	-0.00182748732
11.69	-0.003181461277
11.7	-0.004520759108
11.71	-0.005845020054
11.72	-0.007153892636
11.73	-0.008447034696
11.74	-0.009724113431
11.75	-0.01098480543
11.76	-0.0122287967
11.77	-0.01345578269
11.78	-0.01466546832
11.79	-0.01585756798
11.8	-0.01703180557
11.81	-0.01818791449
11.82	-0.01932563766
11.83	-0.02044472749
11.84	-0.02154494595
11.85	-0.02262606446
11.86	-0.023687864
11.87	-0.02473013501
11.88	-0.02575267739
11.89	-0.02675530054
11.9	-0.02773782325
11.91	-0.02870007374
11.92	-0.02964188961
11.93	-0.03056311781
11.94	-0.0314636146
11.95	-0.03234324551
11.96	-0.03320188531
11.97	-0.03403941795
11.98	-0.03485573654
11.99	-0.03565074326
12	-0.03642434934
12.01	-0.03717647499
12.02	-0.03790704934
12.03	-0.03861601038
12.04	-0.0393033049
12.05	-0.03996888841
12.06	-0.04061272509
12.07	-0.04123478768
12.08	-0.04183505747
12.09	-0.04241352414
12.1	-0.04297018576
12.11	-0.04350504865
12.12	-0.04401812732
12.13	-0.04450944437
12.14	-0.04497903042
12.15	-0.04542692402
12.16	-0.04585317151
12.17	-0.046257827
12.18	-0.04664095221
12.19	-0.04700261638
12.2	-0.04734289622
12.21	-0.04766187573
12.22	-0.04795964616
12.23	-0.04823630586
12.24	-0.0484919602
12.25	-0.04872672145
12.26	-0.04894070866
12.27	-0.04913404758
12.28	-0.04930687048
12.29	-0.04945931612
12.3	-0.04959152957
12.31	-0.04970366211
12.32	-0.04979587112
12.33	-0.04986831994
12.34	-0.04992117779
12.35	-0.04995461959
12.36	-0.04996882588
12.37	-0.04996398269
12.38	-0.04994028139
12.39	-0.04989791859
12.4	-0.04983709601
12.41	-0.04975802033
12.42	-0.04966090311
12.43	-0.04954596061
12.44	-0.04941341368
12.45	-0.04926348765
12.46	-0.04909641218
12.47	-0.04891242113
12.48	-0.04871175243
12.49	-0.04849464796
12.5	-0.04826135341
12.51	-0.04801211815
12.52	-0.04774719511
12.53	-0.04746684062
12.54	-0.04717131433
12.55	-0.04686087901
12.56	-0.04653580049
12.57	-0.04619634747
12.58	-0.04584279144
12.59	-0.0454754065
12.6	-0.04509446927
12.61	-0.04470025875
12.62	-0.04429305618
12.63	-0.04387314491
12.64	-0.0434408103
12.65	-0.04299633954
12.66	-0.04254002159
12.67	-0.042072147
12.68	-0.04159300779
12.69	-0.04110289737
12.7	-0.04060211035
12.71	-0.04009094247
12.72	-0.03956969043
12.73	-0.03903865183
12.74	-0.03849812497
12.75	-0.03794840882
12.76	-0.03738980281
12.77	-0.03682260677
12.78	-0.03624712081
12.79	-0.03566364517
12.8	-0.03507248014
12.81	-0.03447392592
12.82	-0.03386828253
12.83	-0.03325584969
12.84	-0.03263692669
12.85	-0.03201181231
12.86	-0.03138080469
12.87	-0.03074420126
12.88	-0.03010229858
12.89	-0.02945539226
12.9	-0.0288037769
12.91	-0.02814774591
12.92	-0.02748759147
12.93	-0.02682360441
12.94	-0.02615607412
12.95	-0.02548528844
12.96	-0.0248115336
12.97	-0.02413509408
12.98	-0.02345625256
12.99	-0.02277528982
13	-0.02209248463
13.01	-0.02140811371
13.02	-0.02072245159
13.03	-0.02003577057
13.04	-0.01934834064
13.05	-0.01866042936
13.06	-0.01797230184
13.07	-0.01728422061
13.08	-0.01659644558
13.09	-0.01590923395
13.1	-0.01522284016
13.11	-0.0145375158
13.12	-0.01385350956
13.13	-0.01317106714
13.14	-0.01249043123
13.15	-0.0118118414
13.16	-0.01113553406
13.17	-0.01046174243
13.18	-0.009790696426
13.19	-0.009122622656
13.2	-0.008457744344
13.21	-0.007796281283
13.22	-0.007138449789
13.23	-0.006484462648
13.24	-0.005834529076
13.25	-0.005188854674
13.26	-0.004547641384
13.27	-0.003911087453
13.28	-0.003279387389
13.29	-0.00265273193
13.3	-0.002031308007
13.31	-0.001415298712
13.32	-0.0008048832641
13.33	-0.0002002369851
13.34	0.0003984687323
13.35	0.0009910664483
13.36	0.0015773927
13.37	0.002157288026
13.38	0.002730596981
13.39	0.003297168164
13.4	0.003856854225
13.41	0.004409511889
13.42	0.004955001964
13.43	0.005493189356
13.44	0.00602394308
13.45	0.006547136264
13.46	0.007062646163
13.47	0.007570354157
13.48	0.008070145761
13.49	0.008561910624
13.5	0.00904554253
13.51	0.009520939398
13.52	0.009988003278
13.53	0.01044664035
13.54	0.01089676091
13.55	0.01133827938
13.56	0.01177111428
13.57	0.01219518823
13.58	0.01261042792
13.59	0.01301676415
13.6	0.01341413174
13.61	0.01380246957
13.62	0.01418172053
13.63	0.01455183155
13.64	0.0149127535
13.65	0.01526444126
13.66	0.01560685363
13.67	0.01593995332
13.68	0.01626370696
13.69	0.01657808503
13.7	0.01688306187
13.71	0.01717861561
13.72	0.01746472818
13.73	0.01774138525
13.74	0.01800857622
13.75	0.01826629418
13.76	0.01851453587
13.77	0.01875330163
13.78	0.01898259541
13.79	0.0192024247
13.8	0.01941280047
13.81	0.0196137372
13.82	0.01980525276
13.83	0.01998736844
13.84	0.02016010884
13.85	0.02032350189
13.86	0.02047757876
13.87	0.02062237386
13.88	0.02075792475
13.89	0.02088427211
13.9	0.02100145972
13.91	0.02110953437
13.92	0.02120854585
13.93	0.02129854685
13.94	0.021379593
13.95	0.02145174271
13.96	0.02151505722
13.97	0.02156960047
13.98	0.02161543909
13.99	0.02165264237
14	0.02168128214
14.01	0.02170143277
14.02	0.0217131711
14.03	0.02171657641
14.04	0.02171173031
14.05	0.02169871675
14.06	0.02167762191
14.07	0.02164853418
14.08	0.02161154411
14.09	0.02156674432
14.1	0.02151422946
14.11	0.02145409619
14.12	0.02138644306
14.13	0.02131137048
14.14	0.0212289807
14.15	0.02113937769
14.16	0.02104266714
14.17	0.02093895636
14.18	0.02082835424
14.19	0.02071097122
14.2	0.02058691918
14.21	0.02045631141
14.22	0.02031926258
14.23	0.02017588862
14.24	0.02002630673
14.25	0.01987063528
14.26	0.01970899377
14.27	0.01954150276
14.28	0.01936828384
14.29	0.01918945955
14.3	0.01900515332
14.31	0.01881548945
14.32	0.01862059301
14.33	0.01842058982
14.34	0.01821560637
14.35	0.01800576978
14.36	0.01779120774
14.37	0.01757204846
14.38	0.01734842061
14.39	0.01712045328
14.4	0.01688827591
14.41	0.01665201824
14.42	0.01641181028
14.43	0.01616778222
14.44	0.01592006441
14.45	0.01566878731
14.46	0.01541408141
14.47	0.01515607721
14.48	0.01489490516
14.49	0.0146306956
14.5	0.01436357874
14.51	0.01409368458
14.52	0.01382114287
14.53	0.01354608311
14.54	0.01326863441
14.55	0.01298892555
14.56	0.01270708484
14.57	0.01242324015
14.58	0.01213751883
14.59	0.01185004766
14.6	0.01156095284
14.61	0.01127035991
14.62	0.01097839374
14.63	0.01068517847
14.64	0.01039083749
14.65	0.01009549338
14.66	0.009799267863
14.67	0.009502281813
14.68	0.009204655174
14.69	0.008906506941
14.7	0.008607955123
14.71	0.008309116708
14.72	0.008010107627
14.73	0.007711042722
14.74	0.007412035716
14.75	0.007113199176
14.76	0.006814644484
14.77	0.00651648181
14.78	0.006218820076
14.79	0.005921766934
14.8	0.005625428732
14.81	0.00532991049
14.82	0.005035315873
14.83	0.004741747165
14.84	0.004449305245
14.85	0.004158089559
14.86	0.003868198103
14.87	0.003579727394
14.88	0.003292772454
14.89	0.003007426782
14.9	0.002723782341
14.91	0.002441929534
14.92	0.002161957187
14.93	0.00188395253
14.94	0.001608001181
14.95	0.001334187127
14.96	0.001062592715
14.97	0.000793298629
14.98	0.0005263838807
14.99	0.0002619257956
15	1.523999258e-17
15.01	-0.0002593195904
15.02	-0.0005159607815
15.03	-0.0007698531113
15.04	-0.001020927859
15.05	-0.001269118053
15.06	-0.001514358482
15.07	-0.001756585696
15.08	-0.00199573802
15.09	-0.002231755554
15.1	-0.002464580181
15.11	-0.002694155571
15.12	-0.002920427183
15.13	-0.003143342269
15.14	-0.003362849877
15.15	-0.00357890085
15.16	-0.003791447829
15.17	-0.004000445252
15.18	-0.004205849354
15.19	-0.004407618163
15.2	-0.004605711502
15.21	-0.004800090985
15.22	-0.004990720012
15.23	-0.005177563768
15.24	-0.005360589215
15.25	-0.005539765088
15.26	-0.005715061893
15.27	-0.005886451894
15.28	-0.006053909112
15.29	-0.006217409311
15.3	-0.006376929998
15.31	-0.006532450406
15.32	-0.006683951491
15.33	-0.006831415917
15.34	-0.006974828049
15.35	-0.007114173942
15.36	-0.007249441327
15.37	-0.007380619601
15.38	-0.007507699814
15.39	-0.007630674654
15.4	-0.007749538438
15.41	-0.007864287094
15.42	-0.007974918146
15.43	-0.008081430703
15.44	-0.008183825441
15.45	-0.008282104587
15.46	-0.008376271902
15.47	-0.008466332668
15.48	-0.008552293666
15.49	-0.008634163162
15.5	-0.008711950888
15.51	-0.008785668024
15.52	-0.008855327178
15.53	-0.008920942368
15.54	-0.008982529005
15.55	-0.009040103868
15.56	-0.00909368509
15.57	-0.009143292132
15.58	-0.009188945768
15.59	-0.009230668058
15.6	-0.009268482333
15.61	-0.009302413169
15.62	-0.009332486369
15.63	-0.009358728935
15.64	-0.009381169054
15.65	-0.009399836069
15.66	-0.00941476046
15.67	-0.009425973819
15.68	-0.009433508828
15.69	-0.009437399237
15.7	-0.009437679837
15.71	-0.00943438644
15.72	-0.009427555855
15.73	-0.009417225862
15.74	-0.00940343519
15.75	-0.00938622349
15.76	-0.009365631317
15.77	-0.009341700097
15.78	-0.009314472112
15.79	-0.009283990466
15.8	-0.009250299069
15.81	-0.009213442608
15.82	-0.009173466521
15.83	-0.009130416976
15.84	-0.009084340844
15.85	-0.009035285677
15.86	-0.008983299677
15.87	-0.008928431679
15.88	-0.008870731121
15.89	-0.008810248021
15.9	-0.008747032953
15.91	-0.008681137021
15.92	-0.008612611834
15.93	-0.008541509485
15.94	-0.008467882521
15.95	-0.008391783923
15.96	-0.008313267079
15.97	-0.008232385763
15.98	-0.008149194107
15.99	-0.008063746578
16	-0.007976097956
16.01	-0.007886303308
16.02	-0.007794417967
16.03	-0.007700497503
16.04	-0.007604597706
16.05	-0.00750677456
16.06	-0.007407084217
16.07	-0.00730558298
16.08	-0.007202327275
16.09	-0.007097373631
16.1	-0.006990778657
16.11	-0.006882599021
16.12	-0.006772891424
16.13	-0.006661712584
16.14	-0.006549119209
16.15	-0.006435167979
16.16	-0.006319915526
16.17	-0.006203418406
16.18	-0.006085733087
16.19	-0.005966915924
16.2	-0.00584702314
16.21	-0.005726110803
16.22	-0.005604234812
16.23	-0.005481450873
16.24	-0.005357814482
16.25	-0.005233380904
16.26	-0.005108205157
16.27	-0.004982341992
16.28	-0.004855845875
16.29	-0.004728770971
16.3	-0.004601171123
16.31	-0.004473099838
16.32	-0.004344610269
16.33	-0.004215755199
16.34	-0.004086587022
16.35	-0.003957157731
16.36	-0.003827518901
16.37	-0.003697721671
16.38	-0.003567816732
16.39	-0.003437854312
16.4	-0.003307884161
16.41	-0.003177955536
16.42	-0.003048117188
16.43	-0.002918417351
16.44	-0.002788903723
16.45	-0.002659623461
16.46	-0.002530623161
16.47	-0.002401948851
16.48	-0.002273645978
16.49	-0.002145759395
16.5	-0.002018333353
16.51	-0.001891411487
16.52	-0.001765036807
16.53	-0.001639251689
16.54	-0.001514097863
16.55	-0.001389616406
16.56	-0.001265847732
16.57	-0.001142831581
16.58	-0.001020607016
16.59	-0.0008992124093
16.6	-0.0007786854384
16.61	-0.0006590630774
16.62	-0.0005403815903
16.63	-0.0004226765241
16.64	-0.0003059827027
16.65	-0.0001903342208
16.66	-7.576443837e-05
16.67	3.769402488e-05
16.68	0.0001500092942
16.69	0.0002611502446
16.7	0.0003710865052
16.71	0.0004797884631
16.72	0.0005872272672
16.73	0.0006933748314
16.74	0.0007982038376
16.75	0.0009016877387
16.76	0.00100380076
16.77	0.001104517904
16.78	0.001203814947
16.79	0.001301668446
16.8	0.001398055737
16.81	0.001492954936
16.82	0.001586344941
16.83	0.001678205428
16.84	0.001768516858
16.85	0.00185726047
16.86	0.001944418284
16.87	0.002029973098
16.88	0.002113908488
16.89	0.002196208808
16.9	0.002276859183
16.91	0.002355845513
16.92	0.002433154468
16.93	0.002508773484
16.94	0.002582690761
16.95	0.002654895263
16.96	0.00272537671
16.97	0.002794125576
16.98	0.002861133086
16.99	0.002926391211
17	0.002989892665
17.01	0.003051630898
17.02	0.003111600093
17.03	0.003169795159
17.04	0.003226211729
17.05	0.00328084615
17.06	0.003333695483
17.07	0.00338475749
17.08	0.003434030635
17.09	0.003481514071
17.1	0.003527207639
17.11	0.003571111859
17.12	0.00361322792
17.13	0.00365355768
17.14	0.00369210365
17.15	0.003728868995
17.16	0.003763857521
17.17	0.003797073666
17.18	0.003828522498
17.19	0.003858209701
17.2	0.003886141571
17.21	0.003912325004
17.22	0.003936767489
17.23	0.0039594771
17.24	0.003980462486
17.25	0.003999732863
17.26	0.004017298003
17.27	0.004033168228
17.28	0.004047354396
17.29	0.004059867896
17.3	0.004070720637
17.31	0.004079925036
17.32	0.004087494012
17.33	0.004093440974
17.34	0.00409777981
17.35	0.00410052488
17.36	0.004101691004
17.37	0.004101293451
17.38	0.004099347929
17.39	0.004095870579
17.4	0.004090877957
17.41	0.004084387031
17.42	0.004076415164
17.43	0.004066980108
17.44	0.004056099994
17.45	0.004043793316
17.46	0.004030078927
17.47	0.004014976021
17.48	0.003998504131
17.49	0.003980683111
17.5	0.003961533128
17.51	0.003941074652
17.52	0.003919328444
17.53	0.003896315547
17.54	0.003872057272
17.55	0.003846575189
17.56	0.003819891119
17.57	0.003792027119
17.58	0.003763005472
17.59	0.00373284868
17.6	0.003701579448
17.61	0.003669220678
17.62	0.003635795456
17.63	0.00360132704
17.64	0.003565838853
17.65	0.003529354472
17.66	0.003491897614
17.67	0.003453492128
17.68	0.003414161988
17.69	0.003373931274
17.7	0.003332824172
17.71	0.003290864957
17.72	0.003248077985
17.73	0.003204487681
17.74	0.003160118536
17.75	0.003114995086
17.76	0.003069141912
17.77	0.003022583626
17.78	0.002975344862
17.79	0.002927450265
17.8	0.002878924484
17.81	0.002829792162
17.82	0.002780077925
17.83	0.002729806376
17.84	0.002679002082
17.85	0.002627689569
17.86	0.00257589331
17.87	0.002523637718
17.88	0.002470947137
17.89	0.002417845833
17.9	0.002364357987
17.91	0.002310507684
17.92	0.002256318908
17.93	0.002201815531
17.94	0.002147021308
17.95	0.002091959867
17.96	0.002036654701
17.97	0.001981129164
17.98	0.001925406459
17.99	0.001869509634
18	0.001813461571
18.01	0.001757284984
18.02	0.00170100241
18.03	0.0016446362
18.04	0.001588208515
18.05	0.001531741319
18.06	0.001475256372
18.07	0.001418775225
18.08	0.001362319212
18.09	0.001305909447
18.1	0.001249566813
18.11	0.001193311964
18.12	0.001137165313
18.13	0.001081147028
18.14	0.00102527703
18.15	0.0009695749849
18.16	0.0009140602983
18.17	0.0008587521129
18.18	0.0008036693026
18.19	0.0007488304682
18.2	0.0006942539328
18.21	0.0006399577384
18.22	0.0005859596411
18.23	0.0005322771075
18.24	0.0004789273112
18.25	0.0004259271288
18.26	0.0003732931368
18.27	0.0003210416082
18.28	0.0002691885093
18.29	0.0002177494968
18.3	0.000166739915
18.31	0.0001161747928
18.32	6.606884163e-05
18.33	1.643645265e-05
18.34	-3.270830534e-05
18.35	-8.135168805e-05
18.36	-0.0001294802776
18.37	-0.0001770809846
18.38	-0.0002241410495
18.39	-0.0002706480442
18.4	-0.0003165898737
18.41	-0.0003619547773
18.42	-0.0004067313294
18.43	-0.0004509084408
18.44	-0.0004944753594
18.45	-0.0005374216713
18.46	-0.0005797373006
18.47	-0.0006214125105
18.48	-0.0006624379037
18.49	-0.0007028044218
18.5	-0.0007425033461
18.51	-0.0007815262974
18.52	-0.0008198652353
18.53	-0.0008575124587
18.54	-0.0008944606044
18.55	-0.0009307026474
18.56	-0.0009662318994
18.57	-0.001001042009
18.58	-0.001035126959
18.59	-0.001068481067
18.6	-0.001101098985
18.61	-0.001132975695
18.62	-0.001164106511
18.63	-0.001194487073
18.64	-0.001224113351
18.65	-0.00125298164
18.66	-0.001281088558
18.67	-0.001308431046
18.68	-0.001335006363
18.69	-0.001360812087
18.7	-0.00138584611
18.71	-0.001410106639
18.72	-0.001433592188
18.73	-0.001456301584
18.74	-0.001478233954
18.75	-0.001499388733
18.76	-0.001519765651
18.77	-0.001539364738
18.78	-0.001558186318
18.79	-0.001576231005
18.8	-0.0015934997
18.81	-0.001609993591
18.82	-0.001625714146
18.83	-0.001640663111
18.84	-0.001654842506
18.85	-0.001668254624
18.86	-0.001680902024
18.87	-0.00169278753
18.88	-0.001703914224
18.89	-0.001714285448
18.9	-0.001723904792
18.91	-0.0017327761
18.92	-0.001740903457
18.93	-0.001748291189
18.94	-0.001754943862
18.95	-0.001760866271
18.96	-0.001766063442
18.97	-0.001770540625
18.98	-0.001774303288
18.99	-0.001777357119
19	-0.001779708014
19.01	-0.001781362079
19.02	-0.00178232562
19.03	-0.001782605145
19.04	-0.001782207353
19.05	-0.001781139134
19.06	-0.001779407564
19.07	-0.001777019898
19.08	-0.001773983568
19.09	-0.001770306178
19.1	-0.001765995496
19.11	-0.001761059456
19.12	-0.001755506149
19.13	-0.001749343816
19.14	-0.001742580851
19.15	-0.001735225789
19.16	-0.001727287303
19.17	-0.001718774204
19.18	-0.00170969543
19.19	-0.001700060044
19.2	-0.001689877233
19.21	-0.001679156294
19.22	-0.001667906641
19.23	-0.00165613779
19.24	-0.001643859361
19.25	-0.00163108107
19.26	-0.001617812727
19.27	-0.001604064228
19.28	-0.001589845553
19.29	-0.001575166761
19.3	-0.001560037984
19.31	-0.001544469426
19.32	-0.001528471352
19.33	-0.00151205409
19.34	-0.001495228024
19.35	-0.001478003587
19.36	-0.001460391263
19.37	-0.001442401573
19.38	-0.001424045082
19.39	-0.001405332384
19.4	-0.001386274105
19.41	-0.001366880895
19.42	-0.001347163424
19.43	-0.001327132381
19.44	-0.001306798465
19.45	-0.001286172385
19.46	-0.001265264852
19.47	-0.001244086577
19.48	-0.00122264827
19.49	-0.001200960628
19.5	-0.001179034341
19.51	-0.001156880079
19.52	-0.001134508494
19.53	-0.001111930213
19.54	-0.001089155837
19.55	-0.001066195936
19.56	-0.001043061041
19.57	-0.001019761651
19.58	-0.0009963082162
19.59	-0.0009727111459
19.6	-0.0009489807978
19.61	-0.0009251274776
19.62	-0.000901161435
19.63	-0.0008770928604
19.64	-0.0008529318814
19.65	-0.0008286885599
19.66	-0.000804372889
19.67	-0.0007799947895
19.68	-0.0007555641073
19.69	-0.00073109061
19.7	-0.0007065839844
19.71	-0.0006820538335
19.72	-0.0006575096735
19.73	-0.0006329609313
19.74	-0.0006084169416
19.75	-0.0005838869446
19.76	-0.0005593800831
19.77	-0.0005349054004
19.78	-0.0005104718374
19.79	-0.0004860882306
19.8	-0.0004617633097
19.81	-0.0004375056952
19.82	-0.0004133238965
19.83	-0.0003892263095
19.84	-0.0003652212149
19.85	-0.0003413167757
19.86	-0.000317521036
19.87	-0.0002938419182
19.88	-0.0002702872223
19.89	-0.0002468646233
19.9	-0.0002235816697
19.91	-0.0002004457825
19.92	-0.0001774642527
19.93	-0.0001546442408
19.94	-0.0001319927747
19.95	-0.0001095167485
19.96	-8.722292157e-05
19.97	-6.511791687e-05
19.98	-4.320822012e-05
19.99	-2.150017857e-05
20	-1.66796636e-18
20.01	2.128624822e-05
20.02	4.235264004e-05
20.03	6.319339158e-05
20.04	8.38028619e-05
20.05	0.0001041755537
20.06	0.0001243061139
20.07	0.0001441893344
20.08	0.0001638201526
20.09	0.0001831936516
20.1	0.0002023050608
20.11	0.0002211497563
20.12	0.0002397232613
20.13	0.0002580212458
20.14	0.0002760395275
20.15	0.0002937740714
20.16	0.0003112209899
20.17	0.000328376543
20.18	0.0003452371384
20.19	0.0003617993308
20.2	0.0003780598223
20.21	0.0003940154619
20.22	0.0004096632453
20.23	0.0004250003148
20.24	0.0004400239583
20.25	0.0004547316096
20.26	0.0004691208476
20.27	0.0004831893956
20.28	0.0004969351211
20.29	0.0005103560348
20.3	0.0005234502901
20.31	0.0005362161826
20.32	0.0005486521489
20.33	0.0005607567661
20.34	0.0005725287508
20.35	0.0005839669583
20.36	0.0005950703814
20.37	0.0006058381498
20.38	0.0006162695289
20.39	0.0006263639185
20.4	0.000636120852
20.41	0.0006455399953
20.42	0.000654621145
20.43	0.0006633642282
20.44	0.0006717693001
20.45	0.0006798365436
20.46	0.0006875662676
20.47	0.0006949589054
20.48	0.0007020150138
20.49	0.0007087352713
20.5	0.0007151204767
20.51	0.0007211715476
20.52	0.0007268895192
20.53	0.000732275542
20.54	0.000737330881
20.55	0.0007420569136
20.56	0.0007464551281
20.57	0.0007505271221
20.58	0.0007542746007
20.59	0.0007576993748
20.6	0.0007608033596
20.61	0.0007635885722
20.62	0.0007660571307
20.63	0.0007682112518
20.64	0.0007700532489
20.65	0.0007715855308
20.66	0.0007728105994
20.67	0.000773731048
20.68	0.0007743495592
20.69	0.0007746689034
20.7	0.0007746919364
20.71	0.000774421598
20.72	0.0007738609094
20.73	0.0007730129719
20.74	0.0007718809646
20.75	0.0007704681423
20.76	0.0007687778337
20.77	0.0007668134396
20.78	0.0007645784305
20.79	0.0007620763446
20.8	0.0007593107864
20.81	0.0007562854238
20.82	0.0007530039867
20.83	0.0007494702649
20.84	0.0007456881057
20.85	0.0007416614123
20.86	0.0007373941416
20.87	0.0007328903021
20.88	0.0007281539519
20.89	0.0007231891967
20.9	0.0007180001879
20.91	0.0007125911204
20.92	0.0007069662306
20.93	0.0007011297943
20.94	0.0006950861251
20.95	0.0006888395717
20.96	0.0006823945168
20.97	0.000675755374
20.98	0.000668926587
20.99	0.0006619126267
21	0.0006547179897
21.01	0.0006473471962
21.02	0.0006398047881
21.03	0.0006320953269
21.04	0.0006242233923
21.05	0.0006161935794
21.06	0.0006080104978
21.07	0.0005996787689
21.08	0.0005912030244
21.09	0.0005825879047
21.1	0.0005738380565
21.11	0.0005649581311
21.12	0.0005559527832
21.13	0.0005468266683
21.14	0.0005375844412
21.15	0.0005282307547
21.16	0.0005187702572
21.17	0.0005092075913
21.18	0.0004995473921
21.19	0.0004897942854
21.2	0.0004799528864
21.21	0.0004700277974
21.22	0.0004600236069
21.23	0.0004499448874
21.24	0.0004397961944
21.25	0.0004295820643
21.26	0.0004193070133
21.27	0.0004089755355
21.28	0.000398592102
21.29	0.0003881611586
21.3	0.0003776871253
21.31	0.000367174394
21.32	0.000356627328
21.33	0.0003460502597
21.34	0.0003354474901
21.35	0.0003248232869
21.36	0.0003141818837
21.37	0.0003035274782
21.38	0.0002928642315
21.39	0.0002821962665
21.4	0.0002715276668
21.41	0.0002608624758
21.42	0.0002502046952
21.43	0.0002395582842
21.44	0.0002289271583
21.45	0.0002183151881
21.46	0.0002077261987
21.47	0.0001971639681
21.48	0.000186632227
21.49	0.000176134657
21.5	0.0001656748905
21.51	0.0001552565093
21.52	0.0001448830439
21.53	0.0001345579726
21.54	0.000124284721
21.55	0.0001140666608
21.56	0.0001039071093
21.57	9.380932878e-05
21.58	8.377652551e-05
21.59	7.381184938e-05
21.6	6.391839314e-05
21.61	5.409919181e-05
21.62	4.43572221e-05
21.63	3.46954019e-05
21.64	2.511658973e-05
21.65	1.562358426e-05
21.66	6.219123819e-06
21.67	-3.09411398e-06
21.68	-1.231351271e-05
21.69	-2.143651747e-05
21.7	-3.046063527e-05
21.71	-3.938343533e-05
21.72	-4.820254942e-05
21.73	-5.691567208e-05
21.74	-6.552056091e-05
21.75	-7.401503679e-05
21.76	-8.239698403e-05
21.77	-9.06643506e-05
21.78	-9.881514825e-05
21.79	-0.0001068474526
21.8	-0.0001147594032
21.81	-0.0001225492039
21.82	-0.0001302151223
21.83	-0.0001377554903
21.84	-0.0001451687039
21.85	-0.0001524532232
21.86	-0.0001596075722
21.87	-0.000166630339
21.88	-0.0001735201754
21.89	-0.000180275797
21.9	-0.0001868959829
21.91	-0.0001933795757
21.92	-0.0001997254812
21.93	-0.000205932668
21.94	-0.0002120001676
21.95	-0.000217927074
21.96	-0.0002237125435
21.97	-0.000229355794
21.98	-0.0002348561054
21.99	-0.0002402128185
22	-0.0002454253353
22.01	-0.0002504931181
22.02	-0.0002554156894
22.03	-0.0002601926313
22.04	-0.0002648235853
22.05	-0.0002693082517
22.06	-0.0002736463891
22.07	-0.0002778378139
22.08	-0.0002818823999
22.09	-0.0002857800777
22.1	-0.0002895308342
22.11	-0.000293134712
22.12	-0.0002965918088
22.13	-0.0002999022771
22.14	-0.000303066323
22.15	-0.0003060842064
22.16	-0.0003089562394
22.17	-0.0003116827866
22.18	-0.000314264264
22.19	-0.000316701138
22.2	-0.0003189939255
22.21	-0.0003211431925
22.22	-0.0003231495539
22.23	-0.0003250136723
22.24	-0.0003267362577
22.25	-0.0003283180666
22.26	-0.0003297599011
22.27	-0.0003310626084
22.28	-0.00033222708
22.29	-0.0003332542507
22.3	-0.0003341450979
22.31	-0.000334900641
22.32	-0.0003355219404
22.33	-0.0003360100967
22.34	-0.0003363662501
22.35	-0.0003365915792
22.36	-0.0003366873004
22.37	-0.0003366546672
22.38	-0.0003364949691
22.39	-0.0003362095308
22.4	-0.0003357997115
22.41	-0.0003352669038
22.42	-0.0003346125331
22.43	-0.0003338380566
22.44	-0.0003329449624
22.45	-0.0003319347688
22.46	-0.0003308090231
22.47	-0.0003295693012
22.48	-0.0003282172061
22.49	-0.0003267543677
22.5	-0.0003251824414
22.51	-0.0003235031074
22.52	-0.00032171807
22.53	-0.0003198290563
22.54	-0.0003178378158
22.55	-0.0003157461191
22.56	-0.0003135557573
22.57	-0.0003112685408
22.58	-0.000308886299
22.59	-0.0003064108788
22.6	-0.0003038441439
22.61	-0.0003011879743
22.62	-0.000298444265
22.63	-0.0002956149251
22.64	-0.0002927018774
22.65	-0.000289707057
22.66	-0.0002866324108
22.67	-0.0002834798966
22.68	-0.0002802514821
22.69	-0.000276949144
22.7	-0.0002735748676
22.71	-0.0002701306455
22.72	-0.0002666184769
22.73	-0.0002630403669
22.74	-0.0002593983256
22.75	-0.0002556943673
22.76	-0.0002519305096
22.77	-0.0002481087728
22.78	-0.0002442311789
22.79	-0.000240299751
22.8	-0.0002363165123
22.81	-0.0002322834857
22.82	-0.0002282026927
22.83	-0.0002240761526
22.84	-0.0002199058822
22.85	-0.0002156938947
22.86	-0.0002114421988
22.87	-0.0002071527986
22.88	-0.0002028276924
22.89	-0.0001984688719
22.9	-0.0001940783221
22.91	-0.0001896580201
22.92	-0.0001852099344
22.93	-0.0001807360248
22.94	-0.0001762382411
22.95	-0.0001717185228
22.96	-0.0001671787984
22.97	-0.0001626209847
22.98	-0.0001580469866
22.99	-0.0001534586957
23	-0.0001488579905
23.01	-0.0001442467355
23.02	-0.0001396267805
23.03	-0.0001349999602
23.04	-0.0001303680937
23.05	-0.000125732984
23.06	-0.0001210964173
23.07	-0.0001164601624
23.08	-0.0001118259707
23.09	-0.0001071955751
23.1	-0.0001025706902
23.11	-9.795301095e-05
23.12	-9.334421315e-05
23.13	-8.874595233e-05
23.14	-8.415986363e-05
23.15	-7.95875613e-05
23.16	-7.503063833e-05
23.17	-7.049066601e-05
23.18	-6.59691936e-05
23.19	-6.146774795e-05
23.2	-5.698783312e-05
23.21	-5.253093008e-05
23.22	-4.809849633e-05
23.23	-4.369196564e-05
23.24	-3.931274768e-05
23.25	-3.496222778e-05
23.26	-3.064176662e-05
23.27	-2.635269997e-05
23.28	-2.209633841e-05
23.29	-1.787396715e-05
23.3	-1.368684569e-05
23.31	-9.536207707e-06
23.32	-5.423260774e-06
23.33	-1.349186193e-06
23.34	2.684861199e-06
23.35	6.677753201e-06
23.36	1.062838841e-05
23.37	1.453569238e-05
23.38	1.839861774e-05
23.39	2.221614433e-05
23.4	2.598727935e-05
23.41	2.97110574e-05
23.42	3.338654061e-05
23.43	3.701281874e-05
23.44	4.05890092e-05
23.45	4.411425715e-05
23.46	4.758773552e-05
23.47	5.100864507e-05
23.48	5.437621441e-05
23.49	5.768969999e-05
23.5	6.094838614e-05
23.51	6.415158504e-05
23.52	6.729863671e-05
23.53	7.038890899e-05
23.54	7.342179748e-05
23.55	7.639672553e-05
23.56	7.931314413e-05
23.57	8.217053191e-05
23.58	8.496839499e-05
23.59	8.770626695e-05
23.6	9.03837087e-05
23.61	9.30003084e-05
23.62	9.555568131e-05
23.63	9.804946971e-05
23.64	0.0001004813427
23.65	0.0001028509962
23.66	0.0001051581525
23.67	0.0001074025606
23.68	0.0001095839955
23.69	0.0001117022583
23.7	0.0001137571761
23.71	0.0001157486015
23.72	0.0001176764128
23.73	0.0001195405135
23.74	0.0001213408321
23.75	0.0001230773221
23.76	0.0001247499614
23.77	0.0001263587524
23.78	0.0001279037218
23.79	0.0001293849199
23.8	0.0001308024207
23.81	0.0001321563217
23.82	0.0001334467434
23.83	0.0001346738292
23.84	0.0001358377448
23.85	0.0001369386785
23.86	0.0001379768404
23.87	0.0001389524621
23.88	0.0001398657968
23.89	0.0001407171186
23.9	0.0001415067225
23.91	0.0001422349238
23.92	0.0001429020578
23.93	0.0001435084799
23.94	0.0001440545645
23.95	0.0001445407054
23.96	0.0001449673152
23.97	0.0001453348247
23.98	0.000145643683
23.99	0.0001458943567
24	0.0001460873299
24.01	0.0001462231038
24.02	0.0001463021961
24.03	0.0001463251409
24.04	0.0001462924881
24.05	0.0001462048034
24.06	0.0001460626675
24.07	0.0001458666759
24.08	0.0001456174388
24.09	0.0001453155801
24.1	0.0001449617379
24.11	0.0001445565631
24.12	0.0001441007198
24.13	0.0001435948848
24.14	0.0001430397468
24.15	0.0001424360065
24.16	0.0001417843759
24.17	0.0001410855781
24.18	0.000140340347
24.19	0.0001395494264
24.2	0.0001387135703
24.21	0.0001378335421
24.22	0.0001369101143
24.23	0.0001359440682
24.24	0.0001349361934
24.25	0.0001338872874
24.26	0.0001327981554
24.27	0.0001316696099
24.28	0.00013050247
24.29	0.0001292975614
24.3	0.0001280557158
24.31	0.0001267777707
24.32	0.0001254645688
24.33	0.0001241169579
24.34	0.0001227357903
24.35	0.0001213219224
24.36	0.0001198762148
24.37	0.0001183995312
24.38	0.0001168927386
24.39	0.0001153567068
24.4	0.000113792308
24.41	0.0001122004163
24.42	0.0001105819078
24.43	0.0001089376597
24.44	0.0001072685502
24.45	0.0001055754584
24.46	0.0001038592636
24.47	0.000102120845
24.48	0.0001003610815
24.49	9.858085152e-05
24.5	9.678103226e-05
24.51	9.496249969e-05
24.52	9.312612815e-05
24.53	9.127279002e-05
24.54	8.940335542e-05
24.55	8.75186919e-05
24.56	8.561966415e-05
24.57	8.370713369e-05
24.58	8.178195856e-05
24.59	7.984499307e-05
24.6	7.789708748e-05
24.61	7.593908773e-05
24.62	7.397183515e-05
24.63	7.199616624e-05
24.64	7.001291231e-05
24.65	6.80228993e-05
24.66	6.602694749e-05
24.67	6.402587122e-05
24.68	6.20204787e-05
24.69	6.001157171e-05
24.7	5.799994539e-05
24.71	5.598638799e-05
24.72	5.397168065e-05
24.73	5.195659717e-05
24.74	4.994190381e-05
24.75	4.792835904e-05
24.76	4.591671335e-05
24.77	4.390770906e-05
24.78	4.190208007e-05
24.79	3.990055174e-05
24.8	3.790384064e-05
24.81	3.591265439e-05
24.82	3.392769147e-05
24.83	3.194964108e-05
24.84	2.997918292e-05
24.85	2.801698707e-05
24.86	2.60637138e-05
24.87	2.412001345e-05
24.88	2.218652627e-05
24.89	2.026388226e-05
24.9	1.835270105e-05
24.91	1.645359178e-05
24.92	1.456715294e-05
24.93	1.26939723e-05
24.94	1.083462673e-05
24.95	8.989682152e-06
24.96	7.159693397e-06
24.97	5.345204117e-06
24.98	3.546746689e-06
24.99	1.764842128e-06
25	5.02137063e-19
25.01	-1.747281656e-06
25.02	-3.476516399e-06
25.03	-5.187229461e-06
25.04	-6.878957803e-06
25.05	-8.55125018e-06
25.06	-1.020366719e-05
25.07	-1.183578132e-05
25.08	-1.3447177e-05
25.09	-1.503745064e-05
25.1	-1.660621063e-05
25.11	-1.815307744e-05
25.12	-1.967768357e-05
25.13	-2.117967361e-05
25.14	-2.265870424e-05
25.15	-2.411444424e-05
25.16	-2.554657452e-05
25.17	-2.695478808e-05
25.18	-2.833879003e-05
25.19	-2.969829757e-05
25.2	-3.103303999e-05
25.21	-3.234275865e-05
25.22	-3.362720693e-05
25.23	-3.488615025e-05
25.24	-3.611936601e-05
25.25	-3.732664355e-05
25.26	-3.850778413e-05
25.27	-3.966260088e-05
25.28	-4.079091873e-05
25.29	-4.189257441e-05
25.3	-4.296741634e-05
25.31	-4.401530461e-05
25.32	-4.503611089e-05
25.33	-4.602971838e-05
25.34	-4.699602172e-05
25.35	-4.793492697e-05
25.36	-4.884635144e-05
25.37	-4.973022369e-05
25.38	-5.058648343e-05
25.39	-5.141508139e-05
25.4	-5.221597926e-05
25.41	-5.298914962e-05
25.42	-5.373457579e-05
25.43	-5.445225176e-05
25.44	-5.514218207e-05
25.45	-5.580438175e-05
25.46	-5.643887613e-05
25.47	-5.704570079e-05
25.48	-5.762490144e-05
25.49	-5.817653377e-05
25.5	-5.870066334e-05
25.51	-5.91973655e-05
25.52	-5.966672518e-05
25.53	-6.010883686e-05
25.54	-6.052380435e-05
25.55	-6.091174073e-05
25.56	-6.127276816e-05
25.57	-6.160701778e-05
25.58	-6.191462956e-05
25.59	-6.219575214e-05
25.6	-6.245054272e-05
25.61	-6.26791669e-05
25.62	-6.288179852e-05
25.63	-6.305861954e-05
25.64	-6.320981988e-05
25.65	-6.333559723e-05
25.66	-6.343615699e-05
25.67	-6.351171201e-05
25.68	-6.35624825e-05
25.69	-6.358869587e-05
25.7	-6.359058653e-05
25.71	-6.35683958e-05
25.72	-6.352237168e-05
25.73	-6.345276874e-05
25.74	-6.335984792e-05
25.75	-6.32438764e-05
25.76	-6.310512742e-05
25.77	-6.294388014e-05
25.78	-6.276041941e-05
25.79	-6.25550357e-05
25.8	-6.232802485e-05
25.81	-6.207968797e-05
25.82	-6.181033121e-05
25.83	-6.152026566e-05
25.84	-6.120980713e-05
25.85	-6.087927601e-05
25.86	-6.05289971e-05
25.87	-6.015929944e-05
25.88	-5.977051614e-05
25.89	-5.936298422e-05
25.9	-5.893704444e-05
25.91	-5.849304114e-05
25.92	-5.803132206e-05
25.93	-5.75522382e-05
25.94	-5.705614362e-05
25.95	-5.65433953e-05
25.96	-5.601435297e-05
25.97	-5.546937895e-05
25.98	-5.490883798e-05
25.99	-5.433309706e-05
26	-5.374252529e-05
26.01	-5.313749371e-05
26.02	-5.251837515e-05
26.03	-5.188554404e-05
26.04	-5.12393763e-05
26.05	-5.058024912e-05
26.06	-4.990854087e-05
26.07	-4.922463092e-05
26.08	-4.852889945e-05
26.09	-4.782172736e-05
26.1	-4.710349607e-05
26.11	-4.637458742e-05
26.12	-4.563538344e-05
26.13	-4.488626631e-05
26.14	-4.412761812e-05
26.15	-4.335982078e-05
26.16	-4.258325585e-05
26.17	-4.179830443e-05
26.18	-4.100534699e-05
26.19	-4.020476325e-05
26.2	-3.939693202e-05
26.21	-3.85822311e-05
26.22	-3.776103714e-05
26.23	-3.693372546e-05
26.24	-3.610067001e-05
26.25	-3.526224316e-05
26.26	-3.441881561e-05
26.27	-3.357075627e-05
26.28	-3.271843214e-05
26.29	-3.186220817e-05
26.3	-3.100244716e-05
26.31	-3.013950963e-05
26.32	-2.927375373e-05
26.33	-2.840553509e-05
26.34	-2.753520676e-05
26.35	-2.666311906e-05
26.36	-2.578961949e-05
26.37	-2.491505263e-05
26.38	-2.403976004e-05
26.39	-2.316408015e-05
26.4	-2.228834816e-05
26.41	-2.141289597e-05
26.42	-2.053805206e-05
26.43	-1.966414143e-05
26.44	-1.879148547e-05
26.45	-1.792040192e-05
26.46	-1.705120473e-05
26.47	-1.618420405e-05
26.48	-1.531970609e-05
26.49	-1.445801308e-05
26.5	-1.359942316e-05
26.51	-1.274423035e-05
26.52	-1.189272446e-05
26.53	-1.1045191e-05
26.54	-1.020191115e-05
26.55	-9.363161696e-06
26.56	-8.529214927e-06
26.57	-7.700338624e-06
26.58	-6.876795981e-06
26.59	-6.058845555e-06
26.6	-5.246741213e-06
26.61	-4.440732085e-06
26.62	-3.641062515e-06
26.63	-2.847972017e-06
26.64	-2.061695234e-06
26.65	-1.282461892e-06
26.66	-5.104967701e-07
26.67	2.539803418e-07
26.68	1.010754674e-06
26.69	1.759616507e-06
26.7	2.500361204e-06
26.71	3.232789235e-06
26.72	3.956706203e-06
26.73	4.671922864e-06
26.74	5.378255153e-06
26.75	6.075524193e-06
26.76	6.763556321e-06
26.77	7.442183095e-06
26.78	8.111241308e-06
26.79	8.770572999e-06
26.8	9.420025457e-06
26.81	1.005945123e-05
26.82	1.068870813e-05
26.83	1.130765923e-05
26.84	1.191617286e-05
26.85	1.251412261e-05
26.86	1.310138734e-05
26.87	1.367785114e-05
26.88	1.424340336e-05
26.89	1.479793855e-05
26.9	1.53413565e-05
26.91	1.587356221e-05
26.92	1.639446585e-05
26.93	1.690398277e-05
26.94	1.740203346e-05
26.95	1.788854357e-05
26.96	1.836344382e-05
26.97	1.882667004e-05
26.98	1.927816309e-05
26.99	1.971786888e-05
27	2.014573831e-05
27.01	2.056172725e-05
27.02	2.096579651e-05
27.03	2.135791178e-05
27.04	2.173804364e-05
27.05	2.210616747e-05
27.06	2.246226347e-05
27.07	2.280631657e-05
27.08	2.313831641e-05
27.09	2.345825729e-05
27.1	2.376613813e-05
27.11	2.406196243e-05
27.12	2.434573822e-05
27.13	2.4617478e-05
27.14	2.487719871e-05
27.15	2.512492166e-05
27.16	2.536067249e-05
27.17	2.558448111e-05
27.18	2.579638167e-05
27.19	2.599641248e-05
27.2	2.618461594e-05
27.21	2.636103852e-05
27.22	2.652573069e-05
27.23	2.667874684e-05
27.24	2.682014526e-05
27.25	2.694998804e-05
27.26	2.706834103e-05
27.27	2.717527376e-05
27.28	2.727085941e-05
27.29	2.735517471e-05
27.3	2.74282999e-05
27.31	2.749031865e-05
27.32	2.754131801e-05
27.33	2.758138833e-05
27.34	2.761062317e-05
27.35	2.762911931e-05
27.36	2.763697659e-05
27.37	2.76342979e-05
27.38	2.762118908e-05
27.39	2.759775888e-05
27.4	2.756411885e-05
27.41	2.752038334e-05
27.42	2.746666932e-05
27.43	2.740309642e-05
27.44	2.732978678e-05
27.45	2.724686504e-05
27.46	2.715445821e-05
27.47	2.705269563e-05
27.48	2.694170891e-05
27.49	2.682163182e-05
27.5	2.669260025e-05
27.51	2.655475213e-05
27.52	2.640822733e-05
27.53	2.625316765e-05
27.54	2.608971667e-05
27.55	2.591801975e-05
27.56	2.57382239e-05
27.57	2.555047774e-05
27.58	2.535493143e-05
27.59	2.515173656e-05
27.6	2.494104614e-05
27.61	2.472301446e-05
27.62	2.449779708e-05
27.63	2.426555072e-05
27.64	2.40264332e-05
27.65	2.378060337e-05
27.66	2.352822105e-05
27.67	2.326944692e-05
27.68	2.300444252e-05
27.69	2.27333701e-05
27.7	2.245639263e-05
27.71	2.217367366e-05
27.72	2.188537731e-05
27.73	2.159166816e-05
27.74	2.12927112e-05
27.75	2.098867179e-05
27.76	2.067971554e-05
27.77	2.036600827e-05
27.78	2.004771598e-05
27.79	1.972500473e-05
27.8	1.939804059e-05
27.81	1.90669896e-05
27.82	1.873201771e-05
27.83	1.839329068e-05
27.84	1.805097404e-05
27.85	1.770523305e-05
27.86	1.73562326e-05
27.87	1.700413719e-05
27.88	1.664911085e-05
27.89	1.629131708e-05
27.9	1.59309188e-05
27.91	1.556807832e-05
27.92	1.520295721e-05
27.93	1.483571635e-05
27.94	1.446651578e-05
27.95	1.409551471e-05
27.96	1.372287143e-05
27.97	1.334874331e-05
27.98	1.297328668e-05
27.99	1.259665683e-05
28	1.221900795e-05
28.01	1.184049309e-05
28.02	1.146126408e-05
28.03	1.108147155e-05
28.04	1.07012648e-05
28.05	1.032079182e-05
28.06	9.940199244e-06
28.07	9.559632269e-06
28.08	9.179234648e-06
28.09	8.799148637e-06
28.1	8.41951496e-06
28.11	8.040472769e-06
28.12	7.662159608e-06
28.13	7.284711375e-06
28.14	6.90826229e-06
28.15	6.53294486e-06
28.16	6.158889844e-06
28.17	5.786226222e-06
28.18	5.415081166e-06
28.19	5.045580006e-06
28.2	4.677846203e-06
28.21	4.312001323e-06
28.22	3.948165005e-06
28.23	3.586454939e-06
28.24	3.226986839e-06
28.25	2.869874419e-06
28.26	2.515229371e-06
28.27	2.16316134e-06
28.28	1.813777908e-06
28.29	1.467184569e-06
28.3	1.12348471e-06
28.31	7.827795965e-07
28.32	4.451683532e-07
28.33	1.107479468e-07
28.34	-2.203868278e-07
28.35	-5.481433623e-07
28.36	-8.724312482e-07
28.37	-1.193162289e-06
28.38	-1.510250512e-06
28.39	-1.823612177e-06
28.4	-2.13316579e-06
28.41	-2.438832106e-06
28.42	-2.74053414e-06
28.43	-3.038197175e-06
28.44	-3.331748764e-06
28.45	-3.621118737e-06
28.46	-3.906239205e-06
28.47	-4.187044561e-06
28.48	-4.463471485e-06
28.49	-4.735458945e-06
28.5	-5.002948193e-06
28.51	-5.26588277e-06
28.52	-5.524208502e-06
28.53	-5.777873498e-06
28.54	-6.026828145e-06
28.55	-6.27102511e-06
28.56	-6.510419327e-06
28.57	-6.744967999e-06
28.58	-6.974630586e-06
28.59	-7.199368802e-06
28.6	-7.419146604e-06
28.61	-7.633930187e-06
28.62	-7.843687969e-06
28.63	-8.048390586e-06
28.64	-8.248010879e-06
28.65	-8.442523881e-06
28.66	-8.631906807e-06
28.67	-8.816139041e-06
28.68	-8.995202119e-06
28.69	-9.169079718e-06
28.7	-9.33775764e-06
28.71	-9.501223794e-06
28.72	-9.659468183e-06
28.73	-9.812482886e-06
28.74	-9.960262037e-06
28.75	-1.010280181e-05
28.76	-1.024010041e-05
28.77	-1.037215802e-05
28.78	-1.049897683e-05
28.79	-1.062056097e-05
28.8	-1.073691652e-05
28.81	-1.084805149e-05
28.82	-1.095397575e-05
28.83	-1.105470108e-05
28.84	-1.11502411e-05
28.85	-1.124061124e-05
28.86	-1.132582875e-05
28.87	-1.140591266e-05
28.88	-1.148088374e-05
28.89	-1.155076449e-05
28.9	-1.161557912e-05
28.91	-1.167535352e-05
28.92	-1.173011522e-05
28.93	-1.177989337e-05
28.94	-1.182471873e-05
28.95	-1.186462361e-05
28.96	-1.189964187e-05
28.97	-1.192980889e-05
28.98	-1.195516152e-05
28.99	-1.197573807e-05
29	-1.199157827e-05
29.01	-1.200272327e-05
29.02	-1.200921556e-05
29.03	-1.201109899e-05
29.04	-1.200841869e-05
29.05	-1.200122109e-05
29.06	-1.198955386e-05
29.07	-1.197346589e-05
29.08	-1.195300726e-05
29.09	-1.19282292e-05
29.1	-1.189918405e-05
29.11	-1.186592528e-05
29.12	-1.182850739e-05
29.13	-1.178698592e-05
29.14	-1.174141742e-05
29.15	-1.169185939e-05
29.16	-1.16383703e-05
29.17	-1.158100949e-05
29.18	-1.151983719e-05
29.19	-1.145491447e-05
29.2	-1.138630323e-05
29.21	-1.131406611e-05
29.22	-1.123826655e-05
29.23	-1.115896865e-05
29.24	-1.107623725e-05
29.25	-1.09901378e-05
29.26	-1.090073641e-05
29.27	-1.080809975e-05
29.28	-1.071229507e-05
29.29	-1.061339015e-05
29.3	-1.051145326e-05
29.31	-1.040655313e-05
29.32	-1.029875896e-05
29.33	-1.018814032e-05
29.34	-1.007476718e-05
29.35	-9.958709836e-06
29.36	-9.840038925e-06
29.37	-9.718825353e-06
29.38	-9.595140287e-06
29.39	-9.46905512e-06
29.4	-9.340641445e-06
29.41	-9.209971022e-06
29.42	-9.077115751e-06
29.43	-8.942147645e-06
29.44	-8.805138799e-06
29.45	-8.666161361e-06
29.46	-8.525287509e-06
29.47	-8.382589419e-06
29.48	-8.238139239e-06
29.49	-8.092009062e-06
29.5	-7.9442709e-06
29.51	-7.794996656e-06
29.52	-7.644258101e-06
29.53	-7.492126843e-06
29.54	-7.338674306e-06
29.55	-7.183971704e-06
29.56	-7.028090014e-06
29.57	-6.871099953e-06
29.58	-6.713071956e-06
29.59	-6.554076146e-06
29.6	-6.394182318e-06
29.61	-6.233459911e-06
29.62	-6.071977987e-06
29.63	-5.909805207e-06
29.64	-5.747009811e-06
29.65	-5.583659596e-06
29.66	-5.419821894e-06
29.67	-5.255563551e-06
29.68	-5.090950909e-06
29.69	-4.926049782e-06
29.7	-4.760925438e-06
29.71	-4.595642581e-06
29.72	-4.430265332e-06
29.73	-4.264857207e-06
29.74	-4.099481106e-06
29.75	-3.934199286e-06
29.76	-3.769073352e-06
29.77	-3.604164237e-06
29.78	-3.439532185e-06
29.79	-3.275236735e-06
29.8	-3.111336707e-06
29.81	-2.947890186e-06
29.82	-2.784954508e-06
29.83	-2.622586244e-06
29.84	-2.460841189e-06
29.85	-2.299774345e-06
29.86	-2.139439911e-06
29.87	-1.979891271e-06
29.88	-1.821180979e-06
29.89	-1.663360747e-06
29.9	-1.506481441e-06
29.91	-1.350593058e-06
29.92	-1.195744729e-06
29.93	-1.041984699e-06
29.94	-8.893603202e-07
29.95	-7.379180471e-07
29.96	-5.877034226e-07
29.97	-4.387610726e-07
29.98	-2.911346971e-07
29.99	-1.448670637e-07
30	-1.685800339e-20
