temps	angle
0	0
0.01	0.750893275
0.02	1.495319015
0.03	2.232848573
0.04	2.963061164
0.05	3.685544078
0.06	4.399892877
0.07	5.105711594
0.08	5.802612919
0.09	6.49021838
0.1	7.168158516
0.11	7.836073047
0.12	8.493611027
0.13	9.140431003
0.14	9.776201153
0.15	10.40059943
0.16	11.01331369
0.17	11.6140418
0.18	12.20249178
0.19	12.77838189
0.2	13.34144074
0.21	13.89140739
0.22	14.42803139
0.23	14.95107292
0.24	15.46030283
0.25	15.9555027
0.26	16.4364649
0.27	16.90299264
0.28	17.3549
0.29	17.79201199
0.3	18.21416454
0.31	18.62120456
0.32	19.01298989
0.33	19.38938937
0.34	19.75028282
0.35	20.09556099
0.36	20.42512559
0.37	20.73888925
0.38	21.03677548
0.39	21.31871865
0.4	21.58466393
0.41	21.83456724
0.42	22.06839522
0.43	22.28612512
0.44	22.48774478
0.45	22.6732525
0.46	22.84265702
0.47	22.99597737
0.48	23.13324281
0.49	23.25449273
0.5	23.35977653
0.51	23.44915353
0.52	23.52269281
0.53	23.58047313
0.54	23.6225828
0.55	23.64911951
0.56	23.66019024
0.57	23.65591108
0.58	23.6364071
0.59	23.60181219
0.6	23.55226892
0.61	23.48792835
0.62	23.40894988
0.63	23.3155011
0.64	23.20775759
0.65	23.08590275
0.66	22.95012761
0.67	22.80063068
0.68	22.63761773
0.69	22.46130159
0.7	22.27190201
0.71	22.06964539
0.72	21.85476465
0.73	21.62749899
0.74	21.38809368
0.75	21.13679989
0.76	20.87387442
0.77	20.59957956
0.78	20.31418283
0.79	20.01795678
0.8	19.71117879
0.81	19.3941308
0.82	19.06709916
0.83	18.73037438
0.84	18.38425087
0.85	18.0290268
0.86	17.66500381
0.87	17.29248683
0.88	16.91178381
0.89	16.52320555
0.9	16.12706545
0.91	15.72367929
0.92	15.31336501
0.93	14.89644247
0.94	14.47323326
0.95	14.04406046
0.96	13.60924841
0.97	13.16912253
0.98	12.72400905
0.99	12.27423483
1	11.82012712
1.01	11.36201337
1.02	10.900221
1.03	10.4350772
1.04	9.966908696
1.05	9.496041585
1.06	9.022801093
1.07	8.547511389
1.08	8.07049538
1.09	7.592074513
1.1	7.112568583
1.11	6.632295532
1.12	6.151571268
1.13	5.670709471
1.14	5.190021408
1.15	4.709815757
1.16	4.230398425
1.17	3.75207237
1.18	3.275137436
1.19	2.799890179
1.2	2.326623701
1.21	1.855627495
1.22	1.38718728
1.23	0.9215848501
1.24	0.4590979248
1.25	2.228357493e-15
1.26	-0.4554397935
1.27	-0.9069568288
1.28	-1.354291118
1.29	-1.797187443
1.3	-2.235395481
1.31	-2.668669929
1.32	-3.096770621
1.33	-3.519462642
1.34	-3.936516436
1.35	-4.347707914
1.36	-4.752818555
1.37	-5.1516355
1.38	-5.543951646
1.39	-5.929565735
1.4	-6.308282434
1.41	-6.679912415
1.42	-7.044272433
1.43	-7.401185388
1.44	-7.750480398
1.45	-8.091992856
1.46	-8.425564486
1.47	-8.751043396
1.48	-9.068284122
1.49	-9.377147676
1.5	-9.677501579
1.51	-9.969219899
1.52	-10.25218328
1.53	-10.52627895
1.54	-10.79140077
1.55	-11.04744924
1.56	-11.29433148
1.57	-11.5319613
1.58	-11.76025913
1.59	-11.97915207
1.6	-12.18857387
1.61	-12.3884649
1.62	-12.57877218
1.63	-12.75944931
1.64	-12.93045649
1.65	-13.09176045
1.66	-13.24333447
1.67	-13.38515831
1.68	-13.51721817
1.69	-13.63950667
1.7	-13.7520228
1.71	-13.85477183
1.72	-13.94776532
1.73	-14.03102102
1.74	-14.10456282
1.75	-14.16842067
1.76	-14.22263056
1.77	-14.26723439
1.78	-14.30227992
1.79	-14.32782073
1.8	-14.34391606
1.81	-14.3506308
1.82	-14.34803536
1.83	-14.33620559
1.84	-14.31522272
1.85	-14.28517321
1.86	-14.24614867
1.87	-14.19824581
1.88	-14.14156627
1.89	-14.07621652
1.9	-14.00230782
1.91	-13.91995604
1.92	-13.82928157
1.93	-13.73040922
1.94	-13.62346807
1.95	-13.50859142
1.96	-13.38591658
1.97	-13.25558482
1.98	-13.11774123
1.99	-12.97253457
2	-12.82011718
2.01	-12.66064482
2.02	-12.49427658
2.03	-12.32117471
2.04	-12.14150453
2.05	-11.95543427
2.06	-11.76313495
2.07	-11.56478023
2.08	-11.36054633
2.09	-11.15061181
2.1	-10.93515752
2.11	-10.71436642
2.12	-10.48842344
2.13	-10.25751539
2.14	-10.02183076
2.15	-9.781559648
2.16	-9.536893575
2.17	-9.28802538
2.18	-9.035149077
2.19	-8.778459716
2.2	-8.518153253
2.21	-8.254426418
2.22	-7.987476578
2.23	-7.717501605
2.24	-7.444699749
2.25	-7.169269501
2.26	-6.891409466
2.27	-6.611318236
2.28	-6.329194257
2.29	-6.045235707
2.3	-5.759640367
2.31	-5.472605499
2.32	-5.184327722
2.33	-4.895002887
2.34	-4.604825963
2.35	-4.313990915
2.36	-4.022690585
2.37	-3.73111658
2.38	-3.439459156
2.39	-3.147907108
2.4	-2.856647658
2.41	-2.565866347
2.42	-2.27574693
2.43	-1.98647127
2.44	-1.698219237
2.45	-1.411168608
2.46	-1.125494969
2.47	-0.8413716159
2.48	-0.5589694671
2.49	-0.2784569672
2.5	-2.703134281e-15
2.51	0.2762381984
2.52	0.5500971237
2.53	0.8214190852
2.54	1.090049285
2.55	1.355835896
2.56	1.618630133
2.57	1.878286328
2.58	2.134661998
2.59	2.387617911
2.6	2.637018149
2.61	2.882730173
2.62	3.124624878
2.63	3.362576649
2.64	3.596463417
2.65	3.826166706
2.66	4.051571684
2.67	4.272567206
2.68	4.489045856
2.69	4.700903989
2.7	4.908041766
2.71	5.110363186
2.72	5.307776124
2.73	5.500192351
2.74	5.687527566
2.75	5.869701417
2.76	6.046637522
2.77	6.218263486
2.78	6.384510914
2.79	6.545315429
2.8	6.700616674
2.81	6.850358326
2.82	6.994488095
2.83	7.132957728
2.84	7.265723007
2.85	7.392743748
2.86	7.51398379
2.87	7.629410989
2.88	7.738997209
2.89	7.842718304
2.9	7.940554103
2.91	8.032488394
2.92	8.1185089
2.93	8.198607255
2.94	8.272778982
2.95	8.34102346
2.96	8.403343899
2.97	8.459747303
2.98	8.510244437
2.99	8.55484979
3	8.593581537
3.01	8.626461496
3.02	8.653515084
3.03	8.674771277
3.04	8.690262558
3.05	8.70002487
3.06	8.704097564
3.07	8.70252335
3.08	8.695348236
3.09	8.682621481
3.1	8.664395529
3.11	8.640725954
3.12	8.6116714
3.13	8.577293516
3.14	8.537656894
3.15	8.492829002
3.16	8.442880121
3.17	8.387883274
3.18	8.327914159
3.19	8.263051078
3.2	8.193374864
3.21	8.118968813
3.22	8.039918608
3.23	7.956312243
3.24	7.868239952
3.25	7.77579413
3.26	7.679069255
3.27	7.578161815
3.28	7.473170226
3.29	7.364194755
3.3	7.251337437
3.31	7.134702001
3.32	7.014393785
3.33	6.890519658
3.34	6.763187937
3.35	6.632508305
3.36	6.498591731
3.37	6.36155039
3.38	6.221497576
3.39	6.078547624
3.4	5.932815826
3.41	5.784418351
3.42	5.633472161
3.43	5.48009493
3.44	5.324404963
3.45	5.166521112
3.46	5.006562701
3.47	4.844649438
3.48	4.68090134
3.49	4.51543865
3.5	4.34838176
3.51	4.17985113
3.52	4.009967211
3.53	3.838850368
3.54	3.666620801
3.55	3.493398472
3.56	3.319303024
3.57	3.144453713
3.58	2.96896933
3.59	2.792968129
3.6	2.616567756
3.61	2.439885174
3.62	2.263036601
3.63	2.086137431
3.64	1.909302175
3.65	1.732644389
3.66	1.556276608
3.67	1.380310287
3.68	1.20485573
3.69	1.030022034
3.7	0.855917027
3.71	0.6826472058
3.72	0.5103176813
3.73	0.3390321197
3.74	0.168892688
3.75	2.459300728e-15
3.76	-0.1675469367
3.77	-0.3336507713
3.78	-0.4982158597
3.79	-0.6611483121
3.8	-0.8223560403
3.81	-0.9817488023
3.82	-1.139238246
3.83	-1.29473795
3.84	-1.448163466
3.85	-1.599432358
3.86	-1.748464234
3.87	-1.895180789
3.88	-2.039505833
3.89	-2.181365329
3.9	-2.320687416
3.91	-2.457402446
3.92	-2.591443006
3.93	-2.722743945
3.94	-2.851242398
3.95	-2.97687781
3.96	-3.099591955
3.97	-3.219328954
3.98	-3.336035295
3.99	-3.449659847
4	-3.560153873
4.01	-3.667471046
4.02	-3.771567454
4.03	-3.872401617
4.04	-3.969934485
4.05	-4.064129452
4.06	-4.154952355
4.07	-4.242371478
4.08	-4.326357556
4.09	-4.406883769
4.1	-4.483925743
4.11	-4.557461545
4.12	-4.627471681
4.13	-4.693939083
4.14	-4.756849107
4.15	-4.816189519
4.16	-4.871950485
4.17	-4.924124559
4.18	-4.972706667
4.19	-5.017694093
4.2	-5.059086462
4.21	-5.096885719
4.22	-5.131096113
4.23	-5.161724173
4.24	-5.188778687
4.25	-5.212270679
4.26	-5.232213382
4.27	-5.248622213
4.28	-5.261514746
4.29	-5.270910683
4.3	-5.276831824
4.31	-5.279302038
4.32	-5.278347228
4.33	-5.273995302
4.34	-5.266276135
4.35	-5.255221536
4.36	-5.240865213
4.37	-5.223242736
4.38	-5.202391495
4.39	-5.178350668
4.4	-5.151161178
4.41	-5.12086565
4.42	-5.087508376
4.43	-5.051135269
4.44	-5.011793821
4.45	-4.969533061
4.46	-4.92440351
4.47	-4.876457137
4.48	-4.825747314
4.49	-4.772328769
4.5	-4.716257543
4.51	-4.657590941
4.52	-4.596387485
4.53	-4.532706868
4.54	-4.466609903
4.55	-4.398158479
4.56	-4.327415511
4.57	-4.25444489
4.58	-4.179311434
4.59	-4.102080841
4.6	-4.022819638
4.61	-3.94159513
4.62	-3.858475355
4.63	-3.773529029
4.64	-3.6868255
4.65	-3.598434697
4.66	-3.508427079
4.67	-3.416873586
4.68	-3.323845593
4.69	-3.229414855
4.7	-3.133653459
4.71	-3.036633778
4.72	-2.93842842
4.73	-2.839110178
4.74	-2.738751983
4.75	-2.637426858
4.76	-2.535207863
4.77	-2.432168058
4.78	-2.328380446
4.79	-2.223917934
4.8	-2.11885328
4.81	-2.013259053
4.82	-1.907207585
4.83	-1.800770927
4.84	-1.694020802
4.85	-1.587028567
4.86	-1.479865164
4.87	-1.372601082
4.88	-1.265306312
4.89	-1.158050308
4.9	-1.050901944
4.91	-0.943929478
4.92	-0.8372005089
4.93	-0.7307819407
4.94	-0.6247399439
4.95	-0.519139919
4.96	-0.4140464601
4.97	-0.3095233199
4.98	-0.2056333752
4.99	-0.1024385935
5	-1.988855057e-15
5.01	0.1016223541
5.02	0.2023694225
5.03	0.302183194
5.04	0.4010067219
5.05	0.4987841517
5.06	0.5954607487
5.07	0.6909829247
5.08	0.7852982629
5.09	0.8783555427
5.1	0.9701047631
5.11	1.060497165
5.12	1.149485254
5.13	1.237022819
5.14	1.323064952
5.15	1.40756807
5.16	1.490489927
5.17	1.571789636
5.18	1.651427681
5.19	1.729365933
5.2	1.805567662
5.21	1.879997553
5.22	1.952621714
5.23	2.023407688
5.24	2.092324463
5.25	2.159342477
5.26	2.224433633
5.27	2.287571296
5.28	2.348730307
5.29	2.407886982
5.3	2.465019118
5.31	2.520105993
5.32	2.573128372
5.33	2.624068503
5.34	2.67291012
5.35	2.719638439
5.36	2.764240158
5.37	2.806703451
5.38	2.847017969
5.39	2.885174827
5.4	2.921166606
5.41	2.954987342
5.42	2.986632517
5.43	3.016099055
5.44	3.043385309
5.45	3.068491049
5.46	3.091417458
5.47	3.11216711
5.48	3.130743968
5.49	3.14715336
5.5	3.161401974
5.51	3.173497834
5.52	3.183450293
5.53	3.19127001
5.54	3.196968934
5.55	3.200560287
5.56	3.202058548
5.57	3.201479427
5.58	3.19883985
5.59	3.194157938
5.6	3.187452985
5.61	3.178745435
5.62	3.168056862
5.63	3.155409946
5.64	3.140828447
5.65	3.124337187
5.66	3.105962021
5.67	3.085729812
5.68	3.063668407
5.69	3.039806613
5.7	3.014174166
5.71	2.98680171
5.72	2.957720765
5.73	2.926963702
5.74	2.894563717
5.75	2.860554799
5.76	2.824971706
5.77	2.787849934
5.78	2.749225687
5.79	2.709135851
5.8	2.667617964
5.81	2.624710185
5.82	2.580451266
5.83	2.534880521
5.84	2.488037799
5.85	2.439963449
5.86	2.390698295
5.87	2.340283602
5.88	2.288761052
5.89	2.236172703
5.9	2.182560971
5.91	2.127968591
5.92	2.072438591
5.93	2.01601426
5.94	1.958739122
5.95	1.9006569
5.96	1.841811489
5.97	1.782246928
5.98	1.722007369
5.99	1.661137047
6	1.599680252
6.01	1.537681298
6.02	1.475184497
6.03	1.412234128
6.04	1.348874411
6.05	1.285149478
6.06	1.221103342
6.07	1.156779875
6.08	1.092222778
6.09	1.027475555
6.1	0.9625814837
6.11	0.8975835944
6.12	0.83252464
6.13	0.7674470723
6.14	0.7023930172
6.15	0.6374042495
6.16	0.572522169
6.17	0.5077877769
6.18	0.4432416526
6.19	0.3789239304
6.2	0.3148742776
6.21	0.2511318726
6.22	0.1877353834
6.23	0.1247229467
6.24	0.06213214769
6.25	1.507876962e-15
6.26	-0.06163707345
6.27	-0.1227432593
6.28	-0.183283372
6.29	-0.2432228716
6.3	-0.3025278806
6.31	-0.3611652008
6.32	-0.4191023292
6.33	-0.4763074735
6.34	-0.5327495668
6.35	-0.588398282
6.36	-0.6432240453
6.37	-0.6971980495
6.38	-0.7502922663
6.39	-0.8024794582
6.4	-0.8537331899
6.41	-0.9040278387
6.42	-0.9533386049
6.43	-1.001641521
6.44	-1.04891346
6.45	-1.095132145
6.46	-1.140276156
6.47	-1.184324937
6.48	-1.2272588
6.49	-1.269058937
6.5	-1.309707417
6.51	-1.349187199
6.52	-1.387482127
6.53	-1.424576943
6.54	-1.46045728
6.55	-1.495109672
6.56	-1.52852155
6.57	-1.560681249
6.58	-1.591578
6.59	-1.621201938
6.6	-1.649544096
6.61	-1.676596406
6.62	-1.702351696
6.63	-1.726803687
6.64	-1.749946991
6.65	-1.771777109
6.66	-1.792290422
6.67	-1.811484191
6.68	-1.82935655
6.69	-1.845906499
6.7	-1.8611339
6.71	-1.87503947
6.72	-1.887624771
6.73	-1.898892204
6.74	-1.908845004
6.75	-1.917487225
6.76	-1.924823735
6.77	-1.930860207
6.78	-1.935603104
6.79	-1.939059676
6.8	-1.941237943
6.81	-1.942146683
6.82	-1.941795429
6.83	-1.940194444
6.84	-1.937354722
6.85	-1.933287962
6.86	-1.928006566
6.87	-1.921523619
6.88	-1.913852876
6.89	-1.90500875
6.9	-1.895006295
6.91	-1.883861194
6.92	-1.871589738
6.93	-1.85820882
6.94	-1.84373591
6.95	-1.828189046
6.96	-1.811586812
6.97	-1.793948327
6.98	-1.775293225
6.99	-1.755641641
7	-1.735014189
7.01	-1.713431953
7.02	-1.69091646
7.03	-1.667489669
7.04	-1.643173955
7.05	-1.617992084
7.06	-1.5919672
7.07	-1.565122809
7.08	-1.537482755
7.09	-1.509071207
7.1	-1.47991264
7.11	-1.450031814
7.12	-1.419453757
7.13	-1.388203751
7.14	-1.356307305
7.15	-1.323790145
7.16	-1.290678193
7.17	-1.256997546
7.18	-1.222774459
7.19	-1.188035332
7.2	-1.152806683
7.21	-1.117115137
7.22	-1.080987405
7.23	-1.044450266
7.24	-1.007530549
7.25	-0.9702551185
7.26	-0.932650852
7.27	-0.894744626
7.28	-0.8565632974
7.29	-0.8181336866
7.3	-0.7794825604
7.31	-0.7406366153
7.32	-0.7016224606
7.33	-0.6624666021
7.34	-0.623195426
7.35	-0.5838351823
7.36	-0.5444119697
7.37	-0.5049517191
7.38	-0.4654801791
7.39	-0.4260229001
7.4	-0.3866052199
7.41	-0.3472522489
7.42	-0.3079888553
7.43	-0.268839652
7.44	-0.2298289815
7.45	-0.1909809033
7.46	-0.1523191804
7.47	-0.1138672659
7.48	-0.07564829116
7.49	-0.03768505253
7.5	-1.09748833e-15
7.51	0.03738477482
7.52	0.07444755004
7.53	0.1111669846
7.54	0.1475221288
7.55	0.183492435
7.56	0.2190577675
7.57	0.2541984122
7.58	0.2888950861
7.59	0.3231289462
7.6	0.3568815981
7.61	0.3901351045
7.62	0.4228719929
7.63	0.4550752632
7.64	0.4867283952
7.65	0.5178153549
7.66	0.5483206014
7.67	0.5782290929
7.68	0.6075262924
7.69	0.6361981728
7.7	0.6642312225
7.71	0.6916124493
7.72	0.7183293851
7.73	0.7443700896
7.74	0.7697231541
7.75	0.7943777038
7.76	0.8183234017
7.77	0.8415504501
7.78	0.8640495929
7.79	0.8858121174
7.8	0.9068298554
7.81	0.9270951843
7.82	0.9466010274
7.83	0.9653408544
7.84	0.9833086811
7.85	1.000499069
7.86	1.016907124
7.87	1.032528497
7.88	1.047359379
7.89	1.061396503
7.9	1.074637139
7.91	1.087079092
7.92	1.098720701
7.93	1.109560835
7.94	1.119598887
7.95	1.128834772
7.96	1.137268927
7.97	1.144902297
7.98	1.151736341
7.99	1.157773019
8	1.163014791
8.01	1.16746461
8.02	1.171125915
8.03	1.174002628
8.04	1.176099145
8.05	1.17742033
8.06	1.177971509
8.07	1.177758462
8.08	1.176787416
8.09	1.175065037
8.1	1.172598423
8.11	1.169395094
8.12	1.165462988
8.13	1.160810447
8.14	1.155446214
8.15	1.149379418
8.16	1.142619573
8.17	1.135176559
8.18	1.127060622
8.19	1.118282358
8.2	1.108852708
8.21	1.098782944
8.22	1.088084662
8.23	1.076769771
8.24	1.064850483
8.25	1.052339301
8.26	1.039249013
8.27	1.025592676
8.28	1.011383609
8.29	0.9966353829
8.3	0.9813618058
8.31	0.9655769161
8.32	0.9492949697
8.33	0.9325304296
8.34	0.915297955
8.35	0.89761239
8.36	0.8794887526
8.37	0.8609422239
8.38	0.8419881366
8.39	0.8226419644
8.4	0.8029193102
8.41	0.7828358959
8.42	0.7624075506
8.43	0.7416501995
8.44	0.7205798537
8.45	0.6992125981
8.46	0.6775645812
8.47	0.6556520039
8.48	0.6334911087
8.49	0.6110981687
8.5	0.5884894771
8.51	0.5656813365
8.52	0.5426900483
8.53	0.5195319019
8.54	0.4962231647
8.55	0.4727800716
8.56	0.4492188149
8.57	0.4255555339
8.58	0.4018063052
8.59	0.3779871328
8.6	0.3541139383
8.61	0.3302025511
8.62	0.3062686993
8.63	0.2823280001
8.64	0.2583959507
8.65	0.2344879191
8.66	0.2106191356
8.67	0.1868046836
8.68	0.1630594915
8.69	0.1393983237
8.7	0.1158357733
8.71	0.09238625295
8.72	0.06906398793
8.73	0.04588300794
8.74	0.02285713977
8.75	7.76603708e-16
8.76	-0.02267501214
8.77	-0.04515472164
8.78	-0.06742618448
8.79	-0.08947669408
8.8	-0.1112937876
8.81	-0.1328652522
8.82	-0.1541791307
8.83	-0.1752237272
8.84	-0.1959876129
8.85	-0.2164596312
8.86	-0.2366289023
8.87	-0.2564848288
8.88	-0.2760170996
8.89	-0.2952156946
8.9	-0.3140708888
8.91	-0.3325732561
8.92	-0.3507136732
8.93	-0.3684833229
8.94	-0.3858736975
8.95	-0.4028766016
8.96	-0.4194841551
8.97	-0.4356887958
8.98	-0.4514832815
8.99	-0.4668606924
9	-0.4818144328
9.01	-0.4963382327
9.02	-0.5104261497
9.03	-0.5240725696
9.04	-0.537272208
9.05	-0.5500201105
9.06	-0.5623116537
9.07	-0.5741425456
9.08	-0.5855088253
9.09	-0.5964068631
9.1	-0.6068333604
9.11	-0.616785349
9.12	-0.6262601906
9.13	-0.6352555753
9.14	-0.6437695212
9.15	-0.6518003726
9.16	-0.6593467988
9.17	-0.6664077919
9.18	-0.6729826652
9.19	-0.6790710513
9.2	-0.6846728992
9.21	-0.6897884724
9.22	-0.6944183457
9.23	-0.6985634029
9.24	-0.7022248333
9.25	-0.7054041287
9.26	-0.70810308
9.27	-0.7103237738
9.28	-0.7120685884
9.29	-0.7133401901
9.3	-0.7141415295
9.31	-0.7144758366
9.32	-0.7143466172
9.33	-0.713757648
9.34	-0.7127129723
9.35	-0.711216895
9.36	-0.7092739781
9.37	-0.706889035
9.38	-0.7040671265
9.39	-0.7008135544
9.4	-0.697133857
9.41	-0.6930338031
9.42	-0.688519387
9.43	-0.6835968223
9.44	-0.6782725363
9.45	-0.6725531644
9.46	-0.6664455439
9.47	-0.6599567079
9.48	-0.6530938795
9.49	-0.6458644657
9.5	-0.6382760505
9.51	-0.6303363893
9.52	-0.6220534022
9.53	-0.6134351678
9.54	-0.6044899163
9.55	-0.5952260235
9.56	-0.5856520039
9.57	-0.5757765042
9.58	-0.5656082967
9.59	-0.5551562725
9.6	-0.5444294351
9.61	-0.5334368933
9.62	-0.522187855
9.63	-0.51069162
9.64	-0.4989575733
9.65	-0.4869951789
9.66	-0.4748139724
9.67	-0.4624235546
9.68	-0.4498335848
9.69	-0.437053774
9.7	-0.4240938784
9.71	-0.4109636924
9.72	-0.3976730425
9.73	-0.3842317801
9.74	-0.3706497754
9.75	-0.3569369108
9.76	-0.3431030742
9.77	-0.329158153
9.78	-0.3151120272
9.79	-0.3009745634
9.8	-0.2867556087
9.81	-0.2724649842
9.82	-0.2581124787
9.83	-0.2437078434
9.84	-0.229260785
9.85	-0.2147809606
9.86	-0.2002779712
9.87	-0.1857613562
9.88	-0.1712405882
9.89	-0.1567250664
9.9	-0.1422241123
9.91	-0.1277469633
9.92	-0.113302768
9.93	-0.09890058093
9.94	-0.08454935726
9.95	-0.07025794798
9.96	-0.05603509495
9.97	-0.04188942616
9.98	-0.02782945108
9.99	-0.01386355606
10	-5.383245249e-16
10.01	0.01375309007
10.02	0.02738772311
10.03	0.04089604815
10.04	0.05427035829
10.05	0.06750309444
10.06	0.08058684908
10.07	0.09351436983
10.08	0.1062785628
10.09	0.1188724962
10.1	0.1312894029
10.11	0.1435226842
10.12	0.1555659124
10.13	0.1674128335
10.14	0.17905737
10.15	0.1904936234
10.16	0.2017158764
10.17	0.2127185956
10.18	0.2234964329
10.19	0.2340442283
10.2	0.2443570109
10.21	0.2544300013
10.22	0.2642586128
10.23	0.2738384526
10.24	0.2831653238
10.25	0.2922352258
10.26	0.3010443557
10.27	0.3095891093
10.28	0.3178660814
10.29	0.3258720667
10.3	0.3336040605
10.31	0.3410592583
10.32	0.348235057
10.33	0.3551290541
10.34	0.3617390481
10.35	0.3680630384
10.36	0.3740992247
10.37	0.3798460065
10.38	0.3853019832
10.39	0.3904659524
10.4	0.39533691
10.41	0.3999140489
10.42	0.4041967576
10.43	0.4081846199
10.44	0.4118774127
10.45	0.4152751053
10.46	0.4183778572
10.47	0.4211860174
10.48	0.4237001216
10.49	0.4259208914
10.5	0.4278492315
10.51	0.4294862283
10.52	0.4308331471
10.53	0.4318914307
10.54	0.4326626961
10.55	0.433148733
10.56	0.4333515005
10.57	0.433273125
10.58	0.4329158971
10.59	0.4322822693
10.6	0.4313748526
10.61	0.4301964138
10.62	0.4287498728
10.63	0.4270382987
10.64	0.4250649075
10.65	0.4228330582
10.66	0.4203462498
10.67	0.417608118
10.68	0.4146224316
10.69	0.4113930889
10.7	0.4079241145
10.71	0.4042196554
10.72	0.4002839774
10.73	0.3961214616
10.74	0.3917366004
10.75	0.387133994
10.76	0.382318346
10.77	0.3772944604
10.78	0.372067237
10.79	0.3666416677
10.8	0.3610228327
10.81	0.3552158963
10.82	0.3492261029
10.83	0.3430587733
10.84	0.3367193002
10.85	0.3302131444
10.86	0.3235458308
10.87	0.3167229442
10.88	0.3097501252
10.89	0.3026330661
10.9	0.2953775072
10.91	0.2879892319
10.92	0.2804740636
10.93	0.272837861
10.94	0.2650865139
10.95	0.2572259398
10.96	0.2492620795
10.97	0.2412008928
10.98	0.233048355
10.99	0.2248104528
11	0.21649318
11.01	0.208102534
11.02	0.1996445117
11.03	0.1911251057
11.04	0.1825503005
11.05	0.1739260685
11.06	0.1652583666
11.07	0.156553132
11.08	0.147816279
11.09	0.1390536952
11.1	0.1302712377
11.11	0.12147473
11.12	0.112669958
11.13	0.1038626669
11.14	0.09505855793
11.15	0.08626328464
11.16	0.0774824499
11.17	0.06872160262
11.18	0.05998623459
11.19	0.05128177744
11.2	0.04261359954
11.21	0.03398700311
11.22	0.02540722129
11.23	0.01687941532
11.24	0.008408671806
11.25	3.673241204e-16
11.26	-0.008341670793
11.27	-0.01661149376
11.28	-0.02480470707
11.29	-0.03291663622
11.3	-0.0409426964
11.31	-0.04887839474
11.32	-0.05671933242
11.33	-0.06446120683
11.34	-0.07209981351
11.35	-0.07963104814
11.36	-0.08705090835
11.37	-0.0943554955
11.38	-0.1015410164
11.39	-0.1086037848
11.4	-0.1155402231
11.41	-0.1223468636
11.42	-0.1290203501
11.43	-0.1355574389
11.44	-0.1419550002
11.45	-0.148210019
11.46	-0.1543195966
11.47	-0.1602809507
11.48	-0.1660914173
11.49	-0.1717484506
11.5	-0.1772496243
11.51	-0.1825926317
11.52	-0.1877752867
11.53	-0.192795524
11.54	-0.1976513996
11.55	-0.2023410909
11.56	-0.2068628969
11.57	-0.2112152388
11.58	-0.2153966594
11.59	-0.2194058235
11.6	-0.2232415175
11.61	-0.2269026495
11.62	-0.2303882489
11.63	-0.233697466
11.64	-0.2368295717
11.65	-0.2397839568
11.66	-0.2425601319
11.67	-0.2451577261
11.68	-0.2475764868
11.69	-0.2498162789
11.7	-0.2518770836
11.71	-0.2537589978
11.72	-0.255462233
11.73	-0.2569871143
11.74	-0.2583340792
11.75	-0.2595036767
11.76	-0.2604965654
11.77	-0.2613135129
11.78	-0.2619553944
11.79	-0.2624231905
11.8	-0.2627179868
11.81	-0.2628409715
11.82	-0.2627934343
11.83	-0.2625767647
11.84	-0.26219245
11.85	-0.2616420739
11.86	-0.2609273147
11.87	-0.2600499432
11.88	-0.259011821
11.89	-0.2578148988
11.9	-0.2564612137
11.91	-0.2549528882
11.92	-0.2532921273
11.93	-0.251481217
11.94	-0.2495225216
11.95	-0.2474184823
11.96	-0.2451716142
11.97	-0.2427845049
11.98	-0.2402598114
11.99	-0.2376002587
12	-0.2348086368
12.01	-0.2318877986
12.02	-0.228840658
12.03	-0.2256701867
12.04	-0.2223794126
12.05	-0.2189714169
12.06	-0.2154493319
12.07	-0.2118163386
12.08	-0.2080756641
12.09	-0.2042305793
12.1	-0.2002843963
12.11	-0.1962404662
12.12	-0.1921021763
12.13	-0.1878729478
12.14	-0.1835562333
12.15	-0.1791555143
12.16	-0.1746742988
12.17	-0.1701161189
12.18	-0.1654845278
12.19	-0.1607830982
12.2	-0.156015419
12.21	-0.1511850935
12.22	-0.1462957366
12.23	-0.1413509725
12.24	-0.1363544322
12.25	-0.1313097513
12.26	-0.1262205672
12.27	-0.1210905174
12.28	-0.1159232365
12.29	-0.1107223542
12.3	-0.1054914931
12.31	-0.1002342661
12.32	-0.09495427443
12.33	-0.08965510523
12.34	-0.08434032949
12.35	-0.07901349976
12.36	-0.07367814811
12.37	-0.06833778393
12.38	-0.06299589188
12.39	-0.05765592985
12.4	-0.05232132694
12.41	-0.04699548145
12.42	-0.04168175897
12.43	-0.03638349044
12.44	-0.0311039703
12.45	-0.02584645464
12.46	-0.02061415942
12.47	-0.01541025869
12.48	-0.01023788291
12.49	-0.005100117258
12.5	-2.475481568e-16
12.51	0.005059479089
12.52	0.01007538027
12.53	0.01504481534
12.54	0.01996494908
12.55	0.02483300066
12.56	0.02964624501
12.57	0.03440201411
12.58	0.0390976983
12.59	0.04373074746
12.6	0.04829867216
12.61	0.05279904487
12.62	0.05722950093
12.63	0.06158773964
12.64	0.06587152522
12.65	0.07007868772
12.66	0.0742071239
12.67	0.07825479807
12.68	0.08221974285
12.69	0.08610005992
12.7	0.08989392063
12.71	0.09359956671
12.72	0.09721531079
12.73	0.1007395369
12.74	0.1041707011
12.75	0.1075073315
12.76	0.1107480294
12.77	0.1138914685
12.78	0.1169363964
12.79	0.1198816338
12.8	0.1227260753
12.81	0.1254686894
12.82	0.1281085182
12.83	0.1306446779
12.84	0.1330763589
12.85	0.1354028249
12.86	0.1376234137
12.87	0.1397375366
12.88	0.1417446782
12.89	0.1436443964
12.9	0.1454363215
12.91	0.1471201568
12.92	0.1486956773
12.93	0.1501627299
12.94	0.1515212324
12.95	0.1527711737
12.96	0.1539126123
12.97	0.1549456767
12.98	0.155870564
12.99	0.1566875395
13	0.1573969362
13.01	0.1579991536
13.02	0.1584946574
13.03	0.1588839782
13.04	0.1591677109
13.05	0.1593465138
13.06	0.1594211078
13.07	0.1593922751
13.08	0.1592608583
13.09	0.1590277597
13.1	0.1586939397
13.11	0.1582604163
13.12	0.1577282636
13.13	0.1570986107
13.14	0.1563726406
13.15	0.1555515891
13.16	0.1546367435
13.17	0.1536294411
13.18	0.1525310684
13.19	0.1513430597
13.2	0.1500668953
13.21	0.1487041009
13.22	0.1472562459
13.23	0.1457249419
13.24	0.1441118417
13.25	0.1424186374
13.26	0.1406470595
13.27	0.1387988753
13.28	0.1368758872
13.29	0.1348799318
13.3	0.1328128779
13.31	0.1306766254
13.32	0.1284731036
13.33	0.1262042698
13.34	0.123872108
13.35	0.121478627
13.36	0.1190258594
13.37	0.1165158597
13.38	0.1139507029
13.39	0.1113324832
13.4	0.1086633123
13.41	0.1059453177
13.42	0.1031806418
13.43	0.1003714398
13.44	0.09751987859
13.45	0.094628135
13.46	0.09169839451
13.47	0.08873284965
13.48	0.08573369862
13.49	0.08270314374
13.5	0.07964339007
13.51	0.0765566439
13.52	0.07344511139
13.53	0.07031099709
13.54	0.06715650254
13.55	0.0639838249
13.56	0.06079515555
13.57	0.05759267871
13.58	0.05437857012
13.59	0.05115499568
13.6	0.04792411014
13.61	0.04468805578
13.62	0.04144896117
13.63	0.03820893986
13.64	0.03497008917
13.65	0.03173448895
13.66	0.02850420037
13.67	0.02528126477
13.68	0.02206770246
13.69	0.01886551163
13.7	0.01567666719
13.71	0.01250311971
13.72	0.009346794369
13.73	0.006209589875
13.74	0.003093377485
13.75	6.007339653e-16
13.76	-0.00306872919
13.77	-0.006111027043
13.78	-0.009125141774
13.79	-0.01210935374
13.8	-0.01506197627
13.81	-0.01798135654
13.82	-0.02086587632
13.83	-0.02371395275
13.84	-0.0265240391
13.85	-0.02929462549
13.86	-0.03202423952
13.87	-0.03471144695
13.88	-0.03735485236
13.89	-0.03995309965
13.9	-0.04250487269
13.91	-0.04500889581
13.92	-0.0474639343
13.93	-0.04986879487
13.94	-0.05222232614
13.95	-0.05452341898
13.96	-0.05677100695
13.97	-0.05896406659
13.98	-0.06110161778
13.99	-0.06318272404
14	-0.06520649273
14.01	-0.0671720753
14.02	-0.06907866754
14.03	-0.07092550964
14.04	-0.07271188644
14.05	-0.07443712744
14.06	-0.07610060693
14.07	-0.07770174403
14.08	-0.0792400027
14.09	-0.08071489174
14.1	-0.0821259647
14.11	-0.08347281991
14.12	-0.08475510027
14.13	-0.08597249321
14.14	-0.08712473049
14.15	-0.08821158805
14.16	-0.08923288577
14.17	-0.09018848726
14.18	-0.09107829961
14.19	-0.09190227307
14.2	-0.09266040074
14.21	-0.09335271828
14.22	-0.0939793035
14.23	-0.09454027599
14.24	-0.09503579671
14.25	-0.09546606755
14.26	-0.09583133089
14.27	-0.09613186911
14.28	-0.09636800409
14.29	-0.09654009668
14.3	-0.09664854616
14.31	-0.09669378971
14.32	-0.09667630176
14.33	-0.09659659345
14.34	-0.09645521197
14.35	-0.09625273993
14.36	-0.09598979471
14.37	-0.09566702777
14.38	-0.09528512398
14.39	-0.09484480088
14.4	-0.09434680799
14.41	-0.09379192604
14.42	-0.09318096626
14.43	-0.09251476957
14.44	-0.09179420582
14.45	-0.091020173
14.46	-0.09019359644
14.47	-0.08931542798
14.48	-0.08838664517
14.49	-0.08740825039
14.5	-0.08638127007
14.51	-0.08530675377
14.52	-0.08418577337
14.53	-0.08301942218
14.54	-0.08180881403
14.55	-0.08055508248
14.56	-0.07925937983
14.57	-0.07792287628
14.58	-0.07654675903
14.59	-0.07513223138
14.6	-0.0736805118
14.61	-0.07219283305
14.62	-0.07067044126
14.63	-0.06911459503
14.64	-0.06752656451
14.65	-0.06590763048
14.66	-0.06425908344
14.67	-0.06258222274
14.68	-0.06087835561
14.69	-0.0591487963
14.7	-0.05739486515
14.71	-0.05561788772
14.72	-0.05381919384
14.73	-0.05200011678
14.74	-0.05016199233
14.75	-0.04830615792
14.76	-0.04643395173
14.77	-0.04454671187
14.78	-0.04264577545
14.79	-0.04073247779
14.8	-0.03880815153
14.81	-0.0368741258
14.82	-0.03493172541
14.83	-0.03298227001
14.84	-0.03102707328
14.85	-0.02906744214
14.86	-0.02710467595
14.87	-0.02514006576
14.88	-0.0231748935
14.89	-0.02121043125
14.9	-0.01924794052
14.91	-0.01728867145
14.92	-0.0153338622
14.93	-0.01338473813
14.94	-0.01144251121
14.95	-0.00950837929
14.96	-0.007583525447
14.97	-0.005669117355
14.98	-0.003766306644
14.99	-0.001876228287
15	-1.092814531e-16
15.01	0.00186127834
15.02	0.003706525264
15.03	0.00553467826
15.04	0.00734469431
15.05	0.009135550405
15.06	0.01090624405
15.07	0.01265579373
15.08	0.0143832394
15.09	0.01608764294
15.1	0.01776808853
15.11	0.01942368312
15.12	0.02105355682
15.13	0.02265686324
15.14	0.02423277989
15.15	0.02578050848
15.16	0.02729927527
15.17	0.02878833138
15.18	0.03024695305
15.19	0.03167444193
15.2	0.03307012529
15.21	0.0344333563
15.22	0.03576351421
15.23	0.03706000454
15.24	0.0383222593
15.25	0.03954973705
15.26	0.04074192315
15.27	0.04189832979
15.28	0.04301849615
15.29	0.04410198845
15.3	0.04514840001
15.31	0.04615735132
15.32	0.04712849007
15.33	0.04806149112
15.34	0.04895605653
15.35	0.04981191555
15.36	0.05062882453
15.37	0.05140656688
15.38	0.05214495302
15.39	0.05284382026
15.4	0.05350303269
15.41	0.05412248107
15.42	0.05470208268
15.43	0.05524178115
15.44	0.05574154631
15.45	0.05620137399
15.46	0.05662128581
15.47	0.05700132895
15.48	0.05734157597
15.49	0.05764212447
15.5	0.05790309693
15.51	0.05812464035
15.52	0.05830692599
15.53	0.0584501491
15.54	0.05855452853
15.55	0.05862030646
15.56	0.05864774806
15.57	0.05863714109
15.58	0.05858879555
15.59	0.05850304335
15.6	0.05838023785
15.61	0.05822075351
15.62	0.05802498547
15.63	0.05779334911
15.64	0.05752627965
15.65	0.05722423169
15.66	0.05688767878
15.67	0.05651711294
15.68	0.05611304422
15.69	0.05567600021
15.7	0.05520652558
15.71	0.05470518155
15.72	0.05417254546
15.73	0.0536092102
15.74	0.05301578378
15.75	0.05239288872
15.76	0.05174116164
15.77	0.05106125266
15.78	0.0503538249
15.79	0.04961955395
15.8	0.04885912732
15.81	0.04807324394
15.82	0.04726261356
15.83	0.04642795625
15.84	0.04557000186
15.85	0.04468948943
15.86	0.04378716665
15.87	0.04286378936
15.88	0.04192012092
15.89	0.04095693172
15.9	0.03997499859
15.91	0.03897510427
15.92	0.03795803684
15.93	0.03692458919
15.94	0.03587555844
15.95	0.03481174542
15.96	0.03373395413
15.97	0.03264299114
15.98	0.03153966514
15.99	0.0304247863
16	0.02929916583
16.01	0.02816361538
16.02	0.02701894654
16.03	0.02586597032
16.04	0.02470549663
16.05	0.02353833375
16.06	0.02236528785
16.07	0.02118716246
16.08	0.02000475799
16.09	0.01881887123
16.1	0.01763029486
16.11	0.01643981699
16.12	0.01524822067
16.13	0.01405628344
16.14	0.01286477686
16.15	0.01167446606
16.16	0.0104861093
16.17	0.009300457555
16.18	0.008118254049
16.19	0.006940233875
16.2	0.005767123563
16.21	0.004599640692
16.22	0.003438493489
16.23	0.002284380453
16.24	0.001137989981
16.25	-8.843257176e-17
16.26	-0.001128922379
16.27	-0.002248121213
16.28	-0.003356952056
16.29	-0.004454782285
16.3	-0.005540991414
16.31	-0.006614971396
16.32	-0.007676126919
16.33	-0.008723875684
16.34	-0.009757648683
16.35	-0.01077689045
16.36	-0.01178105934
16.37	-0.01276962771
16.38	-0.01374208221
16.39	-0.01469792397
16.4	-0.01563666881
16.41	-0.01655784744
16.42	-0.01746100563
16.43	-0.01834570439
16.44	-0.01921152016
16.45	-0.02005804491
16.46	-0.02088488631
16.47	-0.02169166786
16.48	-0.02247802901
16.49	-0.02324362521
16.5	-0.0239881281
16.51	-0.02471122553
16.52	-0.02541262161
16.53	-0.02609203685
16.54	-0.02674920815
16.55	-0.02738388884
16.56	-0.02799584875
16.57	-0.02858487417
16.58	-0.02915076791
16.59	-0.02969334927
16.6	-0.030212454
16.61	-0.03070793434
16.62	-0.03117965892
16.63	-0.03162751276
16.64	-0.03205139716
16.65	-0.03245122972
16.66	-0.03282694415
16.67	-0.03317849029
16.68	-0.03350583396
16.69	-0.03380895686
16.7	-0.03408785644
16.71	-0.03434254583
16.72	-0.03457305365
16.73	-0.0347794239
16.74	-0.03496171578
16.75	-0.03512000358
16.76	-0.03525437645
16.77	-0.03536493829
16.78	-0.03545180749
16.79	-0.03551511682
16.8	-0.03555501315
16.81	-0.03557165732
16.82	-0.03556522387
16.83	-0.03553590082
16.84	-0.03548388948
16.85	-0.03540940418
16.86	-0.03531267204
16.87	-0.03519393272
16.88	-0.03505343816
16.89	-0.03489145235
16.9	-0.034708251
16.91	-0.03450412134
16.92	-0.0342793618
16.93	-0.03403428173
16.94	-0.03376920114
16.95	-0.03348445038
16.96	-0.03318036986
16.97	-0.03285730973
16.98	-0.03251562963
16.99	-0.03215569831
17	-0.03177789336
17.01	-0.03138260091
17.02	-0.03097021526
17.03	-0.03054113864
17.04	-0.03009578079
17.05	-0.02963455873
17.06	-0.02915789636
17.07	-0.02866622418
17.08	-0.02815997894
17.09	-0.02763960329
17.1	-0.0271055455
17.11	-0.02655825908
17.12	-0.02599820244
17.13	-0.0254258386
17.14	-0.02484163482
17.15	-0.02424606227
17.16	-0.02363959571
17.17	-0.02302271313
17.18	-0.02239589544
17.19	-0.02175962613
17.2	-0.02111439092
17.21	-0.02046067745
17.22	-0.01979897495
17.23	-0.0191297739
17.24	-0.01845356571
17.25	-0.01777084238
17.26	-0.01708209621
17.27	-0.01638781947
17.28	-0.01568850404
17.29	-0.01498464117
17.3	-0.0142767211
17.31	-0.01356523279
17.32	-0.01285066362
17.33	-0.01213349906
17.34	-0.01141422238
17.35	-0.01069331437
17.36	-0.009971253043
17.37	-0.009248513343
17.38	-0.00852556687
17.39	-0.007802881597
17.4	-0.007080921601
17.41	-0.006360146793
17.42	-0.005641012656
17.43	-0.004923969984
17.44	-0.004209464631
17.45	-0.00349793726
17.46	-0.002789823103
17.47	-0.002085551724
17.48	-0.001385546783
17.49	-0.0006902258136
17.5	-4.690279987e-17
17.51	0.0006847260356
17.52	0.001363554443
17.53	0.002036094345
17.54	0.002701962038
17.55	0.003360781178
17.56	0.004012182965
17.57	0.004655806324
17.58	0.005291298074
17.59	0.005918313093
17.6	0.006536514477
17.61	0.007145573692
17.62	0.007745170718
17.63	0.008334994189
17.64	0.008914741523
17.65	0.009484119051
17.66	0.01004284213
17.67	0.01059063526
17.68	0.01112723219
17.69	0.011652376
17.7	0.01216581921
17.71	0.01266732387
17.72	0.01315666162
17.73	0.01363361376
17.74	0.01409797133
17.75	0.01454953516
17.76	0.01498811592
17.77	0.01541353415
17.78	0.01582562033
17.79	0.01622421487
17.8	0.01660916817
17.81	0.01698034061
17.82	0.01733760259
17.83	0.01768083449
17.84	0.01800992672
17.85	0.01832477966
17.86	0.01862530367
17.87	0.0189114191
17.88	0.01918305618
17.89	0.01944015507
17.9	0.01968266577
17.91	0.01991054809
17.92	0.02012377161
17.93	0.02032231558
17.94	0.02050616891
17.95	0.02067533006
17.96	0.02082980698
17.97	0.02096961704
17.98	0.02109478692
17.99	0.02120535254
18	0.02130135894
18.01	0.02138286021
18.02	0.02144991935
18.03	0.02150260819
18.04	0.02154100723
18.05	0.02156520558
18.06	0.02157530078
18.07	0.0215713987
18.08	0.02155361337
18.09	0.02152206689
18.1	0.02147688928
18.11	0.02141821827
18.12	0.02134619923
18.13	0.02126098497
18.14	0.02116273561
18.15	0.02105161838
18.16	0.02092780748
18.17	0.02079148392
18.18	0.02064283535
18.19	0.02048205584
18.2	0.02030934578
18.21	0.02012491162
18.22	0.01992896575
18.23	0.01972172629
18.24	0.01950341691
18.25	0.01927426662
18.26	0.01903450963
18.27	0.0187843851
18.28	0.01852413697
18.29	0.01825401378
18.3	0.01797426845
18.31	0.01768515811
18.32	0.01738694386
18.33	0.0170798906
18.34	0.01676426682
18.35	0.0164403444
18.36	0.0161083984
18.37	0.01576870688
18.38	0.01542155066
18.39	0.01506721315
18.4	0.01470598014
18.41	0.01433813958
18.42	0.01396398138
18.43	0.01358379724
18.44	0.01319788039
18.45	0.01280652545
18.46	0.01241002819
18.47	0.01200868534
18.48	0.01160279439
18.49	0.01119265338
18.5	0.01077856075
18.51	0.01036081509
18.52	0.009939714953
18.53	0.009515558706
18.54	0.009088644293
18.55	0.008659269066
18.56	0.008227729596
18.57	0.007794321486
18.58	0.00735933919
18.59	0.00692307583
18.6	0.006485823019
18.61	0.006047870686
18.62	0.0056095069
18.63	0.005171017698
18.64	0.004732686923
18.65	0.00429479605
18.66	0.00385762403
18.67	0.003421447128
18.68	0.002986538763
18.69	0.002553169359
18.7	0.002121606194
18.71	0.001692113247
18.72	0.001264951063
18.73	0.0008403766046
18.74	0.0004186431181
18.75	8.942849738e-17
18.76	-0.0004153073341
18.77	-0.0008270375757
18.78	-0.001234953647
18.79	-0.001638822818
18.8	-0.002038416825
18.81	-0.002433511981
18.82	-0.002823889281
18.83	-0.003209334512
18.84	-0.003589638345
18.85	-0.003964596438
18.86	-0.004334009526
18.87	-0.004697683505
18.88	-0.005055429524
18.89	-0.005407064057
18.9	-0.005752408985
18.91	-0.006091291663
18.92	-0.006423544992
18.93	-0.006749007479
18.94	-0.0070675233
18.95	-0.007378942351
18.96	-0.007683120305
18.97	-0.007979918652
18.98	-0.008269204749
18.99	-0.008550851854
19	-0.008824739162
19.01	-0.009090751837
19.02	-0.009348781037
19.03	-0.009598723936
19.04	-0.009840483746
19.05	-0.01007396972
19.06	-0.01029909719
19.07	-0.01051578754
19.08	-0.01072396821
19.09	-0.01092357273
19.1	-0.01111454069
19.11	-0.01129681772
19.12	-0.0114703555
19.13	-0.01163511172
19.14	-0.01179105008
19.15	-0.01193814025
19.16	-0.01207635787
19.17	-0.01220568447
19.18	-0.01232610747
19.19	-0.01243762016
19.2	-0.01254022158
19.21	-0.01263391657
19.22	-0.01271871566
19.23	-0.01279463503
19.24	-0.01286169647
19.25	-0.01291992729
19.26	-0.01296936031
19.27	-0.01301003373
19.28	-0.01304199113
19.29	-0.01306528133
19.3	-0.01307995837
19.31	-0.01308608142
19.32	-0.01308371468
19.33	-0.01307292733
19.34	-0.01305379343
19.35	-0.01302639182
19.36	-0.01299080606
19.37	-0.0129471243
19.38	-0.01289543924
19.39	-0.01283584799
19.4	-0.01276845198
19.41	-0.01269335688
19.42	-0.01261067246
19.43	-0.01252051254
19.44	-0.01242299484
19.45	-0.01231824089
19.46	-0.01220637592
19.47	-0.01208752874
19.48	-0.01196183166
19.49	-0.01182942032
19.5	-0.01169043365
19.51	-0.01154501368
19.52	-0.01139330548
19.53	-0.01123545701
19.54	-0.01107161902
19.55	-0.0109019449
19.56	-0.01072659062
19.57	-0.01054571453
19.58	-0.01035947731
19.59	-0.01016804181
19.6	-0.009971572933
19.61	-0.009770237508
19.62	-0.009564204185
19.63	-0.009353643295
19.64	-0.009138726734
19.65	-0.008919627838
19.66	-0.008696521258
19.67	-0.00846958284
19.68	-0.008238989499
19.69	-0.0080049191
19.7	-0.007767550332
19.71	-0.007527062587
19.72	-0.007283635842
19.73	-0.007037450533
19.74	-0.00678868744
19.75	-0.006537527564
19.76	-0.006284152009
19.77	-0.006028741868
19.78	-0.005771478099
19.79	-0.005512541419
19.8	-0.005252112179
19.81	-0.00499037026
19.82	-0.004727494953
19.83	-0.004463664854
19.84	-0.00419905775
19.85	-0.003933850515
19.86	-0.003668218997
19.87	-0.00340233792
19.88	-0.003136380776
19.89	-0.002870519721
19.9	-0.002604925482
19.91	-0.002339767248
19.92	-0.002075212584
19.93	-0.001811427326
19.94	-0.001548575496
19.95	-0.001286819204
19.96	-0.001026318564
19.97	-0.0007672316029
19.98	-0.0005097141764
19.99	-0.0002539198866
20	-1.971951521e-17
20.01	0.0002518966313
20.02	0.0005016236464
20.03	0.00074903725
20.04	0.0009939962848
20.05	0.001236362302
20.06	0.001475999627
20.07	0.001712775429
20.08	0.001946559779
20.09	0.002177225713
20.1	0.002404649293
20.11	0.002628709657
20.12	0.002849289076
20.13	0.003066273004
20.14	0.00327955013
20.15	0.003489012416
20.16	0.003694555151
20.17	0.003896076981
20.18	0.004093479959
20.19	0.004286669569
20.2	0.004475554772
20.21	0.004660048027
20.22	0.004840065325
20.23	0.005015526212
20.24	0.005186353816
20.25	0.005352474866
20.26	0.005513819709
20.27	0.00567032233
20.28	0.005821920362
20.29	0.005968555098
20.3	0.006110171503
20.31	0.006246718215
20.32	0.006378147552
20.33	0.006504415513
20.34	0.006625481777
20.35	0.0067413097
20.36	0.006851866307
20.37	0.006957122289
20.38	0.007057051987
20.39	0.007151633382
20.4	0.007240848083
20.41	0.007324681305
20.42	0.007403121853
20.43	0.007476162098
20.44	0.007543797958
20.45	0.007606028867
20.46	0.007662857752
20.47	0.007714290999
20.48	0.007760338425
20.49	0.007801013242
20.5	0.007836332023
20.51	0.007866314664
20.52	0.007890984344
20.53	0.007910367483
20.54	0.007924493703
20.55	0.007933395779
20.56	0.007937109595
20.57	0.007935674097
20.58	0.007929131241
20.59	0.007917525942
20.6	0.007900906025
20.61	0.007879322167
20.62	0.007852827843
20.63	0.007821479271
20.64	0.00778533535
20.65	0.007744457604
20.66	0.00769891012
20.67	0.007648759487
20.68	0.007594074733
20.69	0.007534927258
20.7	0.007471390775
20.71	0.00740354124
20.72	0.007331456783
20.73	0.007255217647
20.74	0.007174906113
20.75	0.007090606435
20.76	0.007002404766
20.77	0.006910389092
20.78	0.006814649155
20.79	0.006715276387
20.8	0.006612363835
20.81	0.006506006084
20.82	0.006396299192
20.83	0.00628334061
20.84	0.006167229109
20.85	0.006048064709
20.86	0.005925948601
20.87	0.005800983074
20.88	0.005673271438
20.89	0.005542917955
20.9	0.005410027757
20.91	0.005274706776
20.92	0.005137061667
20.93	0.004997199736
20.94	0.004855228863
20.95	0.004711257427
20.96	0.004565394237
20.97	0.004417748452
20.98	0.004268429515
20.99	0.004117547072
21	0.003965210906
21.01	0.003811530864
21.02	0.003656616782
21.03	0.003500578419
21.04	0.003343525383
21.05	0.003185567065
21.06	0.003026812566
21.07	0.002867370632
21.08	0.002707349588
21.09	0.002546857267
21.1	0.002386000948
21.11	0.002224887288
21.12	0.002063622263
21.13	0.001902311101
21.14	0.00174105822
21.15	0.001579967171
21.16	0.001419140573
21.17	0.001258680057
21.18	0.001098686211
21.19	0.0009392585172
21.2	0.0007804953009
21.21	0.0006224936758
21.22	0.0004653494902
21.23	0.0003091572757
21.24	0.0001540101963
21.25	-8.977924505e-18
21.26	-0.00015278303
21.27	-0.0003042501212
21.28	-0.0004543140574
21.29	-0.0006028892224
21.3	-0.0007498916424
21.31	-0.0008952390275
21.32	-0.001038850811
21.33	-0.001180648187
21.34	-0.001320554148
21.35	-0.001458493522
21.36	-0.001594393002
21.37	-0.001728181183
21.38	-0.001859788588
21.39	-0.001989147704
21.4	-0.002116193003
21.41	-0.002240860973
21.42	-0.002363090142
21.43	-0.0024828211
21.44	-0.002599996522
21.45	-0.002714561189
21.46	-0.002826462004
21.47	-0.002935648014
21.48	-0.003042070422
21.49	-0.003145682602
21.5	-0.003246440111
21.51	-0.003344300706
21.52	-0.003439224343
21.53	-0.003531173198
21.54	-0.003620111661
21.55	-0.003706006353
21.56	-0.00378882612
21.57	-0.003868542042
21.58	-0.003945127432
21.59	-0.004018557833
21.6	-0.00408881102
21.61	-0.004155866992
21.62	-0.004219707972
21.63	-0.004280318397
21.64	-0.004337684913
21.65	-0.004391796365
21.66	-0.004442643784
21.67	-0.004490220381
21.68	-0.00453452153
21.69	-0.004575544752
21.7	-0.004613289707
21.71	-0.004647758168
21.72	-0.004678954009
21.73	-0.004706883184
21.74	-0.004731553708
21.75	-0.004752975632
21.76	-0.004771161023
21.77	-0.00478612394
21.78	-0.004797880408
21.79	-0.004806448393
21.8	-0.004811847775
21.81	-0.004814100319
21.82	-0.004813229645
21.83	-0.004809261202
21.84	-0.004802222233
21.85	-0.004792141744
21.86	-0.004779050472
21.87	-0.004762980852
21.88	-0.004743966982
21.89	-0.004722044586
21.9	-0.004697250979
21.91	-0.004669625034
21.92	-0.004639207138
21.93	-0.004606039157
21.94	-0.004570164401
21.95	-0.004531627576
21.96	-0.004490474752
21.97	-0.004446753319
21.98	-0.004400511946
21.99	-0.004351800538
22	-0.004300670199
22.01	-0.004247173182
22.02	-0.004191362855
22.03	-0.004133293648
22.04	-0.004073021017
22.05	-0.004010601399
22.06	-0.003946092162
22.07	-0.003879551569
22.08	-0.003811038725
22.09	-0.00374061354
22.1	-0.003668336678
22.11	-0.003594269515
22.12	-0.003518474091
22.13	-0.003441013068
22.14	-0.003361949684
22.15	-0.003281347705
22.16	-0.003199271381
22.17	-0.003115785402
22.18	-0.003030954853
22.19	-0.002944845165
22.2	-0.002857522075
22.21	-0.002769051578
22.22	-0.002679499883
22.23	-0.002588933369
22.24	-0.002497418542
22.25	-0.002405021987
22.26	-0.002311810329
22.27	-0.002217850189
22.28	-0.002123208138
22.29	-0.002027950657
22.3	-0.001932144093
22.31	-0.001835854622
22.32	-0.001739148201
22.33	-0.001642090532
22.34	-0.001544747019
22.35	-0.001447182729
22.36	-0.001349462355
22.37	-0.001251650173
22.38	-0.001153810007
22.39	-0.001056005191
22.4	-0.0009582985304
22.41	-0.0008607522677
22.42	-0.0007634280456
22.43	-0.0006663868725
22.44	-0.000569689088
22.45	-0.0004733943298
22.46	-0.0003775614999
22.47	-0.0002822487333
22.48	-0.0001875133664
22.49	-9.341190598e-05
22.5	-8.161204764e-18
22.51	9.266759196e-05
22.52	0.0001845370267
22.53	0.0002755554049
22.54	0.0003656707978
22.55	0.0004548322726
22.56	0.0005429899179
22.57	0.0006300948675
22.58	0.0007160993235
22.59	0.0008009565787
22.6	0.0008846210382
22.61	0.0009670482395
22.62	0.001048194873
22.63	0.001128018799
22.64	0.001206479069
22.65	0.001283535938
22.66	0.001359150884
22.67	0.001433286623
22.68	0.00150590712
22.69	0.001576977606
22.7	0.001646464589
22.71	0.001714335864
22.72	0.001780560527
22.73	0.00184510898
22.74	0.001907952944
22.75	0.001969065462
22.76	0.002028420913
22.77	0.00208599501
22.78	0.002141764809
22.79	0.002195708714
22.8	0.002247806478
22.81	0.002298039206
22.82	0.002346389357
22.83	0.002392840744
22.84	0.002437378534
22.85	0.002479989245
22.86	0.002520660748
22.87	0.00255938226
22.88	0.002596144341
22.89	0.002630938892
22.9	0.002663759147
22.91	0.002694599665
22.92	0.00272345633
22.93	0.002750326335
22.94	0.002775208177
22.95	0.002798101649
22.96	0.002819007828
22.97	0.002837929062
22.98	0.002854868963
22.99	0.002869832392
23	0.002882825446
23.01	0.002893855443
23.02	0.002902930911
23.03	0.002910061569
23.04	0.002915258315
23.05	0.002918533206
23.06	0.002919899442
23.07	0.002919371352
23.08	0.00291696437
23.09	0.002912695019
23.1	0.002906580893
23.11	0.002898640636
23.12	0.002888893919
23.13	0.002877361423
23.14	0.002864064818
23.15	0.002849026735
23.16	0.002832270753
23.17	0.002813821366
23.18	0.002793703969
23.19	0.002771944829
23.2	0.002748571063
23.21	0.002723610614
23.22	0.002697092224
23.23	0.002669045414
23.24	0.002639500451
23.25	0.002608488333
23.26	0.002576040752
23.27	0.002542190077
23.28	0.002506969323
23.29	0.002470412125
23.3	0.002432552712
23.31	0.002393425882
23.32	0.002353066972
23.33	0.002311511832
23.34	0.002268796798
23.35	0.002224958665
23.36	0.00218003466
23.37	0.002134062411
23.38	0.002087079926
23.39	0.00203912556
23.4	0.001990237988
23.41	0.001940456181
23.42	0.001889819375
23.43	0.001838367046
23.44	0.001786138881
23.45	0.001733174749
23.46	0.00167951468
23.47	0.001625198832
23.48	0.001570267465
23.49	0.001514760916
23.5	0.001458719572
23.51	0.001402183844
23.52	0.001345194138
23.53	0.001287790833
23.54	0.00123001425
23.55	0.001171904632
23.56	0.001113502115
23.57	0.001054846706
23.58	0.0009959782537
23.59	0.0009369364283
23.6	0.0008777606953
23.61	0.0008184902923
23.62	0.0007591642051
23.63	0.0006998211448
23.64	0.0006404995251
23.65	0.0005812374399
23.66	0.0005220726408
23.67	0.0004630425161
23.68	0.0004041840694
23.69	0.0003455338984
23.7	0.0002871281751
23.71	0.0002290026256
23.72	0.0001711925104
23.73	0.0001137326058
23.74	5.665718496e-05
23.75	1.320283567e-17
23.76	-5.620573569e-05
23.77	-0.0001119273646
23.78	-0.0001671328015
23.79	-0.0002217905502
23.8	-0.0002758697184
23.81	-0.0003293400332
23.82	-0.0003821718557
23.83	-0.0004343361951
23.84	-0.0004858047221
23.85	-0.0005365497819
23.86	-0.0005865444067
23.87	-0.0006357623277
23.88	-0.0006841779865
23.89	-0.0007317665457
23.9	-0.0007785038992
23.91	-0.0008243666825
23.92	-0.0008693322808
23.93	-0.0009133788387
23.94	-0.0009564852675
23.95	-0.0009986312531
23.96	-0.001039797263
23.97	-0.001079964551
23.98	-0.001119115167
23.99	-0.001157231958
24	-0.001194298574
24.01	-0.001230299475
24.02	-0.00126521993
24.03	-0.001299046023
24.04	-0.001331764655
24.05	-0.001363363546
24.06	-0.001393831236
24.07	-0.001423157085
24.08	-0.001451331275
24.09	-0.00147834481
24.1	-0.001504189513
24.11	-0.001528858026
24.12	-0.00155234381
24.13	-0.00157464114
24.14	-0.001595745102
24.15	-0.001615651592
24.16	-0.001634357313
24.17	-0.001651859765
24.18	-0.001668157246
24.19	-0.001683248847
24.2	-0.001697134439
24.21	-0.001709814677
24.22	-0.001721290986
24.23	-0.001731565556
24.24	-0.001740641334
24.25	-0.001748522019
24.26	-0.001755212051
24.27	-0.0017607166
24.28	-0.001765041563
24.29	-0.001768193549
24.3	-0.001770179871
24.31	-0.001771008535
24.32	-0.001770688232
24.33	-0.001769228324
24.34	-0.001766638831
24.35	-0.001762930427
24.36	-0.001758114417
24.37	-0.001752202734
24.38	-0.001745207922
24.39	-0.001737143123
24.4	-0.001728022065
24.41	-0.001717859048
24.42	-0.001706668929
24.43	-0.001694467111
24.44	-0.001681269526
24.45	-0.00166709262
24.46	-0.001651953342
24.47	-0.001635869126
24.48	-0.001618857875
24.49	-0.00160093795
24.5	-0.001582128149
24.51	-0.001562447697
24.52	-0.001541916225
24.53	-0.001520553757
24.54	-0.001498380696
24.55	-0.001475417801
24.56	-0.001451686179
24.57	-0.001427207263
24.58	-0.001402002797
24.59	-0.001376094819
24.6	-0.001349505647
24.61	-0.00132225786
24.62	-0.001294374282
24.63	-0.001265877965
24.64	-0.001236792171
24.65	-0.00120714036
24.66	-0.001176946168
24.67	-0.001146233393
24.68	-0.001115025977
24.69	-0.001083347994
24.7	-0.001051223624
24.71	-0.001018677147
24.72	-0.0009857329196
24.73	-0.0009524153612
24.74	-0.0009187489375
24.75	-0.0008847581445
24.76	-0.0008504674921
24.77	-0.0008159014882
24.78	-0.0007810846233
24.79	-0.0007460413542
24.8	-0.0007107960893
24.81	-0.0006753731725
24.82	-0.0006397968684
24.83	-0.0006040913473
24.84	-0.00056828067
24.85	-0.0005323887736
24.86	-0.000496439457
24.87	-0.0004604563661
24.88	-0.0004244629806
24.89	-0.0003884825995
24.9	-0.0003525383279
24.91	-0.0003166530632
24.92	-0.0002808494828
24.93	-0.0002451500302
24.94	-0.0002095769034
24.95	-0.0001741520415
24.96	-0.0001388971136
24.97	-0.0001038335063
24.98	-6.898231243e-05
24.99	-3.436431977e-05
25	-3.33593272e-18
25.01	3.409050195e-05
25.02	6.788737826e-05
25.03	0.0001013711684
25.04	0.0001345227687
25.05	0.0001673234423
25.06	0.0001997548276
25.07	0.0002317989478
25.08	0.000263438219
25.09	0.0002946554586
25.1	0.0003254338932
25.11	0.0003557571659
25.12	0.0003856093441
25.13	0.0004149749255
25.14	0.0004438388457
25.15	0.0004721864836
25.16	0.0005000036678
25.17	0.0005272766818
25.18	0.0005539922696
25.19	0.0005801376403
25.2	0.0006057004727
25.21	0.0006306689196
25.22	0.0006550316116
25.23	0.0006787776604
25.24	0.0007018966627
25.25	0.000724378702
25.26	0.000746214352
25.27	0.0007673946785
25.28	0.0007879112411
25.29	0.0008077560947
25.3	0.000826921791
25.31	0.0008454013789
25.32	0.0008631884055
25.33	0.0008802769157
25.34	0.0008966614529
25.35	0.0009123370576
25.36	0.0009272992674
25.37	0.0009415441155
25.38	0.0009550681294
25.39	0.0009678683294
25.4	0.0009799422262
25.41	0.0009912878191
25.42	0.001001903593
25.43	0.001011788515
25.44	0.001020942033
25.45	0.001029364071
25.46	0.001037055024
25.47	0.001044015757
25.48	0.001050247599
25.49	0.001055752337
25.5	0.001060532214
25.51	0.001064589923
25.52	0.001067928601
25.53	0.001070551824
25.54	0.0010724636
25.55	0.001073668365
25.56	0.001074170975
25.57	0.001073976702
25.58	0.001073091222
25.59	0.001071520616
25.6	0.001069271355
25.61	0.001066350297
25.62	0.00106276468
25.63	0.001058522112
25.64	0.001053630565
25.65	0.001048098363
25.66	0.001041934182
25.67	0.001035147032
25.68	0.001027746255
25.69	0.001019741515
25.7	0.001011142787
25.71	0.001001960351
25.72	0.0009922047803
25.73	0.0009818869352
25.74	0.000971017951
25.75	0.0009596092302
25.76	0.0009476724324
25.77	0.000935219465
25.78	0.0009222624736
25.79	0.0009088138319
25.8	0.0008948861324
25.81	0.0008804921761
25.82	0.0008656449628
25.83	0.0008503576811
25.84	0.0008346436983
25.85	0.0008185165505
25.86	0.0008019899324
25.87	0.0007850776873
25.88	0.000767793797
25.89	0.0007501523714
25.9	0.0007321676388
25.91	0.0007138539355
25.92	0.0006952256958
25.93	0.0006762974417
25.94	0.0006570837733
25.95	0.0006375993583
25.96	0.0006178589221
25.97	0.000597877238
25.98	0.0005776691173
25.99	0.0005572493992
26	0.0005366329411
26.01	0.000515834609
26.02	0.0004948692679
26.03	0.0004737517718
26.04	0.0004524969548
26.05	0.000431119621
26.06	0.0004096345359
26.07	0.0003880564167
26.08	0.0003663999234
26.09	0.0003446796497
26.1	0.0003229101141
26.11	0.0003011057513
26.12	0.0002792809035
26.13	0.0002574498117
26.14	0.0002356266074
26.15	0.0002138253046
26.16	0.0001920597913
26.17	0.0001703438221
26.18	0.0001486910096
26.19	0.0001271148175
26.2	0.0001056285526
26.21	8.424535793e-05
26.22	6.297820507e-05
26.23	4.183988747e-05
26.24	2.084301354e-05
26.25	-8.103608611e-19
26.26	-2.067693464e-05
26.27	-4.117577632e-05
26.28	-6.148472163e-05
26.29	-8.159218367e-05
26.3	-0.0001014867978
26.31	-0.0001211574274
26.32	-0.0001405931687
26.33	-0.0001597833567
26.34	-0.0001787175697
26.35	-0.0001973856339
26.36	-0.0002157776286
26.37	-0.0002338838898
26.38	-0.0002516950153
26.39	-0.0002692018679
26.4	-0.0002863955794
26.41	-0.0003032675545
26.42	-0.0003198094737
26.43	-0.0003360132968
26.44	-0.0003518712657
26.45	-0.0003673759073
26.46	-0.0003825200359
26.47	-0.0003972967555
26.48	-0.0004116994622
26.49	-0.0004257218458
26.5	-0.000439357892
26.51	-0.0004526018832
26.52	-0.0004654484006
26.53	-0.0004778923249
26.54	-0.000489928837
26.55	-0.0005015534194
26.56	-0.0005127618561
26.57	-0.000523550233
26.58	-0.0005339149384
26.59	-0.0005438526626
26.6	-0.0005533603974
26.61	-0.0005624354364
26.62	-0.0005710753735
26.63	-0.0005792781026
26.64	-0.0005870418163
26.65	-0.000594365005
26.66	-0.0006012464549
26.67	-0.0006076852471
26.68	-0.0006136807556
26.69	-0.000619232645
26.7	-0.0006243408691
26.71	-0.000629005668
26.72	-0.000633227566
26.73	-0.0006370073689
26.74	-0.0006403461612
26.75	-0.0006432453034
26.76	-0.0006457064284
26.77	-0.000647731439
26.78	-0.000649322504
26.79	-0.0006504820547
26.8	-0.0006512127816
26.81	-0.0006515176302
26.82	-0.0006513997974
26.83	-0.000650862727
26.84	-0.0006499101061
26.85	-0.0006485458602
26.86	-0.0006467741492
26.87	-0.0006445993627
26.88	-0.0006420261152
26.89	-0.0006390592415
26.9	-0.0006357037917
26.91	-0.0006319650266
26.92	-0.000627848412
26.93	-0.000623359614
26.94	-0.0006185044936
26.95	-0.0006132891015
26.96	-0.0006077196725
26.97	-0.00060180262
26.98	-0.0005955445306
26.99	-0.0005889521584
27	-0.0005820324195
27.01	-0.0005747923856
27.02	-0.0005672392791
27.03	-0.0005593804665
27.04	-0.000551223453
27.05	-0.0005427758763
27.06	-0.0005340455005
27.07	-0.0005250402104
27.08	-0.0005157680053
27.09	-0.0005062369929
27.1	-0.0004964553833
27.11	-0.0004864314828
27.12	-0.0004761736876
27.13	-0.0004656904782
27.14	-0.0004549904127
27.15	-0.000444082121
27.16	-0.0004329742984
27.17	-0.0004216756999
27.18	-0.0004101951335
27.19	-0.0003985414545
27.2	-0.0003867235594
27.21	-0.0003747503796
27.22	-0.0003626308756
27.23	-0.0003503740308
27.24	-0.0003379888457
27.25	-0.0003254843318
27.26	-0.0003128695057
27.27	-0.0003001533835
27.28	-0.0002873449747
27.29	-0.0002744532765
27.3	-0.0002614872681
27.31	-0.0002484559053
27.32	-0.0002353681144
27.33	-0.0002222327872
27.34	-0.0002090587753
27.35	-0.0001958548845
27.36	-0.00018262987
27.37	-0.0001693924307
27.38	-0.0001561512041
27.39	-0.0001429147616
27.4	-0.000129691603
27.41	-0.0001164901519
27.42	-0.0001033187508
27.43	-9.018565613e-05
27.44	-7.709903409e-05
27.45	-6.40669557e-05
27.46	-5.109739252e-05
27.47	-3.819821227e-05
27.48	-2.537717455e-05
27.49	-1.264192675e-05
27.5	-4.910124823e-18
27.51	1.254119481e-05
27.52	2.497437078e-05
27.53	3.729236877e-05
27.54	4.948816099e-05
27.55	6.155485444e-05
27.56	7.348569434e-05
27.57	8.527406737e-05
27.58	9.691350478e-05
27.59	0.0001083976854
27.6	0.0001197204388
27.61	0.0001308757474
27.62	0.00014185775
27.63	0.0001526607437
27.64	0.0001632791865
27.65	0.0001737076997
27.66	0.0001839410699
27.67	0.000193974251
27.68	0.0002038023666
27.69	0.0002134207109
27.7	0.0002228247514
27.71	0.0002320101297
27.72	0.0002409726632
27.73	0.0002497083464
27.74	0.000258213352
27.75	0.0002664840321
27.76	0.0002745169188
27.77	0.0002823087255
27.78	0.0002898563471
27.79	0.0002971568607
27.8	0.0003042075264
27.81	0.0003110057868
27.82	0.0003175492682
27.83	0.0003238357798
27.84	0.0003298633142
27.85	0.0003356300469
27.86	0.0003411343363
27.87	0.000346374723
27.88	0.0003513499297
27.89	0.0003560588601
27.9	0.0003605005986
27.91	0.0003646744089
27.92	0.0003685797338
27.93	0.0003722161935
27.94	0.0003755835847
27.95	0.0003786818792
27.96	0.0003815112228
27.97	0.0003840719334
27.98	0.0003863644997
27.99	0.0003883895796
28	0.0003901479982
28.01	0.000391640746
28.02	0.000392868977
28.03	0.0003938340067
28.04	0.0003945373098
28.05	0.000394980518
28.06	0.0003951654181
28.07	0.0003950939488
28.08	0.0003947681992
28.09	0.0003941904054
28.1	0.0003933629484
28.11	0.0003922883514
28.12	0.0003909692767
28.13	0.0003894085232
28.14	0.0003876090233
28.15	0.0003855738402
28.16	0.0003833061645
28.17	0.0003808093115
28.18	0.0003780867179
28.19	0.0003751419385
28.2	0.0003719786433
28.21	0.0003686006139
28.22	0.0003650117401
28.23	0.000361216017
28.24	0.0003572175412
28.25	0.0003530205073
28.26	0.0003486292048
28.27	0.0003440480142
28.28	0.0003392814034
28.29	0.0003343339246
28.3	0.0003292102103
28.31	0.0003239149697
28.32	0.0003184529852
28.33	0.0003128291085
28.34	0.0003070482573
28.35	0.0003011154112
28.36	0.0002950356082
28.37	0.0002888139409
28.38	0.000282455553
28.39	0.0002759656352
28.4	0.0002693494218
28.41	0.0002626121869
28.42	0.0002557592404
28.43	0.0002487959249
28.44	0.0002417276113
28.45	0.0002345596956
28.46	0.000227297595
28.47	0.0002199467442
28.48	0.0002125125921
28.49	0.0002050005976
28.5	0.0001974162265
28.51	0.0001897649477
28.52	0.0001820522297
28.53	0.0001742835371
28.54	0.0001664643268
28.55	0.0001586000452
28.56	0.0001506961241
28.57	0.0001427579777
28.58	0.0001347909991
28.59	0.0001268005569
28.6	0.0001187919923
28.61	0.0001107706155
28.62	0.0001027417027
28.63	9.471049285e-05
28.64	8.668218465e-05
28.65	7.866193355e-05
28.66	7.065484871e-05
28.67	6.266599007e-05
28.68	5.470036551e-05
28.69	4.676292801e-05
28.7	3.885857291e-05
28.71	3.09921352e-05
28.72	2.316838689e-05
28.73	1.539203442e-05
28.74	7.667716174e-06
28.75	1.935678945e-18
28.76	-7.606619159e-06
28.77	-1.514772158e-05
28.78	-2.261896503e-05
28.79	-3.001608693e-05
28.8	-3.733490647e-05
28.81	-4.457132667e-05
28.82	-5.172133634e-05
28.83	-5.878101199e-05
28.84	-6.574651966e-05
28.85	-7.26141167e-05
28.86	-7.938015341e-05
28.87	-8.604107469e-05
28.88	-9.259342159e-05
28.89	-9.903383272e-05
28.9	-0.0001053590457
28.91	-0.0001115658985
28.92	-0.0001176513305
28.93	-0.0001236123838
28.94	-0.0001294462046
28.95	-0.0001351500435
28.96	-0.000140721257
28.97	-0.0001461573084
28.98	-0.0001514557681
28.99	-0.0001566143147
29	-0.0001616307358
29.01	-0.0001665029279
29.02	-0.0001712288975
29.03	-0.0001758067614
29.04	-0.0001802347468
29.05	-0.0001845111917
29.06	-0.0001886345451
29.07	-0.0001926033671
29.08	-0.0001964163292
29.09	-0.0002000722136
29.1	-0.0002035699138
29.11	-0.000206908434
29.12	-0.0002100868893
29.13	-0.0002131045047
29.14	-0.0002159606153
29.15	-0.0002186546659
29.16	-0.0002211862098
29.17	-0.0002235549091
29.18	-0.0002257605334
29.19	-0.0002278029594
29.2	-0.00022968217
29.21	-0.0002313982536
29.22	-0.0002329514031
29.23	-0.0002343419149
29.24	-0.000235570188
29.25	-0.0002366367227
29.26	-0.00023754212
29.27	-0.0002382870798
29.28	-0.0002388723999
29.29	-0.0002392989748
29.3	-0.0002395677942
29.31	-0.0002396799417
29.32	-0.0002396365934
29.33	-0.0002394390163
29.34	-0.0002390885666
29.35	-0.0002385866886
29.36	-0.0002379349126
29.37	-0.0002371348533
29.38	-0.0002361882085
29.39	-0.0002350967566
29.4	-0.0002338623557
29.41	-0.0002324869408
29.42	-0.0002309725229
29.43	-0.0002293211864
29.44	-0.0002275350875
29.45	-0.0002256164519
29.46	-0.0002235675735
29.47	-0.0002213908115
29.48	-0.0002190885891
29.49	-0.0002166633909
29.5	-0.0002141177612
29.51	-0.0002114543016
29.52	-0.000208675669
29.53	-0.0002057845734
29.54	-0.0002027837759
29.55	-0.000199676086
29.56	-0.0001964643603
29.57	-0.0001931514992
29.58	-0.0001897404456
29.59	-0.0001862341821
29.6	-0.000182635729
29.61	-0.0001789481421
29.62	-0.0001751745101
29.63	-0.0001713179529
29.64	-0.0001673816188
29.65	-0.0001633686825
29.66	-0.000159282343
29.67	-0.0001551258208
29.68	-0.0001509023565
29.69	-0.0001466152076
29.7	-0.0001422676469
29.71	-0.0001378629602
29.72	-0.0001334044439
29.73	-0.0001288954027
29.74	-0.0001243391477
29.75	-0.0001197389941
29.76	-0.0001150982589
29.77	-0.000110420259
29.78	-0.0001057083087
29.79	-0.000100965718
29.8	-9.619579007e-05
29.81	-9.140181959e-05
29.82	-8.65870904e-05
29.83	-8.175487358e-05
29.84	-7.690842543e-05
29.85	-7.205098547e-05
29.86	-6.718577452e-05
29.87	-6.231599273e-05
29.88	-5.744481771e-05
29.89	-5.257540264e-05
29.9	-4.771087445e-05
29.91	-4.2854332e-05
29.92	-3.80088443e-05
29.93	-3.317744878e-05
29.94	-2.836314958e-05
29.95	-2.356891586e-05
29.96	-1.879768021e-05
29.97	-1.405233698e-05
29.98	-9.335740791e-06
29.99	-4.65070495e-06
30	-5.417632794e-19
