temps	angle
0	0
0.01	0.4693299136
0.02	0.9347466021
0.03	1.396109129
0.04	1.853279181
0.05	2.306121097
0.06	2.754501895
0.07	3.198291307
0.08	3.637361797
0.09	4.071588591
0.1	4.500849704
0.11	4.925025954
0.12	5.344000993
0.13	5.757661322
0.14	6.165896312
0.15	6.568598221
0.16	6.965662215
0.17	7.356986376
0.18	7.742471723
0.19	8.122022223
0.2	8.495544802
0.21	8.862949359
0.22	9.22414877
0.23	9.579058903
0.24	9.927598621
0.25	10.26968979
0.26	10.60525728
0.27	10.93422898
0.28	11.25653578
0.29	11.57211161
0.3	11.88089338
0.31	12.18282104
0.32	12.47783754
0.33	12.76588887
0.34	13.04692398
0.35	13.32089487
0.36	13.58775648
0.37	13.84746679
0.38	14.09998674
0.39	14.34528022
0.4	14.58331411
0.41	14.81405823
0.42	15.03748533
0.43	15.25357108
0.44	15.46229408
0.45	15.66363579
0.46	15.85758058
0.47	16.04411566
0.48	16.22323109
0.49	16.39491975
0.5	16.55917733
0.51	16.71600228
0.52	16.86539585
0.53	17.00736199
0.54	17.14190739
0.55	17.26904142
0.56	17.38877612
0.57	17.50112617
0.58	17.60610885
0.59	17.70374406
0.6	17.79405422
0.61	17.87706432
0.62	17.95280181
0.63	18.02129663
0.64	18.08258118
0.65	18.13669022
0.66	18.18366094
0.67	18.22353284
0.68	18.25634773
0.69	18.28214972
0.7	18.30098514
0.71	18.31290253
0.72	18.31795261
0.73	18.31618823
0.74	18.30766435
0.75	18.29243798
0.76	18.27056814
0.77	18.24211588
0.78	18.20714415
0.79	18.16571784
0.8	18.1179037
0.81	18.0637703
0.82	18.00338803
0.83	17.93682901
0.84	17.86416705
0.85	17.78547768
0.86	17.700838
0.87	17.61032674
0.88	17.51402415
0.89	17.412012
0.9	17.3043735
0.91	17.19119328
0.92	17.07255737
0.93	16.94855311
0.94	16.81926913
0.95	16.6847953
0.96	16.54522272
0.97	16.40064363
0.98	16.25115139
0.99	16.09684042
1	15.93780619
1.01	15.77414516
1.02	15.6059547
1.03	15.43333312
1.04	15.25637955
1.05	15.07519395
1.06	14.88987706
1.07	14.70053031
1.08	14.50725585
1.09	14.31015644
1.1	14.10933545
1.11	13.90489681
1.12	13.69694493
1.13	13.48558473
1.14	13.27092152
1.15	13.053061
1.16	12.83210922
1.17	12.60817253
1.18	12.38135751
1.19	12.15177099
1.2	11.91951994
1.21	11.68471151
1.22	11.44745288
1.23	11.20785134
1.24	10.96601415
1.25	10.72204856
1.26	10.47606176
1.27	10.22816082
1.28	9.97845267
1.29	9.727044052
1.3	9.474041492
1.31	9.219551253
1.32	8.963679304
1.33	8.706531279
1.34	8.448212443
1.35	8.188827653
1.36	7.928481329
1.37	7.66727741
1.38	7.405319328
1.39	7.142709965
1.4	6.87955163
1.41	6.615946014
1.42	6.351994167
1.43	6.087796461
1.44	5.823452558
1.45	5.559061381
1.46	5.294721082
1.47	5.030529012
1.48	4.766581692
1.49	4.502974783
1.5	4.239803057
1.51	3.977160371
1.52	3.715139638
1.53	3.453832802
1.54	3.193330809
1.55	2.933723583
1.56	2.675099999
1.57	2.417547864
1.58	2.161153885
1.59	1.906003652
1.6	1.652181613
1.61	1.399771052
1.62	1.148854066
1.63	0.8995115459
1.64	0.6518231575
1.65	0.4058673187
1.66	0.1617211819
1.67	-0.08053938436
1.68	-0.3208398132
1.69	-0.5591068571
1.7	-0.7952686038
1.71	-1.029254493
1.72	-1.260995331
1.73	-1.490423305
1.74	-1.717472001
1.75	-1.942076409
1.76	-2.164172945
1.77	-2.383699457
1.78	-2.60059524
1.79	-2.814801045
1.8	-3.02625909
1.81	-3.234913069
1.82	-3.440708163
1.83	-3.643591045
1.84	-3.843509891
1.85	-4.040414387
1.86	-4.234255733
1.87	-4.424986651
1.88	-4.612561392
1.89	-4.796935736
1.9	-4.978067
1.91	-5.15591404
1.92	-5.330437256
1.93	-5.50159859
1.94	-5.669361534
1.95	-5.833691125
1.96	-5.994553948
1.97	-6.151918138
1.98	-6.305753377
1.99	-6.456030895
2	-6.602723463
2.01	-6.7458054
2.02	-6.885252561
2.03	-7.021042338
2.04	-7.153153658
2.05	-7.281566975
2.06	-7.406264264
2.07	-7.527229022
2.08	-7.644446255
2.09	-7.757902475
2.1	-7.867585693
2.11	-7.973485409
2.12	-8.075592609
2.13	-8.17389975
2.14	-8.268400757
2.15	-8.35909101
2.16	-8.445967334
2.17	-8.529027991
2.18	-8.608272667
2.19	-8.683702464
2.2	-8.755319884
2.21	-8.823128818
2.22	-8.887134537
2.23	-8.947343674
2.24	-9.003764216
2.25	-9.056405484
2.26	-9.105278126
2.27	-9.150394095
2.28	-9.191766641
2.29	-9.229410292
2.3	-9.263340839
2.31	-9.293575321
2.32	-9.320132006
2.33	-9.343030378
2.34	-9.36229112
2.35	-9.377936094
2.36	-9.389988323
2.37	-9.39847198
2.38	-9.40341236
2.39	-9.40483587
2.4	-9.402770007
2.41	-9.397243338
2.42	-9.388285482
2.43	-9.375927093
2.44	-9.360199837
2.45	-9.341136373
2.46	-9.318770334
2.47	-9.293136306
2.48	-9.26426981
2.49	-9.232207276
2.5	-9.196986029
2.51	-9.158644263
2.52	-9.11722102
2.53	-9.072756175
2.54	-9.025290405
2.55	-8.974865177
2.56	-8.921522718
2.57	-8.865306002
2.58	-8.80625872
2.59	-8.744425261
2.6	-8.679850695
2.61	-8.612580742
2.62	-8.542661757
2.63	-8.470140705
2.64	-8.395065138
2.65	-8.317483176
2.66	-8.237443479
2.67	-8.154995231
2.68	-8.070188114
2.69	-7.983072287
2.7	-7.893698361
2.71	-7.802117383
2.72	-7.708380804
2.73	-7.612540467
2.74	-7.514648577
2.75	-7.414757682
2.76	-7.312920653
2.77	-7.209190656
2.78	-7.103621136
2.79	-6.996265792
2.8	-6.887178553
2.81	-6.776413563
2.82	-6.664025151
2.83	-6.550067816
2.84	-6.434596202
2.85	-6.317665079
2.86	-6.199329317
2.87	-6.079643872
2.88	-5.95866376
2.89	-5.836444035
2.9	-5.713039775
2.91	-5.588506053
2.92	-5.462897925
2.93	-5.336270402
2.94	-5.208678435
2.95	-5.080176895
2.96	-4.95082055
2.97	-4.82066405
2.98	-4.689761903
2.99	-4.558168461
3	-4.425937896
3.01	-4.293124186
3.02	-4.159781094
3.03	-4.025962149
3.04	-3.891720632
3.05	-3.757109554
3.06	-3.62218164
3.07	-3.486989313
3.08	-3.351584676
3.09	-3.216019495
3.1	-3.080345183
3.11	-2.944612783
3.12	-2.808872955
3.13	-2.673175955
3.14	-2.537571625
3.15	-2.402109375
3.16	-2.266838168
3.17	-2.131806508
3.18	-1.997062421
3.19	-1.862653447
3.2	-1.728626622
3.21	-1.595028465
3.22	-1.461904967
3.23	-1.329301577
3.24	-1.19726319
3.25	-1.065834131
3.26	-0.9350581515
3.27	-0.8049784092
3.28	-0.6756374619
3.29	-0.5470772547
3.3	-0.4193391099
3.31	-0.2924637164
3.32	-0.16649112
3.33	-0.04146071331
3.34	0.08258877313
3.35	0.2056192803
3.36	0.3275934292
3.37	0.4484745294
3.38	0.5682265869
3.39	0.6868143123
3.4	0.8042031276
3.41	0.9203591741
3.42	1.035249318
3.43	1.14884116
3.44	1.261103035
3.45	1.372004026
3.46	1.481513963
3.47	1.589603433
3.48	1.69624378
3.49	1.801407115
3.5	1.905066315
3.51	2.007195032
3.52	2.107767692
3.53	2.2067595
3.54	2.304146445
3.55	2.399905299
3.56	2.494013621
3.57	2.586449762
3.58	2.677192861
3.59	2.766222851
3.6	2.853520456
3.61	2.939067198
3.62	3.02284539
3.63	3.104838143
3.64	3.185029362
3.65	3.263403744
3.66	3.339946783
3.67	3.414644765
3.68	3.487484767
3.69	3.558454657
3.7	3.627543089
3.71	3.694739506
3.72	3.760034133
3.73	3.823417977
3.74	3.884882824
3.75	3.944421233
3.76	4.002026537
3.77	4.057692835
3.78	4.111414992
3.79	4.163188631
3.8	4.213010131
3.81	4.260876624
3.82	4.306785984
3.83	4.35073683
3.84	4.392728512
3.85	4.432761112
3.86	4.470835436
3.87	4.506953008
3.88	4.541116062
3.89	4.573327537
3.9	4.603591073
3.91	4.631910998
3.92	4.658292326
3.93	4.682740749
3.94	4.705262626
3.95	4.725864979
3.96	4.744555484
3.97	4.761342463
3.98	4.776234876
3.99	4.78924231
4	4.800374976
4.01	4.809643695
4.02	4.817059891
4.03	4.822635582
4.04	4.826383372
4.05	4.82831644
4.06	4.828448531
4.07	4.826793946
4.08	4.823367533
4.09	4.818184678
4.1	4.811261293
4.11	4.802613807
4.12	4.792259155
4.13	4.780214771
4.14	4.766498571
4.15	4.75112895
4.16	4.734124766
4.17	4.715505331
4.18	4.695290402
4.19	4.673500168
4.2	4.650155239
4.21	4.625276637
4.22	4.598885781
4.23	4.571004482
4.24	4.541654927
4.25	4.510859668
4.26	4.478641614
4.27	4.445024016
4.28	4.410030457
4.29	4.373684844
4.3	4.33601139
4.31	4.297034607
4.32	4.256779296
4.33	4.21527053
4.34	4.172533647
4.35	4.128594237
4.36	4.083478133
4.37	4.037211394
4.38	3.9898203
4.39	3.941331333
4.4	3.891771176
4.41	3.84116669
4.42	3.789544911
4.43	3.736933036
4.44	3.68335841
4.45	3.628848518
4.46	3.573430969
4.47	3.517133491
4.48	3.459983914
4.49	3.402010162
4.5	3.343240243
4.51	3.283702234
4.52	3.223424272
4.53	3.162434546
4.54	3.100761282
4.55	3.038432734
4.56	2.975477172
4.57	2.911922876
4.58	2.847798119
4.59	2.78313116
4.6	2.717950235
4.61	2.652283544
4.62	2.586159242
4.63	2.519605428
4.64	2.452650137
4.65	2.38532133
4.66	2.317646882
4.67	2.249654574
4.68	2.181372082
4.69	2.112826971
4.7	2.044046683
4.71	1.975058526
4.72	1.905889671
4.73	1.836567136
4.74	1.767117783
4.75	1.697568305
4.76	1.62794522
4.77	1.558274862
4.78	1.488583373
4.79	1.418896695
4.8	1.349240559
4.81	1.279640482
4.82	1.210121758
4.83	1.140709445
4.84	1.071428366
4.85	1.002303097
4.86	0.9333579593
4.87	0.8646170142
4.88	0.7961040561
4.89	0.7278426054
4.9	0.6598559021
4.91	0.5921668993
4.92	0.5247982572
4.93	0.4577723369
4.94	0.3911111947
4.95	0.3248365761
4.96	0.2589699105
4.97	0.1935323057
4.98	0.1285445425
4.99	0.06402706993
5	1.243034411e-15
5.01	-0.06351689679
5.02	-0.1265041962
5.03	-0.1889428245
5.04	-0.2508140629
5.05	-0.3120995518
5.06	-0.3727812942
5.07	-0.4328416599
5.08	-0.492263389
5.09	-0.5510295952
5.1	-0.6091237695
5.11	-0.6665297824
5.12	-0.723231888
5.13	-0.7792147258
5.14	-0.8344633237
5.15	-0.8889631008
5.16	-0.9426998688
5.17	-0.9956598349
5.18	-1.047829604
5.19	-1.099196178
5.2	-1.149746962
5.21	-1.199469762
5.22	-1.248352786
5.23	-1.29638465
5.24	-1.343554371
5.25	-1.389851376
5.26	-1.435265498
5.27	-1.479786976
5.28	-1.523406459
5.29	-1.566115002
5.3	-1.60790407
5.31	-1.648765535
5.32	-1.688691678
5.33	-1.727675186
5.34	-1.765709153
5.35	-1.80278708
5.36	-1.838902872
5.37	-1.874050841
5.38	-1.908225699
5.39	-1.941422562
5.4	-1.973636946
5.41	-2.004864767
5.42	-2.035102336
5.43	-2.064346363
5.44	-2.092593949
5.45	-2.119842587
5.46	-2.146090159
5.47	-2.171334937
5.48	-2.195575575
5.49	-2.218811108
5.5	-2.241040954
5.51	-2.262264904
5.52	-2.282483124
5.53	-2.301696152
5.54	-2.319904892
5.55	-2.337110612
5.56	-2.353314941
5.57	-2.368519867
5.58	-2.382727728
5.59	-2.395941216
5.6	-2.408163368
5.61	-2.419397563
5.62	-2.429647517
5.63	-2.438917284
5.64	-2.447211245
5.65	-2.454534108
5.66	-2.460890904
5.67	-2.466286978
5.68	-2.470727991
5.69	-2.47421991
5.7	-2.476769007
5.71	-2.47838185
5.72	-2.479065305
5.73	-2.478826522
5.74	-2.477672941
5.75	-2.475612275
5.76	-2.472652515
5.77	-2.468801919
5.78	-2.46406901
5.79	-2.458462569
5.8	-2.451991628
5.81	-2.44466547
5.82	-2.436493619
5.83	-2.427485834
5.84	-2.417652108
5.85	-2.407002659
5.86	-2.395547924
5.87	-2.383298557
5.88	-2.370265419
5.89	-2.356459576
5.9	-2.341892288
5.91	-2.326575012
5.92	-2.310519388
5.93	-2.293737235
5.94	-2.276240551
5.95	-2.258041498
5.96	-2.239152403
5.97	-2.219585751
5.98	-2.199354176
5.99	-2.178470457
6	-2.156947516
6.01	-2.134798403
6.02	-2.1120363
6.03	-2.088674509
6.04	-2.064726448
6.05	-2.040205644
6.06	-2.015125729
6.07	-1.989500433
6.08	-1.963343579
6.09	-1.936669074
6.1	-1.909490909
6.11	-1.881823148
6.12	-1.853679922
6.13	-1.825075429
6.14	-1.796023923
6.15	-1.766539708
6.16	-1.736637136
6.17	-1.7063306
6.18	-1.675634525
6.19	-1.644563368
6.2	-1.613131608
6.21	-1.581353741
6.22	-1.549244278
6.23	-1.516817735
6.24	-1.484088631
6.25	-1.451071479
6.26	-1.417780786
6.27	-1.384231042
6.28	-1.350436718
6.29	-1.316412262
6.3	-1.282172089
6.31	-1.24773058
6.32	-1.213102077
6.33	-1.178300877
6.34	-1.143341224
6.35	-1.10823731
6.36	-1.073003266
6.37	-1.03765316
6.38	-1.002200989
6.39	-0.9666606762
6.4	-0.9310460684
6.41	-0.8953709277
6.42	-0.8596489298
6.43	-0.8238936584
6.44	-0.7881186014
6.45	-0.7523371466
6.46	-0.7165625773
6.47	-0.6808080687
6.48	-0.6450866834
6.49	-0.6094113676
6.5	-0.5737949475
6.51	-0.5382501253
6.52	-0.5027894752
6.53	-0.4674254406
6.54	-0.4321703295
6.55	-0.397036312
6.56	-0.3620354161
6.57	-0.3271795249
6.58	-0.2924803732
6.59	-0.2579495441
6.6	-0.2235984666
6.61	-0.1894384118
6.62	-0.1554804904
6.63	-0.1217356498
6.64	-0.08821467165
6.65	-0.05492816853
6.66	-0.02188658195
6.67	0.01089982039
6.68	0.043420947
6.69	0.07566688486
6.7	0.1076279017
6.71	0.1392944483
6.72	0.1706571603
6.73	0.2017068602
6.74	0.2324345596
6.75	0.2628314608
6.76	0.2928889584
6.77	0.3225986412
6.78	0.3519522934
6.79	0.3809418967
6.8	0.4095596311
6.81	0.4377978765
6.82	0.4656492138
6.83	0.493106426
6.84	0.5201624997
6.85	0.5468106254
6.86	0.5730441989
6.87	0.5988568218
6.88	0.6242423024
6.89	0.6491946565
6.9	0.6737081074
6.91	0.6977770869
6.92	0.7213962358
6.93	0.7445604035
6.94	0.767264649
6.95	0.7895042407
6.96	0.8112746564
6.97	0.8325715837
6.98	0.8533909194
6.99	0.8737287697
7	0.8935814501
7.01	0.9129454845
7.02	0.9318176055
7.03	0.9501947535
7.04	0.9680740764
7.05	0.9854529289
7.06	1.002328872
7.07	1.018699672
7.08	1.034563299
7.09	1.049917929
7.1	1.064761938
7.11	1.079093906
7.12	1.092912613
7.13	1.106217038
7.14	1.119006358
7.15	1.131279949
7.16	1.143037381
7.17	1.154278419
7.18	1.16500302
7.19	1.175211333
7.2	1.184903696
7.21	1.194080638
7.22	1.20274287
7.23	1.21089129
7.24	1.21852698
7.25	1.225651201
7.26	1.232265394
7.27	1.238371177
7.28	1.243970342
7.29	1.249064856
7.3	1.253656856
7.31	1.257748648
7.32	1.261342705
7.33	1.264441663
7.34	1.267048321
7.35	1.269165637
7.36	1.270796729
7.37	1.271944867
7.38	1.272613475
7.39	1.272806126
7.4	1.272526542
7.41	1.271778589
7.42	1.270566275
7.43	1.268893749
7.44	1.266765296
7.45	1.264185337
7.46	1.261158423
7.47	1.257689234
7.48	1.253782579
7.49	1.249443387
7.5	1.244676709
7.51	1.239487715
7.52	1.233881689
7.53	1.227864027
7.54	1.221440233
7.55	1.214615921
7.56	1.207396804
7.57	1.199788699
7.58	1.191797518
7.59	1.183429269
7.6	1.174690052
7.61	1.165586054
7.62	1.156123549
7.63	1.146308891
7.64	1.136148518
7.65	1.125648941
7.66	1.114816746
7.67	1.103658589
7.68	1.092181194
7.69	1.080391349
7.7	1.068295904
7.71	1.055901766
7.72	1.043215899
7.73	1.03024532
7.74	1.016997094
7.75	1.003478331
7.76	0.9896961879
7.77	0.9756578594
7.78	0.9613705785
7.79	0.9468416125
7.8	0.9320782602
7.81	0.9170878488
7.82	0.9018777313
7.83	0.8864552831
7.84	0.8708278995
7.85	0.8550029928
7.86	0.838987989
7.87	0.8227903254
7.88	0.8064174476
7.89	0.7898768066
7.9	0.7731758561
7.91	0.7563220496
7.92	0.739322838
7.93	0.7221856663
7.94	0.7049179713
7.95	0.687527179
7.96	0.6700207014
7.97	0.6524059346
7.98	0.6346902555
7.99	0.6168810197
8	0.5989855587
8.01	0.5810111777
8.02	0.5629651525
8.03	0.5448547277
8.04	0.526687114
8.05	0.5084694856
8.06	0.4902089781
8.07	0.4719126863
8.08	0.4535876614
8.09	0.4352409092
8.1	0.4168793878
8.11	0.398510005
8.12	0.3801396169
8.13	0.361775025
8.14	0.3434229746
8.15	0.3250901527
8.16	0.3067831856
8.17	0.2885086376
8.18	0.2702730084
8.19	0.2520827319
8.2	0.2339441735
8.21	0.2158636291
8.22	0.1978473228
8.23	0.1799014055
8.24	0.1620319529
8.25	0.144244964
8.26	0.1265463598
8.27	0.108941981
8.28	0.09143758727
8.29	0.07403885522
8.3	0.05675137721
8.31	0.03958065989
8.32	0.02253212288
8.33	0.005611097378
8.34	-0.011177175
8.35	-0.02782754354
8.36	-0.04433494953
8.37	-0.06069442746
8.38	-0.07690110608
8.39	-0.09295020948
8.4	-0.1088370581
8.41	-0.1245570695
8.42	-0.1401057597
8.43	-0.1554787437
8.44	-0.1706717364
8.45	-0.1856805534
8.46	-0.2005011118
8.47	-0.2151294308
8.48	-0.2295616324
8.49	-0.2437939421
8.5	-0.2578226894
8.51	-0.2716443082
8.52	-0.2852553376
8.53	-0.298652422
8.54	-0.3118323117
8.55	-0.3247918633
8.56	-0.3375280399
8.57	-0.3500379112
8.58	-0.3623186541
8.59	-0.374367553
8.6	-0.3861819991
8.61	-0.3977594917
8.62	-0.4090976371
8.63	-0.4201941495
8.64	-0.4310468508
8.65	-0.44165367
8.66	-0.4520126439
8.67	-0.4621219165
8.68	-0.4719797388
8.69	-0.4815844688
8.7	-0.4909345714
8.71	-0.5000286175
8.72	-0.5088652843
8.73	-0.5174433549
8.74	-0.5257617173
8.75	-0.5338193648
8.76	-0.5416153949
8.77	-0.5491490091
8.78	-0.5564195124
8.79	-0.5634263125
8.8	-0.5701689194
8.81	-0.5766469447
8.82	-0.582860101
8.83	-0.5888082011
8.84	-0.5944911573
8.85	-0.5999089806
8.86	-0.6050617801
8.87	-0.6099497619
8.88	-0.6145732284
8.89	-0.6189325776
8.9	-0.6230283017
8.91	-0.6268609868
8.92	-0.6304313114
8.93	-0.6337400456
8.94	-0.6367880502
8.95	-0.6395762754
8.96	-0.6421057603
8.97	-0.6443776309
8.98	-0.6463930997
8.99	-0.6481534646
9	-0.6496601071
9.01	-0.6509144917
9.02	-0.6519181647
9.03	-0.6526727524
9.04	-0.6531799607
9.05	-0.653441573
9.06	-0.6534594495
9.07	-0.6532355257
9.08	-0.6527718112
9.09	-0.6520703881
9.1	-0.6511334098
9.11	-0.6499630998
9.12	-0.6485617501
9.13	-0.6469317199
9.14	-0.6450754342
9.15	-0.6429953821
9.16	-0.640694116
9.17	-0.6381742496
9.18	-0.6354384565
9.19	-0.632489469
9.2	-0.6293300764
9.21	-0.6259631237
9.22	-0.6223915098
9.23	-0.6186181863
9.24	-0.6146461559
9.25	-0.6104784708
9.26	-0.6061182313
9.27	-0.6015685841
9.28	-0.596832721
9.29	-0.5919138772
9.3	-0.5868153296
9.31	-0.5815403957
9.32	-0.5760924317
9.33	-0.570474831
9.34	-0.5646910229
9.35	-0.5587444705
9.36	-0.5526386698
9.37	-0.5463771476
9.38	-0.5399634603
9.39	-0.5334011923
9.4	-0.5266939543
9.41	-0.5198453819
9.42	-0.5128591339
9.43	-0.5057388909
9.44	-0.4984883537
9.45	-0.491111242
9.46	-0.4836112923
9.47	-0.4759922572
9.48	-0.468257903
9.49	-0.4604120089
9.5	-0.4524583652
9.51	-0.4444007718
9.52	-0.4362430368
9.53	-0.427988975
9.54	-0.4196424063
9.55	-0.4112071546
9.56	-0.4026870459
9.57	-0.3940859072
9.58	-0.385407565
9.59	-0.3766558439
9.6	-0.3678345649
9.61	-0.3589475447
9.62	-0.3499985934
9.63	-0.3409915142
9.64	-0.331930101
9.65	-0.3228181379
9.66	-0.3136593972
9.67	-0.3044576389
9.68	-0.2952166086
9.69	-0.2859400366
9.7	-0.2766316368
9.71	-0.2672951051
9.72	-0.2579341185
9.73	-0.2485523336
9.74	-0.2391533857
9.75	-0.2297408873
9.76	-0.2203184274
9.77	-0.2108895698
9.78	-0.2014578524
9.79	-0.192026786
9.8	-0.1825998532
9.81	-0.1731805071
9.82	-0.1637721708
9.83	-0.1543782358
9.84	-0.1450020614
9.85	-0.1356469736
9.86	-0.1263162638
9.87	-0.1170131885
9.88	-0.1077409679
9.89	-0.09850278515
9.9	-0.0893017854
9.91	-0.08014107504
9.92	-0.07102372078
9.93	-0.06195274887
9.94	-0.05293114431
9.95	-0.04396185003
9.96	-0.03504776619
9.97	-0.02619174941
9.98	-0.01739661207
9.99	-0.008665121644
10	-3.364528281e-16
10.01	0.008596077217
10.02	0.01712048122
10.03	0.02557063066
10.04	0.03394399224
10.05	0.04223808124
10.06	0.05045046203
10.07	0.05857874863
10.08	0.06662060517
10.09	0.07457374634
10.1	0.08243593787
10.11	0.09020499689
10.12	0.09787879241
10.13	0.1054552456
10.14	0.1129323303
10.15	0.120308073
10.16	0.1275805537
10.17	0.1347479058
10.18	0.1418083162
10.19	0.1487600261
10.2	0.1556013308
10.21	0.1623305799
10.22	0.1689461779
10.23	0.1754465838
10.24	0.1818303114
10.25	0.1880959297
10.26	0.1942420627
10.27	0.2002673895
10.28	0.2061706446
10.29	0.2119506174
10.3	0.2176061527
10.31	0.2231361507
10.32	0.2285395666
10.33	0.2338154106
10.34	0.2389627483
10.35	0.2439807
10.36	0.248868441
10.37	0.2536252013
10.38	0.2582502654
10.39	0.2627429723
10.4	0.2671027151
10.41	0.2713289411
10.42	0.2754211511
10.43	0.2793788998
10.44	0.2832017947
10.45	0.2868894969
10.46	0.2904417196
10.47	0.2938582288
10.48	0.2971388423
10.49	0.3002834298
10.5	0.3032919122
10.51	0.3061642615
10.52	0.3089005001
10.53	0.3115007007
10.54	0.3139649857
10.55	0.3162935266
10.56	0.3184865441
10.57	0.320544307
10.58	0.322467132
10.59	0.3242553831
10.6	0.3259094715
10.61	0.3274298544
10.62	0.3288170349
10.63	0.3300715614
10.64	0.331194027
10.65	0.3321850688
10.66	0.3330453675
10.67	0.3337756468
10.68	0.3343766725
10.69	0.3348492524
10.7	0.3351942351
10.71	0.3354125097
10.72	0.3355050052
10.73	0.3354726895
10.74	0.3353165692
10.75	0.3350376884
10.76	0.3346371284
10.77	0.334116007
10.78	0.3334754774
10.79	0.3327167281
10.8	0.3318409815
10.81	0.3308494939
10.82	0.329743554
10.83	0.3285244829
10.84	0.3271936328
10.85	0.3257523866
10.86	0.3242021569
10.87	0.3225443853
10.88	0.3207805419
10.89	0.3189121241
10.9	0.3169406562
10.91	0.3148676882
10.92	0.3126947957
10.93	0.3104235784
10.94	0.3080556597
10.95	0.3055926857
10.96	0.3030363247
10.97	0.3003882663
10.98	0.2976502203
10.99	0.2948239164
11	0.2919111029
11.01	0.2889135465
11.02	0.2858330309
11.03	0.2826713563
11.04	0.2794303386
11.05	0.2761118086
11.06	0.2727176113
11.07	0.2692496046
11.08	0.2657096593
11.09	0.2620996577
11.1	0.2584214931
11.11	0.2546770687
11.12	0.2508682973
11.13	0.2469971001
11.14	0.2430654063
11.15	0.2390751517
11.16	0.2350282787
11.17	0.230926735
11.18	0.2267724731
11.19	0.2225674492
11.2	0.218313623
11.21	0.2140129565
11.22	0.2096674132
11.23	0.2052789578
11.24	0.2008495552
11.25	0.1963811696
11.26	0.1918757642
11.27	0.1873353001
11.28	0.1827617358
11.29	0.1781570263
11.3	0.1735231228
11.31	0.1688619715
11.32	0.1641755133
11.33	0.1594656829
11.34	0.1547344084
11.35	0.1499836102
11.36	0.145215201
11.37	0.1404310843
11.38	0.1356331547
11.39	0.1308232964
11.4	0.1260033834
11.41	0.1211752781
11.42	0.1163408314
11.43	0.1115018816
11.44	0.1066602541
11.45	0.1018177608
11.46	0.09697619936
11.47	0.09213735281
11.48	0.08730298901
11.49	0.08247486004
11.5	0.07765470174
11.51	0.07284423315
11.52	0.06804515604
11.53	0.06325915439
11.54	0.05848789395
11.55	0.05373302174
11.56	0.04899616558
11.57	0.04427893367
11.58	0.03958291414
11.59	0.03490967462
11.6	0.03026076181
11.61	0.02563770111
11.62	0.0210419962
11.63	0.01647512865
11.64	0.01193855757
11.65	0.007433719246
11.66	0.002962026767
11.67	-0.00147513028
11.68	-0.00587638616
11.69	-0.01024039929
11.7	-0.01456585257
11.71	-0.01885145362
11.72	-0.02309593512
11.73	-0.02729805505
11.74	-0.03145659696
11.75	-0.03557037019
11.76	-0.03963821014
11.77	-0.04365897847
11.78	-0.04763156332
11.79	-0.05155487949
11.8	-0.05542786868
11.81	-0.05924949962
11.82	-0.06301876823
11.83	-0.06673469783
11.84	-0.07039633923
11.85	-0.07400277087
11.86	-0.07755309896
11.87	-0.08104645759
11.88	-0.08448200881
11.89	-0.08785894271
11.9	-0.09117647753
11.91	-0.0944338597
11.92	-0.0976303639
11.93	-0.1007652931
11.94	-0.1038379786
11.95	-0.10684778
11.96	-0.1097940854
11.97	-0.1126763111
11.98	-0.1154939018
11.99	-0.1182463305
12	-0.1209330986
12.01	-0.1235537357
12.02	-0.1261077996
12.03	-0.1285948761
12.04	-0.1310145793
12.05	-0.1333665513
12.06	-0.1356504618
12.07	-0.1378660086
12.08	-0.1400129171
12.09	-0.1420909403
12.1	-0.1440998585
12.11	-0.1460394794
12.12	-0.147909638
12.13	-0.1497101961
12.14	-0.1514410425
12.15	-0.1531020924
12.16	-0.1546932877
12.17	-0.1562145967
12.18	-0.1576660136
12.19	-0.1590475586
12.2	-0.1603592773
12.21	-0.1616012413
12.22	-0.1627735469
12.23	-0.1638763158
12.24	-0.164909694
12.25	-0.1658738525
12.26	-0.1667689861
12.27	-0.1675953139
12.28	-0.1683530786
12.29	-0.1690425461
12.3	-0.1696640057
12.31	-0.1702177696
12.32	-0.1707041722
12.33	-0.1711235705
12.34	-0.1714763433
12.35	-0.171762891
12.36	-0.1719836353
12.37	-0.1721390189
12.38	-0.1722295051
12.39	-0.1722555776
12.4	-0.17221774
12.41	-0.1721165155
12.42	-0.1719524467
12.43	-0.1717260949
12.44	-0.1714380401
12.45	-0.1710888806
12.46	-0.1706792323
12.47	-0.1702097287
12.48	-0.1696810204
12.49	-0.1690937746
12.5	-0.168448675
12.51	-0.167746421
12.52	-0.1669877279
12.53	-0.1661733258
12.54	-0.1653039599
12.55	-0.1643803896
12.56	-0.1634033884
12.57	-0.1623737434
12.58	-0.1612922547
12.59	-0.1601597354
12.6	-0.1589770109
12.61	-0.1577449188
12.62	-0.1564643079
12.63	-0.1551360385
12.64	-0.1537609815
12.65	-0.1523400183
12.66	-0.1508740401
12.67	-0.1493639478
12.68	-0.1478106513
12.69	-0.1462150692
12.7	-0.1445781287
12.71	-0.1429007645
12.72	-0.1411839192
12.73	-0.1394285422
12.74	-0.1376355897
12.75	-0.1358060242
12.76	-0.1339408139
12.77	-0.1320409327
12.78	-0.1301073595
12.79	-0.1281410778
12.8	-0.1261430753
12.81	-0.1241143438
12.82	-0.1220558782
12.83	-0.1199686768
12.84	-0.1178537404
12.85	-0.1157120722
12.86	-0.1135446771
12.87	-0.1113525617
12.88	-0.1091367337
12.89	-0.1068982013
12.9	-0.1046379735
12.91	-0.1023570588
12.92	-0.1000564657
12.93	-0.09773720169
12.94	-0.09540027331
12.95	-0.0930466855
12.96	-0.0906774414
12.97	-0.08829354194
12.98	-0.08589598549
12.99	-0.08348576752
13	-0.08106388025
13.01	-0.07863131229
13.02	-0.07618904837
13.03	-0.0737380689
13.04	-0.07127934975
13.05	-0.06881386185
13.06	-0.0663425709
13.07	-0.06386643706
13.08	-0.06138641463
13.09	-0.05890345172
13.1	-0.05641849002
13.11	-0.0539324644
13.12	-0.05144630272
13.13	-0.04896092548
13.14	-0.04647724554
13.15	-0.04399616789
13.16	-0.04151858931
13.17	-0.03904539818
13.18	-0.03657747415
13.19	-0.03411568792
13.2	-0.03166090098
13.21	-0.02921396538
13.22	-0.02677572347
13.23	-0.02434700767
13.24	-0.02192864023
13.25	-0.01952143306
13.26	-0.01712618744
13.27	-0.01474369386
13.28	-0.01237473177
13.29	-0.01002006944
13.3	-0.007680463708
13.31	-0.005356659818
13.32	-0.003049391231
13.33	-0.000759379453
13.34	0.001512666145
13.35	0.003766048486
13.36	0.006000082951
13.37	0.008214097531
13.38	0.01040743297
13.39	0.01257944293
13.4	0.01472949408
13.41	0.01685696628
13.42	0.01896125268
13.43	0.02104175982
13.44	0.02309790779
13.45	0.02512913029
13.46	0.02713487475
13.47	0.02911460245
13.48	0.03106778854
13.49	0.03299392221
13.5	0.03489250669
13.51	0.03676305939
13.52	0.03860511191
13.53	0.04041821012
13.54	0.04220191423
13.55	0.04395579882
13.56	0.04567945287
13.57	0.04737247985
13.58	0.04903449768
13.59	0.05066513882
13.6	0.05226405023
13.61	0.05383089346
13.62	0.05536534458
13.63	0.05686709424
13.64	0.05833584764
13.65	0.05977132452
13.66	0.06117325919
13.67	0.06254140046
13.68	0.06387551163
13.69	0.06517537049
13.7	0.06644076927
13.71	0.06767151457
13.72	0.06886742739
13.73	0.07002834299
13.74	0.07115411093
13.75	0.07224459493
13.76	0.07329967287
13.77	0.07431923669
13.78	0.07530319231
13.79	0.07625145958
13.8	0.0771639722
13.81	0.07804067759
13.82	0.07888153686
13.83	0.07968652467
13.84	0.08045562916
13.85	0.08118885181
13.86	0.08188620738
13.87	0.08254772378
13.88	0.08317344194
13.89	0.08376341569
13.9	0.08431771168
13.91	0.0848364092
13.92	0.08531960009
13.93	0.08576738857
13.94	0.08617989113
13.95	0.08655723639
13.96	0.08689956493
13.97	0.08720702918
13.98	0.08747979323
13.99	0.08771803271
14	0.0879219346
14.01	0.0880916971
14.02	0.08822752946
14.03	0.08832965181
14.04	0.08839829498
14.05	0.08843370036
14.06	0.08843611968
14.07	0.0884058149
14.08	0.08834305796
14.09	0.08824813066
14.1	0.08812132444
14.11	0.08796294021
14.12	0.08777328815
14.13	0.08755268755
14.14	0.08730146659
14.15	0.08701996216
14.16	0.08670851966
14.17	0.08636749282
14.18	0.08599724349
14.19	0.08559814143
14.2	0.08517056414
14.21	0.08471489664
14.22	0.08423153126
14.23	0.08372086746
14.24	0.0831833116
14.25	0.08261927676
14.26	0.08202918251
14.27	0.08141345472
14.28	0.08077252535
14.29	0.08010683222
14.3	0.07941681883
14.31	0.07870293416
14.32	0.07796563241
14.33	0.07720537284
14.34	0.07642261952
14.35	0.07561784117
14.36	0.0747915109
14.37	0.07394410602
14.38	0.07307610784
14.39	0.07218800144
14.4	0.07128027549
14.41	0.070353422
14.42	0.06940793614
14.43	0.06844431604
14.44	0.06746306254
14.45	0.06646467903
14.46	0.06544967122
14.47	0.06441854694
14.48	0.06337181593
14.49	0.06230998963
14.5	0.06123358101
14.51	0.06014310433
14.52	0.05903907495
14.53	0.05792200915
14.54	0.05679242392
14.55	0.05565083673
14.56	0.05449776541
14.57	0.05333372787
14.58	0.05215924197
14.59	0.05097482531
14.6	0.04978099503
14.61	0.04857826762
14.62	0.04736715878
14.63	0.04614818315
14.64	0.04492185423
14.65	0.04368868412
14.66	0.04244918336
14.67	0.04120386079
14.68	0.03995322334
14.69	0.03869777584
14.7	0.03743802091
14.71	0.03617445875
14.72	0.03490758698
14.73	0.03363790046
14.74	0.03236589119
14.75	0.03109204806
14.76	0.02981685677
14.77	0.02854079966
14.78	0.02726435552
14.79	0.02598799948
14.8	0.02471220285
14.81	0.02343743298
14.82	0.02216415312
14.83	0.02089282227
14.84	0.01962389506
14.85	0.01835782159
14.86	0.01709504734
14.87	0.01583601301
14.88	0.01458115441
14.89	0.01333090233
14.9	0.01208568242
14.91	0.01084591509
14.92	0.009612015368
14.93	0.008384392816
14.94	0.007163451407
14.95	0.005949589426
14.96	0.004743199365
14.97	0.003544667825
14.98	0.002354375422
14.99	0.001172696692
15	6.830090818e-17
15.01	-0.001163352545
15.02	-0.002317005175
15.03	-0.003460608543
15.04	-0.004593819805
15.05	-0.005716302688
15.06	-0.006827727568
15.07	-0.007927771538
15.08	-0.00901611847
15.09	-0.01009245908
15.1	-0.011156491
15.11	-0.0122079188
15.12	-0.01324645409
15.13	-0.01427181553
15.14	-0.0152837289
15.15	-0.01628192714
15.16	-0.01726615038
15.17	-0.01823614599
15.18	-0.01919166864
15.19	-0.02013248026
15.2	-0.02105835017
15.21	-0.02196905501
15.22	-0.02286437884
15.23	-0.02374411311
15.24	-0.02460805669
15.25	-0.02545601592
15.26	-0.02628780457
15.27	-0.02710324389
15.28	-0.02790216258
15.29	-0.02868439683
15.3	-0.02944979031
15.31	-0.03019819416
15.32	-0.03092946697
15.33	-0.03164347482
15.34	-0.03234009123
15.35	-0.03301919714
15.36	-0.03368068096
15.37	-0.03432443846
15.38	-0.03495037282
15.39	-0.03555839457
15.4	-0.0361484216
15.41	-0.03672037909
15.42	-0.0372741995
15.43	-0.03780982253
15.44	-0.0383271951
15.45	-0.03882627132
15.46	-0.03930701238
15.47	-0.03976938662
15.48	-0.04021336938
15.49	-0.04063894302
15.5	-0.04104609684
15.51	-0.04143482704
15.52	-0.04180513667
15.53	-0.04215703556
15.54	-0.04249054026
15.55	-0.04280567401
15.56	-0.04310246666
15.57	-0.04338095458
15.58	-0.04364118064
15.59	-0.04388319412
15.6	-0.04410705064
15.61	-0.04431281208
15.62	-0.04450054655
15.63	-0.04467032825
15.64	-0.04482223745
15.65	-0.04495636037
15.66	-0.04507278914
15.67	-0.04517162169
15.68	-0.04525296168
15.69	-0.04531691841
15.7	-0.04536360674
15.71	-0.045393147
15.72	-0.0454056649
15.73	-0.04540129145
15.74	-0.04538016286
15.75	-0.04534242045
15.76	-0.04528821056
15.77	-0.04521768444
15.78	-0.04513099819
15.79	-0.04502831263
15.8	-0.04490979322
15.81	-0.04477560996
15.82	-0.04462593728
15.83	-0.04446095394
15.84	-0.04428084297
15.85	-0.0440857915
15.86	-0.04387599072
15.87	-0.04365163574
15.88	-0.04341292549
15.89	-0.04316006264
15.9	-0.04289325347
15.91	-0.04261270777
15.92	-0.04231863875
15.93	-0.04201126291
15.94	-0.04169079995
15.95	-0.04135747267
15.96	-0.04101150684
15.97	-0.0406531311
15.98	-0.04028257687
15.99	-0.03990007823
16	-0.0395058718
16.01	-0.03910019665
16.02	-0.03868329419
16.03	-0.03825540806
16.04	-0.03781678402
16.05	-0.03736766983
16.06	-0.03690831517
16.07	-0.0364389715
16.08	-0.03595989201
16.09	-0.03547133142
16.1	-0.03497354596
16.11	-0.03446679322
16.12	-0.03395133207
16.13	-0.0334274225
16.14	-0.0328953256
16.15	-0.03235530337
16.16	-0.03180761867
16.17	-0.03125253509
16.18	-0.03069031688
16.19	-0.03012122878
16.2	-0.02954553601
16.21	-0.02896350408
16.22	-0.02837539875
16.23	-0.02778148589
16.24	-0.02718203144
16.25	-0.02657730121
16.26	-0.0259675609
16.27	-0.0253530759
16.28	-0.02473411128
16.29	-0.02411093162
16.3	-0.02348380097
16.31	-0.02285298274
16.32	-0.02221873959
16.33	-0.02158133336
16.34	-0.02094102498
16.35	-0.02029807437
16.36	-0.01965274035
16.37	-0.01900528057
16.38	-0.0183559514
16.39	-0.01770500787
16.4	-0.01705270358
16.41	-0.01639929058
16.42	-0.01574501937
16.43	-0.01509013873
16.44	-0.0144348957
16.45	-0.0137795355
16.46	-0.01312430141
16.47	-0.01246943474
16.48	-0.01181517474
16.49	-0.01116175854
16.5	-0.01050942106
16.51	-0.009858394926
16.52	-0.009208910465
16.53	-0.008561195577
16.54	-0.007915475694
16.55	-0.007271973716
16.56	-0.006630909946
16.57	-0.00599250203
16.58	-0.005356964897
16.59	-0.004724510702
16.6	-0.004095348771
16.61	-0.003469685542
16.62	-0.002847724516
16.63	-0.002229666202
16.64	-0.001615708071
16.65	-0.0010060445
16.66	-0.0004008667315
16.67	0.0001996371743
16.68	0.0007952823854
16.69	0.001385887339
16.7	0.001971273783
16.71	0.002551266815
16.72	0.003125694921
16.73	0.003694390013
16.74	0.00425718746
16.75	0.004813926125
16.76	0.005364448397
16.77	0.005908600217
16.78	0.006446231112
16.79	0.006977194218
16.8	0.007501346307
16.81	0.008018547812
16.82	0.008528662848
16.83	0.009031559233
16.84	0.009527108508
16.85	0.01001518596
16.86	0.01049567061
16.87	0.01096844529
16.88	0.01143339659
16.89	0.0118904149
16.9	0.01233939441
16.91	0.01278023315
16.92	0.01321283295
16.93	0.01363709948
16.94	0.01405294224
16.95	0.01446027457
16.96	0.01485901365
16.97	0.01524908048
16.98	0.01563039991
16.99	0.01600290063
17	0.01636651516
17.01	0.01672117982
17.02	0.01706683477
17.03	0.01740342398
17.04	0.0177308952
17.05	0.01804919999
17.06	0.01835829367
17.07	0.01865813532
17.08	0.01894868779
17.09	0.01922991765
17.1	0.01950179516
17.11	0.01976429431
17.12	0.02001739276
17.13	0.0202610718
17.14	0.02049531637
17.15	0.02072011504
17.16	0.02093545991
17.17	0.0211413467
17.18	0.02133777461
17.19	0.02152474639
17.2	0.02170226822
17.21	0.02187034976
17.22	0.02202900408
17.23	0.02217824761
17.24	0.02231810015
17.25	0.02244858481
17.26	0.02256972797
17.27	0.02268155928
17.28	0.02278411157
17.29	0.02287742085
17.3	0.02296152627
17.31	0.02303647006
17.32	0.0231022975
17.33	0.02315905689
17.34	0.02320679949
17.35	0.0232455795
17.36	0.023275454
17.37	0.02329648288
17.38	0.02330872886
17.39	0.02331225739
17.4	0.02330713662
17.41	0.02329343738
17.42	0.02327123307
17.43	0.02324059969
17.44	0.02320161572
17.45	0.02315436212
17.46	0.02309892225
17.47	0.02303538185
17.48	0.02296382896
17.49	0.02288435388
17.5	0.02279704914
17.51	0.0227020094
17.52	0.02259933145
17.53	0.02248911412
17.54	0.02237145824
17.55	0.02224646659
17.56	0.02211424386
17.57	0.02197489655
17.58	0.02182853297
17.59	0.02167526315
17.6	0.0215151988
17.61	0.02134845326
17.62	0.02117514143
17.63	0.02099537971
17.64	0.02080928599
17.65	0.02061697953
17.66	0.02041858095
17.67	0.02021421218
17.68	0.02000399635
17.69	0.01978805781
17.7	0.019566522
17.71	0.01933951544
17.72	0.0191071657
17.73	0.01886960125
17.74	0.01862695152
17.75	0.01837934674
17.76	0.01812691799
17.77	0.01786979703
17.78	0.01760811635
17.79	0.01734200906
17.8	0.01707160883
17.81	0.01679704987
17.82	0.01651846685
17.83	0.01623599486
17.84	0.01594976934
17.85	0.01565992606
17.86	0.01536660104
17.87	0.01506993048
17.88	0.01477005076
17.89	0.01446709836
17.9	0.01416120978
17.91	0.01385252154
17.92	0.01354117012
17.93	0.01322729187
17.94	0.01291102301
17.95	0.01259249954
17.96	0.01227185722
17.97	0.01194923151
17.98	0.01162475753
17.99	0.01129856999
18	0.01097080319
18.01	0.01064159092
18.02	0.01031106644
18.03	0.00997936244
18.04	0.009646610987
18.05	0.009312943484
18.06	0.008978490624
18.07	0.008643382349
18.08	0.00830774781
18.09	0.007971715323
18.1	0.007635412326
18.11	0.007298965346
18.12	0.006962499951
18.13	0.006626140717
18.14	0.006290011189
18.15	0.005954233842
18.16	0.005618930044
18.17	0.005284220022
18.18	0.004950222824
18.19	0.004617056287
18.2	0.004284837002
18.21	0.00395368028
18.22	0.00362370012
18.23	0.003295009178
18.24	0.002967718737
18.25	0.002641938673
18.26	0.002317777428
18.27	0.001995341984
18.28	0.001674737829
18.29	0.001356068936
18.3	0.001039437731
18.31	0.0007249450736
18.32	0.000412690226
18.33	0.0001027708334
18.34	-0.0002047171012
18.35	-0.0005096792386
18.36	-0.0008120229257
18.37	-0.001111657216
18.38	-0.001408492889
18.39	-0.001702442471
18.4	-0.001993420253
18.41	-0.002281342306
18.42	-0.002566126502
18.43	-0.002847692525
18.44	-0.003125961893
18.45	-0.003400857965
18.46	-0.003672305961
18.47	-0.003940232968
18.48	-0.004204567962
18.49	-0.004465241807
18.5	-0.004722187276
18.51	-0.004975339056
18.52	-0.005224633755
18.53	-0.005470009915
18.54	-0.005711408016
18.55	-0.005948770483
18.56	-0.006182041693
18.57	-0.006411167978
18.58	-0.006636097632
18.59	-0.006856780912
18.6	-0.007073170042
18.61	-0.007285219214
18.62	-0.007492884591
18.63	-0.007696124306
18.64	-0.007894898463
18.65	-0.008089169134
18.66	-0.008278900359
18.67	-0.008464058145
18.68	-0.008644610458
18.69	-0.008820527225
18.7	-0.008991780327
18.71	-0.009158343592
18.72	-0.009320192791
18.73	-0.009477305633
18.74	-0.009629661756
18.75	-0.009777242717
18.76	-0.009920031989
18.77	-0.01005801495
18.78	-0.01019117886
18.79	-0.01031951288
18.8	-0.01044300803
18.81	-0.01056165721
18.82	-0.01067545513
18.83	-0.01078439839
18.84	-0.01088848536
18.85	-0.01098771626
18.86	-0.01108209307
18.87	-0.01117161958
18.88	-0.01125630132
18.89	-0.01133614559
18.9	-0.01141116139
18.91	-0.01148135947
18.92	-0.01154675224
18.93	-0.01160735382
18.94	-0.01166317998
18.95	-0.0117142481
18.96	-0.01176057723
18.97	-0.01180218799
18.98	-0.01183910259
18.99	-0.0118713448
19	-0.01189893992
19.01	-0.01192191478
19.02	-0.01194029769
19.03	-0.01195411845
19.04	-0.01196340829
19.05	-0.01196819989
19.06	-0.01196852731
19.07	-0.011964426
19.08	-0.01195593277
19.09	-0.01194308576
19.1	-0.0119259244
19.11	-0.01190448943
19.12	-0.01187882281
19.13	-0.01184896777
19.14	-0.01181496871
19.15	-0.01177687123
19.16	-0.01173472207
19.17	-0.0116885691
19.18	-0.0116384613
19.19	-0.01158444871
19.2	-0.01152658242
19.21	-0.01146491453
19.22	-0.01139949814
19.23	-0.01133038731
19.24	-0.01125763704
19.25	-0.01118130322
19.26	-0.01110144265
19.27	-0.01101811295
19.28	-0.0109313726
19.29	-0.01084128083
19.3	-0.01074789767
19.31	-0.01065128389
19.32	-0.01055150095
19.33	-0.010448611
19.34	-0.01034267686
19.35	-0.01023376195
19.36	-0.01012193031
19.37	-0.01000724653
19.38	-0.009889775752
19.39	-0.009769583622
19.4	-0.009646736273
19.41	-0.009521300293
19.42	-0.009393342697
19.43	-0.009262930897
19.44	-0.009130132677
19.45	-0.008995016162
19.46	-0.008857649793
19.47	-0.008718102296
19.48	-0.008576442658
19.49	-0.008432740095
19.5	-0.00828706403
19.51	-0.008139484059
19.52	-0.00799006993
19.53	-0.007838891515
19.54	-0.007686018777
19.55	-0.007531521752
19.56	-0.007375470517
19.57	-0.007217935167
19.58	-0.007058985786
19.59	-0.006898692422
19.6	-0.006737125062
19.61	-0.006574353608
19.62	-0.006410447849
19.63	-0.006245477438
19.64	-0.006079511866
19.65	-0.00591262044
19.66	-0.005744872254
19.67	-0.005576336171
19.68	-0.005407080796
19.69	-0.005237174454
19.7	-0.005066685164
19.71	-0.004895680621
19.72	-0.004724228171
19.73	-0.004552394787
19.74	-0.004380247051
19.75	-0.00420785113
19.76	-0.004035272757
19.77	-0.003862577206
19.78	-0.003689829276
19.79	-0.00351709327
19.8	-0.003344432972
19.81	-0.003171911631
19.82	-0.002999591941
19.83	-0.00282753602
19.84	-0.002655805396
19.85	-0.002484460984
19.86	-0.002313563073
19.87	-0.002143171306
19.88	-0.001973344662
19.89	-0.001804141442
19.9	-0.001635619254
19.91	-0.001467834991
19.92	-0.001300844822
19.93	-0.001134704176
19.94	-0.0009694677251
19.95	-0.0008051893701
19.96	-0.0006419222294
19.97	-0.0004797186241
19.98	-0.0003186300646
19.99	-0.000158707239
20	-1.2324697e-17
20.01	0.0001574426462
20.02	0.0003135725516
20.03	0.0004683424374
20.04	0.0006217059044
20.05	0.0007736174433
20.06	0.0009240324443
20.07	0.001072907207
20.08	0.001220198947
20.09	0.001365865809
20.1	0.001509866869
20.11	0.001652162149
20.12	0.001792712617
20.13	0.001931480198
20.14	0.00206842778
20.15	0.002203519221
20.16	0.002336719352
20.17	0.002467993983
20.18	0.002597309911
20.19	0.002724634919
20.2	0.002849937785
20.21	0.002973188283
20.22	0.003094357187
20.23	0.003213416273
20.24	0.003330338322
20.25	0.003445097125
20.26	0.003557667477
20.27	0.003668025188
20.28	0.003776147075
20.29	0.00388201097
20.3	0.003985595713
20.31	0.00408688116
20.32	0.004185848173
20.33	0.004282478628
20.34	0.004376755406
20.35	0.004468662398
20.36	0.004558184497
20.37	0.0046453076
20.38	0.004730018604
20.39	0.004812305401
20.4	0.004892156876
20.41	0.004969562905
20.42	0.005044514346
20.43	0.005117003041
20.44	0.005187021805
20.45	0.005254564426
20.46	0.005319625654
20.47	0.005382201202
20.48	0.005442287735
20.49	0.005499882864
20.5	0.005554985142
20.51	0.005607594054
20.52	0.005657710012
20.53	0.005705334348
20.54	0.005750469301
20.55	0.005793118017
20.56	0.005833284533
20.57	0.005870973775
20.58	0.005906191542
20.59	0.005938944505
20.6	0.005969240191
20.61	0.005997086975
20.62	0.006022494072
20.63	0.006045471526
20.64	0.0060660302
20.65	0.006084181764
20.66	0.006099938685
20.67	0.006113314216
20.68	0.006124322386
20.69	0.006132977989
20.7	0.006139296567
20.71	0.006143294406
20.72	0.00614498852
20.73	0.006144396638
20.74	0.006141537194
20.75	0.006136429314
20.76	0.006129092803
20.77	0.006119548131
20.78	0.006107816423
20.79	0.006093919443
20.8	0.006077879586
20.81	0.006059719856
20.82	0.006039463861
20.83	0.006017135795
20.84	0.005992760425
20.85	0.00596636308
20.86	0.005937969632
20.87	0.005907606487
20.88	0.005875300568
20.89	0.005841079302
20.9	0.005804970607
20.91	0.005767002876
20.92	0.005727204961
20.93	0.005685606165
20.94	0.00564223622
20.95	0.005597125278
20.96	0.005550303894
20.97	0.005501803012
20.98	0.00545165395
20.99	0.005399888388
21	0.005346538349
21.01	0.005291636188
21.02	0.005235214576
21.03	0.005177306486
21.04	0.005117945176
21.05	0.00505716418
21.06	0.004994997287
21.07	0.004931478529
21.08	0.00486664217
21.09	0.004800522684
21.1	0.004733154748
21.11	0.004664573223
21.12	0.004594813141
21.13	0.004523909692
21.14	0.004451898207
21.15	0.004378814146
21.16	0.004304693082
21.17	0.004229570689
21.18	0.004153482727
21.19	0.004076465029
21.2	0.003998553484
21.21	0.003919784028
21.22	0.003840192626
21.23	0.003759815262
21.24	0.003678687923
21.25	0.003596846587
21.26	0.003514327209
21.27	0.003431165708
21.28	0.003347397955
21.29	0.00326305976
21.3	0.003178186856
21.31	0.003092814892
21.32	0.003006979415
21.33	0.002920715863
21.34	0.002834059547
21.35	0.002747045644
21.36	0.002659709182
21.37	0.002572085029
21.38	0.002484207882
21.39	0.002396112255
21.4	0.002307832469
21.41	0.002219402636
21.42	0.002130856656
21.43	0.002042228199
21.44	0.001953550699
21.45	0.00186485734
21.46	0.001776181048
21.47	0.001687554482
21.48	0.001599010021
21.49	0.001510579754
21.5	0.001422295475
21.51	0.00133418867
21.52	0.001246290506
21.53	0.001158631828
21.54	0.001071243145
21.55	0.0009841546226
21.56	0.0008973960757
21.57	0.0008109969595
21.58	0.0007249863616
21.59	0.000639392994
21.6	0.0005542451858
21.61	0.0004695708755
21.62	0.0003853976039
21.63	0.000301752507
21.64	0.0002186623094
21.65	0.0001361533173
21.66	5.425141265e-05
21.67	-2.701795353e-05
21.68	-0.0001076297669
21.69	-0.0001875594556
21.7	-0.0002667828957
21.71	-0.000345276417
21.72	-0.0004230168075
21.73	-0.0004999813187
21.74	-0.0005761476706
21.75	-0.0006514940556
21.76	-0.0007259991432
21.77	-0.0007996420839
21.78	-0.0008724025134
21.79	-0.0009442605557
21.8	-0.001015196827
21.81	-0.001085192439
21.82	-0.001154229002
21.83	-0.001222288627
21.84	-0.001289353928
21.85	-0.001355408028
21.86	-0.001420434555
21.87	-0.00148441765
21.88	-0.001547341966
21.89	-0.001609192668
21.9	-0.001669955438
21.91	-0.001729616473
21.92	-0.00178816249
21.93	-0.001845580721
21.94	-0.001901858919
21.95	-0.001956985355
21.96	-0.00201094882
21.97	-0.002063738625
21.98	-0.002115344599
21.99	-0.00216575709
22	-0.002214966964
22.01	-0.002262965607
22.02	-0.002309744918
22.03	-0.002355297313
22.04	-0.002399615724
22.05	-0.002442693593
22.06	-0.002484524873
22.07	-0.002525104029
22.08	-0.00256442603
22.09	-0.002602486351
22.1	-0.002639280972
22.11	-0.002674806369
22.12	-0.002709059518
22.13	-0.00274203789
22.14	-0.002773739447
22.15	-0.002804162637
22.16	-0.002833306397
22.17	-0.002861170143
22.18	-0.002887753771
22.19	-0.002913057649
22.2	-0.002937082616
22.21	-0.00295982998
22.22	-0.002981301506
22.23	-0.003001499422
22.24	-0.003020426405
22.25	-0.003038085583
22.26	-0.003054480528
22.27	-0.003069615249
22.28	-0.003083494193
22.29	-0.003096122231
22.3	-0.003107504661
22.31	-0.0031176472
22.32	-0.003126555975
22.33	-0.003134237523
22.34	-0.003140698782
22.35	-0.003145947086
22.36	-0.003149990159
22.37	-0.003152836109
22.38	-0.003154493422
22.39	-0.003154970956
22.4	-0.003154277936
22.41	-0.003152423945
22.42	-0.003149418919
22.43	-0.003145273142
22.44	-0.003139997235
22.45	-0.003133602155
22.46	-0.003126099185
22.47	-0.003117499927
22.48	-0.003107816296
22.49	-0.003097060514
22.5	-0.003085245102
22.51	-0.003072382872
22.52	-0.003058486923
22.53	-0.003043570629
22.54	-0.003027647637
22.55	-0.003010731857
22.56	-0.002992837456
22.57	-0.002973978849
22.58	-0.002954170692
22.59	-0.002933427878
22.6	-0.002911765524
22.61	-0.002889198969
22.62	-0.002865743762
22.63	-0.00284141566
22.64	-0.002816230613
22.65	-0.002790204764
22.66	-0.002763354437
22.67	-0.002735696131
22.68	-0.002707246512
22.69	-0.002678022408
22.7	-0.002648040796
22.71	-0.0026173188
22.72	-0.002585873681
22.73	-0.00255372283
22.74	-0.002520883759
22.75	-0.002487374097
22.76	-0.00245321158
22.77	-0.002418414043
22.78	-0.002382999414
22.79	-0.002346985708
22.8	-0.002310391016
22.81	-0.002273233501
22.82	-0.002235531389
22.83	-0.002197302962
22.84	-0.002158566551
22.85	-0.002119340529
22.86	-0.002079643304
22.87	-0.00203949331
22.88	-0.001998909004
22.89	-0.001957908854
22.9	-0.001916511336
22.91	-0.001874734927
22.92	-0.001832598094
22.93	-0.001790119292
22.94	-0.001747316956
22.95	-0.001704209491
22.96	-0.001660815272
22.97	-0.00161715263
22.98	-0.001573239852
22.99	-0.00152909517
23	-0.001484736758
23.01	-0.001440182721
23.02	-0.001395451097
23.03	-0.001350559842
23.04	-0.00130552683
23.05	-0.001260369844
23.06	-0.001215106572
23.07	-0.001169754598
23.08	-0.001124331403
23.09	-0.001078854351
23.1	-0.00103334069
23.11	-0.0009878075424
23.12	-0.0009422719028
23.13	-0.0008967506307
23.14	-0.0008512604459
23.15	-0.0008058179235
23.16	-0.000760439489
23.17	-0.0007151414133
23.18	-0.0006699398079
23.19	-0.0006248506203
23.2	-0.0005798896293
23.21	-0.0005350724405
23.22	-0.0004904144821
23.23	-0.0004459310004
23.24	-0.0004016370559
23.25	-0.0003575475186
23.26	-0.0003136770648
23.27	-0.0002700401726
23.28	-0.0002266511185
23.29	-0.0001835239735
23.3	-0.0001406725998
23.31	-9.811064687e-05
23.32	-5.585154862e-05
23.33	-1.390851984e-05
23.34	2.770544687e-05
23.35	6.897758411e-05
23.36	0.0001098953526
23.37	0.0001504464442
23.38	0.0001906187841
23.39	0.0002304005341
23.4	0.0002697800946
23.41	0.0003087461072
23.42	0.0003472874569
23.43	0.0003853932745
23.44	0.0004230529382
23.45	0.000460256076
23.46	0.0004969925673
23.47	0.0005332525448
23.48	0.000569026396
23.49	0.0006043047647
23.5	0.0006390785525
23.51	0.0006733389203
23.52	0.000707077289
23.53	0.0007402853411
23.54	0.0007729550215
23.55	0.0008050785382
23.56	0.0008366483635
23.57	0.0008676572342
23.58	0.0008980981526
23.59	0.0009279643868
23.6	0.000957249471
23.61	0.0009859472057
23.62	0.001014051658
23.63	0.001041557163
23.64	0.00106845832
23.65	0.001094749996
23.66	0.001120427325
23.67	0.001145485706
23.68	0.001169920805
23.69	0.00119372855
23.7	0.001216905137
23.71	0.001239447024
23.72	0.001261350931
23.73	0.001282613842
23.74	0.001303233001
23.75	0.001323205912
23.76	0.001342530339
23.77	0.001361204302
23.78	0.001379226077
23.79	0.001396594198
23.8	0.00141330745
23.81	0.001429364869
23.82	0.001444765744
23.83	0.00145950961
23.84	0.00147359625
23.85	0.001487025692
23.86	0.001499798204
23.87	0.0015119143
23.88	0.001523374728
23.89	0.001534180474
23.9	0.001544332759
23.91	0.001553833036
23.92	0.001562682985
23.93	0.001570884517
23.94	0.001578439765
23.95	0.001585351085
23.96	0.001591621051
23.97	0.001597252455
23.98	0.001602248303
23.99	0.001606611811
24	0.001610346405
24.01	0.001613455713
24.02	0.00161594357
24.03	0.001617814006
24.04	0.001619071249
24.05	0.001619719721
24.06	0.001619764033
24.07	0.001619208981
24.08	0.001618059548
24.09	0.001616320894
24.1	0.001613998357
24.11	0.001611097448
24.12	0.00160762385
24.13	0.001603583409
24.14	0.001598982137
24.15	0.001593826203
24.16	0.001588121935
24.17	0.00158187581
24.18	0.001575094457
24.19	0.001567784648
24.2	0.001559953297
24.21	0.001551607455
24.22	0.00154275431
24.23	0.001533401176
24.24	0.001523555497
24.25	0.001513224838
24.26	0.001502416885
24.27	0.001491139437
24.28	0.001479400406
24.29	0.001467207811
24.3	0.001454569775
24.31	0.001441494522
24.32	0.001427990369
24.33	0.001414065729
24.34	0.001399729102
24.35	0.001384989072
24.36	0.001369854306
24.37	0.001354333544
24.38	0.001338435603
24.39	0.001322169367
24.4	0.001305543786
24.41	0.001288567872
24.42	0.001271250694
24.43	0.001253601377
24.44	0.001235629092
24.45	0.00121734306
24.46	0.001198752544
24.47	0.001179866844
24.48	0.001160695296
24.49	0.001141247269
24.5	0.001121532158
24.51	0.001101559381
24.52	0.001081338377
24.53	0.001060878603
24.54	0.001040189528
24.55	0.001019280629
24.56	0.0009981613915
24.57	0.0009768413003
24.58	0.0009553298407
24.59	0.0009336364928
24.6	0.0009117707284
24.61	0.0008897420076
24.62	0.0008675597753
24.63	0.000845233458
24.64	0.0008227724604
24.65	0.0008001861619
24.66	0.0007774839136
24.67	0.0007546750351
24.68	0.0007317688111
24.69	0.0007087744881
24.7	0.0006857012718
24.71	0.0006625583235
24.72	0.0006393547576
24.73	0.0006160996379
24.74	0.0005928019753
24.75	0.0005694707245
24.76	0.0005461147815
24.77	0.0005227429802
24.78	0.0004993640902
24.79	0.0004759868139
24.8	0.0004526197836
24.81	0.000429271559
24.82	0.0004059506249
24.83	0.0003826653881
24.84	0.0003594241754
24.85	0.000336235231
24.86	0.0003131067138
24.87	0.0002900466957
24.88	0.0002670631587
24.89	0.0002441639931
24.9	0.0002213569949
24.91	0.0001986498642
24.92	0.0001760502025
24.93	0.0001535655111
24.94	0.0001312031892
24.95	0.0001089705315
24.96	8.687472674e-05
24.97	6.492285586e-05
24.98	4.312189004e-05
24.99	2.147868914e-05
25	6.117281737e-18
25.01	-2.130754511e-05
25.02	-4.243743008e-05
25.03	-6.338325641e-05
25.04	-8.413874466e-05
25.05	-0.0001046977358
25.06	-0.0001250541926
25.07	-0.0001452022007
25.08	-0.0001651359701
25.09	-0.0001848498361
25.1	-0.0002043382604
25.11	-0.0002235958324
25.12	-0.0002426172697
25.13	-0.0002613974196
25.14	-0.0002799312595
25.15	-0.0002982138979
25.16	-0.0003162405753
25.17	-0.0003340066647
25.18	-0.0003515076724
25.19	-0.0003687392384
25.2	-0.0003856971373
25.21	-0.0004023772784
25.22	-0.0004187757063
25.23	-0.0004348886014
25.24	-0.0004507122801
25.25	-0.0004662431951
25.26	-0.0004814779357
25.27	-0.0004964132277
25.28	-0.000511045934
25.29	-0.0005253730541
25.3	-0.0005393917247
25.31	-0.0005530992193
25.32	-0.0005664929481
25.33	-0.000579570458
25.34	-0.0005923294325
25.35	-0.0006047676913
25.36	-0.0006168831899
25.37	-0.0006286740198
25.38	-0.0006401384075
25.39	-0.0006512747145
25.4	-0.0006620814365
25.41	-0.0006725572033
25.42	-0.0006827007778
25.43	-0.0006925110559
25.44	-0.0007019870652
25.45	-0.0007111279648
25.46	-0.0007199330446
25.47	-0.0007284017242
25.48	-0.0007365335521
25.49	-0.0007443282052
25.5	-0.0007517854875
25.51	-0.0007589053296
25.52	-0.000765687787
25.53	-0.0007721330399
25.54	-0.0007782413916
25.55	-0.0007840132676
25.56	-0.0007894492145
25.57	-0.0007945498987
25.58	-0.0007993161052
25.59	-0.0008037487368
25.6	-0.0008078488119
25.61	-0.0008116174643
25.62	-0.000815055941
25.63	-0.0008181656013
25.64	-0.0008209479153
25.65	-0.0008234044623
25.66	-0.0008255369296
25.67	-0.0008273471109
25.68	-0.0008288369048
25.69	-0.0008300083132
25.7	-0.0008308634397
25.71	-0.0008314044885
25.72	-0.0008316337619
25.73	-0.0008315536593
25.74	-0.0008311666757
25.75	-0.0008304753993
25.76	-0.0008294825104
25.77	-0.0008281907795
25.78	-0.0008266030655
25.79	-0.0008247223139
25.8	-0.0008225515552
25.81	-0.000820093903
25.82	-0.0008173525522
25.83	-0.0008143307771
25.84	-0.0008110319295
25.85	-0.0008074594373
25.86	-0.000803616802
25.87	-0.0007995075971
25.88	-0.0007951354664
25.89	-0.0007905041218
25.9	-0.0007856173413
25.91	-0.0007804789676
25.92	-0.0007750929056
25.93	-0.0007694631207
25.94	-0.0007635936369
25.95	-0.0007574885348
25.96	-0.0007511519495
25.97	-0.0007445880689
25.98	-0.0007378011315
25.99	-0.0007307954244
26	-0.0007235752818
26.01	-0.0007161450823
26.02	-0.0007085092475
26.03	-0.0007006722396
26.04	-0.00069263856
26.05	-0.0006844127467
26.06	-0.0006759993726
26.07	-0.0006674030435
26.08	-0.0006586283964
26.09	-0.0006496800971
26.1	-0.0006405628384
26.11	-0.0006312813383
26.12	-0.0006218403379
26.13	-0.0006122445996
26.14	-0.0006024989048
26.15	-0.0005926080526
26.16	-0.0005825768574
26.17	-0.0005724101471
26.18	-0.0005621127613
26.19	-0.0005516895493
26.2	-0.0005411453683
26.21	-0.0005304850816
26.22	-0.0005197135568
26.23	-0.0005088356634
26.24	-0.000497856272
26.25	-0.0004867802516
26.26	-0.0004756124682
26.27	-0.0004643577829
26.28	-0.0004530210504
26.29	-0.0004416071168
26.3	-0.0004301208183
26.31	-0.0004185669793
26.32	-0.0004069504108
26.33	-0.0003952759085
26.34	-0.0003835482515
26.35	-0.0003717722003
26.36	-0.0003599524955
26.37	-0.0003480938559
26.38	-0.0003362009773
26.39	-0.0003242785307
26.4	-0.0003123311608
26.41	-0.0003003634844
26.42	-0.0002883800891
26.43	-0.0002763855317
26.44	-0.0002643843371
26.45	-0.0002523809963
26.46	-0.0002403799652
26.47	-0.0002283856638
26.48	-0.000216402474
26.49	-0.0002044347389
26.5	-0.000192486761
26.51	-0.0001805628015
26.52	-0.0001686670786
26.53	-0.0001568037666
26.54	-0.0001449769944
26.55	-0.0001331908446
26.56	-0.0001214493521
26.57	-0.0001097565032
26.58	-9.811623459e-05
26.59	-8.653243195e-05
26.6	-7.500892921e-05
26.61	-6.354950744e-05
26.62	-5.215789388e-05
26.63	-4.0837761e-05
26.64	-2.959272557e-05
26.65	-1.842634776e-05
26.66	-7.342130297e-06
26.67	3.656482393e-06
26.68	1.456610499e-05
26.69	2.538341204e-05
26.7	3.610513876e-05
26.71	4.672808169e-05
26.72	5.724909945e-05
26.73	6.766511339e-05
26.74	7.797310819e-05
26.75	8.817013255e-05
26.76	9.825329968e-05
26.77	0.0001082197879
26.78	0.0001180668412
26.79	0.0001277917698
26.8	0.0001373919501
26.81	0.0001468648261
26.82	0.0001562079089
26.83	0.0001654187775
26.84	0.0001744950791
26.85	0.0001834345294
26.86	0.0001922349129
26.87	0.0002008940832
26.88	0.0002094099632
26.89	0.0002177805455
26.9	0.0002260038921
26.91	0.0002340781353
26.92	0.000242001477
26.93	0.0002497721896
26.94	0.0002573886154
26.95	0.0002648491673
26.96	0.0002721523282
26.97	0.0002792966514
26.98	0.0002862807604
26.99	0.0002931033492
27	0.0002997631815
27.01	0.0003062590914
27.02	0.0003125899827
27.03	0.000318754829
27.04	0.0003247526737
27.05	0.0003305826292
27.06	0.0003362438774
27.07	0.0003417356689
27.08	0.0003470573231
27.09	0.0003522082275
27.1	0.0003571878378
27.11	0.0003619956775
27.12	0.0003666313372
27.13	0.0003710944746
27.14	0.0003753848136
27.15	0.0003795021447
27.16	0.0003834463237
27.17	0.0003872172717
27.18	0.0003908149745
27.19	0.000394239482
27.2	0.0003974909078
27.21	0.0004005694286
27.22	0.0004034752838
27.23	0.0004062087744
27.24	0.000408770263
27.25	0.0004111601729
27.26	0.0004133789874
27.27	0.0004154272492
27.28	0.0004173055599
27.29	0.000419014579
27.3	0.0004205550235
27.31	0.0004219276668
27.32	0.0004231333384
27.33	0.0004241729229
27.34	0.0004250473593
27.35	0.00042575764
27.36	0.0004263048104
27.37	0.0004266899678
27.38	0.0004269142607
27.39	0.0004269788879
27.4	0.0004268850979
27.41	0.0004266341875
27.42	0.0004262275015
27.43	0.0004256664315
27.44	0.0004249524152
27.45	0.0004240869352
27.46	0.0004230715186
27.47	0.0004219077356
27.48	0.0004205971987
27.49	0.0004191415619
27.5	0.0004175425198
27.51	0.0004158018062
27.52	0.000413921194
27.53	0.0004119024931
27.54	0.0004097475505
27.55	0.0004074582486
27.56	0.0004050365048
27.57	0.0004024842698
27.58	0.0003998035273
27.59	0.0003969962927
27.6	0.0003940646119
27.61	0.0003910105608
27.62	0.0003878362438
27.63	0.0003845437931
27.64	0.0003811353676
27.65	0.000377613152
27.66	0.0003739793554
27.67	0.0003702362107
27.68	0.0003663859735
27.69	0.0003624309211
27.7	0.0003583733512
27.71	0.0003542155812
27.72	0.0003499599471
27.73	0.0003456088025
27.74	0.0003411645176
27.75	0.000336629478
27.76	0.000332006084
27.77	0.0003272967494
27.78	0.0003225039007
27.79	0.0003176299755
27.8	0.0003126774226
27.81	0.0003076486998
27.82	0.0003025462738
27.83	0.0002973726188
27.84	0.0002921302156
27.85	0.0002868215508
27.86	0.0002814491156
27.87	0.0002760154048
27.88	0.0002705229162
27.89	0.0002649741493
27.9	0.0002593716045
27.91	0.0002537177823
27.92	0.0002480151821
27.93	0.0002422663014
27.94	0.0002364736351
27.95	0.0002306396742
27.96	0.0002247669052
27.97	0.0002188578093
27.98	0.000212914861
27.99	0.000206940528
28	0.0002009372696
28.01	0.0001949075365
28.02	0.0001888537695
28.03	0.0001827783988
28.04	0.0001766838433
28.05	0.0001705725098
28.06	0.000164446792
28.07	0.0001583090699
28.08	0.0001521617089
28.09	0.0001460070592
28.1	0.0001398474549
28.11	0.0001336852135
28.12	0.0001275226349
28.13	0.0001213620006
28.14	0.0001152055736
28.15	0.0001090555969
28.16	0.0001029142936
28.17	9.678386573e-05
28.18	9.066649366e-05
28.19	8.456433568e-05
28.2	7.847952722e-05
28.21	7.241418028e-05
28.22	6.637038283e-05
28.23	6.035019825e-05
28.24	5.435566471e-05
28.25	4.83887947e-05
28.26	4.24515744e-05
28.27	3.654596324e-05
28.28	3.067389332e-05
28.29	2.483726894e-05
28.3	1.903796614e-05
28.31	1.327783218e-05
28.32	7.558685152e-06
28.33	1.882313472e-06
28.34	-3.749524499e-06
28.35	-9.335100883e-06
28.36	-1.487271868e-05
28.37	-2.036071213e-05
28.38	-2.579744713e-05
28.39	-3.118132154e-05
28.4	-3.651076551e-05
28.41	-4.178424186e-05
28.42	-4.700024635e-05
28.43	-5.215730796e-05
28.44	-5.725398921e-05
28.45	-6.22888864e-05
28.46	-6.726062986e-05
28.47	-7.216788419e-05
28.48	-7.700934847e-05
28.49	-8.178375649e-05
28.5	-8.648987692e-05
28.51	-9.112651349e-05
28.52	-9.569250518e-05
28.53	-0.0001001867263
28.54	-0.0001046080868
28.55	-0.000108955532
28.56	-0.0001132280432
28.57	-0.0001174246375
28.58	-0.0001215443679
28.59	-0.0001255863231
28.6	-0.0001295496283
28.61	-0.0001334334443
28.62	-0.0001372369684
28.63	-0.0001409594336
28.64	-0.0001446001093
28.65	-0.0001481583008
28.66	-0.0001516333494
28.67	-0.0001550246325
28.68	-0.0001583315635
28.69	-0.0001615535915
28.7	-0.0001646902014
28.71	-0.000167740914
28.72	-0.0001707052855
28.73	-0.0001735829076
28.74	-0.0001763734073
28.75	-0.0001790764469
28.76	-0.0001816917237
28.77	-0.0001842189697
28.78	-0.0001866579518
28.79	-0.0001890084714
28.8	-0.000191270364
28.81	-0.0001934434995
28.82	-0.0001955277812
28.83	-0.0001975231465
28.84	-0.0001994295659
28.85	-0.0002012470431
28.86	-0.0002029756148
28.87	-0.00020461535
28.88	-0.0002061663502
28.89	-0.000207628749
28.9	-0.0002090027114
28.91	-0.000210288434
28.92	-0.0002114861444
28.93	-0.0002125961011
28.94	-0.0002136185927
28.95	-0.0002145539381
28.96	-0.0002154024857
28.97	-0.0002161646134
28.98	-0.0002168407279
28.99	-0.0002174312645
29	-0.0002179366868
29.01	-0.0002183574859
29.02	-0.0002186941807
29.03	-0.0002189473167
29.04	-0.0002191174661
29.05	-0.0002192052272
29.06	-0.0002192112242
29.07	-0.0002191361061
29.08	-0.0002189805472
29.09	-0.000218745246
29.1	-0.0002184309248
29.11	-0.0002180383295
29.12	-0.0002175682291
29.13	-0.0002170214148
29.14	-0.0002163987003
29.15	-0.0002157009206
29.16	-0.0002149289318
29.17	-0.0002140836108
29.18	-0.0002131658545
29.19	-0.0002121765794
29.2	-0.0002111167212
29.21	-0.0002099872344
29.22	-0.0002087890915
29.23	-0.0002075232824
29.24	-0.0002061908147
29.25	-0.0002047927121
29.26	-0.0002033300147
29.27	-0.0002018037781
29.28	-0.000200215073
29.29	-0.0001985649847
29.3	-0.0001968546125
29.31	-0.0001950850694
29.32	-0.000193257481
29.33	-0.000191372986
29.34	-0.0001894327345
29.35	-0.0001874378884
29.36	-0.0001853896204
29.37	-0.0001832891137
29.38	-0.0001811375614
29.39	-0.0001789361657
29.4	-0.000176686138
29.41	-0.0001743886979
29.42	-0.0001720450728
29.43	-0.0001696564974
29.44	-0.0001672242131
29.45	-0.0001647494678
29.46	-0.000162233515
29.47	-0.0001596776135
29.48	-0.0001570830267
29.49	-0.0001544510224
29.5	-0.0001517828722
29.51	-0.0001490798508
29.52	-0.0001463432355
29.53	-0.0001435743063
29.54	-0.0001407743444
29.55	-0.0001379446327
29.56	-0.0001350864546
29.57	-0.000132201094
29.58	-0.0001292898346
29.59	-0.0001263539592
29.6	-0.0001233947498
29.61	-0.0001204134866
29.62	-0.0001174114479
29.63	-0.0001143899094
29.64	-0.000111350144
29.65	-0.0001082934209
29.66	-0.0001052210057
29.67	-0.0001021341596
29.68	-9.903413931e-05
29.69	-9.59221961e-05
29.7	-9.279957583e-05
29.71	-8.966751838e-05
29.72	-8.652725721e-05
29.73	-8.3380019e-05
29.74	-8.022702323e-05
29.75	-7.70694818e-05
29.76	-7.390859863e-05
29.77	-7.074556928e-05
29.78	-6.758158059e-05
29.79	-6.441781027e-05
29.8	-6.125542661e-05
29.81	-5.809558802e-05
29.82	-5.49394428e-05
29.83	-5.178812868e-05
29.84	-4.864277258e-05
29.85	-4.550449022e-05
29.86	-4.23743858e-05
29.87	-3.925355171e-05
29.88	-3.614306823e-05
29.89	-3.304400316e-05
29.9	-2.995741161e-05
29.91	-2.688433563e-05
29.92	-2.382580401e-05
29.93	-2.078283194e-05
29.94	-1.775642077e-05
29.95	-1.474755774e-05
29.96	-1.175721575e-05
29.97	-8.786353086e-06
29.98	-5.835913202e-06
29.99	-2.906824478e-06
30	-3.386020496e-19
