temps	angle
0	0
0.01	0.5000951714
0.02	0.9948875772
0.03	1.48410671
0.04	1.967488395
0.05	2.4447749
0.06	2.91571504
0.07	3.380064274
0.08	3.837584803
0.09	4.288045654
0.1	4.731222765
0.11	5.166899061
0.12	5.594864531
0.13	6.014916287
0.14	6.426858633
0.15	6.830503118
0.16	7.225668588
0.17	7.61218123
0.18	7.989874614
0.19	8.35858973
0.2	8.718175012
0.21	9.068486372
0.22	9.40938721
0.23	9.740748438
0.24	10.06244848
0.25	10.37437329
0.26	10.67641633
0.27	10.9684786
0.28	11.25046858
0.29	11.52230226
0.3	11.78390309
0.31	12.03520197
0.32	12.27613723
0.33	12.50665458
0.34	12.72670706
0.35	12.93625502
0.36	13.1352661
0.37	13.3237151
0.38	13.501584
0.39	13.66886185
0.4	13.82554477
0.41	13.97163578
0.42	14.10714485
0.43	14.23208873
0.44	14.34649091
0.45	14.45038153
0.46	14.54379732
0.47	14.62678147
0.48	14.69938355
0.49	14.76165944
0.5	14.81367119
0.51	14.85548696
0.52	14.88718087
0.53	14.90883293
0.54	14.92052892
0.55	14.92236025
0.56	14.91442389
0.57	14.89682221
0.58	14.86966288
0.59	14.83305875
0.6	14.7871277
0.61	14.73199256
0.62	14.66778093
0.63	14.59462506
0.64	14.51266177
0.65	14.42203222
0.66	14.32288187
0.67	14.21536027
0.68	14.09962097
0.69	13.97582136
0.7	13.84412253
0.71	13.7046891
0.72	13.55768915
0.73	13.40329401
0.74	13.24167813
0.75	13.07301894
0.76	12.89749673
0.77	12.71529447
0.78	12.52659765
0.79	12.33159418
0.8	12.13047423
0.81	11.92343005
0.82	11.71065586
0.83	11.4923477
0.84	11.26870325
0.85	11.03992173
0.86	10.80620373
0.87	10.56775107
0.88	10.32476664
0.89	10.07745431
0.9	9.826018696
0.91	9.570665117
0.92	9.311599387
0.93	9.049027702
0.94	8.783156499
0.95	8.514192312
0.96	8.242341646
0.97	7.967810834
0.98	7.690805907
0.99	7.411532463
1	7.130195537
1.01	6.846999471
1.02	6.56214779
1.03	6.275843074
1.04	5.988286836
1.05	5.699679404
1.06	5.410219799
1.07	5.120105615
1.08	4.829532913
1.09	4.538696099
1.1	4.247787817
1.11	3.956998844
1.12	3.666517978
1.13	3.376531938
1.14	3.087225262
1.15	2.798780207
1.16	2.511376654
1.17	2.225192016
1.18	1.940401141
1.19	1.657176228
1.2	1.375686739
1.21	1.096099318
1.22	0.818577705
1.23	0.5432826633
1.24	0.2703719012
1.25	1.31101239e-15
1.26	-0.2676816558
1.27	-0.5325249458
1.28	-0.7943850776
1.29	-1.053120649
1.3	-1.308593705
1.31	-1.560669797
1.32	-1.809218032
1.33	-2.054111124
1.34	-2.295225442
1.35	-2.532441056
1.36	-2.765641773
1.37	-2.994715181
1.38	-3.219552684
1.39	-3.440049533
1.4	-3.656104857
1.41	-3.86762169
1.42	-4.074506999
1.43	-4.2766717
1.44	-4.474030679
1.45	-4.666502811
1.46	-4.85401097
1.47	-5.03648204
1.48	-5.213846924
1.49	-5.386040549
1.5	-5.553001868
1.51	-5.714673859
1.52	-5.871003524
1.53	-6.021941883
1.54	-6.167443965
1.55	-6.307468799
1.56	-6.4419794
1.57	-6.570942753
1.58	-6.694329795
1.59	-6.812115399
1.6	-6.924278344
1.61	-7.030801296
1.62	-7.131670777
1.63	-7.226877137
1.64	-7.316414522
1.65	-7.400280841
1.66	-7.478477729
1.67	-7.551010506
1.68	-7.617888144
1.69	-7.679123216
1.7	-7.734731861
1.71	-7.78473373
1.72	-7.829151943
1.73	-7.868013038
1.74	-7.901346919
1.75	-7.929186804
1.76	-7.951569171
1.77	-7.968533699
1.78	-7.980123214
1.79	-7.986383624
1.8	-7.987363866
1.81	-7.983115837
1.82	-7.973694336
1.83	-7.959156995
1.84	-7.939564214
1.85	-7.914979098
1.86	-7.885467383
1.87	-7.851097372
1.88	-7.811939861
1.89	-7.768068069
1.9	-7.719557568
1.91	-7.666486208
1.92	-7.608934044
1.93	-7.546983264
1.94	-7.480718108
1.95	-7.4102248
1.96	-7.335591467
1.97	-7.256908064
1.98	-7.174266299
1.99	-7.08775955
2	-6.997482795
2.01	-6.903532527
2.02	-6.80600668
2.03	-6.705004551
2.04	-6.600626718
2.05	-6.492974965
2.06	-6.382152201
2.07	-6.268262386
2.08	-6.151410445
2.09	-6.031702198
2.1	-5.909244275
2.11	-5.784144045
2.12	-5.656509532
2.13	-5.526449343
2.14	-5.394072587
2.15	-5.259488804
2.16	-5.122807882
2.17	-4.98413999
2.18	-4.843595495
2.19	-4.701284894
2.2	-4.55731874
2.21	-4.411807564
2.22	-4.264861809
2.23	-4.116591756
2.24	-3.967107454
2.25	-3.816518649
2.26	-3.664934718
2.27	-3.5124646
2.28	-3.359216729
2.29	-3.205298966
2.3	-3.05081854
2.31	-2.895881978
2.32	-2.740595046
2.33	-2.585062686
2.34	-2.429388957
2.35	-2.273676975
2.36	-2.118028854
2.37	-1.962545651
2.38	-1.807327309
2.39	-1.652472604
2.4	-1.498079092
2.41	-1.344243056
2.42	-1.191059457
2.43	-1.038621887
2.44	-0.887022515
2.45	-0.7363520493
2.46	-0.5866996867
2.47	-0.4381530717
2.48	-0.2907982544
2.49	-0.1447196501
2.5	-1.40346873e-15
2.51	0.1432796655
2.52	0.2850400632
2.53	0.4252036915
2.54	0.5636948629
2.55	0.7004397361
2.56	0.8353663452
2.57	0.9684046283
2.58	1.099486455
2.59	1.228545649
2.6	1.355518017
2.61	1.480341366
2.62	1.602955526
2.63	1.723302369
2.64	1.841325827
2.65	1.956971908
2.66	2.070188711
2.67	2.180926437
2.68	2.289137403
2.69	2.394776052
2.7	2.497798961
2.71	2.598164846
2.72	2.695834571
2.73	2.790771153
2.74	2.882939758
2.75	2.972307712
2.76	3.058844493
2.77	3.142521733
2.78	3.223313215
2.79	3.301194867
2.8	3.37614476
2.81	3.448143096
2.82	3.517172204
2.83	3.583216529
2.84	3.64626262
2.85	3.706299118
2.86	3.763316745
2.87	3.817308288
2.88	3.86826858
2.89	3.916194489
2.9	3.961084895
2.91	4.002940672
2.92	4.04176467
2.93	4.07756169
2.94	4.110338463
2.95	4.140103625
2.96	4.166867697
2.97	4.190643053
2.98	4.211443898
2.99	4.229286239
3	4.244187856
3.01	4.256168274
3.02	4.265248731
3.03	4.271452151
3.04	4.274803107
3.05	4.275327793
3.06	4.273053987
3.07	4.268011021
3.08	4.260229743
3.09	4.249742483
3.1	4.236583019
3.11	4.220786536
3.12	4.202389595
3.13	4.181430089
3.14	4.157947211
3.15	4.131981411
3.16	4.103574359
3.17	4.072768906
3.18	4.039609043
3.19	4.004139861
3.2	3.966407512
3.21	3.926459167
3.22	3.884342977
3.23	3.840108028
3.24	3.793804302
3.25	3.745482637
3.26	3.695194682
3.27	3.642992858
3.28	3.588930314
3.29	3.533060886
3.3	3.475439055
3.31	3.416119904
3.32	3.355159079
3.33	3.292612742
3.34	3.228537535
3.35	3.162990532
3.36	3.096029204
3.37	3.027711373
3.38	2.95809517
3.39	2.887238999
3.4	2.81520149
3.41	2.742041465
3.42	2.667817891
3.43	2.592589844
3.44	2.516416468
3.45	2.439356939
3.46	2.361470419
3.47	2.282816024
3.48	2.203452784
3.49	2.123439603
3.5	2.042835224
3.51	1.961698193
3.52	1.88008682
3.53	1.798059145
3.54	1.715672904
3.55	1.63298549
3.56	1.550053924
3.57	1.466934819
3.58	1.383684346
3.59	1.300358204
3.6	1.217011586
3.61	1.13369915
3.62	1.050474989
3.63	0.967392597
3.64	0.8845048464
3.65	0.8018639546
3.66	0.7195214582
3.67	0.6375281866
3.68	0.5559342347
3.69	0.4747889385
3.7	0.3941408498
3.71	0.3140377124
3.72	0.2345264391
3.73	0.1556530891
3.74	0.07746284663
3.75	1.126834016e-15
3.76	-0.07669207843
3.77	-0.1525709514
3.78	-0.2275951353
3.79	-0.3017241176
3.8	-0.3749183737
3.81	-0.4471393832
3.82	-0.5183496447
3.83	-0.5885126903
3.84	-0.6575930991
3.85	-0.7255565103
3.86	-0.7923696343
3.87	-0.8580002646
3.88	-0.9224172877
3.89	-0.9855906926
3.9	-1.047491579
3.91	-1.108092167
3.92	-1.1673658
3.93	-1.225286957
3.94	-1.281831251
3.95	-1.33697544
3.96	-1.390697427
3.97	-1.442976264
3.98	-1.493792154
3.99	-1.543126453
4	-1.590961672
4.01	-1.637281473
4.02	-1.682070672
4.03	-1.725315236
4.04	-1.76700228
4.05	-1.807120067
4.06	-1.845657999
4.07	-1.882606618
4.08	-1.917957598
4.09	-1.951703739
4.1	-1.98383896
4.11	-2.014358297
4.12	-2.043257887
4.13	-2.070534966
4.14	-2.096187856
4.15	-2.120215959
4.16	-2.142619742
4.17	-2.163400731
4.18	-2.182561495
4.19	-2.200105637
4.2	-2.216037781
4.21	-2.230363556
4.22	-2.243089587
4.23	-2.254223477
4.24	-2.263773794
4.25	-2.271750055
4.26	-2.27816271
4.27	-2.283023129
4.28	-2.28634358
4.29	-2.288137218
4.3	-2.288418062
4.31	-2.287200981
4.32	-2.284501676
4.33	-2.280336658
4.34	-2.274723232
4.35	-2.267679479
4.36	-2.259224231
4.37	-2.249377058
4.38	-2.238158243
4.39	-2.225588764
4.4	-2.211690273
4.41	-2.196485074
4.42	-2.179996103
4.43	-2.162246907
4.44	-2.143261622
4.45	-2.123064951
4.46	-2.101682143
4.47	-2.079138971
4.48	-2.055461709
4.49	-2.03067711
4.5	-2.004812387
4.51	-1.977895184
4.52	-1.949953561
4.53	-1.921015967
4.54	-1.891111217
4.55	-1.860268473
4.56	-1.82851722
4.57	-1.795887242
4.58	-1.7624086
4.59	-1.728111613
4.6	-1.693026831
4.61	-1.657185015
4.62	-1.620617114
4.63	-1.583354246
4.64	-1.545427671
4.65	-1.506868771
4.66	-1.467709032
4.67	-1.427980015
4.68	-1.387713343
4.69	-1.346940674
4.7	-1.30569368
4.71	-1.26400403
4.72	-1.221903366
4.73	-1.179423285
4.74	-1.136595315
4.75	-1.0934509
4.76	-1.050021377
4.77	-1.006337957
4.78	-0.9624317065
4.79	-0.9183335292
4.8	-0.8740741461
4.81	-0.8296840778
4.82	-0.7851936269
4.83	-0.7406328598
4.84	-0.6960315897
4.85	-0.6514193599
4.86	-0.6068254266
4.87	-0.562278743
4.88	-0.5178079434
4.89	-0.4734413276
4.9	-0.4292068458
4.91	-0.3851320836
4.92	-0.3412442479
4.93	-0.2975701526
4.94	-0.2541362055
4.95	-0.2109683943
4.96	-0.1680922746
4.97	-0.1255329568
4.98	-0.08331509482
4.99	-0.04146287394
5	-8.042010466e-16
5.01	0.04105031146
5.02	0.08166534541
5.03	0.1218228972
5.04	0.1615012822
5.05	0.2006793443
5.06	0.239336465
5.07	0.2774525713
5.08	0.3150081433
5.09	0.3519842216
5.1	0.3883624141
5.11	0.4241249023
5.12	0.4592544473
5.13	0.4937343951
5.14	0.527548682
5.15	0.5606818391
5.16	0.5931189961
5.17	0.6248458858
5.18	0.6558488467
5.19	0.6861148264
5.2	0.7156313839
5.21	0.7443866913
5.22	0.7723695362
5.23	0.7995693221
5.24	0.8259760698
5.25	0.8515804173
5.26	0.8763736201
5.27	0.9003475508
5.28	0.9234946978
5.29	0.9458081648
5.3	0.9672816686
5.31	0.9879095373
5.32	1.007686708
5.33	1.026608724
5.34	1.044671731
5.35	1.061872476
5.36	1.0782083
5.37	1.093677136
5.38	1.108277504
5.39	1.122008506
5.4	1.134869823
5.41	1.146861704
5.42	1.157984966
5.43	1.168240984
5.44	1.177631686
5.45	1.186159548
5.46	1.193827583
5.47	1.200639337
5.48	1.206598879
5.49	1.211710795
5.5	1.215980179
5.51	1.219412627
5.52	1.222014221
5.53	1.223791531
5.54	1.224751596
5.55	1.224901921
5.56	1.224250465
5.57	1.222805631
5.58	1.220576257
5.59	1.217571607
5.6	1.213801357
5.61	1.209275589
5.62	1.204004777
5.63	1.197999778
5.64	1.191271821
5.65	1.183832495
5.66	1.175693738
5.67	1.166867828
5.68	1.157367368
5.69	1.147205277
5.7	1.136394778
5.71	1.124949386
5.72	1.112882896
5.73	1.10020937
5.74	1.086943131
5.75	1.073098742
5.76	1.058691002
5.77	1.043734929
5.78	1.028245751
5.79	1.012238891
5.8	0.9957299604
5.81	0.9787347392
5.82	0.9612691703
5.83	0.9433493448
5.84	0.9249914905
5.85	0.9062119599
5.86	0.8870272183
5.87	0.8674538318
5.88	0.8475084558
5.89	0.8272078228
5.9	0.8065687311
5.91	0.7856080329
5.92	0.7643426228
5.93	0.7427894265
5.94	0.7209653891
5.95	0.6988874643
5.96	0.6765726027
5.97	0.6540377413
5.98	0.6312997923
5.99	0.608375632
6	0.5852820908
6.01	0.5620359422
6.02	0.5386538923
6.03	0.5151525701
6.04	0.4915485167
6.05	0.4678581761
6.06	0.4440978847
6.07	0.4202838624
6.08	0.3964322025
6.09	0.372558863
6.1	0.3486796571
6.11	0.3248102447
6.12	0.3009661232
6.13	0.2771626195
6.14	0.2534148813
6.15	0.2297378694
6.16	0.2061463492
6.17	0.1826548836
6.18	0.159277825
6.19	0.1360293084
6.2	0.1129232441
6.21	0.089973311
6.22	0.06719294979
6.23	0.04459535667
6.24	0.02219347714
6.25	5.380722513e-16
6.26	-0.02197264835
6.27	-0.04371230944
6.28	-0.06520709801
6.29	-0.08644540701
6.3	-0.1074159125
6.31	-0.1281075782
6.32	-0.1485096597
6.33	-0.1686117088
6.34	-0.1884035773
6.35	-0.2078754206
6.36	-0.2270177011
6.37	-0.2458211915
6.38	-0.2642769776
6.39	-0.2823764612
6.4	-0.3001113621
6.41	-0.3174737211
6.42	-0.3344559014
6.43	-0.3510505906
6.44	-0.3672508021
6.45	-0.3830498768
6.46	-0.3984414838
6.47	-0.4134196213
6.48	-0.4279786176
6.49	-0.442113131
6.5	-0.4558181507
6.51	-0.4690889958
6.52	-0.4819213162
6.53	-0.4943110912
6.54	-0.5062546294
6.55	-0.5177485677
6.56	-0.5287898702
6.57	-0.5393758268
6.58	-0.549504052
6.59	-0.5591724832
6.6	-0.5683793784
6.61	-0.5771233147
6.62	-0.5854031859
6.63	-0.5932181998
6.64	-0.600567876
6.65	-0.6074520427
6.66	-0.6138708341
6.67	-0.619824687
6.68	-0.6253143378
6.69	-0.6303408186
6.7	-0.6349054542
6.71	-0.6390098575
6.72	-0.6426559265
6.73	-0.6458458394
6.74	-0.648582051
6.75	-0.6508672879
6.76	-0.6527045445
6.77	-0.6540970777
6.78	-0.655048403
6.79	-0.6555622888
6.8	-0.6556427519
6.81	-0.6552940525
6.82	-0.6545206886
6.83	-0.653327391
6.84	-0.6517191176
6.85	-0.6497010484
6.86	-0.6472785793
6.87	-0.644457317
6.88	-0.6412430727
6.89	-0.6376418567
6.9	-0.6336598723
6.91	-0.6293035098
6.92	-0.6245793406
6.93	-0.6194941108
6.94	-0.6140547356
6.95	-0.6082682925
6.96	-0.6021420154
6.97	-0.5956832885
6.98	-0.5888996392
6.99	-0.5817987329
7	-0.5743883656
7.01	-0.566676458
7.02	-0.558671049
7.03	-0.5503802893
7.04	-0.541812435
7.05	-0.532975841
7.06	-0.5238789547
7.07	-0.5145303093
7.08	-0.5049385179
7.09	-0.4951122666
7.1	-0.4850603082
7.11	-0.474791456
7.12	-0.4643145772
7.13	-0.4536385867
7.14	-0.4427724409
7.15	-0.4317251312
7.16	-0.420505678
7.17	-0.4091231242
7.18	-0.3975865295
7.19	-0.3859049641
7.2	-0.3740875025
7.21	-0.3621432178
7.22	-0.3500811757
7.23	-0.3379104286
7.24	-0.3256400099
7.25	-0.313278928
7.26	-0.3008361613
7.27	-0.2883206519
7.28	-0.2757413006
7.29	-0.2631069612
7.3	-0.2504264357
7.31	-0.2377084682
7.32	-0.2249617406
7.33	-0.212194867
7.34	-0.1994163892
7.35	-0.1866347714
7.36	-0.1738583956
7.37	-0.161095557
7.38	-0.1483544596
7.39	-0.1356432114
7.4	-0.1229698202
7.41	-0.1103421894
7.42	-0.09776811391
7.43	-0.08525527613
7.44	-0.07281124193
7.45	-0.06044345696
7.46	-0.04815924297
7.47	-0.03596579429
7.48	-0.02387017432
7.49	-0.01187931228
7.5	-3.456111862e-16
7.51	0.01176111114
7.52	0.0233975132
7.53	0.03490284443
7.54	0.04627089205
7.55	0.05749559477
7.56	0.06857104529
7.57	0.07949149258
7.58	0.09025134411
7.59	0.1008451679
7.6	0.1112676946
7.61	0.121513819
7.62	0.1315786021
7.63	0.1414572726
7.64	0.151145228
7.65	0.1606380364
7.66	0.1699314375
7.67	0.1790213436
7.68	0.1879038406
7.69	0.196575189
7.7	0.2050318243
7.71	0.2132703578
7.72	0.2212875771
7.73	0.2290804462
7.74	0.2366461061
7.75	0.2439818745
7.76	0.251085246
7.77	0.2579538921
7.78	0.2645856608
7.79	0.2709785761
7.8	0.277130838
7.81	0.2830408213
7.82	0.2887070756
7.83	0.2941283239
7.84	0.2993034621
7.85	0.304231558
7.86	0.3089118499
7.87	0.3133437455
7.88	0.3175268211
7.89	0.3214608192
7.9	0.3251456481
7.91	0.3285813796
7.92	0.3317682474
7.93	0.3347066457
7.94	0.337397127
7.95	0.3398404004
7.96	0.3420373292
7.97	0.3439889292
7.98	0.3456963666
7.99	0.3471609551
8	0.3483841543
8.01	0.3493675669
8.02	0.3501129362
8.03	0.3506221439
8.04	0.3508972072
8.05	0.350940276
8.06	0.3507536307
8.07	0.3503396788
8.08	0.3497009526
8.09	0.3488401059
8.1	0.3477599113
8.11	0.346463257
8.12	0.3449531441
8.13	0.3432326831
8.14	0.3413050911
8.15	0.3391736885
8.16	0.3368418956
8.17	0.3343132301
8.18	0.3315913027
8.19	0.328679815
8.2	0.3255825552
8.21	0.3223033954
8.22	0.3188462879
8.23	0.3152152622
8.24	0.3114144209
8.25	0.3074479371
8.26	0.3033200504
8.27	0.2990350637
8.28	0.2945973399
8.29	0.290011298
8.3	0.28528141
8.31	0.2804121976
8.32	0.2754082284
8.33	0.2702741124
8.34	0.2650144991
8.35	0.2596340735
8.36	0.254137553
8.37	0.2485296839
8.38	0.242815238
8.39	0.2369990092
8.4	0.2310858105
8.41	0.2250804699
8.42	0.2189878279
8.43	0.2128127337
8.44	0.2065600423
8.45	0.200234611
8.46	0.1938412961
8.47	0.1873849502
8.48	0.1808704187
8.49	0.1743025369
8.5	0.1676861265
8.51	0.1610259934
8.52	0.154326924
8.53	0.1475936824
8.54	0.1408310079
8.55	0.1340436117
8.56	0.1272361742
8.57	0.1204133426
8.58	0.1135797277
8.59	0.1067399014
8.6	0.09989839434
8.61	0.09305969317
8.62	0.08622823799
8.63	0.07940841999
8.64	0.0726045791
8.65	0.06582100161
8.66	0.05906191791
8.67	0.05233150032
8.68	0.04563386089
8.69	0.03897304937
8.7	0.03235305111
8.71	0.02577778519
8.72	0.01925110243
8.73	0.0127767836
8.74	0.006358537659
8.75	2.158243935e-16
8.76	-0.006295269152
8.77	-0.01252378634
8.78	-0.01868214637
8.79	-0.02476702378
8.8	-0.03077517419
8.81	-0.03670343566
8.82	-0.04254872987
8.83	-0.04830806337
8.84	-0.05397852864
8.85	-0.05955730515
8.86	-0.06504166034
8.87	-0.07042895054
8.88	-0.07571662179
8.89	-0.08090221064
8.9	-0.08598334484
8.91	-0.09095774398
8.92	-0.0958232201
8.93	-0.1005776781
8.94	-0.1052191165
8.95	-0.1097456271
8.96	-0.1141553964
8.97	-0.1184467046
8.98	-0.1226179269
8.99	-0.1266675328
9	-0.1305940867
9.01	-0.1343962475
9.02	-0.1380727688
9.03	-0.1416224988
9.04	-0.1450443798
9.05	-0.1483374482
9.06	-0.1515008343
9.07	-0.1545337617
9.08	-0.1574355468
9.09	-0.1602055987
9.1	-0.1628434183
9.11	-0.165348598
9.12	-0.1677208209
9.13	-0.1699598598
9.14	-0.1720655773
9.15	-0.1740379241
9.16	-0.1758769386
9.17	-0.177582746
9.18	-0.1791555573
9.19	-0.1805956682
9.2	-0.1819034582
9.21	-0.1830793894
9.22	-0.1841240057
9.23	-0.185037931
9.24	-0.1858218688
9.25	-0.1864766001
9.26	-0.1870029829
9.27	-0.1874019504
9.28	-0.1876745096
9.29	-0.1878217404
9.3	-0.1878447935
9.31	-0.1877448894
9.32	-0.1875233169
9.33	-0.1871814314
9.34	-0.1867206534
9.35	-0.1861424669
9.36	-0.1854484179
9.37	-0.1846401127
9.38	-0.1837192163
9.39	-0.1826874506
9.4	-0.181546593
9.41	-0.1802984742
9.42	-0.1789449771
9.43	-0.1774880344
9.44	-0.1759296273
9.45	-0.1742717836
9.46	-0.1725165758
9.47	-0.1706661196
9.48	-0.1687225715
9.49	-0.1666881278
9.5	-0.164565022
9.51	-0.1623555235
9.52	-0.1600619354
9.53	-0.157686593
9.54	-0.1552318616
9.55	-0.1527001351
9.56	-0.1500938335
9.57	-0.1474154017
9.58	-0.1446673075
9.59	-0.1418520394
9.6	-0.1389721051
9.61	-0.1360300296
9.62	-0.1330283536
9.63	-0.1299696311
9.64	-0.1268564282
9.65	-0.123691321
9.66	-0.1204768938
9.67	-0.1172157376
9.68	-0.1139104479
9.69	-0.1105636233
9.7	-0.1071778639
9.71	-0.1037557691
9.72	-0.1002999361
9.73	-0.09681295871
9.74	-0.09329742488
9.75	-0.08975591563
9.76	-0.08619100328
9.77	-0.0826052498
9.78	-0.0790012053
9.79	-0.07538140648
9.8	-0.07174837508
9.81	-0.06810461639
9.82	-0.06445261778
9.83	-0.06079484727
9.84	-0.05713375208
9.85	-0.05347175726
9.86	-0.0498112643
9.87	-0.04615464984
9.88	-0.04250426432
9.89	-0.03886243073
9.9	-0.03523144335
9.91	-0.03161356655
9.92	-0.02801103362
9.93	-0.02442604557
9.94	-0.02086077008
9.95	-0.01731734036
9.96	-0.01379785413
9.97	-0.01030437259
9.98	-0.006838919443
9.99	-0.003403479951
10	-1.320256836e-16
10.01	0.003369614759
10.02	0.006703499765
10.03	0.009999832353
10.04	0.01325683253
10.05	0.0164727637
10.06	0.0196459334
10.07	0.02277469393
10.08	0.02585744301
10.09	0.02889262435
10.1	0.03187872823
10.11	0.03481429203
10.12	0.03769790067
10.13	0.04052818714
10.14	0.04330383284
10.15	0.04602356799
10.16	0.04868617198
10.17	0.05129047367
10.18	0.05383535168
10.19	0.05631973458
10.2	0.05874260116
10.21	0.06110298053
10.22	0.06339995232
10.23	0.06563264671
10.24	0.06780024455
10.25	0.06990197738
10.26	0.0719371274
10.27	0.07390502747
10.28	0.075805061
10.29	0.07763666191
10.3	0.07939931444
10.31	0.08109255301
10.32	0.08271596204
10.33	0.08426917568
10.34	0.08575187762
10.35	0.08716380072
10.36	0.08850472679
10.37	0.08977448616
10.38	0.09097295737
10.39	0.09210006671
10.4	0.09315578787
10.41	0.09414014141
10.42	0.09505319433
10.43	0.09589505954
10.44	0.09666589534
10.45	0.09736590487
10.46	0.09799533551
10.47	0.0985544783
10.48	0.09904366728
10.49	0.09946327892
10.5	0.09981373136
10.51	0.1000954838
10.52	0.1003090357
10.53	0.1004549261
10.54	0.1005337331
10.55	0.1005460725
10.56	0.1004925977
10.57	0.1003739985
10.58	0.1001910004
10.59	0.09994436367
10.6	0.09963488273
10.61	0.09926338507
10.62	0.09883073048
10.63	0.09833781015
10.64	0.0977855458
10.65	0.09717488871
10.66	0.09650681888
10.67	0.09578234406
10.68	0.09500249882
10.69	0.09416834362
10.7	0.09328096383
10.71	0.09234146881
10.72	0.09135099095
10.73	0.09031068465
10.74	0.0892217254
10.75	0.08808530876
10.76	0.08690264942
10.77	0.08567498019
10.78	0.08440355102
10.79	0.08308962801
10.8	0.08173449243
10.81	0.08033943972
10.82	0.07890577852
10.83	0.07743482967
10.84	0.07592792523
10.85	0.07438640748
10.86	0.07281162799
10.87	0.07120494659
10.88	0.06956773042
10.89	0.067901353
10.9	0.06620719318
10.91	0.0644866343
10.92	0.06274106314
10.93	0.06097186905
10.94	0.05918044297
10.95	0.05736817654
10.96	0.05553646116
10.97	0.0536866871
10.98	0.05182024258
10.99	0.04993851292
11	0.04804287962
11.01	0.04613471954
11.02	0.04421540401
11.03	0.042286298
11.04	0.04034875932
11.05	0.03840413774
11.06	0.03645377426
11.07	0.03449900027
11.08	0.0325411368
11.09	0.03058149376
11.1	0.02862136918
11.11	0.02666204849
11.12	0.02470480381
11.13	0.02275089324
11.14	0.02080156019
11.15	0.01885803269
11.16	0.01692152279
11.17	0.01499322587
11.18	0.01307432004
11.19	0.01116596559
11.2	0.009269304337
11.21	0.00738545911
11.22	0.005515533191
11.23	0.003660609791
11.24	0.00182175154
11.25	7.950178801e-17
11.26	-0.00180362481
11.27	-0.00358812486
11.28	-0.00535252455
11.29	-0.007095871116
11.3	-0.00881723503
11.31	-0.01051571038
11.32	-0.01219041521
11.33	-0.01384049188
11.34	-0.01546510738
11.35	-0.01706345361
11.36	-0.01863474768
11.37	-0.02017823217
11.38	-0.02169317535
11.39	-0.02317887143
11.4	-0.02463464075
11.41	-0.02605982996
11.42	-0.02745381221
11.43	-0.02881598725
11.44	-0.03014578159
11.45	-0.03144264861
11.46	-0.03270606865
11.47	-0.03393554904
11.48	-0.03513062423
11.49	-0.03629085575
11.5	-0.03741583227
11.51	-0.03850516958
11.52	-0.03955851058
11.53	-0.04057552524
11.54	-0.04155591056
11.55	-0.04249939047
11.56	-0.04340571577
11.57	-0.044274664
11.58	-0.04510603936
11.59	-0.04589967251
11.6	-0.04665542049
11.61	-0.04737316649
11.62	-0.04805281971
11.63	-0.04869431512
11.64	-0.04929761327
11.65	-0.04986270009
11.66	-0.05038958657
11.67	-0.05087830858
11.68	-0.05132892656
11.69	-0.05174152523
11.7	-0.05211621333
11.71	-0.05245312328
11.72	-0.05275241084
11.73	-0.05301425484
11.74	-0.05323885676
11.75	-0.05342644043
11.76	-0.05357725163
11.77	-0.05369155773
11.78	-0.05376964726
11.79	-0.05381182957
11.8	-0.05381843439
11.81	-0.0537898114
11.82	-0.05372632982
11.83	-0.05362837799
11.84	-0.05349636287
11.85	-0.05333070966
11.86	-0.05313186129
11.87	-0.05290027798
11.88	-0.05263643674
11.89	-0.05234083093
11.9	-0.05201396975
11.91	-0.05165637774
11.92	-0.05126859431
11.93	-0.05085117323
11.94	-0.05040468212
11.95	-0.04992970195
11.96	-0.04942682651
11.97	-0.04889666191
11.98	-0.04833982608
11.99	-0.04775694819
12	-0.0471486682
12.01	-0.04651563627
12.02	-0.04585851229
12.03	-0.04517796529
12.04	-0.04447467298
12.05	-0.04374932118
12.06	-0.04300260327
12.07	-0.04223521973
12.08	-0.04144787755
12.09	-0.04064128972
12.1	-0.03981617473
12.11	-0.03897325601
12.12	-0.03811326143
12.13	-0.03723692277
12.14	-0.0363449752
12.15	-0.0354381568
12.16	-0.034517208
12.17	-0.03358287109
12.18	-0.03263588973
12.19	-0.03167700845
12.2	-0.03070697213
12.21	-0.02972652554
12.22	-0.02873641283
12.23	-0.02773737707
12.24	-0.02673015976
12.25	-0.02571550038
12.26	-0.02469413589
12.27	-0.02366680031
12.28	-0.02263422428
12.29	-0.02159713455
12.3	-0.02055625363
12.31	-0.01951229928
12.32	-0.01846598416
12.33	-0.01741801537
12.34	-0.01636909403
12.35	-0.01531991495
12.36	-0.01427116616
12.37	-0.01322352858
12.38	-0.01217767562
12.39	-0.01113427282
12.4	-0.01009397752
12.41	-0.009057438463
12.42	-0.008025295496
12.43	-0.006998179224
12.44	-0.005976710693
12.45	-0.004961501081
12.46	-0.003953151393
12.47	-0.002952252175
12.48	-0.001959383226
12.49	-0.0009751133319
12.5	-4.728248958e-17
12.51	0.0009654107921
12.52	0.001920584839
12.53	0.002864999937
12.54	0.00379814611
12.55	0.004719525818
12.56	0.005628654159
12.57	0.006525059059
12.58	0.007408281457
12.59	0.00827787547
12.6	0.009133408556
12.61	0.009974461665
12.62	0.01080062937
12.63	0.01161152002
12.64	0.01240675583
12.65	0.013185973
12.66	0.01394882181
12.67	0.01469496674
12.68	0.0154240865
12.69	0.01613587412
12.7	0.01683003701
12.71	0.01750629703
12.72	0.01816439046
12.73	0.01880406811
12.74	0.01942509529
12.75	0.02002725183
12.76	0.02061033207
12.77	0.02117414488
12.78	0.0217185136
12.79	0.02224327605
12.8	0.02274828445
12.81	0.02323340543
12.82	0.0236985199
12.83	0.02414352306
12.84	0.02456832428
12.85	0.02497284702
12.86	0.02535702877
12.87	0.02572082092
12.88	0.02606418867
12.89	0.0263871109
12.9	0.02668958008
12.91	0.02697160209
12.92	0.02723319613
12.93	0.02747439455
12.94	0.02769524271
12.95	0.0278957988
12.96	0.02807613369
12.97	0.02823633078
12.98	0.02837648578
12.99	0.02849670652
13	0.02859711283
13.01	0.02867783625
13.02	0.02873901989
13.03	0.0287808182
13.04	0.02880339677
13.05	0.02880693207
13.06	0.02879161129
13.07	0.02875763205
13.08	0.02870520221
13.09	0.02863453961
13.1	0.02854587184
13.11	0.02843943597
13.12	0.02831547836
13.13	0.02817425432
13.14	0.02801602793
13.15	0.02784107175
13.16	0.02764966654
13.17	0.02744210103
13.18	0.02721867163
13.19	0.02697968216
13.2	0.02672544359
13.21	0.02645627376
13.22	0.02617249711
13.23	0.02587444436
13.24	0.02556245231
13.25	0.02523686349
13.26	0.02489802592
13.27	0.0245462928
13.28	0.02418202224
13.29	0.02380557699
13.3	0.02341732415
13.31	0.02301763486
13.32	0.02260688405
13.33	0.02218545015
13.34	0.02175371479
13.35	0.02131206256
13.36	0.02086088069
13.37	0.02040055876
13.38	0.01993148847
13.39	0.01945406335
13.4	0.01896867843
13.41	0.01847573006
13.42	0.01797561555
13.43	0.01746873296
13.44	0.01695548079
13.45	0.01643625777
13.46	0.01591146252
13.47	0.01538149338
13.48	0.01484674807
13.49	0.0143076235
13.5	0.01376451547
13.51	0.01321781845
13.52	0.01266792534
13.53	0.01211522722
13.54	0.01156011309
13.55	0.01100296968
13.56	0.01044418119
13.57	0.009884129063
13.58	0.009323191788
13.59	0.008761744657
13.6	0.008200159562
13.61	0.007638804786
13.62	0.007078044796
13.63	0.006518240046
13.64	0.005959746776
13.65	0.005402916826
13.66	0.00484809745
13.67	0.004295631131
13.68	0.003745855408
13.69	0.003199102704
13.7	0.002655700156
13.71	0.002115969462
13.72	0.001580226716
13.73	0.001048782265
13.74	0.000521940555
13.75	1.012595553e-16
13.76	-0.0005167471597
13.77	-0.001028014984
13.78	-0.001533523959
13.79	-0.002033001113
13.8	-0.002526180131
13.81	-0.003012801466
13.82	-0.003492612433
13.83	-0.003965367315
13.84	-0.004430827449
13.85	-0.004888761311
13.86	-0.005338944599
13.87	-0.005781160308
13.88	-0.006215198796
13.89	-0.006640857849
13.9	-0.007057942743
13.91	-0.00746626629
13.92	-0.00786564889
13.93	-0.008255918572
13.94	-0.00863691103
13.95	-0.009008469653
13.96	-0.009370445554
13.97	-0.009722697585
13.98	-0.01006509236
13.99	-0.01039750426
14	-0.01071981542
14.01	-0.01103191579
14.02	-0.01133370304
14.03	-0.01162508262
14.04	-0.01190596771
14.05	-0.01217627923
14.06	-0.01243594578
14.07	-0.01268490362
14.08	-0.01292309664
14.09	-0.01315047635
14.1	-0.01336700177
14.11	-0.01357263944
14.12	-0.01376736335
14.13	-0.01395115486
14.14	-0.01412400268
14.15	-0.01428590276
14.16	-0.01443685826
14.17	-0.01457687946
14.18	-0.01470598368
14.19	-0.01482419518
14.2	-0.01493154511
14.21	-0.01502807143
14.22	-0.01511381875
14.23	-0.01518883831
14.24	-0.01525318784
14.25	-0.01530693146
14.26	-0.0153501396
14.27	-0.01538288884
14.28	-0.01540526187
14.29	-0.0154173473
14.3	-0.01541923961
14.31	-0.01541103899
14.32	-0.01539285121
14.33	-0.01536478754
14.34	-0.01532696458
14.35	-0.01527950414
14.36	-0.01522253313
14.37	-0.0151561834
14.38	-0.01508059162
14.39	-0.01499589913
14.4	-0.01490225184
14.41	-0.01479980001
14.42	-0.0146886982
14.43	-0.01456910506
14.44	-0.01444118321
14.45	-0.01430509911
14.46	-0.01416102289
14.47	-0.01400912819
14.48	-0.01384959205
14.49	-0.01368259474
14.5	-0.0135083196
14.51	-0.01332695292
14.52	-0.01313868375
14.53	-0.01294370377
14.54	-0.01274220715
14.55	-0.01253439038
14.56	-0.01232045212
14.57	-0.01210059305
14.58	-0.01187501574
14.59	-0.01164392446
14.6	-0.01140752505
14.61	-0.0111660248
14.62	-0.01091963222
14.63	-0.01066855699
14.64	-0.01041300974
14.65	-0.01015320192
14.66	-0.009889345665
14.67	-0.009621653658
14.68	-0.009350338957
14.69	-0.00907561487
14.7	-0.008797694811
14.71	-0.00851679216
14.72	-0.00823312012
14.73	-0.007946891583
14.74	-0.007658318993
14.75	-0.007367614211
14.76	-0.007074988386
14.77	-0.006780651816
14.78	-0.006484813828
14.79	-0.006187682647
14.8	-0.00588946527
14.81	-0.005590367342
14.82	-0.005290593042
14.83	-0.004990344955
14.84	-0.004689823961
14.85	-0.004389229121
14.86	-0.004088757562
14.87	-0.003788604369
14.88	-0.003488962478
14.89	-0.003190022573
14.9	-0.002891972979
14.91	-0.002594999567
14.92	-0.002299285656
14.93	-0.002005011917
14.94	-0.001712356283
14.95	-0.001421493859
14.96	-0.001132596837
14.97	-0.0008458344096
14.98	-0.0005613726931
14.99	-0.0002793746471
15	-1.625599209e-17
15.01	0.0002765948229
15.02	0.000550256769
15.03	0.0008208362249
15.04	0.00108818708
15.05	0.001352166786
15.06	0.001612636416
15.07	0.00186946072
15.08	0.002122508174
15.09	0.00237165103
15.1	0.002616765363
15.11	0.002857731113
15.12	0.003094432125
15.13	0.003326756186
15.14	0.003554595059
15.15	0.003777844515
15.16	0.00399640436
15.17	0.004210178461
15.18	0.004419074769
15.19	0.004623005336
15.2	0.004821886335
15.21	0.005015638073
15.22	0.005204184999
15.23	0.005387455715
15.24	0.005565382981
15.25	0.005737903717
15.26	0.005904959004
15.27	0.006066494078
15.28	0.006222458328
15.29	0.006372805286
15.3	0.006517492616
15.31	0.006656482102
15.32	0.00678973963
15.33	0.00691723517
15.34	0.007038942756
15.35	0.007154840463
15.36	0.007264910377
15.37	0.007369138573
15.38	0.00746751508
15.39	0.007560033849
15.4	0.007646692719
15.41	0.007727493378
15.42	0.007802441325
15.43	0.00787154583
15.44	0.007934819886
15.45	0.007992280168
15.46	0.008043946981
15.47	0.008089844215
15.48	0.008129999293
15.49	0.008164443113
15.5	0.008193210001
15.51	0.008216337648
15.52	0.008233867055
15.53	0.008245842473
15.54	0.00825231134
15.55	0.008253324222
15.56	0.008248934744
15.57	0.008239199529
15.58	0.008224178128
15.59	0.008203932954
15.6	0.008178529212
15.61	0.008148034827
15.62	0.008112520375
15.63	0.008072059011
15.64	0.008026726392
15.65	0.007976600606
15.66	0.007921762095
15.67	0.007862293581
15.68	0.007798279985
15.69	0.007729808356
15.7	0.007656967787
15.71	0.00757984934
15.72	0.007498545967
15.73	0.007413152425
15.74	0.007323765206
15.75	0.007230482448
15.76	0.007133403858
15.77	0.007032630631
15.78	0.006928265369
15.79	0.006820412001
15.8	0.006709175699
15.81	0.006594662799
15.82	0.006476980722
15.83	0.006356237887
15.84	0.006232543638
15.85	0.006106008156
15.86	0.005976742383
15.87	0.005844857943
15.88	0.005710467056
15.89	0.005573682467
15.9	0.005434617361
15.91	0.005293385288
15.92	0.005150100082
15.93	0.005004875787
15.94	0.00485782658
15.95	0.004709066692
15.96	0.004558710338
15.97	0.004406871636
15.98	0.004253664541
15.99	0.004099202764
16	0.003943599708
16.01	0.00378696839
16.02	0.003629421377
16.03	0.003471070714
16.04	0.003312027853
16.05	0.003152403593
16.06	0.00299230801
16.07	0.002831850389
16.08	0.002671139169
16.09	0.002510281873
16.1	0.002349385049
16.11	0.002188554213
16.12	0.002027893787
16.13	0.00186750704
16.14	0.001707496039
16.15	0.001547961588
16.16	0.001389003175
16.17	0.001230718925
16.18	0.001073205543
16.19	0.0009165582702
16.2	0.0007608708338
16.21	0.0006062354008
16.22	0.0004527425344
16.23	0.0003004811496
16.24	0.0001495384727
16.25	-1.160893723e-17
16.26	-0.00014805054
16.27	-0.0002945312242
16.28	-0.0004393619703
16.29	-0.0005824645708
16.3	-0.0007237627253
16.31	-0.0008631820719
16.32	-0.001000650216
16.33	-0.001136096757
16.34	-0.001269453318
16.35	-0.001400653566
16.36	-0.001529633238
16.37	-0.00165633016
16.38	-0.001780684268
16.39	-0.001902637629
16.4	-0.002022134452
16.41	-0.002139121107
16.42	-0.002253546137
16.43	-0.002365360273
16.44	-0.00247451644
16.45	-0.002580969768
16.46	-0.0026846776
16.47	-0.002785599497
16.48	-0.002883697242
16.49	-0.002978934845
16.5	-0.00307127854
16.51	-0.003160696792
16.52	-0.003247160286
16.53	-0.003330641934
16.54	-0.003411116861
16.55	-0.003488562408
16.56	-0.003562958119
16.57	-0.003634285734
16.58	-0.003702529178
16.59	-0.003767674555
16.6	-0.003829710127
16.61	-0.003888626306
16.62	-0.00394441564
16.63	-0.003997072789
16.64	-0.004046594518
16.65	-0.004092979668
16.66	-0.004136229144
16.67	-0.00417634589
16.68	-0.004213334866
16.69	-0.004247203027
16.7	-0.0042779593
16.71	-0.004305614552
16.72	-0.004330181571
16.73	-0.004351675035
16.74	-0.004370111484
16.75	-0.004385509289
16.76	-0.004397888627
16.77	-0.004407271442
16.78	-0.004413681421
16.79	-0.004417143956
16.8	-0.004417686113
16.81	-0.004415336595
16.82	-0.00441012571
16.83	-0.004402085333
16.84	-0.004391248873
16.85	-0.004377651229
16.86	-0.004361328761
16.87	-0.004342319245
16.88	-0.004320661837
16.89	-0.004296397035
16.9	-0.004269566635
16.91	-0.004240213696
16.92	-0.004208382493
16.93	-0.004174118485
16.94	-0.004137468263
16.95	-0.004098479516
16.96	-0.004057200986
16.97	-0.004013682426
16.98	-0.003967974557
16.99	-0.003920129027
17	-0.003870198364
17.01	-0.003818235939
17.02	-0.003764295918
17.03	-0.003708433219
17.04	-0.003650703471
17.05	-0.003591162969
17.06	-0.00352986863
17.07	-0.003466877954
17.08	-0.003402248972
17.09	-0.003336040211
17.1	-0.003268310648
17.11	-0.003199119666
17.12	-0.003128527012
17.13	-0.003056592754
17.14	-0.00298337724
17.15	-0.002908941052
17.16	-0.002833344971
17.17	-0.002756649927
17.18	-0.002678916963
17.19	-0.002600207195
17.2	-0.002520581765
17.21	-0.002440101808
17.22	-0.002358828407
17.23	-0.002276822559
17.24	-0.002194145127
17.25	-0.002110856813
17.26	-0.00202701811
17.27	-0.001942689271
17.28	-0.001857930269
17.29	-0.00177280076
17.3	-0.001687360051
17.31	-0.00160166706
17.32	-0.001515780285
17.33	-0.001429757768
17.34	-0.001343657061
17.35	-0.001257535198
17.36	-0.001171448655
17.37	-0.001085453325
17.38	-0.0009996044861
17.39	-0.0009139567692
17.4	-0.0008285641308
17.41	-0.0007434798237
17.42	-0.0006587563697
17.43	-0.000574445532
17.44	-0.000490598289
17.45	-0.0004072648094
17.46	-0.0003244944267
17.47	-0.0002423356157
17.48	-0.0001608359694
17.49	-8.004217651e-05
17.5	-5.433656329e-18
17.51	7.924574354e-05
17.52	0.0001576512038
17.53	0.0002351735159
17.54	0.0003117708182
17.55	0.0003874022703
17.56	0.0004620280689
17.57	0.0005356094639
17.58	0.0006081087732
17.59	0.0006794893965
17.6	0.0007497158288
17.61	0.000818753672
17.62	0.0008865696474
17.63	0.0009531316052
17.64	0.001018408535
17.65	0.001082370575
17.66	0.001144989019
17.67	0.001206236325
17.68	0.001266086119
17.69	0.001324513205
17.7	0.001381493565
17.71	0.001437004367
17.72	0.001491023966
17.73	0.001543531905
17.74	0.00159450892
17.75	0.001643936939
17.76	0.00169179908
17.77	0.001738079653
17.78	0.001782764159
17.79	0.001825839284
17.8	0.001867292898
17.81	0.001907114053
17.82	0.001945292973
17.83	0.001981821057
17.84	0.002016690864
17.85	0.002049896113
17.86	0.002081431672
17.87	0.00211129355
17.88	0.002139478891
17.89	0.002165985962
17.9	0.002190814144
17.91	0.00221396392
17.92	0.002235436867
17.93	0.002255235639
17.94	0.00227336396
17.95	0.002289826606
17.96	0.002304629396
17.97	0.002317779174
17.98	0.002329283796
17.99	0.002339152116
18	0.002347393967
18.01	0.002354020149
18.02	0.002359042408
18.03	0.002362473423
18.04	0.002364326784
18.05	0.00236461698
18.06	0.002363359373
18.07	0.002360570187
18.08	0.002356266484
18.09	0.002350466145
18.1	0.00234318785
18.11	0.002334451063
18.12	0.002324276002
18.13	0.002312683627
18.14	0.002299695614
18.15	0.002285334336
18.16	0.00226962284
18.17	0.002252584825
18.18	0.002234244623
18.19	0.002214627173
18.2	0.002193758
18.21	0.002171663196
18.22	0.002148369389
18.23	0.00212390373
18.24	0.002098293863
18.25	0.002071567905
18.26	0.002043754423
18.27	0.00201488241
18.28	0.001984981262
18.29	0.001954080755
18.3	0.001922211021
18.31	0.001889402526
18.32	0.001855686046
18.33	0.001821092645
18.34	0.001785653649
18.35	0.001749400626
18.36	0.001712365362
18.37	0.001674579838
18.38	0.001636076204
18.39	0.001596886763
18.4	0.001557043943
18.41	0.001516580277
18.42	0.001475528378
18.43	0.001433920921
18.44	0.001391790617
18.45	0.001349170196
18.46	0.001306092379
18.47	0.001262589863
18.48	0.001218695295
18.49	0.001174441255
18.5	0.001129860233
18.51	0.001084984609
18.52	0.001039846634
18.53	0.0009944784097
18.54	0.0009489118672
18.55	0.0009031787512
18.56	0.0008573105984
18.57	0.0008113387205
18.58	0.0007652941851
18.59	0.0007192077981
18.6	0.0006731100863
18.61	0.0006270312803
18.62	0.0005810012974
18.63	0.0005350497252
18.64	0.0004892058059
18.65	0.0004434984202
18.66	0.0003979560725
18.67	0.0003526068755
18.68	0.0003074785361
18.69	0.000262598341
18.7	0.0002179931437
18.71	0.0001736893504
18.72	0.0001297129078
18.73	8.608929074e-05
18.74	4.284348974e-05
18.75	9.142869501e-18
18.76	-4.241718989e-05
18.77	-8.438460857e-05
18.78	-0.0001258793121
18.79	-0.0001668788935
18.8	-0.0002073614926
18.81	-0.0002473058042
18.82	-0.0002866910868
18.83	-0.0003254971706
18.84	-0.0003637044651
18.85	-0.0004012939655
18.86	-0.0004382472601
18.87	-0.0004745465359
18.88	-0.0005101745846
18.89	-0.0005451148074
18.9	-0.0005793512203
18.91	-0.0006128684581
18.92	-0.0006456517783
18.93	-0.0006776870646
18.94	-0.00070896083
18.95	-0.0007394602191
18.96	-0.0007691730104
18.97	-0.0007980876179
18.98	-0.0008261930925
18.99	-0.0008534791225
19	-0.0008799360343
19.01	-0.0009055547922
19.02	-0.0009303269982
19.03	-0.0009542448906
19.04	-0.0009773013433
19.05	-0.0009994898641
19.06	-0.001020804592
19.07	-0.001041240296
19.08	-0.00106079237
19.09	-0.001079456833
19.1	-0.001097230322
19.11	-0.00111411009
19.12	-0.001130094002
19.13	-0.001145180528
19.14	-0.00115936874
19.15	-0.001172658308
19.16	-0.001185049491
19.17	-0.001196543131
19.18	-0.00120714065
19.19	-0.001216844041
19.2	-0.00122565586
19.21	-0.001233579223
19.22	-0.001240617791
19.23	-0.001246775772
19.24	-0.001252057903
19.25	-0.001256469448
19.26	-0.001260016188
19.27	-0.001262704409
19.28	-0.001264540899
19.29	-0.001265532932
19.3	-0.001265688262
19.31	-0.001265015114
19.32	-0.001263522171
19.33	-0.001261218564
19.34	-0.001258113866
19.35	-0.001254218076
19.36	-0.001249541611
19.37	-0.001244095293
19.38	-0.001237890342
19.39	-0.00123093836
19.4	-0.001223251321
19.41	-0.001214841563
19.42	-0.001205721771
19.43	-0.001195904969
19.44	-0.001185404504
19.45	-0.001174234041
19.46	-0.001162407544
19.47	-0.001149939268
19.48	-0.001136843744
19.49	-0.00112313577
19.5	-0.001108830396
19.51	-0.001093942912
19.52	-0.001078488837
19.53	-0.001062483906
19.54	-0.001045944056
19.55	-0.001028885417
19.56	-0.001011324295
19.57	-0.0009932771638
19.58	-0.0009747606505
19.59	-0.0009557915229
19.6	-0.0009363866783
19.61	-0.00091656313
19.62	-0.000896337996
19.63	-0.0008757284861
19.64	-0.00085475189
19.65	-0.0008334255653
19.66	-0.0008117669253
19.67	-0.0007897934273
19.68	-0.0007675225604
19.69	-0.0007449718341
19.7	-0.0007221587665
19.71	-0.0006991008727
19.72	-0.0006758156537
19.73	-0.0006523205846
19.74	-0.000628633104
19.75	-0.0006047706024
19.76	-0.0005807504119
19.77	-0.000556589795
19.78	-0.0005323059342
19.79	-0.0005079159216
19.8	-0.0004834367485
19.81	-0.0004588852956
19.82	-0.0004342783226
19.83	-0.0004096324587
19.84	-0.0003849641934
19.85	-0.0003602898664
19.86	-0.0003356256588
19.87	-0.0003109875844
19.88	-0.0002863914802
19.89	-0.0002618529985
19.9	-0.000237387598
19.91	-0.0002130105359
19.92	-0.0001887368599
19.93	-0.0001645814004
19.94	-0.0001405587631
19.95	-0.0001166833215
19.96	-9.29692098e-05
19.97	-6.943031635e-05
19.98	-4.608027674e-05
19.99	-2.293246752e-05
20	-1.779164117e-18
20.01	2.270428566e-05
20.02	4.516782613e-05
20.03	6.737834039e-05
20.04	8.932383494e-05
20.05	0.0001109926087
20.06	0.000132373258
20.07	0.0001534546806
20.08	0.0001742260805
20.09	0.0001946769715
20.1	0.0002147971812
20.11	0.0002345768545
20.12	0.0002540064567
20.13	0.0002730767769
20.14	0.0002917789305
20.15	0.0003101043618
20.16	0.0003280448464
20.17	0.0003455924932
20.18	0.0003627397463
20.19	0.0003794793866
20.2	0.0003958045332
20.21	0.0004117086443
20.22	0.0004271855185
20.23	0.0004422292949
20.24	0.0004568344543
20.25	0.0004709958187
20.26	0.0004847085517
20.27	0.000497968158
20.28	0.0005107704833
20.29	0.0005231117131
20.3	0.0005349883724
20.31	0.0005463973242
20.32	0.0005573357682
20.33	0.0005678012394
20.34	0.0005777916064
20.35	0.0005873050695
20.36	0.0005963401583
20.37	0.0006048957296
20.38	0.0006129709651
20.39	0.0006205653681
20.4	0.0006276787613
20.41	0.0006343112833
20.42	0.0006404633855
20.43	0.0006461358286
20.44	0.0006513296795
20.45	0.0006560463066
20.46	0.0006602873768
20.47	0.0006640548513
20.48	0.0006673509808
20.49	0.0006701783017
20.5	0.0006725396317
20.51	0.0006744380645
20.52	0.0006758769659
20.53	0.000676859968
20.54	0.000677390965
20.55	0.0006774741074
20.56	0.0006771137971
20.57	0.000676314682
20.58	0.0006750816503
20.59	0.0006734198253
20.6	0.0006713345591
20.61	0.0006688314275
20.62	0.0006659162238
20.63	0.0006625949528
20.64	0.0006588738249
20.65	0.0006547592498
20.66	0.0006502578307
20.67	0.0006453763578
20.68	0.0006401218019
20.69	0.0006345013083
20.7	0.0006285221903
20.71	0.0006221919227
20.72	0.0006155181353
20.73	0.0006085086066
20.74	0.0006011712569
20.75	0.0005935141418
20.76	0.0005855454459
20.77	0.0005772734757
20.78	0.0005687066533
20.79	0.0005598535097
20.8	0.000550722678
20.81	0.0005413228868
20.82	0.0005316629536
20.83	0.0005217517782
20.84	0.0005115983359
20.85	0.0005012116711
20.86	0.0004906008903
20.87	0.0004797751562
20.88	0.0004687436804
20.89	0.0004575157177
20.9	0.0004461005586
20.91	0.0004345075241
20.92	0.0004227459581
20.93	0.0004108252221
20.94	0.0003987546881
20.95	0.000386543733
20.96	0.0003742017318
20.97	0.0003617380522
20.98	0.000349162048
20.99	0.0003364830532
21	0.0003237103766
21.01	0.0003108532951
21.02	0.0002979210488
21.03	0.0002849228347
21.04	0.0002718678018
21.05	0.0002587650446
21.06	0.0002456235989
21.07	0.0002324524353
21.08	0.000219260455
21.09	0.0002060564841
21.1	0.0001928492686
21.11	0.0001796474696
21.12	0.0001664596587
21.13	0.0001532943128
21.14	0.00014015981
21.15	0.0001270644248
21.16	0.0001140163237
21.17	0.0001010235612
21.18	8.809407551e-05
21.19	7.523568435e-05
21.2	6.245608134e-05
21.21	4.976283204e-05
21.22	3.716337031e-05
21.23	2.466499475e-05
21.24	1.227486532e-05
21.25	-7.14840115e-19
21.26	-1.215272837e-05
21.27	-2.417659514e-05
21.28	-3.606502673e-05
21.29	-4.781160349e-05
21.3	-5.941006231e-05
21.31	-7.085429918e-05
21.32	-8.213837158e-05
21.33	-9.325650075e-05
21.34	-0.0001042030739
21.35	-0.0001149726461
21.36	-0.0001255599422
21.37	-0.0001359598589
21.38	-0.0001461674657
21.39	-0.0001561780072
21.4	-0.0001659869037
21.41	-0.0001755897531
21.42	-0.0001849823316
21.43	-0.0001941605948
21.44	-0.0002031206786
21.45	-0.0002118588999
21.46	-0.0002203717571
21.47	-0.0002286559308
21.48	-0.0002367082841
21.49	-0.0002445258626
21.5	-0.0002521058948
21.51	-0.0002594457918
21.52	-0.0002665431476
21.53	-0.0002733957385
21.54	-0.0002800015228
21.55	-0.0002863586405
21.56	-0.0002924654123
21.57	-0.0002983203394
21.58	-0.0003039221025
21.59	-0.0003092695607
21.6	-0.0003143617505
21.61	-0.000319197885
21.62	-0.0003237773524
21.63	-0.0003280997144
21.64	-0.0003321647054
21.65	-0.0003359722304
21.66	-0.0003395223636
21.67	-0.0003428153466
21.68	-0.0003458515867
21.69	-0.0003486316547
21.7	-0.0003511562832
21.71	-0.0003534263646
21.72	-0.0003554429483
21.73	-0.0003572072393
21.74	-0.0003587205951
21.75	-0.000359984524
21.76	-0.0003610006819
21.77	-0.0003617708703
21.78	-0.0003622970334
21.79	-0.0003625812556
21.8	-0.0003626257585
21.81	-0.0003624328983
21.82	-0.0003620051628
21.83	-0.0003613451685
21.84	-0.0003604556577
21.85	-0.0003593394951
21.86	-0.0003579996653
21.87	-0.0003564392692
21.88	-0.000354661521
21.89	-0.0003526697447
21.9	-0.0003504673714
21.91	-0.0003480579354
21.92	-0.0003454450712
21.93	-0.0003426325101
21.94	-0.0003396240767
21.95	-0.0003364236854
21.96	-0.0003330353373
21.97	-0.0003294631164
21.98	-0.0003257111861
21.99	-0.0003217837857
22	-0.0003176852274
22.01	-0.0003134198918
22.02	-0.0003089922252
22.03	-0.0003044067357
22.04	-0.0002996679894
22.05	-0.0002947806073
22.06	-0.0002897492617
22.07	-0.000284578672
22.08	-0.0002792736021
22.09	-0.0002738388561
22.1	-0.000268279275
22.11	-0.0002625997334
22.12	-0.0002568051355
22.13	-0.000250900412
22.14	-0.0002448905166
22.15	-0.0002387804223
22.16	-0.000232575118
22.17	-0.0002262796055
22.18	-0.0002198988953
22.19	-0.000213438004
22.2	-0.0002069019507
22.21	-0.0002002957535
22.22	-0.0001936244266
22.23	-0.0001868929766
22.24	-0.0001801063998
22.25	-0.0001732696786
22.26	-0.0001663877788
22.27	-0.0001594656461
22.28	-0.0001525082035
22.29	-0.0001455203479
22.3	-0.0001385069474
22.31	-0.0001314728384
22.32	-0.0001244228226
22.33	-0.0001173616644
22.34	-0.000110294088
22.35	-0.000103224775
22.36	-9.615836121e-05
22.37	-8.90994347e-05
22.38	-8.205253287e-05
22.39	-7.502214014e-05
22.4	-6.801268553e-05
22.41	-6.102854031e-05
22.42	-5.40740157e-05
22.43	-4.71533607e-05
22.44	-4.027075988e-05
22.45	-3.343033132e-05
22.46	-2.663612457e-05
22.47	-1.989211868e-05
22.48	-1.320222033e-05
22.49	-6.570261948e-06
22.5	-5.734564358e-19
22.51	6.50488675e-06
22.52	1.294079885e-05
22.53	1.930421773e-05
22.54	2.559170718e-05
22.55	3.179991482e-05
22.56	3.79255734e-05
22.57	4.396550211e-05
22.58	4.991660781e-05
22.59	5.577588618e-05
22.6	6.154042277e-05
22.61	6.720739404e-05
22.62	7.277406828e-05
22.63	7.82378065e-05
22.64	8.359606322e-05
22.65	8.884638719e-05
22.66	9.398642207e-05
22.67	9.901390705e-05
22.68	0.0001039266773
22.69	0.0001087226646
22.7	0.0001133998974
22.71	0.0001179565015
22.72	0.0001223907002
22.73	0.0001267008143
22.74	0.0001308852625
22.75	0.0001349425614
22.76	0.0001388713251
22.77	0.000142670266
22.78	0.0001463381936
22.79	0.0001498740151
22.8	0.000153276735
22.81	0.0001565454544
22.82	0.000159679371
22.83	0.0001626777788
22.84	0.0001655400668
22.85	0.0001682657196
22.86	0.0001708543159
22.87	0.0001733055281
22.88	0.0001756191218
22.89	0.0001777949547
22.9	0.000179832976
22.91	0.0001817332254
22.92	0.0001834958321
22.93	0.0001851210143
22.94	0.0001866090775
22.95	0.0001879604138
22.96	0.0001891755008
22.97	0.0001902549003
22.98	0.0001911992572
22.99	0.0001920092982
23	0.0001926858306
23.01	0.0001932297407
23.02	0.0001936419928
23.03	0.0001939236276
23.04	0.0001940757608
23.05	0.0001940995815
23.06	0.0001939963509
23.07	0.0001937674006
23.08	0.0001934141311
23.09	0.0001929380102
23.1	0.0001923405715
23.11	0.0001916234123
23.12	0.0001907881924
23.13	0.0001898366324
23.14	0.0001887705113
23.15	0.0001875916659
23.16	0.0001863019877
23.17	0.0001849034223
23.18	0.0001833979668
23.19	0.0001817876684
23.2	0.0001800746224
23.21	0.0001782609704
23.22	0.0001763488983
23.23	0.0001743406347
23.24	0.0001722384488
23.25	0.0001700446486
23.26	0.000167761579
23.27	0.0001653916199
23.28	0.0001629371842
23.29	0.0001604007161
23.3	0.000157784689
23.31	0.0001550916037
23.32	0.0001523239865
23.33	0.0001494843872
23.34	0.0001465753773
23.35	0.000143599548
23.36	0.0001405595084
23.37	0.0001374578837
23.38	0.0001342973129
23.39	0.0001310804477
23.4	0.0001278099499
23.41	0.0001244884899
23.42	0.0001211187449
23.43	0.0001177033968
23.44	0.0001142451309
23.45	0.0001107466337
23.46	0.0001072105912
23.47	0.0001036396872
23.48	0.0001000366016
23.49	9.640400882e-05
23.5	9.274457568e-05
23.51	8.906096016e-05
23.52	8.535580956e-05
23.53	8.163175889e-05
23.54	7.789142932e-05
23.55	7.413742655e-05
23.56	7.037233929e-05
23.57	6.659873776e-05
23.58	6.281917213e-05
23.59	5.903617112e-05
23.6	5.525224051e-05
23.61	5.146986178e-05
23.62	4.76914907e-05
23.63	4.391955596e-05
23.64	4.01564579e-05
23.65	3.640456722e-05
23.66	3.266622367e-05
23.67	2.894373489e-05
23.68	2.523937521e-05
23.69	2.155538446e-05
23.7	1.78939669e-05
23.71	1.425729009e-05
23.72	1.064748386e-05
23.73	7.066639312e-06
23.74	3.516807796e-06
23.75	8.187033439e-19
23.76	-3.481814974e-06
23.77	-6.926710478e-06
23.78	-1.033280316e-05
23.79	-1.369825375e-05
23.8	-1.702126783e-05
23.81	-2.030009659e-05
23.82	-2.353303746e-05
23.83	-2.67184348e-05
23.84	-2.985468051e-05
23.85	-3.29402146e-05
23.86	-3.597352574e-05
23.87	-3.895315175e-05
23.88	-4.187768007e-05
23.89	-4.474574822e-05
23.9	-4.755604412e-05
23.91	-5.030730654e-05
23.92	-5.299832533e-05
23.93	-5.562794177e-05
23.94	-5.819504876e-05
23.95	-6.069859107e-05
23.96	-6.31375655e-05
23.97	-6.551102102e-05
23.98	-6.781805886e-05
23.99	-7.00578326e-05
24	-7.222954816e-05
24.01	-7.433246388e-05
24.02	-7.636589036e-05
24.03	-7.832919053e-05
24.04	-8.022177942e-05
24.05	-8.204312412e-05
24.06	-8.379274354e-05
24.07	-8.547020825e-05
24.08	-8.707514024e-05
24.09	-8.860721265e-05
24.1	-9.006614946e-05
24.11	-9.14517252e-05
24.12	-9.276376456e-05
24.13	-9.400214203e-05
24.14	-9.516678145e-05
24.15	-9.625765563e-05
24.16	-9.727478582e-05
24.17	-9.821824124e-05
24.18	-9.908813858e-05
24.19	-9.98846414e-05
24.2	-0.0001006079596
24.21	-0.0001012583488
24.22	-0.0001018361097
24.23	-0.0001023415875
24.24	-0.0001027751712
24.25	-0.0001031372929
24.26	-0.000103428427
24.27	-0.0001036490897
24.28	-0.000103799838
24.29	-0.000103881269
24.3	-0.0001038940193
24.31	-0.0001038387639
24.32	-0.0001037162156
24.33	-0.0001035271241
24.34	-0.000103272275
24.35	-0.0001029524891
24.36	-0.0001025686214
24.37	-0.0001021215604
24.38	-0.000101612227
24.39	-0.0001010415736
24.4	-0.000100410583
24.41	-9.972026807e-05
24.42	-9.897166995e-05
24.43	-9.81658577e-05
24.44	-9.730392709e-05
24.45	-9.638699965e-05
24.46	-9.541622167e-05
24.47	-9.439276324e-05
24.48	-9.33178172e-05
24.49	-9.219259817e-05
24.5	-9.101834154e-05
24.51	-8.979630244e-05
24.52	-8.852775472e-05
24.53	-8.721398996e-05
24.54	-8.585631642e-05
24.55	-8.445605802e-05
24.56	-8.301455336e-05
24.57	-8.153315463e-05
24.58	-8.001322665e-05
24.59	-7.845614585e-05
24.6	-7.68632992e-05
24.61	-7.523608327e-05
24.62	-7.357590317e-05
24.63	-7.188417157e-05
24.64	-7.016230771e-05
24.65	-6.841173638e-05
24.66	-6.663388695e-05
24.67	-6.483019239e-05
24.68	-6.300208831e-05
24.69	-6.115101198e-05
24.7	-5.927840135e-05
24.71	-5.738569418e-05
24.72	-5.5474327e-05
24.73	-5.354573429e-05
24.74	-5.160134747e-05
24.75	-4.964259407e-05
24.76	-4.767089676e-05
24.77	-4.568767255e-05
24.78	-4.369433188e-05
24.79	-4.169227772e-05
24.8	-3.968290484e-05
24.81	-3.766759886e-05
24.82	-3.564773551e-05
24.83	-3.362467981e-05
24.84	-3.159978529e-05
24.85	-2.957439319e-05
24.86	-2.754983174e-05
24.87	-2.552741544e-05
24.88	-2.350844426e-05
24.89	-2.149420302e-05
24.9	-1.948596065e-05
24.91	-1.748496954e-05
24.92	-1.549246488e-05
24.93	-1.350966403e-05
24.94	-1.153776588e-05
24.95	-9.577950284e-06
24.96	-7.631377458e-06
24.97	-5.699187422e-06
24.98	-3.782499453e-06
24.99	-1.882411565e-06
25	-1.825533551e-19
25.01	1.863681257e-06
25.02	3.707600945e-06
25.03	5.530750978e-06
25.04	7.332146868e-06
25.05	9.110828136e-06
25.06	1.08658587e-05
25.07	1.259632725e-05
25.08	1.430134758e-05
25.09	1.598005894e-05
25.1	1.763162632e-05
25.11	1.925524078e-05
25.12	2.085011965e-05
25.13	2.241550686e-05
25.14	2.395067311e-05
25.15	2.545491611e-05
25.16	2.692756076e-05
25.17	2.836795933e-05
25.18	2.977549158e-05
25.19	3.114956493e-05
25.2	3.248961456e-05
25.21	3.37951035e-05
25.22	3.506552269e-05
25.23	3.630039106e-05
25.24	3.749925555e-05
25.25	3.866169113e-05
25.26	3.97873008e-05
25.27	4.087571557e-05
25.28	4.192659442e-05
25.29	4.293962425e-05
25.3	4.391451982e-05
25.31	4.485102361e-05
25.32	4.574890576e-05
25.33	4.660796395e-05
25.34	4.742802322e-05
25.35	4.820893582e-05
25.36	4.895058107e-05
25.37	4.965286514e-05
25.38	5.031572083e-05
25.39	5.093910739e-05
25.4	5.152301026e-05
25.41	5.206744082e-05
25.42	5.257243611e-05
25.43	5.303805861e-05
25.44	5.346439584e-05
25.45	5.385156017e-05
25.46	5.419968842e-05
25.47	5.450894155e-05
25.48	5.477950434e-05
25.49	5.501158497e-05
25.5	5.520541474e-05
25.51	5.53612476e-05
25.52	5.547935981e-05
25.53	5.556004954e-05
25.54	5.560363643e-05
25.55	5.561046117e-05
25.56	5.55808851e-05
25.57	5.551528974e-05
25.58	5.541407634e-05
25.59	5.527766543e-05
25.6	5.510649636e-05
25.61	5.490102681e-05
25.62	5.466173232e-05
25.63	5.438910579e-05
25.64	5.408365701e-05
25.65	5.374591212e-05
25.66	5.337641314e-05
25.67	5.297571744e-05
25.68	5.254439722e-05
25.69	5.208303902e-05
25.7	5.159224312e-05
25.71	5.107262312e-05
25.72	5.052480529e-05
25.73	4.994942814e-05
25.74	4.934714179e-05
25.75	4.871860751e-05
25.76	4.806449712e-05
25.77	4.738549246e-05
25.78	4.668228485e-05
25.79	4.595557457e-05
25.8	4.520607027e-05
25.81	4.443448842e-05
25.82	4.364155282e-05
25.83	4.2827994e-05
25.84	4.19945487e-05
25.85	4.114195933e-05
25.86	4.027097341e-05
25.87	3.938234303e-05
25.88	3.847682436e-05
25.89	3.755517705e-05
25.9	3.661816374e-05
25.91	3.566654952e-05
25.92	3.470110139e-05
25.93	3.372258779e-05
25.94	3.273177803e-05
25.95	3.172944179e-05
25.96	3.071634864e-05
25.97	2.969326752e-05
25.98	2.866096623e-05
25.99	2.762021096e-05
26	2.657176581e-05
26.01	2.55163923e-05
26.02	2.445484888e-05
26.03	2.33878905e-05
26.04	2.231626813e-05
26.05	2.124072833e-05
26.06	2.016201277e-05
26.07	1.908085783e-05
26.08	1.799799415e-05
26.09	1.691414621e-05
26.1	1.583003194e-05
26.11	1.474636229e-05
26.12	1.366384085e-05
26.13	1.258316346e-05
26.14	1.150501781e-05
26.15	1.043008313e-05
26.16	9.359029776e-06
26.17	8.292518885e-06
26.18	7.231202067e-06
26.19	6.175721046e-06
26.2	5.126707351e-06
26.21	4.084782e-06
26.22	3.050555201e-06
26.23	2.024626061e-06
26.24	1.007582303e-06
26.25	-3.913489592e-20
26.26	-9.975566918e-07
26.27	-1.984535778e-06
26.28	-2.960397669e-06
26.29	-3.924615407e-06
26.3	-4.876674883e-06
26.31	-5.816075051e-06
26.32	-6.742328118e-06
26.33	-7.654959736e-06
26.34	-8.553509176e-06
26.35	-9.437529494e-06
26.36	-1.030658768e-05
26.37	-1.116026483e-05
26.38	-1.199815622e-05
26.39	-1.28198715e-05
26.4	-1.362503476e-05
26.41	-1.441328464e-05
26.42	-1.518427443e-05
26.43	-1.593767216e-05
26.44	-1.667316062e-05
26.45	-1.73904375e-05
26.46	-1.808921538e-05
26.47	-1.876922177e-05
26.48	-1.943019918e-05
26.49	-2.00719051e-05
26.5	-2.069411202e-05
26.51	-2.129660746e-05
26.52	-2.187919391e-05
26.53	-2.244168882e-05
26.54	-2.298392462e-05
26.55	-2.350574861e-05
26.56	-2.400702297e-05
26.57	-2.448762465e-05
26.58	-2.494744537e-05
26.59	-2.538639146e-05
26.6	-2.580438386e-05
26.61	-2.620135795e-05
26.62	-2.657726352e-05
26.63	-2.693206461e-05
26.64	-2.726573939e-05
26.65	-2.757828007e-05
26.66	-2.786969275e-05
26.67	-2.813999726e-05
26.68	-2.838922701e-05
26.69	-2.861742889e-05
26.7	-2.882466303e-05
26.71	-2.901100265e-05
26.72	-2.917653392e-05
26.73	-2.932135574e-05
26.74	-2.944557956e-05
26.75	-2.954932916e-05
26.76	-2.963274047e-05
26.77	-2.969596139e-05
26.78	-2.973915149e-05
26.79	-2.976248187e-05
26.8	-2.976613489e-05
26.81	-2.975030396e-05
26.82	-2.971519329e-05
26.83	-2.966101766e-05
26.84	-2.958800216e-05
26.85	-2.949638196e-05
26.86	-2.938640204e-05
26.87	-2.925831693e-05
26.88	-2.911239046e-05
26.89	-2.894889551e-05
26.9	-2.87681137e-05
26.91	-2.857033515e-05
26.92	-2.835585819e-05
26.93	-2.812498912e-05
26.94	-2.787804187e-05
26.95	-2.761533776e-05
26.96	-2.733720521e-05
26.97	-2.704397946e-05
26.98	-2.673600226e-05
26.99	-2.641362161e-05
27	-2.607719145e-05
27.01	-2.572707139e-05
27.02	-2.536362638e-05
27.03	-2.498722648e-05
27.04	-2.45982465e-05
27.05	-2.419706575e-05
27.06	-2.378406775e-05
27.07	-2.33596399e-05
27.08	-2.292417325e-05
27.09	-2.247806213e-05
27.1	-2.202170392e-05
27.11	-2.155549875e-05
27.12	-2.107984919e-05
27.13	-2.059515997e-05
27.14	-2.010183772e-05
27.15	-1.960029063e-05
27.16	-1.909092824e-05
27.17	-1.85741611e-05
27.18	-1.805040051e-05
27.19	-1.752005826e-05
27.2	-1.698354634e-05
27.21	-1.644127665e-05
27.22	-1.589366079e-05
27.23	-1.534110973e-05
27.24	-1.478403358e-05
27.25	-1.422284133e-05
27.26	-1.365794059e-05
27.27	-1.308973734e-05
27.28	-1.251863568e-05
27.29	-1.194503756e-05
27.3	-1.136934259e-05
27.31	-1.079194776e-05
27.32	-1.021324722e-05
27.33	-9.633632059e-06
27.34	-9.053490064e-06
27.35	-8.473205512e-06
27.36	-7.893158947e-06
27.37	-7.313726974e-06
27.38	-6.735282047e-06
27.39	-6.15819227e-06
27.4	-5.582821198e-06
27.41	-5.009527647e-06
27.42	-4.438665505e-06
27.43	-3.870583548e-06
27.44	-3.305625269e-06
27.45	-2.7441287e-06
27.46	-2.186426248e-06
27.47	-1.632844535e-06
27.48	-1.083704237e-06
27.49	-5.39319943e-07
27.5	-2.092625188e-19
27.51	5.339536199e-07
27.52	1.062245456e-06
27.53	1.584586686e-06
27.54	2.100695249e-06
27.55	2.610295964e-06
27.56	3.11312064e-06
27.57	3.60890818e-06
27.58	4.097404683e-06
27.59	4.57836354e-06
27.6	5.051545518e-06
27.61	5.516718847e-06
27.62	5.973659295e-06
27.63	6.422150239e-06
27.64	6.861982734e-06
27.65	7.29295557e-06
27.66	7.714875327e-06
27.67	8.127556424e-06
27.68	8.530821165e-06
27.69	8.924499772e-06
27.7	9.308430421e-06
27.71	9.682459264e-06
27.72	1.004644046e-05
27.73	1.040023617e-05
27.74	1.074371659e-05
27.75	1.107675996e-05
27.76	1.139925253e-05
27.77	1.171108858e-05
27.78	1.201217042e-05
27.79	1.230240832e-05
27.8	1.258172058e-05
27.81	1.285003341e-05
27.82	1.310728095e-05
27.83	1.335340524e-05
27.84	1.358835616e-05
27.85	1.381209136e-05
27.86	1.402457629e-05
27.87	1.422578404e-05
27.88	1.441569537e-05
27.89	1.459429861e-05
27.9	1.476158959e-05
27.91	1.491757155e-05
27.92	1.506225513e-05
27.93	1.519565821e-05
27.94	1.531780587e-05
27.95	1.542873031e-05
27.96	1.552847072e-05
27.97	1.561707323e-05
27.98	1.569459076e-05
27.99	1.576108298e-05
28	1.581661614e-05
28.01	1.5861263e-05
28.02	1.589510271e-05
28.03	1.591822071e-05
28.04	1.593070856e-05
28.05	1.593266388e-05
28.06	1.59241902e-05
28.07	1.590539681e-05
28.08	1.587639868e-05
28.09	1.583731631e-05
28.1	1.578827555e-05
28.11	1.572940753e-05
28.12	1.566084851e-05
28.13	1.558273971e-05
28.14	1.549522716e-05
28.15	1.539846163e-05
28.16	1.52925984e-05
28.17	1.517779716e-05
28.18	1.505422185e-05
28.19	1.492204051e-05
28.2	1.478142514e-05
28.21	1.463255151e-05
28.22	1.447559908e-05
28.23	1.431075076e-05
28.24	1.413819284e-05
28.25	1.395811475e-05
28.26	1.377070898e-05
28.27	1.357617089e-05
28.28	1.337469854e-05
28.29	1.316649256e-05
28.3	1.295175598e-05
28.31	1.273069408e-05
28.32	1.250351422e-05
28.33	1.227042572e-05
28.34	1.203163964e-05
28.35	1.17873687e-05
28.36	1.153782706e-05
28.37	1.128323019e-05
28.38	1.102379475e-05
28.39	1.075973837e-05
28.4	1.049127956e-05
28.41	1.021863752e-05
28.42	9.942032005e-06
28.43	9.661683165e-06
28.44	9.377811414e-06
28.45	9.090637274e-06
28.46	8.800381228e-06
28.47	8.507263578e-06
28.48	8.211504307e-06
28.49	7.913322931e-06
28.5	7.612938367e-06
28.51	7.310568792e-06
28.52	7.00643151e-06
28.53	6.700742816e-06
28.54	6.393717868e-06
28.55	6.085570556e-06
28.56	5.776513374e-06
28.57	5.466757297e-06
28.58	5.156511658e-06
28.59	4.845984025e-06
28.6	4.535380086e-06
28.61	4.224903534e-06
28.62	3.914755948e-06
28.63	3.60513669e-06
28.64	3.296242792e-06
28.65	2.98826885e-06
28.66	2.681406925e-06
28.67	2.375846439e-06
28.68	2.071774079e-06
28.69	1.769373704e-06
28.7	1.468826248e-06
28.71	1.170309637e-06
28.72	8.739986981e-07
28.73	5.800650782e-07
28.74	2.886771631e-07
28.75	7.28023556e-20
28.76	-2.858047773e-07
28.77	-5.685790201e-07
28.78	-8.481681329e-07
28.79	-1.12442114e-06
28.8	-1.397190747e-06
28.81	-1.666333401e-06
28.82	-1.931709348e-06
28.83	-2.193182684e-06
28.84	-2.450621409e-06
28.85	-2.70389747e-06
28.86	-2.952886811e-06
28.87	-3.197469408e-06
28.88	-3.437529311e-06
28.89	-3.672954681e-06
28.9	-3.903637816e-06
28.91	-4.129475188e-06
28.92	-4.350367462e-06
28.93	-4.566219523e-06
28.94	-4.776940497e-06
28.95	-4.982443764e-06
28.96	-5.182646977e-06
28.97	-5.37747207e-06
28.98	-5.566845268e-06
28.99	-5.750697092e-06
29	-5.928962362e-06
29.01	-6.101580195e-06
29.02	-6.268494005e-06
29.03	-6.429651497e-06
29.04	-6.585004654e-06
29.05	-6.73450973e-06
29.06	-6.878127238e-06
29.07	-7.015821927e-06
29.08	-7.147562767e-06
29.09	-7.273322928e-06
29.1	-7.393079755e-06
29.11	-7.506814738e-06
29.12	-7.614513487e-06
29.13	-7.716165699e-06
29.14	-7.811765124e-06
29.15	-7.90130953e-06
29.16	-7.98480066e-06
29.17	-8.062244197e-06
29.18	-8.133649719e-06
29.19	-8.199030652e-06
29.2	-8.258404225e-06
29.21	-8.311791421e-06
29.22	-8.359216925e-06
29.23	-8.400709071e-06
29.24	-8.43629979e-06
29.25	-8.466024547e-06
29.26	-8.48992229e-06
29.27	-8.508035385e-06
29.28	-8.520409556e-06
29.29	-8.527093821e-06
29.3	-8.528140429e-06
29.31	-8.523604792e-06
29.32	-8.513545418e-06
29.33	-8.49802384e-06
29.34	-8.477104549e-06
29.35	-8.450854922e-06
29.36	-8.419345146e-06
29.37	-8.382648147e-06
29.38	-8.340839515e-06
29.39	-8.293997427e-06
29.4	-8.242202571e-06
29.41	-8.185538067e-06
29.42	-8.124089391e-06
29.43	-8.057944294e-06
29.44	-7.987192722e-06
29.45	-7.911926734e-06
29.46	-7.832240425e-06
29.47	-7.748229841e-06
29.48	-7.659992896e-06
29.49	-7.567629294e-06
29.5	-7.47124044e-06
29.51	-7.370929362e-06
29.52	-7.266800625e-06
29.53	-7.158960246e-06
29.54	-7.047515615e-06
29.55	-6.932575407e-06
29.56	-6.814249498e-06
29.57	-6.692648885e-06
29.58	-6.5678856e-06
29.59	-6.440072624e-06
29.6	-6.309323809e-06
29.61	-6.175753791e-06
29.62	-6.03947791e-06
29.63	-5.900612125e-06
29.64	-5.759272932e-06
29.65	-5.615577287e-06
29.66	-5.469642518e-06
29.67	-5.321586253e-06
29.68	-5.171526333e-06
29.69	-5.019580734e-06
29.7	-4.865867494e-06
29.71	-4.710504628e-06
29.72	-4.553610056e-06
29.73	-4.395301526e-06
29.74	-4.235696536e-06
29.75	-4.074912266e-06
29.76	-3.913065495e-06
29.77	-3.750272539e-06
29.78	-3.586649172e-06
29.79	-3.42231056e-06
29.8	-3.257371189e-06
29.81	-3.0919448e-06
29.82	-2.92614432e-06
29.83	-2.760081796e-06
29.84	-2.593868332e-06
29.85	-2.427614024e-06
29.86	-2.261427901e-06
29.87	-2.095417861e-06
29.88	-1.929690615e-06
29.89	-1.764351625e-06
29.9	-1.599505053e-06
29.91	-1.435253701e-06
29.92	-1.271698959e-06
29.93	-1.108940753e-06
29.94	-9.470774963e-07
29.95	-7.862060359e-07
29.96	-6.264216082e-07
29.97	-4.678177917e-07
29.98	-3.104864624e-07
29.99	-1.545177507e-07
30	-1.798187029e-20
