temps	angle
0	0
0.01	0.5631542073
0.02	1.1213638
0.03	1.674214838
0.04	2.221301032
0.05	2.762224012
0.06	3.296593588
0.07	3.824028
0.08	4.344154163
0.09	4.8566079
0.1	5.361034166
0.11	5.857087266
0.12	6.344431058
0.13	6.822739152
0.14	7.291695097
0.15	7.75099256
0.16	8.20033549
0.17	8.639438281
0.18	9.06802592
0.19	9.485834122
0.2	9.892609466
0.21	10.28810951
0.22	10.67210289
0.23	11.04436945
0.24	11.4047003
0.25	11.7528979
0.26	12.08877616
0.27	12.41216046
0.28	12.72288772
0.29	13.02080645
0.3	13.30577675
0.31	13.57767037
0.32	13.83637068
0.33	14.08177272
0.34	14.31378315
0.35	14.53232026
0.36	14.73731391
0.37	14.92870554
0.38	15.10644811
0.39	15.27050601
0.4	15.42085506
0.41	15.55748237
0.42	15.68038634
0.43	15.78957648
0.44	15.88507341
0.45	15.96690867
0.46	16.03512466
0.47	16.0897745
0.48	16.13092189
0.49	16.15864103
0.5	16.17301638
0.51	16.1741426
0.52	16.16212434
0.53	16.13707611
0.54	16.09912206
0.55	16.04839586
0.56	15.98504048
0.57	15.90920798
0.58	15.82105939
0.59	15.72076442
0.6	15.60850131
0.61	15.48445659
0.62	15.34882489
0.63	15.20180867
0.64	15.04361805
0.65	14.87447054
0.66	14.69459081
0.67	14.50421047
0.68	14.30356779
0.69	14.0929075
0.7	13.87248049
0.71	13.64254362
0.72	13.40335939
0.73	13.15519573
0.74	12.89832573
0.75	12.63302739
0.76	12.35958331
0.77	12.07828046
0.78	11.78940994
0.79	11.49326663
0.8	11.19014899
0.81	10.88035876
0.82	10.56420071
0.83	10.24198233
0.84	9.914013595
0.85	9.580606679
0.86	9.242075683
0.87	8.898736366
0.88	8.550905878
0.89	8.198902489
0.9	7.84304532
0.91	7.483654082
0.92	7.121048805
0.93	6.755549584
0.94	6.387476309
0.95	6.017148413
0.96	5.644884617
0.97	5.271002673
0.98	4.895819113
0.99	4.519649009
1	4.142805718
1.01	3.765600651
1.02	3.38834303
1.03	3.011339657
1.04	2.634894679
1.05	2.259309371
1.06	1.884881907
1.07	1.511907144
1.08	1.140676411
1.09	0.771477299
1.1	0.4045934572
1.11	0.04030439477
1.12	-0.3211147138
1.13	-0.6793932173
1.14	-1.034265172
1.15	-1.385469519
1.16	-1.732750259
1.17	-2.075856618
1.18	-2.414543212
1.19	-2.748570201
1.2	-3.077703438
1.21	-3.401714619
1.22	-3.720381418
1.23	-4.033487621
1.24	-4.340823251
1.25	-4.642184694
1.26	-4.937374807
1.27	-5.226203031
1.28	-5.508485493
1.29	-5.784045099
1.3	-6.052711629
1.31	-6.314321813
1.32	-6.568719417
1.33	-6.815755308
1.34	-7.055287517
1.35	-7.287181306
1.36	-7.511309208
1.37	-7.727551083
1.38	-7.935794151
1.39	-8.135933026
1.4	-8.327869745
1.41	-8.511513785
1.42	-8.686782081
1.43	-8.85359903
1.44	-9.011896497
1.45	-9.161613808
1.46	-9.302697739
1.47	-9.435102505
1.48	-9.558789732
1.49	-9.673728431
1.5	-9.779894966
1.51	-9.877273015
1.52	-9.96585352
1.53	-10.04563464
1.54	-10.1166217
1.55	-10.17882713
1.56	-10.23227036
1.57	-10.27697783
1.58	-10.31298282
1.59	-10.34032544
1.6	-10.35905251
1.61	-10.36921747
1.62	-10.37088028
1.63	-10.36410734
1.64	-10.34897137
1.65	-10.3255513
1.66	-10.29393215
1.67	-10.25420494
1.68	-10.20646654
1.69	-10.15081954
1.7	-10.08737216
1.71	-10.01623809
1.72	-9.937536327
1.73	-9.851391101
1.74	-9.75793168
1.75	-9.657292246
1.76	-9.549611742
1.77	-9.435033722
1.78	-9.313706198
1.79	-9.185781485
1.8	-9.051416041
1.81	-8.910770308
1.82	-8.764008552
1.83	-8.611298694
1.84	-8.45281215
1.85	-8.28872366
1.86	-8.119211123
1.87	-7.944455423
1.88	-7.764640264
1.89	-7.579951992
1.9	-7.390579428
1.91	-7.196713692
1.92	-6.99854803
1.93	-6.796277639
1.94	-6.590099498
1.95	-6.380212186
1.96	-6.166815714
1.97	-5.95011135
1.98	-5.730301442
1.99	-5.50758925
2	-5.282178771
2.01	-5.054274567
2.02	-4.824081598
2.03	-4.591805045
2.04	-4.357650151
2.05	-4.121822046
2.06	-3.884525585
2.07	-3.645965184
2.08	-3.406344656
2.09	-3.165867051
2.1	-2.924734497
2.11	-2.683148044
2.12	-2.441307509
2.13	-2.199411321
2.14	-1.957656376
2.15	-1.716237883
2.16	-1.475349226
2.17	-1.235181816
2.18	-0.9959249516
2.19	-0.7577656863
2.2	-0.5208886903
2.21	-0.2854761213
2.22	-0.05170749594
2.23	0.1802404342
2.24	0.410193805
2.25	0.6379817571
2.26	0.8634365514
2.27	1.08639368
2.28	1.306691975
2.29	1.524173711
2.3	1.738684708
2.31	1.950074425
2.32	2.158196057
2.33	2.362906623
2.34	2.564067052
2.35	2.761542262
2.36	2.955201242
2.37	3.144917124
2.38	3.330567254
2.39	3.512033254
2.4	3.689201092
2.41	3.861961132
2.42	4.030208191
2.43	4.193841592
2.44	4.352765205
2.45	4.506887491
2.46	4.65612154
2.47	4.800385105
2.48	4.939600631
2.49	5.073695279
2.5	5.20260095
2.51	5.326254304
2.52	5.444596768
2.53	5.55757455
2.54	5.665138644
2.55	5.767244832
2.56	5.863853677
2.57	5.954930526
2.58	6.04044549
2.59	6.120373439
2.6	6.194693978
2.61	6.26339143
2.62	6.326454808
2.63	6.38387779
2.64	6.435658684
2.65	6.481800394
2.66	6.522310381
2.67	6.557200618
2.68	6.58648755
2.69	6.610192039
2.7	6.628339315
2.71	6.640958921
2.72	6.648084653
2.73	6.6497545
2.74	6.646010577
2.75	6.636899065
2.76	6.622470131
2.77	6.602777863
2.78	6.577880192
2.79	6.547838817
2.8	6.51271912
2.81	6.472590086
2.82	6.427524222
2.83	6.377597463
2.84	6.322889088
2.85	6.263481629
2.86	6.199460773
2.87	6.130915275
2.88	6.057936855
2.89	5.980620103
2.9	5.899062379
2.91	5.813363709
2.92	5.723626688
2.93	5.629956373
2.94	5.532460175
2.95	5.431247761
2.96	5.326430938
2.97	5.218123551
2.98	5.106441374
2.99	4.991501998
3	4.873424721
3.01	4.752330441
3.02	4.628341542
3.03	4.501581783
3.04	4.372176189
3.05	4.240250935
3.06	4.10593324
3.07	3.969351248
3.08	3.830633926
3.09	3.689910944
3.1	3.547312568
3.11	3.40296955
3.12	3.257013017
3.13	3.109574361
3.14	2.960785131
3.15	2.810776925
3.16	2.659681282
3.17	2.507629575
3.18	2.354752909
3.19	2.201182013
3.2	2.047047137
3.21	1.892477953
3.22	1.737603453
3.23	1.582551846
3.24	1.427450466
3.25	1.272425672
3.26	1.117602754
3.27	0.96310584
3.28	0.8090578037
3.29	0.6555801755
3.3	0.5027930539
3.31	0.35081502
3.32	0.1997630527
3.33	0.04975244677
3.34	-0.09910326728
3.35	-0.2466924016
3.36	-0.3929051869
3.37	-0.5376338463
3.38	-0.6807726671
3.39	-0.8222180698
3.4	-0.9618686758
3.41	-1.099625372
3.42	-1.235391372
3.43	-1.36907228
3.44	-1.500576142
3.45	-1.629813508
3.46	-1.756697479
3.47	-1.881143762
3.48	-2.003070714
3.49	-2.122399388
3.5	-2.239053578
3.51	-2.352959855
3.52	-2.464047609
3.53	-2.57224908
3.54	-2.677499392
3.55	-2.779736584
3.56	-2.878901635
3.57	-2.974938489
3.58	-3.067794077
3.59	-3.157418337
3.6	-3.24376423
3.61	-3.326787755
3.62	-3.406447958
3.63	-3.482706944
3.64	-3.555529882
3.65	-3.62488501
3.66	-3.690743633
3.67	-3.753080126
3.68	-3.81187193
3.69	-3.86709954
3.7	-3.918746506
3.71	-3.966799415
3.72	-4.011247878
3.73	-4.052084518
3.74	-4.08930495
3.75	-4.122907761
3.76	-4.152894486
3.77	-4.179269585
3.78	-4.202040416
3.79	-4.221217206
3.8	-4.236813017
3.81	-4.248843718
3.82	-4.257327945
3.83	-4.262287066
3.84	-4.263745143
3.85	-4.261728888
3.86	-4.256267622
3.87	-4.247393231
3.88	-4.235140117
3.89	-4.219545154
3.9	-4.200647635
3.91	-4.178489222
3.92	-4.153113894
3.93	-4.124567892
3.94	-4.092899663
3.95	-4.058159804
3.96	-4.020401003
3.97	-3.97967798
3.98	-3.936047427
3.99	-3.889567944
4	-3.840299981
4.01	-3.788305767
4.02	-3.733649253
4.03	-3.676396038
4.04	-3.616613311
4.05	-3.55436978
4.06	-3.4897356
4.07	-3.422782314
4.08	-3.353582774
4.09	-3.282211077
4.1	-3.208742496
4.11	-3.133253403
4.12	-3.055821205
4.13	-2.976524271
4.14	-2.895441857
4.15	-2.812654041
4.16	-2.728241645
4.17	-2.642286169
4.18	-2.554869714
4.19	-2.466074915
4.2	-2.375984868
4.21	-2.284683058
4.22	-2.19225329
4.23	-2.098779616
4.24	-2.004346267
4.25	-1.909037582
4.26	-1.812937939
4.27	-1.716131685
4.28	-1.61870307
4.29	-1.520736177
4.3	-1.422314859
4.31	-1.323522665
4.32	-1.224442784
4.33	-1.125157974
4.34	-1.025750499
4.35	-0.9263020688
4.36	-0.826893775
4.37	-0.7276060299
4.38	-0.6285185075
4.39	-0.5297100845
4.4	-0.431258782
4.41	-0.3332417099
4.42	-0.2357350106
4.43	-0.1388138057
4.44	-0.04255214229
4.45	0.0529770578
4.46	0.1477020489
4.47	0.2415523099
4.48	0.3344585922
4.49	0.4263529657
4.5	0.517168863
4.51	0.6068411234
4.52	0.6953060338
4.53	0.7825013696
4.54	0.868366433
4.55	0.95284209
4.56	1.035870806
4.57	1.117396682
4.58	1.197365481
4.59	1.275724665
4.6	1.352423424
4.61	1.427412696
4.62	1.500645204
4.63	1.57207547
4.64	1.641659845
4.65	1.709356524
4.66	1.775125572
4.67	1.838928934
4.68	1.900730456
4.69	1.960495899
4.7	2.018192949
4.71	2.07379123
4.72	2.127262311
4.73	2.178579718
4.74	2.227718933
4.75	2.274657406
4.76	2.319374553
4.77	2.361851757
4.78	2.402072369
4.79	2.440021705
4.8	2.475687044
4.81	2.509057619
4.82	2.540124615
4.83	2.568881155
4.84	2.595322296
4.85	2.619445014
4.86	2.64124819
4.87	2.660732601
4.88	2.677900899
4.89	2.692757595
4.9	2.705309044
4.91	2.715563419
4.92	2.723530697
4.93	2.729222632
4.94	2.732652729
4.95	2.733836227
4.96	2.732790065
4.97	2.729532859
4.98	2.724084872
4.99	2.716467984
5	2.706705665
5.01	2.694822936
5.02	2.680846344
5.03	2.664803924
5.04	2.646725165
5.05	2.626640975
5.06	2.604583644
5.07	2.580586809
5.08	2.554685411
5.09	2.526915661
5.1	2.497315
5.11	2.465922056
5.12	2.432776605
5.13	2.39791953
5.14	2.361392777
5.15	2.323239316
5.16	2.283503092
5.17	2.24222899
5.18	2.199462782
5.19	2.155251091
5.2	2.109641338
5.21	2.062681705
5.22	2.014421086
5.23	1.96490904
5.24	1.914195749
5.25	1.862331971
5.26	1.809368993
5.27	1.755358586
5.28	1.70035296
5.29	1.644404716
5.3	1.587566803
5.31	1.529892469
5.32	1.471435218
5.33	1.412248762
5.34	1.352386981
5.35	1.291903869
5.36	1.230853499
5.37	1.16928997
5.38	1.10726737
5.39	1.044839727
5.4	0.9820609667
5.41	0.9189848722
5.42	0.8556650385
5.43	0.7921548317
5.44	0.7285073471
5.45	0.6647753687
5.46	0.6010113283
5.47	0.537267266
5.48	0.4735947911
5.49	0.4100450436
5.5	0.3466686561
5.51	0.2835157171
5.52	0.2206357346
5.53	0.1580776003
5.54	0.09588955507
5.55	0.03411915471
5.56	-0.02718676303
5.57	-0.08798211081
5.58	-0.1482215832
5.59	-0.2078606872
5.6	-0.2668557719
5.61	-0.3251640572
5.62	-0.3827436618
5.63	-0.4395536297
5.64	-0.4955539563
5.65	-0.5507056136
5.66	-0.6049705733
5.67	-0.6583118306
5.68	-0.7106934257
5.69	-0.7620804645
5.7	-0.8124391388
5.71	-0.861736745
5.72	-0.9099417017
5.73	-0.9570235665
5.74	-1.002953052
5.75	-1.047702039
5.76	-1.091243592
5.77	-1.133551972
5.78	-1.174602643
5.79	-1.21437229
5.8	-1.25283882
5.81	-1.289981379
5.82	-1.32578035
5.83	-1.360217367
5.84	-1.393275313
5.85	-1.424938331
5.86	-1.45519182
5.87	-1.484022443
5.88	-1.511418121
5.89	-1.537368042
5.9	-1.561862648
5.91	-1.584893645
5.92	-1.60645399
5.93	-1.626537891
5.94	-1.645140801
5.95	-1.662259415
5.96	-1.677891656
5.97	-1.692036672
5.98	-1.704694826
5.99	-1.715867686
6	-1.725558012
6.01	-1.733769748
6.02	-1.740508007
6.03	-1.745779056
6.04	-1.749590306
6.05	-1.751950293
6.06	-1.752868665
6.07	-1.752356162
6.08	-1.750424603
6.09	-1.747086863
6.1	-1.742356857
6.11	-1.73624952
6.12	-1.728780788
6.13	-1.719967572
6.14	-1.709827744
6.15	-1.69838011
6.16	-1.685644386
6.17	-1.67164118
6.18	-1.656391963
6.19	-1.639919048
6.2	-1.622245563
6.21	-1.603395429
6.22	-1.583393329
6.23	-1.562264687
6.24	-1.540035638
6.25	-1.516733003
6.26	-1.492384262
6.27	-1.467017524
6.28	-1.440661502
6.29	-1.413345483
6.3	-1.3850993
6.31	-1.355953305
6.32	-1.325938338
6.33	-1.295085699
6.34	-1.263427119
6.35	-1.23099473
6.36	-1.197821038
6.37	-1.163938891
6.38	-1.12938145
6.39	-1.094182162
6.4	-1.058374727
6.41	-1.021993071
6.42	-0.985071316
6.43	-0.9476437512
6.44	-0.9097448028
6.45	-0.8714090056
6.46	-0.8326709742
6.47	-0.793565374
6.48	-0.7541268924
6.49	-0.7143902113
6.5	-0.6743899778
6.51	-0.6341607775
6.52	-0.5937371061
6.53	-0.5531533424
6.54	-0.5124437214
6.55	-0.4716423073
6.56	-0.4307829676
6.57	-0.389899347
6.58	-0.3490248417
6.59	-0.3081925745
6.6	-0.26743537
6.61	-0.2267857301
6.62	-0.1862758106
6.63	-0.1459373975
6.64	-0.1058018842
6.65	-0.0659002492
6.66	-0.02626303429
6.67	0.0130796769
6.68	0.05209827962
6.69	0.09076366823
6.7	0.1290472559
6.71	0.1669209935
6.72	0.2043573885
6.73	0.2413295224
6.74	0.2778110683
6.75	0.3137763075
6.76	0.3492001456
6.77	0.3840581277
6.78	0.4183264534
6.79	0.4519819909
6.8	0.4850022901
6.81	0.5173655961
6.82	0.5490508605
6.83	0.5800377535
6.84	0.6103066744
6.85	0.6398387618
6.86	0.668615903
6.87	0.6966207426
6.88	0.7238366909
6.89	0.7502479309
6.9	0.7758394253
6.91	0.8005969223
6.92	0.8245069608
6.93	0.8475568756
6.94	0.8697348005
6.95	0.8910296724
6.96	0.9114312333
6.97	0.9309300325
6.98	0.9495174276
6.99	0.9671855855
7	0.9839274819
7.01	0.9997369006
7.02	1.014608433
7.03	1.028537473
7.04	1.04152022
7.05	1.05355367
7.06	1.064635614
7.07	1.074764635
7.08	1.083940097
7.09	1.09216215
7.1	1.09943171
7.11	1.105750466
7.12	1.11112086
7.13	1.115546088
7.14	1.119030087
7.15	1.121577528
7.16	1.123193804
7.17	1.123885023
7.18	1.123657993
7.19	1.122520217
7.2	1.120479874
7.21	1.117545814
7.22	1.113727541
7.23	1.109035201
7.24	1.103479569
7.25	1.097072037
7.26	1.089824595
7.27	1.081749823
7.28	1.07286087
7.29	1.063171443
7.3	1.052695789
7.31	1.041448681
7.32	1.029445399
7.33	1.016701717
7.34	1.003233884
7.35	0.9890586077
7.36	0.9741930375
7.37	0.9586547463
7.38	0.9424617136
7.39	0.9256323072
7.4	0.9081852654
7.41	0.890139679
7.42	0.8715149724
7.43	0.8523308859
7.44	0.8326074566
7.45	0.8123650001
7.46	0.7916240914
7.47	0.7704055466
7.48	0.7487304037
7.49	0.7266199041
7.5	0.7040954732
7.51	0.681178702
7.52	0.6578913282
7.53	0.634255217
7.54	0.6102923429
7.55	0.5860247705
7.56	0.5614746361
7.57	0.5366641289
7.58	0.5116154732
7.59	0.4863509091
7.6	0.4608926753
7.61	0.4352629902
7.62	0.4094840346
7.63	0.3835779337
7.64	0.3575667399
7.65	0.3314724149
7.66	0.3053168131
7.67	0.2791216645
7.68	0.2529085581
7.69	0.2266989254
7.7	0.2005140244
7.71	0.1743749234
7.72	0.1483024861
7.73	0.1223173552
7.74	0.09643993859
7.75	0.07069039366
7.76	0.04508861353
7.77	0.01965421276
7.78	-0.005593486301
7.79	-0.03063546691
7.8	-0.05545303092
7.81	-0.08002781141
7.82	-0.104341785
7.83	-0.1283772837
7.84	-0.1521170065
7.85	-0.1755440304
7.86	-0.1986418213
7.87	-0.2213942441
7.88	-0.2437855729
7.89	-0.2658005001
7.9	-0.287424146
7.91	-0.3086420671
7.92	-0.3294402647
7.93	-0.3498051923
7.94	-0.3697237632
7.95	-0.3891833575
7.96	-0.4081718288
7.97	-0.4266775099
7.98	-0.4446892187
7.99	-0.4621962633
8	-0.479188447
8.01	-0.4956560723
8.02	-0.5115899452
8.03	-0.5269813783
8.04	-0.5418221938
8.05	-0.5561047266
8.06	-0.5698218258
8.07	-0.5829668568
8.08	-0.5955337023
8.09	-0.6075167636
8.1	-0.6189109603
8.11	-0.6297117312
8.12	-0.639915033
8.13	-0.6495173401
8.14	-0.6585156428
8.15	-0.6669074461
8.16	-0.6746907676
8.17	-0.6818641344
8.18	-0.6884265811
8.19	-0.6943776461
8.2	-0.6997173677
8.21	-0.7044462807
8.22	-0.7085654116
8.23	-0.7120762739
8.24	-0.714980863
8.25	-0.717281651
8.26	-0.7189815803
8.27	-0.7200840582
8.28	-0.7205929498
8.29	-0.7205125716
8.3	-0.7198476841
8.31	-0.7186034849
8.32	-0.7167856003
8.33	-0.7144000779
8.34	-0.7114533781
8.35	-0.7079523654
8.36	-0.7039042999
8.37	-0.6993168281
8.38	-0.6941979738
8.39	-0.6885561281
8.4	-0.6824000402
8.41	-0.6757388073
8.42	-0.6685818641
8.43	-0.6609389728
8.44	-0.6528202125
8.45	-0.6442359686
8.46	-0.6351969215
8.47	-0.625714036
8.48	-0.6157985499
8.49	-0.6054619631
8.5	-0.5947160254
8.51	-0.5835727257
8.52	-0.57204428
8.53	-0.5601431198
8.54	-0.5478818802
8.55	-0.535273388
8.56	-0.52233065
8.57	-0.5090668406
8.58	-0.4954952901
8.59	-0.4816294723
8.6	-0.467482993
8.61	-0.4530695773
8.62	-0.4384030576
8.63	-0.4234973618
8.64	-0.4083665011
8.65	-0.3930245578
8.66	-0.3774856736
8.67	-0.3617640371
8.68	-0.3458738727
8.69	-0.329829428
8.7	-0.3136449626
8.71	-0.2973347359
8.72	-0.2809129962
8.73	-0.2643939685
8.74	-0.2477918436
8.75	-0.2311207667
8.76	-0.2143948264
8.77	-0.1976280434
8.78	-0.1808343599
8.79	-0.164027629
8.8	-0.1472216038
8.81	-0.1304299275
8.82	-0.1136661226
8.83	-0.09694358153
8.84	-0.08027555632
8.85	-0.0636751492
8.86	-0.04715530305
8.87	-0.03072879222
8.88	-0.01440821346
8.89	0.001794022875
8.9	0.01786570143
8.91	0.03379481022
8.92	0.04956954874
8.93	0.0651783359
8.94	0.08060981765
8.95	0.09585287441
8.96	0.1108966282
8.97	0.1257304497
8.98	0.1403439646
8.99	0.1547270602
9	0.1688698917
9.01	0.1827628877
9.02	0.1963967559
9.03	0.2097624886
9.04	0.2228513677
9.05	0.2356549693
9.06	0.2481651682
9.07	0.2603741426
9.08	0.2722743772
9.09	0.2838586677
9.1	0.2951201235
9.11	0.3060521712
9.12	0.3166485574
9.13	0.3269033509
9.14	0.3368109455
9.15	0.3463660614
9.16	0.3555637471
9.17	0.364399381
9.18	0.3728686722
9.19	0.3809676617
9.2	0.3886927227
9.21	0.3960405607
9.22	0.4030082143
9.23	0.4095930541
9.24	0.4157927826
9.25	0.4216054335
9.26	0.4270293704
9.27	0.4320632856
9.28	0.4367061988
9.29	0.4409574548
9.3	0.4448167218
9.31	0.4482839889
9.32	0.4513595638
9.33	0.4540440698
9.34	0.4563384427
9.35	0.4582439279
9.36	0.4597620765
9.37	0.4608947419
9.38	0.4616440758
9.39	0.4620125242
9.4	0.4620028226
9.41	0.461617992
9.42	0.4608613342
9.43	0.4597364263
9.44	0.4582471162
9.45	0.4563975169
9.46	0.4541920014
9.47	0.4516351969
9.48	0.4487319788
9.49	0.4454874652
9.5	0.4419070106
9.51	0.4379961996
9.52	0.4337608405
9.53	0.4292069591
9.54	0.4243407917
9.55	0.4191687785
9.56	0.413697557
9.57	0.4079339545
9.58	0.4018849817
9.59	0.3955578248
9.6	0.388959839
9.61	0.3820985407
9.62	0.3749816003
9.63	0.3676168345
9.64	0.3600121993
9.65	0.3521757818
9.66	0.3441157932
9.67	0.3358405606
9.68	0.3273585197
9.69	0.3186782068
9.7	0.3098082513
9.71	0.3007573679
9.72	0.2915343488
9.73	0.2821480557
9.74	0.2726074127
9.75	0.2629213977
9.76	0.2530990354
9.77	0.2431493893
9.78	0.2330815539
9.79	0.2229046475
9.8	0.2126278041
9.81	0.2022601661
9.82	0.1918108768
9.83	0.181289073
9.84	0.1707038777
9.85	0.1600643923
9.86	0.1493796903
9.87	0.1386588092
9.88	0.127910744
9.89	0.1171444402
9.9	0.1063687868
9.91	0.09559260946
9.92	0.08482466401
9.93	0.07407362984
9.94	0.06334810342
9.95	0.05265659204
9.96	0.04200750756
9.97	0.03140916033
9.98	0.02086975333
9.99	0.01039737628
10	4.037433937e-16
10.01	-0.0103145291
10.02	-0.02053849442
10.03	-0.03066431439
10.04	-0.04068454756
10.05	-0.05059189754
10.06	-0.06037921772
10.07	-0.07003951595
10.08	-0.07956595893
10.09	-0.08895187652
10.1	-0.09819076585
10.11	-0.1072762953
10.12	-0.1162023082
10.13	-0.1249628265
10.14	-0.1335520543
10.15	-0.1419643808
10.16	-0.1501943836
10.17	-0.1582368318
10.18	-0.1660866882
10.19	-0.1737391123
10.2	-0.1811894626
10.21	-0.1884332986
10.22	-0.1954663827
10.23	-0.2022846826
10.24	-0.2088843723
10.25	-0.2152618339
10.26	-0.2214136588
10.27	-0.2273366489
10.28	-0.2330278172
10.29	-0.238484389
10.3	-0.2437038021
10.31	-0.2486837074
10.32	-0.2534219689
10.33	-0.2579166641
10.34	-0.2621660834
10.35	-0.26616873
10.36	-0.2699233197
10.37	-0.2734287798
10.38	-0.2766842485
10.39	-0.2796890738
10.4	-0.2824428126
10.41	-0.2849452292
10.42	-0.2871962938
10.43	-0.2891961811
10.44	-0.2909452683
10.45	-0.2924441334
10.46	-0.2936935528
10.47	-0.2946944995
10.48	-0.2954481404
10.49	-0.295955834
10.5	-0.2962191277
10.51	-0.2962397552
10.52	-0.2960196332
10.53	-0.2955608587
10.54	-0.2948657062
10.55	-0.2939366234
10.56	-0.292776229
10.57	-0.2913873084
10.58	-0.2897728106
10.59	-0.2879358442
10.6	-0.2858796736
10.61	-0.2836077153
10.62	-0.281123534
10.63	-0.2784308381
10.64	-0.2755334758
10.65	-0.2724354311
10.66	-0.269140819
10.67	-0.2656538813
10.68	-0.2619789825
10.69	-0.2581206046
10.7	-0.2540833432
10.71	-0.2498719025
10.72	-0.2454910904
10.73	-0.2409458145
10.74	-0.2362410764
10.75	-0.2313819677
10.76	-0.2263736646
10.77	-0.2212214234
10.78	-0.2159305751
10.79	-0.2105065212
10.8	-0.2049547279
10.81	-0.199280722
10.82	-0.1934900853
10.83	-0.1875884498
10.84	-0.1815814929
10.85	-0.1754749323
10.86	-0.1692745208
10.87	-0.1629860418
10.88	-0.1566153042
10.89	-0.1501681373
10.9	-0.1436503859
10.91	-0.1370679057
10.92	-0.1304265584
10.93	-0.1237322067
10.94	-0.1169907095
10.95	-0.1102079175
10.96	-0.1033896682
10.97	-0.09654178153
10.98	-0.08967005495
10.99	-0.08278025914
11	-0.07587813352
11.01	-0.06896938173
11.02	-0.06205966738
11.03	-0.05515460972
11.04	-0.04825977946
11.05	-0.04138069459
11.06	-0.03452281636
11.07	-0.02769154528
11.08	-0.02089221723
11.09	-0.01413009962
11.1	-0.007410387659
11.11	-0.0007382007403
11.12	0.005881421139
11.13	0.01244352083
11.14	0.0189432274
11.15	0.0253757594
11.16	0.03173642803
11.17	0.03802064021
11.18	0.04422390156
11.19	0.05034181925
11.2	0.05637010477
11.21	0.06230457656
11.22	0.06814116258
11.23	0.07387590272
11.24	0.07950495115
11.25	0.08502457851
11.26	0.09043117402
11.27	0.09572124748
11.28	0.1008914311
11.29	0.1059384814
11.3	0.1108592805
11.31	0.1156508382
11.32	0.1203102928
11.33	0.124834913
11.34	0.1292220984
11.35	0.1334693813
11.36	0.137574427
11.37	0.1415350351
11.38	0.14534914
11.39	0.1490148113
11.4	0.152530255
11.41	0.1558938129
11.42	0.1591039637
11.43	0.1621593227
11.44	0.1650586419
11.45	0.1678008101
11.46	0.1703848525
11.47	0.1728099304
11.48	0.1750753409
11.49	0.1771805166
11.5	0.1791250246
11.51	0.1809085657
11.52	0.1825309743
11.53	0.1839922165
11.54	0.1852923899
11.55	0.1864317219
11.56	0.1874105689
11.57	0.1882294147
11.58	0.1888888692
11.59	0.1893896668
11.6	0.189732665
11.61	0.1899188427
11.62	0.1899492981
11.63	0.1898252474
11.64	0.1895480225
11.65	0.1891190689
11.66	0.188539944
11.67	0.1878123148
11.68	0.1869379554
11.69	0.1859187452
11.7	0.1847566659
11.71	0.1834537998
11.72	0.1820123268
11.73	0.180434522
11.74	0.178722753
11.75	0.1768794774
11.76	0.1749072402
11.77	0.1728086706
11.78	0.1705864794
11.79	0.1682434566
11.8	0.1657824676
11.81	0.1632064512
11.82	0.1605184159
11.83	0.1577214372
11.84	0.1548186549
11.85	0.1518132694
11.86	0.148708539
11.87	0.1455077767
11.88	0.1422143472
11.89	0.1388316635
11.9	0.135363184
11.91	0.1318124092
11.92	0.1281828785
11.93	0.124478167
11.94	0.1207018826
11.95	0.1168576624
11.96	0.1129491697
11.97	0.1089800908
11.98	0.1049541319
11.99	0.1008750158
12	0.09674647891
12.01	0.09257226782
12.02	0.08835613651
12.03	0.08410184306
12.04	0.07981314657
12.05	0.07549380415
12.06	0.07114756787
12.07	0.06677818171
12.08	0.06238937864
12.09	0.05798487767
12.1	0.05356838089
12.11	0.04914357067
12.12	0.04471410675
12.13	0.04028362353
12.14	0.03585572725
12.15	0.03143399332
12.16	0.02702196366
12.17	0.0226231441
12.18	0.01824100177
12.19	0.01387896267
12.2	0.009540409153
12.21	0.005228677548
12.22	0.0009470558235
12.23	-0.003301218707
12.24	-0.007512961606
12.25	-0.01168504348
12.26	-0.01581439208
12.27	-0.01989799434
12.28	-0.02393289836
12.29	-0.0279162153
12.3	-0.03184512125
12.31	-0.03571685897
12.32	-0.03952873963
12.33	-0.04327814444
12.34	-0.0469625262
12.35	-0.05057941084
12.36	-0.05412639879
12.37	-0.05760116638
12.38	-0.06100146711
12.39	-0.06432513285
12.4	-0.06757007499
12.41	-0.07073428549
12.42	-0.07381583788
12.43	-0.07681288816
12.44	-0.07972367566
12.45	-0.08254652379
12.46	-0.08527984075
12.47	-0.08792212011
12.48	-0.0904719414
12.49	-0.09292797055
12.5	-0.09528896029
12.51	-0.09755375046
12.52	-0.09972126829
12.53	-0.1017905286
12.54	-0.1037606337
12.55	-0.1056307737
12.56	-0.1074002265
12.57	-0.1090683571
12.58	-0.1106346183
12.59	-0.1120985498
12.6	-0.1134597779
12.61	-0.1147180156
12.62	-0.1158730617
12.63	-0.1169248003
12.64	-0.1178732005
12.65	-0.1187183154
12.66	-0.1194602817
12.67	-0.1200993186
12.68	-0.1206357275
12.69	-0.1210698904
12.7	-0.1214022693
12.71	-0.1216334055
12.72	-0.1217639178
12.73	-0.1217945021
12.74	-0.1217259298
12.75	-0.1215590466
12.76	-0.1212947715
12.77	-0.120934095
12.78	-0.1204780783
12.79	-0.1199278513
12.8	-0.1192846116
12.81	-0.1185496227
12.82	-0.1177242126
12.83	-0.1168097721
12.84	-0.1158077533
12.85	-0.1147196677
12.86	-0.1135470848
12.87	-0.1122916302
12.88	-0.1109549839
12.89	-0.1095388781
12.9	-0.1080450963
12.91	-0.1064754704
12.92	-0.1048318796
12.93	-0.1031162479
12.94	-0.1013305427
12.95	-0.0994767727
12.96	-0.09755698562
12.97	-0.09557326664
12.98	-0.09352773622
12.99	-0.0914225481
13	-0.08925988734
13.01	-0.08704196824
13.02	-0.08477103233
13.03	-0.08244934637
13.04	-0.08007920023
13.05	-0.07766290493
13.06	-0.07520279052
13.07	-0.07270120409
13.08	-0.07016050771
13.09	-0.06758307638
13.1	-0.06497129602
13.11	-0.06232756143
13.12	-0.05965427428
13.13	-0.0569538411
13.14	-0.05422867129
13.15	-0.05148117516
13.16	-0.04871376192
13.17	-0.04592883777
13.18	-0.04312880396
13.19	-0.04031605488
13.2	-0.03749297615
13.21	-0.0346619428
13.22	-0.03182531737
13.23	-0.02898544813
13.24	-0.02614466726
13.25	-0.02330528912
13.26	-0.02046960846
13.27	-0.01763989878
13.28	-0.01481841057
13.29	-0.01200736976
13.3	-0.009208976011
13.31	-0.006425401223
13.32	-0.003658787936
13.33	-0.0009112478488
13.34	0.001815139656
13.35	0.004518328944
13.36	0.007196309521
13.37	0.009847107384
13.38	0.01246878634
13.39	0.01505944925
13.4	0.01761723932
13.41	0.02014034122
13.42	0.02262698226
13.43	0.02507543348
13.44	0.02748401074
13.45	0.02985107566
13.46	0.03217503667
13.47	0.03445434985
13.48	0.03668751987
13.49	0.03887310077
13.5	0.04100969679
13.51	0.04309596303
13.52	0.04513060621
13.53	0.04711238527
13.54	0.04904011199
13.55	0.05091265148
13.56	0.05272892274
13.57	0.05448789908
13.58	0.0561886085
13.59	0.05783013408
13.6	0.05941161428
13.61	0.06093224318
13.62	0.06239127069
13.63	0.06378800274
13.64	0.06512180138
13.65	0.06639208485
13.66	0.06759832761
13.67	0.06874006032
13.68	0.06981686975
13.69	0.07082839873
13.7	0.07177434591
13.71	0.07265446562
13.72	0.07346856762
13.73	0.07421651678
13.74	0.07489823277
13.75	0.07551368972
13.76	0.07606291574
13.77	0.07654599254
13.78	0.07696305486
13.79	0.07731429001
13.8	0.07759993726
13.81	0.07782028723
13.82	0.07797568127
13.83	0.07806651075
13.84	0.07809321636
13.85	0.07805628736
13.86	0.07795626078
13.87	0.07779372063
13.88	0.07756929702
13.89	0.07728366531
13.9	0.07693754518
13.91	0.07653169969
13.92	0.07606693435
13.93	0.07554409609
13.94	0.07496407224
13.95	0.07432778952
13.96	0.07363621295
13.97	0.07289034477
13.98	0.07209122331
13.99	0.0712399219
14	0.07033754768
14.01	0.06938524044
14.02	0.06838417145
14.03	0.06733554224
14.04	0.06624058341
14.05	0.06510055336
14.06	0.06391673708
14.07	0.06269044486
14.08	0.06142301107
14.09	0.06011579285
14.1	0.05877016883
14.11	0.05738753787
14.12	0.0559693177
14.13	0.05451694368
14.14	0.05303186748
14.15	0.05151555573
14.16	0.04996948878
14.17	0.04839515931
14.18	0.04679407108
14.19	0.04516773761
14.2	0.04351768084
14.21	0.04184542987
14.22	0.04015251961
14.23	0.03844048956
14.24	0.03671088244
14.25	0.03496524298
14.26	0.03320511662
14.27	0.03143204822
14.28	0.02964758089
14.29	0.02785325467
14.3	0.02605060534
14.31	0.02424116319
14.32	0.02242645187
14.33	0.02060798714
14.34	0.01878727573
14.35	0.01696581419
14.36	0.01514508778
14.37	0.0133265693
14.38	0.01151171802
14.39	0.009701978623
14.4	0.007898780119
14.41	0.006103534821
14.42	0.004317637328
14.43	0.002542463537
14.44	0.0007793696722
14.45	-0.0009703086601
14.46	-0.00270525739
14.47	-0.004424184881
14.48	-0.006125822799
14.49	-0.007808926959
14.5	-0.009472278139
14.51	-0.01111468288
14.52	-0.01273497423
14.53	-0.01433201252
14.54	-0.01590468601
14.55	-0.01745191164
14.56	-0.01897263563
14.57	-0.02046583412
14.58	-0.02193051376
14.59	-0.02336571229
14.6	-0.02477049905
14.61	-0.02614397549
14.62	-0.02748527565
14.63	-0.02879356661
14.64	-0.03006804889
14.65	-0.03130795683
14.66	-0.03251255895
14.67	-0.03368115829
14.68	-0.03481309266
14.69	-0.03590773494
14.7	-0.03696449327
14.71	-0.0379828113
14.72	-0.03896216831
14.73	-0.0399020794
14.74	-0.04080209552
14.75	-0.04166180365
14.76	-0.04248082677
14.77	-0.04325882389
14.78	-0.04399549009
14.79	-0.04469055643
14.8	-0.0453437899
14.81	-0.04595499331
14.82	-0.04652400518
14.83	-0.04705069959
14.84	-0.04753498598
14.85	-0.04797680896
14.86	-0.04837614807
14.87	-0.04873301751
14.88	-0.04904746585
14.89	-0.04931957573
14.9	-0.04954946353
14.91	-0.04973727897
14.92	-0.04988320476
14.93	-0.04998745617
14.94	-0.05005028059
14.95	-0.05007195711
14.96	-0.05005279599
14.97	-0.04999313817
14.98	-0.04989335481
14.99	-0.04975384665
15	-0.04957504353
15.01	-0.04935740377
15.02	-0.04910141356
15.03	-0.04880758639
15.04	-0.04847646236
15.05	-0.04810860759
15.06	-0.04770461349
15.07	-0.04726509611
15.08	-0.04679069546
15.09	-0.04628207475
15.1	-0.04573991974
15.11	-0.04516493791
15.12	-0.0445578578
15.13	-0.0439194282
15.14	-0.04325041738
15.15	-0.04255161236
15.16	-0.04182381804
15.17	-0.04106785649
15.18	-0.04028456607
15.19	-0.03947480069
15.2	-0.03863942893
15.21	-0.03777933326
15.22	-0.03689540918
15.23	-0.03598856443
15.24	-0.03505971811
15.25	-0.03410979988
15.26	-0.0331397491
15.27	-0.03215051399
15.28	-0.0311430508
15.29	-0.03011832297
15.3	-0.02907730028
15.31	-0.028020958
15.32	-0.02695027609
15.33	-0.02586623835
15.34	-0.02476983158
15.35	-0.02366204475
15.36	-0.02254386821
15.37	-0.02141629286
15.38	-0.02028030931
15.39	-0.01913690713
15.4	-0.01798707403
15.41	-0.01683179506
15.42	-0.01567205186
15.43	-0.01450882184
15.44	-0.0133430775
15.45	-0.01217578559
15.46	-0.01100790646
15.47	-0.00984039323
15.48	-0.008674191174
15.49	-0.007510236946
15.5	-0.006349457919
15.51	-0.005192771494
15.52	-0.004041084441
15.53	-0.002895292244
15.54	-0.001756278464
15.55	-0.0006249141168
15.56	0.0004979429342
15.57	0.00161144857
15.58	0.002714772993
15.59	0.003807101286
15.6	0.004887633953
15.61	0.005955587452
15.62	0.007010194696
15.63	0.008050705553
15.64	0.009076387314
15.65	0.01008652515
15.66	0.01108042256
15.67	0.01205740177
15.68	0.01301680415
15.69	0.01395799059
15.7	0.01488034189
15.71	0.01578325904
15.72	0.01666616362
15.73	0.01752849805
15.74	0.01836972592
15.75	0.01918933221
15.76	0.01998682358
15.77	0.02076172858
15.78	0.02151359785
15.79	0.02224200433
15.8	0.02294654342
15.81	0.02362683311
15.82	0.02428251414
15.83	0.0249132501
15.84	0.02551872751
15.85	0.02609865591
15.86	0.02665276789
15.87	0.02718081916
15.88	0.02768258852
15.89	0.02815787789
15.9	0.02860651226
15.91	0.02902833968
15.92	0.02942323117
15.93	0.02979108064
15.94	0.03013180484
15.95	0.03044534319
15.96	0.03073165767
15.97	0.03099073267
15.98	0.03122257486
15.99	0.03142721292
16	0.03160469744
16.01	0.03175510063
16.02	0.03187851614
16.03	0.03197505877
16.04	0.03204486424
16.05	0.03208808892
16.06	0.03210490949
16.07	0.03209552268
16.08	0.03206014493
16.09	0.03199901209
16.1	0.03191237901
16.11	0.03180051923
16.12	0.03166372462
16.13	0.03150230495
16.14	0.03131658753
16.15	0.03110691679
16.16	0.03087365387
16.17	0.0306171762
16.18	0.03033787705
16.19	0.03003616509
16.2	0.02971246393
16.21	0.02936721167
16.22	0.02900086043
16.23	0.02861387585
16.24	0.02820673662
16.25	0.02777993398
16.26	0.02733397122
16.27	0.02686936321
16.28	0.02638663583
16.29	0.02588632549
16.3	0.02536897861
16.31	0.02483515109
16.32	0.02428540779
16.33	0.023720322
16.34	0.02314047487
16.35	0.02254645495
16.36	0.02193885759
16.37	0.02131828442
16.38	0.02068534281
16.39	0.02004064536
16.4	0.01938480931
16.41	0.01871845603
16.42	0.0180422105
16.43	0.01735670074
16.44	0.01666255729
16.45	0.01596041267
16.46	0.01525090088
16.47	0.01453465682
16.48	0.01381231584
16.49	0.01308451314
16.5	0.0123518833
16.51	0.0116150598
16.52	0.01087467443
16.53	0.01013135687
16.54	0.009385734152
16.55	0.008638430185
16.56	0.007890065274
16.57	0.007141255643
16.58	0.006392612964
16.59	0.005644743903
16.6	0.004898249663
16.61	0.004153725538
16.62	0.003411760481
16.63	0.002672936673
16.64	0.001937829104
16.65	0.001207005167
16.66	0.0004810242522
16.67	-0.0002395626388
16.68	-0.0009542132762
16.69	-0.001662394572
16.7	-0.002363582938
16.71	-0.00305726464
16.72	-0.003742936132
16.73	-0.004420104385
16.74	-0.005088287206
16.75	-0.00574701354
16.76	-0.006395823766
16.77	-0.007034269979
16.78	-0.007661916258
16.79	-0.008278338929
16.8	-0.008883126806
16.81	-0.009475881431
16.82	-0.01005621729
16.83	-0.01062376203
16.84	-0.01117815666
16.85	-0.01171905571
16.86	-0.01224612743
16.87	-0.01275905396
16.88	-0.01325753145
16.89	-0.01374127018
16.9	-0.01420999475
16.91	-0.01466344412
16.92	-0.01510137176
16.93	-0.01552354567
16.94	-0.01592974854
16.95	-0.01631977772
16.96	-0.01669344534
16.97	-0.01705057831
16.98	-0.01739101832
16.99	-0.01771462192
17	-0.01802126045
17.01	-0.01831082006
17.02	-0.01858320166
17.03	-0.01883832094
17.04	-0.01907610825
17.05	-0.01929650858
17.06	-0.01949948146
17.07	-0.01968500094
17.08	-0.0198530554
17.09	-0.02000364754
17.1	-0.02013679419
17.11	-0.02025252623
17.12	-0.02035088843
17.13	-0.0204319393
17.14	-0.02049575098
17.15	-0.02054240898
17.16	-0.02057201212
17.17	-0.02058467223
17.18	-0.02058051404
17.19	-0.02055967493
17.2	-0.02052230476
17.21	-0.02046856557
17.22	-0.02039863146
17.23	-0.02031268825
17.24	-0.02021093331
17.25	-0.02009357526
17.26	-0.01996083374
17.27	-0.01981293913
17.28	-0.01965013228
17.29	-0.01947266423
17.3	-0.01928079594
17.31	-0.01907479796
17.32	-0.01885495018
17.33	-0.0186215415
17.34	-0.01837486954
17.35	-0.0181152403
17.36	-0.01784296788
17.37	-0.01755837415
17.38	-0.01726178841
17.39	-0.01695354708
17.4	-0.01663399337
17.41	-0.01630347692
17.42	-0.01596235352
17.43	-0.01561098472
17.44	-0.01524973751
17.45	-0.01487898399
17.46	-0.01449910099
17.47	-0.01411046979
17.48	-0.0137134757
17.49	-0.01330850777
17.5	-0.01289595843
17.51	-0.01247622312
17.52	-0.01204969999
17.53	-0.01161678952
17.54	-0.01117789417
17.55	-0.01073341808
17.56	-0.01028376668
17.57	-0.00982934639
17.58	-0.009370564257
17.59	-0.008907827625
17.6	-0.008441543807
17.61	-0.007972119749
17.62	-0.007499961708
17.63	-0.00702547492
17.64	-0.006549063286
17.65	-0.006071129052
17.66	-0.005592072495
17.67	-0.005112291613
17.68	-0.004632181822
17.69	-0.004152135654
17.7	-0.003672542462
17.71	-0.003193788129
17.72	-0.002716254781
17.73	-0.002240320508
17.74	-0.00176635909
17.75	-0.001294739723
17.76	-0.0008258267634
17.77	-0.0003599794636
17.78	0.0001024482752
17.79	0.0005611081492
17.8	0.00101565769
17.81	0.001465760495
17.82	0.001911086455
17.83	0.00235131197
17.84	0.00278612016
17.85	0.003215201071
17.86	0.003638251868
17.87	0.004054977028
17.88	0.004465088519
17.89	0.004868305976
17.9	0.005264356865
17.91	0.005652976648
17.92	0.006033908924
17.93	0.006406905583
17.94	0.006771726935
17.95	0.007128141838
17.96	0.007475927822
17.97	0.007814871194
17.98	0.008144767147
17.99	0.008465419854
18	0.008776642555
18.01	0.009078257634
18.02	0.009370096696
18.03	0.009652000626
18.04	0.009923819644
18.05	0.01018541336
18.06	0.01043665079
18.07	0.01067741043
18.08	0.01090758024
18.09	0.01112705766
18.1	0.01133574965
18.11	0.01153357267
18.12	0.01172045266
18.13	0.01189632505
18.14	0.01206113472
18.15	0.01221483596
18.16	0.01235739246
18.17	0.01248877726
18.18	0.01260897266
18.19	0.01271797022
18.2	0.01281577063
18.21	0.01290238369
18.22	0.01297782821
18.23	0.01304213189
18.24	0.0130953313
18.25	0.0131374717
18.26	0.01316860699
18.27	0.01318879958
18.28	0.01319812025
18.29	0.01319664808
18.3	0.01318447024
18.31	0.01316168193
18.32	0.01312838622
18.33	0.01308469385
18.34	0.01303072316
18.35	0.01296659987
18.36	0.01289245697
18.37	0.01280843449
18.38	0.0127146794
18.39	0.0126113454
18.4	0.01249859271
18.41	0.01237658798
18.42	0.01224550399
18.43	0.01210551955
18.44	0.01195681927
18.45	0.01179959336
18.46	0.01163403744
18.47	0.01146035233
18.48	0.01127874387
18.49	0.01108942268
18.5	0.01089260396
18.51	0.01068850731
18.52	0.01047735646
18.53	0.01025937911
18.54	0.01003480667
18.55	0.009803874082
18.56	0.009566819566
18.57	0.009323884423
18.58	0.009075312804
18.59	0.008821351494
18.6	0.008562249687
18.61	0.008298258769
18.62	0.00802963209
18.63	0.007756624749
18.64	0.007479493369
18.65	0.007198495876
18.66	0.006913891283
18.67	0.006625939467
18.68	0.006334900953
18.69	0.006041036698
18.7	0.005744607873
18.71	0.005445875652
18.72	0.005145100997
18.73	0.004842544451
18.74	0.004538465927
18.75	0.004233124503
18.76	0.00392677822
18.77	0.003619683877
18.78	0.003312096835
18.79	0.003004270821
18.8	0.002696457733
18.81	0.002388907452
18.82	0.002081867656
18.83	0.001775583632
18.84	0.001470298101
18.85	0.001166251039
18.86	0.0008636795023
18.87	0.0005628174617
18.88	0.0002638956347
18.89	-3.285867514e-05
18.9	-0.0003272217359
18.91	-0.0006189735403
18.92	-0.0009078979546
18.93	-0.001193782864
18.94	-0.001476420311
18.95	-0.001755606634
18.96	-0.002031142597
18.97	-0.002302833514
18.98	-0.002570489376
18.99	-0.002833924962
19	-0.003092959956
19.01	-0.003347419053
19.02	-0.003597132059
19.03	-0.003841933993
19.04	-0.004081665176
19.05	-0.004316171319
19.06	-0.004545303606
19.07	-0.004768918772
19.08	-0.004986879172
19.09	-0.005199052853
19.1	-0.00540531361
19.11	-0.005605541048
19.12	-0.005799620631
19.13	-0.005987443727
19.14	-0.006168907652
19.15	-0.006343915704
19.16	-0.006512377194
19.17	-0.006674207474
19.18	-0.006829327954
19.19	-0.006977666121
19.2	-0.007119155547
19.21	-0.007253735895
19.22	-0.007381352922
19.23	-0.007501958469
19.24	-0.007615510458
19.25	-0.007721972873
19.26	-0.007821315742
19.27	-0.007913515117
19.28	-0.007998553038
19.29	-0.008076417508
19.3	-0.008147102448
19.31	-0.008210607661
19.32	-0.00826693878
19.33	-0.008316107222
19.34	-0.008358130128
19.35	-0.008393030306
19.36	-0.008420836167
19.37	-0.008441581658
19.38	-0.008455306188
19.39	-0.008462054554
19.4	-0.008461876863
19.41	-0.008454828447
19.42	-0.008440969775
19.43	-0.008420366369
19.44	-0.008393088702
19.45	-0.00835921211
19.46	-0.008318816685
19.47	-0.008271987176
19.48	-0.008218812882
19.49	-0.008159387543
19.5	-0.008093809229
19.51	-0.008022180227
19.52	-0.007944606919
19.53	-0.007861199671
19.54	-0.007772072706
19.55	-0.00767734398
19.56	-0.007577135062
19.57	-0.007471571001
19.58	-0.007360780199
19.59	-0.007244894279
19.6	-0.007124047954
19.61	-0.006998378892
19.62	-0.006868027581
19.63	-0.00673313719
19.64	-0.006593853437
19.65	-0.006450324445
19.66	-0.006302700604
19.67	-0.006151134432
19.68	-0.005995780433
19.69	-0.005836794957
19.7	-0.005674336056
19.71	-0.005508563344
19.72	-0.005339637856
19.73	-0.005167721902
19.74	-0.004992978929
19.75	-0.004815573376
19.76	-0.004635670535
19.77	-0.00445343641
19.78	-0.004269037574
19.79	-0.004082641031
19.8	-0.003894414078
19.81	-0.003704524164
19.82	-0.003513138755
19.83	-0.003320425196
19.84	-0.00312655058
19.85	-0.002931681609
19.86	-0.002735984465
19.87	-0.002539624678
19.88	-0.002342766997
19.89	-0.002145575265
19.9	-0.001948212288
19.91	-0.001750839715
19.92	-0.001553617915
19.93	-0.001356705855
19.94	-0.001160260987
19.95	-0.000964439125
19.96	-0.000769394339
19.97	-0.0005752788385
19.98	-0.0003822428658
19.99	-0.0001904345893
20	-1.478963641e-17
20.01	0.0001889171903
20.02	0.0003761756471
20.03	0.0005616365091
20.04	0.0007451634815
20.05	0.000926622926
20.06	0.001105883948
20.07	0.001282818482
20.08	0.001457301372
20.09	0.001629210449
20.1	0.00179842661
20.11	0.001964833886
20.12	0.002128319515
20.13	0.002288774005
20.14	0.002446091199
20.15	0.002600168333
20.16	0.002750906093
20.17	0.002898208669
20.18	0.003041983805
20.19	0.003182142842
20.2	0.003318600768
20.21	0.003451276251
20.22	0.003580091681
20.23	0.003704973199
20.24	0.003825850733
20.25	0.003942658016
20.26	0.00405533262
20.27	0.004163815967
20.28	0.004268053351
20.29	0.004367993949
20.3	0.004463590835
20.31	0.004554800981
20.32	0.004641585269
20.33	0.004723908483
20.34	0.004801739312
20.35	0.004875050343
20.36	0.004943818052
20.37	0.005008022793
20.38	0.005067648781
20.39	0.005122684077
20.4	0.005173120562
20.41	0.00521895392
20.42	0.005260183607
20.43	0.005296812821
20.44	0.005328848471
20.45	0.005356301142
20.46	0.005379185057
20.47	0.005397518035
20.48	0.005411321449
20.49	0.005420620182
20.5	0.005425442575
20.51	0.00542582038
20.52	0.005421788705
20.53	0.005413385959
20.54	0.005400653795
20.55	0.00538363705
20.56	0.005362383685
20.57	0.005336944718
20.58	0.005307374159
20.59	0.005273728945
20.6	0.005236068867
20.61	0.0051944565
20.62	0.005148957132
20.63	0.005099638686
20.64	0.005046571645
20.65	0.004989828977
20.66	0.00492948605
20.67	0.004865620559
20.68	0.004798312439
20.69	0.004727643784
20.7	0.004653698762
20.71	0.004576563534
20.72	0.004496326163
20.73	0.00441307653
20.74	0.004326906246
20.75	0.004237908566
20.76	0.004146178296
20.77	0.004051811705
20.78	0.003954906439
20.79	0.003855561425
20.8	0.003753876785
20.81	0.003649953742
20.82	0.003543894531
20.83	0.003435802307
20.84	0.003325781054
20.85	0.003213935494
20.86	0.003100370996
20.87	0.002985193486
20.88	0.002868509357
20.89	0.002750425375
20.9	0.002631048594
20.91	0.002510486265
20.92	0.002388845746
20.93	0.002266234416
20.94	0.002142759588
20.95	0.002018528419
20.96	0.001893647828
20.97	0.001768224408
20.98	0.001642364346
20.99	0.001516173334
21	0.001389756493
21.01	0.00126321829
21.02	0.001136662457
21.03	0.001010191915
21.04	0.0008839086934
21.05	0.000757913859
21.06	0.0006323074378
21.07	0.0005071883437
21.08	0.0003826543064
21.09	0.0002588018021
21.1	0.0001357259844
21.11	1.352061819e-05
21.12	-0.0001077219857
21.13	-0.0002279110341
21.14	-0.0003469573125
21.15	-0.0004647732457
21.16	-0.0005812729553
21.17	-0.0006963723163
21.18	-0.0008099890112
21.19	-0.0009220425825
21.2	-0.001032454483
21.21	-0.001141148125
21.22	-0.001248048927
21.23	-0.001353084357
21.24	-0.001456183975
21.25	-0.001557279477
21.26	-0.001656304728
21.27	-0.001753195803
21.28	-0.001847891019
21.29	-0.001940330969
21.3	-0.002030458549
21.31	-0.002118218989
21.32	-0.002203559878
21.33	-0.002286431187
21.34	-0.002366785291
21.35	-0.002444576991
21.36	-0.002519763526
21.37	-0.002592304594
21.38	-0.00266216236
21.39	-0.002729301473
21.4	-0.002793689069
21.41	-0.002855294782
21.42	-0.002914090745
21.43	-0.002970051597
21.44	-0.003023154481
21.45	-0.003073379044
21.46	-0.00312070743
21.47	-0.003165124281
21.48	-0.003206616723
21.49	-0.003245174361
21.5	-0.003280789266
21.51	-0.003313455962
21.52	-0.003343171411
21.53	-0.003369934996
21.54	-0.003393748502
21.55	-0.003414616096
21.56	-0.003432544305
21.57	-0.003447541988
21.58	-0.003459620318
21.59	-0.003468792746
21.6	-0.003475074978
21.61	-0.003478484941
21.62	-0.003479042752
21.63	-0.003476770684
21.64	-0.003471693132
21.65	-0.003463836573
21.66	-0.003453229531
21.67	-0.003439902537
21.68	-0.003423888086
21.69	-0.003405220599
21.7	-0.003383936375
21.71	-0.00336007355
21.72	-0.003333672051
21.73	-0.003304773547
21.74	-0.003273421404
21.75	-0.003239660635
21.76	-0.00320353785
21.77	-0.003165101207
21.78	-0.003124400357
21.79	-0.003081486396
21.8	-0.003036411811
21.81	-0.002989230424
21.82	-0.00293999734
21.83	-0.002888768889
21.84	-0.002835602577
21.85	-0.002780557021
21.86	-0.0027236919
21.87	-0.002665067894
21.88	-0.002604746628
21.89	-0.002542790615
21.9	-0.002479263197
21.91	-0.002414228487
21.92	-0.002347751314
21.93	-0.002279897157
21.94	-0.002210732096
21.95	-0.002140322747
21.96	-0.002068736205
21.97	-0.00199603999
21.98	-0.00192230198
21.99	-0.001847590363
22	-0.001771973571
22.01	-0.001695520229
22.02	-0.00161829909
22.03	-0.001540378987
22.04	-0.001461828771
22.05	-0.001382717255
22.06	-0.001303113161
22.07	-0.001223085062
22.08	-0.00114270133
22.09	-0.00106203008
22.1	-0.0009811391203
22.11	-0.0009000958941
22.12	-0.0008189674325
22.13	-0.0007378203017
22.14	-0.0006567205524
22.15	-0.0005757336705
22.16	-0.0004949245285
22.17	-0.0004143573378
22.18	-0.0003340956014
22.19	-0.0002542020685
22.2	-0.0001747386889
22.21	-9.576656984e-05
22.22	-1.734593247e-05
22.23	6.046392973e-05
22.24	0.0001376046918
22.25	0.0002140190368
22.26	0.0002896506946
22.27	0.0003644444789
22.28	0.0004383463239
22.29	0.0005113033186
22.3	0.0005832637411
22.31	0.0006541770911
22.32	0.0007239941208
22.33	0.0007926668653
22.34	0.0008601486712
22.35	0.0009263942241
22.36	0.0009913595746
22.37	0.001055002163
22.38	0.001117280843
22.39	0.001178155905
22.4	0.001237589093
22.41	0.00129554363
22.42	0.001351984231
22.43	0.001406877122
22.44	0.001460190054
22.45	0.001511892321
22.46	0.001561954768
22.47	0.001610349802
22.48	0.001657051408
22.49	0.001702035151
22.5	0.001745278187
22.51	0.001786759266
22.52	0.00182645874
22.53	0.001864358563
22.54	0.001900442297
22.55	0.001934695107
22.56	0.001967103764
22.57	0.001997656643
22.58	0.002026343718
22.59	0.002053156558
22.6	0.002078088321
22.61	0.002101133749
22.62	0.002122289155
22.63	0.00214155242
22.64	0.002158922975
22.65	0.002174401794
22.66	0.00218799138
22.67	0.002199695751
22.68	0.002209520422
22.69	0.002217472392
22.7	0.002223560125
22.71	0.002227793531
22.72	0.002230183948
22.73	0.002230744119
22.74	0.002229488173
22.75	0.002226431601
22.76	0.002221591233
22.77	0.002214985213
22.78	0.002206632975
22.79	0.002196555217
22.8	0.002184773871
22.81	0.00217131208
22.82	0.002156194166
22.83	0.002139445605
22.84	0.002121092989
22.85	0.002101164007
22.86	0.002079687403
22.87	0.00205669295
22.88	0.002032211417
22.89	0.002006274536
22.9	0.001978914968
22.91	0.001950166267
22.92	0.00192006285
22.93	0.00188863996
22.94	0.001855933629
22.95	0.001821980647
22.96	0.00178681852
22.97	0.001750485439
22.98	0.001713020243
22.99	0.001674462377
23	0.001634851864
23.01	0.001594229258
23.02	0.001552635616
23.03	0.001510112455
23.04	0.001466701714
23.05	0.001422445722
23.06	0.001377387155
23.07	0.001331569001
23.08	0.001285034523
23.09	0.001237827222
23.1	0.001189990796
23.11	0.001141569108
23.12	0.001092606146
23.13	0.001043145987
23.14	0.0009932327608
23.15	0.0009429106138
23.16	0.0008922236722
23.17	0.0008412160072
23.18	0.0007899315991
23.19	0.0007384143026
23.2	0.0006867078121
23.21	0.0006348556275
23.22	0.0005829010205
23.23	0.0005308870009
23.24	0.0004788562844
23.25	0.0004268512597
23.26	0.0003749139568
23.27	0.000323086016
23.28	0.000271408657
23.29	0.0002199226485
23.3	0.0001686682792
23.31	0.0001176853285
23.32	6.70130386e-05
23.33	1.669008654e-05
23.34	-3.324544247e-05
23.35	-8.275608133e-05
23.36	-0.0001318050065
23.37	-0.0001803560629
23.38	-0.0002283737879
23.39	-0.0002758234344
23.4	-0.0003226709937
23.41	-0.0003688832169
23.42	-0.0004144276362
23.43	-0.0004592725847
23.44	-0.0005033872159
23.45	-0.0005467415223
23.46	-0.0005893063528
23.47	-0.0006310534299
23.48	-0.0006719553656
23.49	-0.0007119856762
23.5	-0.0007511187973
23.51	-0.0007893300963
23.52	-0.0008265958861
23.53	-0.0008628934359
23.54	-0.0008982009822
23.55	-0.0009324977394
23.56	-0.000965763908
23.57	-0.0009979806833
23.58	-0.001029130263
23.59	-0.001059195853
23.6	-0.001088161673
23.61	-0.001116012963
23.62	-0.001142735984
23.63	-0.001168318024
23.64	-0.001192747398
23.65	-0.001216013451
23.66	-0.001238106558
23.67	-0.001259018122
23.68	-0.001278740575
23.69	-0.001297267374
23.7	-0.001314593001
23.71	-0.001330712956
23.72	-0.001345623754
23.73	-0.001359322921
23.74	-0.001371808985
23.75	-0.001383081472
23.76	-0.001393140898
23.77	-0.001401988758
23.78	-0.001409627521
23.79	-0.001416060617
23.8	-0.001421292429
23.81	-0.001425328279
23.82	-0.00142817442
23.83	-0.00142983802
23.84	-0.00143032715
23.85	-0.001429650772
23.86	-0.001427818722
23.87	-0.001424841695
23.88	-0.001420731233
23.89	-0.001415499706
23.9	-0.001409160294
23.91	-0.001401726975
23.92	-0.001393214501
23.93	-0.001383638384
23.94	-0.001373014877
23.95	-0.001361360952
23.96	-0.001348694286
23.97	-0.001335033233
23.98	-0.001320396813
23.99	-0.001304804684
24	-0.001288277124
24.01	-0.001270835008
24.02	-0.00125249979
24.03	-0.001233293476
24.04	-0.001213238606
24.05	-0.001192358227
24.06	-0.001170675875
24.07	-0.00114821555
24.08	-0.00112500169
24.09	-0.001101059153
24.1	-0.00107641319
24.11	-0.00105108942
24.12	-0.001025113812
24.13	-0.0009985126538
24.14	-0.0009713125343
24.15	-0.000943540316
24.16	-0.0009152231119
24.17	-0.0008863882619
24.18	-0.0008570633081
24.19	-0.0008272759715
24.2	-0.0007970541276
24.21	-0.0007664257826
24.22	-0.0007354190497
24.23	-0.0007040621254
24.24	-0.0006723832661
24.25	-0.0006404107641
24.26	-0.0006081729252
24.27	-0.0005756980448
24.28	-0.0005430143856
24.29	-0.0005101501544
24.3	-0.0004771334802
24.31	-0.0004439923913
24.32	-0.000410754794
24.33	-0.0003774484506
24.34	-0.0003441009579
24.35	-0.0003107397262
24.36	-0.0002773919588
24.37	-0.0002440846309
24.38	-0.0002108444702
24.39	-0.000177697937
24.4	-0.0001446712043
24.41	-0.0001117901397
24.42	-7.908028615e-05
24.43	-4.656684404e-05
24.44	-1.427465348e-05
24.45	1.777182303e-05
24.46	4.954851745e-05
24.47	8.103177265e-05
24.48	0.0001121983583
24.49	0.0001430254863
24.5	0.0001734908259
24.51	0.000203572518
24.52	0.0002332491893
24.53	0.0002624999658
24.54	0.0002913044856
24.55	0.0003196429115
24.56	0.0003474959429
24.57	0.0003748448272
24.58	0.0004016713707
24.59	0.0004279579487
24.6	0.0004536875157
24.61	0.0004788436142
24.62	0.0005034103836
24.63	0.0005273725684
24.64	0.0005507155256
24.65	0.0005734252316
24.66	0.0005954882891
24.67	0.0006168919326
24.68	0.0006376240338
24.69	0.0006576731064
24.7	0.0006770283104
24.71	0.0006956794557
24.72	0.0007136170052
24.73	0.0007308320771
24.74	0.0007473164475
24.75	0.0007630625512
24.76	0.0007780634827
24.77	0.0007923129971
24.78	0.0008058055093
24.79	0.0008185360934
24.8	0.0008305004816
24.81	0.0008416950625
24.82	0.0008521168785
24.83	0.0008617636231
24.84	0.0008706336378
24.85	0.000878725908
24.86	0.0008860400589
24.87	0.0008925763506
24.88	0.0008983356728
24.89	0.0009033195392
24.9	0.0009075300811
24.91	0.0009109700409
24.92	0.000913642765
24.93	0.0009155521961
24.94	0.0009167028656
24.95	0.0009170998849
24.96	0.0009167489366
24.97	0.0009156562657
24.98	0.0009138286697
24.99	0.0009112734886
25	0.0009079985952
25.01	0.0009040123839
25.02	0.0008993237597
25.03	0.0008939421273
25.04	0.0008878773792
25.05	0.0008811398841
25.06	0.0008737404739
25.07	0.0008656904324
25.08	0.0008570014813
25.09	0.0008476857682
25.1	0.0008377558527
25.11	0.0008272246932
25.12	0.0008161056331
25.13	0.0008044123871
25.14	0.0007921590266
25.15	0.0007793599661
25.16	0.0007660299482
25.17	0.0007521840293
25.18	0.000737837565
25.19	0.0007230061947
25.2	0.0007077058272
25.21	0.0006919526254
25.22	0.0006757629912
25.23	0.0006591535502
25.24	0.0006421411364
25.25	0.0006247427772
25.26	0.0006069756773
25.27	0.0005888572043
25.28	0.0005704048724
25.29	0.0005516363275
25.3	0.0005325693317
25.31	0.000513221748
25.32	0.0004936115249
25.33	0.0004737566811
25.34	0.0004536752905
25.35	0.000433385467
25.36	0.0004129053493
25.37	0.0003922530863
25.38	0.0003714468218
25.39	0.0003505046805
25.4	0.0003294447527
25.41	0.0003082850802
25.42	0.0002870436424
25.43	0.0002657383415
25.44	0.0002443869891
25.45	0.0002230072921
25.46	0.0002016168396
25.47	0.0001802330889
25.48	0.0001588733532
25.49	0.0001375547879
25.5	0.0001162943784
25.51	9.510892751e-05
25.52	7.401504334e-05
25.53	5.302912722e-05
25.54	3.216736213e-05
25.55	1.14457013e-05
25.56	-9.120142969e-06
25.57	-2.95147101e-05
25.58	-4.972280181e-05
25.59	-6.972949236e-05
25.6	-8.952013851e-05
25.61	-0.0001090803891
25.62	-0.0001283961946
25.63	-0.0001474538157
25.64	-0.0001662398325
25.65	-0.0001847411523
25.66	-0.0002029450183
25.67	-0.0002208390167
25.68	-0.0002384110842
25.69	-0.0002556495153
25.7	-0.0002725429685
25.71	-0.000289080473
25.72	-0.0003052514345
25.73	-0.0003210456406
25.74	-0.0003364532664
25.75	-0.0003514648792
25.76	-0.0003660714432
25.77	-0.0003802643233
25.78	-0.0003940352894
25.79	-0.0004073765196
25.8	-0.000420280603
25.81	-0.0004327405433
25.82	-0.0004447497603
25.83	-0.0004563020924
25.84	-0.0004673917979
25.85	-0.0004780135571
25.86	-0.0004881624721
25.87	-0.0004978340684
25.88	-0.0005070242949
25.89	-0.0005157295233
25.9	-0.0005239465485
25.91	-0.0005316725872
25.92	-0.000538905277
25.93	-0.0005456426752
25.94	-0.0005518832565
25.95	-0.0005576259117
25.96	-0.0005628699442
25.97	-0.0005676150685
25.98	-0.0005718614062
25.99	-0.0005756094831
26	-0.0005788602254
26.01	-0.000581614956
26.02	-0.0005838753899
26.03	-0.0005856436298
26.04	-0.0005869221617
26.05	-0.0005877138493
26.06	-0.0005880219287
26.07	-0.0005878500033
26.08	-0.0005872020373
26.09	-0.0005860823502
26.1	-0.0005844956099
26.11	-0.0005824468267
26.12	-0.000579941346
26.13	-0.0005769848416
26.14	-0.0005735833084
26.15	-0.0005697430548
26.16	-0.0005654706955
26.17	-0.0005607731431
26.18	-0.0005556576007
26.19	-0.0005501315533
26.2	-0.0005442027598
26.21	-0.0005378792442
26.22	-0.0005311692872
26.23	-0.0005240814173
26.24	-0.0005166244021
26.25	-0.000508807239
26.26	-0.0005006391463
26.27	-0.0004921295537
26.28	-0.0004832880933
26.29	-0.0004741245898
26.3	-0.0004646490511
26.31	-0.0004548716591
26.32	-0.0004448027594
26.33	-0.000434452852
26.34	-0.0004238325815
26.35	-0.0004129527272
26.36	-0.0004018241933
26.37	-0.0003904579991
26.38	-0.0003788652693
26.39	-0.0003670572235
26.4	-0.0003550451672
26.41	-0.0003428404812
26.42	-0.0003304546123
26.43	-0.0003178990631
26.44	-0.0003051853823
26.45	-0.000292325155
26.46	-0.0002793299932
26.47	-0.0002662115258
26.48	-0.0002529813891
26.49	-0.0002396512176
26.5	-0.0002262326342
26.51	-0.0002127372409
26.52	-0.0001991766099
26.53	-0.0001855622739
26.54	-0.0001719057174
26.55	-0.0001582183678
26.56	-0.0001445115864
26.57	-0.0001307966596
26.58	-0.0001170847906
26.59	-0.000103387091
26.6	-8.971457201e-05
26.61	-7.6078137e-05
26.62	-6.248857295e-05
26.63	-4.895654287e-05
26.64	-3.54925781e-05
26.65	-2.210707078e-05
26.66	-8.810266501e-06
26.67	4.387742784e-06
26.68	1.747702579e-05
26.69	3.044781866e-05
26.7	4.329053158e-05
26.71	5.599575513e-05
26.72	6.855426657e-05
26.73	8.095703576e-05
26.74	9.319523102e-05
26.75	0.0001052602247
26.76	0.0001171435985
26.77	0.0001288371488
26.78	0.0001403328914
26.79	0.0001516230664
26.8	0.0001627001428
26.81	0.0001735568224
26.82	0.0001841860445
26.83	0.0001945809891
26.84	0.0002047350808
26.85	0.0002146419925
26.86	0.0002242956479
26.87	0.000233690225
26.88	0.0002428201585
26.89	0.0002516801425
26.9	0.0002602651324
26.91	0.0002685703474
26.92	0.0002765912718
26.93	0.0002843236568
26.94	0.0002917635218
26.95	0.0002989071555
26.96	0.0003057511167
26.97	0.0003122922351
26.98	0.0003185276115
26.99	0.0003244546182
27	0.0003300708987
27.01	0.0003353743679
27.02	0.0003403632111
27.03	0.0003450358837
27.04	0.0003493911101
27.05	0.0003534278829
27.06	0.000357145461
27.07	0.0003605433687
27.08	0.0003636213936
27.09	0.0003663795848
27.1	0.0003688182508
27.11	0.000370937957
27.12	0.0003727395235
27.13	0.0003742240221
27.14	0.0003753927736
27.15	0.0003762473449
27.16	0.0003767895451
27.17	0.0003770214232
27.18	0.0003769452633
27.19	0.0003765635818
27.2	0.0003758791231
27.21	0.0003748948556
27.22	0.0003736139676
27.23	0.0003720398628
27.24	0.0003701761561
27.25	0.0003680266684
27.26	0.0003655954227
27.27	0.0003628866384
27.28	0.0003599047269
27.29	0.0003566542863
27.3	0.0003531400959
27.31	0.0003493671113
27.32	0.0003453404588
27.33	0.0003410654297
27.34	0.0003365474751
27.35	0.0003317921997
27.36	0.0003268053564
27.37	0.0003215928404
27.38	0.0003161606831
27.39	0.0003105150462
27.4	0.0003046622158
27.41	0.0002986085959
27.42	0.0002923607029
27.43	0.0002859251588
27.44	0.0002793086854
27.45	0.0002725180977
27.46	0.000265560298
27.47	0.0002584422692
27.48	0.0002511710688
27.49	0.0002437538225
27.5	0.0002361977177
27.51	0.0002285099974
27.52	0.0002206979538
27.53	0.0002127689219
27.54	0.0002047302731
27.55	0.0001965894095
27.56	0.0001883537569
27.57	0.000180030759
27.58	0.0001716278711
27.59	0.0001631525541
27.6	0.000154612268
27.61	0.0001460144665
27.62	0.0001373665903
27.63	0.0001286760617
27.64	0.0001199502782
27.65	0.0001111966074
27.66	0.0001024223805
27.67	9.363488707e-05
27.68	8.484136951e-05
27.69	7.604901725e-05
27.7	6.726496154e-05
27.71	5.849627006e-05
27.72	4.97499417e-05
27.73	4.103290143e-05
27.74	3.235199523e-05
27.75	2.371398523e-05
27.76	1.512554478e-05
27.77	6.593253863e-06
27.78	-1.876405614e-06
27.79	-1.027705424e-05
27.8	-1.860241948e-05
27.81	-2.684633992e-05
27.82	-3.500276939e-05
27.83	-4.306578095e-05
27.84	-5.102957075e-05
27.85	-5.888846176e-05
27.86	-6.66369074e-05
27.87	-7.426949494e-05
27.88	-8.178094892e-05
27.89	-8.916613425e-05
27.9	-9.642005933e-05
27.91	-0.0001035378789
27.92	-0.0001105148969
27.93	-0.0001173465691
27.94	-0.0001240285052
27.95	-0.0001305564719
27.96	-0.0001369263943
27.97	-0.0001431343587
27.98	-0.0001491766139
27.99	-0.0001550495731
28	-0.0001607498157
28.01	-0.0001662740886
28.02	-0.0001716193074
28.03	-0.000176782558
28.04	-0.000181761097
28.05	-0.000186552353
28.06	-0.0001911539271
28.07	-0.0001955635938
28.08	-0.0001997793008
28.09	-0.00020379917
28.1	-0.0002076214972
28.11	-0.0002112447522
28.12	-0.0002146675786
28.13	-0.0002178887938
28.14	-0.000220907388
28.15	-0.0002237225244
28.16	-0.0002263335379
28.17	-0.0002287399344
28.18	-0.00023094139
28.19	-0.0002329377499
28.2	-0.000234729027
28.21	-0.0002363154005
28.22	-0.000237697215
28.23	-0.0002388749781
28.24	-0.0002398493592
28.25	-0.0002406211876
28.26	-0.0002411914504
28.27	-0.0002415612905
28.28	-0.0002417320046
28.29	-0.0002417050407
28.3	-0.0002414819958
28.31	-0.0002410646135
28.32	-0.0002404547811
28.33	-0.0002396545275
28.34	-0.0002386660198
28.35	-0.0002374915609
28.36	-0.0002361335862
28.37	-0.0002345946609
28.38	-0.0002328774766
28.39	-0.0002309848482
28.4	-0.0002289197108
28.41	-0.0002266851161
28.42	-0.0002242842291
28.43	-0.0002217203247
28.44	-0.000218996784
28.45	-0.000216117091
28.46	-0.0002130848285
28.47	-0.0002099036748
28.48	-0.0002065773998
28.49	-0.0002031098612
28.5	-0.0001995050007
28.51	-0.0001957668401
28.52	-0.0001918994774
28.53	-0.000187907083
28.54	-0.0001837938953
28.55	-0.0001795642174
28.56	-0.0001752224125
28.57	-0.0001707729001
28.58	-0.0001662201521
28.59	-0.0001615686885
28.6	-0.0001568230733
28.61	-0.000151987911
28.62	-0.0001470678418
28.63	-0.0001420675379
28.64	-0.0001369916996
28.65	-0.000131845051
28.66	-0.0001266323361
28.67	-0.0001213583146
28.68	-0.0001160277583
28.69	-0.0001106454467
28.7	-0.0001052161634
28.71	-9.974469187e-05
28.72	-9.423581191e-05
28.73	-8.869429546e-05
28.74	-8.312490302e-05
28.75	-7.753237977e-05
28.76	-7.192145187e-05
28.77	-6.629682278e-05
28.78	-6.066316959e-05
28.79	-5.502513947e-05
28.8	-4.938734611e-05
28.81	-4.375436623e-05
28.82	-3.813073619e-05
28.83	-3.252094862e-05
28.84	-2.692944908e-05
28.85	-2.136063288e-05
28.86	-1.581884188e-05
28.87	-1.030836139e-05
28.88	-4.83341715e-06
28.89	6.018276282e-07
28.9	5.993275151e-06
28.91	1.133689584e-05
28.92	1.662873108e-05
28.93	2.186489584e-05
28.94	2.704158126e-05
28.95	3.215505714e-05
28.96	3.720167433e-05
28.97	4.217786707e-05
28.98	4.708015517e-05
28.99	5.190514623e-05
29	5.664953765e-05
29.01	6.131011858e-05
29.02	6.588377183e-05
29.03	7.036747566e-05
29.04	7.475830543e-05
29.05	7.905343526e-05
29.06	8.325013949e-05
29.07	8.734579411e-05
29.08	9.13378781e-05
29.09	9.522397461e-05
29.1	9.900177216e-05
29.11	0.0001026690656
29.12	0.0001062237572
29.13	0.0001096638572
29.14	0.0001129874849
29.15	0.0001161928692
29.16	0.000119278349
29.17	0.000122242374
29.18	0.0001250835047
29.19	0.000127800413
29.2	0.0001303918822
29.21	0.0001328568073
29.22	0.0001351941946
29.23	0.0001374031623
29.24	0.0001394829395
29.25	0.0001414328666
29.26	0.0001432523948
29.27	0.0001449410852
29.28	0.0001464986091
29.29	0.0001479247466
29.3	0.0001492193864
29.31	0.000150382525
29.32	0.0001514142654
29.33	0.0001523148168
29.34	0.0001530844932
29.35	0.0001537237123
29.36	0.0001542329944
29.37	0.0001546129613
29.38	0.0001548643348
29.39	0.0001549879355
29.4	0.000154984681
29.41	0.0001548555847
29.42	0.0001546017543
29.43	0.0001542243897
29.44	0.0001537247818
29.45	0.0001531043104
29.46	0.0001523644424
29.47	0.00015150673
29.48	0.0001505328088
29.49	0.0001494443958
29.5	0.0001482432871
29.51	0.0001469313561
29.52	0.0001455105514
29.53	0.0001439828944
29.54	0.0001423504771
29.55	0.00014061546
29.56	0.0001387800696
29.57	0.0001368465964
29.58	0.0001348173921
29.59	0.0001326948674
29.6	0.0001304814898
29.61	0.0001281797806
29.62	0.000125792313
29.63	0.0001233217094
29.64	0.0001207706384
29.65	0.0001181418133
29.66	0.0001154379883
29.67	0.000112661957
29.68	0.0001098165493
29.69	0.0001069046287
29.7	0.0001039290901
29.71	0.000100892857
29.72	9.779887877e-05
29.73	9.465012824e-05
29.74	9.144959904e-05
29.75	8.820030299e-05
29.76	8.490526753e-05
29.77	8.15675331e-05
29.78	7.81901506e-05
29.79	7.477617884e-05
29.8	7.132868193e-05
29.81	6.785072684e-05
29.82	6.43453808e-05
29.83	6.081570885e-05
29.84	5.72647714e-05
29.85	5.369562169e-05
29.86	5.011130346e-05
29.87	4.651484851e-05
29.88	4.290927432e-05
29.89	3.929758177e-05
29.9	3.568275275e-05
29.91	3.206774798e-05
29.92	2.84555047e-05
29.93	2.484893452e-05
29.94	2.125092125e-05
29.95	1.766431874e-05
29.96	1.409194888e-05
29.97	1.053659947e-05
29.98	7.001022297e-06
29.99	3.48793117e-06
30	8.42895005e-19
