temps	angle
0	0
0.01	0.8760421542
0.02	1.744538851
0.03	2.604990002
0.04	3.456904692
0.05	4.299801424
0.06	5.133208356
0.07	5.956663526
0.08	6.769715072
0.09	7.571921443
0.1	8.362851602
0.11	9.142085221
0.12	9.909212865
0.13	10.66383617
0.14	11.40556801
0.15	12.13403267
0.16	12.84886597
0.17	13.54971543
0.18	14.23624041
0.19	14.90811221
0.2	15.5650142
0.21	16.20664195
0.22	16.83270328
0.23	17.44291841
0.24	18.03701997
0.25	18.61475315
0.26	19.17587572
0.27	19.72015808
0.28	20.24738334
0.29	20.75734732
0.3	21.24985864
0.31	21.72473865
0.32	22.18182154
0.33	22.62095427
0.34	23.04199663
0.35	23.44482116
0.36	23.82931319
0.37	24.1953708
0.38	24.54290473
0.39	24.87183843
0.4	25.18210791
0.41	25.47366178
0.42	25.74646109
0.43	26.00047931
0.44	26.23570224
0.45	26.45212792
0.46	26.64976652
0.47	26.82864026
0.48	26.98878328
0.49	27.13024152
0.5	27.25307262
0.51	27.35734578
0.52	27.44314161
0.53	27.51055198
0.54	27.55967993
0.55	27.59063943
0.56	27.60355528
0.57	27.59856293
0.58	27.57580829
0.59	27.53544756
0.6	27.47764707
0.61	27.40258307
0.62	27.31044153
0.63	27.20141795
0.64	27.07571719
0.65	26.93355321
0.66	26.77514888
0.67	26.6007358
0.68	26.41055402
0.69	26.20485186
0.7	25.98388567
0.71	25.74791962
0.72	25.49722543
0.73	25.23208216
0.74	24.95277597
0.75	24.65959987
0.76	24.35285349
0.77	24.03284282
0.78	23.69987997
0.79	23.35428291
0.8	22.99637525
0.81	22.62648593
0.82	22.24494902
0.83	21.85210344
0.84	21.44829268
0.85	21.0338646
0.86	20.60917112
0.87	20.17456796
0.88	19.73041444
0.89	19.27707314
0.9	18.81490969
0.91	18.34429251
0.92	17.86559251
0.93	17.37918288
0.94	16.8854388
0.95	16.3847372
0.96	15.87745648
0.97	15.36397629
0.98	14.84467723
0.99	14.31994064
1	13.79014831
1.01	13.25568227
1.02	12.7169245
1.03	12.17425673
1.04	11.62806015
1.05	11.07871518
1.06	10.52660128
1.07	9.97209662
1.08	9.415577943
1.09	8.857420265
1.1	8.29799668
1.11	7.737678121
1.12	7.176833147
1.13	6.615827716
1.14	6.055024976
1.15	5.49478505
1.16	4.935464829
1.17	4.377417765
1.18	3.820993676
1.19	3.266538542
1.2	2.714394318
1.21	2.164898744
1.22	1.61838516
1.23	1.075182325
1.24	0.5356142457
1.25	2.599750409e-15
1.26	-0.5313464257
1.27	-1.0581163
1.28	-1.580006304
1.29	-2.096718683
1.3	-2.607961394
1.31	-3.113448251
1.32	-3.612899058
1.33	-4.106039749
1.34	-4.592602508
1.35	-5.072325899
1.36	-5.54495498
1.37	-6.010241416
1.38	-6.467943587
1.39	-6.917826691
1.4	-7.359662839
1.41	-7.793231151
1.42	-8.218317838
1.43	-8.634716286
1.44	-9.042227131
1.45	-9.440658333
1.46	-9.829825234
1.47	-10.20955063
1.48	-10.57966481
1.49	-10.94000562
1.5	-11.29041851
1.51	-11.63075655
1.52	-11.96088049
1.53	-12.28065877
1.54	-12.58996757
1.55	-12.88869078
1.56	-13.17672006
1.57	-13.45395485
1.58	-13.72030232
1.59	-13.97567741
1.6	-14.22000284
1.61	-14.45320905
1.62	-14.67523421
1.63	-14.8860242
1.64	-15.08553257
1.65	-15.27372053
1.66	-15.45055688
1.67	-15.61601803
1.68	-15.77008787
1.69	-15.91275779
1.7	-16.0440266
1.71	-16.16390047
1.72	-16.27239288
1.73	-16.36952453
1.74	-16.45532329
1.75	-16.52982412
1.76	-16.59306898
1.77	-16.64510678
1.78	-16.68599324
1.79	-16.71579085
1.8	-16.73456874
1.81	-16.7424026
1.82	-16.73937458
1.83	-16.72557319
1.84	-16.70109317
1.85	-16.66603541
1.86	-16.62050679
1.87	-16.56462012
1.88	-16.49849398
1.89	-16.42225261
1.9	-16.3360258
1.91	-16.23994872
1.92	-16.13416183
1.93	-16.01881075
1.94	-15.89404608
1.95	-15.76002332
1.96	-15.61690267
1.97	-15.46484896
1.98	-15.30403144
1.99	-15.13462367
2	-14.95680337
2.01	-14.77075229
2.02	-14.57665601
2.03	-14.37470383
2.04	-14.16508862
2.05	-13.94800665
2.06	-13.72365744
2.07	-13.49224361
2.08	-13.25397071
2.09	-13.00904711
2.1	-12.75768377
2.11	-12.50009415
2.12	-12.23649402
2.13	-11.96710129
2.14	-11.69213589
2.15	-11.41181959
2.16	-11.12637584
2.17	-10.83602961
2.18	-10.54100726
2.19	-10.24153633
2.2	-9.937845462
2.21	-9.630164155
2.22	-9.318722674
2.23	-9.003751873
2.24	-8.685483041
2.25	-8.364147751
2.26	-8.03997771
2.27	-7.713204608
2.28	-7.384059966
2.29	-7.052774991
2.3	-6.719580428
2.31	-6.384706416
2.32	-6.048382342
2.33	-5.710836701
2.34	-5.372296957
2.35	-5.032989401
2.36	-4.693139016
2.37	-4.352969343
2.38	-4.012702349
2.39	-3.672558293
2.4	-3.332755601
2.41	-2.993510738
2.42	-2.655038085
2.43	-2.317549815
2.44	-1.981255777
2.45	-1.646363376
2.46	-1.313077463
2.47	-0.9816002186
2.48	-0.652131045
2.49	-0.3248664618
2.5	-3.153656661e-15
2.51	0.3222778981
2.52	0.6417799776
2.53	0.9583222661
2.54	1.271724166
2.55	1.581808545
2.56	1.888401822
2.57	2.191334049
2.58	2.490438998
2.59	2.785554229
2.6	3.076521174
2.61	3.363185202
2.62	3.645395691
2.63	3.923006091
2.64	4.195873986
2.65	4.463861157
2.66	4.726833631
2.67	4.98466174
2.68	5.237220165
2.69	5.484387987
2.7	5.726048727
2.71	5.962090384
2.72	6.192405478
2.73	6.416891076
2.74	6.635448827
2.75	6.847984987
2.76	7.054410443
2.77	7.254640733
2.78	7.448596067
2.79	7.636201333
2.8	7.81738612
2.81	7.992084713
2.82	8.160236111
2.83	8.321784016
2.84	8.476676842
2.85	8.624867706
2.86	8.766314421
2.87	8.900979487
2.88	9.028830077
2.89	9.149838021
2.9	9.263979787
2.91	9.37123646
2.92	9.471593717
2.93	9.565041797
2.94	9.651575478
2.95	9.731194037
2.96	9.803901216
2.97	9.869705187
2.98	9.92861851
2.99	9.980658089
3	10.02584513
3.01	10.06420508
3.02	10.0957676
3.03	10.12056649
3.04	10.13863965
3.05	10.15002901
3.06	10.15478049
3.07	10.15294391
3.08	10.14457294
3.09	10.12972506
3.1	10.10846145
3.11	10.08084695
3.12	10.04694997
3.13	10.00684244
3.14	9.96059971
3.15	9.908300503
3.16	9.850026808
3.17	9.78586382
3.18	9.715899853
3.19	9.640226257
3.2	9.558937341
3.21	9.472130282
3.22	9.379905043
3.23	9.282364284
3.24	9.179613278
3.25	9.071759818
3.26	8.958914131
3.27	8.841188785
3.28	8.718698598
3.29	8.591560547
3.3	8.459893676
3.31	8.323819001
3.32	8.183459416
3.33	8.038939601
3.34	7.890385926
3.35	7.737926355
3.36	7.581690353
3.37	7.421808788
3.38	7.258413839
3.39	7.091638895
3.4	6.921618464
3.41	6.748488077
3.42	6.572384188
3.43	6.393444085
3.44	6.21180579
3.45	6.027607964
3.46	5.840989818
3.47	5.652091011
3.48	5.461051563
3.49	5.268011759
3.5	5.073112053
3.51	4.876492985
3.52	4.67829508
3.53	4.478658763
3.54	4.277724268
3.55	4.07563155
3.56	3.872520195
3.57	3.668529332
3.58	3.463797552
3.59	3.258462817
3.6	3.052662381
3.61	2.846532703
3.62	2.640209367
3.63	2.433827003
3.64	2.227519204
3.65	2.021418454
3.66	1.815656043
3.67	1.610362001
3.68	1.405665018
3.69	1.201692373
3.7	0.9985698648
3.71	0.7964217401
3.72	0.5953706281
3.73	0.3955374729
3.74	0.1970414694
3.75	2.869184182e-15
3.76	-0.1954714262
3.77	-0.3892592332
3.78	-0.5812518363
3.79	-0.7713396974
3.8	-0.9594153804
3.81	-1.145373603
3.82	-1.329111287
3.83	-1.510527608
3.84	-1.689524044
3.85	-1.866004417
3.86	-2.03987494
3.87	-2.211044253
3.88	-2.379423472
3.89	-2.544926217
3.9	-2.707468652
3.91	-2.866969521
3.92	-3.023350174
3.93	-3.176534602
3.94	-3.326449464
3.95	-3.473024112
3.96	-3.616190614
3.97	-3.75588378
3.98	-3.892041178
3.99	-4.024603155
4	-4.153512852
4.01	-4.27871622
4.02	-4.40016203
4.03	-4.517801886
4.04	-4.631590232
4.05	-4.74148436
4.06	-4.847444414
4.07	-4.949433392
4.08	-5.047417149
4.09	-5.141364397
4.1	-5.2312467
4.11	-5.317038469
4.12	-5.398716961
4.13	-5.476262263
4.14	-5.549657291
4.15	-5.618887772
4.16	-5.683942232
4.17	-5.744811985
4.18	-5.801491112
4.19	-5.853976442
4.2	-5.902267539
4.21	-5.946366672
4.22	-5.986278798
4.23	-6.022011535
4.24	-6.053575135
4.25	-6.080982459
4.26	-6.104248946
4.27	-6.123392582
4.28	-6.13843387
4.29	-6.149395796
4.3	-6.156303795
4.31	-6.159185711
4.32	-6.158071766
4.33	-6.152994519
4.34	-6.143988824
4.35	-6.131091792
4.36	-6.114342749
4.37	-6.093783192
4.38	-6.069456744
4.39	-6.041409113
4.4	-6.00968804
4.41	-5.974343258
4.42	-5.935426439
4.43	-5.892991147
4.44	-5.847092792
4.45	-5.797788572
4.46	-5.745137429
4.47	-5.689199994
4.48	-5.630038533
4.49	-5.567716897
4.5	-5.502300467
4.51	-5.433856098
4.52	-5.362452066
4.53	-5.288158012
4.54	-5.211044886
4.55	-5.131184892
4.56	-5.04865143
4.57	-4.963519038
4.58	-4.87586334
4.59	-4.785760981
4.6	-4.693289577
4.61	-4.598527652
4.62	-4.501554581
4.63	-4.402450534
4.64	-4.301296417
4.65	-4.198173813
4.66	-4.093164925
4.67	-3.986352518
4.68	-3.877819859
4.69	-3.767650664
4.7	-3.655929035
4.71	-3.542739408
4.72	-3.42816649
4.73	-3.312295208
4.74	-3.195210647
4.75	-3.076998
4.76	-2.957742507
4.77	-2.837529401
4.78	-2.716443854
4.79	-2.594570923
4.8	-2.471995493
4.81	-2.348802228
4.82	-2.225075516
4.83	-2.100899414
4.84	-1.976357602
4.85	-1.851533328
4.86	-1.726509358
4.87	-1.601367929
4.88	-1.476190698
4.89	-1.351058693
4.9	-1.226052268
4.91	-1.101251058
4.92	-0.976733927
4.93	-0.8525789308
4.94	-0.7288632679
4.95	-0.6056632389
4.96	-0.4830542035
4.97	-0.3611105399
4.98	-0.2399056044
4.99	-0.1195116924
5	-2.3203309e-15
5.01	0.1185594131
5.02	0.2360976595
5.03	0.3525470597
5.04	0.4678411756
5.05	0.5819148436
5.06	0.6947042068
5.07	0.8061467455
5.08	0.9161813067
5.09	1.024748133
5.1	1.13178889
5.11	1.237246693
5.12	1.34106613
5.13	1.443193288
5.14	1.543575777
5.15	1.642162748
5.16	1.738904915
5.17	1.833754575
5.18	1.926665628
5.19	2.017593588
5.2	2.106495606
5.21	2.193330479
5.22	2.278058667
5.23	2.360642303
5.24	2.441045206
5.25	2.51923289
5.26	2.595172572
5.27	2.668833179
5.28	2.740185358
5.29	2.809201479
5.3	2.875855637
5.31	2.940123658
5.32	3.0019831
5.33	3.061413253
5.34	3.11839514
5.35	3.172911512
5.36	3.22494685
5.37	3.27448736
5.38	3.321520963
5.39	3.366037298
5.4	3.408027707
5.41	3.447485232
5.42	3.484404603
5.43	3.518782231
5.44	3.550616193
5.45	3.579906224
5.46	3.6066537
5.47	3.630861629
5.48	3.652534629
5.49	3.67167892
5.5	3.688302303
5.51	3.70241414
5.52	3.714025342
5.53	3.723148345
5.54	3.729797089
5.55	3.733987002
5.56	3.735734973
5.57	3.735059331
5.58	3.731979825
5.59	3.726517595
5.6	3.718695149
5.61	3.708536341
5.62	3.696066339
5.63	3.681311603
5.64	3.664299855
5.65	3.645060052
5.66	3.623622358
5.67	3.600018114
5.68	3.574279808
5.69	3.546441048
5.7	3.516536527
5.71	3.484601995
5.72	3.450674225
5.73	3.414790986
5.74	3.376991003
5.75	3.337313932
5.76	3.295800324
5.77	3.252491589
5.78	3.207429968
5.79	3.160658493
5.8	3.112220958
5.81	3.062161882
5.82	3.010526477
5.83	2.957360608
5.84	2.902710765
5.85	2.846624023
5.86	2.78914801
5.87	2.73033087
5.88	2.670221227
5.89	2.608868154
5.9	2.546321133
5.91	2.482630022
5.92	2.417845022
5.93	2.352016637
5.94	2.285195643
5.95	2.21743305
5.96	2.14878007
5.97	2.079288083
5.98	2.009008597
5.99	1.937993222
6	1.866293627
6.01	1.793961514
6.02	1.72104858
6.03	1.647606483
6.04	1.573686813
6.05	1.499341057
6.06	1.424620565
6.07	1.349576521
6.08	1.274259908
6.09	1.19872148
6.1	1.123011731
6.11	1.04718086
6.12	0.9712787466
6.13	0.8953549177
6.14	0.8194585201
6.15	0.7436382911
6.16	0.6679425305
6.17	0.5924190731
6.18	0.5171152613
6.19	0.4420779187
6.2	0.3673533238
6.21	0.2929871847
6.22	0.219024614
6.23	0.1455101045
6.24	0.07248750564
6.25	1.759189789e-15
6.26	-0.07190991902
6.27	-0.1432004692
6.28	-0.2138306007
6.29	-0.2837600168
6.3	-0.352949194
6.31	-0.4213594009
6.32	-0.4889527174
6.33	-0.5556920524
6.34	-0.6215411612
6.35	-0.6864646623
6.36	-0.7504280528
6.37	-0.8133977244
6.38	-0.8753409773
6.39	-0.9362260346
6.4	-0.9960220549
6.41	-1.054699145
6.42	-1.112228372
6.43	-1.168581774
6.44	-1.22373237
6.45	-1.277654169
6.46	-1.330322182
6.47	-1.381712426
6.48	-1.431801933
6.49	-1.480568759
6.5	-1.527991987
6.51	-1.574051732
6.52	-1.618729149
6.53	-1.662006433
6.54	-1.703866826
6.55	-1.744294617
6.56	-1.783275142
6.57	-1.82079479
6.58	-1.856841
6.59	-1.891402261
6.6	-1.924468113
6.61	-1.956029141
6.62	-1.986076979
6.63	-2.014604301
6.64	-2.041604823
6.65	-2.067073294
6.66	-2.091005492
6.67	-2.113398223
6.68	-2.134249308
6.69	-2.153557582
6.7	-2.171322884
6.71	-2.187546048
6.72	-2.202228899
6.73	-2.215374238
6.74	-2.226985838
6.75	-2.237068429
6.76	-2.245627691
6.77	-2.252670241
6.78	-2.258203622
6.79	-2.262236289
6.8	-2.2647776
6.81	-2.265837797
6.82	-2.265428
6.83	-2.263560185
6.84	-2.260247175
6.85	-2.255502622
6.86	-2.249340994
6.87	-2.241777555
6.88	-2.232828355
6.89	-2.222510208
6.9	-2.210840678
6.91	-2.197838059
6.92	-2.183521361
6.93	-2.16791029
6.94	-2.151025229
6.95	-2.13288722
6.96	-2.113517947
6.97	-2.092939714
6.98	-2.071175429
6.99	-2.048248581
7	-2.024183221
7.01	-1.999003945
7.02	-1.972735869
7.03	-1.945404614
7.04	-1.917036281
7.05	-1.887657431
7.06	-1.857295067
7.07	-1.82597661
7.08	-1.793729881
7.09	-1.760583075
7.1	-1.726564747
7.11	-1.691703783
7.12	-1.656029384
7.13	-1.619571042
7.14	-1.582358522
7.15	-1.544421836
7.16	-1.505791225
7.17	-1.466497136
7.18	-1.426570203
7.19	-1.386041221
7.2	-1.34494113
7.21	-1.303300994
7.22	-1.261151973
7.23	-1.21852531
7.24	-1.175452307
7.25	-1.131964305
7.26	-1.088092661
7.27	-1.04386873
7.28	-0.999323847
7.29	-0.9544893011
7.3	-0.9093963205
7.31	-0.8640760512
7.32	-0.8185595373
7.33	-0.7728777025
7.34	-0.7270613303
7.35	-0.681141046
7.36	-0.6351472979
7.37	-0.589110339
7.38	-0.5430602089
7.39	-0.4970267168
7.4	-0.4510394233
7.41	-0.4051276237
7.42	-0.3593203312
7.43	-0.3136462606
7.44	-0.2681338117
7.45	-0.2228110539
7.46	-0.1777057104
7.47	-0.1328451436
7.48	-0.08825633968
7.49	-0.04396589462
7.5	-1.280403052e-15
7.51	0.04361557062
7.52	0.08685547505
7.53	0.1296948153
7.54	0.1721091502
7.55	0.2140745075
7.56	0.2555673954
7.57	0.2965648142
7.58	0.3370442671
7.59	0.3769837706
7.6	0.4163618645
7.61	0.4551576219
7.62	0.4933506584
7.63	0.5309211404
7.64	0.5678497944
7.65	0.604117914
7.66	0.6397073683
7.67	0.6746006084
7.68	0.7087806744
7.69	0.7422312016
7.7	0.7749364262
7.71	0.8068811908
7.72	0.8380509493
7.73	0.8684317713
7.74	0.8980103464
7.75	0.9267739878
7.76	0.9547106354
7.77	0.9818088584
7.78	1.008057858
7.79	1.03344747
7.8	1.057968165
7.81	1.081611048
7.82	1.104367865
7.83	1.126230997
7.84	1.147193461
7.85	1.167248914
7.86	1.186391645
7.87	1.20461658
7.88	1.221919276
7.89	1.23829592
7.9	1.253743328
7.91	1.268258941
7.92	1.281840818
7.93	1.294487641
7.94	1.306198701
7.95	1.316973901
7.96	1.326813748
7.97	1.335719347
7.98	1.343692398
7.99	1.350735189
8	1.35685059
8.01	1.362042045
8.02	1.366313567
8.03	1.369669732
8.04	1.372115669
8.05	1.373657052
8.06	1.374300094
8.07	1.374051539
8.08	1.372918652
8.09	1.37090921
8.1	1.368031493
8.11	1.364294277
8.12	1.359706819
8.13	1.354278855
8.14	1.348020583
8.15	1.340942655
8.16	1.333056168
8.17	1.324372652
8.18	1.314904058
8.19	1.304662751
8.2	1.293661493
8.21	1.281913435
8.22	1.269432106
8.23	1.256231399
8.24	1.242325563
8.25	1.227729184
8.26	1.212457181
8.27	1.196524788
8.28	1.179947544
8.29	1.16274128
8.3	1.144922107
8.31	1.126506402
8.32	1.107510798
8.33	1.087952168
8.34	1.067847614
8.35	1.047214455
8.36	1.026070211
8.37	1.004432595
8.38	0.9823194927
8.39	0.9597489584
8.4	0.9367391953
8.41	0.9133085453
8.42	0.8894754757
8.43	0.8652585661
8.44	0.840676496
8.45	0.8157480311
8.46	0.7904920114
8.47	0.7649273379
8.48	0.7390729601
8.49	0.7129478634
8.5	0.6865710566
8.51	0.6599615593
8.52	0.6331383897
8.53	0.6061205522
8.54	0.5789270255
8.55	0.5515767502
8.56	0.5240886174
8.57	0.4964814562
8.58	0.4687740228
8.59	0.4409849883
8.6	0.413132928
8.61	0.3852363096
8.62	0.3573134825
8.63	0.3293826668
8.64	0.3014619424
8.65	0.2735692389
8.66	0.2457223248
8.67	0.2179387976
8.68	0.1902360734
8.69	0.1626313777
8.7	0.1351417355
8.71	0.1077839618
8.72	0.08057465259
8.73	0.05353017593
8.74	0.02666666307
8.75	9.060376593e-16
8.76	-0.02645418082
8.77	-0.05268050858
8.78	-0.07866388189
8.79	-0.1043894764
8.8	-0.1298427522
8.81	-0.1550094609
8.82	-0.1798756524
8.83	-0.2044276817
8.84	-0.2286522151
8.85	-0.2525362363
8.86	-0.2760670527
8.87	-0.2992323003
8.88	-0.3220199496
8.89	-0.3444183104
8.9	-0.3664160369
8.91	-0.3880021321
8.92	-0.4091659521
8.93	-0.4298972101
8.94	-0.4501859804
8.95	-0.4700227018
8.96	-0.489398181
8.97	-0.5083035951
8.98	-0.5267304951
8.99	-0.5446708078
9	-0.5621168382
9.01	-0.5790612715
9.02	-0.5954971746
9.03	-0.6114179979
9.04	-0.6268175759
9.05	-0.6416901289
9.06	-0.6560302627
9.07	-0.6698329699
9.08	-0.6830936295
9.09	-0.6958080069
9.1	-0.7079722538
9.11	-0.7195829072
9.12	-0.730636889
9.13	-0.7411315045
9.14	-0.7510644414
9.15	-0.7604337681
9.16	-0.7692379319
9.17	-0.7774757572
9.18	-0.7851464428
9.19	-0.7922495599
9.2	-0.7987850491
9.21	-0.8047532178
9.22	-0.8101547367
9.23	-0.8149906367
9.24	-0.8192623055
9.25	-0.8229714834
9.26	-0.82612026
9.27	-0.8287110694
9.28	-0.8307466864
9.29	-0.8322302218
9.3	-0.8331651177
9.31	-0.8335551427
9.32	-0.8334043867
9.33	-0.832717256
9.34	-0.8314984677
9.35	-0.8297530442
9.36	-0.8274863077
9.37	-0.8247038742
9.38	-0.8214116476
9.39	-0.8176158135
9.4	-0.8133228331
9.41	-0.808539437
9.42	-0.8032726182
9.43	-0.797529626
9.44	-0.7913179591
9.45	-0.7846453585
9.46	-0.7775198012
9.47	-0.7699494925
9.48	-0.7619428595
9.49	-0.7535085433
9.5	-0.7446553922
9.51	-0.7353924541
9.52	-0.7257289692
9.53	-0.7156743624
9.54	-0.7052382357
9.55	-0.6944303608
9.56	-0.6832606712
9.57	-0.6717392549
9.58	-0.6598763461
9.59	-0.6476823179
9.6	-0.6351676742
9.61	-0.6223430422
9.62	-0.6092191642
9.63	-0.59580689
9.64	-0.5821171689
9.65	-0.5681610421
9.66	-0.5539496345
9.67	-0.539494147
9.68	-0.5248058489
9.69	-0.5098960697
9.7	-0.4947761915
9.71	-0.4794576412
9.72	-0.4639518829
9.73	-0.4482704101
9.74	-0.432424738
9.75	-0.4164263959
9.76	-0.4002869199
9.77	-0.3840178452
9.78	-0.3676306984
9.79	-0.3511369907
9.8	-0.3345482102
9.81	-0.3178758148
9.82	-0.3011312252
9.83	-0.2843258173
9.84	-0.2674709159
9.85	-0.2505777874
9.86	-0.233657633
9.87	-0.2167215823
9.88	-0.1997806862
9.89	-0.1828459108
9.9	-0.165928131
9.91	-0.1490381238
9.92	-0.1321865627
9.93	-0.1153840111
9.94	-0.09864091681
9.95	-0.08196760598
9.96	-0.06537427744
9.97	-0.04887099719
9.98	-0.03246769292
9.99	-0.01617414874
10	-6.280452791e-16
10.01	0.01604527175
10.02	0.03195234362
10.03	0.04771205618
10.04	0.063315418
10.05	0.07875361018
10.06	0.0940179906
10.07	0.1091000981
10.08	0.1239916566
10.09	0.1386845788
10.1	0.15317097
10.11	0.1674431316
10.12	0.1814935645
10.13	0.1953149725
10.14	0.208900265
10.15	0.2222425606
10.16	0.2353351892
10.17	0.2481716948
10.18	0.2607458384
10.19	0.2730515997
10.2	0.2850831794
10.21	0.2968350016
10.22	0.3083017149
10.23	0.3194781947
10.24	0.3303595444
10.25	0.3409410967
10.26	0.351218415
10.27	0.3611872942
10.28	0.3708437616
10.29	0.3801840779
10.3	0.3892047372
10.31	0.397902468
10.32	0.4062742331
10.33	0.4143172297
10.34	0.4220288895
10.35	0.4294068781
10.36	0.4364490954
10.37	0.4431536743
10.38	0.4495189803
10.39	0.4555436111
10.4	0.461226395
10.41	0.4665663903
10.42	0.4715628839
10.43	0.4762153899
10.44	0.4805236482
10.45	0.4844876228
10.46	0.4881075001
10.47	0.4913836869
10.48	0.4943168086
10.49	0.4969077066
10.5	0.4991574368
10.51	0.5010672663
10.52	0.5026386716
10.53	0.5038733358
10.54	0.5047731455
10.55	0.5053401885
10.56	0.5055767506
10.57	0.5054853125
10.58	0.5050685466
10.59	0.5043293142
10.6	0.5032706613
10.61	0.5018958161
10.62	0.5002081849
10.63	0.4982113485
10.64	0.4959090587
10.65	0.4933052345
10.66	0.4904039581
10.67	0.4872094711
10.68	0.4837261702
10.69	0.4799586038
10.7	0.4759114669
10.71	0.4715895979
10.72	0.4669979736
10.73	0.4621417052
10.74	0.4570260339
10.75	0.4516563263
10.76	0.4460380703
10.77	0.4401768705
10.78	0.4340784432
10.79	0.4277486123
10.8	0.4211933048
10.81	0.4144185457
10.82	0.4074304534
10.83	0.4002352355
10.84	0.3928391836
10.85	0.3852486685
10.86	0.377470136
10.87	0.3695101016
10.88	0.361375146
10.89	0.3530719105
10.9	0.3446070917
10.91	0.3359874373
10.92	0.3272197409
10.93	0.3183108378
10.94	0.3092675995
10.95	0.3000969298
10.96	0.2908057594
10.97	0.2814010416
10.98	0.2718897476
10.99	0.2622788616
11	0.2525753766
11.01	0.2427862896
11.02	0.232918597
11.03	0.22297929
11.04	0.2129753506
11.05	0.2029137466
11.06	0.1928014277
11.07	0.1826453207
11.08	0.1724523255
11.09	0.1622293111
11.1	0.1519831107
11.11	0.1417205183
11.12	0.1314482843
11.13	0.1211731114
11.14	0.1109016509
11.15	0.1006404987
11.16	0.09039619155
11.17	0.08017520305
11.18	0.06998394036
11.19	0.05982874035
11.2	0.04971586613
11.21	0.03965150363
11.22	0.02964175817
11.23	0.01969265121
11.24	0.009810117107
11.25	4.285448071e-16
11.26	-0.009731949258
11.27	-0.01938007606
11.28	-0.02893882491
11.29	-0.03840274225
11.3	-0.04776647914
11.31	-0.05702479386
11.32	-0.06617255449
11.33	-0.0752047413
11.34	-0.0841164491
11.35	-0.0929028895
11.36	-0.1015593931
11.37	-0.1100814114
11.38	-0.1184645191
11.39	-0.1267044156
11.4	-0.1347969269
11.41	-0.1427380075
11.42	-0.1505237418
11.43	-0.1581503454
11.44	-0.1656141669
11.45	-0.1729116889
11.46	-0.1800395293
11.47	-0.1869944425
11.48	-0.1937733202
11.49	-0.2003731924
11.5	-0.2067912283
11.51	-0.213024737
11.52	-0.2190711678
11.53	-0.2249281114
11.54	-0.2305932996
11.55	-0.236064606
11.56	-0.2413400464
11.57	-0.2464177786
11.58	-0.2512961027
11.59	-0.2559734607
11.6	-0.2604484371
11.61	-0.2647197578
11.62	-0.2687862904
11.63	-0.2726470437
11.64	-0.276301167
11.65	-0.2797479497
11.66	-0.2829868205
11.67	-0.2860173471
11.68	-0.2888392346
11.69	-0.2914523254
11.7	-0.2938565975
11.71	-0.296052164
11.72	-0.2980392718
11.73	-0.2998183
11.74	-0.3013897591
11.75	-0.3027542894
11.76	-0.3039126596
11.77	-0.3048657651
11.78	-0.3056146268
11.79	-0.3061603889
11.8	-0.3065043179
11.81	-0.3066478001
11.82	-0.30659234
11.83	-0.3063395588
11.84	-0.3058911916
11.85	-0.3052490862
11.86	-0.3044152005
11.87	-0.3033916004
11.88	-0.3021804579
11.89	-0.3007840485
11.9	-0.2992047493
11.91	-0.2974450362
11.92	-0.2955074819
11.93	-0.2933947531
11.94	-0.2911096086
11.95	-0.288654896
11.96	-0.28603355
11.97	-0.283248589
11.98	-0.2803031133
11.99	-0.2772003018
12	-0.2739434095
12.01	-0.2705357651
12.02	-0.2669807676
12.03	-0.2632818845
12.04	-0.259442648
12.05	-0.255466653
12.06	-0.2513575539
12.07	-0.2471190617
12.08	-0.2427549415
12.09	-0.2382690092
12.1	-0.233665129
12.11	-0.2289472106
12.12	-0.2241192057
12.13	-0.2191851057
12.14	-0.2141489388
12.15	-0.2090147667
12.16	-0.203786682
12.17	-0.1984688053
12.18	-0.1930652824
12.19	-0.1875802812
12.2	-0.1820179888
12.21	-0.1763826091
12.22	-0.1706783594
12.23	-0.164909468
12.24	-0.1590801709
12.25	-0.1531947098
12.26	-0.1472573284
12.27	-0.1412722703
12.28	-0.1352437759
12.29	-0.1291760799
12.3	-0.1230734086
12.31	-0.1169399771
12.32	-0.1107799868
12.33	-0.1045976228
12.34	-0.09839705107
12.35	-0.09218241639
12.36	-0.08595783946
12.37	-0.07972741458
12.38	-0.07349520719
12.39	-0.06726525149
12.4	-0.0610415481
12.41	-0.0548280617
12.42	-0.0486287188
12.43	-0.04244740552
12.44	-0.03628796535
12.45	-0.03015419708
12.46	-0.02404985265
12.47	-0.01797863514
12.48	-0.01194419673
12.49	-0.005950136801
12.5	-2.888061829e-16
12.51	0.005902725604
12.52	0.01175461032
12.53	0.01755228456
12.54	0.02329244059
12.55	0.0289718341
12.56	0.03458728584
12.57	0.04013568313
12.58	0.04561398136
12.59	0.05101920537
12.6	0.05634845086
12.61	0.06159888568
12.62	0.06676775109
12.63	0.07185236292
12.64	0.07685011276
12.65	0.081758469
12.66	0.08657497788
12.67	0.09129726441
12.68	0.09592303333
12.69	0.1004500699
12.7	0.1048762407
12.71	0.1091994945
12.72	0.1134178626
12.73	0.1175294597
12.74	0.1215324846
12.75	0.1254252201
12.76	0.1292060342
12.77	0.1328733799
12.78	0.1364257958
12.79	0.1398619061
12.8	0.1431804212
12.81	0.1463801376
12.82	0.1494599378
12.83	0.1524187909
12.84	0.155255752
12.85	0.1579699624
12.86	0.1605606493
12.87	0.163027126
12.88	0.1653687913
12.89	0.1675851291
12.9	0.1696757085
12.91	0.1716401829
12.92	0.1734782902
12.93	0.1751898515
12.94	0.1767747712
12.95	0.1782330359
12.96	0.1795647144
12.97	0.1807699561
12.98	0.1818489913
12.99	0.1828021294
13	0.1836297589
13.01	0.1843323459
13.02	0.1849104336
13.03	0.1853646412
13.04	0.1856956627
13.05	0.1859042661
13.06	0.1859912925
13.07	0.1859576543
13.08	0.1858043347
13.09	0.1855323863
13.1	0.1851429296
13.11	0.1846371524
13.12	0.1840163075
13.13	0.1832817125
13.14	0.1824347474
13.15	0.181476854
13.16	0.1804095341
13.17	0.1792343479
13.18	0.1779529132
13.19	0.1765669029
13.2	0.1750780445
13.21	0.1734881178
13.22	0.1717989536
13.23	0.1700124323
13.24	0.1681304819
13.25	0.1661550769
13.26	0.1640882361
13.27	0.1619320211
13.28	0.1596885351
13.29	0.1573599205
13.3	0.1549483576
13.31	0.152456063
13.32	0.1498852875
13.33	0.1472383148
13.34	0.1445174593
13.35	0.1417250649
13.36	0.1388635027
13.37	0.1359351697
13.38	0.1329424868
13.39	0.1298878971
13.4	0.1267738643
13.41	0.1236028707
13.42	0.1203774154
13.43	0.1171000131
13.44	0.1137731917
13.45	0.1103994908
13.46	0.1069814603
13.47	0.1035216579
13.48	0.1000226484
13.49	0.09648700103
13.5	0.09291728841
13.51	0.08931608455
13.52	0.08568596329
13.53	0.0820294966
13.54	0.07834925296
13.55	0.07464779572
13.56	0.07092768147
13.57	0.0671914585
13.58	0.06344166514
13.59	0.0596808283
13.6	0.05591146183
13.61	0.05213606508
13.62	0.04835712136
13.63	0.0445770965
13.64	0.04079843736
13.65	0.03702357044
13.66	0.03325490043
13.67	0.0294948089
13.68	0.02574565287
13.69	0.02200976356
13.7	0.01828944505
13.71	0.014586973
13.72	0.01090459343
13.73	0.007244521521
13.74	0.003608940399
13.75	7.008562928e-16
13.76	-0.003580184055
13.77	-0.00712953155
13.78	-0.01064599874
13.79	-0.01412757936
13.8	-0.01757230565
13.81	-0.0209782493
13.82	-0.02434352237
13.83	-0.0276662782
13.84	-0.03094471229
13.85	-0.03417706307
13.86	-0.03736161277
13.87	-0.04049668811
13.88	-0.04358066108
13.89	-0.04661194959
13.9	-0.04958901814
13.91	-0.05251037845
13.92	-0.05537459001
13.93	-0.05818026069
13.94	-0.06092604717
13.95	-0.06361065548
13.96	-0.06623284144
13.97	-0.06879141102
13.98	-0.07128522075
13.99	-0.07371317805
14	-0.07607424151
14.01	-0.07836742119
14.02	-0.08059177879
14.03	-0.08274642792
14.04	-0.08483053418
14.05	-0.08684331534
14.06	-0.08878404142
14.07	-0.0906520347
14.08	-0.09244666982
14.09	-0.09416737369
14.1	-0.09581362549
14.11	-0.09738495656
14.12	-0.09888095031
14.13	-0.1003012421
14.14	-0.1016455189
14.15	-0.1029135194
14.16	-0.1041050334
14.17	-0.1052199018
14.18	-0.1062580162
14.19	-0.1072193186
14.2	-0.1081038009
14.21	-0.1089115047
14.22	-0.1096425208
14.23	-0.1102969887
14.24	-0.1108750962
14.25	-0.1113770788
14.26	-0.1118032194
14.27	-0.1121538473
14.28	-0.1124293381
14.29	-0.1126301128
14.3	-0.1127566372
14.31	-0.1128094213
14.32	-0.1127890187
14.33	-0.1126960257
14.34	-0.1125310806
14.35	-0.1122948633
14.36	-0.1119880938
14.37	-0.1116115324
14.38	-0.111165978
14.39	-0.1106522677
14.4	-0.110071276
14.41	-0.1094239137
14.42	-0.1087111273
14.43	-0.1079338978
14.44	-0.1070932401
14.45	-0.1061902018
14.46	-0.1052258625
14.47	-0.1042013326
14.48	-0.1031177527
14.49	-0.1019762921
14.5	-0.1007781484
14.51	-0.09952454607
14.52	-0.0982167356
14.53	-0.09685599254
14.54	-0.09544361637
14.55	-0.09398092956
14.56	-0.09246927647
14.57	-0.09091002232
14.58	-0.0893045522
14.59	-0.08765426994
14.6	-0.0859605971
14.61	-0.08422497189
14.62	-0.08244884814
14.63	-0.08063369421
14.64	-0.07878099193
14.65	-0.07689223556
14.66	-0.07496893068
14.67	-0.0730125932
14.68	-0.07102474821
14.69	-0.06900692901
14.7	-0.06696067601
14.71	-0.06488753567
14.72	-0.06278905948
14.73	-0.06066680291
14.74	-0.05852232439
14.75	-0.05635718424
14.76	-0.05417294369
14.77	-0.05197116384
14.78	-0.04975340469
14.79	-0.04752122409
14.8	-0.04527617678
14.81	-0.04301981344
14.82	-0.04075367965
14.83	-0.03847931501
14.84	-0.03619825216
14.85	-0.03391201583
14.86	-0.03162212195
14.87	-0.02933007672
14.88	-0.02703737575
14.89	-0.02474550313
14.9	-0.0224559306
14.91	-0.0201701167
14.92	-0.0178895059
14.93	-0.01561552782
14.94	-0.01334959641
14.95	-0.01109310917
14.96	-0.008847446354
14.97	-0.006613970247
14.98	-0.004394024418
14.99	-0.002188933001
15	-1.274950286e-16
15.01	0.002171491397
15.02	0.004324279474
15.03	0.006457124637
15.04	0.008568810029
15.05	0.01065814214
15.06	0.01272395139
15.07	0.01476509268
15.08	0.01678044597
15.09	0.01876891676
15.1	0.02072943661
15.11	0.02266096364
15.12	0.02456248296
15.13	0.02643300712
15.14	0.02827157654
15.15	0.03007725989
15.16	0.03184915448
15.17	0.03358638661
15.18	0.0352881119
15.19	0.03695351558
15.2	0.03858181283
15.21	0.04017224901
15.22	0.04172409991
15.23	0.04323667197
15.24	0.04470930251
15.25	0.04614135989
15.26	0.04753224367
15.27	0.04888138476
15.28	0.05018824551
15.29	0.05145231986
15.3	0.05267313335
15.31	0.05385024321
15.32	0.05498323841
15.33	0.05607173964
15.34	0.05711539929
15.35	0.05811390148
15.36	0.05906696195
15.37	0.05997432803
15.38	0.06083577853
15.39	0.06165112364
15.4	0.06242020481
15.41	0.06314289458
15.42	0.06381909646
15.43	0.06444874468
15.44	0.06503180403
15.45	0.06556826966
15.46	0.06605816678
15.47	0.06650155045
15.48	0.06689850529
15.49	0.06724914522
15.5	0.06755361309
15.51	0.0678120804
15.52	0.06802474699
15.53	0.06819184061
15.54	0.06831361661
15.55	0.06839035754
15.56	0.06842237274
15.57	0.06840999794
15.58	0.06835359481
15.59	0.06825355058
15.6	0.06811027749
15.61	0.06792421243
15.62	0.06769581638
15.63	0.06742557396
15.64	0.06711399292
15.65	0.06676160364
15.66	0.06636895857
15.67	0.06593663176
15.68	0.06546521826
15.69	0.06495533358
15.7	0.06440761317
15.71	0.06382271181
15.72	0.06320130303
15.73	0.06254407857
15.74	0.06185174774
15.75	0.06112503684
15.76	0.06036468858
15.77	0.05957146144
15.78	0.05874612905
15.79	0.0578894796
15.8	0.05700231521
15.81	0.05608545126
15.82	0.05513971581
15.83	0.05416594896
15.84	0.05316500217
15.85	0.05213773767
15.86	0.05108502776
15.87	0.05000775425
15.88	0.04890680774
15.89	0.04778308701
15.9	0.04663749836
15.91	0.04547095498
15.92	0.04428437632
15.93	0.04307868739
15.94	0.04185481818
15.95	0.040613703
15.96	0.03935627982
15.97	0.03808348967
15.98	0.03679627599
15.99	0.03549558402
16	0.03418236014
16.01	0.03285755127
16.02	0.03152210429
16.03	0.03017696537
16.04	0.0288230794
16.05	0.02746138937
16.06	0.02609283582
16.07	0.0247183562
16.08	0.02333888432
16.09	0.02195534976
16.1	0.02056867733
16.11	0.01917978649
16.12	0.01778959078
16.13	0.01639899735
16.14	0.01500890634
16.15	0.0136202104
16.16	0.01223379419
16.17	0.01085053381
16.18	0.009471296391
16.19	0.00809693952
16.2	0.006728310824
16.21	0.005366247474
16.22	0.004011575737
16.23	0.002665110529
16.24	0.001327654977
16.25	-1.031713337e-16
16.26	-0.001317076109
16.27	-0.002622808082
16.28	-0.003916444066
16.29	-0.005197246
16.3	-0.006464489983
16.31	-0.007717466629
16.32	-0.008955481405
16.33	-0.01017785496
16.34	-0.01138392346
16.35	-0.01257303886
16.36	-0.01374456923
16.37	-0.01489789899
16.38	-0.01603242924
16.39	-0.01714757797
16.4	-0.01824278028
16.41	-0.01931748868
16.42	-0.02037117323
16.43	-0.02140332179
16.44	-0.02241344018
16.45	-0.02340105239
16.46	-0.0243657007
16.47	-0.02530694584
16.48	-0.02622436717
16.49	-0.02711756275
16.5	-0.02798614946
16.51	-0.02882976311
16.52	-0.02964805855
16.53	-0.03044070966
16.54	-0.03120740951
16.55	-0.03194787032
16.56	-0.03266182354
16.57	-0.03334901987
16.58	-0.03400922923
16.59	-0.03464224081
16.6	-0.035247863
16.61	-0.0358259234
16.62	-0.03637626874
16.63	-0.03689876488
16.64	-0.03739329669
16.65	-0.037859768
16.66	-0.03829810151
16.67	-0.03870823868
16.68	-0.03909013963
16.69	-0.039443783
16.7	-0.03976916585
16.71	-0.04006630347
16.72	-0.04033522926
16.73	-0.04057599455
16.74	-0.04078866841
16.75	-0.04097333751
16.76	-0.04113010586
16.77	-0.04125909467
16.78	-0.04136044207
16.79	-0.04143430295
16.8	-0.04148084868
16.81	-0.04150026688
16.82	-0.04149276118
16.83	-0.04145855096
16.84	-0.04139787106
16.85	-0.04131097154
16.86	-0.04119811738
16.87	-0.04105958817
16.88	-0.04089567786
16.89	-0.0407066944
16.9	-0.0404929595
16.91	-0.04025480823
16.92	-0.03999258876
16.93	-0.03970666202
16.94	-0.03939740133
16.95	-0.03906519211
16.96	-0.0387104315
16.97	-0.03833352802
16.98	-0.03793490124
16.99	-0.03751498136
17	-0.03707420892
17.01	-0.03661303439
17.02	-0.03613191781
17.03	-0.03563132841
17.04	-0.03511174426
17.05	-0.03457365185
17.06	-0.03401754575
17.07	-0.03344392821
17.08	-0.03285330876
17.09	-0.03224620384
17.1	-0.03162313642
17.11	-0.03098463559
17.12	-0.03033123618
17.13	-0.02966347836
17.14	-0.02898190729
17.15	-0.02828707265
17.16	-0.02757952832
17.17	-0.02685983198
17.18	-0.02612854468
17.19	-0.02538623048
17.2	-0.02463345607
17.21	-0.02387079036
17.22	-0.02309880411
17.23	-0.02231806955
17.24	-0.02152915999
17.25	-0.02073264944
17.26	-0.01992911225
17.27	-0.01911912271
17.28	-0.01830325471
17.29	-0.01748208136
17.3	-0.01665617461
17.31	-0.01582610493
17.32	-0.01499244089
17.33	-0.0141557489
17.34	-0.01331659278
17.35	-0.01247553343
17.36	-0.01163312855
17.37	-0.01078993223
17.38	-0.009946494682
17.39	-0.009103361863
17.4	-0.008261075201
17.41	-0.007420171259
17.42	-0.006581181432
17.43	-0.005744631648
17.44	-0.004911042069
17.45	-0.004080926803
17.46	-0.003254793621
17.47	-0.002433143678
17.48	-0.001616471247
17.49	-0.0008052634492
17.5	-5.471993319e-17
17.51	0.0007988470415
17.52	0.001590813517
17.53	0.002375443403
17.54	0.003152289045
17.55	0.003920911374
17.56	0.004680880126
17.57	0.005431774045
17.58	0.006173181086
17.59	0.006904698609
17.6	0.007625933557
17.61	0.008336502641
17.62	0.009036032504
17.63	0.009724159887
17.64	0.01040053178
17.65	0.01106480556
17.66	0.01171664915
17.67	0.01235574114
17.68	0.01298177088
17.69	0.01359443866
17.7	0.01419345574
17.71	0.01477854452
17.72	0.01534943856
17.73	0.01590588272
17.74	0.01644763322
17.75	0.01697445769
17.76	0.01748613524
17.77	0.01798245651
17.78	0.01846322371
17.79	0.01892825068
17.8	0.01937736286
17.81	0.01981039738
17.82	0.02022720302
17.83	0.02062764024
17.84	0.02101158117
17.85	0.0213789096
17.86	0.02172952095
17.87	0.02206332228
17.88	0.02238023221
17.89	0.02268018091
17.9	0.02296311006
17.91	0.02322897277
17.92	0.02347773354
17.93	0.02370936818
17.94	0.02392386373
17.95	0.0241212184
17.96	0.02430144148
17.97	0.02446455322
17.98	0.02461058474
17.99	0.02473957796
18	0.02485158543
18.01	0.02494667024
18.02	0.02502490591
18.03	0.02508637622
18.04	0.0251311751
18.05	0.02515940651
18.06	0.02517118425
18.07	0.02516663181
18.08	0.02514588226
18.09	0.02510907804
18.1	0.02505637082
18.11	0.02498792131
18.12	0.0249038991
18.13	0.02480448247
18.14	0.02468985821
18.15	0.02456022144
18.16	0.02441577539
18.17	0.02425673124
18.18	0.02408330791
18.19	0.02389573182
18.2	0.02369423674
18.21	0.02347906355
18.22	0.02325046004
18.23	0.02300868067
18.24	0.02275398639
18.25	0.0224866444
18.26	0.0222069279
18.27	0.02191511594
18.28	0.02161149313
18.29	0.02129634941
18.3	0.02096997986
18.31	0.02063268447
18.32	0.02028476784
18.33	0.01992653904
18.34	0.01955831129
18.35	0.0191804018
18.36	0.01879313147
18.37	0.01839682469
18.38	0.0179918091
18.39	0.01757841535
18.4	0.01715697683
18.41	0.01672782951
18.42	0.01629131161
18.43	0.01584776344
18.44	0.01539752712
18.45	0.01494094636
18.46	0.01447836623
18.47	0.0140101329
18.48	0.01353659345
18.49	0.01305809561
18.5	0.01257498754
18.51	0.0120876176
18.52	0.01159633411
18.53	0.01110148516
18.54	0.01060341834
18.55	0.01010248058
18.56	0.009599017861
18.57	0.009093375067
18.58	0.008585895721
18.59	0.008076921801
18.6	0.007566793523
18.61	0.007055849134
18.62	0.006544424716
18.63	0.006032853981
18.64	0.005521468076
18.65	0.005010595392
18.66	0.004500561369
18.67	0.003991688316
18.68	0.003484295223
18.69	0.002978697586
18.7	0.002475207226
18.71	0.001974132122
18.72	0.00147577624
18.73	0.000980439372
18.74	0.0004884169711
18.75	1.043332469e-16
18.76	-0.0004845252231
18.77	-0.0009648771716
18.78	-0.001440779254
18.79	-0.001911959954
18.8	-0.002378152962
18.81	-0.002839097311
18.82	-0.003294537495
18.83	-0.003744223597
18.84	-0.004187911402
18.85	-0.004625362511
18.86	-0.005056344446
18.87	-0.005480630756
18.88	-0.005898001111
18.89	-0.0063082414
18.9	-0.006711143816
18.91	-0.00710650694
18.92	-0.007494135824
18.93	-0.007873842059
18.94	-0.00824544385
18.95	-0.008608766076
18.96	-0.008963640356
18.97	-0.009309905094
18.98	-0.009647405541
18.99	-0.009975993829
19	-0.01029552902
19.01	-0.01060587714
19.02	-0.01090691121
19.03	-0.01119851126
19.04	-0.01148056437
19.05	-0.01175296468
19.06	-0.01201561339
19.07	-0.01226841879
19.08	-0.01251129624
19.09	-0.01274416819
19.1	-0.01296696414
19.11	-0.01317962068
19.12	-0.01338208142
19.13	-0.01357429701
19.14	-0.01375622509
19.15	-0.0139278303
19.16	-0.01408908418
19.17	-0.01423996521
19.18	-0.01438045872
19.19	-0.01451055685
19.2	-0.01463025851
19.21	-0.01473956933
19.22	-0.0148385016
19.23	-0.0149270742
19.24	-0.01500531254
19.25	-0.01507324851
19.26	-0.01513092036
19.27	-0.01517837269
19.28	-0.01521565632
19.29	-0.01524282822
19.3	-0.01525995143
19.31	-0.01526709499
19.32	-0.0152643338
19.33	-0.01525174856
19.34	-0.01522942567
19.35	-0.01519745712
19.36	-0.0151559404
19.37	-0.01510497835
19.38	-0.01504467912
19.39	-0.01497515599
19.4	-0.01489652731
19.41	-0.01480891636
19.42	-0.0147124512
19.43	-0.01460726463
19.44	-0.01449349398
19.45	-0.01437128104
19.46	-0.01424077191
19.47	-0.01410211687
19.48	-0.01395547027
19.49	-0.01380099038
19.5	-0.01363883926
19.51	-0.01346918263
19.52	-0.01329218973
19.53	-0.01310803318
19.54	-0.01291688886
19.55	-0.01271893572
19.56	-0.01251435572
19.57	-0.01230333362
19.58	-0.01208605687
19.59	-0.01186271545
19.6	-0.01163350176
19.61	-0.01139861043
19.62	-0.01115823822
19.63	-0.01091258384
19.64	-0.01066184786
19.65	-0.01040623248
19.66	-0.01014594147
19.67	-0.00988117998
19.68	-0.009612154416
19.69	-0.009339072283
19.7	-0.009062142054
19.71	-0.008781573018
19.72	-0.008497575149
19.73	-0.008210358955
19.74	-0.007920135347
19.75	-0.007627115491
19.76	-0.007331510678
19.77	-0.007033532179
19.78	-0.006733391116
19.79	-0.006431298322
19.8	-0.006127464209
19.81	-0.005822098636
19.82	-0.005515410778
19.83	-0.005207608996
19.84	-0.004898900709
19.85	-0.004589492267
19.86	-0.00427958883
19.87	-0.003969394241
19.88	-0.003659110905
19.89	-0.003348939675
19.9	-0.003039079728
19.91	-0.002729728456
19.92	-0.002421081348
19.93	-0.00211333188
19.94	-0.001806671412
19.95	-0.001501289072
19.96	-0.001197371658
19.97	-0.0008951035367
19.98	-0.0005946665391
19.99	-0.0002962398677
20	-2.300610108e-17
20.01	0.0002938794032
20.02	0.0005852275875
20.03	0.0008738767916
20.04	0.001159662332
20.05	0.001442422685
20.06	0.001721999565
20.07	0.001998238
20.08	0.002270986408
20.09	0.002540096666
20.1	0.002805424175
20.11	0.003066827933
20.12	0.003324170588
20.13	0.003577318505
20.14	0.003826141818
20.15	0.004070514486
20.16	0.004310314343
20.17	0.004545423145
20.18	0.004775726618
20.19	0.005001114498
20.2	0.005221480568
20.21	0.005436722698
20.22	0.005646742879
20.23	0.005851447247
20.24	0.006050746119
20.25	0.00624455401
20.26	0.00643278966
20.27	0.006615376051
20.28	0.006792240422
20.29	0.006963314281
20.3	0.00712853342
20.31	0.007287837917
20.32	0.007441172144
20.33	0.007588484765
20.34	0.00772972874
20.35	0.007864861316
20.36	0.007993844025
20.37	0.00811664267
20.38	0.008233227318
20.39	0.008343572279
20.4	0.008447656097
20.41	0.008545461523
20.42	0.008636975495
20.43	0.008722189115
20.44	0.008801097618
20.45	0.008873700345
20.46	0.008940000711
20.47	0.009000006165
20.48	0.009053728162
20.49	0.009101182116
20.5	0.009142387361
20.51	0.009177367108
20.52	0.009206148401
20.53	0.009228762064
20.54	0.009245242653
20.55	0.009255628409
20.56	0.009259961195
20.57	0.009258286447
20.58	0.009250653114
20.59	0.009237113599
20.6	0.009217723696
20.61	0.009192542528
20.62	0.009161632484
20.63	0.009125059149
20.64	0.009082891241
20.65	0.009035200538
20.66	0.008982061807
20.67	0.008923552735
20.68	0.008859753855
20.69	0.008790748468
20.7	0.008716622571
20.71	0.00863746478
20.72	0.008553366247
20.73	0.008464420588
20.74	0.008370723799
20.75	0.008272374174
20.76	0.008169472227
20.77	0.008062120607
20.78	0.007950424014
20.79	0.007834489119
20.8	0.007714424474
20.81	0.007590340431
20.82	0.007462349057
20.83	0.007330564045
20.84	0.007195100627
20.85	0.007056075494
20.86	0.006913606701
20.87	0.006767813586
20.88	0.006618816678
20.89	0.006466737614
20.9	0.00631169905
20.91	0.006153824572
20.92	0.005993238612
20.93	0.005830066359
20.94	0.005664433673
20.95	0.005496466998
20.96	0.005326293276
20.97	0.005154039861
20.98	0.004979834434
20.99	0.004803804917
21	0.004626079391
21.01	0.004446786008
21.02	0.004266052913
21.03	0.004084008156
21.04	0.003900779614
21.05	0.003716494909
21.06	0.003531281327
21.07	0.003345265738
21.08	0.00315857452
21.09	0.002971333479
21.1	0.002783667773
21.11	0.002595701836
21.12	0.002407559307
21.13	0.002219362951
21.14	0.00203123459
21.15	0.001843295033
21.16	0.001655664001
21.17	0.001468460067
21.18	0.00128180058
21.19	0.001095801603
21.2	0.0009105778511
21.21	0.0007262426218
21.22	0.0005429077386
21.23	0.0003606834883
21.24	0.0001796785624
21.25	-1.047424526e-17
21.26	-0.0001782468683
21.27	-0.0003549584747
21.28	-0.0005300330669
21.29	-0.0007033707594
21.3	-0.0008748735828
21.31	-0.001044445532
21.32	-0.001211992612
21.33	-0.001377422884
21.34	-0.001540646506
21.35	-0.001701575776
21.36	-0.001860125169
21.37	-0.00201621138
21.38	-0.002169753353
21.39	-0.002320672321
21.4	-0.002468891837
21.41	-0.002614337802
21.42	-0.002756938499
21.43	-0.002896624616
21.44	-0.003033329276
21.45	-0.003166988053
21.46	-0.003297539005
21.47	-0.003424922683
21.48	-0.003549082159
21.49	-0.003669963035
21.5	-0.003787513463
21.51	-0.003901684157
21.52	-0.004012428401
21.53	-0.004119702064
21.54	-0.004223463605
21.55	-0.004323674078
21.56	-0.00442029714
21.57	-0.004513299049
21.58	-0.004602648671
21.59	-0.004688317472
21.6	-0.004770279523
21.61	-0.00484851149
21.62	-0.004922992634
21.63	-0.004993704797
21.64	-0.005060632399
21.65	-0.005123762426
21.66	-0.005183084415
21.67	-0.005238590445
21.68	-0.005290275118
21.69	-0.005338135544
21.7	-0.005382171325
21.71	-0.005422384529
21.72	-0.005458779677
21.73	-0.005491363715
21.74	-0.005520145993
21.75	-0.005545138237
21.76	-0.005566354527
21.77	-0.005583811263
21.78	-0.005597527143
21.79	-0.005607523126
21.8	-0.005613822405
21.81	-0.005616450372
21.82	-0.005615434586
21.83	-0.005610804736
21.84	-0.005602592605
21.85	-0.005590832034
21.86	-0.005575558884
21.87	-0.005556810994
21.88	-0.005534628146
21.89	-0.005509052017
21.9	-0.005480126143
21.91	-0.005447895873
21.92	-0.005412408327
21.93	-0.00537371235
21.94	-0.005331858468
21.95	-0.005286898839
21.96	-0.005238887211
21.97	-0.005187878873
21.98	-0.005133930603
21.99	-0.005077100628
22	-0.005017448565
22.01	-0.004955035379
22.02	-0.00488992333
22.03	-0.004822175922
22.04	-0.004751857854
22.05	-0.004679034965
22.06	-0.004603774189
22.07	-0.004526143497
22.08	-0.004446211846
22.09	-0.00436404913
22.1	-0.004279726125
22.11	-0.004193314434
22.12	-0.004104886439
22.13	-0.004014515246
22.14	-0.003922274631
22.15	-0.003828238989
22.16	-0.003732483277
22.17	-0.003635082969
22.18	-0.003536113995
22.19	-0.003435652693
22.2	-0.003333775754
22.21	-0.003230560175
22.22	-0.003126083197
22.23	-0.003020422264
22.24	-0.002913654965
22.25	-0.002805858985
22.26	-0.002697112051
22.27	-0.002587491887
22.28	-0.002477076161
22.29	-0.002365942433
22.3	-0.002254168109
22.31	-0.002141830393
22.32	-0.002029006235
22.33	-0.001915772287
22.34	-0.001802204855
22.35	-0.001688379851
22.36	-0.001574372747
22.37	-0.001460258535
22.38	-0.001346111675
22.39	-0.001232006056
22.4	-0.001118014952
22.41	-0.001004210979
22.42	-0.0008906660532
22.43	-0.0007774513512
22.44	-0.0006646372694
22.45	-0.0005522933847
22.46	-0.0004404884165
22.47	-0.0003292901889
22.48	-0.0002187655941
22.49	-0.000108980557
22.5	-9.521405558e-18
22.51	0.0001081121906
22.52	0.0002152931978
22.53	0.0003214813058
22.54	0.0004266159307
22.55	0.0005306376514
22.56	0.0006334882376
22.57	0.0007351106788
22.58	0.0008354492108
22.59	0.0009344493419
22.6	0.001032057878
22.61	0.001128222946
22.62	0.001222894018
22.63	0.001316021933
22.64	0.001407558914
22.65	0.001497458594
22.66	0.001585676032
22.67	0.001672167727
22.68	0.00175689164
22.69	0.001839807207
22.7	0.001920875353
22.71	0.002000058508
22.72	0.002077320615
22.73	0.002152627143
22.74	0.002225945101
22.75	0.00229724304
22.76	0.002366491065
22.77	0.002433660845
22.78	0.002498725611
22.79	0.002561660166
22.8	0.002622440891
22.81	0.00268104574
22.82	0.00273745425
22.83	0.002791647535
22.84	0.002843608289
22.85	0.002893320786
22.86	0.002940770873
22.87	0.00298594597
22.88	0.003028835065
22.89	0.003069428707
22.9	0.003107719004
22.91	0.00314369961
22.92	0.003177365719
22.93	0.003208714057
22.94	0.003237742873
22.95	0.003264451924
22.96	0.003288842465
22.97	0.003310917239
22.98	0.003330680457
22.99	0.003348137791
23	0.003363296353
23.01	0.003376164683
23.02	0.003386752729
23.03	0.003395071831
23.04	0.003401134701
23.05	0.003404955407
23.06	0.00340654935
23.07	0.003405933244
23.08	0.003403125098
23.09	0.003398144189
23.1	0.003391011042
23.11	0.003381747408
23.12	0.003370376238
23.13	0.00335692166
23.14	0.003341408954
23.15	0.003323864525
23.16	0.003304315878
23.17	0.003282791593
23.18	0.003259321297
23.19	0.003233935634
23.2	0.00320666624
23.21	0.003177545716
23.22	0.003146607595
23.23	0.003113886316
23.24	0.003079417193
23.25	0.003043236388
23.26	0.003005380878
23.27	0.002965888424
23.28	0.002924797543
23.29	0.002882147479
23.3	0.002837978164
23.31	0.002792330196
23.32	0.002745244801
23.33	0.002696763804
23.34	0.002646929598
23.35	0.00259578511
23.36	0.00254337377
23.37	0.00248973948
23.38	0.002434926581
23.39	0.00237897982
23.4	0.002321944319
23.41	0.002263865545
23.42	0.002204789271
23.43	0.002144761554
23.44	0.002083828694
23.45	0.002022037208
23.46	0.001959433794
23.47	0.001896065304
23.48	0.001831978709
23.49	0.001767221068
23.5	0.001701839501
23.51	0.001635881152
23.52	0.001569393162
23.53	0.001502422638
23.54	0.001435016624
23.55	0.00136722207
23.56	0.001299085801
23.57	0.00123065449
23.58	0.001161974629
23.59	0.0010930925
23.6	0.001024054145
23.61	0.000954905341
23.62	0.0008856915726
23.63	0.0008164580023
23.64	0.000747249446
23.65	0.0006781103465
23.66	0.0006090847476
23.67	0.0005402162688
23.68	0.0004715480809
23.69	0.0004031228815
23.7	0.000334982871
23.71	0.0002671697299
23.72	0.0001997245955
23.73	0.0001326880401
23.74	6.610004912e-05
23.75	1.540330828e-17
23.76	-6.55733583e-05
23.77	-0.0001305819253
23.78	-0.0001949882685
23.79	-0.0002587556419
23.8	-0.0003218480048
23.81	-0.0003842300387
23.82	-0.000445867165
23.83	-0.000506725561
23.84	-0.0005667721758
23.85	-0.0006259747455
23.86	-0.0006843018078
23.87	-0.0007417227157
23.88	-0.0007982076509
23.89	-0.0008537276366
23.9	-0.0009082545491
23.91	-0.0009617611296
23.92	-0.001014220994
23.93	-0.001065608645
23.94	-0.001115899479
23.95	-0.001165069795
23.96	-0.001213096806
23.97	-0.001259958643
23.98	-0.001305634361
23.99	-0.00135010395
24	-0.001393348336
24.01	-0.001435349387
24.02	-0.001476089918
24.03	-0.001515553693
24.04	-0.001553725431
24.05	-0.001590590804
24.06	-0.001626136442
24.07	-0.001660349932
24.08	-0.001693219821
24.09	-0.001724735612
24.1	-0.001754887765
24.11	-0.001783667698
24.12	-0.001811067779
24.13	-0.00183708133
24.14	-0.001861702619
24.15	-0.001884926858
24.16	-0.001906750198
24.17	-0.001927169725
24.18	-0.001946183454
24.19	-0.001963790321
24.2	-0.001979990179
24.21	-0.00199478379
24.22	-0.002008172817
24.23	-0.002020159815
24.24	-0.002030748223
24.25	-0.002039942356
24.26	-0.002047747393
24.27	-0.002054169367
24.28	-0.002059215157
24.29	-0.002062892474
24.3	-0.002065209849
24.31	-0.002066176624
24.32	-0.002065802938
24.33	-0.002064099711
24.34	-0.002061078637
24.35	-0.002056752164
24.36	-0.002051133486
24.37	-0.002044236523
24.38	-0.002036075909
24.39	-0.002026666977
24.4	-0.002016025743
24.41	-0.002004168889
24.42	-0.001991113751
24.43	-0.001976878296
24.44	-0.001961481113
24.45	-0.00194494139
24.46	-0.0019272789
24.47	-0.00190851398
24.48	-0.001888667521
24.49	-0.001867760942
24.5	-0.001845816174
24.51	-0.001822855646
24.52	-0.001798902262
24.53	-0.001773979384
24.54	-0.001748110812
24.55	-0.001721320768
24.56	-0.001693633876
24.57	-0.00166507514
24.58	-0.001635669929
24.59	-0.001605443955
24.6	-0.001574423255
24.61	-0.001542634171
24.62	-0.001510103329
24.63	-0.001476857625
24.64	-0.001442924199
24.65	-0.00140833042
24.66	-0.001373103862
24.67	-0.001337272291
24.68	-0.00130086364
24.69	-0.001263905993
24.7	-0.001226427562
24.71	-0.001188456672
24.72	-0.00115002174
24.73	-0.001111151255
24.74	-0.00107187376
24.75	-0.001032217835
24.76	-0.0009922120741
24.77	-0.0009518850696
24.78	-0.0009112653938
24.79	-0.00087038158
24.8	-0.0008292621042
24.81	-0.0007879353679
24.82	-0.0007464296798
24.83	-0.0007047732385
24.84	-0.000662994115
24.85	-0.0006211202359
24.86	-0.0005791793665
24.87	-0.0005371990938
24.88	-0.0004952068107
24.89	-0.0004532296995
24.9	-0.0004112947158
24.91	-0.0003694285738
24.92	-0.0003276577299
24.93	-0.0002860083686
24.94	-0.0002445063872
24.95	-0.0002031773817
24.96	-0.0001620466325
24.97	-0.0001211390907
24.98	-8.04793645e-05
24.99	-4.00917064e-05
25	-3.891921507e-18
25.01	3.977225227e-05
25.02	7.920194131e-05
25.03	0.0001182663631
25.04	0.0001569432302
25.05	0.0001952106826
25.06	0.0002330472988
25.07	0.0002704321057
25.08	0.0003073445888
25.09	0.0003437647017
25.1	0.0003796728754
25.11	0.0004150500269
25.12	0.0004498775681
25.13	0.0004841374131
25.14	0.0005178119866
25.15	0.0005508842309
25.16	0.0005833376124
25.17	0.0006151561288
25.18	0.0006463243146
25.19	0.000676827247
25.2	0.0007066505515
25.21	0.0007357804062
25.22	0.0007642035468
25.23	0.0007919072705
25.24	0.0008188794398
25.25	0.0008451084856
25.26	0.0008705834107
25.27	0.0008952937916
25.28	0.0009192297813
25.29	0.0009423821105
25.3	0.0009647420895
25.31	0.0009863016087
25.32	0.00100705314
25.33	0.001026989735
25.34	0.001046105028
25.35	0.001064393234
25.36	0.001081849145
25.37	0.001098468135
25.38	0.001114246151
25.39	0.001129179718
25.4	0.001143265931
25.41	0.001156502456
25.42	0.001168887525
25.43	0.001180419934
25.44	0.001191099039
25.45	0.00120092475
25.46	0.001209897528
25.47	0.001218018384
25.48	0.001225288865
25.49	0.001231711059
25.5	0.001237287583
25.51	0.001242021577
25.52	0.001245916701
25.53	0.001248977128
25.54	0.001251207533
25.55	0.001252613092
25.56	0.001253199471
25.57	0.001252972819
25.58	0.001251939759
25.59	0.001250107385
25.6	0.001247483247
25.61	0.001244075347
25.62	0.001239892127
25.63	0.001234942465
25.64	0.001229235659
25.65	0.001222781424
25.66	0.001215589879
25.67	0.001207671537
25.68	0.001199037297
25.69	0.001189698434
25.7	0.001179666585
25.71	0.001168953742
25.72	0.001157572244
25.73	0.001145534758
25.74	0.001132854276
25.75	0.001119544102
25.76	0.001105617838
25.77	0.001091089376
25.78	0.001075972886
25.79	0.001060282804
25.8	0.001044033821
25.81	0.001027240872
25.82	0.001009919123
25.83	0.0009920839613
25.84	0.0009737509813
25.85	0.0009549359756
25.86	0.0009356549211
25.87	0.0009159239686
25.88	0.0008957594298
25.89	0.0008751777666
25.9	0.0008541955786
25.91	0.0008328295914
25.92	0.0008110966451
25.93	0.000789013682
25.94	0.0007665977355
25.95	0.000743865918
25.96	0.0007208354091
25.97	0.0006975234444
25.98	0.0006739473036
25.99	0.0006501242991
26	0.0006260717646
26.01	0.0006018070439
26.02	0.0005773474792
26.03	0.0005527104005
26.04	0.0005279131139
26.05	0.0005029728911
26.06	0.0004779069585
26.07	0.0004527324861
26.08	0.0004274665773
26.09	0.0004021262579
26.1	0.0003767284664
26.11	0.0003512900432
26.12	0.0003258277208
26.13	0.0003003581136
26.14	0.0002748977086
26.15	0.0002494628553
26.16	0.0002240697566
26.17	0.0001987344591
26.18	0.0001734728445
26.19	0.0001483006204
26.2	0.0001232333114
26.21	9.828625092e-05
26.22	7.347457258e-05
26.23	4.881320204e-05
26.24	2.431684913e-05
26.25	-9.454210046e-19
26.26	-2.412309041e-05
26.27	-4.803840571e-05
26.28	-7.173217524e-05
26.29	-9.519088095e-05
26.3	-0.0001184012641
26.31	-0.0001413503319
26.32	-0.0001640253635
26.33	-0.0001864139162
26.34	-0.0002085038313
26.35	-0.0002302832396
26.36	-0.0002517405666
26.37	-0.0002728645381
26.38	-0.0002936441846
26.39	-0.0003140688459
26.4	-0.000334128176
26.41	-0.0003538121469
26.42	-0.0003731110526
26.43	-0.0003920155129
26.44	-0.0004105164767
26.45	-0.0004286052252
26.46	-0.0004462733752
26.47	-0.0004635128814
26.48	-0.0004803160392
26.49	-0.0004966754868
26.5	-0.0005125842073
26.51	-0.0005280355304
26.52	-0.0005430231341
26.53	-0.0005575410457
26.54	-0.0005715836432
26.55	-0.000585145656
26.56	-0.0005982221654
26.57	-0.0006108086052
26.58	-0.0006229007615
26.59	-0.000634494773
26.6	-0.0006455871303
26.61	-0.0006561746758
26.62	-0.0006662546024
26.63	-0.000675824453
26.64	-0.0006848821191
26.65	-0.0006934258391
26.66	-0.0007014541974
26.67	-0.0007089661216
26.68	-0.0007159608815
26.69	-0.0007224380859
26.7	-0.0007283976806
26.71	-0.000733839946
26.72	-0.0007387654937
26.73	-0.0007431752637
26.74	-0.0007470705214
26.75	-0.0007504528539
26.76	-0.0007533241665
26.77	-0.0007556866788
26.78	-0.0007575429213
26.79	-0.0007588957305
26.8	-0.0007597482452
26.81	-0.0007601039019
26.82	-0.0007599664302
26.83	-0.0007593398482
26.84	-0.0007582284571
26.85	-0.0007566368369
26.86	-0.0007545698408
26.87	-0.0007520325898
26.88	-0.0007490304677
26.89	-0.000745569115
26.9	-0.0007416544237
26.91	-0.000737292531
26.92	-0.000732489814
26.93	-0.000727252883
26.94	-0.0007215885759
26.95	-0.0007155039518
26.96	-0.0007090062845
26.97	-0.0007021030566
26.98	-0.0006948019523
26.99	-0.0006871108515
27	-0.0006790378227
27.01	-0.0006705911165
27.02	-0.0006617791589
27.03	-0.0006526105443
27.04	-0.0006430940285
27.05	-0.0006332385223
27.06	-0.0006230530839
27.07	-0.0006125469121
27.08	-0.0006017293395
27.09	-0.0005906098251
27.1	-0.0005791979472
27.11	-0.0005675033966
27.12	-0.0005555359689
27.13	-0.0005433055579
27.14	-0.0005308221482
27.15	-0.0005180958078
27.16	-0.0005051366815
27.17	-0.0004919549832
27.18	-0.0004785609891
27.19	-0.0004649650303
27.2	-0.000451177486
27.21	-0.0004372087762
27.22	-0.0004230693549
27.23	-0.0004087697026
27.24	-0.00039432032
27.25	-0.0003797317204
27.26	-0.0003650144233
27.27	-0.0003501789475
27.28	-0.0003352358038
27.29	-0.0003201954892
27.3	-0.0003050684795
27.31	-0.0002898652228
27.32	-0.0002745961335
27.33	-0.0002592715851
27.34	-0.0002439019045
27.35	-0.0002284973653
27.36	-0.0002130681817
27.37	-0.0001976245024
27.38	-0.0001821764048
27.39	-0.0001667338886
27.4	-0.0001513068702
27.41	-0.0001359051773
27.42	-0.0001205385426
27.43	-0.0001052165988
27.44	-8.99488731e-05
27.45	-7.474478165e-05
27.46	-5.961362461e-05
27.47	-4.456458098e-05
27.48	-2.960670364e-05
27.49	-1.474891455e-05
27.5	-5.72847896e-18
27.51	1.463139394e-05
27.52	2.913676591e-05
27.53	4.350776357e-05
27.54	5.773618782e-05
27.55	7.181399684e-05
27.56	8.573331006e-05
27.57	9.948641193e-05
27.58	0.0001130657556
27.59	0.0001264639664
27.6	0.0001396738452
27.61	0.000152688372
27.62	0.0001655007083
27.63	0.000178104201
27.64	0.0001904923843
27.65	0.000202658983
27.66	0.0002145979149
27.67	0.0002263032929
27.68	0.0002377694277
27.69	0.0002489908294
27.7	0.00025996221
27.71	0.0002706784847
27.72	0.0002811347738
27.73	0.0002913264041
27.74	0.0003012489107
27.75	0.0003108980374
27.76	0.0003202697386
27.77	0.0003293601798
27.78	0.0003381657383
27.79	0.0003466830042
27.8	0.0003549087808
27.81	0.0003628400846
27.82	0.0003704741463
27.83	0.0003778084098
27.84	0.0003848405332
27.85	0.0003915683881
27.86	0.000397990059
27.87	0.0004041038435
27.88	0.0004099082514
27.89	0.0004154020035
27.9	0.0004205840317
27.91	0.0004254534771
27.92	0.0004300096895
27.93	0.0004342522258
27.94	0.0004381808488
27.95	0.0004417955258
27.96	0.0004450964266
27.97	0.0004480839223
27.98	0.000450758583
27.99	0.0004531211762
28	0.0004551726646
28.01	0.0004569142037
28.02	0.0004583471398
28.03	0.0004594730078
28.04	0.0004602935281
28.05	0.0004608106044
28.06	0.0004610263211
28.07	0.0004609429403
28.08	0.000460562899
28.09	0.0004598888063
28.1	0.0004589234398
28.11	0.0004576697433
28.12	0.0004561308228
28.13	0.0004543099437
28.14	0.0004522105272
28.15	0.0004498361469
28.16	0.0004471905252
28.17	0.0004442775301
28.18	0.0004411011709
28.19	0.000437665595
28.2	0.0004339750839
28.21	0.0004300340495
28.22	0.0004258470301
28.23	0.0004214186865
28.24	0.0004167537981
28.25	0.0004118572586
28.26	0.0004067340723
28.27	0.0004013893498
28.28	0.0003958283039
28.29	0.0003900562454
28.3	0.0003840785787
28.31	0.000377900798
28.32	0.0003715284827
28.33	0.0003649672933
28.34	0.0003582229669
28.35	0.000351301313
28.36	0.0003442082095
28.37	0.0003369495977
28.38	0.0003295314785
28.39	0.0003219599077
28.4	0.0003142409921
28.41	0.0003063808847
28.42	0.0002983857805
28.43	0.0002902619124
28.44	0.0002820155466
28.45	0.0002736529782
28.46	0.0002651805275
28.47	0.0002566045349
28.48	0.0002479313574
28.49	0.0002391673638
28.5	0.0002303189309
28.51	0.000221392439
28.52	0.000212394268
28.53	0.0002033307933
28.54	0.0001942083813
28.55	0.0001850333861
28.56	0.0001758121448
28.57	0.000166550974
28.58	0.0001572561656
28.59	0.000147933983
28.6	0.0001385906577
28.61	0.0001292323848
28.62	0.0001198653198
28.63	0.000110495575
28.64	0.0001011292154
28.65	9.177225581e-05
28.66	8.243065683e-05
28.67	7.311032175e-05
28.68	6.381709309e-05
28.69	5.455674934e-05
28.7	4.533500173e-05
28.71	3.615749106e-05
28.72	2.70297847e-05
28.73	1.795737349e-05
28.74	8.94566887e-06
28.75	2.258292103e-18
28.76	-8.874389018e-06
28.77	-1.767234185e-05
28.78	-2.638879254e-05
28.79	-3.501876809e-05
28.8	-4.355739088e-05
28.81	-5.199988111e-05
28.82	-6.034155906e-05
28.83	-6.857784732e-05
28.84	-7.670427294e-05
28.85	-8.471646948e-05
28.86	-9.261017898e-05
28.87	-0.0001003812538
28.88	-0.0001080256585
28.89	-0.0001155394715
28.9	-0.0001229188867
28.91	-0.0001301602149
28.92	-0.0001372598855
28.93	-0.0001442144478
28.94	-0.000151020572
28.95	-0.0001576750507
28.96	-0.0001641747999
28.97	-0.0001705168598
28.98	-0.0001766983961
28.99	-0.0001827167005
29	-0.0001885691917
29.01	-0.0001942534159
29.02	-0.0001997670471
29.03	-0.0002051078883
29.04	-0.0002102738712
29.05	-0.0002152630569
29.06	-0.0002200736359
29.07	-0.0002247039283
29.08	-0.000229152384
29.09	-0.0002334175825
29.1	-0.0002374982327
29.11	-0.000241393173
29.12	-0.0002451013708
29.13	-0.0002486219221
29.14	-0.0002519540512
29.15	-0.0002550971102
29.16	-0.0002580505781
29.17	-0.0002608140606
29.18	-0.000263387289
29.19	-0.0002657701193
29.2	-0.0002679625317
29.21	-0.0002699646293
29.22	-0.000271776637
29.23	-0.0002733989007
29.24	-0.0002748318859
29.25	-0.0002760761765
29.26	-0.0002771324734
29.27	-0.0002780015931
29.28	-0.0002786844665
29.29	-0.0002791821372
29.3	-0.0002794957599
29.31	-0.0002796265987
29.32	-0.0002795760257
29.33	-0.000279345519
29.34	-0.0002789366611
29.35	-0.0002783511367
29.36	-0.0002775907313
29.37	-0.0002766573289
29.38	-0.0002755529099
29.39	-0.0002742795494
29.4	-0.0002728394149
29.41	-0.0002712347643
29.42	-0.0002694679434
29.43	-0.0002675413842
29.44	-0.0002654576021
29.45	-0.0002632191939
29.46	-0.0002608288357
29.47	-0.0002582892801
29.48	-0.0002556033539
29.49	-0.0002527739561
29.5	-0.0002498040547
29.51	-0.0002466966852
29.52	-0.0002434549472
29.53	-0.0002400820023
29.54	-0.0002365810718
29.55	-0.0002329554337
29.56	-0.0002292084203
29.57	-0.0002253434157
29.58	-0.0002213638532
29.59	-0.0002172732124
29.6	-0.0002130750172
29.61	-0.0002087728324
29.62	-0.0002043702618
29.63	-0.000199870945
29.64	-0.0001952785552
29.65	-0.0001905967963
29.66	-0.0001858294001
29.67	-0.0001809801243
29.68	-0.0001760527492
29.69	-0.0001710510755
29.7	-0.0001659789214
29.71	-0.0001608401203
29.72	-0.0001556385179
29.73	-0.0001503779698
29.74	-0.000145062339
29.75	-0.0001396954931
29.76	-0.0001342813021
29.77	-0.0001288236355
29.78	-0.0001233263602
29.79	-0.0001177933376
29.8	-0.0001122284218
29.81	-0.0001066354562
29.82	-0.0001010182721
29.83	-9.538068585e-05
29.84	-8.972649633e-05
29.85	-8.405948305e-05
29.86	-7.83834036e-05
29.87	-7.270199152e-05
29.88	-6.701895399e-05
29.89	-6.133796975e-05
29.9	-5.566268686e-05
29.91	-4.999672067e-05
29.92	-4.434365168e-05
29.93	-3.870702357e-05
29.94	-3.309034117e-05
29.95	-2.74970685e-05
29.96	-2.193062691e-05
29.97	-1.639439315e-05
29.98	-1.089169759e-05
29.99	-5.425822441e-06
30	-6.320571593e-19
