temps	angle
0	0
0.01	0.704647054
0.02	1.404510964
0.03	2.09905628
0.04	2.787755038
0.05	3.470087147
0.06	4.145540759
0.07	4.81361263
0.08	5.473808476
0.09	6.125643319
0.1	6.768641819
0.11	7.402338603
0.12	8.026278578
0.13	8.640017236
0.14	9.243120952
0.15	9.835167264
0.16	10.41574515
0.17	10.98445529
0.18	11.54091033
0.19	12.08473507
0.2	12.61556679
0.21	13.13305537
0.22	13.63686356
0.23	14.12666714
0.24	14.60215512
0.25	15.06302991
0.26	15.50900749
0.27	15.93981753
0.28	16.35520354
0.29	16.754923
0.3	17.13874747
0.31	17.5064627
0.32	17.85786867
0.33	18.19277974
0.34	18.51102464
0.35	18.81244659
0.36	19.09690328
0.37	19.36426694
0.38	19.61442434
0.39	19.84727678
0.4	20.06274011
0.41	20.26074471
0.42	20.44123542
0.43	20.60417154
0.44	20.74952678
0.45	20.87728913
0.46	20.98746088
0.47	21.08005846
0.48	21.15511237
0.49	21.21266706
0.5	21.25278082
0.51	21.27552567
0.52	21.28098716
0.53	21.26926429
0.54	21.24046931
0.55	21.19472754
0.56	21.13217723
0.57	21.05296934
0.58	20.95726735
0.59	20.84524708
0.6	20.71709641
0.61	20.57301512
0.62	20.41321465
0.63	20.2379178
0.64	20.04735857
0.65	19.84178184
0.66	19.62144313
0.67	19.38660834
0.68	19.13755344
0.69	18.87456423
0.7	18.59793603
0.71	18.30797338
0.72	18.00498974
0.73	17.68930721
0.74	17.36125616
0.75	17.021175
0.76	16.66940977
0.77	16.30631389
0.78	15.93224777
0.79	15.54757852
0.8	15.1526796
0.81	14.74793048
0.82	14.33371629
0.83	13.9104275
0.84	13.47845955
0.85	13.0382125
0.86	12.59009071
0.87	12.13450244
0.88	11.67185956
0.89	11.20257714
0.9	10.72707312
0.91	10.24576795
0.92	9.759084258
0.93	9.267446461
0.94	8.771280438
0.95	8.271013169
0.96	7.767072385
0.97	7.259886218
0.98	6.749882856
0.99	6.237490195
1	5.723135498
1.01	5.207245053
1.02	4.690243836
1.03	4.172555174
1.04	3.654600418
1.05	3.136798614
1.06	2.619566174
1.07	2.103316563
1.08	1.58845998
1.09	1.075403047
1.1	0.5645485047
1.11	0.05629490681
1.12	-0.4489636714
1.13	-0.9508379264
1.14	-1.448943611
1.15	-1.942901815
1.16	-2.432339235
1.17	-2.916888447
1.18	-3.396188164
1.19	-3.86988349
1.2	-4.33762617
1.21	-4.79907483
1.22	-5.253895209
1.23	-5.70176039
1.24	-6.142351017
1.25	-6.575355506
1.26	-7.000470252
1.27	-7.417399825
1.28	-7.825857159
1.29	-8.225563734
1.3	-8.616249748
1.31	-8.997654285
1.32	-9.369525468
1.33	-9.731620611
1.34	-10.08370636
1.35	-10.42555882
1.36	-10.7569637
1.37	-11.07771638
1.38	-11.38762207
1.39	-11.6864959
1.4	-11.97416296
1.41	-12.25045845
1.42	-12.51522772
1.43	-12.76832632
1.44	-13.00962007
1.45	-13.23898511
1.46	-13.45630795
1.47	-13.66148547
1.48	-13.85442496
1.49	-14.03504412
1.5	-14.20327108
1.51	-14.35904438
1.52	-14.50231299
1.53	-14.63303622
1.54	-14.75118378
1.55	-14.85673566
1.56	-14.94968214
1.57	-15.03002373
1.58	-15.09777106
1.59	-15.15294487
1.6	-15.19557592
1.61	-15.22570487
1.62	-15.24338223
1.63	-15.24866824
1.64	-15.24163277
1.65	-15.22235518
1.66	-15.19092426
1.67	-15.14743803
1.68	-15.09200367
1.69	-15.02473731
1.7	-14.94576395
1.71	-14.85521729
1.72	-14.75323952
1.73	-14.63998121
1.74	-14.51560113
1.75	-14.38026606
1.76	-14.23415061
1.77	-14.07743702
1.78	-13.910315
1.79	-13.73298151
1.8	-13.54564056
1.81	-13.348503
1.82	-13.14178632
1.83	-12.92571443
1.84	-12.70051744
1.85	-12.46643144
1.86	-12.22369827
1.87	-11.97256528
1.88	-11.71328513
1.89	-11.44611553
1.9	-11.171319
1.91	-10.88916264
1.92	-10.59991789
1.93	-10.30386026
1.94	-10.00126913
1.95	-9.692427457
1.96	-9.377621546
1.97	-9.057140797
1.98	-8.731277453
1.99	-8.400326348
2	-8.06458465
2.01	-7.724351612
2.02	-7.379928318
2.03	-7.031617426
2.04	-6.679722917
2.05	-6.324549843
2.06	-5.966404073
2.07	-5.605592042
2.08	-5.2424205
2.09	-4.877196266
2.1	-4.510225975
2.11	-4.141815838
2.12	-3.772271393
2.13	-3.401897264
2.14	-3.030996922
2.15	-2.659872447
2.16	-2.288824293
2.17	-1.918151055
2.18	-1.548149238
2.19	-1.179113033
2.2	-0.8113340953
2.21	-0.4451013186
2.22	-0.08070062432
2.23	0.2815852537
2.24	0.6414769772
2.25	0.9986988086
2.26	1.352978812
2.27	1.704049048
2.28	2.051645769
2.29	2.395509602
2.3	2.735385738
2.31	3.071024102
2.32	3.402179532
2.33	3.728611948
2.34	4.050086509
2.35	4.366373777
2.36	4.677249867
2.37	4.982496594
2.38	5.281901615
2.39	5.575258566
2.4	5.862367192
2.41	6.143033472
2.42	6.417069737
2.43	6.684294786
2.44	6.944533989
2.45	7.197619393
2.46	7.443389815
2.47	7.681690931
2.48	7.912375361
2.49	8.135302746
2.5	8.350339816
2.51	8.557360461
2.52	8.756245782
2.53	8.946884153
2.54	9.12917126
2.55	9.303010142
2.56	9.46831123
2.57	9.624992371
2.58	9.77297885
2.59	9.912203407
2.6	10.04260625
2.61	10.16413504
2.62	10.27674493
2.63	10.3803985
2.64	10.47506579
2.65	10.56072427
2.66	10.63735877
2.67	10.70496153
2.68	10.76353208
2.69	10.81307724
2.7	10.85361109
2.71	10.88515485
2.72	10.90773687
2.73	10.92139258
2.74	10.92616436
2.75	10.92210151
2.76	10.90926015
2.77	10.88770314
2.78	10.8575
2.79	10.81872679
2.8	10.77146603
2.81	10.71580658
2.82	10.65184354
2.83	10.57967814
2.84	10.4994176
2.85	10.41117504
2.86	10.31506933
2.87	10.21122495
2.88	10.09977191
2.89	9.980845539
2.9	9.854586395
2.91	9.721140104
2.92	9.580657212
2.93	9.433293038
2.94	9.279207513
2.95	9.118565035
2.96	8.951534298
2.97	8.778288137
2.98	8.599003364
2.99	8.413860599
3	8.223044103
3.01	8.026741607
3.02	7.825144142
3.03	7.618445861
3.04	7.406843871
3.05	7.190538047
3.06	6.969730864
3.07	6.744627211
3.08	6.515434214
3.09	6.282361059
3.1	6.045618803
3.11	5.805420202
3.12	5.561979523
3.13	5.315512364
3.14	5.066235473
3.15	4.814366566
3.16	4.560124146
3.17	4.303727321
3.18	4.045395625
3.19	3.785348838
3.2	3.523806809
3.21	3.260989276
3.22	2.997115689
3.23	2.732405038
3.24	2.467075678
3.25	2.201345156
3.26	1.93543004
3.27	1.669545752
3.28	1.403906401
3.29	1.138724618
3.3	0.8742113915
3.31	0.6105759104
3.32	0.3480254046
3.33	0.08676498962
3.34	-0.1730024855
3.35	-0.4310765887
3.36	-0.6872594514
3.37	-0.9413559132
3.38	-1.193173663
3.39	-1.442523375
3.4	-1.689218848
3.41	-1.933077132
3.42	-2.173918657
3.43	-2.411567361
3.44	-2.645850808
3.45	-2.876600305
3.46	-3.103651015
3.47	-3.326842072
3.48	-3.54601668
3.49	-3.761022218
3.5	-3.97171034
3.51	-4.177937066
3.52	-4.379562872
3.53	-4.57645278
3.54	-4.768476432
3.55	-4.955508175
3.56	-5.137427131
3.57	-5.314117264
3.58	-5.485467447
3.59	-5.651371523
3.6	-5.811728357
3.61	-5.966441891
3.62	-6.115421191
3.63	-6.258580487
3.64	-6.395839214
3.65	-6.527122043
3.66	-6.652358913
3.67	-6.771485056
3.68	-6.884441014
3.69	-6.991172659
3.7	-7.091631204
3.71	-7.185773209
3.72	-7.273560584
3.73	-7.35496059
3.74	-7.429945831
3.75	-7.498494244
3.76	-7.560589088
3.77	-7.616218922
3.78	-7.665377585
3.79	-7.708064166
3.8	-7.744282978
3.81	-7.774043522
3.82	-7.797360444
3.83	-7.814253498
3.84	-7.824747496
3.85	-7.82887226
3.86	-7.826662567
3.87	-7.818158091
3.88	-7.803403341
3.89	-7.782447598
3.9	-7.755344848
3.91	-7.722153705
3.92	-7.68293734
3.93	-7.637763405
3.94	-7.586703945
3.95	-7.529835322
3.96	-7.467238118
3.97	-7.398997054
3.98	-7.325200891
3.99	-7.245942337
4	-7.161317948
4.01	-7.071428026
4.02	-6.976376519
4.03	-6.87627091
4.04	-6.771222116
4.05	-6.661344371
4.06	-6.546755121
4.07	-6.427574904
4.08	-6.303927239
4.09	-6.175938505
4.1	-6.043737825
4.11	-5.907456944
4.12	-5.767230108
4.13	-5.623193939
4.14	-5.475487311
4.15	-5.324251229
4.16	-5.169628696
4.17	-5.011764591
4.18	-4.850805536
4.19	-4.686899773
4.2	-4.520197032
4.21	-4.3508484
4.22	-4.179006194
4.23	-4.00482383
4.24	-3.82845569
4.25	-3.650056996
4.26	-3.469783678
4.27	-3.287792243
4.28	-3.104239649
4.29	-2.919283169
4.3	-2.733080271
4.31	-2.545788484
4.32	-2.357565271
4.33	-2.168567905
4.34	-1.978953342
4.35	-1.788878097
4.36	-1.598498119
4.37	-1.40796867
4.38	-1.217444205
4.39	-1.027078248
4.4	-0.8370232799
4.41	-0.6474306176
4.42	-0.4584503001
4.43	-0.2702309757
4.44	-0.08291978981
4.45	0.1033377241
4.46	0.2883977525
4.47	0.4721183072
4.48	0.6543593289
4.49	0.8349827888
4.5	1.013852787
4.51	1.190835651
4.52	1.365800027
4.53	1.538616975
4.54	1.709160058
4.55	1.877305426
4.56	2.042931903
4.57	2.205921068
4.58	2.366157335
4.59	2.523528028
4.6	2.677923452
4.61	2.82923697
4.62	2.977365064
4.63	3.122207404
4.64	3.263666908
4.65	3.4016498
4.66	3.53606567
4.67	3.66682752
4.68	3.79385182
4.69	3.917058551
4.7	4.03637125
4.71	4.151717049
4.72	4.263026715
4.73	4.37023468
4.74	4.473279074
4.75	4.572101755
4.76	4.666648329
4.77	4.756868176
4.78	4.842714464
4.79	4.924144166
4.8	5.001118075
4.81	5.073600805
4.82	5.141560806
4.83	5.204970358
4.84	5.263805579
4.85	5.318046411
4.86	5.367676623
4.87	5.412683795
4.88	5.453059309
4.89	5.48879833
4.9	5.51989979
4.91	5.546366364
4.92	5.568204446
4.93	5.585424125
4.94	5.598039148
4.95	5.606066895
4.96	5.609528336
4.97	5.608447997
4.98	5.602853918
4.99	5.592777609
5	5.578254004
5.01	5.559321412
5.02	5.536021467
5.03	5.508399074
5.04	5.476502353
5.05	5.440382579
5.06	5.400094127
5.07	5.355694405
5.08	5.307243791
5.09	5.254805567
5.1	5.198445851
5.11	5.138233525
5.12	5.074240164
5.13	5.006539963
5.14	4.935209659
5.15	4.860328459
5.16	4.781977956
5.17	4.700242049
5.18	4.615206868
5.19	4.526960683
5.2	4.435593827
5.21	4.341198605
5.22	4.243869212
5.23	4.143701645
5.24	4.040793613
5.25	3.93524445
5.26	3.827155023
5.27	3.716627645
5.28	3.603765981
5.29	3.488674956
5.3	3.371460667
5.31	3.252230285
5.32	3.131091965
5.33	3.008154754
5.34	2.883528496
5.35	2.757323739
5.36	2.629651641
5.37	2.500623881
5.38	2.370352558
5.39	2.238950106
5.4	2.106529197
5.41	1.97320265
5.42	1.839083338
5.43	1.7042841
5.44	1.568917644
5.45	1.433096467
5.46	1.296932753
5.47	1.160538295
5.48	1.024024403
5.49	0.8875018158
5.5	0.7510806179
5.51	0.6148701532
5.52	0.4789789416
5.53	0.3435145968
5.54	0.2085837444
5.55	0.07429194243
5.56	-0.05925639773
5.57	-0.1919580884
5.58	-0.3237112417
5.59	-0.4544153436
5.6	-0.5839713267
5.61	-0.712281642
5.62	-0.8392503275
5.63	-0.9647830769
5.64	-1.088787305
5.65	-1.211172213
5.66	-1.33184885
5.67	-1.450730174
5.68	-1.567731111
5.69	-1.68276861
5.7	-1.795761701
5.71	-1.906631545
5.72	-2.015301487
5.73	-2.121697103
5.74	-2.225746247
5.75	-2.327379096
5.76	-2.426528191
5.77	-2.52312848
5.78	-2.617117355
5.79	-2.708434684
5.8	-2.797022851
5.81	-2.882826783
5.82	-2.965793981
5.83	-3.045874545
5.84	-3.123021201
5.85	-3.197189324
5.86	-3.268336953
5.87	-3.336424815
5.88	-3.401416337
5.89	-3.463277662
5.9	-3.521977655
5.91	-3.577487919
5.92	-3.629782795
5.93	-3.67883937
5.94	-3.724637477
5.95	-3.767159698
5.96	-3.806391357
5.97	-3.84232052
5.98	-3.874937984
5.99	-3.904237272
6	-3.930214619
6.01	-3.952868961
6.02	-3.972201917
6.03	-3.988217773
6.04	-4.000923466
6.05	-4.010328555
6.06	-4.016445206
6.07	-4.01928816
6.08	-4.018874709
6.09	-4.015224666
6.1	-4.008360334
6.11	-3.998306474
6.12	-3.985090269
6.13	-3.968741288
6.14	-3.949291448
6.15	-3.926774973
6.16	-3.901228357
6.17	-3.872690316
6.18	-3.841201744
6.19	-3.806805671
6.2	-3.769547211
6.21	-3.729473516
6.22	-3.686633725
6.23	-3.641078912
6.24	-3.592862034
6.25	-3.542037877
6.26	-3.488662999
6.27	-3.432795678
6.28	-3.374495851
6.29	-3.313825056
6.3	-3.250846374
6.31	-3.185624371
6.32	-3.118225032
6.33	-3.048715704
6.34	-2.97716503
6.35	-2.90364289
6.36	-2.828220333
6.37	-2.750969514
6.38	-2.671963633
6.39	-2.591276863
6.4	-2.508984291
6.41	-2.425161847
6.42	-2.33988624
6.43	-2.253234893
6.44	-2.165285874
6.45	-2.076117827
6.46	-1.985809913
6.47	-1.894441734
6.48	-1.802093273
6.49	-1.708844822
6.5	-1.614776921
6.51	-1.519970287
6.52	-1.42450575
6.53	-1.328464186
6.54	-1.231926452
6.55	-1.134973323
6.56	-1.037685425
6.57	-0.9401431703
6.58	-0.842426696
6.59	-0.7446158002
6.6	-0.6467898798
6.61	-0.5490278687
6.62	-0.4514081772
6.63	-0.3540086319
6.64	-0.2569064162
6.65	-0.1601780124
6.66	-0.06389914376
6.67	0.03185528158
6.68	0.1270112263
6.69	0.2214955784
6.7	0.3152362044
6.71	0.4081620019
6.72	0.5002029503
6.73	0.5912901613
6.74	0.6813559272
6.75	0.7703337687
6.76	0.8581584809
6.77	0.9447661784
6.78	1.030094339
6.79	1.114081845
6.8	1.196669026
6.81	1.277797696
6.82	1.357411194
6.83	1.435454417
6.84	1.51187386
6.85	1.586617644
6.86	1.659635552
6.87	1.73087906
6.88	1.800301362
6.89	1.8678574
6.9	1.933503892
6.91	1.997199351
6.92	2.058904112
6.93	2.118580352
6.94	2.176192109
6.95	2.2317053
6.96	2.285087736
6.97	2.33630914
6.98	2.385341157
6.99	2.432157365
7	2.476733288
7.01	2.5190464
7.02	2.559076135
7.03	2.59680389
7.04	2.632213027
7.05	2.665288879
7.06	2.696018745
7.07	2.724391892
7.08	2.75039955
7.09	2.774034909
7.1	2.795293111
7.11	2.814171241
7.12	2.830668324
7.13	2.844785306
7.14	2.856525047
7.15	2.865892307
7.16	2.872893728
7.17	2.877537819
7.18	2.87983494
7.19	2.879797278
7.2	2.877438831
7.21	2.872775383
7.22	2.86582448
7.23	2.856605409
7.24	2.845139168
7.25	2.831448441
7.26	2.815557569
7.27	2.797492522
7.28	2.777280864
7.29	2.754951726
7.3	2.730535773
7.31	2.704065165
7.32	2.675573529
7.33	2.645095917
7.34	2.612668773
7.35	2.578329895
7.36	2.542118394
7.37	2.504074658
7.38	2.464240308
7.39	2.422658163
7.4	2.379372189
7.41	2.334427468
7.42	2.287870145
7.43	2.239747391
7.44	2.190107354
7.45	2.138999121
7.46	2.086472664
7.47	2.032578801
7.48	1.977369151
7.49	1.920896079
7.5	1.86321266
7.51	1.804372625
7.52	1.744430315
7.53	1.683440635
7.54	1.621459007
7.55	1.558541318
7.56	1.494743879
7.57	1.43012337
7.58	1.364736796
7.59	1.298641439
7.6	1.23189481
7.61	1.164554599
7.62	1.096678633
7.63	1.02832482
7.64	0.9595511096
7.65	0.8904154436
7.66	0.8209757076
7.67	0.7512896863
7.68	0.6814150175
7.69	0.6114091461
7.7	0.541329279
7.71	0.4712323408
7.72	0.401174929
7.73	0.331213271
7.74	0.2614031804
7.75	0.1918000149
7.76	0.1224586344
7.77	0.05343335929
7.78	-0.01522206944
7.79	-0.0834545305
7.8	-0.1512115612
7.81	-0.218441396
7.82	-0.2850930038
7.83	-0.3511161248
7.84	-0.4164613065
7.85	-0.4810799384
7.86	-0.5449242867
7.87	-0.6079475268
7.88	-0.6701037764
7.89	-0.731348126
7.9	-0.7916366701
7.91	-0.8509265359
7.92	-0.9091759121
7.93	-0.9663440762
7.94	-1.022391421
7.95	-1.077279478
7.96	-1.130970945
7.97	-1.183429707
7.98	-1.234620858
7.99	-1.284510723
8	-1.333066877
8.01	-1.380258163
8.02	-1.426054711
8.03	-1.470427956
8.04	-1.513350647
8.05	-1.554796869
8.06	-1.594742048
8.07	-1.633162971
8.08	-1.670037789
8.09	-1.705346032
8.1	-1.739068613
8.11	-1.77118784
8.12	-1.801687416
8.13	-1.830552448
8.14	-1.857769451
8.15	-1.883326348
8.16	-1.90721247
8.17	-1.929418561
8.18	-1.949936775
8.19	-1.96876067
8.2	-1.985885212
8.21	-2.001306764
8.22	-2.015023084
8.23	-2.027033318
8.24	-2.037337992
8.25	-2.045939003
8.26	-2.052839612
8.27	-2.058044428
8.28	-2.0615594
8.29	-2.063391805
8.3	-2.06355023
8.31	-2.062044562
8.32	-2.058885969
8.33	-2.054086885
8.34	-2.04766099
8.35	-2.039623196
8.36	-2.029989624
8.37	-2.018777582
8.38	-2.006005551
8.39	-1.991693157
8.4	-1.975861148
8.41	-1.958531375
8.42	-1.939726766
8.43	-1.919471298
8.44	-1.897789975
8.45	-1.874708803
8.46	-1.850254756
8.47	-1.824455758
8.48	-1.797340645
8.49	-1.768939146
8.5	-1.739281846
8.51	-1.708400159
8.52	-1.676326301
8.53	-1.643093252
8.54	-1.608734731
8.55	-1.573285164
8.56	-1.536779647
8.57	-1.49925392
8.58	-1.46074433
8.59	-1.421287799
8.6	-1.380921793
8.61	-1.339684285
8.62	-1.297613726
8.63	-1.254749005
8.64	-1.211129422
8.65	-1.166794646
8.66	-1.121784689
8.67	-1.076139866
8.68	-1.029900763
8.69	-0.983108202
8.7	-0.9358032066
8.71	-0.8880269684
8.72	-0.8398208124
8.73	-0.7912261627
8.74	-0.7422845087
8.75	-0.6930373715
8.76	-0.6435262699
8.77	-0.5937926869
8.78	-0.543878037
8.79	-0.4938236326
8.8	-0.4436706518
8.81	-0.3934601058
8.82	-0.3432328066
8.83	-0.293029336
8.84	-0.2428900135
8.85	-0.1928548658
8.86	-0.1429635962
8.87	-0.09325555461
8.88	-0.04376970776
8.89	0.005455389755
8.9	0.05438162412
8.91	0.1029713504
8.92	0.1511874201
8.93	0.198993208
8.94	0.2463526388
8.95	0.2932302126
8.96	0.3395910303
8.97	0.3854008181
8.98	0.4306259512
8.99	0.4752334773
9	0.5191911388
9.01	0.5624673951
9.02	0.6050314433
9.03	0.6468532387
9.04	0.6879035147
9.05	0.7281538017
9.06	0.7675764447
9.07	0.8061446218
9.08	0.8438323598
9.09	0.8806145505
9.1	0.9164669659
9.11	0.9513662723
9.12	0.9852900436
9.13	1.018216774
9.14	1.050125891
9.15	1.080997763
9.16	1.110813714
9.17	1.13955603
9.18	1.167207968
9.19	1.193753765
9.2	1.219178642
9.21	1.243468814
9.22	1.26661149
9.23	1.288594885
9.24	1.309408213
9.25	1.329041701
9.26	1.347486582
9.27	1.364735101
9.28	1.380780512
9.29	1.39561708
9.3	1.40924008
9.31	1.42164579
9.32	1.432831495
9.33	1.442795478
9.34	1.451537015
9.35	1.459056375
9.36	1.465354808
9.37	1.470434542
9.38	1.474298772
9.39	1.476951656
9.4	1.478398301
9.41	1.478644758
9.42	1.477698008
9.43	1.47556595
9.44	1.472257395
9.45	1.467782047
9.46	1.462150492
9.47	1.455374186
9.48	1.447465437
9.49	1.438437396
9.5	1.428304032
9.51	1.417080127
9.52	1.404781249
9.53	1.391423741
9.54	1.377024702
9.55	1.361601967
9.56	1.345174091
9.57	1.327760326
9.58	1.309380605
9.59	1.290055519
9.6	1.2698063
9.61	1.248654795
9.62	1.226623449
9.63	1.203735282
9.64	1.180013867
9.65	1.155483306
9.66	1.130168211
9.67	1.104093678
9.68	1.077285265
9.69	1.049768968
9.7	1.0215712
9.71	0.992718763
9.72	0.9632388276
9.73	0.9331589072
9.74	0.9025068342
9.75	0.8713107357
9.76	0.839599009
9.77	0.8074002971
9.78	0.7747434642
9.79	0.7416575709
9.8	0.7081718499
9.81	0.6743156812
9.82	0.6401185677
9.83	0.6056101106
9.84	0.5708199849
9.85	0.5357779151
9.86	0.5005136509
9.87	0.4650569433
9.88	0.4294375201
9.89	0.3936850628
9.9	0.3578291823
9.91	0.3218993959
9.92	0.2859251036
9.93	0.2499355657
9.94	0.2139598797
9.95	0.1780269578
9.96	0.1421655047
9.97	0.1064039959
9.98	0.07077065612
9.99	0.03529343767
10	1.371860413e-15
10.01	-0.03508231105
10.02	-0.06992648341
10.03	-0.1045058585
10.04	-0.1387941507
10.05	-0.172765466
10.06	-0.2063943212
10.07	-0.2396556611
10.08	-0.2725248768
10.09	-0.3049778227
10.1	-0.336990833
10.11	-0.3685407381
10.12	-0.3996048803
10.13	-0.4301611288
10.14	-0.4601878948
10.15	-0.489664145
10.16	-0.518569416
10.17	-0.5468838267
10.18	-0.5745880914
10.19	-0.6016635313
10.2	-0.6280920863
10.21	-0.6538563257
10.22	-0.6789394583
10.23	-0.7033253425
10.24	-0.7269984952
10.25	-0.7499441001
10.26	-0.7721480163
10.27	-0.793596785
10.28	-0.8142776366
10.29	-0.8341784968
10.3	-0.8532879922
10.31	-0.8715954552
10.32	-0.8890909284
10.33	-0.9057651686
10.34	-0.9216096494
10.35	-0.9366165645
10.36	-0.9507788293
10.37	-0.9640900822
10.38	-0.9765446855
10.39	-0.9881377259
10.4	-0.9988650137
10.41	-1.008723082
10.42	-1.017709185
10.43	-1.025821297
10.44	-1.033058108
10.45	-1.039419021
10.46	-1.04490415
10.47	-1.049514312
10.48	-1.053251026
10.49	-1.056116505
10.5	-1.058113652
10.51	-1.059246051
10.52	-1.059517963
10.53	-1.058934316
10.54	-1.057500698
10.55	-1.055223349
10.56	-1.052109152
10.57	-1.048165624
10.58	-1.043400903
10.59	-1.037823741
10.6	-1.031443495
10.61	-1.02427011
10.62	-1.016314113
10.63	-1.007586597
10.64	-0.9980992117
10.65	-0.987864149
10.66	-0.9768941306
10.67	-0.9652023946
10.68	-0.9528026814
10.69	-0.9397092198
10.7	-0.9259367127
10.71	-0.9115003223
10.72	-0.8964156553
10.73	-0.8806987472
10.74	-0.8643660475
10.75	-0.8474344034
10.76	-0.8299210441
10.77	-0.8118435645
10.78	-0.793219909
10.79	-0.7740683548
10.8	-0.7544074953
10.81	-0.7342562231
10.82	-0.7136337131
10.83	-0.6925594052
10.84	-0.6710529871
10.85	-0.6491343772
10.86	-0.6268237068
10.87	-0.6041413028
10.88	-0.5811076701
10.89	-0.5577434741
10.9	-0.5340695228
10.91	-0.5101067495
10.92	-0.4858761952
10.93	-0.4613989906
10.94	-0.4366963388
10.95	-0.4117894981
10.96	-0.3866997638
10.97	-0.3614484515
10.98	-0.3360568792
10.99	-0.3105463508
11	-0.2849381383
11.01	-0.2592534655
11.02	-0.2335134905
11.03	-0.2077392897
11.04	-0.1819518409
11.05	-0.156172007
11.06	-0.1304205202
11.07	-0.1047179655
11.08	-0.07908476562
11.09	-0.05354116505
11.1	-0.028107215
11.11	-0.002802758374
11.12	0.022352585
11.13	0.04733943285
11.14	0.07213865463
11.15	0.09673138548
11.16	0.1210990398
11.17	0.1452233246
11.18	0.1690862523
11.19	0.1926701539
11.2	0.2159576907
11.21	0.2389318666
11.22	0.26157604
11.23	0.2838739344
11.24	0.30580965
11.25	0.3273676741
11.26	0.348532891
11.27	0.3692905922
11.28	0.3896264854
11.29	0.409526704
11.3	0.4289778153
11.31	0.447966829
11.32	0.466481205
11.33	0.4845088607
11.34	0.5020381779
11.35	0.5190580099
11.36	0.535557687
11.37	0.5515270226
11.38	0.5669563186
11.39	0.5818363701
11.4	0.5961584699
11.41	0.6099144126
11.42	0.6230964982
11.43	0.6356975353
11.44	0.6477108436
11.45	0.6591302569
11.46	0.6699501241
11.47	0.6801653113
11.48	0.6897712026
11.49	0.698763701
11.5	0.7071392282
11.51	0.7148947244
11.52	0.7220276482
11.53	0.7285359748
11.54	0.7344181953
11.55	0.739673314
11.56	0.744300847
11.57	0.7483008188
11.58	0.7516737597
11.59	0.7544207023
11.6	0.7565431771
11.61	0.7580432093
11.62	0.7589233134
11.63	0.7591864884
11.64	0.7588362127
11.65	0.7578764383
11.66	0.7563115848
11.67	0.754146533
11.68	0.7513866183
11.69	0.7480376235
11.7	0.7441057718
11.71	0.7395977187
11.72	0.7345205444
11.73	0.7288817454
11.74	0.7226892261
11.75	0.7159512897
11.76	0.7086766295
11.77	0.7008743193
11.78	0.6925538039
11.79	0.6837248893
11.8	0.6743977325
11.81	0.6645828313
11.82	0.6542910139
11.83	0.643533428
11.84	0.6323215302
11.85	0.6206670745
11.86	0.6085821013
11.87	0.5960789261
11.88	0.5831701277
11.89	0.5698685365
11.9	0.5561872228
11.91	0.5421394849
11.92	0.5277388365
11.93	0.5129989953
11.94	0.49793387
11.95	0.4825575485
11.96	0.466884285
11.97	0.4509284881
11.98	0.4347047075
11.99	0.4182276222
12	0.4015120273
12.01	0.3845728218
12.02	0.3674249957
12.03	0.3500836175
12.04	0.3325638215
12.05	0.3148807954
12.06	0.2970497675
12.07	0.2790859942
12.08	0.2610047478
12.09	0.2428213039
12.1	0.224550929
12.11	0.2062088683
12.12	0.1878103337
12.13	0.1693704916
12.14	0.150904451
12.15	0.1324272514
12.16	0.1139538516
12.17	0.0954991177
12.18	0.07707781194
12.19	0.05870458121
12.2	0.04039394607
12.21	0.02216028978
12.22	0.0040178475
12.23	-0.01401930428
12.24	-0.03193725812
12.25	-0.04972228586
12.26	-0.0673608486
12.27	-0.08483960646
12.28	-0.1021454282
12.29	-0.1192654004
12.3	-0.1361868367
12.31	-0.1528972869
12.32	-0.169384545
12.33	-0.185636658
12.34	-0.2016419339
12.35	-0.2173889498
12.36	-0.2328665589
12.37	-0.2480638986
12.38	-0.2629703968
12.39	-0.2775757794
12.4	-0.2918700762
12.41	-0.3058436275
12.42	-0.3194870897
12.43	-0.3327914415
12.44	-0.3457479885
12.45	-0.3583483688
12.46	-0.3705845576
12.47	-0.3824488716
12.48	-0.3939339731
12.49	-0.405032874
12.5	-0.4157389393
12.51	-0.4260458903
12.52	-0.4359478074
12.53	-0.445439133
12.54	-0.4545146736
12.55	-0.463169602
12.56	-0.4713994585
12.57	-0.4792001532
12.58	-0.4865679661
12.59	-0.4934995487
12.6	-0.4999919238
12.61	-0.5060424862
12.62	-0.5116490023
12.63	-0.5168096098
12.64	-0.5215228168
12.65	-0.525787501
12.66	-0.5296029084
12.67	-0.5329686515
12.68	-0.5358847074
12.69	-0.538351416
12.7	-0.5403694773
12.71	-0.5419399485
12.72	-0.5430642415
12.73	-0.5437441191
12.74	-0.5439816919
12.75	-0.5437794144
12.76	-0.5431400807
12.77	-0.5420668206
12.78	-0.5405630949
12.79	-0.5386326905
12.8	-0.5362797158
12.81	-0.533508595
12.82	-0.5303240628
12.83	-0.5267311589
12.84	-0.522735222
12.85	-0.5183418836
12.86	-0.5135570618
12.87	-0.5083869549
12.88	-0.5028380346
12.89	-0.4969170392
12.9	-0.4906309666
12.91	-0.483987067
12.92	-0.4769928356
12.93	-0.4696560054
12.94	-0.4619845389
12.95	-0.4539866208
12.96	-0.4456706501
12.97	-0.4370452316
12.98	-0.4281191684
12.99	-0.4189014529
13	-0.409401259
13.01	-0.3996279332
13.02	-0.3895909864
13.03	-0.379300085
13.04	-0.3687650422
13.05	-0.3579958094
13.06	-0.347002467
13.07	-0.3357952161
13.08	-0.3243843687
13.09	-0.3127803395
13.1	-0.3009936367
13.11	-0.2890348525
13.12	-0.2769146548
13.13	-0.2646437775
13.14	-0.2522330119
13.15	-0.2396931974
13.16	-0.2270352126
13.17	-0.2142699664
13.18	-0.2014083885
13.19	-0.1884614214
13.2	-0.1754400105
13.21	-0.162355096
13.22	-0.1492176037
13.23	-0.1360384364
13.24	-0.1228284654
13.25	-0.1095985218
13.26	-0.0963593877
13.27	-0.0831217885
13.28	-0.06989638399
13.29	-0.05669376041
13.3	-0.04352442232
13.31	-0.0303987846
13.32	-0.01732716461
13.33	-0.00431977447
13.34	0.008613286575
13.35	0.02146203959
13.36	0.03421663329
13.37	0.04686735121
13.38	0.05940461872
13.39	0.0718190099
13.4	0.08410125428
13.41	0.09624224331
13.42	0.1082330368
13.43	0.1200648691
13.44	0.1317291551
13.45	0.143217496
13.46	0.1545216853
13.47	0.1656337137
13.48	0.1765457749
13.49	0.1872502703
13.5	0.1977398142
13.51	0.2080072383
13.52	0.2180455961
13.53	0.2278481674
13.54	0.2374084621
13.55	0.2467202243
13.56	0.2557774358
13.57	0.2645743195
13.58	0.2731053428
13.59	0.2813652204
13.6	0.289348917
13.61	0.2970516503
13.62	0.3044688929
13.63	0.3115963746
13.64	0.3184300842
13.65	0.3249662714
13.66	0.331201448
13.67	0.3371323894
13.68	0.3427561354
13.69	0.3480699912
13.7	0.3530715276
13.71	0.357758582
13.72	0.3621292581
13.73	0.3661819257
13.74	0.369915221
13.75	0.3733280456
13.76	0.3764195658
13.77	0.3791892122
13.78	0.3816366779
13.79	0.3837619176
13.8	0.3855651461
13.81	0.3870468363
13.82	0.3882077175
13.83	0.3890487731
13.84	0.3895712385
13.85	0.3897765985
13.86	0.3896665843
13.87	0.3892431714
13.88	0.3885085756
13.89	0.3874652507
13.9	0.3861158842
13.91	0.3844633944
13.92	0.3825109266
13.93	0.3802618488
13.94	0.377719748
13.95	0.374888426
13.96	0.3717718947
13.97	0.3683743722
13.98	0.3647002776
13.99	0.3607542265
14	0.3565410263
14.01	0.3520656706
14.02	0.3473333347
14.03	0.3423493699
14.04	0.3371192984
14.05	0.3316488076
14.06	0.3259437448
14.07	0.3200101112
14.08	0.3138540564
14.09	0.3074818726
14.1	0.3008999883
14.11	0.2941149628
14.12	0.2871334797
14.13	0.2799623411
14.14	0.2726084611
14.15	0.26507886
14.16	0.2573806573
14.17	0.2495210663
14.18	0.2415073868
14.19	0.2333469994
14.2	0.2250473587
14.21	0.2166159868
14.22	0.2080604671
14.23	0.1993884378
14.24	0.1906075852
14.25	0.1817256372
14.26	0.1727503572
14.27	0.1636895372
14.28	0.1545509916
14.29	0.1453425507
14.3	0.1360720543
14.31	0.1267473453
14.32	0.1173762633
14.33	0.1079666385
14.34	0.09852628535
14.35	0.08906299613
14.36	0.07958453514
14.37	0.07009863245
14.38	0.06061297785
14.39	0.05113521495
14.4	0.04167293526
14.41	0.03223367242
14.42	0.02282489644
14.43	0.01345400806
14.44	0.004128333244
14.45	-0.005144882336
14.46	-0.01435847862
14.47	-0.02350538644
14.48	-0.03257863265
14.49	-0.04157134519
14.5	-0.05047675804
14.51	-0.05928821597
14.52	-0.06799917932
14.53	-0.07660322855
14.54	-0.08509406866
14.55	-0.09346553357
14.56	-0.1017115903
14.57	-0.109826343
14.58	-0.117804037
14.59	-0.1256390624
14.6	-0.133325958
14.61	-0.1408594145
14.62	-0.148234278
14.63	-0.1554455535
14.64	-0.1624884075
14.65	-0.1693581712
14.66	-0.1760503433
14.67	-0.1825605924
14.68	-0.1888847599
14.69	-0.1950188619
14.7	-0.2009590914
14.71	-0.2067018206
14.72	-0.2122436025
14.73	-0.2175811728
14.74	-0.2227114511
14.75	-0.2276315427
14.76	-0.2323387394
14.77	-0.2368305211
14.78	-0.2411045561
14.79	-0.2451587023
14.8	-0.2489910075
14.81	-0.2525997101
14.82	-0.2559832393
14.83	-0.2591402151
14.84	-0.2620694482
14.85	-0.2647699402
14.86	-0.267240883
14.87	-0.2694816582
14.88	-0.2714918366
14.89	-0.2732711777
14.9	-0.2748196282
14.91	-0.2761373213
14.92	-0.2772245754
14.93	-0.2780818928
14.94	-0.2787099578
14.95	-0.2791096358
14.96	-0.2792819708
14.97	-0.2792281839
14.98	-0.2789496711
14.99	-0.2784480012
15	-0.2777249135
15.01	-0.2767823152
15.02	-0.2756222793
15.03	-0.2742470413
15.04	-0.272658997
15.05	-0.2708606994
15.06	-0.2688548555
15.07	-0.2666443235
15.08	-0.2642321095
15.09	-0.261621364
15.1	-0.258815379
15.11	-0.2558175838
15.12	-0.252631542
15.13	-0.2492609474
15.14	-0.2457096207
15.15	-0.2419815053
15.16	-0.2380806634
15.17	-0.2340112723
15.18	-0.2297776199
15.19	-0.225384101
15.2	-0.2208352131
15.21	-0.2161355517
15.22	-0.2112898066
15.23	-0.2063027571
15.24	-0.2011792679
15.25	-0.1959242845
15.26	-0.1905428288
15.27	-0.1850399947
15.28	-0.1794209433
15.29	-0.1736908986
15.3	-0.1678551427
15.31	-0.1619190115
15.32	-0.1558878897
15.33	-0.1497672064
15.34	-0.1435624304
15.35	-0.1372790655
15.36	-0.1309226461
15.37	-0.1244987321
15.38	-0.1180129049
15.39	-0.111470762
15.4	-0.1048779132
15.41	-0.09823997525
15.42	-0.0915625679
15.43	-0.08485130898
15.44	-0.07811181003
15.45	-0.07134967176
15.46	-0.06457047963
15.47	-0.05777979945
15.48	-0.05098317296
15.49	-0.04418611358
15.5	-0.03739410207
15.51	-0.03061258235
15.52	-0.02384695731
15.53	-0.01710258472
15.54	-0.01038477314
15.55	-0.003698778017
15.56	0.002950202325
15.57	0.009557030473
15.58	0.01611663372
15.59	0.02262400778
15.6	0.02907422037
15.61	0.03546241481
15.62	0.04178381343
15.63	0.04803372101
15.64	0.054207528
15.65	0.06030071379
15.66	0.06630884977
15.67	0.07222760237
15.68	0.07805273599
15.69	0.08378011581
15.7	0.08940571056
15.71	0.09492559509
15.72	0.1003359529
15.73	0.1056330787
15.74	0.1108133806
15.75	0.1158733821
15.76	0.1208097249
15.77	0.1256191701
15.78	0.1302986007
15.79	0.1348450228
15.8	0.1392555679
15.81	0.1435274941
15.82	0.1476581877
15.83	0.1516451642
15.84	0.1554860701
15.85	0.1591786834
15.86	0.1627209153
15.87	0.1661108104
15.88	0.1693465477
15.89	0.1724264417
15.9	0.1753489423
15.91	0.1781126356
15.92	0.1807162442
15.93	0.1831586272
15.94	0.1854387807
15.95	0.1875558374
15.96	0.1895090667
15.97	0.1912978744
15.98	0.1929218023
15.99	0.194380528
16	0.195673864
16.01	0.1968017572
16.02	0.1977642884
16.03	0.1985616709
16.04	0.1991942501
16.05	0.199662502
16.06	0.1999670321
16.07	0.2001085744
16.08	0.2000879899
16.09	0.1999062649
16.1	0.19956451
16.11	0.1990639578
16.12	0.1984059617
16.13	0.1975919938
16.14	0.1966236433
16.15	0.1955026141
16.16	0.194230723
16.17	0.1928098975
16.18	0.1912421738
16.19	0.1895296942
16.2	0.1876747047
16.21	0.1856795529
16.22	0.1835466853
16.23	0.1812786447
16.24	0.1788780677
16.25	0.1763476819
16.26	0.1736903033
16.27	0.1709088331
16.28	0.1680062556
16.29	0.1649856346
16.3	0.1618501107
16.31	0.1586028983
16.32	0.1552472829
16.33	0.1517866172
16.34	0.1482243189
16.35	0.1445638671
16.36	0.1408087991
16.37	0.1369627073
16.38	0.1330292361
16.39	0.1290120783
16.4	0.1249149724
16.41	0.1207416987
16.42	0.1164960762
16.43	0.1121819597
16.44	0.1078032358
16.45	0.1033638202
16.46	0.09886765391
16.47	0.09431870014
16.48	0.08972094098
16.49	0.085078374
16.5	0.08039500899
16.51	0.07567486462
16.52	0.07092196516
16.53	0.06614033723
16.54	0.0613340065
16.55	0.05650699445
16.56	0.05166331521
16.57	0.0468069723
16.58	0.04194195551
16.59	0.03707223775
16.6	0.03220177196
16.61	0.02733448804
16.62	0.02247428978
16.63	0.01762505196
16.64	0.01279061731
16.65	0.007974793654
16.66	0.003181351039
16.67	-0.001585981082
16.68	-0.006323516608
16.69	-0.01102761551
16.7	-0.01569468646
16.71	-0.02032118949
16.72	-0.02490363848
16.73	-0.02943860369
16.74	-0.03392271413
16.75	-0.03835266001
16.76	-0.04272519496
16.77	-0.04703713832
16.78	-0.05128537727
16.79	-0.05546686898
16.8	-0.0595786426
16.81	-0.06361780125
16.82	-0.0675815239
16.83	-0.0714670672
16.84	-0.07527176721
16.85	-0.0789930411
16.86	-0.08262838872
16.87	-0.08617539411
16.88	-0.08963172699
16.89	-0.0929951441
16.9	-0.09626349046
16.91	-0.09943470062
16.92	-0.1025067998
16.93	-0.1054779048
16.94	-0.1083462253
16.95	-0.1111100643
16.96	-0.1137678193
16.97	-0.1163179829
16.98	-0.1187591433
16.99	-0.121089985
17	-0.1233092895
17.01	-0.1254159354
17.02	-0.1274088985
17.03	-0.1292872528
17.04	-0.1310501699
17.05	-0.1326969196
17.06	-0.1342268696
17.07	-0.1356394854
17.08	-0.1369343305
17.09	-0.1381110657
17.1	-0.1391694492
17.11	-0.140109336
17.12	-0.1409306774
17.13	-0.1416335205
17.14	-0.1422180078
17.15	-0.1426843762
17.16	-0.1430329564
17.17	-0.1432641721
17.18	-0.143378539
17.19	-0.143376664
17.2	-0.1432592438
17.21	-0.1430270644
17.22	-0.1426809993
17.23	-0.1422220088
17.24	-0.1416511383
17.25	-0.1409695171
17.26	-0.1401783572
17.27	-0.1392789514
17.28	-0.1382726722
17.29	-0.1371609699
17.3	-0.1359453712
17.31	-0.1346274773
17.32	-0.1332089622
17.33	-0.1316915713
17.34	-0.1300771188
17.35	-0.1283674867
17.36	-0.1265646223
17.37	-0.1246705362
17.38	-0.1226873007
17.39	-0.1206170476
17.4	-0.1184619659
17.41	-0.1162243
17.42	-0.1139063473
17.43	-0.1115104565
17.44	-0.1090390246
17.45	-0.1064944955
17.46	-0.1038793571
17.47	-0.1011961398
17.48	-0.0984474131
17.49	-0.09563578443
17.5	-0.09276389611
17.51	-0.08983442324
17.52	-0.08685007135
17.53	-0.083813574
17.54	-0.08072769042
17.55	-0.07759520317
17.56	-0.07441891569
17.57	-0.07120164997
17.58	-0.06794624415
17.59	-0.0646555501
17.6	-0.06133243111
17.61	-0.05797975946
17.62	-0.05460041406
17.63	-0.0511972781
17.64	-0.0477732367
17.65	-0.04433117457
17.66	-0.04087397368
17.67	-0.03740451098
17.68	-0.03392565606
17.69	-0.03044026896
17.7	-0.02695119782
17.71	-0.02346127677
17.72	-0.01997332362
17.73	-0.01649013777
17.74	-0.01301449801
17.75	-0.009549160457
17.76	-0.006096856402
17.77	-0.002660290312
17.78	0.0007578622118
17.79	0.004154956415
17.8	0.007528380337
17.81	0.01087555672
17.82	0.01419394487
17.83	0.01748104251
17.84	0.02073438754
17.85	0.02395155978
17.86	0.02713018272
17.87	0.03026792508
17.88	0.03336250253
17.89	0.03641167915
17.9	0.03941326901
17.91	0.04236513762
17.92	0.0452652033
17.93	0.04811143859
17.94	0.05090187155
17.95	0.05363458701
17.96	0.05630772776
17.97	0.05891949574
17.98	0.06146815308
17.99	0.06395202319
18	0.06636949172
18.01	0.0687190075
18.02	0.07099908341
18.03	0.07320829717
18.04	0.07534529215
18.05	0.07740877801
18.06	0.0793975314
18.07	0.0813103965
18.08	0.0831462856
18.09	0.08490417949
18.1	0.08658312796
18.11	0.08818225008
18.12	0.08970073455
18.13	0.0911378399
18.14	0.09249289469
18.15	0.09376529762
18.16	0.09495451762
18.17	0.09606009382
18.18	0.09708163552
18.19	0.09801882209
18.2	0.09887140282
18.21	0.09963919667
18.22	0.100322092
18.23	0.1009200464
18.24	0.1014330859
18.25	0.101861305
18.26	0.1022048661
18.27	0.1024639986
18.28	0.1026389988
18.29	0.1027302289
18.3	0.1027381164
18.31	0.1026631536
18.32	0.1025058965
18.33	0.1022669642
18.34	0.1019470377
18.35	0.1015468595
18.36	0.1010672322
18.37	0.1005090175
18.38	0.09987313553
18.39	0.09916056336
18.4	0.09837233405
18.41	0.09750953547
18.42	0.0965733091
18.43	0.09556484873
18.44	0.09448539926
18.45	0.09333625533
18.46	0.09211876005
18.47	0.09083430353
18.48	0.08948432158
18.49	0.0880702942
18.5	0.08659374416
18.51	0.08505623553
18.52	0.08345937214
18.53	0.08180479606
18.54	0.08009418606
18.55	0.07832925602
18.56	0.07651175337
18.57	0.07464345742
18.58	0.07272617781
18.59	0.07076175281
18.6	0.0687520477
18.61	0.06669895311
18.62	0.06460438329
18.63	0.06247027452
18.64	0.06029858332
18.65	0.05809128481
18.66	0.05585037101
18.67	0.05357784909
18.68	0.05127573971
18.69	0.04894607527
18.7	0.04659089823
18.71	0.04421225939
18.72	0.0418122162
18.73	0.03939283106
18.74	0.03695616958
18.75	0.034504299
18.76	0.03203928639
18.77	0.0295631971
18.78	0.02707809301
18.79	0.02458603096
18.8	0.02208906108
18.81	0.01958922519
18.82	0.01708855521
18.83	0.01458907159
18.84	0.01209278171
18.85	0.009601678388
18.86	0.007117738339
18.87	0.004642920673
18.88	0.002179165433
18.89	-0.0002716078627
18.9	-0.002707501638
18.91	-0.005126641663
18.92	-0.00752717842
18.93	-0.009907288452
18.94	-0.01226517567
18.95	-0.01459907264
18.96	-0.01690724184
18.97	-0.01918797688
18.98	-0.02143960367
18.99	-0.02366048162
19	-0.02584900472
19.01	-0.02800360265
19.02	-0.03012274183
19.03	-0.03220492642
19.04	-0.03424869932
19.05	-0.03625264311
19.06	-0.03821538093
19.07	-0.0401355774
19.08	-0.04201193939
19.09	-0.04384321683
19.1	-0.04562820349
19.11	-0.04736573764
19.12	-0.04905470276
19.13	-0.05069402815
19.14	-0.05228268951
19.15	-0.05381970952
19.16	-0.05530415831
19.17	-0.05673515396
19.18	-0.05811186291
19.19	-0.0594335003
19.2	-0.0606993304
19.21	-0.06190866684
19.22	-0.06306087287
19.23	-0.06415536162
19.24	-0.06519159624
19.25	-0.06616909005
19.26	-0.0670874066
19.27	-0.06794615976
19.28	-0.06874501373
19.29	-0.06948368298
19.3	-0.07016193219
19.31	-0.07077957616
19.32	-0.07133647962
19.33	-0.07183255709
19.34	-0.07226777261
19.35	-0.0726421395
19.36	-0.07295572001
19.37	-0.07320862505
19.38	-0.07340101375
19.39	-0.07353309306
19.4	-0.0736051173
19.41	-0.07361738767
19.42	-0.07357025173
19.43	-0.07346410285
19.44	-0.07329937959
19.45	-0.07307656512
19.46	-0.0727961865
19.47	-0.07245881408
19.48	-0.07206506069
19.49	-0.07161558096
19.5	-0.07111107051
19.51	-0.07055226516
19.52	-0.06993994008
19.53	-0.06927490892
19.54	-0.06855802299
19.55	-0.06779017024
19.56	-0.06697227444
19.57	-0.06610529413
19.58	-0.0651902217
19.59	-0.06422808234
19.6	-0.06321993307
19.61	-0.06216686164
19.62	-0.06106998552
19.63	-0.05993045079
19.64	-0.05874943107
19.65	-0.05752812637
19.66	-0.056267762
19.67	-0.05496958744
19.68	-0.05363487513
19.69	-0.05226491939
19.7	-0.05086103518
19.71	-0.04942455693
19.72	-0.04795683736
19.73	-0.04645924631
19.74	-0.04493316945
19.75	-0.04338000717
19.76	-0.04180117326
19.77	-0.04019809379
19.78	-0.03857220582
19.79	-0.03692495619
19.8	-0.0352578003
19.81	-0.03357220092
19.82	-0.0318696269
19.83	-0.03015155198
19.84	-0.02841945362
19.85	-0.02667481169
19.86	-0.02491910736
19.87	-0.02315382183
19.88	-0.02138043517
19.89	-0.01960042514
19.9	-0.01781526596
19.91	-0.01602642723
19.92	-0.01423537268
19.93	-0.0124435591
19.94	-0.01065243516
19.95	-0.008863440319
19.96	-0.007078003702
19.97	-0.005297543021
19.98	-0.003523463495
19.99	-0.001757156794
20	-1.366018164e-16
20.01	0.001746645419
20.02	0.00348143461
20.03	0.005203040322
20.04	0.006910153868
20.05	0.008601486069
20.06	0.01027576818
20.07	0.01193175278
20.08	0.01356821467
20.09	0.01518395171
20.1	0.01677778564
20.11	0.01834856292
20.12	0.01989515549
20.13	0.02141646153
20.14	0.02291140618
20.15	0.02437894226
20.16	0.02581805097
20.17	0.02722774247
20.18	0.02860705659
20.19	0.02995506337
20.2	0.03127086364
20.21	0.03255358959
20.22	0.03380240523
20.23	0.03501650691
20.24	0.03619512378
20.25	0.03733751819
20.26	0.03844298608
20.27	0.03951085739
20.28	0.04054049637
20.29	0.04153130185
20.3	0.04248270761
20.31	0.04339418252
20.32	0.04426523084
20.33	0.04509539237
20.34	0.04588424262
20.35	0.04663139293
20.36	0.04733649058
20.37	0.04799921883
20.38	0.04861929702
20.39	0.04919648052
20.4	0.04973056073
20.41	0.05022136505
20.42	0.05066875679
20.43	0.05107263506
20.44	0.05143293466
20.45	0.05174962588
20.46	0.05202271435
20.47	0.0522522408
20.48	0.05243828083
20.49	0.05258094464
20.5	0.05268037673
20.51	0.05273675556
20.52	0.05275029325
20.53	0.05272123517
20.54	0.05264985953
20.55	0.05253647702
20.56	0.0523814303
20.57	0.05218509357
20.58	0.05194787207
20.59	0.05167020157
20.6	0.05135254781
20.61	0.05099540602
20.62	0.05059930024
20.63	0.0501647828
20.64	0.04969243369
20.65	0.04918285992
20.66	0.04863669487
20.67	0.04805459761
20.68	0.04743725224
20.69	0.04678536717
20.7	0.04609967442
20.71	0.04538092887
20.72	0.04462990752
20.73	0.04384740874
20.74	0.0430342515
20.75	0.04219127458
20.76	0.04131933576
20.77	0.04041931105
20.78	0.03949209384
20.79	0.0385385941
20.8	0.03755973755
20.81	0.03655646478
20.82	0.03552973046
20.83	0.03448050245
20.84	0.03340976095
20.85	0.03231849762
20.86	0.03120771475
20.87	0.03007842435
20.88	0.0289316473
20.89	0.02776841248
20.9	0.02658975584
20.91	0.02539671961
20.92	0.02419035135
20.93	0.02297170309
20.94	0.02174183048
20.95	0.0205017919
20.96	0.01925264758
20.97	0.01799545876
20.98	0.01673128682
20.99	0.0154611924
21	0.01418623457
21.01	0.01290747001
21.02	0.01162595212
21.03	0.01034273022
21.04	0.009058848742
21.05	0.007775346391
21.06	0.006493255355
21.07	0.005213600508
21.08	0.003937398633
21.09	0.002665657645
21.1	0.001399375835
21.11	0.0001395411228
21.12	-0.001112869678
21.13	-0.00235689158
21.14	-0.00359157213
21.15	-0.004815972102
21.16	-0.006029166173
21.17	-0.007230243588
21.18	-0.008418308804
21.19	-0.009592482125
21.2	-0.01075190031
21.21	-0.01189571718
21.22	-0.01302310419
21.23	-0.01413325098
21.24	-0.01522536595
21.25	-0.01629867677
21.26	-0.01735243087
21.27	-0.01838589596
21.28	-0.01939836047
21.29	-0.02038913401
21.3	-0.02135754782
21.31	-0.02230295514
21.32	-0.02322473165
21.33	-0.02412227577
21.34	-0.02499500909
21.35	-0.02584237663
21.36	-0.02666384718
21.37	-0.02745891358
21.38	-0.028227093
21.39	-0.02896792714
21.4	-0.0296809825
21.41	-0.03036585056
21.42	-0.03102214796
21.43	-0.03164951665
21.44	-0.03224762405
21.45	-0.03281616316
21.46	-0.03335485263
21.47	-0.03386343685
21.48	-0.03434168602
21.49	-0.03478939616
21.5	-0.0352063891
21.51	-0.03559251252
21.52	-0.03594763988
21.53	-0.03627167039
21.54	-0.0365645289
21.55	-0.03682616585
21.56	-0.03705655716
21.57	-0.03725570403
21.58	-0.03742363287
21.59	-0.03756039508
21.6	-0.03766606688
21.61	-0.03774074909
21.62	-0.03778456689
21.63	-0.0377976696
21.64	-0.0377802304
21.65	-0.03773244605
21.66	-0.03765453658
21.67	-0.037546745
21.68	-0.03740933694
21.69	-0.0372426003
21.7	-0.03704684493
21.71	-0.03682240219
21.72	-0.03656962456
21.73	-0.03628888529
21.74	-0.03598057791
21.75	-0.03564511581
21.76	-0.0352829318
21.77	-0.03489447765
21.78	-0.03448022358
21.79	-0.03404065781
21.8	-0.03357628601
21.81	-0.03308763086
21.82	-0.03257523144
21.83	-0.03203964278
21.84	-0.03148143525
21.85	-0.03090119407
21.86	-0.03029951868
21.87	-0.02967702225
21.88	-0.02903433102
21.89	-0.02837208379
21.9	-0.02769093129
21.91	-0.0269915356
21.92	-0.02627456953
21.93	-0.02554071605
21.94	-0.02479066763
21.95	-0.02402512566
21.96	-0.02324479982
21.97	-0.02245040746
21.98	-0.02164267299
21.99	-0.02082232722
22	-0.01999010675
22.01	-0.01914675337
22.02	-0.01829301338
22.03	-0.017429637
22.04	-0.01655737772
22.05	-0.01567699169
22.06	-0.01478923708
22.07	-0.01389487347
22.08	-0.01299466123
22.09	-0.01208936086
22.1	-0.01117973245
22.11	-0.01026653502
22.12	-0.009350525926
22.13	-0.008432460247
22.14	-0.007513090217
22.15	-0.006593164618
22.16	-0.005673428199
22.17	-0.004754621102
22.18	-0.003837478293
22.19	-0.002922728998
22.2	-0.002011096155
22.21	-0.001103295862
22.22	-0.0002000368482
22.23	0.0006979800605
22.24	0.001590062453
22.25	0.002475526846
22.26	0.003353699175
22.27	0.004223915287
22.28	0.005085521415
22.29	0.005937874641
22.3	0.006780343352
22.31	0.007612307677
22.32	0.008433159921
22.33	0.009242304982
22.34	0.01003916075
22.35	0.0108231585
22.36	0.01159374329
22.37	0.01235037428
22.38	0.01309252512
22.39	0.01381968431
22.4	0.01453135544
22.41	0.01522705759
22.42	0.01590632558
22.43	0.01656871025
22.44	0.01721377874
22.45	0.01784111474
22.46	0.01845031871
22.47	0.01904100812
22.48	0.01961281765
22.49	0.02016539939
22.5	0.020698423
22.51	0.02121157587
22.52	0.02170456329
22.53	0.02217710857
22.54	0.02262895313
22.55	0.02305985664
22.56	0.02346959707
22.57	0.02385797079
22.58	0.0242247926
22.59	0.02456989577
22.6	0.02489313209
22.61	0.02519437186
22.62	0.02547350386
22.63	0.02573043538
22.64	0.02596509214
22.65	0.02617741826
22.66	0.02636737621
22.67	0.02653494669
22.68	0.02668012856
22.69	0.02680293875
22.7	0.02690341211
22.71	0.02698160127
22.72	0.02703757652
22.73	0.02707142563
22.74	0.02708325369
22.75	0.02707318288
22.76	0.02704135233
22.77	0.02698791786
22.78	0.02691305176
22.79	0.02681694259
22.8	0.02669979488
22.81	0.02656182889
22.82	0.02640328037
22.83	0.02622440022
22.84	0.02602545424
22.85	0.0258067228
22.86	0.02556850055
22.87	0.02531109608
22.88	0.02503483161
22.89	0.02474004261
22.9	0.02442707748
22.91	0.02409629719
22.92	0.02374807492
22.93	0.02338279565
22.94	0.02300085582
22.95	0.02260266293
22.96	0.02218863512
22.97	0.02175920083
22.98	0.02131479831
22.99	0.02085587527
23	0.02038288847
23.01	0.01989630323
23.02	0.01939659307
23.03	0.01888423926
23.04	0.01835973037
23.05	0.01782356184
23.06	0.01727623555
23.07	0.01671825938
23.08	0.01615014674
23.09	0.01557241615
23.1	0.01498559077
23.11	0.01439019796
23.12	0.01378676885
23.13	0.01317583784
23.14	0.01255794221
23.15	0.01193362161
23.16	0.01130341765
23.17	0.01066787346
23.18	0.01002753321
23.19	0.009382941673
23.2	0.008734643799
23.21	0.008083184265
23.22	0.007429107037
23.23	0.006772954935
23.24	0.006115269207
23.25	0.005456589096
23.26	0.004797451423
23.27	0.004138390167
23.28	0.003479936048
23.29	0.002822616126
23.3	0.00216695339
23.31	0.001513466367
23.32	0.0008626687291
23.33	0.0002150689069
23.34	-0.0004288302876
23.35	-0.001068532032
23.36	-0.001703545861
23.37	-0.002333388019
23.38	-0.002957581813
23.39	-0.003575657956
23.4	-0.004187154897
23.41	-0.004791619147
23.42	-0.005388605603
23.43	-0.005977677846
23.44	-0.00655840845
23.45	-0.007130379266
23.46	-0.00769318171
23.47	-0.008246417028
23.48	-0.008789696563
23.49	-0.009322642009
23.5	-0.00984488565
23.51	-0.0103560706
23.52	-0.010855851
23.53	-0.01134389229
23.54	-0.01181987133
23.55	-0.01228347668
23.56	-0.01273440868
23.57	-0.01317237974
23.58	-0.01359711437
23.59	-0.01400834946
23.6	-0.01440583431
23.61	-0.01478933082
23.62	-0.01515861359
23.63	-0.01551347001
23.64	-0.01585370037
23.65	-0.01617911797
23.66	-0.01648954914
23.67	-0.01678483332
23.68	-0.01706482315
23.69	-0.01732938445
23.7	-0.01757839628
23.71	-0.01781175098
23.72	-0.01802935413
23.73	-0.01823112457
23.74	-0.0184169944
23.75	-0.01858690893
23.76	-0.01874082666
23.77	-0.01887871923
23.78	-0.01900057137
23.79	-0.01910638083
23.8	-0.01919615829
23.81	-0.0192699273
23.82	-0.01932772417
23.83	-0.01936959787
23.84	-0.01939560989
23.85	-0.01940583416
23.86	-0.01940035687
23.87	-0.01937927638
23.88	-0.01934270302
23.89	-0.01929075892
23.9	-0.01922357792
23.91	-0.0191413053
23.92	-0.01904409766
23.93	-0.01893212266
23.94	-0.01880555892
23.95	-0.01866459569
23.96	-0.01850943274
23.97	-0.01834028005
23.98	-0.01815735765
23.99	-0.01796089534
24	-0.01775113245
24.01	-0.01752831761
24.02	-0.01729270848
24.03	-0.01704457149
24.04	-0.01678418156
24.05	-0.01651182186
24.06	-0.01622778351
24.07	-0.01593236528
24.08	-0.01562587336
24.09	-0.01530862101
24.1	-0.01498092829
24.11	-0.01464312176
24.12	-0.01429553418
24.13	-0.01393850422
24.14	-0.01357237609
24.15	-0.01319749932
24.16	-0.01281422838
24.17	-0.01242292239
24.18	-0.01202394478
24.19	-0.01161766301
24.2	-0.01120444823
24.21	-0.01078467494
24.22	-0.0103587207
24.23	-0.009926965785
24.24	-0.009489792874
24.25	-0.009047586723
24.26	-0.008600733844
24.27	-0.008149622179
24.28	-0.007694640786
24.29	-0.00723617951
24.3	-0.006774628672
24.31	-0.006310378746
24.32	-0.005843820047
24.33	-0.005375342415
24.34	-0.004905334905
24.35	-0.004434185477
24.36	-0.003962280692
24.37	-0.003490005406
24.38	-0.003017742472
24.39	-0.002545872443
24.4	-0.002074773277
24.41	-0.001604820053
24.42	-0.001136384679
24.43	-0.0006698356192
24.44	-0.0002055376095
24.45	0.0002561486086
24.46	0.0007148665568
24.47	0.001170264282
24.48	0.001621994611
24.49	0.002069715405
24.5	0.002513089803
24.51	0.002951786462
24.52	0.00338547979
24.53	0.003813850177
24.54	0.004236584214
24.55	0.00465337491
24.56	0.0050639219
24.57	0.005467931649
24.58	0.005865117645
24.59	0.006255200592
24.6	0.006637908587
24.61	0.007012977298
24.62	0.007380150134
24.63	0.0077391784
24.64	0.008089821452
24.65	0.008431846847
24.66	0.008765030476
24.67	0.009089156696
24.68	0.009404018456
24.69	0.009709417409
24.7	0.01000516402
24.71	0.01029107767
24.72	0.01056698675
24.73	0.01083272872
24.74	0.01108815024
24.75	0.01133310718
24.76	0.0115674647
24.77	0.01179109735
24.78	0.01200388902
24.79	0.01220573307
24.8	0.01239653231
24.81	0.01257619904
24.82	0.01274465504
24.83	0.01290183161
24.84	0.01304766954
24.85	0.01318211912
24.86	0.01330514011
24.87	0.01341670174
24.88	0.01351678263
24.89	0.01360537081
24.9	0.01368246362
24.91	0.0137480677
24.92	0.01380219889
24.93	0.01384488221
24.94	0.01387615172
24.95	0.01389605052
24.96	0.01390463057
24.97	0.01390195268
24.98	0.01388808634
24.99	0.01386310967
25	0.01382710925
25.01	0.01378018005
25.02	0.01372242526
25.03	0.0136539562
25.04	0.01357489213
25.05	0.01348536016
25.06	0.01338549507
25.07	0.01327543916
25.08	0.0131553421
25.09	0.01302536074
25.1	0.01288565897
25.11	0.01273640753
25.12	0.01257778385
25.13	0.01240997183
25.14	0.01223316169
25.15	0.01204754975
25.16	0.01185333827
25.17	0.01165073521
25.18	0.01143995407
25.19	0.01122121365
25.2	0.01099473785
25.21	0.01076075549
25.22	0.01051950005
25.23	0.01027120947
25.24	0.01001612596
25.25	0.009754495745
25.26	0.009486568843
25.27	0.009212598865
25.28	0.008932842769
25.29	0.008647560642
25.3	0.008357015467
25.31	0.008061472897
25.32	0.007761201023
25.33	0.007456470144
25.34	0.007147552535
25.35	0.006834722219
25.36	0.00651825473
25.37	0.006198426888
25.38	0.005875516563
25.39	0.00554980245
25.4	0.005221563833
25.41	0.004891080364
25.42	0.004558631828
25.43	0.004224497921
25.44	0.003888958026
25.45	0.003552290986
25.46	0.003214774884
25.47	0.002876686825
25.48	0.002538302718
25.49	0.002199897058
25.5	0.001861742716
25.51	0.001524110731
25.52	0.001187270094
25.53	0.0008514875545
25.54	0.0005170274105
25.55	0.000184151314
25.56	-0.0001468819249
25.57	-0.0004758165296
25.58	-0.000802399945
25.59	-0.001126383022
25.6	-0.001447520197
25.61	-0.00176556967
25.62	-0.002080293576
25.63	-0.002391458152
25.64	-0.002698833903
25.65	-0.00300219576
25.66	-0.003301323237
25.67	-0.003596000577
25.68	-0.003886016903
25.69	-0.004171166354
25.7	-0.004451248224
25.71	-0.004726067093
25.72	-0.004995432948
25.73	-0.005259161313
25.74	-0.005517073355
25.75	-0.005768995999
25.76	-0.006014762035
25.77	-0.006254210213
25.78	-0.006487185339
25.79	-0.006713538368
25.8	-0.00693312648
25.81	-0.007145813164
25.82	-0.007351468285
25.83	-0.007549968158
25.84	-0.007741195601
25.85	-0.007925039995
25.86	-0.008101397336
25.87	-0.008270170272
25.88	-0.00843126815
25.89	-0.008584607043
25.9	-0.008730109779
25.91	-0.008867705967
25.92	-0.008997332004
25.93	-0.009118931095
25.94	-0.009232453253
25.95	-0.009337855301
25.96	-0.009435100861
25.97	-0.009524160352
25.98	-0.009605010963
25.99	-0.009677636637
26	-0.009742028043
26.01	-0.009798182541
26.02	-0.009846104147
26.03	-0.009885803486
26.04	-0.009917297749
26.05	-0.009940610635
26.06	-0.009955772297
26.07	-0.009962819275
26.08	-0.009961794432
26.09	-0.00995274688
26.1	-0.009935731903
26.11	-0.009910810876
26.12	-0.009878051179
26.13	-0.009837526107
26.14	-0.009789314772
26.15	-0.009733502013
26.16	-0.009670178283
26.17	-0.00959943955
26.18	-0.009521387184
26.19	-0.009436127842
26.2	-0.009343773353
26.21	-0.009244440595
26.22	-0.00913825137
26.23	-0.009025332279
26.24	-0.008905814588
26.25	-0.008779834097
26.26	-0.008647531004
26.27	-0.00850904976
26.28	-0.008364538936
26.29	-0.008214151069
26.3	-0.008058042526
26.31	-0.007896373343
26.32	-0.007729307085
26.33	-0.007557010687
26.34	-0.007379654299
26.35	-0.007197411134
26.36	-0.007010457306
26.37	-0.006818971671
26.38	-0.006623135671
26.39	-0.006423133165
26.4	-0.006219150272
26.41	-0.006011375206
26.42	-0.005799998111
26.43	-0.005585210897
26.44	-0.005367207072
26.45	-0.005146181584
26.46	-0.004922330644
26.47	-0.004695851572
26.48	-0.004466942622
26.49	-0.004235802823
26.5	-0.004002631809
26.51	-0.003767629658
26.52	-0.003530996728
26.53	-0.003292933492
26.54	-0.003053640375
26.55	-0.002813317596
26.56	-0.002572165006
26.57	-0.00233038193
26.58	-0.002088167006
26.59	-0.001845718036
26.6	-0.001603231822
26.61	-0.001360904025
26.62	-0.001118929002
26.63	-0.0008774996669
26.64	-0.0006368073385
26.65	-0.0003970415969
26.66	-0.0001583901417
26.67	7.896134855e-05
26.68	0.0003148293537
26.69	0.0005490326471
26.7	0.0007813924279
26.71	0.001011732451
26.72	0.001239879152
26.73	0.001465661774
26.74	0.001688912488
26.75	0.001909466506
26.76	0.002127162203
26.77	0.002341841221
26.78	0.002553348584
26.79	0.002761532798
26.8	0.002966245952
26.81	0.00316734382
26.82	0.003364685951
26.83	0.003558135761
26.84	0.00374756062
26.85	0.003932831938
26.86	0.004113825238
26.87	0.004290420238
26.88	0.00446250092
26.89	0.004629955597
26.9	0.004792676981
26.91	0.004950562238
26.92	0.005103513049
26.93	0.005251435659
26.94	0.005394240927
26.95	0.005531844369
26.96	0.0056641662
26.97	0.005791131367
26.98	0.005912669585
26.99	0.006028715364
27	0.006139208029
27.01	0.006244091748
27.02	0.00634331554
27.03	0.006436833294
27.04	0.00652460377
27.05	0.00660659061
27.06	0.006682762332
27.07	0.006753092333
27.08	0.006817558872
27.09	0.006876145069
27.1	0.006928838882
27.11	0.006975633089
27.12	0.007016525269
27.13	0.007051517768
27.14	0.007080617678
27.15	0.007103836793
27.16	0.00712119158
27.17	0.007132703132
27.18	0.007138397126
27.19	0.007138303772
27.2	0.007132457767
27.21	0.007120898234
27.22	0.007103668669
27.23	0.007080816876
27.24	0.007052394906
27.25	0.007018458987
27.26	0.006979069454
27.27	0.006934290677
27.28	0.006884190986
27.29	0.006828842588
27.3	0.006768321491
27.31	0.006702707415
27.32	0.006632083709
27.33	0.006556537262
27.34	0.006476158408
27.35	0.006391040839
27.36	0.006301281502
27.37	0.006206980508
27.38	0.006108241028
27.39	0.006005169194
27.4	0.005897873994
27.41	0.005786467168
27.42	0.005671063102
27.43	0.00555177872
27.44	0.005428733372
27.45	0.005302048726
27.46	0.005171848656
27.47	0.005038259128
27.48	0.004901408086
27.49	0.004761425338
27.5	0.004618442438
27.51	0.004472592572
27.52	0.00432401044
27.53	0.004172832139
27.54	0.004019195042
27.55	0.003863237685
27.56	0.003705099643
27.57	0.003544921415
27.58	0.003382844303
27.59	0.003219010293
27.6	0.003053561941
27.61	0.002886642248
27.62	0.002718394548
27.63	0.002548962385
27.64	0.002378489402
27.65	0.002207119219
27.66	0.002034995322
27.67	0.001862260945
27.68	0.001689058958
27.69	0.001515531752
27.7	0.001341821129
27.71	0.00116806819
27.72	0.0009944132285
27.73	0.0008209956163
27.74	0.0006479537024
27.75	0.0004754247045
27.76	0.0003035446065
27.77	0.0001324480556
27.78	-3.773173775e-05
27.79	-0.0002068630991
27.8	-0.0003748159866
27.81	-0.0005414620859
27.82	-0.0007066749038
27.83	-0.0008703298587
27.84	-0.00103230437
27.85	-0.001192477945
27.86	-0.001350732262
27.87	-0.001506951255
27.88	-0.001661021194
27.89	-0.001812830759
27.9	-0.001962271119
27.91	-0.002109236003
27.92	-0.002253621771
27.93	-0.002395327482
27.94	-0.002534254959
27.95	-0.00267030885
27.96	-0.002803396692
27.97	-0.002933428962
27.98	-0.00306031914
27.99	-0.003183983751
28	-0.003304342422
28.01	-0.003421317925
28.02	-0.00353483622
28.03	-0.003644826496
28.04	-0.003751221211
28.05	-0.003853956123
28.06	-0.003952970324
28.07	-0.00404820627
28.08	-0.004139609805
28.09	-0.004227130189
28.1	-0.004310720111
28.11	-0.004390335713
28.12	-0.004465936603
28.13	-0.004537485866
28.14	-0.004604950071
28.15	-0.004668299283
28.16	-0.004727507061
28.17	-0.004782550458
28.18	-0.004833410025
28.19	-0.004880069797
28.2	-0.004922517292
28.21	-0.004960743497
28.22	-0.004994742855
28.23	-0.005024513248
28.24	-0.005050055982
28.25	-0.005071375758
28.26	-0.005088480657
28.27	-0.005101382105
28.28	-0.005110094851
28.29	-0.005114636928
28.3	-0.005115029625
28.31	-0.005111297447
28.32	-0.005103468078
28.33	-0.005091572337
28.34	-0.005075644137
28.35	-0.005055720438
28.36	-0.005031841198
28.37	-0.005004049326
28.38	-0.004972390627
28.39	-0.004936913747
28.4	-0.004897670121
28.41	-0.004854713909
28.42	-0.004808101943
28.43	-0.004757893657
28.44	-0.004704151032
28.45	-0.004646938526
28.46	-0.004586323005
28.47	-0.00452237368
28.48	-0.004455162036
28.49	-0.004384761758
28.5	-0.004311248661
28.51	-0.004234700614
28.52	-0.004155197467
28.53	-0.004072820974
28.54	-0.003987654717
28.55	-0.003899784025
28.56	-0.003809295896
28.57	-0.003716278918
28.58	-0.003620823187
28.59	-0.003523020225
28.6	-0.003422962899
28.61	-0.003320745338
28.62	-0.003216462848
28.63	-0.003110211828
28.64	-0.00300208969
28.65	-0.002892194769
28.66	-0.00278062624
28.67	-0.002667484036
28.68	-0.002552868758
28.69	-0.002436881596
28.7	-0.002319624235
28.71	-0.002201198781
28.72	-0.002081707667
28.73	-0.001961253573
28.74	-0.001839939342
28.75	-0.001717867893
28.76	-0.001595142142
28.77	-0.001471864915
28.78	-0.001348138868
28.79	-0.001224066404
28.8	-0.001099749594
28.81	-0.0009752900936
28.82	-0.0008507890666
28.83	-0.0007263471045
28.84	-0.0006020641496
28.85	-0.0004780394183
28.86	-0.0003543713253
28.87	-0.000231157409
28.88	-0.0001084942584
28.89	1.352255923e-05
28.9	0.0001347985692
28.91	0.000255240459
28.92	0.0003747561466
28.93	0.0004932548475
28.94	0.0006106471396
28.95	0.0007268450277
28.96	0.0008417620056
28.97	0.0009553131167
28.98	0.001067415014
28.99	0.001177986016
29	0.001286946165
29.01	0.00139421728
29.02	0.001499723007
29.03	0.001603388873
29.04	0.001705142335
29.05	0.001804912821
29.06	0.001902631783
29.07	0.001998232736
29.08	0.002091651299
29.09	0.002182825234
29.1	0.002271694487
29.11	0.002358201218
29.12	0.00244228984
29.13	0.002523907045
29.14	0.002603001837
29.15	0.002679525557
29.16	0.002753431911
29.17	0.002824676989
29.18	0.002893219291
29.19	0.002959019743
29.2	0.003022041713
29.21	0.003082251028
29.22	0.003139615989
29.23	0.003194107375
29.24	0.003245698459
29.25	0.00329436501
29.26	0.003340085299
29.27	0.003382840101
29.28	0.003422612699
29.29	0.003459388875
29.3	0.003493156915
29.31	0.003523907597
29.32	0.003551634188
29.33	0.003576332431
29.34	0.003598000536
29.35	0.003616639165
29.36	0.00363225142
29.37	0.003644842821
29.38	0.00365442129
29.39	0.003660997131
29.4	0.003664583007
29.41	0.003665193913
29.42	0.003662847153
29.43	0.003657562311
29.44	0.003649361223
29.45	0.003638267944
29.46	0.003624308714
29.47	0.00360751193
29.48	0.003587908103
29.49	0.003565529825
29.5	0.003540411729
29.51	0.003512590449
29.52	0.003482104578
29.53	0.003448994627
29.54	0.003413302978
29.55	0.003375073841
29.56	0.003334353206
29.57	0.003291188798
29.58	0.003245630025
29.59	0.003197727927
29.6	0.00314753513
29.61	0.003095105791
29.62	0.003040495544
29.63	0.002983761451
29.64	0.002924961941
29.65	0.002864156761
29.66	0.002801406914
29.67	0.002736774608
29.68	0.002670323195
29.69	0.002602117115
29.7	0.002532221836
29.71	0.002460703795
29.72	0.002387630341
29.73	0.002313069672
29.74	0.00223709078
29.75	0.002159763383
29.76	0.002081157871
29.77	0.002001345244
29.78	0.001920397048
29.79	0.001838385318
29.8	0.001755382514
29.81	0.001671461463
29.82	0.001586695293
29.83	0.00150115738
29.84	0.00141492128
29.85	0.001328060673
29.86	0.001240649302
29.87	0.00115276091
29.88	0.001064469188
29.89	0.0009758477064
29.9	0.0008869698646
29.91	0.0007979088281
29.92	0.0007087374729
29.93	0.0006195283276
29.94	0.0005303535176
29.95	0.0004412847091
29.96	0.0003523930542
29.97	0.0002637491366
29.98	0.0001754229179
29.99	8.748368544e-05
30	2.116249843e-17
