temps	angle
0	0
0.01	0.4223656555
0.02	0.8410228498
0.03	1.255661128
0.04	1.665975774
0.05	2.071668009
0.06	2.472445191
0.07	2.868021
0.08	3.258115622
0.09	3.642455925
0.1	4.020775624
0.11	4.392815449
0.12	4.758323293
0.13	5.117054364
0.14	5.468771323
0.15	5.81324442
0.16	6.150251617
0.17	6.479578711
0.18	6.80101944
0.19	7.114375591
0.2	7.419457099
0.21	7.71608213
0.22	8.004077168
0.23	8.283277088
0.24	8.553525224
0.25	8.814673428
0.26	9.066582123
0.27	9.309120347
0.28	9.542165793
0.29	9.765604837
0.3	9.979332562
0.31	10.18325277
0.32	10.37727801
0.33	10.56132954
0.34	10.73533736
0.35	10.89924019
0.36	11.05298543
0.37	11.19652916
0.38	11.32983608
0.39	11.45287951
0.4	11.56564129
0.41	11.66811178
0.42	11.76028975
0.43	11.84218236
0.44	11.91380506
0.45	11.9751815
0.46	12.02634349
0.47	12.06733087
0.48	12.09819142
0.49	12.11898077
0.5	12.12976228
0.51	12.13060695
0.52	12.12159326
0.53	12.10280708
0.54	12.07434155
0.55	12.0362969
0.56	11.98878036
0.57	11.93190599
0.58	11.86579454
0.59	11.79057331
0.6	11.70637598
0.61	11.61334244
0.62	11.51161867
0.63	11.4013565
0.64	11.28271354
0.65	11.15585291
0.66	11.02094311
0.67	10.87815785
0.68	10.72767584
0.69	10.56968062
0.7	10.40436037
0.71	10.23190772
0.72	10.05251954
0.73	9.866396797
0.74	9.673744301
0.75	9.474770542
0.76	9.26968748
0.77	9.058710348
0.78	8.842057453
0.79	8.619949969
0.8	8.392611739
0.81	8.160269071
0.82	7.923150531
0.83	7.681486747
0.84	7.435510196
0.85	7.185455009
0.86	6.931556762
0.87	6.674052275
0.88	6.413179409
0.89	6.149176867
0.9	5.88228399
0.91	5.612740561
0.92	5.340786604
0.93	5.066662188
0.94	4.790607231
0.95	4.51286131
0.96	4.233663463
0.97	3.953252005
0.98	3.671864335
0.99	3.389736756
1	3.107104288
1.01	2.824200488
1.02	2.541257273
1.03	2.258504742
1.04	1.976171009
1.05	1.694482029
1.06	1.41366143
1.07	1.133930358
1.08	0.8555073083
1.09	0.5786079742
1.1	0.3034450929
1.11	0.03022829608
1.12	-0.2408360353
1.13	-0.509544913
1.14	-0.7756988788
1.15	-1.039102139
1.16	-1.299562694
1.17	-1.556892464
1.18	-1.810907409
1.19	-2.06142765
1.2	-2.308277578
1.21	-2.551285964
1.22	-2.790286063
1.23	-3.025115715
1.24	-3.255617438
1.25	-3.48163852
1.26	-3.703031105
1.27	-3.919652273
1.28	-4.13136412
1.29	-4.338033825
1.3	-4.539533721
1.31	-4.73574136
1.32	-4.926539563
1.33	-5.111816481
1.34	-5.291465638
1.35	-5.465385979
1.36	-5.633481906
1.37	-5.795663313
1.38	-5.951845613
1.39	-6.10194977
1.4	-6.245902309
1.41	-6.383635339
1.42	-6.515086561
1.43	-6.640199273
1.44	-6.758922373
1.45	-6.871210356
1.46	-6.977023305
1.47	-7.076326879
1.48	-7.169092299
1.49	-7.255296323
1.5	-7.334921225
1.51	-7.407954761
1.52	-7.47439014
1.53	-7.534225982
1.54	-7.587466278
1.55	-7.634120344
1.56	-7.674202771
1.57	-7.70773337
1.58	-7.734737114
1.59	-7.755244081
1.6	-7.769289383
1.61	-7.7769131
1.62	-7.778160209
1.63	-7.773080505
1.64	-7.761728527
1.65	-7.744163473
1.66	-7.720449114
1.67	-7.690653706
1.68	-7.654849903
1.69	-7.613114656
1.7	-7.565529123
1.71	-7.512178565
1.72	-7.453152245
1.73	-7.388543326
1.74	-7.31844876
1.75	-7.242969185
1.76	-7.162208807
1.77	-7.076275291
1.78	-6.985279649
1.79	-6.889336114
1.8	-6.788562031
1.81	-6.683077731
1.82	-6.573006414
1.83	-6.45847402
1.84	-6.339609112
1.85	-6.216542745
1.86	-6.089408342
1.87	-5.958341567
1.88	-5.823480198
1.89	-5.684963994
1.9	-5.542934571
1.91	-5.397535269
1.92	-5.248911022
1.93	-5.09720823
1.94	-4.942574624
1.95	-4.78515914
1.96	-4.625111786
1.97	-4.462583512
1.98	-4.297726081
1.99	-4.130691937
2	-3.961634078
2.01	-3.790705926
2.02	-3.618061198
2.03	-3.443853784
2.04	-3.268237613
2.05	-3.091366534
2.06	-2.913394189
2.07	-2.734473888
2.08	-2.554758492
2.09	-2.374400288
2.1	-2.193550873
2.11	-2.012361033
2.12	-1.830980632
2.13	-1.649558491
2.14	-1.468242282
2.15	-1.287178413
2.16	-1.10651192
2.17	-0.9263863618
2.18	-0.7469437137
2.19	-0.5683242647
2.2	-0.3906665177
2.21	-0.2141070909
2.22	-0.03878062196
2.23	0.1351803257
2.24	0.3076453537
2.25	0.4784863178
2.26	0.6475774136
2.27	0.8147952603
2.28	0.9800189815
2.29	1.143130283
2.3	1.304013531
2.31	1.462555818
2.32	1.618647043
2.33	1.772179967
2.34	1.923050289
2.35	2.071156696
2.36	2.216400931
2.37	2.358687843
2.38	2.49792544
2.39	2.634024941
2.4	2.766900819
2.41	2.896470849
2.42	3.022656143
2.43	3.145381194
2.44	3.264573904
2.45	3.380165618
2.46	3.492091155
2.47	3.600288829
2.48	3.704700473
2.49	3.805271459
2.5	3.901950713
2.51	3.994690728
2.52	4.083447576
2.53	4.168180913
2.54	4.248853983
2.55	4.325433624
2.56	4.397890258
2.57	4.466197894
2.58	4.530334118
2.59	4.590280079
2.6	4.646020483
2.61	4.697543572
2.62	4.744841106
2.63	4.787908343
2.64	4.826744013
2.65	4.861350296
2.66	4.891732786
2.67	4.917900464
2.68	4.939865663
2.69	4.957644029
2.7	4.971254486
2.71	4.980719191
2.72	4.98606349
2.73	4.987315875
2.74	4.984507933
2.75	4.977674299
2.76	4.966852598
2.77	4.952083397
2.78	4.933410144
2.79	4.910879113
2.8	4.88453934
2.81	4.854442565
2.82	4.820643166
2.83	4.783198097
2.84	4.742166816
2.85	4.697611221
2.86	4.64959558
2.87	4.598186457
2.88	4.543452642
2.89	4.485465077
2.9	4.424296784
2.91	4.360022782
2.92	4.292720016
2.93	4.222467279
2.94	4.149345131
2.95	4.07343582
2.96	3.994823203
2.97	3.913592663
2.98	3.829831031
2.99	3.743626498
3	3.655068541
3.01	3.564247831
3.02	3.471256156
3.03	3.376186337
3.04	3.279132142
3.05	3.180188201
3.06	3.07944993
3.07	2.977013436
3.08	2.872975445
3.09	2.767433208
3.1	2.660484426
3.11	2.552227163
3.12	2.442759763
3.13	2.332180771
3.14	2.220588849
3.15	2.108082694
3.16	1.994760961
3.17	1.880722182
3.18	1.766064682
3.19	1.65088651
3.2	1.535285353
3.21	1.419358465
3.22	1.303202589
3.23	1.186913884
3.24	1.070587849
3.25	0.9543192538
3.26	0.8382020655
3.27	0.72232938
3.28	0.6067933528
3.29	0.4916851316
3.3	0.3770947904
3.31	0.263111265
3.32	0.1498222895
3.33	0.03731433507
3.34	-0.07432745046
3.35	-0.1850193012
3.36	-0.2946788902
3.37	-0.4032253848
3.38	-0.5105795003
3.39	-0.6166635523
3.4	-0.7214015068
3.41	-0.8247190288
3.42	-0.9265435291
3.43	-1.02680421
3.44	-1.125432106
3.45	-1.222360131
3.46	-1.317523109
3.47	-1.410857822
3.48	-1.502303036
3.49	-1.591799541
3.5	-1.679290183
3.51	-1.764719891
3.52	-1.848035707
3.53	-1.92918681
3.54	-2.008124544
3.55	-2.084802438
3.56	-2.159176226
3.57	-2.231203867
3.58	-2.300845558
3.59	-2.368063753
3.6	-2.432823173
3.61	-2.495090816
3.62	-2.554835968
3.63	-2.612030208
3.64	-2.666647412
3.65	-2.718663757
3.66	-2.768057725
3.67	-2.814810095
3.68	-2.858903947
3.69	-2.900324655
3.7	-2.93905988
3.71	-2.975099561
3.72	-3.008435908
3.73	-3.039063388
3.74	-3.066978713
3.75	-3.092180821
3.76	-3.114670864
3.77	-3.134452189
3.78	-3.151530312
3.79	-3.165912904
3.8	-3.177609763
3.81	-3.186632788
3.82	-3.192995959
3.83	-3.1967153
3.84	-3.197808857
3.85	-3.196296666
3.86	-3.192200717
3.87	-3.185544923
3.88	-3.176355088
3.89	-3.164658865
3.9	-3.150485726
3.91	-3.133866917
3.92	-3.114835421
3.93	-3.093425919
3.94	-3.069674747
3.95	-3.043619853
3.96	-3.015300752
3.97	-2.984758485
3.98	-2.95203557
3.99	-2.917175958
4	-2.880224986
4.01	-2.841229326
4.02	-2.800236939
4.03	-2.757297028
4.04	-2.712459984
4.05	-2.665777335
4.06	-2.6173017
4.07	-2.567086735
4.08	-2.51518708
4.09	-2.461658308
4.1	-2.406556872
4.11	-2.349940052
4.12	-2.291865904
4.13	-2.232393203
4.14	-2.171581393
4.15	-2.109490531
4.16	-2.046181234
4.17	-1.981714627
4.18	-1.916152285
4.19	-1.849556186
4.2	-1.781988651
4.21	-1.713512294
4.22	-1.644189968
4.23	-1.574084712
4.24	-1.503259701
4.25	-1.431778187
4.26	-1.359703454
4.27	-1.287098764
4.28	-1.214027302
4.29	-1.140552133
4.3	-1.066736144
4.31	-0.9926419988
4.32	-0.918332088
4.33	-0.8438684802
4.34	-0.7693128741
4.35	-0.6947265516
4.36	-0.6201703312
4.37	-0.5457045224
4.38	-0.4713888807
4.39	-0.3972825633
4.4	-0.3234440865
4.41	-0.2499312824
4.42	-0.176801258
4.43	-0.1041103542
4.44	-0.03191410672
4.45	0.03973279335
4.46	0.1107765366
4.47	0.1811642324
4.48	0.2508439442
4.49	0.3197647243
4.5	0.3878766473
4.51	0.4551308425
4.52	0.5214795253
4.53	0.5868760272
4.54	0.6512748247
4.55	0.7146315675
4.56	0.7769031049
4.57	0.8380475112
4.58	0.8980241105
4.59	0.956793499
4.6	1.014317568
4.61	1.070559522
4.62	1.125483903
4.63	1.179056603
4.64	1.231244883
4.65	1.282017393
4.66	1.331344179
4.67	1.3791967
4.68	1.425547842
4.69	1.470371925
4.7	1.513644712
4.71	1.555343422
4.72	1.595446733
4.73	1.633934788
4.74	1.6707892
4.75	1.705993055
4.76	1.739530915
4.77	1.771388818
4.78	1.801554277
4.79	1.830016279
4.8	1.856765283
4.81	1.881793214
4.82	1.905093461
4.83	1.926660866
4.84	1.946491722
4.85	1.96458376
4.86	1.980936143
4.87	1.995549451
4.88	2.008425674
4.89	2.019568196
4.9	2.028981783
4.91	2.036672564
4.92	2.042648023
4.93	2.046916974
4.94	2.049489547
4.95	2.05037717
4.96	2.049592549
4.97	2.047149644
4.98	2.043063654
4.99	2.037350988
5	2.030029249
5.01	2.021117202
5.02	2.010634758
5.03	1.998602943
5.04	1.985043874
5.05	1.969980731
5.06	1.953437733
5.07	1.935440107
5.08	1.916014058
5.09	1.895186746
5.1	1.87298625
5.11	1.849441542
5.12	1.824582454
5.13	1.798439648
5.14	1.771044583
5.15	1.742429487
5.16	1.712627319
5.17	1.681671742
5.18	1.649597087
5.19	1.616438318
5.2	1.582231003
5.21	1.547011279
5.22	1.510815814
5.23	1.47368178
5.24	1.435646812
5.25	1.396748979
5.26	1.357026745
5.27	1.31651894
5.28	1.27526472
5.29	1.233303537
5.3	1.190675102
5.31	1.147419352
5.32	1.103576413
5.33	1.059186572
5.34	1.014290236
5.35	0.968927902
5.36	0.9231401242
5.37	0.8769674779
5.38	0.8304505277
5.39	0.7836297951
5.4	0.736545725
5.41	0.6892386542
5.42	0.6417487789
5.43	0.5941161238
5.44	0.5463805103
5.45	0.4985815265
5.46	0.4507584962
5.47	0.4029504495
5.48	0.3551960933
5.49	0.3075337827
5.5	0.260001492
5.51	0.2126367878
5.52	0.1654768009
5.53	0.1185582002
5.54	0.0719171663
5.55	0.02558936603
5.56	-0.02039007227
5.57	-0.06598658311
5.58	-0.1111661874
5.59	-0.1558955154
5.6	-0.2001418289
5.61	-0.2438730429
5.62	-0.2870577463
5.63	-0.3296652223
5.64	-0.3716654673
5.65	-0.4130292102
5.66	-0.45372793
5.67	-0.493733873
5.68	-0.5330200693
5.69	-0.5715603484
5.7	-0.6093293541
5.71	-0.6463025588
5.72	-0.6824562763
5.73	-0.7177676749
5.74	-0.7522147888
5.75	-0.7857765292
5.76	-0.8184326943
5.77	-0.8501639789
5.78	-0.8809519824
5.79	-0.9107792173
5.8	-0.9396291153
5.81	-0.9674860342
5.82	-0.9943352627
5.83	-1.020163025
5.84	-1.044956485
5.85	-1.068703748
5.86	-1.091393865
5.87	-1.113016832
5.88	-1.133563591
5.89	-1.153026031
5.9	-1.171396986
5.91	-1.188670234
5.92	-1.204840492
5.93	-1.219903418
5.94	-1.233855601
5.95	-1.246694561
5.96	-1.258418742
5.97	-1.269027504
5.98	-1.27852112
5.99	-1.286900765
6	-1.294168509
6.01	-1.300327311
6.02	-1.305381005
6.03	-1.309334292
6.04	-1.312192729
6.05	-1.31396272
6.06	-1.314651499
6.07	-1.314267122
6.08	-1.312818452
6.09	-1.310315147
6.1	-1.306767643
6.11	-1.30218714
6.12	-1.296585591
6.13	-1.289975679
6.14	-1.282370808
6.15	-1.273785082
6.16	-1.26423329
6.17	-1.253730885
6.18	-1.242293972
6.19	-1.229939286
6.2	-1.216684173
6.21	-1.202546572
6.22	-1.187544997
6.23	-1.171698515
6.24	-1.155026728
6.25	-1.137549752
6.26	-1.119288196
6.27	-1.100263143
6.28	-1.080496126
6.29	-1.060009112
6.3	-1.038824475
6.31	-1.016964979
6.32	-0.9944537537
6.33	-0.9713142743
6.34	-0.9475703392
6.35	-0.9232460477
6.36	-0.8983657787
6.37	-0.8729541683
6.38	-0.8470360878
6.39	-0.8206366216
6.4	-0.7937810452
6.41	-0.7664948031
6.42	-0.738803487
6.43	-0.7107328134
6.44	-0.6823086021
6.45	-0.6535567542
6.46	-0.6245032307
6.47	-0.5951740305
6.48	-0.5655951693
6.49	-0.5357926584
6.5	-0.5057924834
6.51	-0.4756205831
6.52	-0.4453028296
6.53	-0.4148650068
6.54	-0.384332791
6.55	-0.3537317305
6.56	-0.3230872257
6.57	-0.2924245103
6.58	-0.2617686313
6.59	-0.2311444309
6.6	-0.2005765275
6.61	-0.1700892976
6.62	-0.139706858
6.63	-0.1094530481
6.64	-0.07935141313
6.65	-0.0494251869
6.66	-0.01969727572
6.67	0.009809757672
6.68	0.03907370971
6.69	0.06807275117
6.7	0.0967854419
6.71	0.1251907451
6.72	0.1532680414
6.73	0.1809971418
6.74	0.2083583012
6.75	0.2353322306
6.76	0.2619001092
6.77	0.2880435958
6.78	0.3137448401
6.79	0.3389864931
6.8	0.3637517176
6.81	0.3880241971
6.82	0.4117881454
6.83	0.4350283151
6.84	0.4577300058
6.85	0.4798790714
6.86	0.5014619273
6.87	0.522465557
6.88	0.5428775182
6.89	0.5626859482
6.9	0.581879569
6.91	0.6004476917
6.92	0.6183802206
6.93	0.6356676567
6.94	0.6523011004
6.95	0.6682722543
6.96	0.683573425
6.97	0.6981975244
6.98	0.7121380707
6.99	0.7253891891
7	0.7379456114
7.01	0.7498026755
7.02	0.7609563244
7.03	0.771403105
7.04	0.7811401653
7.05	0.7901652527
7.06	0.7984767109
7.07	0.8060734759
7.08	0.8129550731
7.09	0.8191216122
7.1	0.8245737828
7.11	0.8293128492
7.12	0.8333406447
7.13	0.8366595657
7.14	0.8392725651
7.15	0.8411831458
7.16	0.842395353
7.17	0.842913767
7.18	0.8427434949
7.19	0.8418901625
7.2	0.8403599055
7.21	0.8381593606
7.22	0.8352956556
7.23	0.8317764005
7.24	0.8276096768
7.25	0.8228040275
7.26	0.8173684464
7.27	0.8113123674
7.28	0.8046456528
7.29	0.7973785825
7.3	0.789521842
7.31	0.7810865106
7.32	0.7720840491
7.33	0.7625262876
7.34	0.7524254129
7.35	0.7417939558
7.36	0.7306447781
7.37	0.7189910597
7.38	0.7068462852
7.39	0.6942242304
7.4	0.6811389491
7.41	0.6676047592
7.42	0.6536362293
7.43	0.6392481644
7.44	0.6244555925
7.45	0.60927375
7.46	0.5937180685
7.47	0.5778041599
7.48	0.5615478028
7.49	0.5449649281
7.5	0.5280716049
7.51	0.5108840265
7.52	0.4934184961
7.53	0.4756914128
7.54	0.4577192572
7.55	0.4395185779
7.56	0.421105977
7.57	0.4024980967
7.58	0.3837116049
7.59	0.3647631819
7.6	0.3456695065
7.61	0.3264472426
7.62	0.3071130259
7.63	0.2876834503
7.64	0.2681750549
7.65	0.2486043111
7.66	0.2289876098
7.67	0.2093412484
7.68	0.1896814186
7.69	0.170024194
7.7	0.1503855183
7.71	0.1307811926
7.72	0.1112268646
7.73	0.09173801643
7.74	0.07232995394
7.75	0.05301779525
7.76	0.03381646015
7.77	0.01474065957
7.78	-0.004195114726
7.79	-0.02297660019
7.8	-0.04158977319
7.81	-0.06002085856
7.82	-0.07825633875
7.83	-0.09628296278
7.84	-0.1140877549
7.85	-0.1316580228
7.86	-0.148981366
7.87	-0.1660456831
7.88	-0.1828391796
7.89	-0.199350375
7.9	-0.2155681095
7.91	-0.2314815504
7.92	-0.2470801985
7.93	-0.2623538942
7.94	-0.2772928224
7.95	-0.2918875182
7.96	-0.3061288716
7.97	-0.3200081324
7.98	-0.333516914
7.99	-0.3466471975
8	-0.3593913352
8.01	-0.3717420543
8.02	-0.3836924589
8.03	-0.3952360337
8.04	-0.4063666454
8.05	-0.417078545
8.06	-0.4273663694
8.07	-0.4372251426
8.08	-0.4466502767
8.09	-0.4556375727
8.1	-0.4641832202
8.11	-0.4722837984
8.12	-0.4799362748
8.13	-0.487138005
8.14	-0.4938867321
8.15	-0.5001805846
8.16	-0.5060180757
8.17	-0.5113981008
8.18	-0.5163199358
8.19	-0.5207832345
8.2	-0.5247880258
8.21	-0.5283347105
8.22	-0.5314240587
8.23	-0.5340572054
8.24	-0.5362356473
8.25	-0.5379612382
8.26	-0.5392361853
8.27	-0.5400630437
8.28	-0.5404447124
8.29	-0.5403844287
8.3	-0.5398857631
8.31	-0.5389526137
8.32	-0.5375892002
8.33	-0.5358000585
8.34	-0.5335900336
8.35	-0.530964274
8.36	-0.5279282249
8.37	-0.5244876211
8.38	-0.5206484803
8.39	-0.5164170961
8.4	-0.5118000302
8.41	-0.5068041055
8.42	-0.501436398
8.43	-0.4957042296
8.44	-0.4896151594
8.45	-0.4831769764
8.46	-0.4763976911
8.47	-0.469285527
8.48	-0.4618489125
8.49	-0.4540964723
8.5	-0.446037019
8.51	-0.4376795442
8.52	-0.42903321
8.53	-0.4201073398
8.54	-0.4109114101
8.55	-0.401455041
8.56	-0.3917479875
8.57	-0.3818001305
8.58	-0.3716214675
8.59	-0.3612221043
8.6	-0.3506122448
8.61	-0.339802183
8.62	-0.3288022932
8.63	-0.3176230214
8.64	-0.3062748758
8.65	-0.2947684184
8.66	-0.2831142552
8.67	-0.2713230278
8.68	-0.2594054045
8.69	-0.247372071
8.7	-0.2352337219
8.71	-0.2230010519
8.72	-0.2106847471
8.73	-0.1982954763
8.74	-0.1858438827
8.75	-0.173340575
8.76	-0.1607961198
8.77	-0.1482210325
8.78	-0.1356257699
8.79	-0.1230207218
8.8	-0.1104162029
8.81	-0.09782244561
8.82	-0.08524959196
8.83	-0.07270768615
8.84	-0.06020666724
8.85	-0.0477563619
8.86	-0.03536647729
8.87	-0.02304659416
8.88	-0.01080616009
8.89	0.001345517156
8.9	0.01339927607
8.91	0.02534610766
8.92	0.03717716155
8.93	0.04888375192
8.94	0.06045736324
8.95	0.07188965581
8.96	0.08317247118
8.97	0.09429783728
8.98	0.1052579734
8.99	0.1160452952
9	0.1266524188
9.01	0.1370721657
9.02	0.1472975669
9.03	0.1573218664
9.04	0.1671385258
9.05	0.1767412269
9.06	0.1861238762
9.07	0.1952806069
9.08	0.2042057829
9.09	0.2128940008
9.1	0.2213400926
9.11	0.2295391284
9.12	0.237486418
9.13	0.2451775132
9.14	0.2526082091
9.15	0.259774546
9.16	0.2666728103
9.17	0.2732995357
9.18	0.2796515042
9.19	0.2857257463
9.2	0.291519542
9.21	0.2970304205
9.22	0.3022561607
9.23	0.3071947905
9.24	0.3118445869
9.25	0.3162040751
9.26	0.3202720278
9.27	0.3240474642
9.28	0.3275296491
9.29	0.3307180911
9.3	0.3336125413
9.31	0.3362129917
9.32	0.3385196729
9.33	0.3405330523
9.34	0.342253832
9.35	0.3436829459
9.36	0.3448215574
9.37	0.3456710564
9.38	0.3462330569
9.39	0.3465093931
9.4	0.3465021169
9.41	0.346213494
9.42	0.3456460007
9.43	0.3448023197
9.44	0.3436853371
9.45	0.3422981377
9.46	0.3406440011
9.47	0.3387263977
9.48	0.3365489841
9.49	0.3341155989
9.5	0.331430258
9.51	0.3284971497
9.52	0.3253206304
9.53	0.3219052193
9.54	0.3182555937
9.55	0.3143765839
9.56	0.3102731677
9.57	0.3059504659
9.58	0.3014137362
9.59	0.2966683686
9.6	0.2917198793
9.61	0.2865739056
9.62	0.2812362002
9.63	0.2757126259
9.64	0.2700091495
9.65	0.2641318364
9.66	0.2580868449
9.67	0.2518804204
9.68	0.2455188897
9.69	0.2390086551
9.7	0.2323561885
9.71	0.225568026
9.72	0.2186507616
9.73	0.2116110418
9.74	0.2044555595
9.75	0.1971910482
9.76	0.1898242765
9.77	0.182362042
9.78	0.1748111655
9.79	0.1671784857
9.8	0.1594708531
9.81	0.1516951246
9.82	0.1438581576
9.83	0.1359668048
9.84	0.1280279083
9.85	0.1200482943
9.86	0.1120347677
9.87	0.1039941069
9.88	0.09593305801
9.89	0.08785833018
9.9	0.07977659011
9.91	0.0716944571
9.92	0.06361849801
9.93	0.05555522238
9.94	0.04751107757
9.95	0.03949244403
9.96	0.03150563067
9.97	0.02355687025
9.98	0.015652315
9.99	0.00779803221
10	3.028075453e-16
10.01	-0.007735896825
10.02	-0.01540387081
10.03	-0.02299823579
10.04	-0.03051341067
10.05	-0.03794392315
10.06	-0.04528441329
10.07	-0.05252963696
10.08	-0.05967446919
10.09	-0.06671390739
10.1	-0.07364307439
10.11	-0.08045722147
10.12	-0.08715173116
10.13	-0.0937221199
10.14	-0.1001640407
10.15	-0.1064732856
10.16	-0.1126457877
10.17	-0.1186776238
10.18	-0.1245650161
10.19	-0.1303043343
10.2	-0.135892097
10.21	-0.1413249739
10.22	-0.146599787
10.23	-0.151713512
10.24	-0.1566632792
10.25	-0.1614463754
10.26	-0.1660602441
10.27	-0.1705024867
10.28	-0.1747708629
10.29	-0.1788632917
10.3	-0.1827778516
10.31	-0.1865127805
10.32	-0.1900664767
10.33	-0.1934374981
10.34	-0.1966245625
10.35	-0.1996265475
10.36	-0.2024424898
10.37	-0.2050715849
10.38	-0.2075131864
10.39	-0.2097668053
10.4	-0.2118321094
10.41	-0.2137089219
10.42	-0.2153972203
10.43	-0.2168971358
10.44	-0.2182089512
10.45	-0.2193331
10.46	-0.2202701646
10.47	-0.2210208746
10.48	-0.2215861053
10.49	-0.2219668755
10.5	-0.2221643458
10.51	-0.2221798164
10.52	-0.2220147249
10.53	-0.2216706441
10.54	-0.2211492796
10.55	-0.2204524675
10.56	-0.2195821717
10.57	-0.2185404813
10.58	-0.217329608
10.59	-0.2159518831
10.6	-0.2144097552
10.61	-0.2127057865
10.62	-0.2108426505
10.63	-0.2088231286
10.64	-0.2066501069
10.65	-0.2043265733
10.66	-0.2018556142
10.67	-0.199240411
10.68	-0.1964842368
10.69	-0.1935904535
10.7	-0.1905625074
10.71	-0.1874039269
10.72	-0.1841183178
10.73	-0.1807093609
10.74	-0.1771808073
10.75	-0.1735364758
10.76	-0.1697802485
10.77	-0.1659160675
10.78	-0.1619479313
10.79	-0.1578798909
10.8	-0.153716046
10.81	-0.1494605415
10.82	-0.145117564
10.83	-0.1406913374
10.84	-0.1361861197
10.85	-0.1316061992
10.86	-0.1269558906
10.87	-0.1222395314
10.88	-0.1174614782
10.89	-0.112626103
10.9	-0.1077377894
10.91	-0.1028009293
10.92	-0.09781991882
10.93	-0.092799155
10.94	-0.08774303211
10.95	-0.08265593811
10.96	-0.07754225117
10.97	-0.07240633615
10.98	-0.06725254121
10.99	-0.06208519436
11	-0.05690860014
11.01	-0.05172703629
11.02	-0.04654475053
11.03	-0.04136595729
11.04	-0.03619483459
11.05	-0.03103552094
11.06	-0.02589211227
11.07	-0.02076865896
11.08	-0.01566916293
11.09	-0.01059757471
11.1	-0.005557790744
11.11	-0.0005536505552
11.12	0.004411065855
11.13	0.009332640624
11.14	0.01420742055
11.15	0.01903181955
11.16	0.02380232102
11.17	0.02851548016
11.18	0.03316792617
11.19	0.03775636444
11.2	0.04227757858
11.21	0.04672843242
11.22	0.05110587193
11.23	0.05540692704
11.24	0.05962871336
11.25	0.06376843388
11.26	0.06782338052
11.27	0.07179093561
11.28	0.07566857333
11.29	0.07945386102
11.3	0.08314446037
11.31	0.08673812862
11.32	0.09023271961
11.33	0.09362618472
11.34	0.09691657382
11.35	0.100102036
11.36	0.1031808203
11.37	0.1061512764
11.38	0.109011855
11.39	0.1117611085
11.4	0.1143976912
11.41	0.1169203597
11.42	0.1193279728
11.43	0.121619492
11.44	0.1237939815
11.45	0.1258506076
11.46	0.1277886394
11.47	0.1296074478
11.48	0.1313065057
11.49	0.1328853875
11.5	0.1343437684
11.51	0.1356814243
11.52	0.1368982307
11.53	0.1379941624
11.54	0.1389692924
11.55	0.1398237915
11.56	0.1405579267
11.57	0.141172061
11.58	0.1416666519
11.59	0.1420422501
11.6	0.1422994988
11.61	0.142439132
11.62	0.1424619736
11.63	0.1423689356
11.64	0.1421610169
11.65	0.1418393017
11.66	0.141404958
11.67	0.1408592361
11.68	0.1402034666
11.69	0.1394390589
11.7	0.1385674994
11.71	0.1375903499
11.72	0.1365092451
11.73	0.1353258915
11.74	0.1340420647
11.75	0.1326596081
11.76	0.1311804301
11.77	0.1296065029
11.78	0.1279398596
11.79	0.1261825924
11.8	0.1243368507
11.81	0.1224048384
11.82	0.1203888119
11.83	0.1182910779
11.84	0.1161139912
11.85	0.1138599521
11.86	0.1115314042
11.87	0.1091308325
11.88	0.1066607604
11.89	0.1041237476
11.9	0.101522388
11.91	0.09885930688
11.92	0.09613715884
11.93	0.09335862527
11.94	0.09052641198
11.95	0.08764324682
11.96	0.08471187729
11.97	0.08173506812
11.98	0.07871559895
11.99	0.07565626188
12	0.07255985918
12.01	0.06942920087
12.02	0.06626710239
12.03	0.06307638229
12.04	0.05985985993
12.05	0.05662035312
12.06	0.0533606759
12.07	0.05008363628
12.08	0.04679203398
12.09	0.04348865825
12.1	0.04017628567
12.11	0.036857678
12.12	0.03353558006
12.13	0.03021271765
12.14	0.02689179544
12.15	0.02357549499
12.16	0.02026647275
12.17	0.01696735807
12.18	0.01368075133
12.19	0.010409222
12.2	0.007155306865
12.21	0.003921508161
12.22	0.0007102918676
12.23	-0.00247591403
12.24	-0.005634721205
12.25	-0.00876378261
12.26	-0.01186079406
12.27	-0.01492349576
12.28	-0.01794967377
12.29	-0.02093716148
12.3	-0.02388384093
12.31	-0.02678764422
12.32	-0.02964655472
12.33	-0.03245860833
12.34	-0.03522189465
12.35	-0.03793455813
12.36	-0.04059479909
12.37	-0.04320087479
12.38	-0.04575110033
12.39	-0.04824384964
12.4	-0.05067755624
12.41	-0.05305071412
12.42	-0.05536187841
12.43	-0.05760966612
12.44	-0.05979275674
12.45	-0.06190989285
12.46	-0.06395988056
12.47	-0.06594159008
12.48	-0.06785395605
12.49	-0.06969597791
12.5	-0.07146672021
12.51	-0.07316531284
12.52	-0.07479095122
12.53	-0.07634289642
12.54	-0.07782047525
12.55	-0.07922308029
12.56	-0.08055016984
12.57	-0.08180126784
12.58	-0.08297596374
12.59	-0.08407391233
12.6	-0.08509483344
12.61	-0.08603851173
12.62	-0.08690479628
12.63	-0.08769360023
12.64	-0.08840490035
12.65	-0.08903873653
12.66	-0.08959521124
12.67	-0.09007448898
12.68	-0.09047679563
12.69	-0.09080241778
12.7	-0.091051702
12.71	-0.09122505411
12.72	-0.09132293835
12.73	-0.09134587658
12.74	-0.09129444734
12.75	-0.09116928496
12.76	-0.0909710786
12.77	-0.09070057125
12.78	-0.09035855869
12.79	-0.08994588846
12.8	-0.08946345868
12.81	-0.08891221702
12.82	-0.08829315945
12.83	-0.08760732908
12.84	-0.08685581496
12.85	-0.08603975077
12.86	-0.08516031362
12.87	-0.08421872268
12.88	-0.08321623789
12.89	-0.08215415861
12.9	-0.08103382223
12.91	-0.07985660282
12.92	-0.07862390967
12.93	-0.07733718591
12.94	-0.07599790705
12.95	-0.07460757952
12.96	-0.07316773921
12.97	-0.07167994998
12.98	-0.07014580216
12.99	-0.06856691108
13	-0.0669449155
13.01	-0.06528147618
13.02	-0.06357827425
13.03	-0.06183700978
13.04	-0.06005940017
13.05	-0.0582471787
13.06	-0.05640209289
13.07	-0.05452590307
13.08	-0.05262038078
13.09	-0.05068730728
13.1	-0.04872847201
13.11	-0.04674567107
13.12	-0.04474070571
13.13	-0.04271538082
13.14	-0.04067150347
13.15	-0.03861088137
13.16	-0.03653532144
13.17	-0.03444662833
13.18	-0.03234660297
13.19	-0.03023704116
13.2	-0.02811973211
13.21	-0.0259964571
13.22	-0.02386898803
13.23	-0.02173908609
13.24	-0.01960850044
13.25	-0.01747896684
13.26	-0.01535220635
13.27	-0.01322992408
13.28	-0.01111380793
13.29	-0.009005527318
13.3	-0.006906732008
13.31	-0.004819050917
13.32	-0.002744090952
13.33	-0.0006834358866
13.34	0.001361354742
13.35	0.003388746708
13.36	0.005397232141
13.37	0.007385330538
13.38	0.009351589752
13.39	0.01129458694
13.4	0.01321292949
13.41	0.01510525592
13.42	0.01697023669
13.43	0.01880657511
13.44	0.02061300805
13.45	0.02238830675
13.46	0.0241312775
13.47	0.02584076239
13.48	0.0275156399
13.49	0.02915482558
13.5	0.03075727259
13.51	0.03232197227
13.52	0.03384795466
13.53	0.03533428896
13.54	0.03678008399
13.55	0.03818448861
13.56	0.03954669206
13.57	0.04086592431
13.58	0.04214145637
13.59	0.04337260056
13.6	0.04455871071
13.61	0.04569918238
13.62	0.04679345302
13.63	0.04784100206
13.64	0.04884135104
13.65	0.04979406364
13.66	0.05069874571
13.67	0.05155504524
13.68	0.05236265232
13.69	0.05312129905
13.7	0.05383075943
13.71	0.05449084922
13.72	0.05510142571
13.73	0.05566238758
13.74	0.05617367458
13.75	0.05663526729
13.76	0.05704718681
13.77	0.0574094944
13.78	0.05772229114
13.79	0.05798571751
13.8	0.05819995294
13.81	0.05836521542
13.82	0.05848176095
13.83	0.05854988306
13.84	0.05856991227
13.85	0.05854221552
13.86	0.05846719558
13.87	0.05834529047
13.88	0.05817697277
13.89	0.05796274898
13.9	0.05770315888
13.91	0.05739877477
13.92	0.05705020077
13.93	0.05665807207
13.94	0.05622305418
13.95	0.05574584214
13.96	0.05522715971
13.97	0.05466775858
13.98	0.05406841749
13.99	0.05342994143
14	0.05275316076
14.01	0.05203893033
14.02	0.05128812858
14.03	0.05050165668
14.04	0.04968043756
14.05	0.04882541502
14.06	0.04793755281
14.07	0.04701783364
14.08	0.0460672583
14.09	0.04508684464
14.1	0.04407762663
14.11	0.0430406534
14.12	0.04197698827
14.13	0.04088770776
14.14	0.03977390061
14.15	0.0386366668
14.16	0.03747711658
14.17	0.03629636948
14.18	0.03509555331
14.19	0.03387580321
14.2	0.03263826063
14.21	0.0313840724
14.22	0.03011438971
14.23	0.02883036717
14.24	0.02753316183
14.25	0.02622393224
14.26	0.02490383746
14.27	0.02357403617
14.28	0.02223568567
14.29	0.020889941
14.3	0.019537954
14.31	0.01818087239
14.32	0.0168198389
14.33	0.01545599035
14.34	0.01409045679
14.35	0.01272436065
14.36	0.01135881584
14.37	0.009994926973
14.38	0.008633788514
14.39	0.007276483967
14.4	0.005924085089
14.41	0.004577651116
14.42	0.003238227996
14.43	0.001906847653
14.44	0.0005845272542
14.45	-0.000727731495
14.46	-0.002028943042
14.47	-0.00331813866
14.48	-0.004594367099
14.49	-0.005856695219
14.5	-0.007104208605
14.51	-0.008336012159
14.52	-0.009551230674
14.53	-0.01074900939
14.54	-0.01192851451
14.55	-0.01308893373
14.56	-0.01422947672
14.57	-0.01534937559
14.58	-0.01644788532
14.59	-0.01752428422
14.6	-0.01857787429
14.61	-0.01960798162
14.62	-0.02061395674
14.63	-0.02159517496
14.64	-0.02255103667
14.65	-0.02348096762
14.66	-0.02438441922
14.67	-0.02526086872
14.68	-0.0261098195
14.69	-0.0269308012
14.7	-0.02772336995
14.71	-0.02848710847
14.72	-0.02922162624
14.73	-0.02992655955
14.74	-0.03060157164
14.75	-0.03124635274
14.76	-0.03186062007
14.77	-0.03244411792
14.78	-0.03299661757
14.79	-0.03351791733
14.8	-0.03400784242
14.81	-0.03446624498
14.82	-0.03489300388
14.83	-0.03528802469
14.84	-0.03565123948
14.85	-0.03598260672
14.86	-0.03628211105
14.87	-0.03654976313
14.88	-0.03678559938
14.89	-0.0369896818
14.9	-0.03716209765
14.91	-0.03730295923
14.92	-0.03741240357
14.93	-0.03749059212
14.94	-0.03753771045
14.95	-0.03755396783
14.96	-0.03753959699
14.97	-0.03749485363
14.98	-0.03742001611
14.99	-0.03731538499
15	-0.03718128265
15.01	-0.03701805282
15.02	-0.03682606017
15.03	-0.03660568979
15.04	-0.03635734677
15.05	-0.03608145569
15.06	-0.03577846011
15.07	-0.03544882208
15.08	-0.03509302159
15.09	-0.03471155606
15.1	-0.0343049398
15.11	-0.03387370343
15.12	-0.03341839335
15.13	-0.03293957115
15.14	-0.03243781304
15.15	-0.03191370927
15.16	-0.03136786353
15.17	-0.03080089236
15.18	-0.03021342455
15.19	-0.02960610052
15.2	-0.0289795717
15.21	-0.02833449994
15.22	-0.02767155688
15.23	-0.02699142332
15.24	-0.02629478858
15.25	-0.02558234991
15.26	-0.02485481182
15.27	-0.02411288549
15.28	-0.0233572881
15.29	-0.02258874223
15.3	-0.02180797521
15.31	-0.0210157185
15.32	-0.02021270707
15.33	-0.01939967876
15.34	-0.01857737368
15.35	-0.01774653356
15.36	-0.01690790116
15.37	-0.01606221964
15.38	-0.01521023198
15.39	-0.01435268035
15.4	-0.01349030552
15.41	-0.0126238463
15.42	-0.01175403889
15.43	-0.01088161638
15.44	-0.01000730812
15.45	-0.009131839196
15.46	-0.008255929842
15.47	-0.007380294923
15.48	-0.00650564338
15.49	-0.00563267771
15.5	-0.004762093439
15.51	-0.00389457862
15.52	-0.003030813331
15.53	-0.002171469183
15.54	-0.001317208848
15.55	-0.0004686855876
15.56	0.0003734572006
15.57	0.001208586428
15.58	0.002036079745
15.59	0.002855325964
15.6	0.003665725465
15.61	0.004466690589
15.62	0.005257646022
15.63	0.006038029165
15.64	0.006807290486
15.65	0.007564893864
15.66	0.008310316919
15.67	0.009043051324
15.68	0.009762603109
15.69	0.01046849294
15.7	0.01116025641
15.71	0.01183744428
15.72	0.01249962271
15.73	0.01314637354
15.74	0.01377729444
15.75	0.01439199916
15.76	0.01499011768
15.77	0.01557129643
15.78	0.01613519839
15.79	0.01668150325
15.8	0.01720990757
15.81	0.01772012483
15.82	0.01821188561
15.83	0.01868493757
15.84	0.01913904563
15.85	0.01957399193
15.86	0.01998957592
15.87	0.02038561437
15.88	0.02076194139
15.89	0.02111840842
15.9	0.0214548842
15.91	0.02177125476
15.92	0.02206742337
15.93	0.02234331048
15.94	0.02259885363
15.95	0.02283400739
15.96	0.02304874325
15.97	0.02324304951
15.98	0.02341693114
15.99	0.02357040969
16	0.02370352308
16.01	0.02381632547
16.02	0.0239088871
16.03	0.02398129408
16.04	0.02403364818
16.05	0.02406606669
16.06	0.02407868212
16.07	0.02407164201
16.08	0.0240451087
16.09	0.02399925907
16.1	0.02393428425
16.11	0.02385038942
16.12	0.02374779347
16.13	0.02362672871
16.14	0.02348744065
16.15	0.02333018759
16.16	0.0231552404
16.17	0.02296288215
16.18	0.02275340779
16.19	0.02252712381
16.2	0.02228434795
16.21	0.02202540875
16.22	0.02175064532
16.23	0.02146040689
16.24	0.02115505246
16.25	0.02083495048
16.26	0.02050047842
16.27	0.02015202241
16.28	0.01978997687
16.29	0.01941474411
16.3	0.01902673395
16.31	0.01862636332
16.32	0.01821405584
16.33	0.0177902415
16.34	0.01735535615
16.35	0.01690984122
16.36	0.01645414319
16.37	0.01598871331
16.38	0.01551400711
16.39	0.01503048402
16.4	0.01453860698
16.41	0.01403884202
16.42	0.01353165788
16.43	0.01301752556
16.44	0.01249691797
16.45	0.0119703095
16.46	0.01143817566
16.47	0.01090099262
16.48	0.01035923688
16.49	0.009813384851
16.5	0.009263912478
16.51	0.008711294849
16.52	0.008156005823
16.53	0.007598517653
16.54	0.007039300614
16.55	0.006478822639
16.56	0.005917548956
16.57	0.005355941732
16.58	0.004794459723
16.59	0.004233557928
16.6	0.003673687247
16.61	0.003115294154
16.62	0.002558820361
16.63	0.002004702505
16.64	0.001453371828
16.65	0.0009052538752
16.66	0.0003607681892
16.67	-0.0001796719791
16.68	-0.0007156599572
16.69	-0.001246795929
16.7	-0.001772687204
16.71	-0.00229294848
16.72	-0.002807202099
16.73	-0.003315078289
16.74	-0.003816215404
16.75	-0.004310260155
16.76	-0.004796867825
16.77	-0.005275702484
16.78	-0.005746437194
16.79	-0.006208754197
16.8	-0.006662345105
16.81	-0.007106911073
16.82	-0.007542162969
16.83	-0.007967821526
16.84	-0.008383617495
16.85	-0.008789291782
16.86	-0.009184595576
16.87	-0.009569290473
16.88	-0.009943148584
16.89	-0.01030595263
16.9	-0.01065749606
16.91	-0.01099758309
16.92	-0.01132602882
16.93	-0.01164265925
16.94	-0.0119473114
16.95	-0.01223983329
16.96	-0.01252008401
16.97	-0.01278793373
16.98	-0.01304326374
16.99	-0.01328596644
17	-0.01351594534
17.01	-0.01373311504
17.02	-0.01393740125
17.03	-0.01412874071
17.04	-0.01430708119
17.05	-0.01447238143
17.06	-0.0146246111
17.07	-0.0147637507
17.08	-0.01488979155
17.09	-0.01500273566
17.1	-0.01510259564
17.11	-0.01518939467
17.12	-0.01526316632
17.13	-0.01532395448
17.14	-0.01537181323
17.15	-0.01540680674
17.16	-0.01542900909
17.17	-0.01543850417
17.18	-0.01543538553
17.19	-0.0154197562
17.2	-0.01539172857
17.21	-0.01535142418
17.22	-0.01529897359
17.23	-0.01523451619
17.24	-0.01515819998
17.25	-0.01507018144
17.26	-0.0149706253
17.27	-0.01485970435
17.28	-0.01473759921
17.29	-0.01460449817
17.3	-0.01446059695
17.31	-0.01430609847
17.32	-0.01414121264
17.33	-0.01396615613
17.34	-0.01378115215
17.35	-0.01358643022
17.36	-0.01338222591
17.37	-0.01316878061
17.38	-0.01294634131
17.39	-0.01271516031
17.4	-0.01247549502
17.41	-0.01222760769
17.42	-0.01197176514
17.43	-0.01170823854
17.44	-0.01143730313
17.45	-0.01115923799
17.46	-0.01087432574
17.47	-0.01058285234
17.48	-0.01028510677
17.49	-0.009981380829
17.5	-0.009671968822
17.51	-0.009357167343
17.52	-0.009037274996
17.53	-0.008712592139
17.54	-0.008383420627
17.55	-0.008050063557
17.56	-0.007712825009
17.57	-0.007372009793
17.58	-0.007027923193
17.59	-0.006680870719
17.6	-0.006331157855
17.61	-0.005979089812
17.62	-0.005624971281
17.63	-0.00526910619
17.64	-0.004911797465
17.65	-0.004553346789
17.66	-0.004194054371
17.67	-0.003834218709
17.68	-0.003474136366
17.69	-0.00311410174
17.7	-0.002754406847
17.71	-0.002395341097
17.72	-0.002037191086
17.73	-0.001680240381
17.74	-0.001324769317
17.75	-0.0009710547924
17.76	-0.0006193700726
17.77	-0.0002699845977
17.78	7.683620641e-05
17.79	0.0004208311119
17.8	0.0007617432672
17.81	0.001099320371
17.82	0.001433314841
17.83	0.001763483977
17.84	0.00208959012
17.85	0.002411400803
17.86	0.002728688901
17.87	0.003041232771
17.88	0.003348816389
17.89	0.003651229482
17.9	0.003948267649
17.91	0.004239732486
17.92	0.004525431693
17.93	0.004805179187
17.94	0.005078795201
17.95	0.005346106379
17.96	0.005606945866
17.97	0.005861153395
17.98	0.00610857536
17.99	0.006349064891
18	0.006582481916
18.01	0.006808693225
18.02	0.007027572522
18.03	0.007239000469
18.04	0.007442864733
18.05	0.007639060018
18.06	0.007827488095
18.07	0.008008057825
18.08	0.008180685178
18.09	0.008345293245
18.1	0.00850181224
18.11	0.008650179505
18.12	0.008790339498
18.13	0.008922243789
18.14	0.009045851037
18.15	0.009161126967
18.16	0.009268044345
18.17	0.009366582943
18.18	0.009456729496
18.19	0.009538477663
18.2	0.009611827973
18.21	0.00967678777
18.22	0.009733371156
18.23	0.00978159892
18.24	0.009821498475
18.25	0.009853103776
18.26	0.009876455245
18.27	0.009891599685
18.28	0.009898590191
18.29	0.009897486057
18.3	0.009888352678
18.31	0.00987126145
18.32	0.009846289662
18.33	0.009813520387
18.34	0.009773042369
18.35	0.009724949906
18.36	0.009669342726
18.37	0.009606325869
18.38	0.009536009553
18.39	0.009458509047
18.4	0.009373944536
18.41	0.009282440983
18.42	0.009184127992
18.43	0.009079139665
18.44	0.008967614454
18.45	0.00884969502
18.46	0.008725528078
18.47	0.008595264248
18.48	0.008459057902
18.49	0.008317067007
18.5	0.008169452971
18.51	0.008016380481
18.52	0.007858017345
18.53	0.007694534331
18.54	0.007526105003
18.55	0.007352905561
18.56	0.007175114675
18.57	0.006992913317
18.58	0.006806484603
18.59	0.00661601362
18.6	0.006421687265
18.61	0.006223694077
18.62	0.006022224068
18.63	0.005817468562
18.64	0.005609620027
18.65	0.005398871907
18.66	0.005185418462
18.67	0.0049694546
18.68	0.004751175715
18.69	0.004530777524
18.7	0.004308455905
18.71	0.004084406739
18.72	0.003858825748
18.73	0.003631908338
18.74	0.003403849445
18.75	0.003174843377
18.76	0.002945083665
18.77	0.002714762908
18.78	0.002484072626
18.79	0.002253203115
18.8	0.002022343299
18.81	0.001791680589
18.82	0.001561400742
18.83	0.001331687724
18.84	0.001102723576
18.85	0.0008746882792
18.86	0.0006477596267
18.87	0.0004221130963
18.88	0.0001979217261
18.89	-2.464400635e-05
18.9	-0.0002454163019
18.91	-0.0004642301552
18.92	-0.0006809234659
18.93	-0.0008953371478
18.94	-0.001107315233
18.95	-0.001316704976
18.96	-0.001523356948
18.97	-0.001727125136
18.98	-0.001927867032
18.99	-0.002125443721
19	-0.002319719967
19.01	-0.002510564289
19.02	-0.002697849044
19.03	-0.002881450495
19.04	-0.003061248882
19.05	-0.003237128489
19.06	-0.003408977705
19.07	-0.003576689079
19.08	-0.003740159379
19.09	-0.003899289639
19.1	-0.004053985208
19.11	-0.004204155786
19.12	-0.004349715473
19.13	-0.004490582795
19.14	-0.004626680739
19.15	-0.004757936778
19.16	-0.004884282895
19.17	-0.005005655605
19.18	-0.005121995965
19.19	-0.005233249591
19.2	-0.00533936666
19.21	-0.005440301922
19.22	-0.005536014691
19.23	-0.005626468852
19.24	-0.005711632844
19.25	-0.005791479655
19.26	-0.005865986807
19.27	-0.005935136338
19.28	-0.005998914779
19.29	-0.006057313131
19.3	-0.006110326836
19.31	-0.006157955745
19.32	-0.006200204085
19.33	-0.006237080416
19.34	-0.006268597596
19.35	-0.00629477273
19.36	-0.006315627126
19.37	-0.006331186244
19.38	-0.006341479641
19.39	-0.006346540916
19.4	-0.006346407648
19.41	-0.006341121335
19.42	-0.006330727331
19.43	-0.006315274776
19.44	-0.006294816527
19.45	-0.006269409082
19.46	-0.006239112513
19.47	-0.006203990382
19.48	-0.006164109661
19.49	-0.006119540657
19.5	-0.006070356922
19.51	-0.00601663517
19.52	-0.005958455189
19.53	-0.005895899753
19.54	-0.005829054529
19.55	-0.005758007985
19.56	-0.005682851297
19.57	-0.005603678251
19.58	-0.005520585149
19.59	-0.005433670709
19.6	-0.005343035966
19.61	-0.005248784169
19.62	-0.005151020685
19.63	-0.005049852893
19.64	-0.004945390078
19.65	-0.004837743334
19.66	-0.004727025453
19.67	-0.004613350824
19.68	-0.004496835325
19.69	-0.004377596218
19.7	-0.004255752042
19.71	-0.004131422508
19.72	-0.004004728392
19.73	-0.003875791427
19.74	-0.003744734197
19.75	-0.003611680032
19.76	-0.003476752901
19.77	-0.003340077307
19.78	-0.00320177818
19.79	-0.003061980773
19.8	-0.002920810558
19.81	-0.002778393123
19.82	-0.002634854066
19.83	-0.002490318897
19.84	-0.002344912935
19.85	-0.002198761207
19.86	-0.002051988348
19.87	-0.001904718508
19.88	-0.001757075248
19.89	-0.001609181449
19.9	-0.001461159216
19.91	-0.001313129787
19.92	-0.001165213436
19.93	-0.001017529391
19.94	-0.00087019574
19.95	-0.0007233293437
19.96	-0.0005770457542
19.97	-0.0004314591289
19.98	-0.0002866821493
19.99	-0.000142825942
20	-1.10922273e-17
20.01	0.0001416878927
20.02	0.0002821317353
20.03	0.0004212273818
20.04	0.0005588726112
20.05	0.0006949671945
20.06	0.0008294129611
20.07	0.0009621138615
20.08	0.001092976029
20.09	0.001221907837
20.1	0.001348819957
20.11	0.001473625415
20.12	0.001596239636
20.13	0.001716580504
20.14	0.001834568399
20.15	0.00195012625
20.16	0.00206317957
20.17	0.002173656502
20.18	0.002281487854
20.19	0.002386607132
20.2	0.002488950576
20.21	0.002588457188
20.22	0.002685068761
20.23	0.0027787299
20.24	0.002869388049
20.25	0.002956993512
20.26	0.003041499465
20.27	0.003122861975
20.28	0.003201040013
20.29	0.003275995462
20.3	0.003347693126
20.31	0.003416100736
20.32	0.003481188952
20.33	0.003542931362
20.34	0.003601304484
20.35	0.003656287757
20.36	0.003707863539
20.37	0.003756017095
20.38	0.003800736586
20.39	0.003842013057
20.4	0.003879840421
20.41	0.00391421544
20.42	0.003945137705
20.43	0.003972609616
20.44	0.003996636353
20.45	0.004017225857
20.46	0.004034388793
20.47	0.004048138526
20.48	0.004058491087
20.49	0.004065465137
20.5	0.004069081931
20.51	0.004069365285
20.52	0.004066341529
20.53	0.004060039469
20.54	0.004050490346
20.55	0.004037727788
20.56	0.004021787764
20.57	0.004002708538
20.58	0.003980530619
20.59	0.003955296709
20.6	0.00392705165
20.61	0.003895842375
20.62	0.003861717849
20.63	0.003824729014
20.64	0.003784928734
20.65	0.003742371733
20.66	0.003697114538
20.67	0.003649215419
20.68	0.003598734329
20.69	0.003545732838
20.7	0.003490274072
20.71	0.003432422651
20.72	0.003372244622
20.73	0.003309807397
20.74	0.003245179685
20.75	0.003178431425
20.76	0.003109633722
20.77	0.003038858779
20.78	0.002966179829
20.79	0.002891671069
20.8	0.002815407589
20.81	0.002737465307
20.82	0.002657920898
20.83	0.00257685173
20.84	0.00249433579
20.85	0.00241045162
20.86	0.002325278247
20.87	0.002238895115
20.88	0.002151382018
20.89	0.002062819031
20.9	0.001973286445
20.91	0.001882864698
20.92	0.001791634309
20.93	0.001699675812
20.94	0.001607069691
20.95	0.001513896314
20.96	0.001420235871
20.97	0.001326168306
20.98	0.001231773259
20.99	0.00113713
21	0.00104231737
21.01	0.0009474137176
21.02	0.0008524968429
21.03	0.000757643936
21.04	0.00066293152
21.05	0.0005684353942
21.06	0.0004742305784
21.07	0.0003803912578
21.08	0.0002869907298
21.09	0.0001941013516
21.1	0.0001017944883
21.11	1.014046364e-05
21.12	-8.079148931e-05
21.13	-0.0001709332755
21.14	-0.0002602179844
21.15	-0.0003485799343
21.16	-0.0004359547165
21.17	-0.0005222792373
21.18	-0.0006074917584
21.19	-0.0006915319368
21.2	-0.0007743408624
21.21	-0.0008558610941
21.22	-0.0009360366954
21.23	-0.001014813268
21.24	-0.001092137981
21.25	-0.001167959607
21.26	-0.001242228546
21.27	-0.001314896852
21.28	-0.001385918264
21.29	-0.001455248227
21.3	-0.001522843912
21.31	-0.001588664242
21.32	-0.001652669908
21.33	-0.00171482339
21.34	-0.001775088968
21.35	-0.001833432743
21.36	-0.001889822645
21.37	-0.001944228445
21.38	-0.00199662177
21.39	-0.002046976105
21.4	-0.002095266802
21.41	-0.002141471086
21.42	-0.002185568059
21.43	-0.002227538698
21.44	-0.002267365861
21.45	-0.002305034283
21.46	-0.002340530573
21.47	-0.002373843211
21.48	-0.002404962542
21.49	-0.002433880771
21.5	-0.002460591949
21.51	-0.002485091971
21.52	-0.002507378558
21.53	-0.002527451247
21.54	-0.002545311377
21.55	-0.002560962072
21.56	-0.002574408229
21.57	-0.002585656491
21.58	-0.002594715239
21.59	-0.00260159456
21.6	-0.002606306233
21.61	-0.002608863706
21.62	-0.002609282064
21.63	-0.002607578013
21.64	-0.002603769849
21.65	-0.00259787743
21.66	-0.002589922148
21.67	-0.002579926903
21.68	-0.002567916065
21.69	-0.002553915449
21.7	-0.002537952281
21.71	-0.002520055163
21.72	-0.002500254038
21.73	-0.00247858016
21.74	-0.002455066053
21.75	-0.002429745477
21.76	-0.002402653388
21.77	-0.002373825905
21.78	-0.002343300268
21.79	-0.002311114797
21.8	-0.002277308858
21.81	-0.002241922818
21.82	-0.002204998005
21.83	-0.002166576667
21.84	-0.002126701933
21.85	-0.002085417766
21.86	-0.002042768925
21.87	-0.00199880092
21.88	-0.001953559971
21.89	-0.001907092961
21.9	-0.001859447398
21.91	-0.001810671366
21.92	-0.001760813485
21.93	-0.001709922868
21.94	-0.001658049072
21.95	-0.00160524206
21.96	-0.001551552154
21.97	-0.001497029992
21.98	-0.001441726485
21.99	-0.001385692772
22	-0.001328980179
22.01	-0.001271640171
22.02	-0.001213724317
22.03	-0.00115528424
22.04	-0.001096371578
22.05	-0.001037037941
22.06	-0.0009773348706
22.07	-0.0009173137963
22.08	-0.0008570259973
22.09	-0.0007965225603
22.1	-0.0007358543402
22.11	-0.0006750719205
22.12	-0.0006142255744
22.13	-0.0005533652263
22.14	-0.0004925404143
22.15	-0.0004318002529
22.16	-0.0003711933964
22.17	-0.0003107680034
22.18	-0.0002505717011
22.19	-0.0001906515513
22.2	-0.0001310540167
22.21	-7.182492738e-05
22.22	-1.300944935e-05
22.23	4.53479473e-05
22.24	0.0001032035188
22.25	0.0001605142776
22.26	0.0002172380209
22.27	0.0002733333592
22.28	0.0003287597429
22.29	0.0003834774889
22.3	0.0004374478058
22.31	0.0004906328183
22.32	0.0005429955906
22.33	0.000594500149
22.34	0.0006451115034
22.35	0.0006947956681
22.36	0.0007435196809
22.37	0.0007912516223
22.38	0.0008379606325
22.39	0.0008836169286
22.4	0.0009281918199
22.41	0.0009716577226
22.42	0.001013988173
22.43	0.001055157841
22.44	0.001095142541
22.45	0.001133919241
22.46	0.001171466076
22.47	0.001207762352
22.48	0.001242788556
22.49	0.001276526363
22.5	0.00130895864
22.51	0.001340069449
22.52	0.001369844055
22.53	0.001398268922
22.54	0.001425331723
22.55	0.00145102133
22.56	0.001475327823
22.57	0.001498242482
22.58	0.001519757788
22.59	0.001539867418
22.6	0.001558566241
22.61	0.001575850311
22.62	0.001591716866
22.63	0.001606164315
22.64	0.001619192231
22.65	0.001630801345
22.66	0.001640993535
22.67	0.001649771813
22.68	0.001657140317
22.69	0.001663104294
22.7	0.001667670094
22.71	0.001670845149
22.72	0.001672637961
22.73	0.001673058089
22.74	0.00167211613
22.75	0.001669823701
22.76	0.001666193425
22.77	0.00166123891
22.78	0.001654974732
22.79	0.001647416412
22.8	0.001638580403
22.81	0.00162848406
22.82	0.001617145625
22.83	0.001604584203
22.84	0.001590819742
22.85	0.001575873005
22.86	0.001559765552
22.87	0.001542519712
22.88	0.001524158563
22.89	0.001504705902
22.9	0.001484186226
22.91	0.0014626247
22.92	0.001440047137
22.93	0.00141647997
22.94	0.001391950222
22.95	0.001366485485
22.96	0.00134011389
22.97	0.001312864079
22.98	0.001284765182
22.99	0.001255846783
23	0.001226138898
23.01	0.001195671944
23.02	0.001164476712
23.03	0.001132584341
23.04	0.001100026285
23.05	0.001066834291
23.06	0.001033040366
23.07	0.0009986767506
23.08	0.0009637758925
23.09	0.0009283704164
23.1	0.000892493097
23.11	0.0008561768309
23.12	0.0008194546094
23.13	0.0007823594901
23.14	0.0007449245706
23.15	0.0007071829604
23.16	0.0006691677542
23.17	0.0006309120054
23.18	0.0005924486993
23.19	0.0005538107269
23.2	0.0005150308591
23.21	0.0004761417206
23.22	0.0004371757653
23.23	0.0003981652507
23.24	0.0003591422133
23.25	0.0003201384447
23.26	0.0002811854676
23.27	0.000242314512
23.28	0.0002035564927
23.29	0.0001649419864
23.3	0.0001265012094
23.31	8.826399638e-05
23.32	5.025977895e-05
23.33	1.25175649e-05
23.34	-2.493408186e-05
23.35	-6.2067061e-05
23.36	-9.885375489e-05
23.37	-0.0001352670472
23.38	-0.0001712803409
23.39	-0.0002068675758
23.4	-0.0002420032453
23.41	-0.0002766624127
23.42	-0.0003108207271
23.43	-0.0003444544385
23.44	-0.0003775404119
23.45	-0.0004100561417
23.46	-0.0004419797646
23.47	-0.0004732900725
23.48	-0.0005039665242
23.49	-0.0005339892572
23.5	-0.0005633390979
23.51	-0.0005919975723
23.52	-0.0006199469146
23.53	-0.0006471700769
23.54	-0.0006736507367
23.55	-0.0006993733046
23.56	-0.000724322931
23.57	-0.0007484855125
23.58	-0.0007718476972
23.59	-0.0007943968896
23.6	-0.0008161212548
23.61	-0.0008370097221
23.62	-0.0008570519878
23.63	-0.0008762385177
23.64	-0.0008945605484
23.65	-0.0009120100884
23.66	-0.0009285799185
23.67	-0.0009442635915
23.68	-0.0009590554311
23.69	-0.0009729505306
23.7	-0.0009859447509
23.71	-0.000998034717
23.72	-0.001009217816
23.73	-0.001019492191
23.74	-0.001028856739
23.75	-0.001037311104
23.76	-0.001044855673
23.77	-0.001051491568
23.78	-0.00105722064
23.79	-0.001062045463
23.8	-0.001065969321
23.81	-0.001068996209
23.82	-0.001071130815
23.83	-0.001072378515
23.84	-0.001072745363
23.85	-0.001072238079
23.86	-0.001070864041
23.87	-0.001068631271
23.88	-0.001065548425
23.89	-0.001061624779
23.9	-0.001056870221
23.91	-0.001051295231
23.92	-0.001044910876
23.93	-0.001037728788
23.94	-0.001029761158
23.95	-0.001021020714
23.96	-0.001011520714
23.97	-0.001001274925
23.98	-0.00099029761
23.99	-0.000978603513
24	-0.0009662078427
24.01	-0.000953126256
24.02	-0.0009393748424
24.03	-0.0009249701071
24.04	-0.0009099289542
24.05	-0.0008942686701
24.06	-0.0008780069064
24.07	-0.0008611616623
24.08	-0.0008437512676
24.09	-0.000825794365
24.1	-0.0008073098924
24.11	-0.0007883170652
24.12	-0.0007688353589
24.13	-0.0007488844904
24.14	-0.0007284844008
24.15	-0.000707655237
24.16	-0.0006864173339
24.17	-0.0006647911964
24.18	-0.0006427974811
24.19	-0.0006204569787
24.2	-0.0005977905957
24.21	-0.000574819337
24.22	-0.0005515642873
24.23	-0.0005280465941
24.24	-0.0005042874496
24.25	-0.0004803080731
24.26	-0.0004561296939
24.27	-0.0004317735336
24.28	-0.0004072607892
24.29	-0.0003826126158
24.3	-0.0003578501101
24.31	-0.0003329942935
24.32	-0.0003080660955
24.33	-0.000283086338
24.34	-0.0002580757184
24.35	-0.0002330547947
24.36	-0.0002080439691
24.37	-0.0001830634731
24.38	-0.0001581333527
24.39	-0.0001332734527
24.4	-0.0001085034032
24.41	-8.384260479e-05
24.42	-5.931021462e-05
24.43	-3.492513303e-05
24.44	-1.070599011e-05
24.45	1.332886727e-05
24.46	3.716138809e-05
24.47	6.077382949e-05
24.48	8.414876871e-05
24.49	0.0001072691147
24.5	0.0001301181194
24.51	0.0001526793885
24.52	0.000174936892
24.53	0.0001968749743
24.54	0.0002184783642
24.55	0.0002397321836
24.56	0.0002606219572
24.57	0.0002811336204
24.58	0.000301253528
24.59	0.0003209684615
24.6	0.0003402656368
24.61	0.0003591327106
24.62	0.0003775577877
24.63	0.0003955294263
24.64	0.0004130366442
24.65	0.0004300689237
24.66	0.0004466162169
24.67	0.0004626689495
24.68	0.0004782180253
24.69	0.0004932548298
24.7	0.0005077712328
24.71	0.0005217595918
24.72	0.0005352127539
24.73	0.0005481240579
24.74	0.0005604873356
24.75	0.0005722969134
24.76	0.000583547612
24.77	0.0005942347479
24.78	0.000604354132
24.79	0.00061390207
24.8	0.0006228753612
24.81	0.0006312712969
24.82	0.0006390876588
24.83	0.0006463227173
24.84	0.0006529752283
24.85	0.000659044431
24.86	0.0006645300442
24.87	0.000669432263
24.88	0.0006737517546
24.89	0.0006774896544
24.9	0.0006806475608
24.91	0.0006832275307
24.92	0.0006852320737
24.93	0.0006866641471
24.94	0.0006875271492
24.95	0.0006878249137
24.96	0.0006875617025
24.97	0.0006867421993
24.98	0.0006853715022
24.99	0.0006834551165
25	0.0006809989464
25.01	0.0006780092879
25.02	0.0006744928197
25.03	0.0006704565955
25.04	0.0006659080344
25.05	0.000660854913
25.06	0.0006553053555
25.07	0.0006492678243
25.08	0.000642751111
25.09	0.0006357643261
25.1	0.0006283168895
25.11	0.0006204185199
25.12	0.0006120792248
25.13	0.0006033092903
25.14	0.0005941192699
25.15	0.0005845199746
25.16	0.0005745224611
25.17	0.000564138022
25.18	0.0005533781737
25.19	0.000542254646
25.2	0.0005307793704
25.21	0.000518964469
25.22	0.0005068222434
25.23	0.0004943651626
25.24	0.0004816058523
25.25	0.0004685570829
25.26	0.000455231758
25.27	0.0004416429032
25.28	0.0004278036543
25.29	0.0004137272456
25.3	0.0003994269988
25.31	0.000384916311
25.32	0.0003702086436
25.33	0.0003553175108
25.34	0.0003402564679
25.35	0.0003250391003
25.36	0.000309679012
25.37	0.0002941898147
25.38	0.0002785851164
25.39	0.0002628785104
25.4	0.0002470835645
25.41	0.0002312138102
25.42	0.0002152827318
25.43	0.0001993037562
25.44	0.0001832902418
25.45	0.0001672554691
25.46	0.0001512126297
25.47	0.0001351748167
25.48	0.0001191550149
25.49	0.0001031660909
25.5	8.722078378e-05
25.51	7.133169563e-05
25.52	5.55112825e-05
25.53	3.977184541e-05
25.54	2.41255216e-05
25.55	8.584275974e-06
25.56	-6.840107227e-06
25.57	-2.213603258e-05
25.58	-3.729210136e-05
25.59	-5.229711927e-05
25.6	-6.714010388e-05
25.61	-8.181029185e-05
25.62	-9.629714595e-05
25.63	-0.0001105903618
25.64	-0.0001246798743
25.65	-0.0001385558642
25.66	-0.0001522087637
25.67	-0.0001656292625
25.68	-0.0001788083132
25.69	-0.0001917371365
25.7	-0.0002044072264
25.71	-0.0002168103548
25.72	-0.0002289385759
25.73	-0.0002407842304
25.74	-0.0002523399498
25.75	-0.0002635986594
25.76	-0.0002745535824
25.77	-0.0002851982425
25.78	-0.0002955264671
25.79	-0.0003055323897
25.8	-0.0003152104523
25.81	-0.0003245554075
25.82	-0.0003335623202
25.83	-0.0003422265693
25.84	-0.0003505438485
25.85	-0.0003585101678
25.86	-0.0003661218541
25.87	-0.0003733755513
25.88	-0.0003802682212
25.89	-0.0003867971425
25.9	-0.0003929599114
25.91	-0.0003987544404
25.92	-0.0004041789577
25.93	-0.0004092320064
25.94	-0.0004139124424
25.95	-0.0004182194337
25.96	-0.0004221524582
25.97	-0.0004257113014
25.98	-0.0004288960547
25.99	-0.0004317071123
26	-0.0004341451691
26.01	-0.000436211217
26.02	-0.0004379065424
26.03	-0.0004392327224
26.04	-0.0004401916213
26.05	-0.000440785387
26.06	-0.0004410164465
26.07	-0.0004408875025
26.08	-0.000440401528
26.09	-0.0004395617626
26.1	-0.0004383717075
26.11	-0.0004368351201
26.12	-0.0004349560095
26.13	-0.0004327386312
26.14	-0.0004301874813
26.15	-0.0004273072911
26.16	-0.0004241030216
26.17	-0.0004205798573
26.18	-0.0004167432005
26.19	-0.000412598665
26.2	-0.0004081520698
26.21	-0.0004034094331
26.22	-0.0003983769654
26.23	-0.000393061063
26.24	-0.0003874683016
26.25	-0.0003816054293
26.26	-0.0003754793597
26.27	-0.0003690971653
26.28	-0.00036246607
26.29	-0.0003555934423
26.3	-0.0003484867883
26.31	-0.0003411537443
26.32	-0.0003336020695
26.33	-0.000325839639
26.34	-0.0003178744361
26.35	-0.0003097145454
26.36	-0.000301368145
26.37	-0.0002928434993
26.38	-0.0002841489519
26.39	-0.0002752929176
26.4	-0.0002662838754
26.41	-0.0002571303609
26.42	-0.0002478409593
26.43	-0.0002384242973
26.44	-0.0002288890367
26.45	-0.0002192438663
26.46	-0.0002094974949
26.47	-0.0001996586443
26.48	-0.0001897360418
26.49	-0.0001797384132
26.5	-0.0001696744756
26.51	-0.0001595529307
26.52	-0.0001493824574
26.53	-0.0001391717054
26.54	-0.0001289292881
26.55	-0.0001186637759
26.56	-0.0001083836898
26.57	-9.809749467e-05
26.58	-8.781359296e-05
26.59	-7.754031822e-05
26.6	-6.728592901e-05
26.61	-5.705860275e-05
26.62	-4.686642971e-05
26.63	-3.671740715e-05
26.64	-2.661943358e-05
26.65	-1.658030308e-05
26.66	-6.607699876e-06
26.67	3.290807088e-06
26.68	1.310776934e-05
26.69	2.2835864e-05
26.7	3.246789868e-05
26.71	4.199681635e-05
26.72	5.141569993e-05
26.73	6.071777682e-05
26.74	6.989642327e-05
26.75	7.894516851e-05
26.76	8.785769887e-05
26.77	9.662786158e-05
26.78	0.0001052496685
26.79	0.0001137172998
26.8	0.0001220251071
26.81	0.0001301676168
26.82	0.0001381395334
26.83	0.0001459357418
26.84	0.0001535513106
26.85	0.0001609814944
26.86	0.0001682217359
26.87	0.0001752676687
26.88	0.0001821151189
26.89	0.0001887601069
26.9	0.0001951988493
26.91	0.0002014277606
26.92	0.0002074434539
26.93	0.0002132427426
26.94	0.0002188226413
26.95	0.0002241803666
26.96	0.0002293133375
26.97	0.0002342191763
26.98	0.0002388957086
26.99	0.0002433409636
27	0.000247553174
27.01	0.0002515307759
27.02	0.0002552724083
27.03	0.0002587769128
27.04	0.0002620433326
27.05	0.0002650709122
27.06	0.0002678590957
27.07	0.0002704075265
27.08	0.0002727160452
27.09	0.0002747846886
27.1	0.0002766136881
27.11	0.0002782034677
27.12	0.0002795546426
27.13	0.0002806680166
27.14	0.0002815445802
27.15	0.0002821855086
27.16	0.0002825921589
27.17	0.0002827660674
27.18	0.0002827089474
27.19	0.0002824226863
27.2	0.0002819093423
27.21	0.0002811711417
27.22	0.0002802104757
27.23	0.0002790298971
27.24	0.000277632117
27.25	0.0002760200013
27.26	0.000274196567
27.27	0.0002721649788
27.28	0.0002699285452
27.29	0.0002674907147
27.3	0.0002648550719
27.31	0.0002620253335
27.32	0.0002590053441
27.33	0.0002557990723
27.34	0.0002524106063
27.35	0.0002488441498
27.36	0.0002451040173
27.37	0.0002411946303
27.38	0.0002371205124
27.39	0.0002328862847
27.4	0.0002284966618
27.41	0.0002239564469
27.42	0.0002192705272
27.43	0.0002144438691
27.44	0.0002094815141
27.45	0.0002043885733
27.46	0.0001991702235
27.47	0.0001938317019
27.48	0.0001883783016
27.49	0.0001828153669
27.5	0.0001771482883
27.51	0.0001713824981
27.52	0.0001655234654
27.53	0.0001595766914
27.54	0.0001535477049
27.55	0.0001474420571
27.56	0.0001412653177
27.57	0.0001350230692
27.58	0.0001287209033
27.59	0.0001223644155
27.6	0.000115959201
27.61	0.0001095108499
27.62	0.0001030249427
27.63	9.650704624e-05
27.64	8.996270866e-05
27.65	8.339745552e-05
27.66	7.681678534e-05
27.67	7.02261653e-05
27.68	6.363102713e-05
27.69	5.703676294e-05
27.7	5.044872116e-05
27.71	4.387220254e-05
27.72	3.731245628e-05
27.73	3.077467607e-05
27.74	2.426399643e-05
27.75	1.778548892e-05
27.76	1.134415859e-05
27.77	4.944940398e-06
27.78	-1.40730421e-06
27.79	-7.707790678e-06
27.8	-1.395181461e-05
27.81	-2.013475494e-05
27.82	-2.625207705e-05
27.83	-3.229933572e-05
27.84	-3.827217806e-05
27.85	-4.416634632e-05
27.86	-4.997768055e-05
27.87	-5.570212121e-05
27.88	-6.133571169e-05
27.89	-6.687460069e-05
27.9	-7.23150445e-05
27.91	-7.765340919e-05
27.92	-8.288617271e-05
27.93	-8.800992679e-05
27.94	-9.302137889e-05
27.95	-9.791735389e-05
27.96	-0.0001026947958
27.97	-0.0001073507691
27.98	-0.0001118824604
27.99	-0.0001162871798
28	-0.0001205623618
28.01	-0.0001247055664
28.02	-0.0001287144806
28.03	-0.0001325869185
28.04	-0.0001363208228
28.05	-0.0001399142647
28.06	-0.0001433654453
28.07	-0.0001466726953
28.08	-0.0001498344756
28.09	-0.0001528493775
28.1	-0.0001557161229
28.11	-0.0001584335641
28.12	-0.000161000684
28.13	-0.0001634165953
28.14	-0.000165680541
28.15	-0.0001677918933
28.16	-0.0001697501534
28.17	-0.0001715549508
28.18	-0.0001732060425
28.19	-0.0001747033124
28.2	-0.0001760467702
28.21	-0.0001772365504
28.22	-0.0001782729113
28.23	-0.0001791562336
28.24	-0.0001798870194
28.25	-0.0001804658907
28.26	-0.0001808935878
28.27	-0.0001811709679
28.28	-0.0001812990034
28.29	-0.0001812787805
28.3	-0.0001811114969
28.31	-0.0001807984601
28.32	-0.0001803410858
28.33	-0.0001797408956
28.34	-0.0001789995149
28.35	-0.0001781186707
28.36	-0.0001771001897
28.37	-0.0001759459957
28.38	-0.0001746581074
28.39	-0.0001732386361
28.4	-0.0001716897831
28.41	-0.0001700138371
28.42	-0.0001682131718
28.43	-0.0001662902435
28.44	-0.000164247588
28.45	-0.0001620878183
28.46	-0.0001598136214
28.47	-0.0001574277561
28.48	-0.0001549330499
28.49	-0.0001523323959
28.5	-0.0001496287505
28.51	-0.0001468251301
28.52	-0.0001439246081
28.53	-0.0001409303122
28.54	-0.0001378454215
28.55	-0.000134673163
28.56	-0.0001314168094
28.57	-0.0001280796751
28.58	-0.0001246651141
28.59	-0.0001211765163
28.6	-0.000117617305
28.61	-0.0001139909333
28.62	-0.0001103008813
28.63	-0.0001065506534
28.64	-0.0001027437747
28.65	-9.888378825e-05
28.66	-9.497425204e-05
28.67	-9.101873593e-05
28.68	-8.702081869e-05
28.69	-8.298408501e-05
28.7	-7.891212253e-05
28.71	-7.480851891e-05
28.72	-7.067685893e-05
28.73	-6.65207216e-05
28.74	-6.234367727e-05
28.75	-5.814928483e-05
28.76	-5.394108891e-05
28.77	-4.972261709e-05
28.78	-4.54973772e-05
28.79	-4.126885461e-05
28.8	-3.704050958e-05
28.81	-3.281577467e-05
28.82	-2.859805215e-05
28.83	-2.439071146e-05
28.84	-2.019708681e-05
28.85	-1.602047466e-05
28.86	-1.186413141e-05
28.87	-7.731271042e-06
28.88	-3.625062863e-06
28.89	4.513707212e-07
28.9	4.494956364e-06
28.91	8.502671884e-06
28.92	1.247154831e-05
28.93	1.639867188e-05
28.94	2.028118595e-05
28.95	2.411629286e-05
28.96	2.790125575e-05
28.97	3.16334003e-05
28.98	3.531011638e-05
28.99	3.892885968e-05
29	4.248715324e-05
29.01	4.598258893e-05
29.02	4.941282887e-05
29.03	5.277560674e-05
29.04	5.606872907e-05
29.05	5.929007645e-05
29.06	6.243760462e-05
29.07	6.550934559e-05
29.08	6.850340857e-05
29.09	7.141798096e-05
29.1	7.425132912e-05
29.11	7.700179921e-05
29.12	7.966781788e-05
29.13	8.224789288e-05
29.14	8.474061367e-05
29.15	8.714465187e-05
29.16	8.945876174e-05
29.17	9.168178047e-05
29.18	9.381262849e-05
29.19	9.585030972e-05
29.2	9.779391164e-05
29.21	9.964260544e-05
29.22	0.000101395646
29.23	0.0001030523717
29.24	0.0001046122046
29.25	0.00010607465
29.26	0.0001074392961
29.27	0.0001087058139
29.28	0.0001098739568
29.29	0.0001109435599
29.3	0.0001119145398
29.31	0.0001127868937
29.32	0.0001135606991
29.33	0.0001142361126
29.34	0.0001148133699
29.35	0.0001152927842
29.36	0.0001156747458
29.37	0.000115959721
29.38	0.0001161482511
29.39	0.0001162409516
29.4	0.0001162385107
29.41	0.0001161416885
29.42	0.0001159513157
29.43	0.0001156682923
29.44	0.0001152935864
29.45	0.0001148282328
29.46	0.0001142733318
29.47	0.0001136300475
29.48	0.0001128996066
29.49	0.0001120832968
29.5	0.0001111824653
29.51	0.0001101985171
29.52	0.0001091329136
29.53	0.0001079871708
29.54	0.0001067628578
29.55	0.000105461595
29.56	0.0001040850522
29.57	0.0001026349473
29.58	0.000101113044
29.59	9.952115055e-05
29.6	9.786111731e-05
29.61	9.613483545e-05
29.62	9.434423478e-05
29.63	9.249128202e-05
29.64	9.057797883e-05
29.65	8.860635994e-05
29.66	8.657849121e-05
29.67	8.449646776e-05
29.68	8.236241195e-05
29.69	8.017847152e-05
29.7	7.79468176e-05
29.71	7.566964276e-05
29.72	7.334915908e-05
29.73	7.098759618e-05
29.74	6.858719928e-05
29.75	6.615022724e-05
29.76	6.367895064e-05
29.77	6.117564982e-05
29.78	5.864261295e-05
29.79	5.608213413e-05
29.8	5.349651145e-05
29.81	5.088804513e-05
29.82	4.82590356e-05
29.83	4.561178164e-05
29.84	4.294857855e-05
29.85	4.027171627e-05
29.86	3.75834776e-05
29.87	3.488613638e-05
29.88	3.218195574e-05
29.89	2.947318633e-05
29.9	2.676206456e-05
29.91	2.405081098e-05
29.92	2.134162852e-05
29.93	1.863670089e-05
29.94	1.593819094e-05
29.95	1.324823906e-05
29.96	1.056896166e-05
29.97	7.902449599e-06
29.98	5.250766723e-06
29.99	2.615948378e-06
30	6.321712538e-19
