temps	angle
0	0
0.01	0.2818796869
0.02	0.5619707796
0.03	0.8401822473
0.04	1.116424286
0.05	1.390608346
0.06	1.662647152
0.07	1.932454732
0.08	2.199946438
0.09	2.46503897
0.1	2.727650397
0.11	2.987700179
0.12	3.24510919
0.13	3.499799734
0.14	3.751695569
0.15	4.000721922
0.16	4.246805514
0.17	4.489874567
0.18	4.729858832
0.19	4.966689599
0.2	5.200299715
0.21	5.430623597
0.22	5.657597248
0.23	5.881158274
0.24	6.101245889
0.25	6.317800935
0.26	6.53076589
0.27	6.740084881
0.28	6.945703693
0.29	7.147569778
0.3	7.345632268
0.31	7.539841977
0.32	7.730151416
0.33	7.916514795
0.34	8.098888032
0.35	8.277228757
0.36	8.451496319
0.37	8.621651789
0.38	8.787657964
0.39	8.949479372
0.4	9.107082272
0.41	9.260434657
0.42	9.409506256
0.43	9.554268532
0.44	9.694694687
0.45	9.830759656
0.46	9.962440108
0.47	10.08971444
0.48	10.2125628
0.49	10.33096702
0.5	10.4449107
0.51	10.55437913
0.52	10.65935933
0.53	10.75984
0.54	10.85581158
0.55	10.94726618
0.56	11.03419761
0.57	11.11660134
0.58	11.19447454
0.59	11.26781602
0.6	11.33662625
0.61	11.40090735
0.62	11.46066306
0.63	11.51589875
0.64	11.5666214
0.65	11.61283959
0.66	11.65456346
0.67	11.69180476
0.68	11.72457676
0.69	11.75289431
0.7	11.77677377
0.71	11.79623301
0.72	11.8112914
0.73	11.8219698
0.74	11.82829054
0.75	11.83027739
0.76	11.82795554
0.77	11.82135163
0.78	11.81049365
0.79	11.79541101
0.8	11.77613446
0.81	11.75269608
0.82	11.72512928
0.83	11.69346878
0.84	11.65775055
0.85	11.61801185
0.86	11.57429116
0.87	11.52662818
0.88	11.47506381
0.89	11.4196401
0.9	11.36040029
0.91	11.2973887
0.92	11.2306508
0.93	11.1602331
0.94	11.08618321
0.95	11.00854974
0.96	10.92738233
0.97	10.84273159
0.98	10.75464912
0.99	10.66318742
1	10.56839994
1.01	10.470341
1.02	10.36906578
1.03	10.26463031
1.04	10.15709141
1.05	10.04650673
1.06	9.93293463
1.07	9.816434245
1.08	9.6970654
1.09	9.574888611
1.1	9.449965051
1.11	9.322356522
1.12	9.192125436
1.13	9.059334779
1.14	8.924048095
1.15	8.78632945
1.16	8.646243413
1.17	8.503855026
1.18	8.359229777
1.19	8.212433576
1.2	8.063532726
1.21	7.912593899
1.22	7.759684108
1.23	7.604870681
1.24	7.448221234
1.25	7.289803645
1.26	7.12968603
1.27	6.967936715
1.28	6.804624207
1.29	6.639817173
1.3	6.473584413
1.31	6.305994832
1.32	6.137117415
1.33	5.967021203
1.34	5.795775267
1.35	5.623448682
1.36	5.450110501
1.37	5.275829734
1.38	5.100675318
1.39	4.924716096
1.4	4.748020793
1.41	4.570657986
1.42	4.392696089
1.43	4.214203322
1.44	4.03524769
1.45	3.855896958
1.46	3.676218632
1.47	3.496279931
1.48	3.316147766
1.49	3.135888721
1.5	2.955569024
1.51	2.775254532
1.52	2.595010704
1.53	2.414902583
1.54	2.234994772
1.55	2.055351418
1.56	1.876036185
1.57	1.697112238
1.58	1.518642223
1.59	1.340688245
1.6	1.163311851
1.61	0.9865740087
1.62	0.8105350912
1.63	0.6352548554
1.64	0.4607924251
1.65	0.2872062737
1.66	0.1145542064
1.67	-0.0571066566
1.68	-0.2277198967
1.69	-0.3972298136
1.7	-0.5655814405
1.71	-0.7327205606
1.72	-0.8985937213
1.73	-1.06314825
1.74	-1.226332268
1.75	-1.388094704
1.76	-1.548385311
1.77	-1.707154673
1.78	-1.864354226
1.79	-2.019936265
1.8	-2.173853957
1.81	-2.326061356
1.82	-2.476513409
1.83	-2.625165974
1.84	-2.771975823
1.85	-2.916900657
1.86	-3.059899116
1.87	-3.200930786
1.88	-3.339956208
1.89	-3.476936889
1.9	-3.61183531
1.91	-3.74461493
1.92	-3.875240199
1.93	-4.00367656
1.94	-4.129890459
1.95	-4.253849349
1.96	-4.375521698
1.97	-4.494876991
1.98	-4.611885739
1.99	-4.726519481
2	-4.83875079
2.01	-4.948553273
2.02	-5.055901579
2.03	-5.1607714
2.04	-5.263139474
2.05	-5.362983584
2.06	-5.460282567
2.07	-5.555016307
2.08	-5.647165742
2.09	-5.736712863
2.1	-5.823640712
2.11	-5.907933387
2.12	-5.989576035
2.13	-6.068554855
2.14	-6.144857098
2.15	-6.218471062
2.16	-6.28938609
2.17	-6.357592573
2.18	-6.423081938
2.19	-6.485846655
2.2	-6.545880226
2.21	-6.603177183
2.22	-6.657733088
2.23	-6.709544523
2.24	-6.758609086
2.25	-6.804925389
2.26	-6.84849305
2.27	-6.889312688
2.28	-6.927385916
2.29	-6.962715334
2.3	-6.995304524
2.31	-7.025158041
2.32	-7.052281409
2.33	-7.076681106
2.34	-7.098364565
2.35	-7.117340158
2.36	-7.133617193
2.37	-7.147205899
2.38	-7.158117423
2.39	-7.166363817
2.4	-7.171958029
2.41	-7.174913893
2.42	-7.175246117
2.43	-7.172970275
2.44	-7.168102797
2.45	-7.160660952
2.46	-7.150662843
2.47	-7.138127395
2.48	-7.123074337
2.49	-7.105524199
2.5	-7.085498291
2.51	-7.063018698
2.52	-7.038108261
2.53	-7.010790571
2.54	-6.981089949
2.55	-6.949031438
2.56	-6.914640785
2.57	-6.877944434
2.58	-6.838969505
2.59	-6.797743783
2.6	-6.754295708
2.61	-6.708654354
2.62	-6.660849418
2.63	-6.610911206
2.64	-6.558870616
2.65	-6.504759127
2.66	-6.44860878
2.67	-6.390452167
2.68	-6.33032241
2.69	-6.268253154
2.7	-6.204278543
2.71	-6.138433212
2.72	-6.070752267
2.73	-6.00127127
2.74	-5.930026225
2.75	-5.857053561
2.76	-5.782390117
2.77	-5.706073126
2.78	-5.628140197
2.79	-5.548629302
2.8	-5.46757876
2.81	-5.385027219
2.82	-5.301013641
2.83	-5.215577285
2.84	-5.128757695
2.85	-5.040594677
2.86	-4.951128289
2.87	-4.860398823
2.88	-4.768446787
2.89	-4.675312893
2.9	-4.581038037
2.91	-4.485663285
2.92	-4.389229858
2.93	-4.291779113
2.94	-4.19335253
2.95	-4.093991697
2.96	-3.993738289
2.97	-3.892634059
2.98	-3.790720818
2.99	-3.688040421
3	-3.58463475
3.01	-3.480545703
3.02	-3.375815171
3.03	-3.270485032
3.04	-3.164597128
3.05	-3.058193256
3.06	-2.951315147
3.07	-2.844004457
3.08	-2.73630275
3.09	-2.628251482
3.1	-2.519891989
3.11	-2.411265472
3.12	-2.302412982
3.13	-2.193375405
3.14	-2.084193452
3.15	-1.974907642
3.16	-1.86555829
3.17	-1.756185491
3.18	-1.64682911
3.19	-1.537528769
3.2	-1.428323829
3.21	-1.319253384
3.22	-1.210356245
3.23	-1.101670926
3.24	-0.993235635
3.25	-0.8850882607
3.26	-0.7772663603
3.27	-0.6698071482
3.28	-0.5627474843
3.29	-0.4561238631
3.3	-0.3499724021
3.31	-0.2443288317
3.32	-0.1392284836
3.33	-0.0347062813
3.34	0.06920327091
3.35	0.1724660975
3.36	0.2750485618
3.37	0.3769174754
3.38	0.4780401076
3.39	0.5783841944
3.4	0.6779179479
3.41	0.7766100643
3.42	0.8744297331
3.43	0.9713466448
3.44	1.067330999
3.45	1.162353512
3.46	1.256385426
3.47	1.349398514
3.48	1.441365087
3.49	1.532258003
3.5	1.622050672
3.51	1.710717063
3.52	1.798231708
3.53	1.884569714
3.54	1.969706759
3.55	2.053619105
3.56	2.136283603
3.57	2.217677692
3.58	2.297779408
3.59	2.376567391
3.6	2.454020883
3.61	2.530119735
3.62	2.604844411
3.63	2.678175991
3.64	2.750096175
3.65	2.820587284
3.66	2.889632265
3.67	2.957214689
3.68	3.023318761
3.69	3.087929315
3.7	3.151031817
3.71	3.212612371
3.72	3.272657714
3.73	3.331155222
3.74	3.388092906
3.75	3.443459418
3.76	3.497244047
3.77	3.549436722
3.78	3.600028009
3.79	3.649009112
3.8	3.696371874
3.81	3.742108773
3.82	3.786212924
3.83	3.828678074
3.84	3.869498605
3.85	3.908669528
3.86	3.946186486
3.87	3.982045745
3.88	4.016244197
3.89	4.048779357
3.9	4.079649358
3.91	4.108852949
3.92	4.136389491
3.93	4.162258955
3.94	4.186461918
3.95	4.208999558
3.96	4.229873652
3.97	4.249086569
3.98	4.266641268
3.99	4.282541294
4	4.296790769
4.01	4.309394391
4.02	4.320357429
4.03	4.329685714
4.04	4.337385639
4.05	4.343464146
4.06	4.347928728
4.07	4.350787417
4.08	4.352048782
4.09	4.35172192
4.1	4.349816451
4.11	4.34634251
4.12	4.34131074
4.13	4.33473229
4.14	4.3266188
4.15	4.3169824
4.16	4.3058357
4.17	4.293191783
4.18	4.279064199
4.19	4.263466952
4.2	4.246414501
4.21	4.227921744
4.22	4.208004012
4.23	4.186677066
4.24	4.16395708
4.25	4.13986064
4.26	4.114404732
4.27	4.087606733
4.28	4.059484407
4.29	4.030055888
4.3	3.999339679
4.31	3.967354639
4.32	3.934119976
4.33	3.899655236
4.34	3.863980295
4.35	3.827115349
4.36	3.789080908
4.37	3.74989778
4.38	3.70958707
4.39	3.668170162
4.4	3.625668718
4.41	3.582104662
4.42	3.537500173
4.43	3.491877675
4.44	3.445259829
4.45	3.39766952
4.46	3.349129852
4.47	3.299664131
4.48	3.249295866
4.49	3.198048747
4.5	3.145946647
4.51	3.093013603
4.52	3.039273812
4.53	2.984751617
4.54	2.929471503
4.55	2.87345808
4.56	2.816736081
4.57	2.759330344
4.58	2.701265811
4.59	2.642567511
4.6	2.583260556
4.61	2.523370127
4.62	2.462921466
4.63	2.401939868
4.64	2.34045067
4.65	2.278479242
4.66	2.216050976
4.67	2.15319128
4.68	2.089925565
4.69	2.026279238
4.7	1.962277694
4.71	1.897946302
4.72	1.833310401
4.73	1.768395288
4.74	1.703226212
4.75	1.637828361
4.76	1.572226857
4.77	1.506446744
4.78	1.440512982
4.79	1.374450439
4.8	1.308283878
4.81	1.242037954
4.82	1.175737202
4.83	1.109406031
4.84	1.043068716
4.85	0.9767493851
4.86	0.91047202
4.87	0.8442604415
4.88	0.7781383042
4.89	0.7121290889
4.9	0.6462560951
4.91	0.580542433
4.92	0.5150110171
4.93	0.4496845585
4.94	0.3845855578
4.95	0.3197362987
4.96	0.2551588406
4.97	0.1908750126
4.98	0.1269064061
4.99	0.06327436924
5	1.229650364e-15
5.01	-0.06289585969
5.02	-0.1253926301
5.03	-0.1874699994
5.04	-0.2491079298
5.05	-0.3102866629
5.06	-0.3709867253
5.07	-0.4311889339
5.08	-0.4908744011
5.09	-0.5500245402
5.1	-0.6086210699
5.11	-0.6666460195
5.12	-0.7240817332
5.13	-0.7809108751
5.14	-0.837116433
5.15	-0.8926817233
5.16	-0.9475903944
5.17	-1.001826431
5.18	-1.055374159
5.19	-1.108218246
5.2	-1.160343708
5.21	-1.211735913
5.22	-1.26238058
5.23	-1.312263787
5.24	-1.361371972
5.25	-1.409691934
5.26	-1.457210839
5.27	-1.503916219
5.28	-1.549795977
5.29	-1.594838389
5.3	-1.639032104
5.31	-1.682366148
5.32	-1.724829923
5.33	-1.766413214
5.34	-1.807106184
5.35	-1.846899378
5.36	-1.885783727
5.37	-1.923750544
5.38	-1.960791529
5.39	-1.996898766
5.4	-2.032064726
5.41	-2.066282268
5.42	-2.099544638
5.43	-2.131845468
5.44	-2.163178778
5.45	-2.193538976
5.46	-2.222920857
5.47	-2.2513196
5.48	-2.278730773
5.49	-2.305150326
5.5	-2.330574598
5.51	-2.355000306
5.52	-2.378424553
5.53	-2.400844823
5.54	-2.422258977
5.55	-2.442665257
5.56	-2.462062279
5.57	-2.480449038
5.58	-2.497824897
5.59	-2.514189593
5.6	-2.529543231
5.61	-2.543886283
5.62	-2.557219584
5.63	-2.569544333
5.64	-2.580862086
5.65	-2.591174757
5.66	-2.600484611
5.67	-2.608794268
5.68	-2.616106691
5.69	-2.622425191
5.7	-2.627753417
5.71	-2.63209536
5.72	-2.635455341
5.73	-2.637838015
5.74	-2.639248363
5.75	-2.639691688
5.76	-2.639173614
5.77	-2.637700081
5.78	-2.63527734
5.79	-2.631911949
5.8	-2.627610768
5.81	-2.622380958
5.82	-2.616229975
5.83	-2.609165561
5.84	-2.601195747
5.85	-2.592328845
5.86	-2.582573441
5.87	-2.571938392
5.88	-2.560432825
5.89	-2.548066125
5.9	-2.534847935
5.91	-2.52078815
5.92	-2.505896911
5.93	-2.4901846
5.94	-2.473661835
5.95	-2.456339467
5.96	-2.438228569
5.97	-2.419340436
5.98	-2.39968658
5.99	-2.379278717
6	-2.358128772
6.01	-2.336248864
6.02	-2.313651308
6.03	-2.290348604
6.04	-2.266353434
6.05	-2.241678655
6.06	-2.216337295
6.07	-2.190342545
6.08	-2.163707756
6.09	-2.136446429
6.1	-2.108572215
6.11	-2.080098904
6.12	-2.051040421
6.13	-2.02141082
6.14	-1.991224281
6.15	-1.960495097
6.16	-1.929237677
6.17	-1.897466534
6.18	-1.865196279
6.19	-1.832441619
6.2	-1.799217349
6.21	-1.765538344
6.22	-1.731419558
6.23	-1.696876013
6.24	-1.661922797
6.25	-1.626575055
6.26	-1.590847986
6.27	-1.554756835
6.28	-1.518316889
6.29	-1.481543469
6.3	-1.444451927
6.31	-1.407057637
6.32	-1.369375992
6.33	-1.331422397
6.34	-1.293212264
6.35	-1.254761005
6.36	-1.216084029
6.37	-1.177196733
6.38	-1.138114501
6.39	-1.098852691
6.4	-1.05942664
6.41	-1.019851648
6.42	-0.9801429819
6.43	-0.9403158622
6.44	-0.9003854633
6.45	-0.8603669058
6.46	-0.8202752521
6.47	-0.7801255008
6.48	-0.7399325822
6.49	-0.6997113525
6.5	-0.6594765897
6.51	-0.6192429882
6.52	-0.5790251539
6.53	-0.5388376
6.54	-0.4986947415
6.55	-0.4586108911
6.56	-0.4186002544
6.57	-0.3786769255
6.58	-0.3388548824
6.59	-0.2991479828
6.6	-0.2595699595
6.61	-0.2201344165
6.62	-0.1808548247
6.63	-0.1417445176
6.64	-0.1028166876
6.65	-0.06408438184
6.66	-0.02556049841
6.67	0.01274221743
6.68	0.05081117703
6.69	0.08863395192
6.7	0.1261982774
6.71	0.163492056
6.72	0.200503361
6.73	0.2372204393
6.74	0.2736317154
6.75	0.3097257937
6.76	0.3454914624
6.77	0.3809176956
6.78	0.415993657
6.79	0.4507087022
6.8	0.4850523815
6.81	0.5190144428
6.82	0.5525848337
6.83	0.5857537042
6.84	0.6185114093
6.85	0.6508485108
6.86	0.6827557799
6.87	0.7142241988
6.88	0.7452449635
6.89	0.7758094849
6.9	0.8059093911
6.91	0.8355365291
6.92	0.8646829663
6.93	0.8933409921
6.94	0.9215031196
6.95	0.9491620866
6.96	0.9763108572
6.97	1.002942623
6.98	1.029050804
6.99	1.054629049
7	1.079671239
7.01	1.104171484
7.02	1.128124129
7.03	1.151523749
7.04	1.174365154
7.05	1.196643386
7.06	1.218353724
7.07	1.239491678
7.08	1.260052996
7.09	1.28003366
7.1	1.299429885
7.11	1.318238123
7.12	1.33645506
7.13	1.354077617
7.14	1.371102948
7.15	1.387528444
7.16	1.403351726
7.17	1.418570649
7.18	1.433183302
7.19	1.447188003
7.2	1.460583303
7.21	1.473367982
7.22	1.48554105
7.23	1.497101744
7.24	1.508049528
7.25	1.518384092
7.26	1.528105351
7.27	1.537213443
7.28	1.545708729
7.29	1.553591787
7.3	1.560863419
7.31	1.567524639
7.32	1.57357668
7.33	1.579020989
7.34	1.583859222
7.35	1.588093249
7.36	1.591725147
7.37	1.594757197
7.38	1.597191887
7.39	1.599031906
7.4	1.600280144
7.41	1.600939686
7.42	1.601013815
7.43	1.600506006
7.44	1.599419925
7.45	1.597759425
7.46	1.595528545
7.47	1.592731509
7.48	1.589372718
7.49	1.585456752
7.5	1.580988368
7.51	1.575972493
7.52	1.570414224
7.53	1.564318823
7.54	1.557691718
7.55	1.550538498
7.56	1.542864906
7.57	1.534676843
7.58	1.525980361
7.59	1.516781659
7.6	1.507087083
7.61	1.49690312
7.62	1.486236397
7.63	1.475093676
7.64	1.463481851
7.65	1.451407946
7.66	1.43887911
7.67	1.425902615
7.68	1.412485853
7.69	1.39863633
7.7	1.384361665
7.71	1.369669586
7.72	1.354567925
7.73	1.33906462
7.74	1.323167701
7.75	1.306885299
7.76	1.290225633
7.77	1.27319701
7.78	1.255807823
7.79	1.238066545
7.8	1.219981724
7.81	1.201561986
7.82	1.182816023
7.83	1.163752595
7.84	1.144380526
7.85	1.124708697
7.86	1.104746048
7.87	1.084501568
7.88	1.063984295
7.89	1.043203315
7.9	1.022167751
7.91	1.000886767
7.92	0.9793695611
7.93	0.9576253608
7.94	0.9356634216
7.95	0.9134930229
7.96	0.891123464
7.97	0.868564061
7.98	0.8458241432
7.99	0.8229130497
8	0.7998401259
8.01	0.77661472
8.02	0.7532461798
8.03	0.729743849
8.04	0.7061170641
8.05	0.6823751509
8.06	0.6585274213
8.07	0.6345831699
8.08	0.6105516708
8.09	0.5864421741
8.1	0.5622639031
8.11	0.538026051
8.12	0.5137377773
8.13	0.4894082053
8.14	0.4650464187
8.15	0.4406614585
8.16	0.41626232
8.17	0.3918579498
8.18	0.3674572431
8.19	0.3430690404
8.2	0.3187021247
8.21	0.2943652189
8.22	0.2700669828
8.23	0.2458160101
8.24	0.2216208263
8.25	0.1974898854
8.26	0.1734315675
8.27	0.1494541762
8.28	0.1255659363
8.29	0.1017749906
8.3	0.07808939813
8.31	0.05451713134
8.32	0.03106607385
8.33	0.007744018104
8.34	-0.01544133692
8.35	-0.03848238796
8.36	-0.06137162965
8.37	-0.08410165665
8.38	-0.1066651658
8.39	-0.1290549579
8.4	-0.1512639403
8.41	-0.173285128
8.42	-0.1951116464
8.43	-0.2167367324
8.44	-0.2381537367
8.45	-0.2593561254
8.46	-0.2803374814
8.47	-0.3010915065
8.48	-0.3216120226
8.49	-0.3418929735
8.5	-0.3619284262
8.51	-0.3817125721
8.52	-0.4012397291
8.53	-0.420504342
8.54	-0.4395009845
8.55	-0.4582243599
8.56	-0.4766693024
8.57	-0.4948307785
8.58	-0.5127038874
8.59	-0.5302838626
8.6	-0.5475660726
8.61	-0.5645460216
8.62	-0.5812193505
8.63	-0.5975818378
8.64	-0.6136294
8.65	-0.6293580925
8.66	-0.64476411
8.67	-0.6598437872
8.68	-0.6745935994
8.69	-0.6890101625
8.7	-0.703090234
8.71	-0.7168307129
8.72	-0.7302286399
8.73	-0.7432811981
8.74	-0.7559857127
8.75	-0.7683396514
8.76	-0.7803406244
8.77	-0.7919863843
8.78	-0.8032748262
8.79	-0.8142039876
8.8	-0.8247720482
8.81	-0.8349773298
8.82	-0.844818296
8.83	-0.8542935517
8.84	-0.8634018433
8.85	-0.8721420578
8.86	-0.8805132225
8.87	-0.8885145047
8.88	-0.8961452109
8.89	-0.9034047864
8.9	-0.9102928147
8.91	-0.9168090165
8.92	-0.9229532495
8.93	-0.9287255072
8.94	-0.9341259181
8.95	-0.9391547454
8.96	-0.9438123853
8.97	-0.9480993665
8.98	-0.9520163495
8.99	-0.9555641247
9	-0.9587436123
9.01	-0.9615558606
9.02	-0.964002045
9.03	-0.9660834669
9.04	-0.9678015522
9.05	-0.9691578504
9.06	-0.9701540333
9.07	-0.9707918931
9.08	-0.9710733417
9.09	-0.971000409
9.1	-0.9705752413
9.11	-0.9698001002
9.12	-0.9686773608
9.13	-0.9672095101
9.14	-0.9653991458
9.15	-0.9632489743
9.16	-0.9607618093
9.17	-0.9579405702
9.18	-0.9547882799
9.19	-0.9513080639
9.2	-0.9475031477
9.21	-0.9433768557
9.22	-0.9389326091
9.23	-0.9341739241
9.24	-0.92910441
9.25	-0.9237277675
9.26	-0.9180477867
9.27	-0.912068345
9.28	-0.9057934058
9.29	-0.8992270156
9.3	-0.892373303
9.31	-0.885236476
9.32	-0.8778208203
9.33	-0.8701306974
9.34	-0.862170542
9.35	-0.8539448608
9.36	-0.8454582298
9.37	-0.8367152922
9.38	-0.8277207569
9.39	-0.8184793958
9.4	-0.8089960418
9.41	-0.7992755869
9.42	-0.7893229801
9.43	-0.7791432249
9.44	-0.7687413774
9.45	-0.7581225442
9.46	-0.7472918801
9.47	-0.7362545861
9.48	-0.7250159069
9.49	-0.7135811292
9.5	-0.7019555792
9.51	-0.6901446207
9.52	-0.6781536524
9.53	-0.6659881064
9.54	-0.6536534456
9.55	-0.6411551617
9.56	-0.6284987728
9.57	-0.6156898216
9.58	-0.602733873
9.59	-0.589636512
9.6	-0.5764033416
9.61	-0.5630399805
9.62	-0.5495520611
9.63	-0.5359452274
9.64	-0.5222251328
9.65	-0.5083974381
9.66	-0.4944678092
9.67	-0.4804419151
9.68	-0.466325426
9.69	-0.452124011
9.7	-0.4378433361
9.71	-0.4234890623
9.72	-0.4090668433
9.73	-0.3945823239
9.74	-0.3800411375
9.75	-0.3654489045
9.76	-0.3508112303
9.77	-0.3361337031
9.78	-0.3214218924
9.79	-0.3066813465
9.8	-0.2919175912
9.81	-0.2771361275
9.82	-0.2623424302
9.83	-0.2475419455
9.84	-0.2327400895
9.85	-0.2179422467
9.86	-0.2031537676
9.87	-0.1883799675
9.88	-0.1736261244
9.89	-0.1588974777
9.9	-0.144199226
9.91	-0.1295365261
9.92	-0.1149144907
9.93	-0.1003381875
9.94	-0.0858126371
9.95	-0.07134281152
9.96	-0.05693363297
9.97	-0.04258997212
9.98	-0.02831664672
9.99	-0.01411842014
10	-5.487441652e-16
10.01	0.01403396325
10.02	0.02797887763
10.03	0.04183021099
10.04	0.05558349228
10.05	0.06923431279
10.06	0.08277832743
10.07	0.09621125587
10.08	0.1095288837
10.09	0.1227270637
10.1	0.1358017168
10.11	0.1487488331
10.12	0.1615644731
10.13	0.1742447686
10.14	0.1867859238
10.15	0.1991842159
10.16	0.2114359964
10.17	0.223537692
10.18	0.2354858051
10.19	0.2472769146
10.2	0.2589076774
10.21	0.2703748283
10.22	0.281675181
10.23	0.2928056291
10.24	0.3037631462
10.25	0.3145447871
10.26	0.3251476879
10.27	0.3355690668
10.28	0.3458062246
10.29	0.3558565452
10.3	0.3657174959
10.31	0.375386628
10.32	0.384861577
10.33	0.3941400633
10.34	0.4032198921
10.35	0.412098954
10.36	0.420775225
10.37	0.4292467671
10.38	0.4375117279
10.39	0.4455683414
10.4	0.4534149277
10.41	0.4610498934
10.42	0.4684717313
10.43	0.4756790206
10.44	0.4826704272
10.45	0.4894447031
10.46	0.4960006868
10.47	0.5023373029
10.48	0.5084535622
10.49	0.5143485615
10.5	0.5200214832
10.51	0.5254715954
10.52	0.5306982515
10.53	0.5357008898
10.54	0.5404790334
10.55	0.5450322899
10.56	0.5493603507
10.57	0.553462991
10.58	0.5573400692
10.59	0.5609915265
10.6	0.5644173862
10.61	0.5676177537
10.62	0.5705928154
10.63	0.5733428386
10.64	0.5758681707
10.65	0.5781692385
10.66	0.5802465478
10.67	0.5821006828
10.68	0.5837323049
10.69	0.5851421527
10.7	0.5863310408
10.71	0.5872998592
10.72	0.5880495724
10.73	0.5885812188
10.74	0.5888959098
10.75	0.588994829
10.76	0.5888792312
10.77	0.5885504416
10.78	0.588009855
10.79	0.5872589346
10.8	0.5862992115
10.81	0.5851322832
10.82	0.5837598132
10.83	0.5821835295
10.84	0.5804052237
10.85	0.5784267504
10.86	0.5762500254
10.87	0.5738770254
10.88	0.5713097863
10.89	0.5685504025
10.9	0.5656010257
10.91	0.5624638636
10.92	0.559141179
10.93	0.5556352885
10.94	0.5519485614
10.95	0.5480834185
10.96	0.544042331
10.97	0.539827819
10.98	0.5354424508
10.99	0.5308888412
11	0.5261696505
11.01	0.5212875832
11.02	0.5162453869
11.03	0.5110458508
11.04	0.5056918046
11.05	0.5001861173
11.06	0.4945316955
11.07	0.4887314829
11.08	0.482788458
11.09	0.4767056339
11.1	0.4704860561
11.11	0.4641328015
11.12	0.4576489775
11.13	0.45103772
11.14	0.4443021926
11.15	0.437445585
11.16	0.4304711119
11.17	0.4233820116
11.18	0.4161815444
11.19	0.4088729919
11.2	0.4014596551
11.21	0.3939448534
11.22	0.3863319232
11.23	0.3786242165
11.24	0.3708250998
11.25	0.3629379525
11.26	0.3549661658
11.27	0.3469131416
11.28	0.3387822906
11.29	0.3305770316
11.3	0.3223007898
11.31	0.3139569958
11.32	0.3055490843
11.33	0.2970804926
11.34	0.2885546595
11.35	0.279975024
11.36	0.2713450241
11.37	0.2626680957
11.38	0.2539476708
11.39	0.245187177
11.4	0.2363900358
11.41	0.2275596616
11.42	0.2186994605
11.43	0.2098128289
11.44	0.2009031526
11.45	0.1919738055
11.46	0.1830281484
11.47	0.1740695279
11.48	0.1651012756
11.49	0.1561267061
11.5	0.1471491171
11.51	0.1381717871
11.52	0.1291979753
11.53	0.12023092
11.54	0.1112738375
11.55	0.1023299216
11.56	0.09340234181
11.57	0.08449424304
11.58	0.07560874419
11.59	0.06674893731
11.6	0.05791788664
11.61	0.04911862762
11.62	0.040354166
11.63	0.03162747692
11.64	0.02294150397
11.65	0.01429915838
11.66	0.005703318104
11.67	-0.002843173016
11.68	-0.01133750607
11.69	-0.01977690789
11.7	-0.02815864185
11.71	-0.03648000864
11.72	-0.04473834704
11.73	-0.05293103461
11.74	-0.06105548847
11.75	-0.06910916595
11.76	-0.07708956533
11.77	-0.08499422642
11.78	-0.09282073131
11.79	-0.1005667049
11.8	-0.1082298156
11.81	-0.1158077757
11.82	-0.1232983424
11.83	-0.1306993178
11.84	-0.1380085498
11.85	-0.1452239325
11.86	-0.1523434065
11.87	-0.1593649599
11.88	-0.1662866281
11.89	-0.1731064946
11.9	-0.1798226915
11.91	-0.1864333995
11.92	-0.1929368487
11.93	-0.1993313186
11.94	-0.2056151386
11.95	-0.2117866884
11.96	-0.2178443979
11.97	-0.223786748
11.98	-0.2296122706
11.99	-0.2353195486
12	-0.2409072164
12.01	-0.2463739601
12.02	-0.2517185176
12.03	-0.2569396785
12.04	-0.2620362848
12.05	-0.2670072304
12.06	-0.2718514615
12.07	-0.2765679766
12.08	-0.2811558269
12.09	-0.2856141155
12.1	-0.2899419983
12.11	-0.2941386834
12.12	-0.2982034315
12.13	-0.3021355555
12.14	-0.3059344205
12.15	-0.3095994439
12.16	-0.3131300953
12.17	-0.3165258961
12.18	-0.3197864196
12.19	-0.3229112908
12.2	-0.3259001863
12.21	-0.3287528339
12.22	-0.3314690124
12.23	-0.3340485519
12.24	-0.3364913326
12.25	-0.3387972856
12.26	-0.3409663917
12.27	-0.3429986818
12.28	-0.3448942362
12.29	-0.3466531843
12.3	-0.3482757046
12.31	-0.3497620237
12.32	-0.3511124166
12.33	-0.3523272061
12.34	-0.3534067619
12.35	-0.3543515011
12.36	-0.3551618869
12.37	-0.3558384287
12.38	-0.3563816815
12.39	-0.3567922453
12.4	-0.3570707647
12.41	-0.3572179285
12.42	-0.357234469
12.43	-0.3571211615
12.44	-0.356878824
12.45	-0.3565083164
12.46	-0.3560105399
12.47	-0.3553864366
12.48	-0.354636989
12.49	-0.3537632191
12.5	-0.3527661878
12.51	-0.3516469948
12.52	-0.3504067772
12.53	-0.3490467095
12.54	-0.3475680026
12.55	-0.3459719033
12.56	-0.3442596935
12.57	-0.3424326898
12.58	-0.3404922423
12.59	-0.3384397345
12.6	-0.3362765822
12.61	-0.334004233
12.62	-0.3316241654
12.63	-0.3291378882
12.64	-0.3265469398
12.65	-0.3238528874
12.66	-0.3210573262
12.67	-0.3181618789
12.68	-0.3151681946
12.69	-0.3120779483
12.7	-0.30889284
12.71	-0.305614594
12.72	-0.3022449581
12.73	-0.298785703
12.74	-0.2952386211
12.75	-0.2916055261
12.76	-0.2878882521
12.77	-0.2840886528
12.78	-0.2802086007
12.79	-0.2762499864
12.8	-0.2722147175
12.81	-0.2681047183
12.82	-0.2639219285
12.83	-0.2596683029
12.84	-0.25534581
12.85	-0.2509564318
12.86	-0.2465021626
12.87	-0.2419850085
12.88	-0.2374069862
12.89	-0.2327701227
12.9	-0.228076454
12.91	-0.2233280247
12.92	-0.218526887
12.93	-0.2136751001
12.94	-0.2087747291
12.95	-0.2038278445
12.96	-0.1988365212
12.97	-0.193802838
12.98	-0.1887288765
12.99	-0.1836167206
13	-0.1784684554
13.01	-0.1732861669
13.02	-0.1680719407
13.03	-0.1628278619
13.04	-0.1575560136
13.05	-0.1522584767
13.06	-0.146937329
13.07	-0.1415946443
13.08	-0.1362324921
13.09	-0.1308529362
13.1	-0.1254580348
13.11	-0.1200498389
13.12	-0.1146303925
13.13	-0.1092017312
13.14	-0.1037658819
13.15	-0.09832486181
13.16	-0.09288067812
13.17	-0.0874353271
13.18	-0.08199079351
13.19	-0.07654904993
13.2	-0.07111205613
13.21	-0.06568175845
13.22	-0.06026008912
13.23	-0.0548489657
13.24	-0.04945029046
13.25	-0.04406594975
13.26	-0.03869781342
13.27	-0.03334773428
13.28	-0.02801754748
13.29	-0.02270906995
13.3	-0.01742409991
13.31	-0.01216441625
13.32	-0.006931778032
13.33	-0.001727924
13.34	0.00344542798
13.35	0.008586581389
13.36	0.01369386155
13.37	0.01876561612
13.38	0.02380021552
13.39	0.02879605343
13.4	0.03375154722
13.41	0.03866513837
13.42	0.04353529291
13.43	0.04836050181
13.44	0.05313928142
13.45	0.05787017379
13.46	0.06255174712
13.47	0.06718259606
13.48	0.07176134212
13.49	0.07628663394
13.5	0.08075714769
13.51	0.08517158735
13.52	0.08952868501
13.53	0.09382720118
13.54	0.09806592506
13.55	0.1022436748
13.56	0.1063592978
13.57	0.1104116708
13.58	0.1143997005
13.59	0.1183223232
13.6	0.1221785055
13.61	0.1259672442
13.62	0.1296875668
13.63	0.1333385312
13.64	0.1369192263
13.65	0.140428772
13.66	0.1438663191
13.67	0.1472310499
13.68	0.1505221779
13.69	0.1537389479
13.7	0.1568806365
13.71	0.1599465518
13.72	0.1629360334
13.73	0.1658484528
13.74	0.1686832131
13.75	0.1714397495
13.76	0.1741175285
13.77	0.1767160488
13.78	0.1792348406
13.79	0.1816734661
13.8	0.1840315192
13.81	0.1863086253
13.82	0.1885044417
13.83	0.190618657
13.84	0.1926509916
13.85	0.194601197
13.86	0.1964690564
13.87	0.1982543837
13.88	0.1999570244
13.89	0.2015768547
13.9	0.2031137815
13.91	0.2045677427
13.92	0.2059387064
13.93	0.2072266711
13.94	0.2084316657
13.95	0.2095537487
13.96	0.2105930087
13.97	0.2115495635
13.98	0.2124235605
13.99	0.2132151762
14	0.2139246158
14.01	0.2145521132
14.02	0.2150979307
14.03	0.2155623587
14.04	0.2159457153
14.05	0.2162483464
14.06	0.2164706248
14.07	0.2166129506
14.08	0.2166757503
14.09	0.2166594768
14.1	0.216564609
14.11	0.2163916517
14.12	0.2161411346
14.13	0.2158136129
14.14	0.215409666
14.15	0.2149298979
14.16	0.2143749364
14.17	0.2137454328
14.18	0.2130420618
14.19	0.2122655206
14.2	0.2114165291
14.21	0.2104958289
14.22	0.2095041834
14.23	0.2084423773
14.24	0.2073112158
14.25	0.2061115247
14.26	0.2048441497
14.27	0.2035099559
14.28	0.2021098277
14.29	0.200644668
14.3	0.199115398
14.31	0.1975229567
14.32	0.1958683002
14.33	0.1941524018
14.34	0.1923762511
14.35	0.1905408536
14.36	0.1886472302
14.37	0.1866964172
14.38	0.184689465
14.39	0.1826274387
14.4	0.1805114164
14.41	0.1783424897
14.42	0.176121763
14.43	0.1738503526
14.44	0.1715293867
14.45	0.1691600047
14.46	0.1667433569
14.47	0.1642806037
14.48	0.1617729154
14.49	0.1592214716
14.5	0.1566274608
14.51	0.1539920797
14.52	0.1513165331
14.53	0.1486020328
14.54	0.145849798
14.55	0.1430610539
14.56	0.1402370318
14.57	0.1373789685
14.58	0.1344881056
14.59	0.1315656894
14.6	0.1286129699
14.61	0.125631201
14.62	0.1226216394
14.63	0.1195855444
14.64	0.1165241775
14.65	0.1134388018
14.66	0.1103306814
14.67	0.1072010815
14.68	0.104051267
14.69	0.100882503
14.7	0.0976960537
14.71	0.09449318229
14.72	0.09127515026
14.73	0.08804321712
14.74	0.08479863987
14.75	0.08154267259
14.76	0.078276566
14.77	0.07500156701
14.78	0.07171891832
14.79	0.06842985795
14.8	0.06513561887
14.81	0.06183742852
14.82	0.05853650846
14.83	0.05523407393
14.84	0.05193133345
14.85	0.04862948842
14.86	0.04532973271
14.87	0.04203325232
14.88	0.03874122495
14.89	0.03545481964
14.9	0.03217519639
14.91	0.0289035058
14.92	0.02564088872
14.93	0.02238847586
14.94	0.01914738746
14.95	0.01591873296
14.96	0.01270361064
14.97	0.009503107301
14.98	0.006318297917
14.99	0.003150245347
15	1.836620602e-16
15.01	-0.003131400466
15.02	-0.006242931446
15.03	-0.009333581677
15.04	-0.01240235353
15.05	-0.0154482633
15.06	-0.01847034146
15.07	-0.02146763293
15.08	-0.02443919737
15.09	-0.02738410939
15.1	-0.03030145882
15.11	-0.03319035095
15.12	-0.03604990676
15.13	-0.03887926313
15.14	-0.04167757308
15.15	-0.04444400599
15.16	-0.04717774775
15.17	-0.04987800102
15.18	-0.05254398539
15.19	-0.05517493757
15.2	-0.05777011153
15.21	-0.06032877874
15.22	-0.06285022825
15.23	-0.0653337669
15.24	-0.06777871946
15.25	-0.07018442871
15.26	-0.07255025567
15.27	-0.07487557962
15.28	-0.07715979828
15.29	-0.07940232793
15.3	-0.08160260343
15.31	-0.08376007842
15.32	-0.08587422532
15.33	-0.08794453545
15.34	-0.08997051911
15.35	-0.09195170561
15.36	-0.09388764335
15.37	-0.09577789988
15.38	-0.09762206191
15.39	-0.09941973537
15.4	-0.1011705454
15.41	-0.1028741365
15.42	-0.1045301724
15.43	-0.1061383361
15.44	-0.1076983297
15.45	-0.109209875
15.46	-0.1106727127
15.47	-0.1120866028
15.48	-0.1134513248
15.49	-0.1147666769
15.5	-0.1160324768
15.51	-0.1172485612
15.52	-0.1184147858
15.53	-0.1195310253
15.54	-0.1205971733
15.55	-0.1216131421
15.56	-0.122578863
15.57	-0.1234942858
15.58	-0.1243593789
15.59	-0.1251741291
15.6	-0.1259385418
15.61	-0.1266526403
15.62	-0.1273164663
15.63	-0.1279300794
15.64	-0.1284935571
15.65	-0.1290069948
15.66	-0.1294705051
15.67	-0.1298842186
15.68	-0.1302482827
15.69	-0.1305628622
15.7	-0.130828139
15.71	-0.1310443116
15.72	-0.1312115953
15.73	-0.1313302216
15.74	-0.1314004387
15.75	-0.1314225105
15.76	-0.1313967172
15.77	-0.1313233543
15.78	-0.1312027331
15.79	-0.1310351801
15.8	-0.130821037
15.81	-0.1305606601
15.82	-0.1302544206
15.83	-0.1299027042
15.84	-0.1295059105
15.85	-0.1290644534
15.86	-0.1285787605
15.87	-0.1280492726
15.88	-0.1274764441
15.89	-0.1268607424
15.9	-0.1262026474
15.91	-0.125502652
15.92	-0.1247612608
15.93	-0.1239789909
15.94	-0.1231563709
15.95	-0.122293941
15.96	-0.1213922524
15.97	-0.1204518677
15.98	-0.1194733598
15.99	-0.1184573122
16	-0.1174043184
16.01	-0.1163149819
16.02	-0.1151899159
16.03	-0.1140297425
16.04	-0.1128350934
16.05	-0.1116066085
16.06	-0.1103449364
16.07	-0.109050734
16.08	-0.107724666
16.09	-0.1063674044
16.1	-0.104979629
16.11	-0.1035620263
16.12	-0.1021152896
16.13	-0.1006401187
16.14	-0.09913721939
16.15	-0.09760730344
16.16	-0.09605108815
16.17	-0.09446929604
16.18	-0.09286265465
16.19	-0.09123189616
16.2	-0.08957775714
16.21	-0.08790097824
16.22	-0.0862023039
16.23	-0.08448248207
16.24	-0.0827422639
16.25	-0.08098240346
16.26	-0.07920365743
16.27	-0.07740678484
16.28	-0.07559254676
16.29	-0.07376170599
16.3	-0.07191502684
16.31	-0.07005327476
16.32	-0.06817721612
16.33	-0.06628761789
16.34	-0.06438524738
16.35	-0.06247087194
16.36	-0.06054525869
16.37	-0.05860917425
16.38	-0.05666338445
16.39	-0.05470865407
16.4	-0.05274574655
16.41	-0.05077542375
16.42	-0.04879844565
16.43	-0.04681557012
16.44	-0.04482755262
16.45	-0.04283514596
16.46	-0.04083910006
16.47	-0.03884016165
16.48	-0.03683907406
16.49	-0.03483657694
16.5	-0.03283340606
16.51	-0.03083029299
16.52	-0.02882796493
16.53	-0.02682714443
16.54	-0.02482854919
16.55	-0.02283289179
16.56	-0.02084087949
16.57	-0.01885321398
16.58	-0.0168705912
16.59	-0.01489370107
16.6	-0.01292322732
16.61	-0.01095984725
16.62	-0.009004231523
16.63	-0.007057043989
16.64	-0.005118941455
16.65	-0.0031905735
16.66	-0.001272582282
16.67	0.0006343976505
16.68	0.002529739545
16.69	0.004412824624
16.7	0.006283042265
16.71	0.008139790171
16.72	0.00998247454
16.73	0.01181051023
16.74	0.01362332092
16.75	0.01542033927
16.76	0.01720100706
16.77	0.01896477535
16.78	0.02071110464
16.79	0.02243946497
16.8	0.02414933608
16.81	0.02584020755
16.82	0.02751157889
16.83	0.02916295972
16.84	0.03079386982
16.85	0.03240383931
16.86	0.03399240869
16.87	0.03555912902
16.88	0.03710356195
16.89	0.03862527986
16.9	0.04012386595
16.91	0.0415989143
16.92	0.04305002996
16.93	0.04447682905
16.94	0.04587893881
16.95	0.0472559977
16.96	0.04860765539
16.97	0.04993357293
16.98	0.05123342271
16.99	0.05250688856
17	0.05375366577
17.01	0.05497346118
17.02	0.05616599314
17.03	0.05733099162
17.04	0.05846819819
17.05	0.05957736607
17.06	0.06065826013
17.07	0.06171065692
17.08	0.06273434468
17.09	0.06372912333
17.1	0.06469480451
17.11	0.06563121154
17.12	0.06653817943
17.13	0.06741555488
17.14	0.06826319623
17.15	0.0690809735
17.16	0.06986876831
17.17	0.07062647388
17.18	0.07135399502
17.19	0.07205124804
17.2	0.07271816077
17.21	0.07335467247
17.22	0.07396073383
17.23	0.07453630688
17.24	0.07508136494
17.25	0.07559589259
17.26	0.07607988559
17.27	0.0765333508
17.28	0.07695630616
17.29	0.07734878054
17.3	0.07771081374
17.31	0.07804245636
17.32	0.07834376976
17.33	0.07861482591
17.34	0.07885570738
17.35	0.07906650718
17.36	0.0792473287
17.37	0.07939828559
17.38	0.07951950167
17.39	0.07961111084
17.4	0.07967325692
17.41	0.0797060936
17.42	0.07970978427
17.43	0.07968450196
17.44	0.07963042915
17.45	0.07954775772
17.46	0.07943668877
17.47	0.07929743252
17.48	0.07913020816
17.49	0.07893524373
17.5	0.07871277599
17.51	0.07846305026
17.52	0.07818632031
17.53	0.07788284819
17.54	0.07755290408
17.55	0.07719676619
17.56	0.07681472055
17.57	0.07640706091
17.58	0.07597408855
17.59	0.07551611216
17.6	0.07503344764
17.61	0.074526418
17.62	0.07399535313
17.63	0.0734405897
17.64	0.07286247097
17.65	0.07226134662
17.66	0.07163757262
17.67	0.070991511
17.68	0.07032352974
17.69	0.06963400258
17.7	0.06892330886
17.71	0.0681918333
17.72	0.06743996592
17.73	0.06666810176
17.74	0.0658766408
17.75	0.06506598774
17.76	0.0642365518
17.77	0.0633887466
17.78	0.06252298996
17.79	0.06163970371
17.8	0.06073931352
17.81	0.05982224873
17.82	0.05888894218
17.83	0.05793983001
17.84	0.05697535147
17.85	0.05599594881
17.86	0.05500206702
17.87	0.0539941537
17.88	0.05297265885
17.89	0.05193803475
17.9	0.0508907357
17.91	0.04983121791
17.92	0.0487599393
17.93	0.04767735931
17.94	0.04658393874
17.95	0.04548013959
17.96	0.04436642483
17.97	0.04324325829
17.98	0.04211110445
17.99	0.04097042827
18	0.03982169503
18.01	0.03866537016
18.02	0.03750191905
18.03	0.0363318069
18.04	0.03515549854
18.05	0.03397345829
18.06	0.03278614975
18.07	0.03159403567
18.08	0.03039757777
18.09	0.02919723661
18.1	0.02799347139
18.11	0.02678673978
18.12	0.02557749784
18.13	0.02436619978
18.14	0.02315329784
18.15	0.02193924216
18.16	0.02072448058
18.17	0.01950945854
18.18	0.01829461889
18.19	0.01708040177
18.2	0.01586724447
18.21	0.01465558128
18.22	0.01344584334
18.23	0.0122384585
18.24	0.01103385123
18.25	0.009832442424
18.26	0.008634649306
18.27	0.007440885291
18.28	0.006251559855
18.29	0.005067078416
18.3	0.003887842204
18.31	0.002714248145
18.32	0.001546688742
18.33	0.0003855519588
18.34	-0.000768778897
18.35	-0.00191592528
18.36	-0.003055513521
18.37	-0.00418717493
18.38	-0.0053105459
18.39	-0.006425268014
18.4	-0.007530988136
18.41	-0.008627358516
18.42	-0.009714036878
18.43	-0.01079068651
18.44	-0.01185697637
18.45	-0.01291258115
18.46	-0.01395718135
18.47	-0.01499046342
18.48	-0.01601211976
18.49	-0.01702184885
18.5	-0.0180193553
18.51	-0.01900434993
18.52	-0.01997654982
18.53	-0.02093567843
18.54	-0.02188146556
18.55	-0.02281364753
18.56	-0.02373196715
18.57	-0.0246361738
18.58	-0.02552602349
18.59	-0.02640127892
18.6	-0.02726170949
18.61	-0.02810709137
18.62	-0.02893720754
18.63	-0.02975184782
18.64	-0.03055080889
18.65	-0.03133389438
18.66	-0.03210091482
18.67	-0.03285168775
18.68	-0.03358603765
18.69	-0.03430379607
18.7	-0.03500480155
18.71	-0.03568889971
18.72	-0.03635594322
18.73	-0.03700579183
18.74	-0.03763831236
18.75	-0.03825337875
18.76	-0.03885087202
18.77	-0.03943068026
18.78	-0.03999269869
18.79	-0.04053682959
18.8	-0.04106298235
18.81	-0.04157107341
18.82	-0.04206102626
18.83	-0.04253277147
18.84	-0.0429862466
18.85	-0.04342139626
18.86	-0.04383817201
18.87	-0.04423653239
18.88	-0.04461644288
18.89	-0.04497787587
18.9	-0.0453208106
18.91	-0.04564523319
18.92	-0.04595113653
18.93	-0.04623852032
18.94	-0.04650739095
18.95	-0.04675776152
18.96	-0.04698965175
18.97	-0.04720308798
18.98	-0.04739810308
18.99	-0.04757473641
19	-0.04773303377
19.01	-0.04787304737
19.02	-0.04799483572
19.03	-0.04809846361
19.04	-0.04818400204
19.05	-0.04825152816
19.06	-0.04830112518
19.07	-0.04833288235
19.08	-0.04834689486
19.09	-0.04834326375
19.1	-0.0483220959
19.11	-0.04828350389
19.12	-0.04822760599
19.13	-0.048154526
19.14	-0.04806439327
19.15	-0.04795734254
19.16	-0.04783351389
19.17	-0.04769305266
19.18	-0.04753610937
19.19	-0.04736283961
19.2	-0.04717340399
19.21	-0.04696796801
19.22	-0.046746702
19.23	-0.04650978103
19.24	-0.04625738478
19.25	-0.04598969752
19.26	-0.04570690792
19.27	-0.04540920905
19.28	-0.04509679822
19.29	-0.0447698769
19.3	-0.04442865065
19.31	-0.04407332895
19.32	-0.0437041252
19.33	-0.04332125652
19.34	-0.04292494372
19.35	-0.04251541117
19.36	-0.04209288669
19.37	-0.04165760146
19.38	-0.04120978991
19.39	-0.04074968963
19.4	-0.04027754124
19.41	-0.03979358829
19.42	-0.03929807718
19.43	-0.03879125701
19.44	-0.03827337952
19.45	-0.03774469894
19.46	-0.03720547193
19.47	-0.03665595741
19.48	-0.03609641652
19.49	-0.03552711246
19.5	-0.03494831041
19.51	-0.03436027741
19.52	-0.03376328226
19.53	-0.03315759539
19.54	-0.03254348879
19.55	-0.03192123587
19.56	-0.03129111137
19.57	-0.03065339124
19.58	-0.03000835254
19.59	-0.02935627334
19.6	-0.02869743258
19.61	-0.02803211
19.62	-0.02736058604
19.63	-0.02668314168
19.64	-0.02600005839
19.65	-0.02531161801
19.66	-0.02461810262
19.67	-0.02391979447
19.68	-0.02321697587
19.69	-0.02250992905
19.7	-0.02179893611
19.71	-0.0210842789
19.72	-0.02036623889
19.73	-0.01964509714
19.74	-0.01892113409
19.75	-0.01819462959
19.76	-0.01746586271
19.77	-0.01673511166
19.78	-0.01600265373
19.79	-0.01526876516
19.8	-0.01453372107
19.81	-0.01379779533
19.82	-0.01306126051
19.83	-0.01232438776
19.84	-0.01158744675
19.85	-0.01085070554
19.86	-0.01011443052
19.87	-0.009378886322
19.88	-0.008644335727
19.89	-0.007911039584
19.9	-0.007179256723
19.91	-0.006449243879
19.92	-0.005721255606
19.93	-0.004995544203
19.94	-0.00427235963
19.95	-0.003551949435
19.96	-0.002834558677
19.97	-0.002120429854
19.98	-0.001409802826
19.99	-0.0007029147489
20	-5.464072654e-17
20.01	0.0006987098876
20.02	0.001392986293
20.03	0.002082603574
20.04	0.00276733913
20.05	0.003446973465
20.06	0.004121290247
20.07	0.004790076374
20.08	0.005453122023
20.09	0.006110220713
20.1	0.006761169359
20.11	0.007405768323
20.12	0.008043821468
20.13	0.008675136208
20.14	0.009299523557
20.15	0.009916798173
20.16	0.01052677841
20.17	0.01112928636
20.18	0.01172414788
20.19	0.01231119266
20.2	0.01289025424
20.21	0.01346117006
20.22	0.01402378149
20.23	0.01457793387
20.24	0.01512347653
20.25	0.01566026282
20.26	0.01618815017
20.27	0.01670700007
20.28	0.01721667815
20.29	0.01771705415
20.3	0.01820800197
20.31	0.01868939971
20.32	0.01916112965
20.33	0.01962307828
20.34	0.02007513634
20.35	0.0205171988
20.36	0.0209491649
20.37	0.02137093814
20.38	0.02178242631
20.39	0.02218354147
20.4	0.02257420001
20.41	0.02295432256
20.42	0.02332383411
20.43	0.02368266392
20.44	0.02403074556
20.45	0.0243680169
20.46	0.0246944201
20.47	0.02500990164
20.48	0.02531441226
20.49	0.025607907
20.5	0.02589034514
20.51	0.02616169025
20.52	0.02642191013
20.53	0.02667097683
20.54	0.02690886659
20.55	0.02713555988
20.56	0.02735104134
20.57	0.02755529977
20.58	0.02774832813
20.59	0.02793012348
20.6	0.028100687
20.61	0.02826002391
20.62	0.02840814351
20.63	0.0285450591
20.64	0.02867078798
20.65	0.0287853514
20.66	0.02888877455
20.67	0.02898108649
20.68	0.02906232017
20.69	0.02913251236
20.7	0.02919170362
20.71	0.02923993824
20.72	0.02927726426
20.73	0.02930373338
20.74	0.02931940092
20.75	0.02932432582
20.76	0.02931857054
20.77	0.02930220107
20.78	0.02927528685
20.79	0.02923790073
20.8	0.02919011893
20.81	0.02913202099
20.82	0.02906368973
20.83	0.02898521118
20.84	0.02889667455
20.85	0.02879817217
20.86	0.02868979941
20.87	0.0285716547
20.88	0.02844383939
20.89	0.02830645776
20.9	0.02815961693
20.91	0.02800342683
20.92	0.02783800011
20.93	0.0276634521
20.94	0.02747990076
20.95	0.02728746663
20.96	0.02708627273
20.97	0.02687644453
20.98	0.02665810991
20.99	0.02643139903
21	0.02619644436
21.01	0.02595338054
21.02	0.02570234437
21.03	0.02544347471
21.04	0.02517691245
21.05	0.02490280042
21.06	0.02462128334
21.07	0.02433250775
21.08	0.02403662197
21.09	0.02373377599
21.1	0.02342412144
21.11	0.02310781152
21.12	0.02278500093
21.13	0.0224558458
21.14	0.02212050364
21.15	0.02177913325
21.16	0.02143189468
21.17	0.02107894916
21.18	0.020720459
21.19	0.0203565876
21.2	0.0199874993
21.21	0.01961335935
21.22	0.01923433387
21.23	0.01885058975
21.24	0.01846229459
21.25	0.01806961665
21.26	0.01767272477
21.27	0.0172717883
21.28	0.01686697706
21.29	0.01645846127
21.3	0.01604641146
21.31	0.01563099842
21.32	0.01521239315
21.33	0.0147907668
21.34	0.01436629056
21.35	0.01393913566
21.36	0.01350947327
21.37	0.01307747444
21.38	0.01264331005
21.39	0.01220715074
21.4	0.01176916687
21.41	0.01132952843
21.42	0.01088840499
21.43	0.01044596566
21.44	0.01000237899
21.45	0.009557812978
21.46	0.009112434936
21.47	0.008666411488
21.48	0.008219908494
21.49	0.007773090992
21.5	0.007326123152
21.51	0.006879168212
21.52	0.006432388431
21.53	0.005985945033
21.54	0.005539998157
21.55	0.005094706802
21.56	0.004650228777
21.57	0.004206720655
21.58	0.003764337716
21.59	0.003323233905
21.6	0.002883561782
21.61	0.002445472471
21.62	0.002009115622
21.63	0.001574639355
21.64	0.001142190227
21.65	0.000711913176
21.66	0.0002839514884
21.67	-0.0001415532493
21.68	-0.0005644611897
21.69	-0.000984634265
21.7	-0.001401936227
21.71	-0.001816232684
21.72	-0.002227391143
21.73	-0.002635281039
21.74	-0.003039773779
21.75	-0.00344074277
21.76	-0.003838063459
21.77	-0.004231613362
21.78	-0.004621272096
21.79	-0.005006921413
21.8	-0.005388445227
21.81	-0.005765729648
21.82	-0.006138663004
21.83	-0.006507135872
21.84	-0.006871041105
21.85	-0.007230273854
21.86	-0.007584731595
21.87	-0.007934314152
21.88	-0.00827892372
21.89	-0.008618464882
21.9	-0.008952844636
21.91	-0.009281972409
21.92	-0.009605760079
21.93	-0.009924121989
21.94	-0.01023697497
21.95	-0.01054423833
21.96	-0.01084583393
21.97	-0.01114168612
21.98	-0.01143172181
21.99	-0.01171587045
22	-0.01199406405
22.01	-0.0122662372
22.02	-0.01253232704
22.03	-0.01279227334
22.04	-0.01304601843
22.05	-0.01329350723
22.06	-0.0135346873
22.07	-0.01376950876
22.08	-0.01399792437
22.09	-0.0142198895
22.1	-0.01443536209
22.11	-0.01464430274
22.12	-0.01484667463
22.13	-0.01504244356
22.14	-0.01523157791
22.15	-0.01541404868
22.16	-0.01558982946
22.17	-0.01575889643
22.18	-0.01592122834
22.19	-0.01607680651
22.2	-0.01622561486
22.21	-0.01636763982
22.22	-0.01650287038
22.23	-0.01663129809
22.24	-0.01675291698
22.25	-0.01686772362
22.26	-0.01697571706
22.27	-0.01707689882
22.28	-0.01717127292
22.29	-0.01725884579
22.3	-0.01733962631
22.31	-0.01741362579
22.32	-0.01748085789
22.33	-0.0175413387
22.34	-0.01759508662
22.35	-0.01764212241
22.36	-0.01768246914
22.37	-0.01771615218
22.38	-0.01774319914
22.39	-0.01776363991
22.4	-0.01777750658
22.41	-0.01778483343
22.42	-0.01778565693
22.43	-0.01778001568
22.44	-0.01776795041
22.45	-0.01774950392
22.46	-0.01772472109
22.47	-0.01769364882
22.48	-0.01765633602
22.49	-0.01761283357
22.5	-0.01756319431
22.51	-0.01750747297
22.52	-0.01744572617
22.53	-0.01737801239
22.54	-0.01730439191
22.55	-0.0172249268
22.56	-0.0171396809
22.57	-0.01704871974
22.58	-0.01695211055
22.59	-0.0168499222
22.6	-0.01674222519
22.61	-0.01662909158
22.62	-0.01651059499
22.63	-0.01638681054
22.64	-0.01625781482
22.65	-0.01612368584
22.66	-0.01598450305
22.67	-0.01584034722
22.68	-0.01569130045
22.69	-0.01553744615
22.7	-0.01537886894
22.71	-0.01521565469
22.72	-0.0150478904
22.73	-0.01487566422
22.74	-0.01469906541
22.75	-0.01451818426
22.76	-0.01433311209
22.77	-0.01414394118
22.78	-0.01395076476
22.79	-0.01375367696
22.8	-0.01355277275
22.81	-0.01334814794
22.82	-0.0131398991
22.83	-0.01292812355
22.84	-0.0127129193
22.85	-0.01249438503
22.86	-0.01227262002
22.87	-0.01204772416
22.88	-0.01181979785
22.89	-0.01158894201
22.9	-0.01135525801
22.91	-0.01111884763
22.92	-0.01087981306
22.93	-0.01063825682
22.94	-0.01039428171
22.95	-0.01014799083
22.96	-0.009899487477
22.97	-0.009648875147
22.98	-0.009396257479
22.99	-0.009141738221
23	-0.00888542119
23.01	-0.008627410236
23.02	-0.008367809204
23.03	-0.008106721892
23.04	-0.00784425202
23.05	-0.007580503189
23.06	-0.007315578844
23.07	-0.007049582238
23.08	-0.006782616397
23.09	-0.006514784082
23.1	-0.006246187753
23.11	-0.005976929538
23.12	-0.00570711119
23.13	-0.005436834059
23.14	-0.005166199056
23.15	-0.004895306617
23.16	-0.004624256672
23.17	-0.004353148608
23.18	-0.004082081242
23.19	-0.003811152782
23.2	-0.0035404608
23.21	-0.003270102198
23.22	-0.003000173177
23.23	-0.002730769205
23.24	-0.002461984992
23.25	-0.002193914453
23.26	-0.001926650683
23.27	-0.001660285927
23.28	-0.001394911552
23.29	-0.001130618018
23.3	-0.0008674948535
23.31	-0.0006056306233
23.32	-0.0003451129068
23.33	-8.602827031e-05
23.34	0.0001715377584
23.35	0.0004275007147
23.36	0.0006817772214
23.37	0.0009342850126
23.38	0.001184942957
23.39	0.001433671081
23.4	0.001680390589
23.41	0.001925023887
23.42	0.002167494604
23.43	0.00240772761
23.44	0.002645649037
23.45	0.002881186299
23.46	0.00311426811
23.47	0.003344824503
23.48	0.003572786846
23.49	0.003798087859
23.5	0.004020661633
23.51	0.004240443642
23.52	0.004457370762
23.53	0.00467138128
23.54	0.004882414916
23.55	0.005090412828
23.56	0.005295317631
23.57	0.005497073405
23.58	0.00569562571
23.59	0.005890921594
23.6	0.006082909605
23.61	0.006271539799
23.62	0.006456763753
23.63	0.006638534568
23.64	0.006816806881
23.65	0.006991536871
23.66	0.007162682266
23.67	0.007330202348
23.68	0.00749405796
23.69	0.00765421151
23.7	0.007810626976
23.71	0.007963269908
23.72	0.008112107433
23.73	0.008257108256
23.74	0.008398242665
23.75	0.008535482528
23.76	0.008668801295
23.77	0.008798174001
23.78	0.008923577263
23.79	0.009044989279
23.8	0.009162389828
23.81	0.009275760267
23.82	0.009385083526
23.83	0.009490344109
23.84	0.009591528089
23.85	0.009688623101
23.86	0.009781618341
23.87	0.009870504557
23.88	0.009955274046
23.89	0.01003592065
23.9	0.01011243973
23.91	0.01018482819
23.92	0.01025308445
23.93	0.01031720844
23.94	0.01037720159
23.95	0.01043306682
23.96	0.01048480852
23.97	0.01053243258
23.98	0.01057594633
23.99	0.01061535855
24	0.01065067947
24.01	0.01068192073
24.02	0.01070909538
24.03	0.01073221789
24.04	0.01075130409
24.05	0.01076637121
24.06	0.0107774378
24.07	0.01078452378
24.08	0.01078765039
24.09	0.01078684018
24.1	0.010782117
24.11	0.01077350596
24.12	0.01076103345
24.13	0.0107447271
24.14	0.01072461577
24.15	0.01070072952
24.16	0.01067309961
24.17	0.01064175848
24.18	0.0106067397
24.19	0.01056807799
24.2	0.01052580919
24.21	0.01047997022
24.22	0.0104305991
24.23	0.01037773489
24.24	0.01032141767
24.25	0.01026168857
24.26	0.01019858968
24.27	0.01013216409
24.28	0.01006245581
24.29	0.009989509804
24.3	0.009913371934
24.31	0.009834088948
24.32	0.009751708454
24.33	0.009666278905
24.34	0.009577849567
24.35	0.009486470503
24.36	0.009392192548
24.37	0.009295067285
24.38	0.009195147023
24.39	0.009092484774
24.4	0.008987134227
24.41	0.008879149728
24.42	0.008768586254
24.43	0.008655499388
24.44	0.008539945301
24.45	0.008421980719
24.46	0.008301662909
24.47	0.008179049648
24.48	0.0080541992
24.49	0.007927170294
24.5	0.0077980221
24.51	0.007666814202
24.52	0.007533606577
24.53	0.007398459569
24.54	0.007261433865
24.55	0.007122590471
24.56	0.006981990691
24.57	0.006839696097
24.58	0.006695768509
24.59	0.006550269971
24.6	0.006403262726
24.61	0.006254809194
24.62	0.006104971944
24.63	0.005953813676
24.64	0.005801397193
24.65	0.00564778538
24.66	0.00549304118
24.67	0.005337227572
24.68	0.005180407543
24.69	0.005022644073
24.7	0.004864000105
24.71	0.004704538527
24.72	0.004544322146
24.73	0.00438341367
24.74	0.00422187568
24.75	0.004059770615
24.76	0.003897160743
24.77	0.003734108145
24.78	0.00357067469
24.79	0.003406922016
24.8	0.00324291151
24.81	0.003078704281
24.82	0.002914361149
24.83	0.002749942615
24.84	0.002585508849
24.85	0.002421119664
24.86	0.002256834501
24.87	0.002092712407
24.88	0.001928812015
24.89	0.001765191529
24.9	0.001601908702
24.91	0.001439020819
24.92	0.00127658468
24.93	0.001114656578
24.94	0.0009532922885
24.95	0.0007925470463
24.96	0.0006324755316
24.97	0.0004731318529
24.98	0.0003145695304
24.99	0.0001568414805
25	4.471424869e-17
25.01	-0.0001559032491
25.02	-0.0003108172547
25.03	-0.0004646916691
25.04	-0.0006174768233
25.05	-0.0007691237412
25.06	-0.0009195841529
25.07	-0.001068810508
25.08	-0.00121675599
25.09	-0.001363374526
25.1	-0.001508620802
25.11	-0.001652450272
25.12	-0.001794819172
25.13	-0.001935684531
25.14	-0.00207500418
25.15	-0.002212736765
25.16	-0.002348841753
25.17	-0.002483279447
25.18	-0.002616010993
25.19	-0.002746998389
25.2	-0.002876204492
25.21	-0.003003593031
25.22	-0.003129128611
25.23	-0.00325277672
25.24	-0.003374503739
25.25	-0.003494276951
25.26	-0.003612064539
25.27	-0.003727835601
25.28	-0.003841560152
25.29	-0.003953209129
25.3	-0.004062754396
25.31	-0.004170168751
25.32	-0.004275425927
25.33	-0.004378500599
25.34	-0.004479368386
25.35	-0.004578005854
25.36	-0.004674390518
25.37	-0.004768500849
25.38	-0.00486031627
25.39	-0.004949817162
25.4	-0.005036984862
25.41	-0.00512180167
25.42	-0.005204250841
25.43	-0.005284316593
25.44	-0.005361984105
25.45	-0.005437239512
25.46	-0.005510069912
25.47	-0.005580463359
25.48	-0.005648408862
25.49	-0.005713896389
25.5	-0.005776916857
25.51	-0.005837462135
25.52	-0.005895525039
25.53	-0.00595109933
25.54	-0.006004179711
25.55	-0.006054761822
25.56	-0.006102842234
25.57	-0.006148418451
25.58	-0.0061914889
25.59	-0.006232052926
25.6	-0.00627011079
25.61	-0.006305663661
25.62	-0.006338713611
25.63	-0.006369263609
25.64	-0.006397317514
25.65	-0.006422880069
25.66	-0.006445956891
25.67	-0.00646655447
25.68	-0.006484680155
25.69	-0.006500342149
25.7	-0.006513549503
25.71	-0.006524312103
25.72	-0.006532640664
25.73	-0.006538546722
25.74	-0.006542042624
25.75	-0.006543141517
25.76	-0.006541857341
25.77	-0.006538204818
25.78	-0.006532199443
25.79	-0.006523857471
25.8	-0.006513195911
25.81	-0.006500232509
25.82	-0.006484985744
25.83	-0.006467474813
25.84	-0.006447719621
25.85	-0.006425740767
25.86	-0.006401559537
25.87	-0.006375197888
25.88	-0.006346678438
25.89	-0.006316024453
25.9	-0.006283259836
25.91	-0.006248409114
25.92	-0.006211497422
25.93	-0.006172550497
25.94	-0.006131594658
25.95	-0.006088656799
25.96	-0.006043764372
25.97	-0.005996945373
25.98	-0.005948228333
25.99	-0.005897642299
26	-0.005845216826
26.01	-0.005790981957
26.02	-0.005734968216
26.03	-0.005677206588
26.04	-0.005617728507
26.05	-0.005556565845
26.06	-0.005493750894
26.07	-0.005429316351
26.08	-0.005363295309
26.09	-0.005295721237
26.1	-0.005226627968
26.11	-0.005156049685
26.12	-0.005084020907
26.13	-0.00501057647
26.14	-0.00493575152
26.15	-0.00485958149
26.16	-0.004782102092
26.17	-0.004703349301
26.18	-0.004623359336
26.19	-0.004542168652
26.2	-0.004459813919
26.21	-0.004376332013
26.22	-0.004291759998
26.23	-0.004206135111
26.24	-0.00411949475
26.25	-0.004031876458
26.26	-0.003943317908
26.27	-0.003853856889
26.28	-0.003763531293
26.29	-0.003672379099
26.3	-0.003580438358
26.31	-0.00348774718
26.32	-0.00339434372
26.33	-0.003300266164
26.34	-0.003205552713
26.35	-0.003110241572
26.36	-0.003014370934
26.37	-0.002917978965
26.38	-0.002821103796
26.39	-0.0027237835
26.4	-0.002626056089
26.41	-0.002527959493
26.42	-0.00242953155
26.43	-0.00233080999
26.44	-0.002231832427
26.45	-0.00213263634
26.46	-0.002033259067
26.47	-0.001933737783
26.48	-0.001834109499
26.49	-0.001734411038
26.5	-0.001634679032
26.51	-0.001534949905
26.52	-0.001435259861
26.53	-0.001335644874
26.54	-0.001236140676
26.55	-0.001136782745
26.56	-0.001037606292
26.57	-0.0009386462534
26.58	-0.0008399372774
26.59	-0.0007415137135
26.6	-0.0006434096022
26.61	-0.0005456586642
26.62	-0.0004482942904
26.63	-0.0003513495316
26.64	-0.0002548570882
26.65	-0.000158849301
26.66	-6.335814107e-05
26.67	3.15847992e-05
26.68	0.0001259483157
26.69	0.0002197016012
26.7	0.0003128142548
26.71	0.0004052562897
26.72	0.0004969981424
26.73	0.0005880106803
26.74	0.00067826521
26.75	0.0007677334853
26.76	0.0008563877143
26.77	0.0009442005671
26.78	0.001031145183
26.79	0.001117195177
26.8	0.001202324647
26.81	0.00128650818
26.82	0.001369720859
26.83	0.001451938269
26.84	0.001533136502
26.85	0.001613292163
26.86	0.001692382375
26.87	0.001770384787
26.88	0.001847277575
26.89	0.001923039449
26.9	0.001997649657
26.91	0.00207108799
26.92	0.002143334785
26.93	0.002214370929
26.94	0.002284177863
26.95	0.002352737588
26.96	0.002420032662
26.97	0.002486046209
26.98	0.002550761919
26.99	0.00261416405
27	0.002676237433
27.01	0.00273696747
27.02	0.00279634014
27.03	0.002854341999
27.04	0.002910960181
27.05	0.002966182398
27.06	0.003019996944
27.07	0.003072392695
27.08	0.003123359107
27.09	0.00317288622
27.1	0.003220964655
27.11	0.003267585616
27.12	0.003312740889
27.13	0.00335642284
27.14	0.003398624418
27.15	0.00343933915
27.16	0.003478561144
27.17	0.003516285084
27.18	0.003552506228
27.19	0.003587220412
27.2	0.003620424042
27.21	0.003652114093
27.22	0.003682288112
27.23	0.003710944206
27.24	0.003738081049
27.25	0.003763697873
27.26	0.003787794465
27.27	0.003810371169
27.28	0.003831428876
27.29	0.003850969025
27.3	0.003868993596
27.31	0.00388550511
27.32	0.003900506621
27.33	0.003914001712
27.34	0.003925994495
27.35	0.003936489599
27.36	0.003945492172
27.37	0.003953007873
27.38	0.003959042866
27.39	0.003963603818
27.4	0.003966697889
27.41	0.003968332731
27.42	0.003968516479
27.43	0.003967257747
27.44	0.00396456562
27.45	0.003960449652
27.46	0.003954919855
27.47	0.003947986694
27.48	0.003939661083
27.49	0.003929954376
27.5	0.00391887836
27.51	0.003906445248
27.52	0.003892667675
27.53	0.003877558687
27.54	0.003861131738
27.55	0.003843400676
27.56	0.003824379744
27.57	0.003804083565
27.58	0.003782527141
27.59	0.003759725839
27.6	0.003735695388
27.61	0.003710451868
27.62	0.003684011705
27.63	0.00365639166
27.64	0.003627608824
27.65	0.003597680605
27.66	0.003566624726
27.67	0.003534459212
27.68	0.003501202383
27.69	0.003466872847
27.7	0.00343148949
27.71	0.003395071467
27.72	0.003357638194
27.73	0.00331920934
27.74	0.00327980482
27.75	0.00323944478
27.76	0.003198149596
27.77	0.003155939861
27.78	0.003112836376
27.79	0.003068860143
27.8	0.003024032355
27.81	0.002978374388
27.82	0.002931907791
27.83	0.002884654278
27.84	0.002836635719
27.85	0.002787874132
27.86	0.002738391671
27.87	0.002688210622
27.88	0.002637353388
27.89	0.002585842487
27.9	0.002533700537
27.91	0.002480950253
27.92	0.002427614431
27.93	0.002373715947
27.94	0.002319277743
27.95	0.002264322819
27.96	0.002208874226
27.97	0.002152955057
27.98	0.002096588436
27.99	0.002039797513
28	0.001982605453
28.01	0.001925035428
28.02	0.001867110608
28.03	0.001808854154
28.04	0.00175028921
28.05	0.001691438891
28.06	0.001632326279
28.07	0.001572974414
28.08	0.001513406283
28.09	0.001453644815
28.1	0.001393712874
28.11	0.001333633245
28.12	0.001273428634
28.13	0.001213121654
28.14	0.001152734823
28.15	0.001092290549
28.16	0.001031811132
28.17	0.0009713187461
28.18	0.0009108354413
28.19	0.0008503831307
28.2	0.0007899835854
28.21	0.0007296584272
28.22	0.0006694291214
28.23	0.0006093169701
28.24	0.0005493431056
28.25	0.0004895284832
28.26	0.0004298938753
28.27	0.0003704598647
28.28	0.0003112468379
28.29	0.0002522749795
28.3	0.0001935642656
28.31	0.000135134458
28.32	7.700509817e-05
28.33	1.919550173e-05
28.34	-3.82752475e-05
28.35	-9.538830293e-05
28.36	-0.0001521250606
28.37	-0.0002084671645
28.38	-0.0002643965118
28.39	-0.0003198952579
28.4	-0.0003749458212
28.41	-0.0004295308883
28.42	-0.0004836334182
28.43	-0.0005372366472
28.44	-0.0005903240933
28.45	-0.0006428795603
28.46	-0.0006948871422
28.47	-0.0007463312271
28.48	-0.0007971965011
28.49	-0.0008474679523
28.5	-0.0008971308741
28.51	-0.000946170869
28.52	-0.0009945738519
28.53	-0.001042326053
28.54	-0.001089414022
28.55	-0.001135824629
28.56	-0.001181545071
28.57	-0.001226562869
28.58	-0.001270865877
28.59	-0.001314442279
28.6	-0.001357280594
28.61	-0.00139936968
28.62	-0.00144069873
28.63	-0.001481257281
28.64	-0.001521035211
28.65	-0.001560022742
28.66	-0.001598210441
28.67	-0.001635589224
28.68	-0.001672150353
28.69	-0.00170788544
28.7	-0.001742786448
28.71	-0.00177684569
28.72	-0.001810055831
28.73	-0.001842409888
28.74	-0.001873901231
28.75	-0.001904523583
28.76	-0.001934271021
28.77	-0.001963137974
28.78	-0.001991119224
28.79	-0.002018209906
28.8	-0.00204440551
28.81	-0.002069701874
28.82	-0.00209409519
28.83	-0.002117582001
28.84	-0.002140159199
28.85	-0.002161824024
28.86	-0.002182574067
28.87	-0.002202407263
28.88	-0.002221321892
28.89	-0.002239316581
28.9	-0.002256390296
28.91	-0.002272542345
28.92	-0.002287772376
28.93	-0.002302080372
28.94	-0.002315466653
28.95	-0.002327931869
28.96	-0.002339477004
28.97	-0.002350103369
28.98	-0.002359812598
28.99	-0.002368606654
29	-0.002376487816
29.01	-0.002383458683
29.02	-0.002389522167
29.03	-0.002394681496
29.04	-0.002398940204
29.05	-0.002402302131
29.06	-0.002404771422
29.07	-0.002406352518
29.08	-0.00240705016
29.09	-0.002406869377
29.1	-0.002405815492
29.11	-0.002403894109
29.12	-0.002401111116
29.13	-0.002397472678
29.14	-0.002392985234
29.15	-0.002387655492
29.16	-0.002381490426
29.17	-0.002374497273
29.18	-0.002366683527
29.19	-0.002358056934
29.2	-0.00234862549
29.21	-0.002338397435
29.22	-0.002327381249
29.23	-0.002315585648
29.24	-0.002303019579
29.25	-0.002289692214
29.26	-0.002275612949
29.27	-0.002260791396
29.28	-0.002245237376
29.29	-0.002228960922
29.3	-0.002211972267
29.31	-0.002194281842
29.32	-0.002175900269
29.33	-0.00215683836
29.34	-0.002137107108
29.35	-0.002116717683
29.36	-0.002095681427
29.37	-0.002074009852
29.38	-0.002051714628
29.39	-0.002028807584
29.4	-0.002005300699
29.41	-0.001981206101
29.42	-0.001956536055
29.43	-0.001931302965
29.44	-0.001905519363
29.45	-0.001879197907
29.46	-0.001852351374
29.47	-0.001824992658
29.48	-0.001797134757
29.49	-0.001768790777
29.5	-0.00173997392
29.51	-0.001710697481
29.52	-0.001680974842
29.53	-0.001650819468
29.54	-0.001620244901
29.55	-0.001589264753
29.56	-0.001557892701
29.57	-0.001526142485
29.58	-0.0014940279
29.59	-0.001461562788
29.6	-0.001428761038
29.61	-0.001395636577
29.62	-0.001362203368
29.63	-0.001328475399
29.64	-0.001294466685
29.65	-0.001260191256
29.66	-0.001225663158
29.67	-0.001190896443
29.68	-0.001155905165
29.69	-0.001120703376
29.7	-0.001085305122
29.71	-0.001049724435
29.72	-0.001013975328
29.73	-0.0009780717942
29.74	-0.0009420277967
29.75	-0.0009058572675
29.76	-0.0008695741007
29.77	-0.0008331921483
29.78	-0.0007967252154
29.79	-0.0007601870551
29.8	-0.0007235913645
29.81	-0.0006869517793
29.82	-0.0006502818699
29.83	-0.0006135951361
29.84	-0.0005769050036
29.85	-0.0005402248185
29.86	-0.0005035678437
29.87	-0.0004669472545
29.88	-0.0004303761339
29.89	-0.0003938674686
29.9	-0.0003574341453
29.91	-0.0003210889459
29.92	-0.000284844544
29.93	-0.0002487135008
29.94	-0.000212708261
29.95	-0.0001768411494
29.96	-0.0001411243667
29.97	-0.0001055699861
29.98	-7.018994969e-05
29.99	-3.499606466e-05
30	-4.080602382e-18
