temps	angle
0	0
0.01	0.5005955167
0.02	0.9968793435
0.03	1.488565715
0.04	1.975374109
0.05	2.457029385
0.06	2.933261918
0.07	3.403807729
0.08	3.868408613
0.09	4.326812253
0.1	4.778772344
0.11	5.224048698
0.12	5.662407351
0.13	6.093620668
0.14	6.517467435
0.15	6.933732953
0.16	7.342209124
0.17	7.742694531
0.18	8.134994518
0.19	8.518921261
0.2	8.89429383
0.21	9.260938258
0.22	9.618687591
0.23	9.967381947
0.24	10.30686855
0.25	10.6370018
0.26	10.95764327
0.27	11.26866176
0.28	11.56993333
0.29	11.86134133
0.3	12.14277636
0.31	12.41413637
0.32	12.67532659
0.33	12.92625958
0.34	13.16685521
0.35	13.39704066
0.36	13.6167504
0.37	13.82592617
0.38	14.02451699
0.39	14.2124791
0.4	14.38977595
0.41	14.55637816
0.42	14.71226348
0.43	14.85741675
0.44	14.99182985
0.45	15.11550167
0.46	15.22843801
0.47	15.33065158
0.48	15.42216187
0.49	15.50299515
0.5	15.57318436
0.51	15.63276902
0.52	15.6817952
0.53	15.72031542
0.54	15.74838853
0.55	15.76607967
0.56	15.77346016
0.57	15.77060739
0.58	15.75760474
0.59	15.73454146
0.6	15.70151261
0.61	15.6586189
0.62	15.60596659
0.63	15.5436674
0.64	15.47183839
0.65	15.39060183
0.66	15.30008508
0.67	15.20042046
0.68	15.09174515
0.69	14.97420106
0.7	14.84793467
0.71	14.71309693
0.72	14.5698431
0.73	14.41833266
0.74	14.25872912
0.75	14.09119992
0.76	13.91591628
0.77	13.73305304
0.78	13.54278855
0.79	13.34530452
0.8	13.14078586
0.81	12.92942053
0.82	12.71139944
0.83	12.48691625
0.84	12.25616725
0.85	12.0193512
0.86	11.77666921
0.87	11.52832455
0.88	11.27452254
0.89	11.01547037
0.9	10.75137697
0.91	10.48245286
0.92	10.20891
0.93	9.930961645
0.94	9.648822172
0.95	9.362706971
0.96	9.072832276
0.97	8.779415022
0.98	8.482672702
0.99	8.18282322
1	7.880084748
1.01	7.574675581
1.02	7.266814002
1.03	6.956718132
1.04	6.644605798
1.05	6.33069439
1.06	6.015200729
1.07	5.698340926
1.08	5.380330253
1.09	5.061383009
1.1	4.741712388
1.11	4.421530355
1.12	4.101047512
1.13	3.78047298
1.14	3.460014272
1.15	3.139877171
1.16	2.820265616
1.17	2.50138158
1.18	2.183424958
1.19	1.866593452
1.2	1.551082467
1.21	1.237084997
1.22	0.9247915198
1.23	0.6143899001
1.24	0.3060652832
1.25	1.485571662e-15
1.26	-0.303626529
1.27	-0.6046378858
1.28	-0.9028607453
1.29	-1.198124962
1.3	-1.490263654
1.31	-1.779113286
1.32	-2.064513748
1.33	-2.346308428
1.34	-2.62434429
1.35	-2.898471943
1.36	-3.168545703
1.37	-3.434423666
1.38	-3.695967764
1.39	-3.953043823
1.4	-4.205521622
1.41	-4.453274943
1.42	-4.696181622
1.43	-4.934123592
1.44	-5.166986932
1.45	-5.394661904
1.46	-5.617042991
1.47	-5.83402893
1.48	-6.045522748
1.49	-6.251431784
1.5	-6.45166772
1.51	-6.6461466
1.52	-6.834788851
1.53	-7.017519298
1.54	-7.19426718
1.55	-7.364966158
1.56	-7.529554322
1.57	-7.6879742
1.58	-7.840172752
1.59	-7.98610138
1.6	-8.125715911
1.61	-8.258976601
1.62	-8.385848121
1.63	-8.506299542
1.64	-8.620304325
1.65	-8.727840301
1.66	-8.828889648
1.67	-8.923438873
1.68	-9.011478781
1.69	-9.09300445
1.7	-9.168015199
1.71	-9.236514554
1.72	-9.298510216
1.73	-9.354014015
1.74	-9.403041878
1.75	-9.445613781
1.76	-9.481753706
1.77	-9.51148959
1.78	-9.534853282
1.79	-9.551880485
1.8	-9.562610706
1.81	-9.567087198
1.82	-9.565356903
1.83	-9.557470395
1.84	-9.543481814
1.85	-9.523448804
1.86	-9.49743245
1.87	-9.465497209
1.88	-9.427710844
1.89	-9.384144349
1.9	-9.334871883
1.91	-9.279970695
1.92	-9.219521047
1.93	-9.153606143
1.94	-9.082312048
1.95	-9.005727611
1.96	-8.923944386
1.97	-8.837056549
1.98	-8.745160821
1.99	-8.648356382
2	-8.546744786
2.01	-8.44042988
2.02	-8.329517719
2.03	-8.214116475
2.04	-8.094336356
2.05	-7.970289515
2.06	-7.842089966
2.07	-7.70985349
2.08	-7.573697551
2.09	-7.433741206
2.1	-7.290105013
2.11	-7.142910945
2.12	-6.992282295
2.13	-6.838343593
2.14	-6.681220508
2.15	-6.521039765
2.16	-6.35792905
2.17	-6.19201692
2.18	-6.023432718
2.19	-5.852306477
2.2	-5.678768836
2.21	-5.502950946
2.22	-5.324984385
2.23	-5.14500107
2.24	-4.963133166
2.25	-4.779513001
2.26	-4.594272977
2.27	-4.40754549
2.28	-4.219462838
2.29	-4.030157138
2.3	-3.839760245
2.31	-3.648403666
2.32	-3.456218481
2.33	-3.263335258
2.34	-3.069883975
2.35	-2.875993943
2.36	-2.681793723
2.37	-2.487411053
2.38	-2.292972771
2.39	-2.098604739
2.4	-1.904431772
2.41	-1.710577565
2.42	-1.51716462
2.43	-1.32431418
2.44	-1.132146158
2.45	-0.9407790722
2.46	-0.7503299791
2.47	-0.5609144106
2.48	-0.3726463114
2.49	-0.1856379782
2.5	-1.80208952e-15
2.51	0.1841587989
2.52	0.3667314158
2.53	0.5476127235
2.54	0.7266995235
2.55	0.9038905972
2.56	1.079086755
2.57	1.252190885
2.58	1.423107999
2.59	1.591745274
2.6	1.758012099
2.61	1.921820116
2.62	2.083083252
2.63	2.241717766
2.64	2.397642278
2.65	2.550777804
2.66	2.701047789
2.67	2.848378137
2.68	2.992697237
2.69	3.133935993
2.7	3.272027844
2.71	3.406908791
2.72	3.538517416
2.73	3.666794901
2.74	3.791685044
2.75	3.913134278
2.76	4.031091682
2.77	4.145508991
2.78	4.256340609
2.79	4.363543619
2.8	4.467077783
2.81	4.566905551
2.82	4.662992063
2.83	4.755305152
2.84	4.843815338
2.85	4.928495832
2.86	5.009322526
2.87	5.086273993
2.88	5.159331473
2.89	5.228478869
2.9	5.293702736
2.91	5.354992263
2.92	5.412339267
2.93	5.46573817
2.94	5.515185988
2.95	5.560682307
2.96	5.602229266
2.97	5.639831535
2.98	5.673496291
2.99	5.703233194
3	5.729054358
3.01	5.75097433
3.02	5.769010056
3.03	5.783180851
3.04	5.793508372
3.05	5.80001658
3.06	5.80273171
3.07	5.801682233
3.08	5.796898824
3.09	5.788414321
3.1	5.776263686
3.11	5.760483969
3.12	5.741114267
3.13	5.718195678
3.14	5.691771263
3.15	5.661886001
3.16	5.628586748
3.17	5.591922183
3.18	5.551942773
3.19	5.508700718
3.2	5.462249909
3.21	5.412645875
3.22	5.359945739
3.23	5.304208162
3.24	5.245493302
3.25	5.183862753
3.26	5.119379504
3.27	5.052107877
3.28	4.982113484
3.29	4.90946317
3.3	4.834224958
3.31	4.756468
3.32	4.676262523
3.33	4.593679772
3.34	4.508791958
3.35	4.421672203
3.36	4.332394488
3.37	4.241033593
3.38	4.147665051
3.39	4.052365083
3.4	3.955210551
3.41	3.856278901
3.42	3.755648108
3.43	3.65339662
3.44	3.549603308
3.45	3.444347408
3.46	3.337708467
3.47	3.229766292
3.48	3.120600893
3.49	3.010292433
3.5	2.898921173
3.51	2.78656742
3.52	2.673311474
3.53	2.559233579
3.54	2.444413868
3.55	2.328932314
3.56	2.212868683
3.57	2.096302475
3.58	1.979312887
3.59	1.861978753
3.6	1.744378504
3.61	1.626590116
3.62	1.508691067
3.63	1.390758287
3.64	1.272868117
3.65	1.155096259
3.66	1.037517739
3.67	0.9202068579
3.68	0.8032371532
3.69	0.6866813562
3.7	0.5706113513
3.71	0.4550981372
3.72	0.3402117875
3.73	0.2260214131
3.74	0.1125951254
3.75	1.639533819e-15
3.76	-0.1116979578
3.77	-0.2224338476
3.78	-0.3321439064
3.79	-0.4407655414
3.8	-0.5482373602
3.81	-0.6544992015
3.82	-0.7594921638
3.83	-0.8631586333
3.84	-0.965442311
3.85	-1.066288238
3.86	-1.165642823
3.87	-1.263453859
3.88	-1.359670556
3.89	-1.454243553
3.9	-1.547124944
3.91	-1.638268298
3.92	-1.727628671
3.93	-1.81516263
3.94	-1.900828265
3.95	-1.984585207
3.96	-2.066394637
3.97	-2.146219303
3.98	-2.22402353
3.99	-2.299773231
4	-2.373435915
4.01	-2.444980697
4.02	-2.514378303
4.03	-2.581601078
4.04	-2.64662299
4.05	-2.709419634
4.06	-2.769968236
4.07	-2.828247652
4.08	-2.884238371
4.09	-2.937922513
4.1	-2.989283828
4.11	-3.038307697
4.12	-3.08498112
4.13	-3.129292722
4.14	-3.171232738
4.15	-3.210793013
4.16	-3.24796699
4.17	-3.282749706
4.18	-3.315137778
4.19	-3.345129396
4.2	-3.372724308
4.21	-3.397923813
4.22	-3.420730742
4.23	-3.441149449
4.24	-3.459185791
4.25	-3.474847119
4.26	-3.488142255
4.27	-3.499081475
4.28	-3.507676497
4.29	-3.513940455
4.3	-3.517887883
4.31	-3.519534692
4.32	-3.518898152
4.33	-3.515996868
4.34	-3.510850757
4.35	-3.503481024
4.36	-3.493910142
4.37	-3.482161824
4.38	-3.468260997
4.39	-3.452233779
4.4	-3.434107452
4.41	-3.413910433
4.42	-3.391672251
4.43	-3.367423513
4.44	-3.341195881
4.45	-3.313022041
4.46	-3.282935674
4.47	-3.250971425
4.48	-3.217164876
4.49	-3.181552513
4.5	-3.144171696
4.51	-3.105060628
4.52	-3.064258324
4.53	-3.021804578
4.54	-2.977739935
4.55	-2.932105653
4.56	-2.884943674
4.57	-2.836296593
4.58	-2.786207623
4.59	-2.734720561
4.6	-2.681879758
4.61	-2.627730087
4.62	-2.572316903
4.63	-2.515686019
4.64	-2.457883667
4.65	-2.398956465
4.66	-2.338951386
4.67	-2.277915724
4.68	-2.215897062
4.69	-2.152943236
4.7	-2.089102306
4.71	-2.024422519
4.72	-1.95895228
4.73	-1.892740119
4.74	-1.825834656
4.75	-1.758284572
4.76	-1.690138576
4.77	-1.621445372
4.78	-1.552253631
4.79	-1.482611956
4.8	-1.412568853
4.81	-1.342172702
4.82	-1.271471723
4.83	-1.200513951
4.84	-1.129347201
4.85	-1.058019045
4.86	-0.9865767762
4.87	-0.9150673882
4.88	-0.8435375415
4.89	-0.7720335386
4.9	-0.7006012961
4.91	-0.6292863186
4.92	-0.5581336726
4.93	-0.4871879604
4.94	-0.416493296
4.95	-0.3460932794
4.96	-0.2760309734
4.97	-0.2063488799
4.98	-0.1370889168
4.99	-0.06829239566
5	-1.325903371e-15
5.01	0.06774823604
5.02	0.1349129483
5.03	0.2014554627
5.04	0.2673378146
5.05	0.3325227678
5.06	0.3969738325
5.07	0.4606552831
5.08	0.5235321753
5.09	0.5855703618
5.1	0.6467365087
5.11	0.7069981102
5.12	0.7663235027
5.13	0.8246818791
5.14	0.8820433014
5.15	0.9383787131
5.16	0.9936599513
5.17	1.047859757
5.18	1.100951787
5.19	1.152910622
5.2	1.203711775
5.21	1.253331702
5.22	1.30174781
5.23	1.348938459
5.24	1.394882975
5.25	1.439561652
5.26	1.482955755
5.27	1.525047531
5.28	1.565820205
5.29	1.605257988
5.3	1.643346078
5.31	1.680070662
5.32	1.715418914
5.33	1.749379002
5.34	1.78194008
5.35	1.813092292
5.36	1.842826772
5.37	1.871135634
5.38	1.898011979
5.39	1.923449885
5.4	1.947444404
5.41	1.969991561
5.42	1.991088345
5.43	2.010732704
5.44	2.028923539
5.45	2.0456607
5.46	2.060944972
5.47	2.074778074
5.48	2.087162645
5.49	2.09810224
5.5	2.107601316
5.51	2.115665223
5.52	2.122300196
5.53	2.12751334
5.54	2.131312622
5.55	2.133706858
5.56	2.134705699
5.57	2.134319618
5.58	2.1325599
5.59	2.129438626
5.6	2.124968657
5.61	2.119163624
5.62	2.112037908
5.63	2.10360663
5.64	2.093885631
5.65	2.082891458
5.66	2.070641347
5.67	2.057153208
5.68	2.042445605
5.69	2.026537742
5.7	2.009449444
5.71	1.99120114
5.72	1.971813843
5.73	1.951309135
5.74	1.929709144
5.75	1.907036533
5.76	1.883314471
5.77	1.858566623
5.78	1.832817124
5.79	1.806090567
5.8	1.778411976
5.81	1.74980679
5.82	1.720300844
5.83	1.689920348
5.84	1.658691866
5.85	1.626642299
5.86	1.593798863
5.87	1.560189068
5.88	1.525840701
5.89	1.490781802
5.9	1.455040647
5.91	1.418645727
5.92	1.381625727
5.93	1.344009507
5.94	1.305826081
5.95	1.2671046
5.96	1.227874326
5.97	1.188164619
5.98	1.148004913
5.99	1.107424698
6	1.066453501
6.01	1.025120865
6.02	0.9834563312
6.03	0.9414894188
6.04	0.8992496076
6.05	0.8567663184
6.06	0.8140688943
6.07	0.7711865832
6.08	0.7281485187
6.09	0.6849837031
6.1	0.6417209891
6.11	0.5983890629
6.12	0.5550164266
6.13	0.5116313816
6.14	0.4682620115
6.15	0.4249361663
6.16	0.381681446
6.17	0.3385251846
6.18	0.2954944351
6.19	0.2526159536
6.2	0.2099161851
6.21	0.1674212484
6.22	0.1251569223
6.23	0.08314863115
6.24	0.04142143179
6.25	1.005251308e-15
6.26	-0.0410913823
6.27	-0.08182883954
6.28	-0.1221889147
6.29	-0.1621485811
6.3	-0.2016852537
6.31	-0.2407768005
6.32	-0.2794015528
6.33	-0.3175383157
6.34	-0.3551663779
6.35	-0.3922655213
6.36	-0.4288160302
6.37	-0.4647986996
6.38	-0.5001948442
6.39	-0.5349863055
6.4	-0.5691554599
6.41	-0.6026852258
6.42	-0.6355590699
6.43	-0.6677610138
6.44	-0.69927564
6.45	-0.7300880968
6.46	-0.7601841041
6.47	-0.7895499577
6.48	-0.8181725334
6.49	-0.8460392911
6.5	-0.8731382782
6.51	-0.8994581325
6.52	-0.924988085
6.53	-0.9497179618
6.54	-0.9736381865
6.55	-0.996739781
6.56	-1.019014367
6.57	-1.040454166
6.58	-1.061052
6.59	-1.080801292
6.6	-1.099696064
6.61	-1.117730938
6.62	-1.134901131
6.63	-1.151202458
6.64	-1.166631327
6.65	-1.181184739
6.66	-1.194860281
6.67	-1.207656127
6.68	-1.219571033
6.69	-1.230604333
6.7	-1.240755934
6.71	-1.250026313
6.72	-1.258416514
6.73	-1.265928136
6.74	-1.272563336
6.75	-1.278324816
6.76	-1.283215823
6.77	-1.287240138
6.78	-1.29040207
6.79	-1.292706451
6.8	-1.294158628
6.81	-1.294764456
6.82	-1.294530286
6.83	-1.293462963
6.84	-1.291569814
6.85	-1.288858641
6.86	-1.285337711
6.87	-1.281015746
6.88	-1.275901917
6.89	-1.270005833
6.9	-1.26333753
6.91	-1.255907462
6.92	-1.247726492
6.93	-1.23880588
6.94	-1.229157274
6.95	-1.218792697
6.96	-1.207724541
6.97	-1.195965551
6.98	-1.183528817
6.99	-1.17042776
7	-1.156676126
7.01	-1.142287968
7.02	-1.12727764
7.03	-1.11165978
7.04	-1.095449303
7.05	-1.078661389
7.06	-1.061311467
7.07	-1.043415206
7.08	-1.024988503
7.09	-1.006047472
7.1	-0.9866084268
7.11	-0.9666878758
7.12	-0.9463025049
7.13	-0.925469167
7.14	-0.9042048699
7.15	-0.8825267636
7.16	-0.8604521287
7.17	-0.8379983637
7.18	-0.8151829729
7.19	-0.7920235547
7.2	-0.7685377888
7.21	-0.7447434249
7.22	-0.72065827
7.23	-0.6963001771
7.24	-0.6716870328
7.25	-0.6468367457
7.26	-0.6217672347
7.27	-0.5964964173
7.28	-0.5710421983
7.29	-0.5454224577
7.3	-0.5196550403
7.31	-0.4937577435
7.32	-0.4677483071
7.33	-0.4416444014
7.34	-0.4154636173
7.35	-0.3892234549
7.36	-0.3629413131
7.37	-0.3366344794
7.38	-0.3103201194
7.39	-0.2840152667
7.4	-0.2577368133
7.41	-0.2315014992
7.42	-0.2053259036
7.43	-0.1792264346
7.44	-0.153219321
7.45	-0.1273206022
7.46	-0.1015461202
7.47	-0.07591151063
7.48	-0.0504321941
7.49	-0.02512336835
7.5	-7.31658887e-16
7.51	0.02492318321
7.52	0.04963170003
7.53	0.07411132304
7.54	0.09834808584
7.55	0.12232829
7.56	0.1460385117
7.57	0.1694656081
7.58	0.1925967241
7.59	0.2154192975
7.6	0.2379210654
7.61	0.2600900697
7.62	0.2819146619
7.63	0.3033835088
7.64	0.3244855968
7.65	0.3452102366
7.66	0.3655470676
7.67	0.385486062
7.68	0.4050175283
7.69	0.4241321152
7.7	0.442820815
7.71	0.4610749662
7.72	0.4788862567
7.73	0.4962467264
7.74	0.5131487694
7.75	0.5295851359
7.76	0.5455489345
7.77	0.5610336334
7.78	0.5760330619
7.79	0.5905414116
7.8	0.604553237
7.81	0.6180634562
7.82	0.6310673516
7.83	0.6435605696
7.84	0.6555391207
7.85	0.6669993794
7.86	0.6779380829
7.87	0.6883523314
7.88	0.6982395862
7.89	0.7075976687
7.9	0.7164247591
7.91	0.7247193946
7.92	0.7324804676
7.93	0.7397072233
7.94	0.7463992577
7.95	0.752556515
7.96	0.7581792845
7.97	0.7632681982
7.98	0.7678242275
7.99	0.7718486796
8	0.7753431942
8.01	0.7783097399
8.02	0.7807506099
8.03	0.7826684185
8.04	0.7840660965
8.05	0.7849468866
8.06	0.7853143395
8.07	0.7851723083
8.08	0.7845249443
8.09	0.7833766916
8.1	0.781732282
8.11	0.7795967296
8.12	0.7769753254
8.13	0.7738736316
8.14	0.7702974759
8.15	0.7662529457
8.16	0.7617463817
8.17	0.7567843725
8.18	0.7513737477
8.19	0.745521572
8.2	0.7392351386
8.21	0.7325219626
8.22	0.7253897747
8.23	0.717846514
8.24	0.7099003217
8.25	0.701559534
8.26	0.6928326751
8.27	0.6837284505
8.28	0.6742557395
8.29	0.6644235886
8.3	0.6542412039
8.31	0.643717944
8.32	0.6328633131
8.33	0.6216869531
8.34	0.6101986367
8.35	0.59840826
8.36	0.5863258351
8.37	0.5739614826
8.38	0.5613254244
8.39	0.5484279762
8.4	0.5352795402
8.41	0.5218905973
8.42	0.5082717004
8.43	0.4944334664
8.44	0.4803865691
8.45	0.4661417321
8.46	0.4517097208
8.47	0.4371013359
8.48	0.4223274058
8.49	0.4073987791
8.5	0.3923263181
8.51	0.377120891
8.52	0.3617933655
8.53	0.3463546012
8.54	0.3308154431
8.55	0.3151867144
8.56	0.2994792099
8.57	0.2837036893
8.58	0.2678708701
8.59	0.2519914219
8.6	0.2360759589
8.61	0.2201350341
8.62	0.2041791329
8.63	0.1882186667
8.64	0.1722639671
8.65	0.1563252794
8.66	0.1404127571
8.67	0.1245364557
8.68	0.1087063276
8.69	0.09293221583
8.7	0.07722384885
8.71	0.0615908353
8.72	0.04604265862
8.73	0.03058867196
8.74	0.01523809318
8.75	5.177358053e-16
8.76	-0.01511667476
8.77	-0.03010314776
8.78	-0.04495078965
8.79	-0.05965112939
8.8	-0.07419585843
8.81	-0.08857683482
8.82	-0.1027860871
8.83	-0.1168158181
8.84	-0.1306584086
8.85	-0.1443064208
8.86	-0.1577526015
8.87	-0.1709898859
8.88	-0.1840113998
8.89	-0.1968104631
8.9	-0.2093805925
8.91	-0.2217155041
8.92	-0.2338091155
8.93	-0.2456555486
8.94	-0.2572491317
8.95	-0.2685844011
8.96	-0.2796561034
8.97	-0.2904591972
8.98	-0.3009888544
8.99	-0.3112404616
9	-0.3212096218
9.01	-0.3308921551
9.02	-0.3402840998
9.03	-0.3493817131
9.04	-0.358181472
9.05	-0.3666800736
9.06	-0.3748744358
9.07	-0.3827616971
9.08	-0.3903392168
9.09	-0.3976045754
9.1	-0.4045555736
9.11	-0.4111902327
9.12	-0.4175067937
9.13	-0.4235037168
9.14	-0.4291796808
9.15	-0.4345335818
9.16	-0.4395645325
9.17	-0.4442718612
9.18	-0.4486551102
9.19	-0.4527140342
9.2	-0.4564485995
9.21	-0.4598589816
9.22	-0.4629455638
9.23	-0.4657089353
9.24	-0.4681498889
9.25	-0.4702694191
9.26	-0.47206872
9.27	-0.4735491825
9.28	-0.4747123922
9.29	-0.4755601268
9.3	-0.476094353
9.31	-0.4763172244
9.32	-0.4762310781
9.33	-0.475838432
9.34	-0.4751419815
9.35	-0.4741445967
9.36	-0.4728493187
9.37	-0.4712593567
9.38	-0.4693780843
9.39	-0.4672090363
9.4	-0.4647559046
9.41	-0.4620225354
9.42	-0.4590129247
9.43	-0.4557312149
9.44	-0.4521816909
9.45	-0.4483687763
9.46	-0.4442970292
9.47	-0.4399711386
9.48	-0.4353959197
9.49	-0.4305763104
9.5	-0.425517367
9.51	-0.4202242595
9.52	-0.4147022681
9.53	-0.4089567785
9.54	-0.4029932775
9.55	-0.396817349
9.56	-0.3904346693
9.57	-0.3838510028
9.58	-0.3770721978
9.59	-0.3701041817
9.6	-0.3629529567
9.61	-0.3556245955
9.62	-0.3481252367
9.63	-0.34046108
9.64	-0.3326383822
9.65	-0.3246634526
9.66	-0.3165426483
9.67	-0.3082823697
9.68	-0.2998890565
9.69	-0.2913691827
9.7	-0.2827292523
9.71	-0.273975795
9.72	-0.2651153616
9.73	-0.25615452
9.74	-0.2470998503
9.75	-0.2379579405
9.76	-0.2287353828
9.77	-0.2194387687
9.78	-0.2100746848
9.79	-0.200649709
9.8	-0.1911704058
9.81	-0.1816433228
9.82	-0.1720749858
9.83	-0.1624718956
9.84	-0.1528405234
9.85	-0.1431873071
9.86	-0.1335186474
9.87	-0.1238409042
9.88	-0.1141603921
9.89	-0.1044833776
9.9	-0.09481607484
9.91	-0.08516464217
9.92	-0.07553517866
9.93	-0.06593372062
9.94	-0.05636623818
9.95	-0.04683863199
9.96	-0.03735672997
9.97	-0.02792628411
9.98	-0.01855296738
9.99	-0.00924237071
10	-3.588830166e-16
10.01	0.009168726713
10.02	0.01825848207
10.03	0.0272640321
10.04	0.03618023886
10.05	0.04500206296
10.06	0.05372456606
10.07	0.06234291322
10.08	0.07085237522
10.09	0.07924833077
10.1	0.08752626859
10.11	0.09568178949
10.12	0.1037106083
10.13	0.1116085557
10.14	0.11937158
10.15	0.1269957489
10.16	0.134477251
10.17	0.1418123971
10.18	0.148997622
10.19	0.1560294855
10.2	0.162904674
10.21	0.1696200009
10.22	0.1761724085
10.23	0.1825589684
10.24	0.1887768825
10.25	0.1948234838
10.26	0.2006962372
10.27	0.2063927395
10.28	0.2119107209
10.29	0.2172480445
10.3	0.222402707
10.31	0.2273728389
10.32	0.2321567046
10.33	0.2367527027
10.34	0.2411593654
10.35	0.2453753589
10.36	0.2493994831
10.37	0.253230671
10.38	0.2568679888
10.39	0.2603106349
10.4	0.26355794
10.41	0.2666093659
10.42	0.2694645051
10.43	0.2721230799
10.44	0.2745849418
10.45	0.2768500702
10.46	0.2789185715
10.47	0.2807906782
10.48	0.2824667477
10.49	0.2839472609
10.5	0.285232821
10.51	0.2863241522
10.52	0.2872220981
10.53	0.2879276204
10.54	0.2884417974
10.55	0.288765822
10.56	0.2889010003
10.57	0.28884875
10.58	0.2886105981
10.59	0.2881881795
10.6	0.287583235
10.61	0.2867976092
10.62	0.2858332485
10.63	0.2846921991
10.64	0.283376605
10.65	0.2818887054
10.66	0.2802308332
10.67	0.278405412
10.68	0.2764149544
10.69	0.2742620593
10.7	0.2719494097
10.71	0.2694797703
10.72	0.2668559849
10.73	0.2640809744
10.74	0.2611577336
10.75	0.2580893293
10.76	0.2548788973
10.77	0.2515296403
10.78	0.2480448247
10.79	0.2444277785
10.8	0.2406818885
10.81	0.2368105975
10.82	0.232817402
10.83	0.2287058489
10.84	0.2244795335
10.85	0.2201420963
10.86	0.2156972205
10.87	0.2111486295
10.88	0.2065000834
10.89	0.2017553774
10.9	0.1969183381
10.91	0.1919928213
10.92	0.1869827091
10.93	0.1818919073
10.94	0.1767243426
10.95	0.1714839599
10.96	0.1661747197
10.97	0.1608005952
10.98	0.15536557
10.99	0.1498736352
11	0.1443287866
11.01	0.1387350226
11.02	0.1330963411
11.03	0.1274167372
11.04	0.1217002003
11.05	0.1159507124
11.06	0.1101722444
11.07	0.1043687547
11.08	0.09854418602
11.09	0.09270246347
11.1	0.08684749182
11.11	0.08098315332
11.12	0.0751133053
11.13	0.06924177794
11.14	0.06337237195
11.15	0.05750885643
11.16	0.0516549666
11.17	0.04581440174
11.18	0.03999082306
11.19	0.03418785163
11.2	0.02840906636
11.21	0.02265800207
11.22	0.01693814752
11.23	0.01125294355
11.24	0.005605781204
11.25	2.448827469e-16
11.26	-0.005561113862
11.27	-0.01107432918
11.28	-0.01653647138
11.29	-0.02194442414
11.3	-0.02729513093
11.31	-0.03258559649
11.32	-0.03781288828
11.33	-0.04297413789
11.34	-0.04806654234
11.35	-0.05308736543
11.36	-0.0580339389
11.37	-0.06290366366
11.38	-0.06769401091
11.39	-0.07240252318
11.4	-0.07702681537
11.41	-0.08156457574
11.42	-0.08601356674
11.43	-0.09037162594
11.44	-0.09463666679
11.45	-0.09880667937
11.46	-0.102879731
11.47	-0.1068539672
11.48	-0.1107276115
11.49	-0.1144989671
11.5	-0.1181664162
11.51	-0.1217284211
11.52	-0.1251835245
11.53	-0.1285303494
11.54	-0.1317675997
11.55	-0.1348940606
11.56	-0.137908598
11.57	-0.1408101592
11.58	-0.143597773
11.59	-0.146270549
11.6	-0.1488276783
11.61	-0.151268433
11.62	-0.153592166
11.63	-0.1557983107
11.64	-0.1578863811
11.65	-0.1598559712
11.66	-0.1617067546
11.67	-0.163438484
11.68	-0.1650509912
11.69	-0.1665441859
11.7	-0.1679180557
11.71	-0.1691726652
11.72	-0.1703081553
11.73	-0.1713247429
11.74	-0.1722227195
11.75	-0.1730024511
11.76	-0.1736643769
11.77	-0.1742090086
11.78	-0.1746369296
11.79	-0.1749487937
11.8	-0.1751453245
11.81	-0.1752273143
11.82	-0.1751956229
11.83	-0.1750511765
11.84	-0.1747949666
11.85	-0.1744280493
11.86	-0.1739515431
11.87	-0.1733666288
11.88	-0.1726745474
11.89	-0.1718765992
11.9	-0.1709741425
11.91	-0.1699685921
11.92	-0.1688614182
11.93	-0.1676541447
11.94	-0.1663483478
11.95	-0.1649456549
11.96	-0.1634477428
11.97	-0.1618563366
11.98	-0.1601732076
11.99	-0.1584001725
12	-0.1565390912
12.01	-0.1545918658
12.02	-0.1525604387
12.03	-0.1504467911
12.04	-0.1482529417
12.05	-0.1459809446
12.06	-0.1436328879
12.07	-0.1412108924
12.08	-0.1387171094
12.09	-0.1361537195
12.1	-0.1335229309
12.11	-0.1308269775
12.12	-0.1280681175
12.13	-0.1252486318
12.14	-0.1223708222
12.15	-0.1194370095
12.16	-0.1164495326
12.17	-0.1134107459
12.18	-0.1103230185
12.19	-0.1071887321
12.2	-0.1040102793
12.21	-0.1007900623
12.22	-0.09753049109
12.23	-0.09423398169
12.24	-0.09090295483
12.25	-0.08753983418
12.26	-0.08414704481
12.27	-0.08072701159
12.28	-0.07728215764
12.29	-0.0738149028
12.3	-0.07032766206
12.31	-0.06682284407
12.32	-0.06330284962
12.33	-0.05977007016
12.34	-0.05622688632
12.35	-0.05267566651
12.36	-0.04911876541
12.37	-0.04555852262
12.38	-0.04199726125
12.39	-0.03843728657
12.4	-0.03488088463
12.41	-0.03133032097
12.42	-0.02778783931
12.43	-0.02425566029
12.44	-0.0207359802
12.45	-0.01723096976
12.46	-0.01374277294
12.47	-0.01027350579
12.48	-0.006825255273
12.49	-0.003400078172
12.5	-1.650321045e-16
12.51	0.003372986059
12.52	0.006716920181
12.53	0.01002987689
12.54	0.01330996605
12.55	0.01655533377
12.56	0.01976416334
12.57	0.02293467608
12.58	0.0260651322
12.59	0.02915383164
12.6	0.03219911478
12.61	0.03519936325
12.62	0.03815300062
12.63	0.0410584931
12.64	0.04391435015
12.65	0.04671912514
12.66	0.04947141593
12.67	0.05216986538
12.68	0.0548131619
12.69	0.05740003994
12.7	0.05992928042
12.71	0.06239971114
12.72	0.06481020719
12.73	0.06715969128
12.74	0.06944713405
12.75	0.07167155436
12.76	0.07383201957
12.77	0.07592764568
12.78	0.07795759759
12.79	0.0799210892
12.8	0.08181738355
12.81	0.0836457929
12.82	0.08540567877
12.83	0.08709645197
12.84	0.08871757258
12.85	0.09026854992
12.86	0.09174894247
12.87	0.09315835774
12.88	0.09449645216
12.89	0.09576293091
12.9	0.09695754769
12.91	0.09808010454
12.92	0.09913045155
12.93	0.1001084866
12.94	0.101014155
12.95	0.1018474491
12.96	0.1026084082
12.97	0.1032971178
12.98	0.1039137093
12.99	0.1044583597
13	0.1049312908
13.01	0.1053327691
13.02	0.1056631049
13.03	0.1059226521
13.04	0.1061118072
13.05	0.1062310092
13.06	0.1062807386
13.07	0.1062615167
13.08	0.1061739055
13.09	0.1060185064
13.1	0.1057959598
13.11	0.1055069442
13.12	0.1051521757
13.13	0.1047324071
13.14	0.1042484271
13.15	0.1037010594
13.16	0.1030911623
13.17	0.1024196274
13.18	0.101687379
13.19	0.1008953731
13.2	0.1000445969
13.21	0.09913606729
13.22	0.09817083061
13.23	0.09714996129
13.24	0.09607456111
13.25	0.09494575824
13.26	0.09376470632
13.27	0.0925325835
13.28	0.09125059148
13.29	0.08991995455
13.3	0.08854191863
13.31	0.08711775028
13.32	0.08564873573
13.33	0.08413617988
13.34	0.08258140532
13.35	0.08098575136
13.36	0.07935057296
13.37	0.07767723981
13.38	0.0759671353
13.39	0.0742216555
13.4	0.07244220818
13.41	0.0706302118
13.42	0.06878709453
13.43	0.06691429321
13.44	0.0650132524
13.45	0.06308542334
13.46	0.06113226301
13.47	0.0591552331
13.48	0.05715579908
13.49	0.05513542916
13.5	0.05309559338
13.51	0.0510377626
13.52	0.0489634076
13.53	0.04687399806
13.54	0.04477100169
13.55	0.04265588327
13.56	0.0405301037
13.57	0.03839511914
13.58	0.03625238008
13.59	0.03410333046
13.6	0.03194940676
13.61	0.02979203719
13.62	0.02763264078
13.63	0.02547262657
13.64	0.02331339278
13.65	0.02115632596
13.66	0.01900280025
13.67	0.01685417651
13.68	0.01471180164
13.69	0.01257700775
13.7	0.01045111146
13.71	0.00833541314
13.72	0.006231196246
13.73	0.004139726584
13.74	0.002062251657
13.75	4.004893102e-16
13.76	-0.00204581946
13.77	-0.004074018028
13.78	-0.006083427849
13.79	-0.008072902491
13.8	-0.01004131751
13.81	-0.01198757103
13.82	-0.01391058421
13.83	-0.01580930183
13.84	-0.01768269274
13.85	-0.01952975033
13.86	-0.02134949301
13.87	-0.02314096464
13.88	-0.0249032349
13.89	-0.02663539977
13.9	-0.0283365818
13.91	-0.03000593054
13.92	-0.03164262287
13.93	-0.03324586325
13.94	-0.03481488409
13.95	-0.03634894599
13.96	-0.03784733796
13.97	-0.03930937772
13.98	-0.04073441186
13.99	-0.04212181603
14	-0.04347099515
14.01	-0.04478138354
14.02	-0.04605244503
14.03	-0.0472836731
14.04	-0.04847459096
14.05	-0.04962475162
14.06	-0.05073373795
14.07	-0.05180116269
14.08	-0.05282666847
14.09	-0.05380992782
14.1	-0.05475064314
14.11	-0.05564854661
14.12	-0.05650340018
14.13	-0.05731499547
14.14	-0.05808315366
14.15	-0.05880772536
14.16	-0.05948859051
14.17	-0.06012565818
14.18	-0.06071886641
14.19	-0.06126818204
14.2	-0.0617736005
14.21	-0.06223514552
14.22	-0.062652869
14.23	-0.06302685066
14.24	-0.06335719781
14.25	-0.06364404503
14.26	-0.06388755393
14.27	-0.06408791274
14.28	-0.06424533606
14.29	-0.06436006445
14.3	-0.06443236411
14.31	-0.06446252647
14.32	-0.06445086784
14.33	-0.06439772897
14.34	-0.06430347465
14.35	-0.06416849329
14.36	-0.06399319648
14.37	-0.06377801852
14.38	-0.06352341599
14.39	-0.06322986725
14.4	-0.06289787199
14.41	-0.06252795069
14.42	-0.06212064417
14.43	-0.06167651304
14.44	-0.06119613721
14.45	-0.06068011533
14.46	-0.06012906429
14.47	-0.05954361866
14.48	-0.05892443011
14.49	-0.05827216693
14.5	-0.05758751338
14.51	-0.05687116918
14.52	-0.05612384892
14.53	-0.05534628145
14.54	-0.05453920936
14.55	-0.05370338832
14.56	-0.05283958655
14.57	-0.05194858419
14.58	-0.05103117269
14.59	-0.05008815425
14.6	-0.0491203412
14.61	-0.04812855536
14.62	-0.04711362751
14.63	-0.04607639669
14.64	-0.04501770967
14.65	-0.04393842032
14.66	-0.04283938896
14.67	-0.04172148183
14.68	-0.04058557041
14.69	-0.03943253087
14.7	-0.03826324343
14.71	-0.03707859181
14.72	-0.03587946256
14.73	-0.03466674452
14.74	-0.03344132822
14.75	-0.03220410528
14.76	-0.03095596782
14.77	-0.02969780791
14.78	-0.02843051697
14.79	-0.02715498519
14.8	-0.02587210102
14.81	-0.02458275053
14.82	-0.02328781694
14.83	-0.02198818001
14.84	-0.02068471552
14.85	-0.01937829476
14.86	-0.01806978397
14.87	-0.01676004384
14.88	-0.015449929
14.89	-0.0141402875
14.9	-0.01283196034
14.91	-0.01152578097
14.92	-0.0102225748
14.93	-0.008923158755
14.94	-0.007628340808
14.95	-0.006338919527
14.96	-0.005055683631
14.97	-0.00377941157
14.98	-0.002510871096
14.99	-0.001250818858
15	-7.285430206e-17
15.01	0.001240852227
15.02	0.002471016843
15.03	0.003689785507
15.04	0.004896462874
15.05	0.006090366937
15.06	0.007270829364
15.07	0.008437195818
15.08	0.009588826269
15.09	0.01072509529
15.1	0.01184539235
15.11	0.01294912208
15.12	0.01403570455
15.13	0.0151045755
15.14	0.01615518659
15.15	0.01718700565
15.16	0.01819951685
15.17	0.01919222092
15.18	0.02016463537
15.19	0.02111629462
15.2	0.02204675019
15.21	0.02295557086
15.22	0.0238423428
15.23	0.0247066697
15.24	0.02554817286
15.25	0.02636649137
15.26	0.0271612821
15.27	0.02793221986
15.28	0.02867899744
15.29	0.02940132563
15.3	0.03009893334
15.31	0.03077156755
15.32	0.03141899338
15.33	0.03204099408
15.34	0.03263737102
15.35	0.0332079437
15.36	0.03375254968
15.37	0.03427104459
15.38	0.03476330201
15.39	0.03522921351
15.4	0.03566868846
15.41	0.03608165405
15.42	0.03646805512
15.43	0.0368278541
15.44	0.03716103088
15.45	0.03746758266
15.46	0.03774752387
15.47	0.03800088597
15.48	0.03822771731
15.49	0.03842808298
15.5	0.03860206462
15.51	0.03874976023
15.52	0.03887128399
15.53	0.03896676606
15.54	0.03903635235
15.55	0.03908020431
15.56	0.03909849871
15.57	0.03909142739
15.58	0.03905919704
15.59	0.0390020289
15.6	0.03892015857
15.61	0.03881383568
15.62	0.03868332365
15.63	0.03852889941
15.64	0.0383508531
15.65	0.03814948779
15.66	0.03792511918
15.67	0.03767807529
15.68	0.03740869615
15.69	0.03711733347
15.7	0.03680435038
15.71	0.03647012103
15.72	0.0361150303
15.73	0.03573947347
15.74	0.03534385585
15.75	0.03492859248
15.76	0.03449410776
15.77	0.03404083511
15.78	0.0335692166
15.79	0.03307970263
15.8	0.03257275155
15.81	0.03204882929
15.82	0.03150840904
15.83	0.03095197084
15.84	0.03038000124
15.85	0.02979299295
15.86	0.02919144444
15.87	0.02857585957
15.88	0.02794674728
15.89	0.02730462115
15.9	0.02664999906
15.91	0.02598340285
15.92	0.0253053579
15.93	0.02461639279
15.94	0.02391703896
15.95	0.02320783028
15.96	0.02248930275
15.97	0.0217619941
15.98	0.02102644343
15.99	0.02028319087
16	0.01953277722
16.01	0.01877574358
16.02	0.01801263102
16.03	0.01724398021
16.04	0.01647033108
16.05	0.0156922225
16.06	0.0149101919
16.07	0.01412477497
16.08	0.01333650533
16.09	0.01254591415
16.1	0.0117535299
16.11	0.01095987799
16.12	0.01016548045
16.13	0.009370855629
16.14	0.008576517908
16.15	0.007782977373
16.16	0.006990739535
16.17	0.006200305036
16.18	0.005412169366
16.19	0.004626822583
16.2	0.003844749042
16.21	0.003066427128
16.22	0.002292328993
16.23	0.001522920302
16.24	0.000758659987
16.25	-5.895504784e-17
16.26	-0.0007526149196
16.27	-0.001498747476
16.28	-0.002237968038
16.29	-0.002969854857
16.3	-0.003693994276
16.31	-0.004409980931
16.32	-0.005117417946
16.33	-0.005815917123
16.34	-0.006505099122
16.35	-0.007184593637
16.36	-0.007854039558
16.37	-0.008513085139
16.38	-0.00916138814
16.39	-0.009798615981
16.4	-0.01042444588
16.41	-0.01103856496
16.42	-0.01164067042
16.43	-0.01223046959
16.44	-0.01280768011
16.45	-0.01337202994
16.46	-0.01392325754
16.47	-0.01446111191
16.48	-0.01498535267
16.49	-0.01549575014
16.5	-0.0159920854
16.51	-0.01647415035
16.52	-0.01694174774
16.53	-0.01739469124
16.54	-0.01783280543
16.55	-0.0182559259
16.56	-0.01866389917
16.57	-0.01905658278
16.58	-0.01943384528
16.59	-0.01979556618
16.6	-0.020141636
16.61	-0.02047195623
16.62	-0.02078643928
16.63	-0.0210850085
16.64	-0.02136759811
16.65	-0.02163415314
16.66	-0.02188462943
16.67	-0.02211899353
16.68	-0.02233722264
16.69	-0.02253930457
16.7	-0.02272523763
16.71	-0.02289503056
16.72	-0.02304870244
16.73	-0.0231862826
16.74	-0.02330781052
16.75	-0.02341333572
16.76	-0.02350291764
16.77	-0.02357662553
16.78	-0.02363453833
16.79	-0.02367674454
16.8	-0.0237033421
16.81	-0.02371443822
16.82	-0.02371014925
16.83	-0.02369060055
16.84	-0.02365592632
16.85	-0.02360626945
16.86	-0.02354178136
16.87	-0.02346262181
16.88	-0.02336895877
16.89	-0.02326096823
16.9	-0.023138834
16.91	-0.02300274756
16.92	-0.02285290786
16.93	-0.02268952115
16.94	-0.02251280076
16.95	-0.02232296692
16.96	-0.02212024657
16.97	-0.02190487316
16.98	-0.02167708642
16.99	-0.02143713221
17	-0.02118526224
17.01	-0.02092173394
17.02	-0.02064681018
17.03	-0.02036075909
17.04	-0.02006385386
17.05	-0.01975637248
17.06	-0.01943859757
17.07	-0.01911081612
17.08	-0.01877331929
17.09	-0.0184264022
17.1	-0.01807036367
17.11	-0.01770550605
17.12	-0.01733213496
17.13	-0.01695055907
17.14	-0.01656108988
17.15	-0.01616404151
17.16	-0.01575973047
17.17	-0.01534847542
17.18	-0.01493059696
17.19	-0.01450641742
17.2	-0.01407626061
17.21	-0.01364045163
17.22	-0.01319931664
17.23	-0.0127531826
17.24	-0.01230237714
17.25	-0.01184722825
17.26	-0.01138806414
17.27	-0.01092521298
17.28	-0.01045900269
17.29	-0.009989760778
17.3	-0.009517814065
17.31	-0.009043488529
17.32	-0.008567109083
17.33	-0.008088999374
17.34	-0.007609481586
17.35	-0.007128876247
17.36	-0.006647502029
17.37	-0.006165675562
17.38	-0.005683711247
17.39	-0.005201921065
17.4	-0.004720614401
17.41	-0.004240097862
17.42	-0.003760675104
17.43	-0.003282646656
17.44	-0.002806309754
17.45	-0.002331958173
17.46	-0.001859882069
17.47	-0.001390367816
17.48	-0.0009236978556
17.49	-0.0004601505424
17.5	-3.126853325e-17
17.51	0.0004564840237
17.52	0.0009090362951
17.53	0.00135739623
17.54	0.001801308026
17.55	0.002240520785
17.56	0.002674788643
17.57	0.003103870883
17.58	0.003527532049
17.59	0.003945542062
17.6	0.004357676318
17.61	0.004763715795
17.62	0.005163447145
17.63	0.005556662792
17.64	0.005943161015
17.65	0.006322746034
17.66	0.006695228087
17.67	0.007060423507
17.68	0.007418154791
17.69	0.007768250664
17.7	0.00811054614
17.71	0.008444882581
17.72	0.008771107747
17.73	0.009089075841
17.74	0.009398647556
17.75	0.00969969011
17.76	0.00999207728
17.77	0.01027568943
17.78	0.01055041355
17.79	0.01081614324
17.8	0.01107277878
17.81	0.01132022707
17.82	0.01155840173
17.83	0.011787223
17.84	0.01200661781
17.85	0.01221651977
17.86	0.01241686912
17.87	0.01260761273
17.88	0.01278870412
17.89	0.01296010338
17.9	0.01312177718
17.91	0.01327369873
17.92	0.01341584774
17.93	0.01354821039
17.94	0.01367077927
17.95	0.01378355337
17.96	0.01388653799
17.97	0.01397974469
17.98	0.01406319128
17.99	0.01413690169
18	0.01420090596
18.01	0.01425524014
18.02	0.01429994623
18.03	0.01433507212
18.04	0.01436067149
18.05	0.01437680372
18.06	0.01438353386
18.07	0.01438093246
18.08	0.01436907558
18.09	0.0143480446
18.1	0.01431792618
18.11	0.01427881218
18.12	0.01423079949
18.13	0.01417398998
18.14	0.01410849041
18.15	0.01403441225
18.16	0.01395187165
18.17	0.01386098928
18.18	0.01376189023
18.19	0.0136547039
18.2	0.01353956385
18.21	0.01341660775
18.22	0.01328597717
18.23	0.01314781753
18.24	0.01300227794
18.25	0.01284951108
18.26	0.01268967309
18.27	0.0125229234
18.28	0.01234942464
18.29	0.01216934252
18.3	0.01198284564
18.31	0.01179010541
18.32	0.01159129591
18.33	0.01138659373
18.34	0.01117617788
18.35	0.0109602296
18.36	0.01073893227
18.37	0.01051247125
18.38	0.01028103377
18.39	0.01004480877
18.4	0.009803986762
18.41	0.00955875972
18.42	0.009309320921
18.43	0.009055864824
18.44	0.008798586927
18.45	0.008537683635
18.46	0.008273352129
18.47	0.008005790227
18.48	0.007735196257
18.49	0.007461768922
18.5	0.007185707168
18.51	0.006907210057
18.52	0.006626476635
18.53	0.006343705804
18.54	0.006059096195
18.55	0.005772846044
18.56	0.005485153064
18.57	0.005196214324
18.58	0.004906226126
18.59	0.004615383887
18.6	0.004323882013
18.61	0.004031913791
18.62	0.003739671266
18.63	0.003447345132
18.64	0.003155124615
18.65	0.002863197367
18.66	0.002571749354
18.67	0.002280964752
18.68	0.001991025842
18.69	0.001702112906
18.7	0.001414404129
18.71	0.001128075498
18.72	0.0008433007088
18.73	0.0005602510697
18.74	0.0002790954121
18.75	5.961899825e-17
18.76	-0.000276871556
18.77	-0.0005513583838
18.78	-0.000823302431
18.79	-0.001092548545
18.8	-0.00135894455
18.81	-0.00162234132
18.82	-0.001882592854
18.83	-0.002139556341
18.84	-0.00239309223
18.85	-0.002643064292
18.86	-0.002889339684
18.87	-0.003131789003
18.88	-0.003370286349
18.89	-0.003604709371
18.9	-0.003834939323
18.91	-0.004060861109
18.92	-0.004282363328
18.93	-0.004499338319
18.94	-0.0047116822
18.95	-0.004919294901
18.96	-0.005122080203
18.97	-0.005319945768
18.98	-0.005512803166
18.99	-0.005700567903
19	-0.005883159441
19.01	-0.006060501225
19.02	-0.006232520691
19.03	-0.006399149291
19.04	-0.006560322497
19.05	-0.006715979817
19.06	-0.006866064795
19.07	-0.007010525024
19.08	-0.00714931214
19.09	-0.007282381823
19.1	-0.007409693796
19.11	-0.007531211817
19.12	-0.007646903667
19.13	-0.007756741146
19.14	-0.007860700052
19.15	-0.007958760169
19.16	-0.008050905246
19.17	-0.008137122979
19.18	-0.008217404983
19.19	-0.00829174677
19.2	-0.00836014772
19.21	-0.008422611047
19.22	-0.008479143772
19.23	-0.008529756686
19.24	-0.00857446431
19.25	-0.008613284861
19.26	-0.008646240206
19.27	-0.008673355823
19.28	-0.008694660752
19.29	-0.008710187552
19.3	-0.008719972246
19.31	-0.008724054278
19.32	-0.008722476454
19.33	-0.00871528489
19.34	-0.008702528955
19.35	-0.008684261214
19.36	-0.00866053737
19.37	-0.0086314162
19.38	-0.008596959495
19.39	-0.008557231994
19.4	-0.008512301321
19.41	-0.008462237917
19.42	-0.008407114974
19.43	-0.008347008362
19.44	-0.008281996562
19.45	-0.008212160595
19.46	-0.008137583947
19.47	-0.008058352496
19.48	-0.007974554439
19.49	-0.007886280216
19.5	-0.007793622434
19.51	-0.007696675789
19.52	-0.007595536989
19.53	-0.007490304676
19.54	-0.007381079346
19.55	-0.007267963269
19.56	-0.007151060412
19.57	-0.007030476354
19.58	-0.00690631821
19.59	-0.006778694542
19.6	-0.006647715289
19.61	-0.006513491672
19.62	-0.006376136123
19.63	-0.006235762197
19.64	-0.006092484489
19.65	-0.005946418559
19.66	-0.005797680839
19.67	-0.00564638856
19.68	-0.005492659666
19.69	-0.005336612733
19.7	-0.005178366888
19.71	-0.005018041725
19.72	-0.004855757228
19.73	-0.004691633689
19.74	-0.004525791627
19.75	-0.004358351709
19.76	-0.004189434673
19.77	-0.004019161245
19.78	-0.003847652066
19.79	-0.003675027612
19.8	-0.003501408119
19.81	-0.003326913506
19.82	-0.003151663302
19.83	-0.002975776569
19.84	-0.002799371834
19.85	-0.00262256701
19.86	-0.002445479331
19.87	-0.00226822528
19.88	-0.002090920517
19.89	-0.001913679814
19.9	-0.001736616988
19.91	-0.001559844832
19.92	-0.001383475056
19.93	-0.001207618217
19.94	-0.001032383664
19.95	-0.0008578794695
19.96	-0.0006842123762
19.97	-0.0005114877353
19.98	-0.0003398094509
19.99	-0.0001692799244
20	-1.314634347e-17
20.01	0.0001679310875
20.02	0.0003344157643
20.03	0.0004993581666
20.04	0.0006626641898
20.05	0.0008242415344
20.06	0.0009839997513
20.07	0.001141850286
20.08	0.001297706519
20.09	0.001451483809
20.1	0.001603099529
20.11	0.001752473104
20.12	0.00189952605
20.13	0.002044182003
20.14	0.002186366753
20.15	0.002326008278
20.16	0.002463036767
20.17	0.002597384654
20.18	0.002728986639
20.19	0.002857779713
20.2	0.002983703182
20.21	0.003106698685
20.22	0.003226710216
20.23	0.003343684141
20.24	0.003457569211
20.25	0.003568316577
20.26	0.003675879806
20.27	0.003780214887
20.28	0.003881280241
20.29	0.003979036732
20.3	0.004073447669
20.31	0.00416447881
20.32	0.004252098368
20.33	0.004336277009
20.34	0.004416987851
20.35	0.004494206467
20.36	0.004567910872
20.37	0.004638081526
20.38	0.004704701324
20.39	0.004767755588
20.4	0.004827232056
20.41	0.00488312087
20.42	0.004935414569
20.43	0.004984108066
20.44	0.005029198639
20.45	0.005070685912
20.46	0.005108571835
20.47	0.005142860666
20.48	0.00517355895
20.49	0.005200675495
20.5	0.005224221349
20.51	0.005244209776
20.52	0.005260656229
20.53	0.005273578322
20.54	0.005282995802
20.55	0.005288930519
20.56	0.005291406397
20.57	0.005290449398
20.58	0.005286087494
20.59	0.005278350628
20.6	0.005267270683
20.61	0.005252881445
20.62	0.005235218562
20.63	0.005214319514
20.64	0.005190223566
20.65	0.005162971736
20.66	0.005132606747
20.67	0.005099172991
20.68	0.005062716488
20.69	0.005023284839
20.7	0.004980927184
20.71	0.00493569416
20.72	0.004887637855
20.73	0.004836811765
20.74	0.004783270742
20.75	0.004727070957
20.76	0.004668269844
20.77	0.004606926061
20.78	0.004543099437
20.79	0.004476850925
20.8	0.004408242556
20.81	0.004337337389
20.82	0.004264199461
20.83	0.00418889374
20.84	0.004111486073
20.85	0.00403204314
20.86	0.003950632401
20.87	0.003867322049
20.88	0.003782180959
20.89	0.003695278637
20.9	0.003606685171
20.91	0.003516471184
20.92	0.003424707778
20.93	0.003331466491
20.94	0.003236819242
20.95	0.003140838285
20.96	0.003043596158
20.97	0.002945165635
20.98	0.002845619676
20.99	0.002745031381
21	0.002643473937
21.01	0.002541020576
21.02	0.002437744521
21.03	0.002333718946
21.04	0.002229016922
21.05	0.002123711377
21.06	0.002017875044
21.07	0.001911580422
21.08	0.001804899726
21.09	0.001697904845
21.1	0.001590667299
21.11	0.001483258192
21.12	0.001375748176
21.13	0.001268207401
21.14	0.00116070548
21.15	0.001053311447
21.16	0.000946093715
21.17	0.0008391200383
21.18	0.0007324574741
21.19	0.0006261723448
21.2	0.0005203302006
21.21	0.0004149957839
21.22	0.0003102329935
21.23	0.0002061048504
21.24	0.0001026734642
21.25	-5.985283003e-18
21.26	-0.0001018553533
21.27	-0.0002028334141
21.28	-0.0003028760382
21.29	-0.0004019261482
21.3	-0.0004999277616
21.31	-0.0005968260183
21.32	-0.0006925672071
21.33	-0.0007870987911
21.34	-0.0008803694322
21.35	-0.0009723290148
21.36	-0.001062928668
21.37	-0.001152120788
21.38	-0.001239859059
21.39	-0.001326098469
21.4	-0.001410795335
21.41	-0.001493907315
21.42	-0.001575393428
21.43	-0.001655214067
21.44	-0.001733331015
21.45	-0.001809707459
21.46	-0.001884308003
21.47	-0.001957098676
21.48	-0.002028046948
21.49	-0.002097121734
21.5	-0.002164293408
21.51	-0.002229533804
21.52	-0.002292816229
21.53	-0.002354115465
21.54	-0.002413407774
21.55	-0.002470670902
21.56	-0.00252588408
21.57	-0.002579028028
21.58	-0.002630084955
21.59	-0.002679038555
21.6	-0.002725874013
21.61	-0.002770577994
21.62	-0.002813138648
21.63	-0.002853545598
21.64	-0.002891789942
21.65	-0.002927864243
21.66	-0.002961762523
21.67	-0.002993480254
21.68	-0.003023014353
21.69	-0.003050363168
21.7	-0.003075526471
21.71	-0.003098505445
21.72	-0.003119302672
21.73	-0.003137922123
21.74	-0.003154369139
21.75	-0.003168650421
21.76	-0.003180774015
21.77	-0.003190749293
21.78	-0.003198586939
21.79	-0.003204298929
21.8	-0.003207898517
21.81	-0.003209400213
21.82	-0.003208819764
21.83	-0.003206174135
21.84	-0.003201481489
21.85	-0.003194761162
21.86	-0.003186033648
21.87	-0.003175320568
21.88	-0.003162644655
21.89	-0.003148029724
21.9	-0.003131500653
21.91	-0.003113083356
21.92	-0.003092804758
21.93	-0.003070692772
21.94	-0.003046776267
21.95	-0.003021085051
21.96	-0.002993649835
21.97	-0.002964502213
21.98	-0.002933674631
21.99	-0.002901200359
22	-0.002867113466
22.01	-0.002831448788
22.02	-0.002794241903
22.03	-0.002755529098
22.04	-0.002715347345
22.05	-0.002673734266
22.06	-0.002630728108
22.07	-0.002586367712
22.08	-0.002540692483
22.09	-0.00249374236
22.1	-0.002445557785
22.11	-0.002396179676
22.12	-0.002345649394
22.13	-0.002294008712
22.14	-0.002241299789
22.15	-0.002187565136
22.16	-0.002132847587
22.17	-0.002077190268
22.18	-0.002020636569
22.19	-0.00196323011
22.2	-0.001905014717
22.21	-0.001846034385
22.22	-0.001786333255
22.23	-0.00172595558
22.24	-0.001664945695
22.25	-0.001603347991
22.26	-0.001541206886
22.27	-0.001478566793
22.28	-0.001415472092
22.29	-0.001351967104
22.3	-0.001288096062
22.31	-0.001223903082
22.32	-0.001159432134
22.33	-0.001094727021
22.34	-0.001029831346
22.35	-0.000964788486
22.36	-0.0008996415699
22.37	-0.0008344334486
22.38	-0.0007692066714
22.39	-0.0007040034607
22.4	-0.000638865687
22.41	-0.0005738348451
22.42	-0.0005089520304
22.43	-0.000444257915
22.44	-0.0003797927254
22.45	-0.0003155962198
22.46	-0.0002517076666
22.47	-0.0001881658222
22.48	-0.0001250089109
22.49	-6.227460399e-05
22.5	-5.440803176e-18
22.51	6.177839464e-05
22.52	0.0001230246845
22.53	0.0001837036033
22.54	0.0002437805318
22.55	0.0003032215151
22.56	0.0003619932786
22.57	0.000420063245
22.58	0.000477399549
22.59	0.0005339710525
22.6	0.0005897473588
22.61	0.0006446988263
22.62	0.0006987965819
22.63	0.0007520125329
22.64	0.0008043193793
22.65	0.0008556906253
22.66	0.0009061005895
22.67	0.0009555244151
22.68	0.00100393808
22.69	0.001051318404
22.7	0.001097643059
22.71	0.001142890576
22.72	0.001187040351
22.73	0.001230072653
22.74	0.001271968629
22.75	0.001312710308
22.76	0.001352280609
22.77	0.00139066334
22.78	0.001427843206
22.79	0.001463805809
22.8	0.001498537652
22.81	0.001532026137
22.82	0.001564259571
22.83	0.001595227163
22.84	0.001624919022
22.85	0.001653326163
22.86	0.001680440499
22.87	0.00170625484
22.88	0.001730762894
22.89	0.001753959261
22.9	0.001775839431
22.91	0.001796399777
22.92	0.001815637553
22.93	0.00183355089
22.94	0.001850138785
22.95	0.0018654011
22.96	0.001879338552
22.97	0.001891952708
22.98	0.001903245975
22.99	0.001913221595
23	0.00192188363
23.01	0.001929236962
23.02	0.001935287274
23.03	0.001940041046
23.04	0.001943505543
23.05	0.001945688804
23.06	0.001946599628
23.07	0.001946247568
23.08	0.001944642913
23.09	0.001941796679
23.1	0.001937720595
23.11	0.00193242709
23.12	0.001925929279
23.13	0.001918240949
23.14	0.001909376545
23.15	0.001899351157
23.16	0.001888180502
23.17	0.001875880911
23.18	0.001862469313
23.19	0.001847963219
23.2	0.001832380709
23.21	0.001815740409
23.22	0.001798061483
23.23	0.001779363609
23.24	0.001759666968
23.25	0.001738992222
23.26	0.001717360501
23.27	0.001694793385
23.28	0.001671312882
23.29	0.001646941416
23.3	0.001621701808
23.31	0.001595617255
23.32	0.001568711315
23.33	0.001541007888
23.34	0.001512531199
23.35	0.001483305777
23.36	0.00145335644
23.37	0.001422708274
23.38	0.001391386618
23.39	0.00135941704
23.4	0.001326825325
23.41	0.001293637454
23.42	0.001259879584
23.43	0.001225578031
23.44	0.001190759254
23.45	0.001155449833
23.46	0.001119676454
23.47	0.001083465888
23.48	0.001046844976
23.49	0.00100984061
23.5	0.0009724797149
23.51	0.0009347892295
23.52	0.0008967960923
23.53	0.0008585272217
23.54	0.0008200094997
23.55	0.0007812697544
23.56	0.0007423347435
23.57	0.0007032311373
23.58	0.0006639855024
23.59	0.0006246242855
23.6	0.0005851737969
23.61	0.0005456601949
23.62	0.00050610947
23.63	0.0004665474299
23.64	0.0004269996834
23.65	0.0003874916266
23.66	0.0003480484272
23.67	0.0003086950108
23.68	0.0002694560462
23.69	0.0002303559323
23.7	0.0001914187834
23.71	0.0001526684171
23.72	0.0001141283403
23.73	7.58217372e-05
23.74	3.777145664e-05
23.75	8.801890446e-18
23.76	-3.747049046e-05
23.77	-7.461824304e-05
23.78	-0.0001114218677
23.79	-0.0001478603668
23.8	-0.0001839131456
23.81	-0.0002195600221
23.82	-0.0002547812371
23.83	-0.0002895574634
23.84	-0.0003238698147
23.85	-0.0003576998546
23.86	-0.0003910296045
23.87	-0.0004238415518
23.88	-0.0004561186577
23.89	-0.0004878443638
23.9	-0.0005190025995
23.91	-0.0005495777883
23.92	-0.0005795548539
23.93	-0.0006089192258
23.94	-0.000637656845
23.95	-0.0006657541687
23.96	-0.0006931981751
23.97	-0.0007199763673
23.98	-0.0007460767779
23.99	-0.0007714879717
24	-0.0007961990493
24.01	-0.0008201996498
24.02	-0.000843479953
24.03	-0.0008660306818
24.04	-0.0008878431033
24.05	-0.0009089090307
24.06	-0.0009292208238
24.07	-0.0009487713898
24.08	-0.0009675541834
24.09	-0.0009855632067
24.1	-0.001002793009
24.11	-0.001019238684
24.12	-0.001034895874
24.13	-0.00104976076
24.14	-0.001063830068
24.15	-0.001077101062
24.16	-0.001089571542
24.17	-0.001101239843
24.18	-0.001112104831
24.19	-0.001122165898
24.2	-0.00113142296
24.21	-0.001139876452
24.22	-0.001147527324
24.23	-0.001154377037
24.24	-0.001160427556
24.25	-0.001165681346
24.26	-0.001170141367
24.27	-0.001173811067
24.28	-0.001176694376
24.29	-0.001178795699
24.3	-0.001180119914
24.31	-0.001180672357
24.32	-0.001180458821
24.33	-0.001179485549
24.34	-0.001177759221
24.35	-0.001175286951
24.36	-0.001172076278
24.37	-0.001168135156
24.38	-0.001163471948
24.39	-0.001158095416
24.4	-0.00115201471
24.41	-0.001145239365
24.42	-0.001137779286
24.43	-0.001129644741
24.44	-0.001120846351
24.45	-0.00111139508
24.46	-0.001101302228
24.47	-0.001090579417
24.48	-0.001079238584
24.49	-0.001067291967
24.5	-0.0010547521
24.51	-0.001041631798
24.52	-0.00102794415
24.53	-0.001013702505
24.54	-0.0009989204639
24.55	-0.0009836118676
24.56	-0.0009677907863
24.57	-0.0009514715087
24.58	-0.000934668531
24.59	-0.0009173965459
24.6	-0.0008996704315
24.61	-0.0008815052403
24.62	-0.0008629161882
24.63	-0.0008439186431
24.64	-0.000824528114
24.65	-0.0008047602399
24.66	-0.0007846307784
24.67	-0.000764155595
24.68	-0.0007433506517
24.69	-0.0007222319958
24.7	-0.0007008157495
24.71	-0.0006791180981
24.72	-0.0006571552798
24.73	-0.0006349435741
24.74	-0.0006124992917
24.75	-0.000589838763
24.76	-0.0005669783281
24.77	-0.0005439343255
24.78	-0.0005207230822
24.79	-0.0004973609028
24.8	-0.0004738640596
24.81	-0.0004502487817
24.82	-0.0004265312456
24.83	-0.0004027275648
24.84	-0.00037885378
24.85	-0.0003549258491
24.86	-0.000330959638
24.87	-0.0003069709108
24.88	-0.0002829753204
24.89	-0.0002589883997
24.9	-0.0002350255519
24.91	-0.0002111020422
24.92	-0.0001872329885
24.93	-0.0001634333535
24.94	-0.0001397179356
24.95	-0.000116101361
24.96	-9.259807572e-05
24.97	-6.922233752e-05
24.98	-4.598820829e-05
24.99	-2.290954651e-05
25	-2.223955147e-18
25.01	2.27270013e-05
25.02	4.525825218e-05
25.03	6.758077892e-05
25.04	8.968184582e-05
25.05	0.0001115489615
25.06	0.0001331698851
25.07	0.0001545326318
25.08	0.0001756254793
25.09	0.0001964369724
25.1	0.0002169559288
25.11	0.000237171444
25.12	0.000257072896
25.13	0.0002766499503
25.14	0.0002958925638
25.15	0.0003147909891
25.16	0.0003333357785
25.17	0.0003515177879
25.18	0.0003693281797
25.19	0.0003867584269
25.2	0.0004038003152
25.21	0.0004204459464
25.22	0.0004366877411
25.23	0.0004525184403
25.24	0.0004679311084
25.25	0.0004829191346
25.26	0.0004974762347
25.27	0.0005115964524
25.28	0.0005252741607
25.29	0.0005385040632
25.3	0.000551281194
25.31	0.0005636009193
25.32	0.000575458937
25.33	0.0005868512772
25.34	0.0005977743019
25.35	0.0006082247051
25.36	0.0006181995116
25.37	0.000627696077
25.38	0.0006367120863
25.39	0.0006452455529
25.4	0.0006532948175
25.41	0.0006608585461
25.42	0.0006679357285
25.43	0.0006745256767
25.44	0.0006806280222
25.45	0.0006862427141
25.46	0.0006913700162
25.47	0.0006960105049
25.48	0.0007001650658
25.49	0.0007038348911
25.5	0.0007070214759
25.51	0.0007097266154
25.52	0.0007119524008
25.53	0.0007137012159
25.54	0.0007149757332
25.55	0.0007157789098
25.56	0.0007161139834
25.57	0.0007159844678
25.58	0.0007153941482
25.59	0.0007143470773
25.6	0.0007128475698
25.61	0.0007109001981
25.62	0.0007085097869
25.63	0.0007056814083
25.64	0.0007024203764
25.65	0.0006987322422
25.66	0.0006946227878
25.67	0.0006900980211
25.68	0.0006851641699
25.69	0.0006798276764
25.7	0.0006740951912
25.71	0.0006679735671
25.72	0.0006614698535
25.73	0.0006545912901
25.74	0.0006473453007
25.75	0.0006397394868
25.76	0.0006317816216
25.77	0.0006234796433
25.78	0.000614841649
25.79	0.0006058758879
25.8	0.0005965907549
25.81	0.0005869947841
25.82	0.0005770966419
25.83	0.0005669051207
25.84	0.0005564291322
25.85	0.0005456777003
25.86	0.0005346599549
25.87	0.0005233851249
25.88	0.0005118625313
25.89	0.0005001015809
25.9	0.0004881117592
25.91	0.0004759026237
25.92	0.0004634837972
25.93	0.0004508649611
25.94	0.0004380558489
25.95	0.0004250662389
25.96	0.0004119059481
25.97	0.0003985848254
25.98	0.0003851127449
25.99	0.0003714995995
26	0.0003577552941
26.01	0.0003438897394
26.02	0.0003299128453
26.03	0.0003158345146
26.04	0.0003016646365
26.05	0.0002874130807
26.06	0.0002730896906
26.07	0.0002587042778
26.08	0.0002442666156
26.09	0.0002297864331
26.1	0.0002152734094
26.11	0.0002007371676
26.12	0.000186187269
26.13	0.0001716332078
26.14	0.0001570844049
26.15	0.000142550203
26.16	0.0001280398609
26.17	0.000113562548
26.18	9.912733971e-05
26.19	8.474321163e-05
26.2	7.041903508e-05
26.21	5.616357196e-05
26.22	4.198547004e-05
26.23	2.789325831e-05
26.24	1.389534236e-05
26.25	-5.402405741e-19
26.26	-1.378462309e-05
26.27	-2.745051755e-05
26.28	-4.098981442e-05
26.29	-5.439478911e-05
26.3	-6.765786522e-05
26.31	-8.077161823e-05
26.32	-9.372877914e-05
26.33	-0.0001065222378
26.34	-0.0001191450465
26.35	-0.0001315904226
26.36	-0.0001438517524
26.37	-0.0001559225932
26.38	-0.0001677966769
26.39	-0.0001794679119
26.4	-0.0001909303863
26.41	-0.0002021783696
26.42	-0.0002132063158
26.43	-0.0002240088645
26.44	-0.0002345808438
26.45	-0.0002449172715
26.46	-0.0002550133573
26.47	-0.0002648645037
26.48	-0.0002744663081
26.49	-0.0002838145639
26.5	-0.0002929052613
26.51	-0.0003017345888
26.52	-0.0003102989338
26.53	-0.0003185948832
26.54	-0.0003266192247
26.55	-0.0003343689463
26.56	-0.0003418412374
26.57	-0.0003490334887
26.58	-0.0003559432923
26.59	-0.0003625684417
26.6	-0.0003689069316
26.61	-0.0003749569576
26.62	-0.0003807169157
26.63	-0.0003861854017
26.64	-0.0003913612109
26.65	-0.0003962433366
26.66	-0.0004008309699
26.67	-0.0004051234981
26.68	-0.0004091205037
26.69	-0.0004128217633
26.7	-0.0004162272461
26.71	-0.000419337112
26.72	-0.0004221517107
26.73	-0.0004246715793
26.74	-0.0004268974408
26.75	-0.0004288302022
26.76	-0.0004304709523
26.77	-0.0004318209593
26.78	-0.0004328816693
26.79	-0.0004336547031
26.8	-0.0004341418544
26.81	-0.0004343450868
26.82	-0.0004342665316
26.83	-0.0004339084847
26.84	-0.000433273404
26.85	-0.0004323639068
26.86	-0.0004311827662
26.87	-0.0004297329085
26.88	-0.0004280174101
26.89	-0.0004260394943
26.9	-0.0004238025278
26.91	-0.0004213100177
26.92	-0.000418565608
26.93	-0.000415573076
26.94	-0.0004123363291
26.95	-0.000408859401
26.96	-0.0004051464483
26.97	-0.0004012017466
26.98	-0.000397029687
26.99	-0.0003926347723
27	-0.000388021613
27.01	-0.0003831949237
27.02	-0.0003781595194
27.03	-0.000372920311
27.04	-0.000367482302
27.05	-0.0003618505842
27.06	-0.0003560303336
27.07	-0.0003500268069
27.08	-0.0003438453369
27.09	-0.0003374913286
27.1	-0.0003309702556
27.11	-0.0003242876552
27.12	-0.0003174491251
27.13	-0.0003104603188
27.14	-0.0003033269418
27.15	-0.0002960547473
27.16	-0.0002886495323
27.17	-0.0002811171333
27.18	-0.0002734634223
27.19	-0.000265694303
27.2	-0.0002578157063
27.21	-0.0002498335864
27.22	-0.0002417539171
27.23	-0.0002335826872
27.24	-0.0002253258971
27.25	-0.0002169895545
27.26	-0.0002085796705
27.27	-0.0002001022557
27.28	-0.0001915633165
27.29	-0.000182968851
27.3	-0.0001743248454
27.31	-0.0001656372702
27.32	-0.0001569120763
27.33	-0.0001481551915
27.34	-0.0001393725169
27.35	-0.000130569923
27.36	-0.0001217532467
27.37	-0.0001129282871
27.38	-0.0001041008027
27.39	-9.527650775e-05
27.4	-8.646106869e-05
27.41	-7.76601013e-05
27.42	-6.887916719e-05
27.43	-6.012377075e-05
27.44	-5.139935606e-05
27.45	-4.27113038e-05
27.46	-3.406492835e-05
27.47	-2.546547484e-05
27.48	-1.691811636e-05
27.49	-8.427951169e-06
27.5	-3.273416548e-18
27.51	8.360796537e-06
27.52	1.664958052e-05
27.53	2.486157918e-05
27.54	3.299210732e-05
27.55	4.103656962e-05
27.56	4.899046289e-05
27.57	5.684937824e-05
27.58	6.460900318e-05
27.59	7.226512363e-05
27.6	7.981362584e-05
27.61	8.725049827e-05
27.62	9.457183333e-05
27.63	0.0001017738291
27.64	0.000108852791
27.65	0.0001158051331
27.66	0.0001226273799
27.67	0.0001293161674
27.68	0.0001358682444
27.69	0.000142280474
27.7	0.0001485498343
27.71	0.0001546734198
27.72	0.0001606484421
27.73	0.0001664722309
27.74	0.0001721422347
27.75	0.0001776560214
27.76	0.0001830112792
27.77	0.000188205817
27.78	0.0001932375647
27.79	0.0001981045738
27.8	0.0002028050176
27.81	0.0002073371912
27.82	0.0002116995122
27.83	0.0002158905199
27.84	0.0002199088761
27.85	0.0002237533646
27.86	0.0002274228909
27.87	0.000230916482
27.88	0.0002342332865
27.89	0.0002373725734
27.9	0.0002403337324
27.91	0.0002431162726
27.92	0.0002457198226
27.93	0.000248144129
27.94	0.0002503890565
27.95	0.0002524545862
27.96	0.0002543408152
27.97	0.0002560479556
27.98	0.0002575763331
27.99	0.0002589263864
28	0.0002600986655
28.01	0.0002610938307
28.02	0.0002619126513
28.03	0.0002625560045
28.04	0.0002630248732
28.05	0.0002633203454
28.06	0.000263443612
28.07	0.0002633959659
28.08	0.0002631787995
28.09	0.0002627936036
28.1	0.0002622419656
28.11	0.0002615255676
28.12	0.0002606461845
28.13	0.0002596056821
28.14	0.0002584060155
28.15	0.0002570492268
28.16	0.000255537443
28.17	0.0002538728743
28.18	0.0002520578119
28.19	0.0002500946257
28.2	0.0002479857622
28.21	0.0002457337426
28.22	0.0002433411601
28.23	0.000240810678
28.24	0.0002381450275
28.25	0.0002353470049
28.26	0.0002324194699
28.27	0.0002293653428
28.28	0.0002261876023
28.29	0.0002228892831
28.3	0.0002194734735
28.31	0.0002159433131
28.32	0.0002123019901
28.33	0.000208552739
28.34	0.0002046988382
28.35	0.0002007436075
28.36	0.0001966904054
28.37	0.0001925426273
28.38	0.000188303702
28.39	0.0001839770901
28.4	0.0001795662812
28.41	0.0001750747912
28.42	0.0001705061603
28.43	0.0001658639499
28.44	0.0001611517409
28.45	0.0001563731304
28.46	0.00015153173
28.47	0.0001466311628
28.48	0.0001416750614
28.49	0.000136667065
28.5	0.0001316108177
28.51	0.0001265099651
28.52	0.0001213681532
28.53	0.0001161890247
28.54	0.0001109762179
28.55	0.0001057333635
28.56	0.0001004640828
28.57	9.517198514e-05
28.58	8.986066604e-05
28.59	8.45337046e-05
28.6	7.919466155e-05
28.61	7.384707702e-05
28.62	6.849446848e-05
28.63	6.314032856e-05
28.64	5.77881231e-05
28.65	5.244128903e-05
28.66	4.710323247e-05
28.67	4.177732671e-05
28.68	3.646691034e-05
28.69	3.117528534e-05
28.7	2.590571527e-05
28.71	2.066142347e-05
28.72	1.544559126e-05
28.73	1.026135628e-05
28.74	5.111810783e-06
28.75	1.29045263e-18
28.76	-5.071079439e-06
28.77	-1.009848106e-05
28.78	-1.507931002e-05
28.79	-2.001072462e-05
28.8	-2.488993765e-05
28.81	-2.971421778e-05
28.82	-3.448089089e-05
28.83	-3.918734132e-05
28.84	-4.383101311e-05
28.85	-4.840941113e-05
28.86	-5.292010227e-05
28.87	-5.736071646e-05
28.88	-6.172894773e-05
28.89	-6.602255515e-05
28.9	-7.02393638e-05
28.91	-7.437726564e-05
28.92	-7.84342203e-05
28.93	-8.240825589e-05
28.94	-8.629746973e-05
28.95	-9.010002899e-05
28.96	-9.381417136e-05
28.97	-9.74382056e-05
28.98	-0.0001009705121
28.99	-0.0001044095432
29	-0.0001077538239
29.01	-0.0001110019519
29.02	-0.0001141525983
29.03	-0.0001172045076
29.04	-0.0001201564979
29.05	-0.0001230074611
29.06	-0.0001257563634
29.07	-0.0001284022448
29.08	-0.0001309442195
29.09	-0.0001333814757
29.1	-0.0001357132758
29.11	-0.000137938956
29.12	-0.0001400579262
29.13	-0.0001420696698
29.14	-0.0001439737436
29.15	-0.0001457697773
29.16	-0.0001474574732
29.17	-0.0001490366061
29.18	-0.0001505070223
29.19	-0.0001518686396
29.2	-0.0001531214467
29.21	-0.0001542655024
29.22	-0.0001553009354
29.23	-0.0001562279433
29.24	-0.000157046792
29.25	-0.0001577578152
29.26	-0.0001583614134
29.27	-0.0001588580532
29.28	-0.0001592482666
29.29	-0.0001595326498
29.3	-0.0001597118628
29.31	-0.0001597866278
29.32	-0.000159757729
29.33	-0.0001596260109
29.34	-0.0001593923778
29.35	-0.0001590577924
29.36	-0.0001586232751
29.37	-0.0001580899022
29.38	-0.0001574588056
29.39	-0.0001567311711
29.4	-0.0001559082371
29.41	-0.0001549912939
29.42	-0.000153981682
29.43	-0.000152880791
29.44	-0.0001516900583
29.45	-0.000150410968
29.46	-0.000149045049
29.47	-0.0001475938743
29.48	-0.0001460590594
29.49	-0.0001444422606
29.5	-0.0001427451741
29.51	-0.0001409695344
29.52	-0.0001391171127
29.53	-0.0001371897156
29.54	-0.0001351891839
29.55	-0.0001331173907
29.56	-0.0001309762402
29.57	-0.0001287676661
29.58	-0.0001264936304
29.59	-0.0001241561214
29.6	-0.0001217571527
29.61	-0.0001192987614
29.62	-0.0001167830067
29.63	-0.0001142119686
29.64	-0.0001115877458
29.65	-0.000108912455
29.66	-0.0001061882286
29.67	-0.0001034172139
29.68	-0.000100601571
29.69	-9.774347171e-05
29.7	-9.484509795e-05
29.71	-9.190864016e-05
29.72	-8.893629592e-05
29.73	-8.593026844e-05
29.74	-8.289276512e-05
29.75	-7.982599606e-05
29.76	-7.673217262e-05
29.77	-7.3613506e-05
29.78	-7.047220581e-05
29.79	-6.731047866e-05
29.8	-6.413052672e-05
29.81	-6.09345464e-05
29.82	-5.772472694e-05
29.83	-5.450324905e-05
29.84	-5.127228362e-05
29.85	-4.803399031e-05
29.86	-4.479051635e-05
29.87	-4.154399515e-05
29.88	-3.829654514e-05
29.89	-3.505026843e-05
29.9	-3.180724963e-05
29.91	-2.856955467e-05
29.92	-2.533922953e-05
29.93	-2.211829919e-05
29.94	-1.890876638e-05
29.95	-1.571261057e-05
29.96	-1.25317868e-05
29.97	-9.368224655e-06
29.98	-6.223827194e-06
29.99	-3.100469966e-06
30	-3.611755196e-19
