temps	angle
0	0
0.01	0.468811459
0.02	0.9324861513
0.03	1.390608346
0.04	1.842772039
0.05	2.288581265
0.06	2.727650397
0.07	3.159604431
0.08	3.584079258
0.09	4.000721922
0.1	4.409190866
0.11	4.809156158
0.12	5.200299715
0.13	5.582315497
0.14	5.954909701
0.15	6.317800935
0.16	6.670720372
0.17	7.013411905
0.18	7.345632268
0.19	7.667151161
0.2	7.977751351
0.21	8.277228757
0.22	8.56539253
0.23	8.84206511
0.24	9.107082272
0.25	9.360293163
0.26	9.601560315
0.27	9.830759656
0.28	10.0477805
0.29	10.25252551
0.3	10.4449107
0.31	10.62486535
0.32	10.79233196
0.33	10.94726618
0.34	11.08963672
0.35	11.21942523
0.36	11.33662625
0.37	11.44124701
0.38	11.53330736
0.39	11.61283959
0.4	11.67988827
0.41	11.73451011
0.42	11.77677377
0.43	11.80675966
0.44	11.82455976
0.45	11.83027739
0.46	11.82402702
0.47	11.80593402
0.48	11.77613446
0.49	11.73477481
0.5	11.68201175
0.51	11.61801185
0.52	11.54295137
0.53	11.45701594
0.54	11.36040029
0.55	11.25330795
0.56	11.135951
0.57	11.00854974
0.58	10.87133237
0.59	10.72453473
0.6	10.56839994
0.61	10.40317811
0.62	10.229126
0.63	10.04650673
0.64	9.855589393
0.65	9.65664879
0.66	9.449965051
0.67	9.235823317
0.68	9.014513401
0.69	8.78632945
0.7	8.551569605
0.71	8.31053566
0.72	8.063532726
0.73	7.810868885
0.74	7.552854854
0.75	7.289803645
0.76	7.022030228
0.77	6.749851192
0.78	6.473584413
0.79	6.193548719
0.8	5.910063561
0.81	5.623448682
0.82	5.334023798
0.83	5.042108271
0.84	4.748020793
0.85	4.452079072
0.86	4.154599523
0.87	3.855896958
0.88	3.556284291
0.89	3.256072238
0.9	2.955569024
0.91	2.655080105
0.92	2.354907879
0.93	2.055351418
0.94	1.7567062
0.95	1.459263842
0.96	1.163311851
0.97	0.8691333705
0.98	0.5770069435
0.99	0.2872062737
1	1.114178747e-15
1.01	-0.2843485235
1.02	-0.5655814405
1.03	-0.8434465975
1.04	-1.11769774
1.05	-1.388094704
1.06	-1.654403595
1.07	-1.91639696
1.08	-2.173853957
1.09	-2.426560507
1.1	-2.674309445
1.11	-2.916900657
1.12	-3.154141217
1.13	-3.385845501
1.14	-3.61183531
1.15	-3.831939969
1.16	-4.045996428
1.17	-4.253849349
1.18	-4.455351185
1.19	-4.650362252
1.2	-4.83875079
1.21	-5.020393019
1.22	-5.195173182
1.23	-5.362983584
1.24	-5.523724619
1.25	-5.677304787
1.26	-5.823640712
1.27	-5.96265714
1.28	-6.094286933
1.29	-6.218471062
1.3	-6.335158579
1.31	-6.444306591
1.32	-6.545880226
1.33	-6.63985258
1.34	-6.726204674
1.35	-6.804925389
1.36	-6.876011399
1.37	-6.939467099
1.38	-6.995304524
1.39	-7.043543256
1.4	-7.084210336
1.41	-7.117340158
1.42	-7.142974364
1.43	-7.161161726
1.44	-7.171958029
1.45	-7.175425947
1.46	-7.171634906
1.47	-7.160660952
1.48	-7.142586603
1.49	-7.117500708
1.5	-7.085498291
1.51	-7.046680393
1.52	-7.001153912
1.53	-6.949031438
1.54	-6.89043108
1.55	-6.825476294
1.56	-6.754295708
1.57	-6.677022936
1.58	-6.593796397
1.59	-6.504759127
1.6	-6.410058589
1.61	-6.309846482
1.62	-6.204278543
1.63	-6.093514353
1.64	-5.977717136
1.65	-5.857053561
1.66	-5.731693536
1.67	-5.601810009
1.68	-5.46757876
1.69	-5.329178198
1.7	-5.186789154
1.71	-5.040594677
1.72	-4.890779824
1.73	-4.737531458
1.74	-4.581038037
1.75	-4.421489414
1.76	-4.259076627
1.77	-4.093991697
1.78	-3.926427425
1.79	-3.756577191
1.8	-3.58463475
1.81	-3.410794039
1.82	-3.235248973
1.83	-3.058193256
1.84	-2.879820184
1.85	-2.700322457
1.86	-2.519891989
1.87	-2.338719726
1.88	-2.156995457
1.89	-1.974907642
1.9	-1.79264323
1.91	-1.610387487
1.92	-1.428323829
1.93	-1.246633652
1.94	-1.06549617
1.95	-0.8850882607
1.96	-0.7055843042
1.97	-0.5271560366
1.98	-0.3499724021
1.99	-0.1741994106
2	-1.35156714e-15
2.01	0.1724660975
2.02	0.3430424842
2.03	0.5115762212
2.04	0.6779179479
2.05	0.8419219969
2.06	1.003446504
2.07	1.162353512
2.08	1.318509075
2.09	1.471783345
2.1	1.622050672
2.11	1.76918968
2.12	1.913083353
2.13	2.053619105
2.14	2.190688853
2.15	2.324189077
2.16	2.454020883
2.17	2.580090052
2.18	2.702307094
2.19	2.820587284
2.2	2.934850709
2.21	3.04502229
2.22	3.151031817
2.23	3.252813971
2.24	3.350308337
2.25	3.443459418
2.26	3.532216643
2.27	3.616534369
2.28	3.696371874
2.29	3.771693355
2.3	3.842467912
2.31	3.908669528
2.32	3.970277052
2.33	4.027274166
2.34	4.079649358
2.35	4.127395885
2.36	4.17051173
2.37	4.208999558
2.38	4.242866668
2.39	4.272124938
2.4	4.296790769
2.41	4.316885022
2.42	4.332432953
2.43	4.343464146
2.44	4.350012435
2.45	4.352115834
2.46	4.349816451
2.47	4.343160411
2.48	4.332197764
2.49	4.3169824
2.5	4.297571953
2.51	4.274027708
2.52	4.246414501
2.53	4.214800622
2.54	4.179257708
2.55	4.13986064
2.56	4.096687432
2.57	4.049819126
2.58	3.999339679
2.59	3.945335845
2.6	3.887897065
2.61	3.827115349
2.62	3.763085158
2.63	3.69590328
2.64	3.625668718
2.65	3.55248256
2.66	3.476447862
2.67	3.39766952
2.68	3.316254152
2.69	3.232309968
2.7	3.145946647
2.71	3.057275215
2.72	2.966407913
2.73	2.87345808
2.74	2.778540023
2.75	2.681768891
2.76	2.583260556
2.77	2.483131485
2.78	2.381498616
2.79	2.278479242
2.8	2.17419088
2.81	2.068751159
2.82	1.962277694
2.83	1.854887973
2.84	1.746699236
2.85	1.637828361
2.86	1.528391751
2.87	1.418505218
2.88	1.308283878
2.89	1.197842035
2.9	1.087293081
2.91	0.9767493851
2.92	0.8663221944
2.93	0.7561215311
2.94	0.6462560951
2.95	0.5368331667
2.96	0.4279585135
2.97	0.3197362987
2.98	0.2122689919
2.99	0.1056572835
3	1.229650364e-15
3.01	-0.1046059759
3.02	-0.2080657843
3.03	-0.3102866629
3.04	-0.4111780202
3.05	-0.5106515042
3.06	-0.6086210699
3.07	-0.7050030427
3.08	-0.7997161789
3.09	-0.8926817233
3.1	-0.983823464
3.11	-1.073067784
3.12	-1.160343708
3.13	-1.245582951
3.14	-1.328719955
3.15	-1.409691934
3.16	-1.488438905
3.17	-1.564903721
3.18	-1.639032104
3.19	-1.710772666
3.2	-1.780076936
3.21	-1.846899378
3.22	-1.911197407
3.23	-1.972931404
3.24	-2.032064726
3.25	-2.088563712
3.26	-2.142397691
3.27	-2.193538976
3.28	-2.241962871
3.29	-2.287647659
3.3	-2.330574598
3.31	-2.370727908
3.32	-2.408094759
3.33	-2.442665257
3.34	-2.474432417
3.35	-2.503392149
3.36	-2.529543231
3.37	-2.552887279
3.38	-2.573428719
3.39	-2.591174757
3.4	-2.60613534
3.41	-2.61832312
3.42	-2.627753417
3.43	-2.634444174
3.44	-2.638415912
3.45	-2.639691688
3.46	-2.638297042
3.47	-2.634259949
3.48	-2.627610768
3.49	-2.618382183
3.5	-2.606609152
3.51	-2.592328845
3.52	-2.575580589
3.53	-2.556405802
3.54	-2.534847935
3.55	-2.510952405
3.56	-2.484766531
3.57	-2.456339467
3.58	-2.425722134
3.59	-2.392967153
3.6	-2.358128772
3.61	-2.321262798
3.62	-2.282426523
3.63	-2.241678655
3.64	-2.19907924
3.65	-2.154689591
3.66	-2.108572215
3.67	-2.060790736
3.68	-2.011409819
3.69	-1.960495097
3.7	-1.908113095
3.71	-1.854331153
3.72	-1.799217349
3.73	-1.742840425
3.74	-1.685269713
3.75	-1.626575055
3.76	-1.566826729
3.77	-1.506095378
3.78	-1.444451927
3.79	-1.381967518
3.8	-1.318713429
3.81	-1.254761005
3.82	-1.190181584
3.83	-1.125046426
3.84	-1.05942664
3.85	-0.9933931163
3.86	-0.9270164568
3.87	-0.8603669058
3.88	-0.7935142835
3.89	-0.7265279198
3.9	-0.6594765897
3.91	-0.5924284489
3.92	-0.5254509721
3.93	-0.4586108911
3.94	-0.3919741357
3.95	-0.3256057747
3.96	-0.2595699595
3.97	-0.1939298682
3.98	-0.1287476517
3.99	-0.06408438184
4	-9.944275286e-16
4.01	0.06344673158
4.02	0.1261982774
4.03	0.1881983744
4.04	0.2493920758
4.05	0.3097257937
4.06	0.3691473391
4.07	0.4276059606
4.08	0.4850523815
4.09	0.5414388345
4.1	0.5967190947
4.11	0.6508485108
4.12	0.7037840348
4.13	0.7554842489
4.14	0.8059093911
4.15	0.8550213789
4.16	0.902783831
4.17	0.9491620866
4.18	0.9941232235
4.19	1.037636074
4.2	1.079671239
4.21	1.120201098
4.22	1.159199824
4.23	1.196643386
4.24	1.232509559
4.25	1.266777926
4.26	1.299429885
4.27	1.330448642
4.28	1.359819219
4.29	1.387528444
4.3	1.413564948
4.31	1.437919162
4.32	1.460583303
4.33	1.48155137
4.34	1.500819126
4.35	1.518384092
4.36	1.534245525
4.37	1.548404405
4.38	1.560863419
4.39	1.571626935
4.4	1.580700987
4.41	1.588093249
4.42	1.593813014
4.43	1.597871163
4.44	1.600280144
4.45	1.601053941
4.46	1.600208045
4.47	1.597759425
4.48	1.593726493
4.49	1.588129073
4.5	1.580988368
4.51	1.572326925
4.52	1.562168594
4.53	1.550538498
4.54	1.53746299
4.55	1.522969619
4.56	1.507087083
4.57	1.489845197
4.58	1.471274846
4.59	1.451407946
4.6	1.4302774
4.61	1.407917056
4.62	1.384361665
4.63	1.359646833
4.64	1.333808982
4.65	1.306885299
4.66	1.278913697
4.67	1.249932764
4.68	1.219981724
4.69	1.189100385
4.7	1.157329095
4.71	1.124708697
4.72	1.091280485
4.73	1.057086153
4.74	1.022167751
4.75	0.986567641
4.76	0.9503284498
4.77	0.9134930229
4.78	0.8761043801
4.79	0.8382056702
4.8	0.7998401259
4.81	0.7610510201
4.82	0.7218816215
4.83	0.6823751509
4.84	0.6425747388
4.85	0.6025233822
4.86	0.5622639031
4.87	0.521838907
4.88	0.4812907418
4.89	0.4406614585
4.9	0.399992771
4.91	0.359326018
4.92	0.3187021247
4.93	0.2781615663
4.94	0.2377443311
4.95	0.1974898854
4.96	0.1574371388
4.97	0.1176244109
4.98	0.07808939813
4.99	0.03886914239
5	7.539384812e-16
5.01	-0.03848238796
5.02	-0.07654312445
5.03	-0.1141480842
5.04	-0.1512639403
5.05	-0.18785819
5.06	-0.2238991791
5.07	-0.2593561254
5.08	-0.294199141
5.09	-0.3283992535
5.1	-0.3619284262
5.11	-0.3947595766
5.12	-0.4268665949
5.13	-0.4582243599
5.14	-0.4888087547
5.15	-0.518596681
5.16	-0.5475660726
5.17	-0.5756959065
5.18	-0.6029662146
5.19	-0.6293580925
5.2	-0.6548537086
5.21	-0.6794363111
5.22	-0.703090234
5.23	-0.7258009024
5.24	-0.7475548358
5.25	-0.7683396514
5.26	-0.7881440653
5.27	-0.8069578928
5.28	-0.8247720482
5.29	-0.8415785424
5.3	-0.8573704806
5.31	-0.8721420578
5.32	-0.8858885544
5.33	-0.8986063296
5.34	-0.9102928147
5.35	-0.9209465049
5.36	-0.9305669502
5.37	-0.9391547454
5.38	-0.946711519
5.39	-0.9532399215
5.4	-0.9587436123
5.41	-0.9632272462
5.42	-0.9666964587
5.43	-0.9691578504
5.44	-0.9706189713
5.45	-0.9710883029
5.46	-0.9705752413
5.47	-0.969090078
5.48	-0.9666439809
5.49	-0.9632489743
5.5	-0.9589179181
5.51	-0.9536644869
5.52	-0.9475031477
5.53	-0.9404491378
5.54	-0.9325184418
5.55	-0.9237277675
5.56	-0.9140945228
5.57	-0.9036367903
5.58	-0.892373303
5.59	-0.8803234188
5.6	-0.8675070947
5.61	-0.8539448608
5.62	-0.8396577939
5.63	-0.8246674909
5.64	-0.8089960418
5.65	-0.7926660026
5.66	-0.7757003682
5.67	-0.7581225442
5.68	-0.7399563201
5.69	-0.7212258408
5.7	-0.7019555792
5.71	-0.6821703083
5.72	-0.6618950727
5.73	-0.6411551617
5.74	-0.6199760803
5.75	-0.5983835222
5.76	-0.5764033416
5.77	-0.5540615258
5.78	-0.5313841677
5.79	-0.5083974381
5.8	-0.4851275592
5.81	-0.4616007773
5.82	-0.4378433361
5.83	-0.4138814504
5.84	-0.3897412802
5.85	-0.3654489045
5.86	-0.3410302961
5.87	-0.3165112965
5.88	-0.2919175912
5.89	-0.2672746851
5.9	-0.2426078793
5.91	-0.2179422467
5.92	-0.19330261
5.93	-0.1687135183
5.94	-0.144199226
5.95	-0.1197836705
5.96	-0.09549045165
5.97	-0.07134281152
5.98	-0.04736361417
5.99	-0.02357532658
6	-5.487441652e-16
6.01	0.02334074816
6.02	0.04642575177
6.03	0.06923431279
6.04	0.09174621749
6.05	0.1139417519
6.06	0.1358017168
6.07	0.1573074418
6.08	0.1784407991
6.09	0.1991842159
6.1	0.2195206871
6.11	0.2394337865
6.12	0.2589076774
6.13	0.2779271233
6.14	0.2964774964
6.15	0.3145447871
6.16	0.3321156112
6.17	0.349177218
6.18	0.3657174959
6.19	0.381724979
6.2	0.3971888519
6.21	0.412098954
6.22	0.4264457835
6.23	0.4402205001
6.24	0.4534149277
6.25	0.4660215556
6.26	0.4780335399
6.27	0.4894447031
6.28	0.5002495345
6.29	0.5104431885
6.3	0.5200214832
6.31	0.5289808977
6.32	0.5373185693
6.33	0.5450322899
6.34	0.5521205014
6.35	0.5585822912
6.36	0.5644173862
6.37	0.5696261473
6.38	0.5742095622
6.39	0.5781692385
6.4	0.5815073957
6.41	0.5842268571
6.42	0.5863310408
6.43	0.5878239504
6.44	0.588710165
6.45	0.588994829
6.46	0.5886836414
6.47	0.5877828444
6.48	0.5862992115
6.49	0.5842400358
6.5	0.5816131175
6.51	0.5784267504
6.52	0.5746897092
6.53	0.570411236
6.54	0.5656010257
6.55	0.5602692122
6.56	0.5544263539
6.57	0.5480834185
6.58	0.5412517682
6.59	0.533943144
6.6	0.5261696505
6.61	0.5179437398
6.62	0.5092781957
6.63	0.5001861173
6.64	0.4906809029
6.65	0.4807762335
6.66	0.4704860561
6.67	0.4598245669
6.68	0.448806195
6.69	0.437445585
6.7	0.4257575806
6.71	0.4137572071
6.72	0.4014596551
6.73	0.3888802632
6.74	0.376034501
6.75	0.3629379525
6.76	0.349606299
6.77	0.3360553028
6.78	0.3223007898
6.79	0.3083586335
6.8	0.2942447386
6.81	0.279975024
6.82	0.2655654075
6.83	0.2510317892
6.84	0.2363900358
6.85	0.2216559651
6.86	0.2068453305
6.87	0.1919738055
6.88	0.1770569691
6.89	0.1621102911
6.9	0.1471491171
6.91	0.1321886547
6.92	0.1172439595
6.93	0.1023299216
6.94	0.08746125167
6.95	0.07265246866
6.96	0.05791788664
6.97	0.04327160254
6.98	0.02872748415
6.99	0.01429915838
7	3.88301854e-16
7.01	-0.01415687938
7.02	-0.02815864185
7.03	-0.04199273341
7.04	-0.05564689382
7.05	-0.06910916595
7.06	-0.08236790488
7.07	-0.09541178647
7.08	-0.1082298156
7.09	-0.1208113339
7.1	-0.1331460272
7.11	-0.1452239325
7.12	-0.1570354444
7.13	-0.1685713214
7.14	-0.1798226915
7.15	-0.1907810572
7.16	-0.2014383008
7.17	-0.2117866884
7.18	-0.2218188741
7.19	-0.2315279034
7.2	-0.2409072164
7.21	-0.2499506505
7.22	-0.2586524424
7.23	-0.2670072304
7.24	-0.2750100552
7.25	-0.2826563616
7.26	-0.2899419983
7.27	-0.2968632187
7.28	-0.3034166802
7.29	-0.3095994439
7.3	-0.3154089733
7.31	-0.3208431328
7.32	-0.3259001863
7.33	-0.3305787944
7.34	-0.334878012
7.35	-0.3387972856
7.36	-0.3423364496
7.37	-0.3454957229
7.38	-0.3482757046
7.39	-0.3506773696
7.4	-0.3527020643
7.41	-0.3543515011
7.42	-0.355627753
7.43	-0.3565332484
7.44	-0.3570707647
7.45	-0.3572434222
7.46	-0.3570546774
7.47	-0.3565083164
7.48	-0.3556084475
7.49	-0.3543594944
7.5	-0.3527661878
7.51	-0.3508335585
7.52	-0.3485669285
7.53	-0.3459719033
7.54	-0.3430543632
7.55	-0.3398204549
7.56	-0.3362765822
7.57	-0.3324293974
7.58	-0.328285792
7.59	-0.3238528874
7.6	-0.3191380252
7.61	-0.3141487582
7.62	-0.30889284
7.63	-0.3033782157
7.64	-0.2976130118
7.65	-0.2916055261
7.66	-0.285364218
7.67	-0.2788976979
7.68	-0.2722147175
7.69	-0.2653241593
7.7	-0.2582350262
7.71	-0.2509564318
7.72	-0.2434975895
7.73	-0.2358678026
7.74	-0.228076454
7.75	-0.2201329957
7.76	-0.2120469392
7.77	-0.2038278445
7.78	-0.1954853106
7.79	-0.1870289654
7.8	-0.1784684554
7.81	-0.169813436
7.82	-0.1610735618
7.83	-0.1522584767
7.84	-0.1433778044
7.85	-0.1344411388
7.86	-0.1254580348
7.87	-0.1164379989
7.88	-0.1073904803
7.89	-0.09832486181
7.9	-0.08925045105
7.91	-0.08017647193
7.92	-0.07111205613
7.93	-0.06206623484
7.94	-0.05304793067
7.95	-0.04406594975
7.96	-0.03512897399
7.97	-0.02624555364
7.98	-0.01742409991
7.99	-0.008672877967
8	-2.691622625e-16
8.01	0.008586581389
8.02	0.01707907962
8.03	0.0254698803
8.04	0.03375154722
8.05	0.04191682802
8.06	0.04995865969
8.07	0.05787017379
8.08	0.06564470144
8.09	0.07327577803
8.1	0.08075714769
8.11	0.08808276756
8.12	0.09524681169
8.13	0.1022436748
8.14	0.1090679757
8.15	0.1157145605
8.16	0.1221785055
8.17	0.1284551198
8.18	0.134539948
8.19	0.140428772
8.2	0.1461176129
8.21	0.1516027329
8.22	0.1568806365
8.23	0.1619480716
8.24	0.1668020302
8.25	0.1714397495
8.26	0.1758587115
8.27	0.1800566439
8.28	0.1840315192
8.29	0.187781555
8.3	0.1913052126
8.31	0.194601197
8.32	0.197668455
8.33	0.2005061742
8.34	0.2031137815
8.35	0.2054909411
8.36	0.2076375526
8.37	0.2095537487
8.38	0.2112398929
8.39	0.2126965763
8.4	0.2139246158
8.41	0.2149250497
8.42	0.2156991356
8.43	0.2162483464
8.44	0.2165743665
8.45	0.2166790885
8.46	0.216564609
8.47	0.2162332243
8.48	0.2156874263
8.49	0.2149298979
8.5	0.2139635086
8.51	0.2127913097
8.52	0.2114165291
8.53	0.2098425667
8.54	0.2080729893
8.55	0.2061115247
8.56	0.2039620573
8.57	0.2016286217
8.58	0.199115398
8.59	0.1964267054
8.6	0.193566997
8.61	0.1905408536
8.62	0.187352978
8.63	0.1840081893
8.64	0.1805114164
8.65	0.1768676921
8.66	0.1730821474
8.67	0.1691600047
8.68	0.1651065722
8.69	0.1609272374
8.7	0.1566274608
8.71	0.1522127701
8.72	0.1476887536
8.73	0.1430610539
8.74	0.1383353621
8.75	0.1335174111
8.76	0.1286129699
8.77	0.123627837
8.78	0.1185678344
8.79	0.1134388018
8.8	0.10824659
8.81	0.1029970554
8.82	0.0976960537
8.83	0.09234943432
8.84	0.08696303427
8.85	0.08154267259
8.86	0.07609414458
8.87	0.07062321628
8.88	0.06513561887
8.89	0.0596370433
8.9	0.05413313496
8.91	0.04862948842
8.92	0.04313164232
8.93	0.03764507437
8.94	0.03217519639
8.95	0.02672734957
8.96	0.02130679977
8.97	0.01591873296
8.98	0.01056825081
8.99	0.005260366395
9	1.836620602e-16
9.01	-0.005208024875
9.02	-0.01035898543
9.03	-0.0154482633
9.04	-0.0204713482
9.05	-0.02542384135
9.06	-0.03030145882
9.07	-0.03510003469
9.08	-0.03981552407
9.09	-0.04444400599
9.1	-0.04898168606
9.11	-0.05342489912
9.12	-0.05777011153
9.13	-0.06201392353
9.14	-0.06615307126
9.15	-0.07018442871
9.16	-0.07410500952
9.17	-0.07791196857
9.18	-0.08160260343
9.19	-0.08517435571
9.2	-0.08862481214
9.21	-0.09195170561
9.22	-0.09515291597
9.23	-0.09822647069
9.24	-0.1011705454
9.25	-0.1039834643
9.26	-0.1066637003
9.27	-0.109209875
9.28	-0.1116207588
9.29	-0.1138952704
9.3	-0.1160324768
9.31	-0.1180315924
9.32	-0.1198919784
9.33	-0.1216131421
9.34	-0.1231947359
9.35	-0.1246365561
9.36	-0.1259385418
9.37	-0.1271007735
9.38	-0.1281234716
9.39	-0.1290069948
9.4	-0.1297518383
9.41	-0.1303586322
9.42	-0.130828139
9.43	-0.1311612522
9.44	-0.1313589934
9.45	-0.1314225105
9.46	-0.1313530752
9.47	-0.1311520802
9.48	-0.130821037
9.49	-0.1303615728
9.5	-0.129775428
9.51	-0.1290644534
9.52	-0.1282306069
9.53	-0.1272759504
9.54	-0.1262026474
9.55	-0.1250129591
9.56	-0.1237092411
9.57	-0.122293941
9.58	-0.1207695937
9.59	-0.1191388192
9.6	-0.1174043184
9.61	-0.1155688696
9.62	-0.1136353254
9.63	-0.1116066085
9.64	-0.1094857084
9.65	-0.107275678
9.66	-0.104979629
9.67	-0.1026007293
9.68	-0.1001421982
9.69	-0.09760730344
9.7	-0.09499935714
9.71	-0.09232171188
9.72	-0.08957775714
9.73	-0.0867709154
9.74	-0.08390463842
9.75	-0.08098240346
9.76	-0.07800770949
9.77	-0.07498407353
9.78	-0.07191502684
9.79	-0.06880411128
9.8	-0.06565487564
9.81	-0.06247087194
9.82	-0.0592556519
9.83	-0.05601276332
9.84	-0.05274574655
9.85	-0.049458131
9.86	-0.04615343171
9.87	-0.04283514596
9.88	-0.03950674988
9.89	-0.03617169522
9.9	-0.03283340606
9.91	-0.02949527569
9.92	-0.02616066347
9.93	-0.02283289179
9.94	-0.01951524309
9.95	-0.01621095697
9.96	-0.01292322732
9.97	-0.009655199605
9.98	-0.006409968138
9.99	-0.0031905735
10	-1.237740784e-16
10.01	0.003158826763
10.02	0.006283042265
10.03	0.009369845332
10.04	0.01241650033
10.05	0.01542033927
10.06	0.01837876381
10.07	0.0212892472
10.08	0.02414933608
10.09	0.02695665227
10.1	0.02970889436
10.11	0.03240383931
10.12	0.03503934386
10.13	0.03761334595
10.14	0.04012386595
10.15	0.04256900785
10.16	0.04494696032
10.17	0.0472559977
10.18	0.04949448089
10.19	0.05166085816
10.2	0.05375366577
10.21	0.05577152866
10.22	0.05771316089
10.23	0.05957736607
10.24	0.06136303767
10.25	0.06306915923
10.26	0.06469480451
10.27	0.06623913752
10.28	0.06770141244
10.29	0.0690809735
10.3	0.07037725472
10.31	0.07158977962
10.32	0.07271816077
10.33	0.07376209933
10.34	0.07472138444
10.35	0.07559589259
10.36	0.07638558683
10.37	0.07709051598
10.38	0.07771081374
10.39	0.07824669765
10.4	0.0786984681
10.41	0.07906650718
10.42	0.07935127748
10.43	0.07955332082
10.44	0.07967325692
10.45	0.07971178201
10.46	0.07966966735
10.47	0.07954775772
10.48	0.07934696985
10.49	0.07906829073
10.5	0.07871277599
10.51	0.07828154809
10.52	0.07777579457
10.53	0.07719676619
10.54	0.07654577501
10.55	0.07582419253
10.56	0.07503344764
10.57	0.07417502469
10.58	0.07325046135
10.59	0.07226134662
10.6	0.07120931868
10.61	0.07009606273
10.62	0.06892330886
10.63	0.06769282985
10.64	0.06640643897
10.65	0.06506598774
10.66	0.06367336366
10.67	0.062230488
10.68	0.06073931352
10.69	0.05920182215
10.7	0.05762002276
10.71	0.05599594881
10.72	0.05433165613
10.73	0.05262922056
10.74	0.0508907357
10.75	0.04911831059
10.76	0.0473140675
10.77	0.04548013959
10.78	0.04361866867
10.79	0.04173180301
10.8	0.03982169503
10.81	0.03789049917
10.82	0.03594036964
10.83	0.03397345829
10.84	0.03199191245
10.85	0.02999787282
10.86	0.02799347139
10.87	0.02598082934
10.88	0.02396205507
10.89	0.02193924216
10.9	0.01991446744
10.91	0.01788978902
10.92	0.01586724447
10.93	0.01384884892
10.94	0.01183659327
10.95	0.009832442424
10.96	0.007838333593
10.97	0.005856174586
10.98	0.003887842204
10.99	0.00193518065
11	3.003669826e-16
11.01	-0.00191592528
11.02	-0.00381085777
11.03	-0.00568309847
11.04	-0.007530988136
11.05	-0.009352908549
11.06	-0.01114728374
11.07	-0.01291258115
11.08	-0.01464731275
11.09	-0.01635003609
11.1	-0.0180193553
11.11	-0.01965392203
11.12	-0.02125243635
11.13	-0.02281364753
11.14	-0.02433635489
11.15	-0.02581940841
11.16	-0.02726170949
11.17	-0.02866221146
11.18	-0.03001992015
11.19	-0.03133389438
11.2	-0.03260324636
11.21	-0.03382714207
11.22	-0.03500480155
11.23	-0.03613549915
11.24	-0.03721856372
11.25	-0.03825337875
11.26	-0.03923938246
11.27	-0.04017606778
11.28	-0.04106298235
11.29	-0.04189972843
11.3	-0.04268596273
11.31	-0.04342139626
11.32	-0.04410579402
11.33	-0.04473897477
11.34	-0.0453208106
11.35	-0.0458512266
11.36	-0.04633020037
11.37	-0.04675776152
11.38	-0.04713399112
11.39	-0.04745902114
11.4	-0.04773303377
11.41	-0.04795626076
11.42	-0.04812898268
11.43	-0.04825152816
11.44	-0.04832427308
11.45	-0.04834763973
11.46	-0.0483220959
11.47	-0.04824815397
11.48	-0.04812636997
11.49	-0.04795734254
11.5	-0.04774171195
11.51	-0.04748015901
11.52	-0.04717340399
11.53	-0.04682220552
11.54	-0.04642735942
11.55	-0.04598969752
11.56	-0.0455100865
11.57	-0.04498942666
11.58	-0.04442865065
11.59	-0.04382872224
11.6	-0.04319063504
11.61	-0.04251541117
11.62	-0.04180409999
11.63	-0.04105777675
11.64	-0.04027754124
11.65	-0.03946451647
11.66	-0.03861984726
11.67	-0.03774469894
11.68	-0.0368402559
11.69	-0.03590772024
11.7	-0.03494831041
11.71	-0.03396325978
11.72	-0.03295381524
11.73	-0.03192123587
11.74	-0.0308667915
11.75	-0.02979176133
11.76	-0.02869743258
11.77	-0.02758509907
11.78	-0.02645605989
11.79	-0.02531161801
11.8	-0.02415307896
11.81	-0.02298174946
11.82	-0.02179893611
11.83	-0.02060594407
11.84	-0.01940407576
11.85	-0.01819462959
11.86	-0.01697889867
11.87	-0.01575816956
11.88	-0.01453372107
11.89	-0.01330682302
11.9	-0.01207873507
11.91	-0.01085070554
11.92	-0.009623970258
11.93	-0.008399751472
11.94	-0.007179256723
11.95	-0.00596367779
11.96	-0.004754189645
11.97	-0.003551949435
11.98	-0.002358095497
11.99	-0.001173746396
12	-5.464072654e-17
12.01	0.001162067424
12.02	0.002311402077
12.03	0.003446973465
12.04	0.004567775203
12.05	0.005672825792
12.06	0.006761169359
12.07	0.007831876361
12.08	0.008884044263
12.09	0.009916798173
12.1	0.01092929146
12.11	0.0119207063
12.12	0.01289025424
12.13	0.01383717669
12.14	0.01476074538
12.15	0.01566026282
12.16	0.01653506264
12.17	0.01738451002
12.18	0.01820800197
12.19	0.01900496763
12.2	0.01977486853
12.21	0.0205171988
12.22	0.02123148538
12.23	0.02191728814
12.24	0.02257420001
12.25	0.02320184705
12.26	0.02379988853
12.27	0.0243680169
12.28	0.02490595778
12.29	0.02541346993
12.3	0.02589034514
12.31	0.02633640812
12.32	0.02675151635
12.33	0.02713555988
12.34	0.02748846115
12.35	0.02781017472
12.36	0.028100687
12.37	0.02836001594
12.38	0.02858821073
12.39	0.0287853514
12.4	0.02895154847
12.41	0.02908694248
12.42	0.02919170362
12.43	0.02926603121
12.44	0.02931015323
12.45	0.02932432582
12.46	0.0293088327
12.47	0.02926398466
12.48	0.02919011893
12.49	0.02908759861
12.5	0.02895681204
12.51	0.02879817217
12.52	0.02861211584
12.53	0.0283991032
12.54	0.02815961693
12.55	0.02789416157
12.56	0.02760326279
12.57	0.02728746663
12.58	0.02694733879
12.59	0.02658346381
12.6	0.02619644436
12.61	0.02578690038
12.62	0.02535546835
12.63	0.02490280042
12.64	0.02442956366
12.65	0.02393643921
12.66	0.02342412144
12.67	0.02289331715
12.68	0.02234474471
12.69	0.02177913325
12.7	0.02119722177
12.71	0.02059975836
12.72	0.0199874993
12.73	0.01936120825
12.74	0.01872165541
12.75	0.01806961665
12.76	0.01740587271
12.77	0.01673120834
12.78	0.01604641146
12.79	0.01535227237
12.8	0.01464958292
12.81	0.01393913566
12.82	0.0132217231
12.83	0.01249813685
12.84	0.01176916687
12.85	0.01103560069
12.86	0.01029822261
12.87	0.009557812978
12.88	0.008815147428
12.89	0.008070996146
12.9	0.007326123152
12.91	0.006581285588
12.92	0.00583723303
12.93	0.005094706802
12.94	0.004354439316
12.95	0.003617153424
12.96	0.002883561782
12.97	0.002154366234
12.98	0.001430257217
12.99	0.000711913176
13	-4.421628588e-17
13.01	-0.0007048295215
13.02	-0.001401936227
13.03	-0.002090695089
13.04	-0.002770495707
13.05	-0.00344074277
13.06	-0.004100856512
13.07	-0.004750273136
13.08	-0.005388445227
13.09	-0.006014842138
13.1	-0.006628950357
13.11	-0.007230273854
13.12	-0.007818334407
13.13	-0.008392671906
13.14	-0.008952844636
13.15	-0.009498429539
13.16	-0.01002902245
13.17	-0.01054423833
13.18	-0.01104371145
13.19	-0.01152709555
13.2	-0.01199406405
13.21	-0.01244431012
13.22	-0.01287754683
13.23	-0.01329350723
13.24	-0.01369194442
13.25	-0.0140726316
13.26	-0.01443536209
13.27	-0.01477994936
13.28	-0.015106227
13.29	-0.01541404868
13.3	-0.01570328812
13.31	-0.01597383899
13.32	-0.01622561486
13.33	-0.01645854904
13.34	-0.01667259448
13.35	-0.01686772362
13.36	-0.01704392822
13.37	-0.01720121918
13.38	-0.01733962631
13.39	-0.01745919818
13.4	-0.01756000179
13.41	-0.01764212241
13.42	-0.01770566325
13.43	-0.01775074521
13.44	-0.01777750658
13.45	-0.01778610269
13.46	-0.01777670563
13.47	-0.01774950392
13.48	-0.01770470209
13.49	-0.01764252037
13.5	-0.01756319431
13.51	-0.01746697436
13.52	-0.0173541255
13.53	-0.0172249268
13.54	-0.01707967104
13.55	-0.01691866422
13.56	-0.01674222519
13.57	-0.01655068514
13.58	-0.01634438717
13.59	-0.01612368584
13.6	-0.01588894668
13.61	-0.0156405457
13.62	-0.01537886894
13.63	-0.01510431197
13.64	-0.01481727936
13.65	-0.01451818426
13.66	-0.01420744783
13.67	-0.01388549875
13.68	-0.01355277275
13.69	-0.01320971206
13.7	-0.01285676491
13.71	-0.01249438503
13.72	-0.01212303113
13.73	-0.01174316641
13.74	-0.01135525801
13.75	-0.01095977651
13.76	-0.01055719546
13.77	-0.01014799083
13.78	-0.009732640526
13.79	-0.009311623888
13.8	-0.00888542119
13.81	-0.008454513148
13.82	-0.008019380434
13.83	-0.007580503189
13.84	-0.007138360549
13.85	-0.006693430167
13.86	-0.006246187753
13.87	-0.005797106611
13.88	-0.005346657185
13.89	-0.004895306617
13.9	-0.004443518308
13.91	-0.00399175149
13.92	-0.0035404608
13.93	-0.003090095877
13.94	-0.002641100951
13.95	-0.002193914453
13.96	-0.00174896863
13.97	-0.001306689173
13.98	-0.0008674948535
13.99	-0.0004317971683
14	-2.345139994e-17
14.01	0.0004275007147
14.02	0.0008503173045
14.03	0.001268070672
14.04	0.001680390589
14.05	0.002086915982
14.06	0.002487295206
14.07	0.002881186299
14.08	0.003268257239
14.09	0.00364818617
14.1	0.004020661633
14.11	0.00438538277
14.12	0.004742059525
14.13	0.005090412828
14.14	0.005430174763
14.15	0.005761088734
14.16	0.006082909605
14.17	0.006395403833
14.18	0.00669834959
14.19	0.006991536871
14.2	0.007274767582
14.21	0.007547855628
14.22	0.007810626976
14.23	0.008062919712
14.24	0.008304584083
14.25	0.008535482528
14.26	0.008755489693
14.27	0.008964492438
14.28	0.009162389828
14.29	0.009349093115
14.3	0.009524525701
14.31	0.009688623101
14.32	0.009841332884
14.33	0.009982614605
14.34	0.01011243973
14.35	0.01023079153
14.36	0.01033766503
14.37	0.01043306682
14.38	0.01051701499
14.39	0.01058953899
14.4	0.01065067947
14.41	0.01070048814
14.42	0.01073902761
14.43	0.01076637121
14.44	0.01078260279
14.45	0.0107878166
14.46	0.010782117
14.47	0.01076561832
14.48	0.01073844464
14.49	0.01070072952
14.5	0.01065261583
14.51	0.01059425548
14.52	0.01052580919
14.53	0.01044744622
14.54	0.01035934414
14.55	0.01026168857
14.56	0.01015467289
14.57	0.01003849797
14.58	0.009913371934
14.59	0.009779509812
14.6	0.009637133312
14.61	0.009486470503
14.62	0.009327755526
14.63	0.009161228301
14.64	0.008987134227
14.65	0.008805723879
14.66	0.008617252705
14.67	0.008421980719
14.68	0.008220172198
14.69	0.008012095369
14.7	0.0077980221
14.71	0.007578227593
14.72	0.007352990072
14.73	0.007122590471
14.74	0.00688731213
14.75	0.006647440476
14.76	0.006403262726
14.77	0.006155067572
14.78	0.005903144879
14.79	0.00564778538
14.8	0.005389280376
14.81	0.005127921437
14.82	0.004864000105
14.83	0.0045978076
14.84	0.004329634533
14.85	0.004059770615
14.86	0.003788504379
14.87	0.003516122897
14.88	0.00324291151
14.89	0.002969153552
14.9	0.002695130091
14.91	0.002421119664
14.92	0.002147398025
14.93	0.001874237891
14.94	0.001601908702
14.95	0.00133067638
14.96	0.001060803097
14.97	0.0007925470463
14.98	0.0005261622258
14.99	0.0002618982213
15	4.471424869e-17
15.01	-0.0002592922905
15.02	-0.0005157435157
15.03	-0.0007691237412
15.04	-0.001019208412
15.05	-0.001265778528
15.06	-0.001508620802
15.07	-0.001747527827
15.08	-0.001982298219
15.09	-0.002212736765
15.1	-0.002438654553
15.11	-0.002659869105
15.12	-0.002876204492
15.13	-0.003087491451
15.14	-0.003293567482
15.15	-0.003494276951
15.16	-0.003689471176
15.17	-0.003879008506
15.18	-0.004062754396
15.19	-0.004240581471
15.2	-0.004412369581
15.21	-0.004578005854
15.22	-0.004737384733
15.23	-0.004890408012
15.24	-0.005036984862
15.25	-0.005177031848
15.26	-0.005310472939
15.27	-0.005437239512
15.28	-0.005557270347
15.29	-0.005670511615
15.3	-0.005776916857
15.31	-0.005876446961
15.32	-0.005969070126
15.33	-0.006054761822
15.34	-0.006133504739
15.35	-0.006205288739
15.36	-0.00627011079
15.37	-0.006327974898
15.38	-0.006378892039
15.39	-0.006422880069
15.4	-0.006459963646
15.41	-0.006490174133
15.42	-0.006513549503
15.43	-0.00653013423
15.44	-0.006539979185
15.45	-0.006543141517
15.46	-0.006539684535
15.47	-0.006529677583
15.48	-0.006513195911
15.49	-0.006490320536
15.5	-0.006461138109
15.51	-0.006425740767
15.52	-0.006384225991
15.53	-0.006336696446
15.54	-0.006283259836
15.55	-0.006224028739
15.56	-0.006159120447
15.57	-0.006088656799
15.58	-0.006012764019
15.59	-0.005931572538
15.6	-0.005845216826
15.61	-0.005753835212
15.62	-0.005657569713
15.63	-0.005556565845
15.64	-0.005450972452
15.65	-0.005340941514
15.66	-0.005226627968
15.67	-0.005108189522
15.68	-0.004985786466
15.69	-0.00485958149
15.7	-0.004729739489
15.71	-0.004596427381
15.72	-0.004459813919
15.73	-0.004320069497
15.74	-0.00417736597
15.75	-0.004031876458
15.76	-0.003883775166
15.77	-0.003733237195
15.78	-0.003580438358
15.79	-0.003425554992
15.8	-0.003268763782
15.81	-0.003110241572
15.82	-0.002950165193
15.83	-0.002788711277
15.84	-0.002626056089
15.85	-0.002462375349
15.86	-0.00229784406
15.87	-0.00213263634
15.88	-0.001966925257
15.89	-0.001800882663
15.9	-0.001634679032
15.91	-0.001468483307
15.92	-0.001302462741
15.93	-0.001136782745
15.94	-0.000971606742
15.95	-0.0008070960229
15.96	-0.0006434096022
15.97	-0.0004807040828
15.98	-0.0003191335219
15.99	-0.000158849301
16	-9.859757604e-18
16.01	0.000157268724
16.02	0.0003128142548
16.03	0.0004664971301
16.04	0.0006181811508
16.05	0.0007677334853
16.06	0.0009150247702
16.07	0.001059929206
16.08	0.001202324647
16.09	0.00134209269
16.1	0.001479118755
16.11	0.001613292163
16.12	0.001744506208
16.13	0.001872658226
16.14	0.001997649657
16.15	0.002119386104
16.16	0.002237777386
16.17	0.002352737588
16.18	0.002464185104
16.19	0.002572042677
16.2	0.002676237433
16.21	0.002776700911
16.22	0.002873369087
16.23	0.002966182398
16.24	0.003055085752
16.25	0.003140028542
16.26	0.003220964655
16.27	0.003297852468
16.28	0.00337065485
16.29	0.00343933915
16.3	0.003503877192
16.31	0.003564245252
16.32	0.003620424042
16.33	0.003672398682
16.34	0.003720158676
16.35	0.003763697873
16.36	0.003803014434
16.37	0.00383811079
16.38	0.003868993596
16.39	0.003895673685
16.4	0.003918166012
16.41	0.003936489599
16.42	0.003950667477
16.43	0.003960726623
16.44	0.003966697889
16.45	0.003968615941
16.46	0.003966519175
16.47	0.003960449652
16.48	0.003950453013
16.49	0.003936578396
16.5	0.00391887836
16.51	0.003897408787
16.52	0.003872228802
16.53	0.003843400676
16.54	0.003810989734
16.55	0.003775064257
16.56	0.003735695388
16.57	0.003692957025
16.58	0.003646925727
16.59	0.003597680605
16.6	0.003545303217
16.61	0.003489877467
16.62	0.00343148949
16.63	0.003370227548
16.64	0.003306181917
16.65	0.00323944478
16.66	0.00317011011
16.67	0.003098273561
16.68	0.003024032355
16.69	0.002947485167
16.7	0.002868732012
16.71	0.002787874132
16.72	0.002705013878
16.73	0.002620254602
16.74	0.002533700537
16.75	0.002445456688
16.76	0.002355628713
16.77	0.002264322819
16.78	0.002171645639
16.79	0.002077704129
16.8	0.001982605453
16.81	0.001886456873
16.82	0.00178936564
16.83	0.001691438891
16.84	0.001592783532
16.85	0.001493506145
16.86	0.001393712874
16.87	0.001293509327
16.88	0.001193000474
16.89	0.001092290549
16.9	0.0009914829518
16.91	0.0008906801492
16.92	0.0007899835854
16.93	0.000689493588
16.94	0.0005893092782
16.95	0.0004895284832
16.96	0.0003902476505
16.97	0.0002915617645
16.98	0.0001935642656
16.99	9.634697131e-05
17	-4.488962252e-18
17.01	-9.538830293e-05
17.02	-0.0001897314363
17.03	-0.0002829448121
17.04	-0.0003749458212
17.05	-0.0004656538973
17.06	-0.0005549905775
17.07	-0.0006428795603
17.08	-0.0007292467611
17.09	-0.0008140203644
17.1	-0.0008971308741
17.11	-0.0009785111599
17.12	-0.001058096501
17.13	-0.001135824629
17.14	-0.001211635765
17.15	-0.001285472652
17.16	-0.001357280594
17.17	-0.001427007481
17.18	-0.001494603817
17.19	-0.001560022742
17.2	-0.001623220056
17.21	-0.001684154235
17.22	-0.001742786448
17.23	-0.001799080567
17.24	-0.001853003176
17.25	-0.001904523583
17.26	-0.001953613817
17.27	-0.002000248633
17.28	-0.00204440551
17.29	-0.002086064644
17.3	-0.002125208945
17.31	-0.002161824024
17.32	-0.002195898182
17.33	-0.002227422395
17.34	-0.002256390296
17.35	-0.002282798154
17.36	-0.002306644853
17.37	-0.002327931869
17.38	-0.002346663238
17.39	-0.00236284553
17.4	-0.002376487816
17.41	-0.002387601633
17.42	-0.002396200951
17.43	-0.002402302131
17.44	-0.002405923888
17.45	-0.002407087245
17.46	-0.002405815492
17.47	-0.00240213414
17.48	-0.002396070872
17.49	-0.002387655492
17.5	-0.002376919877
17.51	-0.002363897923
17.52	-0.00234862549
17.53	-0.002331140347
17.54	-0.002311482117
17.55	-0.002289692214
17.56	-0.002265813788
17.57	-0.002239891661
17.58	-0.002211972267
17.59	-0.002182103591
17.6	-0.002150335099
17.61	-0.002116717683
17.62	-0.002081303584
17.63	-0.002044146338
17.64	-0.002005300699
17.65	-0.001964822579
17.66	-0.001922768976
17.67	-0.001879197907
17.68	-0.001834168339
17.69	-0.001787740123
17.7	-0.00173997392
17.71	-0.001690931136
17.72	-0.001640673852
17.73	-0.001589264753
17.74	-0.001536767058
17.75	-0.001483244458
17.76	-0.001428761038
17.77	-0.001373381213
17.78	-0.001317169662
17.79	-0.001260191256
17.8	-0.001202510993
17.81	-0.001144193932
17.82	-0.001085305122
17.83	-0.001025909546
17.84	-0.0009660720467
17.85	-0.0009058572675
17.86	-0.0008453295888
17.87	-0.0007845530652
17.88	-0.0007235913645
17.89	-0.0006625077076
17.9	-0.0006013648088
17.91	-0.0005402248185
17.92	-0.0004791492652
17.93	-0.0004181990008
17.94	-0.0003574341453
17.95	-0.0002969140339
17.96	-0.0002366971649
17.97	-0.0001768411494
17.98	-0.0001174026617
17.99	-5.843739207e-05
18	-4.080602382e-18
18.01	5.78559303e-05
18.02	0.0001150779332
18.03	0.0001716147035
18.04	0.0002274161363
18.05	0.0002824333656
18.06	0.0003366188011
18.07	0.0003899261638
18.08	0.0004423105191
18.09	0.0004937283086
18.1	0.0005441373809
18.11	0.0005934970193
18.12	0.000641767969
18.13	0.0006889124618
18.14	0.0007348942396
18.15	0.0007796785756
18.16	0.0008232322943
18.17	0.0008655237891
18.18	0.000906523039
18.19	0.0009462016227
18.2	0.0009845327312
18.21	0.001021491179
18.22	0.001057053414
18.23	0.001091197523
18.24	0.001123903239
18.25	0.001155151945
18.26	0.001184926677
18.27	0.001213212123
18.28	0.001239994623
18.29	0.001265262165
18.3	0.001289004383
18.31	0.001311212552
18.32	0.001331879573
18.33	0.001350999975
18.34	0.001368569895
18.35	0.00138458707
18.36	0.001399050825
18.37	0.001411962053
18.38	0.001423323202
18.39	0.001433138258
18.4	0.001441412723
18.41	0.001448153594
18.42	0.001453369344
18.43	0.001457069897
18.44	0.001459266603
18.45	0.001459972214
18.46	0.001459200858
18.47	0.001456968005
18.48	0.001453290447
18.49	0.001448186261
18.5	0.001441674781
18.51	0.001433776566
18.52	0.001424513368
18.53	0.001413908093
18.54	0.001401984774
18.55	0.001388768529
18.56	0.001374285532
18.57	0.001358562967
18.58	0.001341628999
18.59	0.00132351273
18.6	0.001304244166
18.61	0.001283854172
18.62	0.001262374436
18.63	0.001239837427
18.64	0.001216276356
18.65	0.001191725135
18.66	0.001166218336
18.67	0.001139791146
18.68	0.001112479333
18.69	0.001084319196
18.7	0.00105534753
18.71	0.001025601578
18.72	0.000995118994
18.73	0.0009639377988
18.74	0.0009320963378
18.75	0.0008996332397
18.76	0.0008665873747
18.77	0.0008329978133
18.78	0.0007989037842
18.79	0.0007643446341
18.8	0.0007293597862
18.81	0.0006939887001
18.82	0.0006582708319
18.83	0.0006222455938
18.84	0.0005859523158
18.85	0.0005494302061
18.86	0.0005127183131
18.87	0.0004758554882
18.88	0.0004388803477
18.89	0.0004018312369
18.9	0.0003647461942
18.91	0.0003276629155
18.92	0.0002906187199
18.93	0.0002536505159
18.94	0.0002167947679
18.95	0.0001800874648
18.96	0.0001435640876
18.97	0.000107259579
18.98	7.120831386e-05
18.99	3.544406996e-05
19	6.601417835e-18
19.01	-3.509139558e-05
19.02	-6.979829477e-05
19.03	-0.0001040895794
19.04	-0.0001379348592
19.05	-0.0001713044955
19.06	-0.0002041696235
19.07	-0.0002365021734
19.08	-0.0002682748909
19.09	-0.0002994613568
19.1	-0.0003300360046
19.11	-0.0003599741387
19.12	-0.0003892519496
19.13	-0.00041784653
19.14	-0.000445735888
19.15	-0.0004728989608
19.16	-0.0004993156265
19.17	-0.0005249667148
19.18	-0.0005498340169
19.19	-0.0005739002944
19.2	-0.000597149287
19.21	-0.0006195657189
19.22	-0.0006411353046
19.23	-0.0006618447534
19.24	-0.000681681773
19.25	-0.0007006350715
19.26	-0.0007186943594
19.27	-0.0007358503494
19.28	-0.0007520947565
19.29	-0.0007674202955
19.3	-0.000781820679
19.31	-0.0007952906139
19.32	-0.0008078257962
19.33	-0.0008194229061
19.34	-0.0008300796011
19.35	-0.0008397945091
19.36	-0.0008485672196
19.37	-0.0008563982752
19.38	-0.0008632891608
19.39	-0.0008692422933
19.4	-0.0008742610097
19.41	-0.0008783495546
19.42	-0.0008815130668
19.43	-0.0008837575656
19.44	-0.0008850899353
19.45	-0.0008855179104
19.46	-0.0008850500588
19.47	-0.0008836957652
19.48	-0.0008814652133
19.49	-0.000878369368
19.5	-0.000874419956
19.51	-0.0008696294468
19.52	-0.0008640110327
19.53	-0.0008575786083
19.54	-0.0008503467496
19.55	-0.0008423306923
19.56	-0.0008335463101
19.57	-0.0008240100925
19.58	-0.0008137391216
19.59	-0.0008027510495
19.6	-0.0007910640747
19.61	-0.0007786969182
19.62	-0.0007656687995
19.63	-0.0007519994125
19.64	-0.0007377089007
19.65	-0.0007228178325
19.66	-0.0007073471764
19.67	-0.0006913182758
19.68	-0.0006747528236
19.69	-0.0006576728373
19.7	-0.0006401006333
19.71	-0.0006220588015
19.72	-0.0006035701799
19.73	-0.000584657829
19.74	-0.0005653450067
19.75	-0.0005456551424
19.76	-0.0005256118121
19.77	-0.0005052387132
19.78	-0.0004845596393
19.79	-0.0004635984551
19.8	-0.0004423790723
19.81	-0.0004209254241
19.82	-0.0003992614419
19.83	-0.0003774110305
19.84	-0.0003553980447
19.85	-0.0003332462653
19.86	-0.0003109793767
19.87	-0.0002886209432
19.88	-0.0002661943868
19.89	-0.0002437229652
19.9	-0.0002212297498
19.91	-0.0001987376043
19.92	-0.0001762691639
19.93	-0.0001538468147
19.94	-0.0001314926736
19.95	-0.0001092285689
19.96	-8.707602074e-05
19.97	-6.50562232e-05
19.98	-4.319002558e-05
19.99	-2.149791514e-05
20	-1.66796636e-18
20.01	2.128400731e-05
20.02	4.233480577e-05
20.03	6.313352124e-05
20.04	8.366172113e-05
20.05	0.0001039014287
20.06	0.0001238351364
20.07	0.0001434458193
20.08	0.0001627169466
20.09	0.0001816324943
20.1	0.0002001769556
20.11	0.0002183353518
20.12	0.0002360932418
20.13	0.0002534367315
20.14	0.0002703524822
20.15	0.0002868277187
20.16	0.0003028502364
20.17	0.0003184084079
20.18	0.000333491189
20.19	0.0003480881242
20.2	0.000362189351
20.21	0.0003757856042
20.22	0.0003888682193
20.23	0.0004014291349
20.24	0.0004134608955
20.25	0.0004249566522
20.26	0.0004359101639
20.27	0.0004463157979
20.28	0.0004561685288
20.29	0.0004654639381
20.3	0.0004741982122
20.31	0.0004823681407
20.32	0.0004899711131
20.33	0.0004970051158
20.34	0.0005034687281
20.35	0.0005093611176
20.36	0.0005146820355
20.37	0.0005194318108
20.38	0.0005236113442
20.39	0.0005272221016
20.4	0.000530266107
20.41	0.0005327459348
20.42	0.000534664702
20.43	0.0005360260593
20.44	0.0005368341824
20.45	0.0005370937624
20.46	0.000536809996
20.47	0.0005359885754
20.48	0.0005346356774
20.49	0.0005327579522
20.5	0.0005303625128
20.51	0.000527456922
20.52	0.0005240491817
20.53	0.0005201477191
20.54	0.000515761375
20.55	0.0005108993905
20.56	0.0005055713934
20.57	0.000499787385
20.58	0.0004935577262
20.59	0.0004868931236
20.6	0.0004798046151
20.61	0.0004723035555
20.62	0.0004644016021
20.63	0.0004561106998
20.64	0.0004474430662
20.65	0.0004384111768
20.66	0.0004290277496
20.67	0.0004193057299
20.68	0.0004092582752
20.69	0.0003988987399
20.7	0.0003882406594
20.71	0.0003772977353
20.72	0.0003660838194
20.73	0.0003546128988
20.74	0.0003428990799
20.75	0.0003309565735
20.76	0.0003187996791
20.77	0.00030644277
20.78	0.0002939002777
20.79	0.0002811866768
20.8	0.0002683164705
20.81	0.0002553041752
20.82	0.0002421643058
20.83	0.0002289113613
20.84	0.0002155598105
20.85	0.0002021240772
20.86	0.0001886185265
20.87	0.0001750574511
20.88	0.000161455057
20.89	0.0001478254509
20.9	0.0001341826261
20.91	0.0001205404503
20.92	0.0001069126523
20.93	9.331281002e-05
20.94	7.975433808e-05
20.95	6.625047593e-05
20.96	5.281427631e-05
20.97	3.945859398e-05
20.98	2.619607471e-05
20.99	1.303914465e-05
21	-4.051804305e-19
21.01	-1.290940299e-05
21.02	-2.567735768e-05
21.03	-3.829241628e-05
21.04	-5.074339891e-05
21.05	-6.301940209e-05
21.06	-7.510980701e-05
21.07	-8.700428738e-05
21.08	-9.869281696e-05
21.09	-0.0001101656766
21.1	-0.0001214134609
21.11	-0.000132427085
21.12	-0.0001431977897
21.13	-0.0001537171479
21.14	-0.0001639770694
21.15	-0.0001739698054
21.16	-0.0001836879537
21.17	-0.0001931244617
21.18	-0.0002022726309
21.19	-0.0002111261196
21.2	-0.000219678946
21.21	-0.0002279254904
21.22	-0.0002358604976
21.23	-0.000243479078
21.24	-0.0002507767097
21.25	-0.0002577492386
21.26	-0.0002643928793
21.27	-0.0002707042153
21.28	-0.0002766801987
21.29	-0.0002823181494
21.3	-0.0002876157545
21.31	-0.0002925710666
21.32	-0.0002971825025
21.33	-0.0003014488408
21.34	-0.0003053692198
21.35	-0.0003089431347
21.36	-0.0003121704346
21.37	-0.0003150513189
21.38	-0.000317586334
21.39	-0.0003197763691
21.4	-0.0003216226517
21.41	-0.0003231267433
21.42	-0.0003242905344
21.43	-0.0003251162394
21.44	-0.0003256063908
21.45	-0.000325763834
21.46	-0.000325591721
21.47	-0.0003250935043
21.48	-0.0003242729301
21.49	-0.0003231340322
21.5	-0.0003216811247
21.51	-0.0003199187949
21.52	-0.0003178518959
21.53	-0.0003154855392
21.54	-0.000312825087
21.55	-0.0003098761444
21.56	-0.0003066445508
21.57	-0.0003031363723
21.58	-0.0002993578933
21.59	-0.0002953156075
21.6	-0.0002910162097
21.61	-0.0002864665871
21.62	-0.0002816738101
21.63	-0.0002766451236
21.64	-0.0002713879381
21.65	-0.0002659098203
21.66	-0.000260218484
21.67	-0.000254321781
21.68	-0.0002482276917
21.69	-0.0002419443159
21.7	-0.0002354798633
21.71	-0.0002288426443
21.72	-0.0002220410605
21.73	-0.0002150835954
21.74	-0.0002079788051
21.75	-0.0002007353088
21.76	-0.0001933617797
21.77	-0.0001858669355
21.78	-0.0001782595293
21.79	-0.0001705483406
21.8	-0.0001627421659
21.81	-0.0001548498098
21.82	-0.0001468800761
21.83	-0.000138841759
21.84	-0.0001307436341
21.85	-0.0001225944499
21.86	-0.0001144029193
21.87	-0.0001061777113
21.88	-9.792744226e-05
21.89	-8.966066825e-05
21.9	-8.138587673e-05
21.91	-7.311147882e-05
21.92	-6.484580152e-05
21.93	-5.659708022e-05
21.94	-4.837345129e-05
21.95	-4.018294487e-05
21.96	-3.203347785e-05
21.97	-2.393284704e-05
21.98	-1.588872247e-05
21.99	-7.908641007e-06
22	-2.455062411e-18
22.01	7.829948714e-06
22.02	1.557410469e-05
22.03	2.322552451e-05
22.04	3.077742722e-05
22.05	3.822319952e-05
22.06	4.555640079e-05
22.07	5.277076783e-05
22.08	5.986021938e-05
22.09	6.681886049e-05
22.1	7.364098657e-05
22.11	8.032108721e-05
22.12	8.685384986e-05
22.13	9.323416315e-05
22.14	9.945712007e-05
22.15	0.0001055180209
22.16	0.0001114123757
22.17	0.0001171359071
22.18	0.0001226845522
22.19	0.0001280544646
22.2	0.000133242016
22.21	0.0001382437981
22.22	0.0001430566232
22.23	0.0001476775258
22.24	0.0001521037632
22.25	0.0001563328157
22.26	0.0001603623875
22.27	0.0001641904063
22.28	0.0001678150235
22.29	0.0001712346134
22.3	0.0001744477733
22.31	0.000177453322
22.32	0.0001802502993
22.33	0.0001828379643
22.34	0.0001852157943
22.35	0.0001873834833
22.36	0.0001893409396
22.37	0.0001910882843
22.38	0.0001926258487
22.39	0.0001939541721
22.4	0.0001950739991
22.41	0.0001959862768
22.42	0.0001966921518
22.43	0.0001971929671
22.44	0.000197490259
22.45	0.0001975857532
22.46	0.0001974813614
22.47	0.0001971791776
22.48	0.0001966814742
22.49	0.0001959906978
22.5	0.0001951094648
22.51	0.0001940405577
22.52	0.0001927869201
22.53	0.0001913516522
22.54	0.0001897380064
22.55	0.0001879493823
22.56	0.0001859893217
22.57	0.0001838615039
22.58	0.0001815697405
22.59	0.0001791179702
22.6	0.0001765102537
22.61	0.0001737507681
22.62	0.0001708438019
22.63	0.0001677937493
22.64	0.0001646051052
22.65	0.0001612824587
22.66	0.0001578304888
22.67	0.0001542539576
22.68	0.0001505577056
22.69	0.0001467466455
22.7	0.0001428257568
22.71	0.00013880008
22.72	0.0001346747109
22.73	0.000130454795
22.74	0.0001261455219
22.75	0.0001217521193
22.76	0.0001172798478
22.77	0.000112733995
22.78	0.0001081198699
22.79	0.0001034427975
22.8	9.870811324e-05
22.81	9.39211573e-05
22.82	8.908726948e-05
22.83	8.421178369e-05
22.84	7.930002262e-05
22.85	7.435729255e-05
22.86	6.938887813e-05
22.87	6.440003727e-05
22.88	5.939599616e-05
22.89	5.438194426e-05
22.9	4.936302951e-05
22.91	4.434435348e-05
22.92	3.933096678e-05
22.93	3.432786441e-05
22.94	2.933998132e-05
22.95	2.437218806e-05
22.96	1.942928645e-05
22.97	1.45160055e-05
22.98	9.636997325e-06
22.99	4.796833248e-06
23	9.678394726e-19
23.01	-4.749103959e-06
23.02	-9.446171992e-06
23.03	-1.40869927e-05
23.04	-1.866745324e-05
23.05	-2.318354242e-05
23.06	-2.763135383e-05
23.07	-3.200708862e-05
23.08	-3.630705835e-05
23.09	-4.052768754e-05
23.1	-4.466551616e-05
23.11	-4.871720202e-05
23.12	-5.267952285e-05
23.13	-5.654937848e-05
23.14	-6.032379265e-05
23.15	-6.399991481e-05
23.16	-6.757502174e-05
23.17	-7.104651904e-05
23.18	-7.441194241e-05
23.19	-7.76689589e-05
23.2	-8.081536789e-05
23.21	-8.384910205e-05
23.22	-8.676822804e-05
23.23	-8.957094717e-05
23.24	-9.225559583e-05
23.25	-9.482064585e-05
23.26	-9.726470469e-05
23.27	-9.958651546e-05
23.28	-0.0001017849569
23.29	-0.000103859043
23.3	-0.000105807923
23.31	-0.0001076308805
23.32	-0.0001093273329
23.33	-0.0001108968311
23.34	-0.0001123390579
23.35	-0.0001136538277
23.36	-0.000114841085
23.37	-0.0001159009031
23.38	-0.0001168334831
23.39	-0.000117639152
23.4	-0.0001183183614
23.41	-0.0001188716857
23.42	-0.0001192998206
23.43	-0.0001196035805
23.44	-0.0001197838971
23.45	-0.0001198418172
23.46	-0.0001197785004
23.47	-0.0001195952167
23.48	-0.0001192933443
23.49	-0.0001188743672
23.5	-0.0001183398724
23.51	-0.0001176915475
23.52	-0.0001169311778
23.53	-0.0001160606439
23.54	-0.0001150819182
23.55	-0.0001139970628
23.56	-0.000112808226
23.57	-0.0001115176393
23.58	-0.0001101276145
23.59	-0.0001086405407
23.6	-0.0001070588806
23.61	-0.000105385168
23.62	-0.0001036220038
23.63	-0.0001017720535
23.64	-9.983804302e-05
23.65	-9.782275609e-05
23.66	-9.572903047e-05
23.67	-9.355975466e-05
23.68	-9.13178645e-05
23.69	-8.900633972e-05
23.7	-8.662820051e-05
23.71	-8.41865041e-05
23.72	-8.168434125e-05
23.73	-7.912483289e-05
23.74	-7.651112661e-05
23.75	-7.384639324e-05
23.76	-7.113382346e-05
23.77	-6.837662436e-05
23.78	-6.557801603e-05
23.79	-6.274122824e-05
23.8	-5.986949704e-05
23.81	-5.69660615e-05
23.82	-5.403416033e-05
23.83	-5.107702871e-05
23.84	-4.809789504e-05
23.85	-4.509997771e-05
23.86	-4.208648203e-05
23.87	-3.906059709e-05
23.88	-3.602549273e-05
23.89	-3.298431653e-05
23.9	-2.994019085e-05
23.91	-2.689620997e-05
23.92	-2.385543723e-05
23.93	-2.082090224e-05
23.94	-1.779559823e-05
23.95	-1.47824793e-05
23.96	-1.178445793e-05
23.97	-8.804402393e-06
23.98	-5.845134345e-06
23.99	-2.909426434e-06
24	-2.708816397e-19
24.01	2.880477157e-06
24.02	5.72939293e-06
24.03	8.544192978e-06
24.04	1.132238273e-05
24.05	1.406152928e-05
24.06	1.675926327e-05
24.07	1.941328058e-05
24.08	2.202134405e-05
24.09	2.458128506e-05
24.1	2.709100499e-05
24.11	2.954847668e-05
24.12	3.195174575e-05
24.13	3.429893184e-05
24.14	3.658822975e-05
24.15	3.881791055e-05
24.16	4.098632252e-05
24.17	4.309189206e-05
24.18	4.513312452e-05
24.19	4.710860488e-05
24.2	4.90169984e-05
24.21	5.085705118e-05
24.22	5.262759059e-05
24.23	5.432752568e-05
24.24	5.59558474e-05
24.25	5.751162888e-05
24.26	5.89940255e-05
24.27	6.040227492e-05
24.28	6.173569705e-05
24.29	6.29936939e-05
24.3	6.417574936e-05
24.31	6.528142895e-05
24.32	6.631037937e-05
24.33	6.726232812e-05
24.34	6.813708291e-05
24.35	6.893453112e-05
24.36	6.965463906e-05
24.37	7.029745124e-05
24.38	7.086308957e-05
24.39	7.135175245e-05
24.4	7.176371378e-05
24.41	7.209932198e-05
24.42	7.235899888e-05
24.43	7.254323856e-05
24.44	7.265260612e-05
24.45	7.268773646e-05
24.46	7.264933286e-05
24.47	7.253816567e-05
24.48	7.235507082e-05
24.49	7.210094836e-05
24.5	7.177676088e-05
24.51	7.138353194e-05
24.52	7.092234443e-05
24.53	7.039433888e-05
24.54	6.980071177e-05
24.55	6.914271372e-05
24.56	6.842164772e-05
24.57	6.763886731e-05
24.58	6.679577467e-05
24.59	6.589381879e-05
24.6	6.493449348e-05
24.61	6.391933546e-05
24.62	6.284992235e-05
24.63	6.172787074e-05
24.64	6.05548341e-05
24.65	5.933250079e-05
24.66	5.8062592e-05
24.67	5.674685972e-05
24.68	5.53870846e-05
24.69	5.398507395e-05
24.7	5.254265961e-05
24.71	5.106169587e-05
24.72	4.954405739e-05
24.73	4.799163709e-05
24.74	4.64063441e-05
24.75	4.479010161e-05
24.76	4.314484487e-05
24.77	4.147251908e-05
24.78	3.977507732e-05
24.79	3.805447855e-05
24.8	3.631268554e-05
24.81	3.455166286e-05
24.82	3.277337491e-05
24.83	3.097978392e-05
24.84	2.917284801e-05
24.85	2.735451923e-05
24.86	2.552674171e-05
24.87	2.369144972e-05
24.88	2.185056587e-05
24.89	2.000599927e-05
24.9	1.815964371e-05
24.91	1.631337598e-05
24.92	1.446905408e-05
24.93	1.262851557e-05
24.94	1.079357593e-05
24.95	8.966026924e-06
24.96	7.147635043e-06
24.97	5.340139992e-06
24.98	3.54525319e-06
24.99	1.764656335e-06
25	-2.745220506e-20
25.01	-1.747097711e-06
25.02	-3.475052474e-06
25.03	-5.182315004e-06
25.04	-6.867372264e-06
25.05	-8.528748631e-06
25.06	-1.0165007e-05
25.07	-1.177474988e-05
25.08	-1.335662034e-05
25.09	-1.490930304e-05
25.1	-1.643152513e-05
25.11	-1.792205705e-05
25.12	-1.937971343e-05
25.13	-2.080335375e-05
25.14	-2.219188313e-05
25.15	-2.354425289e-05
25.16	-2.485946124e-05
25.17	-2.613655372e-05
25.18	-2.737462379e-05
25.19	-2.857281319e-05
25.2	-2.973031238e-05
25.21	-3.08463608e-05
25.22	-3.192024724e-05
25.23	-3.295130999e-05
25.24	-3.393893704e-05
25.25	-3.488256621e-05
25.26	-3.578168521e-05
25.27	-3.663583166e-05
25.28	-3.744459306e-05
25.29	-3.820760672e-05
25.3	-3.89245596e-05
25.31	-3.959518817e-05
25.32	-4.021927815e-05
25.33	-4.079666425e-05
25.34	-4.132722985e-05
25.35	-4.181090664e-05
25.36	-4.224767418e-05
25.37	-4.263755948e-05
25.38	-4.298063647e-05
25.39	-4.327702548e-05
25.4	-4.352689266e-05
25.41	-4.373044932e-05
25.42	-4.388795133e-05
25.43	-4.399969834e-05
25.44	-4.406603312e-05
25.45	-4.408734075e-05
25.46	-4.406404779e-05
25.47	-4.399662148e-05
25.48	-4.388556884e-05
25.49	-4.373143578e-05
25.5	-4.353480613e-05
25.51	-4.329630072e-05
25.52	-4.301657635e-05
25.53	-4.26963248e-05
25.54	-4.233627176e-05
25.55	-4.193717577e-05
25.56	-4.149982713e-05
25.57	-4.102504681e-05
25.58	-4.051368528e-05
25.59	-3.996662138e-05
25.6	-3.938476117e-05
25.61	-3.87690367e-05
25.62	-3.812040487e-05
25.63	-3.743984616e-05
25.64	-3.672836347e-05
25.65	-3.598698084e-05
25.66	-3.521674223e-05
25.67	-3.441871026e-05
25.68	-3.359396496e-05
25.69	-3.274360252e-05
25.7	-3.186873399e-05
25.71	-3.097048408e-05
25.72	-3.004998981e-05
25.73	-2.910839931e-05
25.74	-2.81468705e-05
25.75	-2.716656988e-05
25.76	-2.616867122e-05
25.77	-2.515435436e-05
25.78	-2.412480389e-05
25.79	-2.308120798e-05
25.8	-2.202475712e-05
25.81	-2.095664287e-05
25.82	-1.987805671e-05
25.83	-1.879018878e-05
25.84	-1.769422675e-05
25.85	-1.65913546e-05
25.86	-1.548275149e-05
25.87	-1.436959063e-05
25.88	-1.325303814e-05
25.89	-1.213425193e-05
25.9	-1.101438068e-05
25.91	-9.894562694e-06
25.92	-8.775924916e-06
25.93	-7.659581882e-06
25.94	-6.546634732e-06
25.95	-5.438170225e-06
25.96	-4.335259798e-06
25.97	-3.238958632e-06
25.98	-2.150304756e-06
25.99	-1.070318171e-06
26	1.329529943e-19
26.01	1.059668327e-06
26.02	2.107725869e-06
26.03	3.143232938e-06
26.04	4.16527183e-06
26.05	5.172947534e-06
26.06	6.165388405e-06
26.07	7.14174681e-06
26.08	8.101199744e-06
26.09	9.04294941e-06
26.1	9.966223775e-06
26.11	1.087027709e-05
26.12	1.175439037e-05
26.13	1.261787188e-05
26.14	1.346005751e-05
26.15	1.428031124e-05
26.16	1.507802542e-05
26.17	1.585262117e-05
26.18	1.660354863e-05
26.19	1.733028724e-05
26.2	1.803234598e-05
26.21	1.870926357e-05
26.22	1.936060862e-05
26.23	1.998597979e-05
26.24	2.058500587e-05
26.25	2.115734589e-05
26.26	2.170268913e-05
26.27	2.222075514e-05
26.28	2.271129373e-05
26.29	2.317408491e-05
26.3	2.360893881e-05
26.31	2.40156956e-05
26.32	2.439422531e-05
26.33	2.474442768e-05
26.34	2.506623199e-05
26.35	2.535959679e-05
26.36	2.562450969e-05
26.37	2.586098708e-05
26.38	2.606907379e-05
26.39	2.624884282e-05
26.4	2.640039492e-05
26.41	2.652385828e-05
26.42	2.661938807e-05
26.43	2.668716606e-05
26.44	2.672740014e-05
26.45	2.674032387e-05
26.46	2.672619597e-05
26.47	2.668529985e-05
26.48	2.661794302e-05
26.49	2.652445659e-05
26.5	2.640519468e-05
26.51	2.626053384e-05
26.52	2.609087243e-05
26.53	2.589663005e-05
26.54	2.567824684e-05
26.55	2.543618288e-05
26.56	2.517091753e-05
26.57	2.488294871e-05
26.58	2.457279226e-05
26.59	2.424098123e-05
26.6	2.388806517e-05
26.61	2.351460941e-05
26.62	2.312119431e-05
26.63	2.270841459e-05
26.64	2.227687853e-05
26.65	2.182720723e-05
26.66	2.13600339e-05
26.67	2.087600304e-05
26.68	2.037576973e-05
26.69	1.985999884e-05
26.7	1.932936425e-05
26.71	1.878454814e-05
26.72	1.822624015e-05
26.73	1.765513663e-05
26.74	1.707193993e-05
26.75	1.647735755e-05
26.76	1.587210142e-05
26.77	1.525688714e-05
26.78	1.463243322e-05
26.79	1.39994603e-05
26.8	1.335869046e-05
26.81	1.271084642e-05
26.82	1.205665085e-05
26.83	1.13968256e-05
26.84	1.073209102e-05
26.85	1.006316525e-05
26.86	9.390763475e-06
26.87	8.715597285e-06
26.88	8.038373963e-06
26.89	7.35979583e-06
26.9	6.68055958e-06
26.91	6.001355638e-06
26.92	5.322867529e-06
26.93	4.645771252e-06
26.94	3.970734683e-06
26.95	3.298416974e-06
26.96	2.629467985e-06
26.97	1.964527716e-06
26.98	1.304225762e-06
26.99	6.491807862e-07
27	1.410564731e-19
27.01	-6.427213295e-07
27.02	-1.278400362e-06
27.03	-1.906467148e-06
27.04	-2.526365071e-06
27.05	-3.13755128e-06
27.06	-3.739497096e-06
27.07	-4.331688404e-06
27.08	-4.913626025e-06
27.09	-5.484826072e-06
27.1	-6.044820281e-06
27.11	-6.593156333e-06
27.12	-7.129398146e-06
27.13	-7.653126154e-06
27.14	-8.163937564e-06
27.15	-8.661446598e-06
27.16	-9.145284707e-06
27.17	-9.615100777e-06
27.18	-1.00705613e-05
27.19	-1.051135055e-05
27.2	-1.09371707e-05
27.21	-1.134774197e-05
27.22	-1.174280272e-05
27.23	-1.21221095e-05
27.24	-1.248543719e-05
27.25	-1.283257896e-05
27.26	-1.316334636e-05
27.27	-1.347756928e-05
27.28	-1.377509597e-05
27.29	-1.405579301e-05
27.3	-1.431954523e-05
27.31	-1.45662557e-05
27.32	-1.479584557e-05
27.33	-1.500825404e-05
27.34	-1.520343822e-05
27.35	-1.538137297e-05
27.36	-1.554205077e-05
27.37	-1.568548155e-05
27.38	-1.581169253e-05
27.39	-1.592072795e-05
27.4	-1.601264895e-05
27.41	-1.608753326e-05
27.42	-1.614547501e-05
27.43	-1.618658444e-05
27.44	-1.621098764e-05
27.45	-1.621882628e-05
27.46	-1.621025728e-05
27.47	-1.618545252e-05
27.48	-1.614459854e-05
27.49	-1.608789616e-05
27.5	-1.601556015e-05
27.51	-1.592781891e-05
27.52	-1.582491407e-05
27.53	-1.570710011e-05
27.54	-1.5574644e-05
27.55	-1.542782478e-05
27.56	-1.526693321e-05
27.57	-1.509227129e-05
27.58	-1.49041519e-05
27.59	-1.470289834e-05
27.6	-1.448884393e-05
27.61	-1.426233156e-05
27.62	-1.402371324e-05
27.63	-1.377334968e-05
27.64	-1.351160983e-05
27.65	-1.32388704e-05
27.66	-1.295551545e-05
27.67	-1.26619359e-05
27.68	-1.235852906e-05
27.69	-1.20456982e-05
27.7	-1.172385205e-05
27.71	-1.139340438e-05
27.72	-1.105477346e-05
27.73	-1.070838167e-05
27.74	-1.035465499e-05
27.75	-9.994022545e-06
27.76	-9.626916146e-06
27.77	-9.253769824e-06
27.78	-8.875019373e-06
27.79	-8.491101894e-06
27.8	-8.10245534e-06
27.81	-7.709518067e-06
27.82	-7.312728393e-06
27.83	-6.912524148e-06
27.84	-6.509342248e-06
27.85	-6.103618257e-06
27.86	-5.695785966e-06
27.87	-5.286276971e-06
27.88	-4.875520263e-06
27.89	-4.46394182e-06
27.9	-4.051964209e-06
27.91	-3.640006194e-06
27.92	-3.228482354e-06
27.93	-2.817802703e-06
27.94	-2.408372327e-06
27.95	-2.000591023e-06
27.96	-1.594852952e-06
27.97	-1.191546292e-06
27.98	-7.910529121e-07
27.99	-3.937480505e-07
28	-4.276981734e-20
28.01	3.89830192e-07
28.02	7.75389015e-07
28.03	1.156330777e-06
28.04	1.532317873e-06
28.05	1.903021048e-06
28.06	2.268119641e-06
28.07	2.627301826e-06
28.08	2.980264835e-06
28.09	3.326715176e-06
28.1	3.666368833e-06
28.11	3.99895146e-06
28.12	4.324198561e-06
28.13	4.641855655e-06
28.14	4.951678436e-06
28.15	5.253432919e-06
28.16	5.546895567e-06
28.17	5.831853418e-06
28.18	6.10810419e-06
28.19	6.375456384e-06
28.2	6.633729362e-06
28.21	6.882753426e-06
28.22	7.122369879e-06
28.23	7.352431075e-06
28.24	7.572800457e-06
28.25	7.783352584e-06
28.26	7.98397315e-06
28.27	8.174558985e-06
28.28	8.355018046e-06
28.29	8.525269406e-06
28.3	8.685243217e-06
28.31	8.834880677e-06
28.32	8.974133974e-06
28.33	9.102966227e-06
28.34	9.221351415e-06
28.35	9.329274294e-06
28.36	9.426730305e-06
28.37	9.513725474e-06
28.38	9.590276299e-06
28.39	9.656409627e-06
28.4	9.71216253e-06
28.41	9.757582161e-06
28.42	9.792725608e-06
28.43	9.817659737e-06
28.44	9.832461028e-06
28.45	9.837215401e-06
28.46	9.832018039e-06
28.47	9.816973196e-06
28.48	9.792194004e-06
28.49	9.757802268e-06
28.5	9.713928264e-06
28.51	9.660710514e-06
28.52	9.598295571e-06
28.53	9.526837791e-06
28.54	9.446499098e-06
28.55	9.357448745e-06
28.56	9.259863074e-06
28.57	9.153925265e-06
28.58	9.039825084e-06
28.59	8.91775863e-06
28.6	8.787928067e-06
28.61	8.650541368e-06
28.62	8.505812043e-06
28.63	8.35395887e-06
28.64	8.195205624e-06
28.65	8.029780799e-06
28.66	7.857917334e-06
28.67	7.679852332e-06
28.68	7.495826781e-06
28.69	7.306085273e-06
28.7	7.11087572e-06
28.71	6.910449073e-06
28.72	6.705059039e-06
28.73	6.494961799e-06
28.74	6.280415722e-06
28.75	6.061681087e-06
28.76	5.839019801e-06
28.77	5.612695116e-06
28.78	5.382971355e-06
28.79	5.150113633e-06
28.8	4.914387582e-06
28.81	4.676059079e-06
28.82	4.435393976e-06
28.83	4.192657832e-06
28.84	3.948115648e-06
28.85	3.702031608e-06
28.86	3.454668819e-06
28.87	3.206289059e-06
28.88	2.957152522e-06
28.89	2.707517577e-06
28.9	2.457640525e-06
28.91	2.207775358e-06
28.92	1.958173532e-06
28.93	1.709083732e-06
28.94	1.460751656e-06
28.95	1.213419793e-06
28.96	9.67327213e-07
28.97	7.227093583e-07
28.98	4.797978447e-07
28.99	2.388202648e-07
29	-9.365443117e-24
29.01	-2.364439635e-07
29.02	-4.702972108e-07
29.03	-7.013500688e-07
29.04	-9.293977705e-07
29.05	-1.154240612e-06
29.06	-1.375684102e-06
29.07	-1.59353911e-06
29.08	-1.807621996e-06
29.09	-2.01775475e-06
29.1	-2.223765107e-06
29.11	-2.425486667e-06
29.12	-2.622759006e-06
29.13	-2.815427773e-06
29.14	-3.003344789e-06
29.15	-3.186368134e-06
29.16	-3.364362227e-06
29.17	-3.537197901e-06
29.18	-3.704752464e-06
29.19	-3.866909767e-06
29.2	-4.023560246e-06
29.21	-4.174600976e-06
29.22	-4.319935702e-06
29.23	-4.45947487e-06
29.24	-4.593135657e-06
29.25	-4.720841978e-06
29.26	-4.842524502e-06
29.27	-4.958120654e-06
29.28	-5.067574607e-06
29.29	-5.170837277e-06
29.3	-5.267866298e-06
29.31	-5.358626005e-06
29.32	-5.443087399e-06
29.33	-5.521228111e-06
29.34	-5.593032357e-06
29.35	-5.658490892e-06
29.36	-5.717600951e-06
29.37	-5.770366188e-06
29.38	-5.81679661e-06
29.39	-5.856908501e-06
29.4	-5.890724347e-06
29.41	-5.918272745e-06
29.42	-5.939588323e-06
29.43	-5.954711637e-06
29.44	-5.963689074e-06
29.45	-5.966572747e-06
29.46	-5.963420388e-06
29.47	-5.954295229e-06
29.48	-5.939265889e-06
29.49	-5.918406247e-06
29.5	-5.891795318e-06
29.51	-5.859517121e-06
29.52	-5.821660545e-06
29.53	-5.77831921e-06
29.54	-5.72959133e-06
29.55	-5.67557956e-06
29.56	-5.616390859e-06
29.57	-5.55213633e-06
29.58	-5.482931072e-06
29.59	-5.408894025e-06
29.6	-5.330147808e-06
29.61	-5.246818563e-06
29.62	-5.15903579e-06
29.63	-5.066932185e-06
29.64	-4.970643474e-06
29.65	-4.870308245e-06
29.66	-4.766067785e-06
29.67	-4.658065902e-06
29.68	-4.546448763e-06
29.69	-4.431364721e-06
29.7	-4.312964141e-06
29.71	-4.191399235e-06
29.72	-4.066823882e-06
29.73	-3.939393465e-06
29.74	-3.809264691e-06
29.75	-3.676595429e-06
29.76	-3.541544532e-06
29.77	-3.404271672e-06
29.78	-3.264937167e-06
29.79	-3.12370182e-06
29.8	-2.980726742e-06
29.81	-2.836173198e-06
29.82	-2.690202434e-06
29.83	-2.542975521e-06
29.84	-2.394653189e-06
29.85	-2.245395674e-06
29.86	-2.095362558e-06
29.87	-1.944712618e-06
29.88	-1.79360367e-06
29.89	-1.642192422e-06
29.9	-1.490634329e-06
29.91	-1.339083445e-06
29.92	-1.187692284e-06
29.93	-1.036611684e-06
29.94	-8.859906657e-07
29.95	-7.359763077e-07
29.96	-5.867136127e-07
29.97	-4.383453839e-07
29.98	-2.910121033e-07
29.99	-1.448518128e-07
30	-4.946150415e-20
