temps	angle
0	0
0.01	0.7032391683
0.02	1.398904142
0.03	2.08649965
0.04	2.765541968
0.05	3.435559203
0.06	4.096091558
0.07	4.746691593
0.08	5.386924466
0.09	6.016368166
0.1	6.634613731
0.11	7.241265455
0.12	7.835941078
0.13	8.418271968
0.14	8.987903286
0.15	9.544494143
0.16	10.08771774
0.17	10.61726148
0.18	11.13282712
0.19	11.63413084
0.2	12.12090334
0.21	12.59288992
0.22	13.04985055
0.23	13.4915599
0.24	13.91780741
0.25	14.32839728
0.26	14.72314851
0.27	15.1018949
0.28	15.46448502
0.29	15.81078221
0.3	16.14066452
0.31	16.4540247
0.32	16.75077009
0.33	17.03082262
0.34	17.29411865
0.35	17.54060894
0.36	17.77025852
0.37	17.98304658
0.38	18.17896636
0.39	18.35802498
0.4	18.52024335
0.41	18.66565596
0.42	18.79431076
0.43	18.90626895
0.44	19.00160483
0.45	19.0804056
0.46	19.14277115
0.47	19.18881385
0.48	19.21865834
0.49	19.23244133
0.5	19.23031133
0.51	19.21242841
0.52	19.17896399
0.53	19.13010055
0.54	19.06603141
0.55	18.98696042
0.56	18.8931017
0.57	18.78467939
0.58	18.66192733
0.59	18.52508879
0.6	18.37441619
0.61	18.21017077
0.62	18.03262231
0.63	17.8420488
0.64	17.63873618
0.65	17.42297797
0.66	17.195075
0.67	16.95533504
0.68	16.70407252
0.69	16.44160821
0.7	16.16826885
0.71	15.88438687
0.72	15.59030002
0.73	15.28635109
0.74	14.97288751
0.75	14.65026109
0.76	14.31882764
0.77	13.97894666
0.78	13.630981
0.79	13.27529653
0.8	12.91226181
0.81	12.54224776
0.82	12.16562735
0.83	11.78277523
0.84	11.39406747
0.85	10.99988116
0.86	10.60059416
0.87	10.19658476
0.88	9.78823133
0.89	9.375912063
0.9	8.960004632
0.91	8.540885898
0.92	8.118931607
0.93	7.69451609
0.94	7.268011972
0.95	6.839789887
0.96	6.410218187
0.97	5.979662667
0.98	5.54848629
0.99	5.117048915
1	4.685707037
1.01	4.254813522
1.02	3.82471736
1.03	3.395763413
1.04	2.968292176
1.05	2.542639539
1.06	2.119136557
1.07	1.69810923
1.08	1.279878281
1.09	0.8647589505
1.1	0.4530607874
1.11	0.04508745579
1.12	-0.3588634573
1.13	-0.7585006256
1.14	-1.15353916
1.15	-1.543700778
1.16	-1.928713967
1.17	-2.308314139
1.18	-2.682243777
1.19	-3.050252581
1.2	-3.412097596
1.21	-3.767543342
1.22	-4.116361928
1.23	-4.45833317
1.24	-4.793244691
1.25	-5.120892017
1.26	-5.441078667
1.27	-5.753616237
1.28	-6.058324469
1.29	-6.355031322
1.3	-6.643573032
1.31	-6.92379416
1.32	-7.195547638
1.33	-7.45869481
1.34	-7.713105457
1.35	-7.958657823
1.36	-8.195238629
1.37	-8.422743082
1.38	-8.641074879
1.39	-8.850146196
1.4	-9.049877683
1.41	-9.240198436
1.42	-9.42104598
1.43	-9.59236623
1.44	-9.754113455
1.45	-9.906250231
1.46	-10.04874739
1.47	-10.18158396
1.48	-10.30474711
1.49	-10.41823205
1.5	-10.52204201
1.51	-10.61618809
1.52	-10.70068923
1.53	-10.77557208
1.54	-10.84087092
1.55	-10.89662755
1.56	-10.94289118
1.57	-10.97971833
1.58	-11.00717266
1.59	-11.02532494
1.6	-11.03425282
1.61	-11.03404077
1.62	-11.02477989
1.63	-11.00656784
1.64	-10.97950861
1.65	-10.94371242
1.66	-10.89929558
1.67	-10.8463803
1.68	-10.78509453
1.69	-10.71557185
1.7	-10.63795123
1.71	-10.55237693
1.72	-10.45899827
1.73	-10.35796952
1.74	-10.24944965
1.75	-10.13360222
1.76	-10.01059518
1.77	-9.880600648
1.78	-9.743794796
1.79	-9.600357613
1.8	-9.450472738
1.81	-9.294327273
1.82	-9.132111595
1.83	-8.964019165
1.84	-8.790246338
1.85	-8.610992177
1.86	-8.426458259
1.87	-8.236848487
1.88	-8.042368899
1.89	-7.843227476
1.9	-7.639633954
1.91	-7.431799636
1.92	-7.219937198
1.93	-7.004260506
1.94	-6.784984427
1.95	-6.562324641
1.96	-6.336497458
1.97	-6.107719634
1.98	-5.87620819
1.99	-5.642180228
2	-5.405852754
2.01	-5.167442501
2.02	-4.927165757
2.03	-4.685238184
2.04	-4.441874656
2.05	-4.197289085
2.06	-3.951694258
2.07	-3.705301672
2.08	-3.458321373
2.09	-3.210961802
2.1	-2.963429634
2.11	-2.71592963
2.12	-2.468664488
2.13	-2.221834697
2.14	-1.975638392
2.15	-1.730271218
2.16	-1.485926193
2.17	-1.242793576
2.18	-1.001060739
2.19	-0.7609120414
2.2	-0.522528707
2.21	-0.2860887103
2.22	-0.05176665994
2.23	0.1802663099
2.24	0.4098426454
2.25	0.6367984754
2.26	0.8609737084
2.27	1.082212127
2.28	1.300361477
2.29	1.515273553
2.3	1.72680428
2.31	1.934813791
2.32	2.139166496
2.33	2.339731157
2.34	2.536380948
2.35	2.728993515
2.36	2.917451035
2.37	3.101640266
2.38	3.28145259
2.39	3.456784065
2.4	3.627535455
2.41	3.793612271
2.42	3.954924797
2.43	4.111388117
2.44	4.262922141
2.45	4.409451615
2.46	4.550906143
2.47	4.687220188
2.48	4.818333085
2.49	4.944189038
2.5	5.064737118
2.51	5.179931256
2.52	5.289730236
2.53	5.394097674
2.54	5.493002005
2.55	5.58641646
2.56	5.674319038
2.57	5.75669248
2.58	5.833524232
2.59	5.904806412
2.6	5.970535769
2.61	6.030713638
2.62	6.085345895
2.63	6.134442906
2.64	6.178019475
2.65	6.216094786
2.66	6.248692347
2.67	6.275839922
2.68	6.297569471
2.69	6.313917081
2.7	6.324922893
2.71	6.330631031
2.72	6.331089526
2.73	6.326350236
2.74	6.316468768
2.75	6.301504393
2.76	6.281519961
2.77	6.256581815
2.78	6.226759702
2.79	6.192126681
2.8	6.152759029
2.81	6.108736149
2.82	6.060140472
2.83	6.007057359
2.84	5.949575005
2.85	5.887784333
2.86	5.821778898
2.87	5.751654778
2.88	5.677510478
2.89	5.599446817
2.9	5.517566826
2.91	5.431975643
2.92	5.342780403
2.93	5.250090131
2.94	5.154015636
2.95	5.054669396
2.96	4.95216546
2.97	4.846619326
2.98	4.738147842
2.99	4.626869092
3	4.512902288
3.01	4.39636766
3.02	4.277386349
3.03	4.156080297
3.04	4.032572139
3.05	3.906985097
3.06	3.779442872
3.07	3.650069539
3.08	3.518989437
3.09	3.386327073
3.1	3.252207007
3.11	3.116753761
3.12	2.980091707
3.13	2.842344975
3.14	2.703637346
3.15	2.56409216
3.16	2.423832216
3.17	2.282979678
3.18	2.141655979
3.19	1.999981731
3.2	1.858076634
3.21	1.716059387
3.22	1.574047597
3.23	1.432157699
3.24	1.290504869
3.25	1.149202942
3.26	1.008364332
3.27	0.868099955
3.28	0.7285191533
3.29	0.589729619
3.3	0.4518373243
3.31	0.3149464509
3.32	0.1791593223
3.33	0.04457633866
3.34	-0.08870408671
3.35	-0.2205855881
3.36	-0.3509739062
3.37	-0.4797769444
3.38	-0.6069048229
3.39	-0.7322699301
3.4	-0.8557869723
3.41	-0.9773730203
3.42	-1.096947554
3.43	-1.214432505
3.44	-1.329752295
3.45	-1.442833873
3.46	-1.553606753
3.47	-1.662003043
3.48	-1.767957475
3.49	-1.871407435
3.5	-1.972292986
3.51	-2.070556889
3.52	-2.166144629
3.53	-2.259004424
3.54	-2.349087248
3.55	-2.43634684
3.56	-2.520739715
3.57	-2.602225171
3.58	-2.680765299
3.59	-2.756324979
3.6	-2.828871889
3.61	-2.898376497
3.62	-2.964812063
3.63	-3.028154628
3.64	-3.08838301
3.65	-3.145478792
3.66	-3.19942631
3.67	-3.250212638
3.68	-3.297827571
3.69	-3.342263609
3.7	-3.383515931
3.71	-3.421582379
3.72	-3.456463428
3.73	-3.48816216
3.74	-3.516684239
3.75	-3.542037877
3.76	-3.564233804
3.77	-3.583285232
3.78	-3.599207823
3.79	-3.612019648
3.8	-3.62174115
3.81	-3.628395105
3.82	-3.632006578
3.83	-3.632602878
3.84	-3.630213518
3.85	-3.624870167
3.86	-3.616606599
3.87	-3.605458649
3.88	-3.591464163
3.89	-3.574662943
3.9	-3.555096698
3.91	-3.53280899
3.92	-3.50784518
3.93	-3.480252373
3.94	-3.450079362
3.95	-3.41737657
3.96	-3.382195994
3.97	-3.344591146
3.98	-3.304616994
3.99	-3.262329904
4	-3.217787575
4.01	-3.171048986
4.02	-3.122174326
4.03	-3.071224943
4.04	-3.01826327
4.05	-2.963352775
4.06	-2.90655789
4.07	-2.847943952
4.08	-2.787577141
4.09	-2.725524415
4.1	-2.66185345
4.11	-2.596632574
4.12	-2.529930709
4.13	-2.461817305
4.14	-2.392362277
4.15	-2.321635949
4.16	-2.249708983
4.17	-2.176652327
4.18	-2.102537148
4.19	-2.027434772
4.2	-1.951416627
4.21	-1.87455418
4.22	-1.796918882
4.23	-1.718582103
4.24	-1.639615081
4.25	-1.560088862
4.26	-1.480074244
4.27	-1.399641719
4.28	-1.318861423
4.29	-1.237803077
4.3	-1.156535939
4.31	-1.075128747
4.32	-0.9936496708
4.33	-0.9121662609
4.34	-0.8307453991
4.35	-0.7494532503
4.36	-0.6683552155
4.37	-0.5875158858
4.38	-0.5069989974
4.39	-0.4268673878
4.4	-0.3471829532
4.41	-0.2680066071
4.42	-0.1893982402
4.43	-0.1114166813
4.44	-0.03411965983
4.45	0.04243623089
4.46	0.1181955685
4.47	0.1931041354
4.48	0.2671089515
4.49	0.3401583051
4.5	0.4122017827
4.51	0.4831902978
4.52	0.5530761173
4.53	0.6218128878
4.54	0.6893556596
4.55	0.7556609097
4.56	0.8206865632
4.57	0.8843920136
4.58	0.9467381411
4.59	1.00768733
4.6	1.067203486
4.61	1.125252048
4.62	1.181800003
4.63	1.236815898
4.64	1.290269849
4.65	1.34213355
4.66	1.392380283
4.67	1.44098492
4.68	1.487923932
4.69	1.533175389
4.7	1.576718964
4.71	1.618535933
4.72	1.658609174
4.73	1.696923168
4.74	1.733463991
4.75	1.768219312
4.76	1.80117839
4.77	1.83233206
4.78	1.861672734
4.79	1.889194384
4.8	1.914892533
4.81	1.938764246
4.82	1.960808115
4.83	1.981024247
4.84	1.999414243
4.85	2.01598119
4.86	2.030729638
4.87	2.043665584
4.88	2.054796451
4.89	2.064131069
4.9	2.071679656
4.91	2.077453789
4.92	2.08146639
4.93	2.083731693
4.94	2.084265228
4.95	2.083083786
4.96	2.080205403
4.97	2.075649324
4.98	2.069435979
4.99	2.061586955
5	2.052124966
5.01	2.041073822
5.02	2.028458401
5.03	2.014304615
5.04	1.998639383
5.05	1.981490591
5.06	1.96288707
5.07	1.942858553
5.08	1.921435649
5.09	1.898649804
5.1	1.874533271
5.11	1.849119072
5.12	1.822440965
5.13	1.794533411
5.14	1.765431535
5.15	1.735171091
5.16	1.703788429
5.17	1.671320458
5.18	1.637804609
5.19	1.603278802
5.2	1.567781405
5.21	1.531351205
5.22	1.494027365
5.23	1.455849393
5.24	1.416857104
5.25	1.377090585
5.26	1.336590159
5.27	1.29539635
5.28	1.253549847
5.29	1.211091471
5.3	1.168062137
5.31	1.124502823
5.32	1.080454531
5.33	1.035958259
5.34	0.9910549634
5.35	0.9457855276
5.36	0.9001907278
5.37	0.8543112016
5.38	0.8081874157
5.39	0.7618596348
5.4	0.7153678901
5.41	0.6687519489
5.42	0.6220512848
5.43	0.5753050481
5.44	0.528552037
5.45	0.4818306691
5.46	0.4351789539
5.47	0.3886344653
5.48	0.3422343158
5.49	0.2960151298
5.5	0.2500130192
5.51	0.2042635583
5.52	0.1588017602
5.53	0.1136620538
5.54	0.06887826096
5.55	0.02448357536
5.56	-0.01948945895
5.57	-0.06300896758
5.58	-0.1060437653
5.59	-0.1485633748
5.6	-0.1905380446
5.61	-0.2319387661
5.62	-0.2727372905
5.63	-0.3129061437
5.64	-0.3524186417
5.65	-0.3912489042
5.66	-0.4293718681
5.67	-0.4667633001
5.68	-0.5033998077
5.69	-0.5392588506
5.7	-0.5743187505
5.71	-0.6085587004
5.72	-0.6419587727
5.73	-0.6744999273
5.74	-0.7061640178
5.75	-0.7369337979
5.76	-0.7667929267
5.77	-0.7957259725
5.78	-0.8237184171
5.79	-0.8507566582
5.8	-0.8768280114
5.81	-0.9019207119
5.82	-0.9260239146
5.83	-0.9491276938
5.84	-0.9712230427
5.85	-0.992301871
5.86	-1.012357003
5.87	-1.031382174
5.88	-1.049372026
5.89	-1.066322104
5.9	-1.082228851
5.91	-1.0970896
5.92	-1.110902569
5.93	-1.123666853
5.94	-1.135382417
5.95	-1.146050085
5.96	-1.155671534
5.97	-1.164249282
5.98	-1.171786677
5.99	-1.178287889
6	-1.183757895
6.01	-1.188202469
6.02	-1.191628167
6.03	-1.194042319
6.04	-1.195453009
6.05	-1.195869065
6.06	-1.195300041
6.07	-1.193756207
6.08	-1.191248528
6.09	-1.187788652
6.1	-1.183388891
6.11	-1.178062206
6.12	-1.17182219
6.13	-1.164683048
6.14	-1.156659585
6.15	-1.147767179
6.16	-1.138021772
6.17	-1.127439844
6.18	-1.1160384
6.19	-1.103834946
6.2	-1.090847472
6.21	-1.077094432
6.22	-1.062594726
6.23	-1.047367677
6.24	-1.031433012
6.25	-1.014810842
6.26	-0.9975216443
6.27	-0.9795862364
6.28	-0.9610257606
6.29	-0.941861661
6.3	-0.9221156635
6.31	-0.9018097554
6.32	-0.880966164
6.33	-0.8596073371
6.34	-0.8377559212
6.35	-0.8154347419
6.36	-0.7926667828
6.37	-0.7694751655
6.38	-0.7458831288
6.39	-0.7219140089
6.4	-0.6975912191
6.41	-0.6729382298
6.42	-0.6479785487
6.43	-0.6227357012
6.44	-0.5972332108
6.45	-0.5714945801
6.46	-0.5455432715
6.47	-0.5194026882
6.48	-0.493096156
6.49	-0.4666469046
6.5	-0.4400780498
6.51	-0.4134125753
6.52	-0.3866733155
6.53	-0.359882938
6.54	-0.3330639269
6.55	-0.3062385661
6.56	-0.2794289228
6.57	-0.2526568319
6.58	-0.2259438802
6.59	-0.1993113911
6.6	-0.1727804098
6.61	-0.1463716892
6.62	-0.1201056749
6.63	-0.0940024924
6.64	-0.06808193317
6.65	-0.04236344204
6.66	-0.01686610458
6.67	0.00839136495
6.68	0.03339063524
6.69	0.0581137692
6.7	0.08254323471
6.71	0.106661915
6.72	0.1304531185
6.73	0.1539005883
6.74	0.1769885115
6.75	0.199701527
6.76	0.2220247345
6.77	0.2439437014
6.78	0.2654444705
6.79	0.2865135664
6.8	0.3071380019
6.81	0.3273052838
6.82	0.3470034182
6.83	0.3662209153
6.84	0.3849467939
6.85	0.4031705854
6.86	0.4208823372
6.87	0.4380726156
6.88	0.4547325088
6.89	0.4708536283
6.9	0.4864281115
6.91	0.501448622
6.92	0.5159083512
6.93	0.5298010179
6.94	0.5431208687
6.95	0.5558626774
6.96	0.5680217437
6.97	0.5795938923
6.98	0.5905754709
6.99	0.6009633477
7	0.6107549094
7.01	0.6199480575
7.02	0.6285412056
7.03	0.6365332749
7.04	0.6439236908
7.05	0.6507123774
7.06	0.6568997536
7.07	0.6624867272
7.08	0.6674746895
7.09	0.6718655091
7.1	0.6756615261
7.11	0.6788655452
7.12	0.6814808286
7.13	0.683511089
7.14	0.6849604823
7.15	0.6858335992
7.16	0.6861354576
7.17	0.6858714939
7.18	0.6850475548
7.19	0.6836698879
7.2	0.6817451331
7.21	0.6792803126
7.22	0.6762828222
7.23	0.6727604206
7.24	0.6687212203
7.25	0.6641736766
7.26	0.6591265779
7.27	0.6535890349
7.28	0.6475704698
7.29	0.6410806059
7.3	0.6341294559
7.31	0.6267273117
7.32	0.6188847326
7.33	0.6106125338
7.34	0.6019217758
7.35	0.592823752
7.36	0.5833299777
7.37	0.5734521781
7.38	0.5632022769
7.39	0.5525923842
7.4	0.541634785
7.41	0.5303419273
7.42	0.5187264102
7.43	0.5068009721
7.44	0.4945784788
7.45	0.482071912
7.46	0.469294357
7.47	0.4562589912
7.48	0.4429790725
7.49	0.4294679273
7.5	0.4157389393
7.51	0.4018055376
7.52	0.3876811852
7.53	0.373379368
7.54	0.3589135833
7.55	0.3442973283
7.56	0.3295440896
7.57	0.314667332
7.58	0.2996804875
7.59	0.2845969446
7.6	0.2694300384
7.61	0.2541930391
7.62	0.2388991428
7.63	0.2235614608
7.64	0.2081930098
7.65	0.1928067023
7.66	0.1774153369
7.67	0.1620315892
7.68	0.1466680022
7.69	0.1313369776
7.7	0.1160507671
7.71	0.1008214635
7.72	0.08566099297
7.73	0.0705811062
7.74	0.05559337102
7.75	0.04070916455
7.76	0.02593966578
7.77	0.01129584836
7.78	-0.003211526315
7.79	-0.01757191587
7.8	-0.0317750034
7.81	-0.04581070366
7.82	-0.05966916908
7.83	-0.07334079546
7.84	-0.08681622739
7.85	-0.1000863635
7.86	-0.1131423614
7.87	-0.1259756424
7.88	-0.1385778956
7.89	-0.1509410826
7.9	-0.1630574409
7.91	-0.1749194877
7.92	-0.1865200235
7.93	-0.1978521347
7.94	-0.2089091967
7.95	-0.2196848765
7.96	-0.2301731349
7.97	-0.2403682285
7.98	-0.2502647117
7.99	-0.2598574378
8	-0.2691415606
8.01	-0.2781125353
8.02	-0.286766119
8.03	-0.2950983716
8.04	-0.3031056557
8.05	-0.3107846365
8.06	-0.3181322819
8.07	-0.3251458616
8.08	-0.3318229467
8.09	-0.3381614082
8.1	-0.3441594162
8.11	-0.3498154384
8.12	-0.355128238
8.13	-0.3600968722
8.14	-0.3647206899
8.15	-0.3689993292
8.16	-0.3729327152
8.17	-0.3765210566
8.18	-0.3797648433
8.19	-0.382664843
8.2	-0.3852220974
8.21	-0.3874379194
8.22	-0.3893138888
8.23	-0.3908518482
8.24	-0.3920538994
8.25	-0.3929223987
8.26	-0.3934599526
8.27	-0.3936694131
8.28	-0.393553873
8.29	-0.3931166609
8.3	-0.3923613362
8.31	-0.3912916835
8.32	-0.3899117081
8.33	-0.3882256295
8.34	-0.3862378767
8.35	-0.3839530817
8.36	-0.3813760745
8.37	-0.3785118764
8.38	-0.3753656944
8.39	-0.3719429151
8.4	-0.3682490982
8.41	-0.3642899706
8.42	-0.3600714197
8.43	-0.3555994871
8.44	-0.3508803623
8.45	-0.3459203759
8.46	-0.340725993
8.47	-0.3353038067
8.48	-0.3296605313
8.49	-0.3238029958
8.5	-0.3177381369
8.51	-0.3114729922
8.52	-0.3050146939
8.53	-0.2983704614
8.54	-0.2915475948
8.55	-0.2845534682
8.56	-0.2773955228
8.57	-0.27008126
8.58	-0.262618235
8.59	-0.2550140496
8.6	-0.247276346
8.61	-0.2394127996
8.62	-0.231431113
8.63	-0.2233390088
8.64	-0.2151442234
8.65	-0.2068545004
8.66	-0.1984775843
8.67	-0.1900212142
8.68	-0.181493117
8.69	-0.1729010019
8.7	-0.1642525537
8.71	-0.1555554271
8.72	-0.1468172404
8.73	-0.1380455698
8.74	-0.1292479438
8.75	-0.120431837
8.76	-0.1116046649
8.77	-0.1027737784
8.78	-0.09394645807
8.79	-0.0851299093
8.8	-0.07633125688
8.81	-0.06755754003
8.82	-0.0588157075
8.83	-0.0501126127
8.84	-0.04145500912
8.85	-0.0328495457
8.86	-0.02430276247
8.87	-0.01582108626
8.88	-0.007410826521
8.89	0.0009218286357
8.9	0.009170816337
8.91	0.01733020267
8.92	0.02539418624
8.93	0.03335710168
8.94	0.04121342284
8.95	0.04895776605
8.96	0.05658489301
8.97	0.06408971372
8.98	0.07146728915
8.99	0.07871283378
9	0.08582171802
9.01	0.09278947043
9.02	0.09961177983
9.03	0.1062844973
9.04	0.1128036377
9.05	0.1191653819
9.06	0.1253660774
9.07	0.1314022406
9.08	0.1372705573
9.09	0.1429678839
9.1	0.1484912484
9.11	0.1538378511
9.12	0.1590050652
9.13	0.1639904371
9.14	0.1687916867
9.15	0.1734067079
9.16	0.1778335679
9.17	0.1820705079
9.18	0.186115942
9.19	0.1899684576
9.2	0.1936268139
9.21	0.1970899421
9.22	0.200356944
9.23	0.2034270913
9.24	0.2062998244
9.25	0.208974751
9.26	0.2114516454
9.27	0.2137304461
9.28	0.215811255
9.29	0.2176943354
9.3	0.21938011
9.31	0.2208691593
9.32	0.2221622192
9.33	0.2232601793
9.34	0.2241640802
9.35	0.2248751113
9.36	0.2253946086
9.37	0.2257240516
9.38	0.2258650613
9.39	0.2258193968
9.4	0.2255889531
9.41	0.2251757579
9.42	0.2245819683
9.43	0.2238098686
9.44	0.2228618661
9.45	0.2217404888
9.46	0.2204483816
9.47	0.2189883033
9.48	0.2173631227
9.49	0.2155758159
9.5	0.213629462
9.51	0.2115272401
9.52	0.2092724256
9.53	0.2068683863
9.54	0.204318579
9.55	0.2016265457
9.56	0.1987959098
9.57	0.1958303722
9.58	0.1927337078
9.59	0.1895097614
9.6	0.1861624441
9.61	0.1826957291
9.62	0.1791136481
9.63	0.1754202873
9.64	0.1716197835
9.65	0.1677163203
9.66	0.163714124
9.67	0.1596174599
9.68	0.1554306283
9.69	0.1511579609
9.7	0.1468038164
9.71	0.1423725772
9.72	0.1378686451
9.73	0.133296438
9.74	0.1286603856
9.75	0.123964926
9.76	0.1192145019
9.77	0.1144135569
9.78	0.1095665317
9.79	0.1046778608
9.8	0.09975196851
9.81	0.09479326581
9.82	0.08980614666
9.83	0.0847949846
9.84	0.0797641294
9.85	0.07471790367
9.86	0.06966059964
9.87	0.0645964759
9.88	0.05952975429
9.89	0.05446461674
9.9	0.04940520229
9.91	0.0443556041
9.92	0.03931986654
9.93	0.03430198237
9.94	0.02930589
9.95	0.02433547074
9.96	0.01939454624
9.97	0.01448687594
9.98	0.009616154582
9.99	0.004786009837
10	1.856611176e-16
10.01	-0.004738388243
10.02	-0.009425741964
10.03	-0.01405872405
10.04	-0.01863407521
10.05	-0.02314861582
10.06	-0.02759924782
10.07	-0.03198295638
10.08	-0.03629681154
10.09	-0.04053796983
10.1	-0.04470367568
10.11	-0.04879126284
10.12	-0.05279815567
10.13	-0.05672187034
10.14	-0.06056001598
10.15	-0.06431029567
10.16	-0.06797050745
10.17	-0.07153854513
10.18	-0.07501239911
10.19	-0.078390157
10.2	-0.0816700043
10.21	-0.08485022487
10.22	-0.08792920135
10.23	-0.09090541555
10.24	-0.09377744865
10.25	-0.09654398143
10.26	-0.09920379431
10.27	-0.1017557674
10.28	-0.1041988804
10.29	-0.1065322125
10.3	-0.1087549421
10.31	-0.1108663463
10.32	-0.1128658011
10.33	-0.1147527802
10.34	-0.1165268548
10.35	-0.1181876934
10.36	-0.1197350601
10.37	-0.1211688147
10.38	-0.1224889118
10.39	-0.1236953993
10.4	-0.1247884181
10.41	-0.1257682006
10.42	-0.1266350698
10.43	-0.1273894381
10.44	-0.1280318063
10.45	-0.1285627617
10.46	-0.1289829774
10.47	-0.1292932107
10.48	-0.1294943013
10.49	-0.1295871704
10.5	-0.1295728185
10.51	-0.1294523243
10.52	-0.1292268428
10.53	-0.1288976036
10.54	-0.1284659091
10.55	-0.127933133
10.56	-0.1273007179
10.57	-0.1265701741
10.58	-0.1257430772
10.59	-0.1248210664
10.6	-0.1238058425
10.61	-0.1226991655
10.62	-0.1215028533
10.63	-0.1202187792
10.64	-0.1188488695
10.65	-0.1173951022
10.66	-0.115859504
10.67	-0.1142441488
10.68	-0.1125511553
10.69	-0.1107826847
10.7	-0.1089409386
10.71	-0.1070281568
10.72	-0.1050466153
10.73	-0.1029986234
10.74	-0.1008865225
10.75	-0.09871268275
10.76	-0.09647950175
10.77	-0.09418940172
10.78	-0.09184482754
10.79	-0.08944824442
10.8	-0.08700213571
10.81	-0.08450900067
10.82	-0.08197135228
10.83	-0.07939171502
10.84	-0.07677262269
10.85	-0.07411661624
10.86	-0.07142624164
10.87	-0.06870404768
10.88	-0.06595258392
10.89	-0.06317439855
10.9	-0.06037203632
10.91	-0.05754803651
10.92	-0.05470493086
10.93	-0.05184524159
10.94	-0.04897147946
10.95	-0.04608614174
10.96	-0.0431917104
10.97	-0.04029065013
10.98	-0.03738540655
10.99	-0.03447840438
11	-0.03157204567
11.01	-0.028668708
11.02	-0.02577074286
11.03	-0.0228804739
11.04	-0.02000019536
11.05	-0.01713217045
11.06	-0.01427862981
11.07	-0.01144176999
11.08	-0.008623752026
11.09	-0.005826699975
11.1	-0.003052699573
11.11	-0.0003037968875
11.12	0.002418002955
11.13	0.005110737014
11.14	0.007772485722
11.15	0.01040137403
11.16	0.01299557249
11.17	0.01555329832
11.18	0.01807281641
11.19	0.02055244023
11.2	0.02299053276
11.21	0.02538550735
11.22	0.0277358285
11.23	0.03004001261
11.24	0.03229662868
11.25	0.034504299
11.26	0.03666169968
11.27	0.03876756126
11.28	0.04082066917
11.29	0.04281986423
11.3	0.04476404298
11.31	0.04665215808
11.32	0.04848321862
11.33	0.05025629031
11.34	0.05197049577
11.35	0.05362501459
11.36	0.05521908352
11.37	0.05675199647
11.38	0.05822310455
11.39	0.05963181601
11.4	0.06097759617
11.41	0.06225996732
11.42	0.06347850849
11.43	0.06463285525
11.44	0.06572269948
11.45	0.06674778901
11.46	0.06770792732
11.47	0.0686029731
11.48	0.06943283985
11.49	0.07019749539
11.5	0.07089696137
11.51	0.07153131267
11.52	0.07210067686
11.53	0.07260523353
11.54	0.07304521366
11.55	0.07342089889
11.56	0.0737326208
11.57	0.07398076014
11.58	0.07416574602
11.59	0.0742880551
11.6	0.07434821068
11.61	0.07434678187
11.62	0.07428438261
11.63	0.07416167075
11.64	0.07397934706
11.65	0.07373815426
11.66	0.07343887595
11.67	0.07308233556
11.68	0.07266939534
11.69	0.07220095519
11.7	0.07167795159
11.71	0.07110135647
11.72	0.07047217604
11.73	0.06979144962
11.74	0.0690602485
11.75	0.06827967468
11.76	0.06745085973
11.77	0.06657496349
11.78	0.06565317291
11.79	0.06468670077
11.8	0.06367678442
11.81	0.06262468456
11.82	0.06153168392
11.83	0.06039908603
11.84	0.05922821393
11.85	0.0580204089
11.86	0.05677702914
11.87	0.05549944855
11.88	0.05418905539
11.89	0.05284725103
11.9	0.05147544868
11.91	0.05007507205
11.92	0.04864755418
11.93	0.04719433606
11.94	0.04571686546
11.95	0.04421659562
11.96	0.04269498403
11.97	0.04115349118
11.98	0.03959357934
11.99	0.03801671133
12	0.03642434934
12.01	0.0348179537
12.02	0.03319898173
12.03	0.03156888656
12.04	0.02992911601
12.05	0.0282811114
12.06	0.02662630647
12.07	0.02496612628
12.08	0.02330198612
12.09	0.02163529044
12.1	0.01996743181
12.11	0.0182997899
12.12	0.01663373048
12.13	0.01497060443
12.14	0.01331174677
12.15	0.01165847576
12.16	0.01001209193
12.17	0.008373877247
12.18	0.006745094205
12.19	0.005126985006
12.2	0.003520770734
12.21	0.001927650567
12.22	0.000348801011
12.23	-0.001214624842
12.24	-0.002761498023
12.25	-0.004290714376
12.26	-0.005801195215
12.27	-0.007291887954
12.28	-0.008761766712
12.29	-0.01020983289
12.3	-0.01163511572
12.31	-0.01303667277
12.32	-0.01441359047
12.33	-0.01576498453
12.34	-0.01709000039
12.35	-0.01838781367
12.36	-0.01965763045
12.37	-0.02089868772
12.38	-0.02211025363
12.39	-0.02329162782
12.4	-0.02444214163
12.41	-0.02556115842
12.42	-0.02664807367
12.43	-0.02770231523
12.44	-0.02872334345
12.45	-0.02971065128
12.46	-0.03066376439
12.47	-0.0315822412
12.48	-0.03246567295
12.49	-0.03331368369
12.5	-0.03412593026
12.51	-0.03490210226
12.52	-0.03564192197
12.53	-0.03634514423
12.54	-0.03701155638
12.55	-0.03764097802
12.56	-0.03823326093
12.57	-0.03878828882
12.58	-0.03930597709
12.59	-0.03978627265
12.6	-0.04022915357
12.61	-0.04063462886
12.62	-0.04100273811
12.63	-0.04133355117
12.64	-0.04162716778
12.65	-0.04188371721
12.66	-0.04210335785
12.67	-0.04228627677
12.68	-0.04243268932
12.69	-0.04254283865
12.7	-0.04261699523
12.71	-0.04265545636
12.72	-0.04265854567
12.73	-0.04262661259
12.74	-0.04256003178
12.75	-0.04245920261
12.76	-0.04232454857
12.77	-0.04215651667
12.78	-0.04195557685
12.79	-0.04172222139
12.8	-0.04145696424
12.81	-0.0411603404
12.82	-0.0408329053
12.83	-0.04047523411
12.84	-0.04008792105
12.85	-0.03967157878
12.86	-0.03922683765
12.87	-0.03875434505
12.88	-0.03825476469
12.89	-0.03772877587
12.9	-0.03717707284
12.91	-0.03660036398
12.92	-0.03599937118
12.93	-0.03537482905
12.94	-0.03472748418
12.95	-0.03405809449
12.96	-0.0333674284
12.97	-0.03265626414
12.98	-0.03192538903
12.99	-0.03117559871
13	-0.03040769643
13.01	-0.02962249228
13.02	-0.02882080251
13.03	-0.02800344876
13.04	-0.02717125734
13.05	-0.02632505851
13.06	-0.02546568576
13.07	-0.0245939751
13.08	-0.02371076432
13.09	-0.02281689234
13.1	-0.02191319844
13.11	-0.02100052165
13.12	-0.02007969997
13.13	-0.01915156979
13.14	-0.01821696514
13.15	-0.01727671708
13.16	-0.01633165301
13.17	-0.01538259607
13.18	-0.01443036447
13.19	-0.0134757709
13.2	-0.01251962188
13.21	-0.0115627172
13.22	-0.01060584928
13.23	-0.009649802672
13.24	-0.00869535341
13.25	-0.007743268512
13.26	-0.006794305422
13.27	-0.005849211487
13.28	-0.004908723443
13.29	-0.003973566917
13.3	-0.003044455944
13.31	-0.002122092494
13.32	-0.001207166018
13.33	-0.0003003530073
13.34	0.0005976834348
13.35	0.001486294001
13.36	0.002364843578
13.37	0.003232711623
13.38	0.00408929253
13.39	0.004933995978
13.4	0.005766247262
13.41	0.006585487609
13.42	0.007391174481
13.43	0.008182781852
13.44	0.008959800483
13.45	0.009721738165
13.46	0.01046811996
13.47	0.01119848842
13.48	0.01191240376
13.49	0.01260944411
13.5	0.0132892056
13.51	0.01395130258
13.52	0.0145953677
13.53	0.01522105208
13.54	0.01582802537
13.55	0.01641597588
13.56	0.0169846106
13.57	0.01753365528
13.58	0.0180628545
13.59	0.01857197162
13.6	0.01906078885
13.61	0.01952910722
13.62	0.01997674654
13.63	0.02040354539
13.64	0.02080936103
13.65	0.02119406939
13.66	0.0215575649
13.67	0.02189976049
13.68	0.02222058739
13.69	0.02251999505
13.7	0.02279795102
13.71	0.02305444072
13.72	0.02328946738
13.73	0.02350305176
13.74	0.02369523201
13.75	0.02386606348
13.76	0.02401561846
13.77	0.02414398597
13.78	0.02425127155
13.79	0.02433759695
13.8	0.02440309992
13.81	0.02444793391
13.82	0.02447226782
13.83	0.02447628566
13.84	0.02446018628
13.85	0.02442418306
13.86	0.02436850358
13.87	0.02429338929
13.88	0.02419909518
13.89	0.02408588945
13.9	0.02395405313
13.91	0.02380387973
13.92	0.02363567491
13.93	0.02344975604
13.94	0.02324645188
13.95	0.0230261022
13.96	0.02278905735
13.97	0.02253567788
13.98	0.02226633416
13.99	0.02198140599
14	0.02168128214
14.01	0.02136636
14.02	0.02103704513
14.03	0.02069375089
14.04	0.02033689794
14.05	0.01996691394
14.06	0.01958423301
14.07	0.01918929541
14.08	0.01878254703
14.09	0.01836443905
14.1	0.01793542746
14.11	0.01749597266
14.12	0.01704653903
14.13	0.01658759452
14.14	0.01611961023
14.15	0.01564305997
14.16	0.01515841989
14.17	0.01466616802
14.18	0.01416678386
14.19	0.01366074804
14.2	0.0131485418
14.21	0.01263064671
14.22	0.01210754419
14.23	0.01157971512
14.24	0.01104763952
14.25	0.01051179607
14.26	0.00997266181
14.27	0.00943071172
14.28	0.008886418364
14.29	0.008340251528
14.3	0.007792677858
14.31	0.007244160513
14.32	0.006695158817
14.33	0.00614612792
14.34	0.005597518469
14.35	0.005049776278
14.36	0.004503342018
14.37	0.0039586509
14.38	0.003416132373
14.39	0.002876209835
14.4	0.002339300337
14.41	0.001805814314
14.42	0.001276155304
14.43	0.0007507196936
14.44	0.0002298964596
14.45	-0.0002859330746
14.46	-0.0007963954759
14.47	-0.00130112543
14.48	-0.001799765958
14.49	-0.002291968631
14.5	-0.002777393765
14.51	-0.003255710617
14.52	-0.003726597565
14.53	-0.004189742281
14.54	-0.004644841898
14.55	-0.005091603159
14.56	-0.005529742566
14.57	-0.005958986514
14.58	-0.006379071417
14.59	-0.006789743824
14.6	-0.007190760528
14.61	-0.007581888662
14.62	-0.007962905787
14.63	-0.00833359997
14.64	-0.008693769856
14.65	-0.009043224727
14.66	-0.009381784549
14.67	-0.009709280019
14.68	-0.01002555259
14.69	-0.01033045451
14.7	-0.01062384881
14.71	-0.01090560933
14.72	-0.01117562071
14.73	-0.01143377837
14.74	-0.01167998849
14.75	-0.01191416801
14.76	-0.01213624452
14.77	-0.01234615631
14.78	-0.01254385221
14.79	-0.01272929163
14.8	-0.01290244439
14.81	-0.01306329073
14.82	-0.01321182116
14.83	-0.01334803638
14.84	-0.0134719472
14.85	-0.01358357441
14.86	-0.01368294867
14.87	-0.01377011039
14.88	-0.01384510958
14.89	-0.01390800574
14.9	-0.01395886772
14.91	-0.01399777353
14.92	-0.01402481021
14.93	-0.01404007371
14.94	-0.01404366864
14.95	-0.01403570815
14.96	-0.01401631375
14.97	-0.01398561513
14.98	-0.01394374994
14.99	-0.01389086364
15	-0.01382710925
15.01	-0.01375264723
15.02	-0.01366764519
15.03	-0.01357227774
15.04	-0.01346672623
15.05	-0.01335117858
15.06	-0.01322582904
15.07	-0.01309087796
15.08	-0.01294653156
15.09	-0.01279300175
15.1	-0.01263050583
15.11	-0.0124592663
15.12	-0.01227951063
15.13	-0.01209147101
15.14	-0.01189538411
15.15	-0.01169149084
15.16	-0.01148003613
15.17	-0.01126126866
15.18	-0.01103544065
15.19	-0.01080280759
15.2	-0.01056362802
15.21	-0.01031816326
15.22	-0.0100666772
15.23	-0.009809436048
15.24	-0.009546708072
15.25	-0.009278763374
15.26	-0.00900587365
15.27	-0.008728311949
15.28	-0.008446352433
15.29	-0.008160270145
15.3	-0.007870340774
15.31	-0.007576840418
15.32	-0.007280045362
15.33	-0.00698023184
15.34	-0.006677675817
15.35	-0.006372652758
15.36	-0.006065437413
15.37	-0.005756303597
15.38	-0.005445523973
15.39	-0.00513336984
15.4	-0.004820110928
15.41	-0.004506015187
15.42	-0.004191348588
15.43	-0.003876374923
15.44	-0.003561355612
15.45	-0.003246549511
15.46	-0.002932212726
15.47	-0.002618598429
15.48	-0.002305956681
15.49	-0.001994534256
15.5	-0.001684574473
15.51	-0.00137631703
15.52	-0.001069997844
15.53	-0.000765848894
15.54	-0.0004640980718
15.55	-0.0001649690332
15.56	0.0001313189414
15.57	0.000424551084
15.58	0.0007145172702
15.59	0.001001012145
15.6	0.001283835245
15.61	0.001562791113
15.62	0.001837689408
15.63	0.002108345012
15.64	0.002374578129
15.65	0.00263621438
15.66	0.00289308489
15.67	0.003145026377
15.68	0.003391881223
15.69	0.003633497554
15.7	0.003869729302
15.71	0.004100436269
15.72	0.004325484186
15.73	0.004544744761
15.74	0.004758095724
15.75	0.004965420872
15.76	0.005166610099
15.77	0.005361559429
15.78	0.005550171037
15.79	0.005732353272
15.8	0.005908020668
15.81	0.006077093954
15.82	0.006239500056
15.83	0.006395172096
15.84	0.006544049386
15.85	0.006686077414
15.86	0.00682120783
15.87	0.006949398423
15.88	0.007070613093
15.89	0.007184821823
15.9	0.007292000641
15.91	0.00739213158
15.92	0.007485202633
15.93	0.007571207703
15.94	0.00765014655
15.95	0.007722024732
15.96	0.007786853546
15.97	0.007844649955
15.98	0.007895436525
15.99	0.007939241346
16	0.007976097956
16.01	0.008006045257
16.02	0.008029127435
16.03	0.008045393863
16.04	0.008054899017
16.05	0.008057702376
16.06	0.008053868325
16.07	0.008043466052
16.08	0.008026569444
16.09	0.00800325698
16.1	0.007973611624
16.11	0.007937720704
16.12	0.007895675806
16.13	0.007847572651
16.14	0.007793510977
16.15	0.007733594419
16.16	0.007667930381
16.17	0.007596629914
16.18	0.007519807587
16.19	0.007437581359
16.2	0.007350072447
16.21	0.007257405197
16.22	0.007159706947
16.23	0.007057107896
16.24	0.006949740967
16.25	0.00683774167
16.26	0.00672124797
16.27	0.006600400142
16.28	0.00647534064
16.29	0.006346213952
16.3	0.006213166468
16.31	0.006076346335
16.32	0.005935903321
16.33	0.005791988677
16.34	0.005644754995
16.35	0.005494356072
16.36	0.005340946771
16.37	0.005184682882
16.38	0.005025720989
16.39	0.00486421833
16.4	0.004700332661
16.41	0.004534222126
16.42	0.004366045118
16.43	0.004195960149
16.44	0.004024125721
16.45	0.003850700191
16.46	0.003675841649
16.47	0.003499707784
16.48	0.003322455764
16.49	0.00314424211
16.5	0.002965222575
16.51	0.002785552021
16.52	0.002605384305
16.53	0.002424872162
16.54	0.002244167087
16.55	0.002063419228
16.56	0.001882777272
16.57	0.001702388343
16.58	0.00152239789
16.59	0.001342949589
16.6	0.001164185244
16.61	0.0009862446838
16.62	0.0008092656718
16.63	0.0006333838115
16.64	0.0004587324573
16.65	0.0002854426272
16.66	0.0001136429187
16.67	-5.654057228e-05
16.68	-0.0002249843305
16.69	-0.0003915674968
16.7	-0.0005561719406
16.71	-0.0007186823299
16.72	-0.000878986198
16.73	-0.001036974007
16.74	-0.00119253921
16.75	-0.001345578305
16.76	-0.001495990893
16.77	-0.001643679731
16.78	-0.001788550773
16.79	-0.001930513225
16.8	-0.002069479578
16.81	-0.002205365655
16.82	-0.00233809064
16.83	-0.002467577117
16.84	-0.002593751095
16.85	-0.002716542036
16.86	-0.002835882881
16.87	-0.002951710066
16.88	-0.003063963543
16.89	-0.003172586792
16.9	-0.003277526834
16.91	-0.003378734238
16.92	-0.003476163127
16.93	-0.003569771179
16.94	-0.003659519628
16.95	-0.003745373259
16.96	-0.003827300403
16.97	-0.003905272928
16.98	-0.003979266222
16.99	-0.004049259185
17	-0.004115234209
17.01	-0.004177177154
17.02	-0.00423507733
17.03	-0.00428892747
17.04	-0.0043387237
17.05	-0.004384465511
17.06	-0.004426155724
17.07	-0.004463800456
17.08	-0.004497409081
17.09	-0.004526994191
17.1	-0.004552571552
17.11	-0.004574160063
17.12	-0.004591781704
17.13	-0.004605461491
17.14	-0.004615227426
17.15	-0.004621110442
17.16	-0.004623144347
17.17	-0.004621365774
17.18	-0.004615814116
17.19	-0.00460653147
17.2	-0.004593562573
17.21	-0.004576954744
17.22	-0.004556757812
17.23	-0.004533024057
17.24	-0.004505808139
17.25	-0.004475167031
17.26	-0.004441159948
17.27	-0.004403848276
17.28	-0.004363295504
17.29	-0.004319567144
17.3	-0.004272730665
17.31	-0.004222855409
17.32	-0.004170012526
17.33	-0.00411427489
17.34	-0.004055717023
17.35	-0.003994415021
17.36	-0.003930446473
17.37	-0.003863890383
17.38	-0.003794827091
17.39	-0.003723338197
17.4	-0.003649506474
17.41	-0.003573415798
17.42	-0.003495151059
17.43	-0.003414798089
17.44	-0.003332443577
17.45	-0.003248174993
17.46	-0.003162080504
17.47	-0.0030742489
17.48	-0.002984769512
17.49	-0.002893732132
17.5	-0.002801226939
17.51	-0.002707344416
17.52	-0.002612175278
17.53	-0.002515810392
17.54	-0.002418340701
17.55	-0.00231985715
17.56	-0.00222045061
17.57	-0.002120211805
17.58	-0.002019231241
17.59	-0.001917599129
17.6	-0.001815405318
17.61	-0.001712739225
17.62	-0.001609689762
17.63	-0.001506345274
17.64	-0.001402793465
17.65	-0.001299121341
17.66	-0.001195415137
17.67	-0.00109176026
17.68	-0.0009882412253
17.69	-0.0008849415942
17.7	-0.0007819439177
17.71	-0.0006793296777
17.72	-0.0005771792305
17.73	-0.0004755717527
17.74	-0.0003745851874
17.75	-0.0002742961931
17.76	-0.0001747800932
17.77	-7.611082758e-05
17.78	2.163909409e-05
17.79	0.0001183986378
17.8	0.0002140982888
17.81	0.0003086700933
17.82	0.0004020476988
17.83	0.0004941663926
17.84	0.0005849631388
17.85	0.0006743766127
17.86	0.0007623472347
17.87	0.0008488172014
17.88	0.0009337305156
17.89	0.001017033014
17.9	0.001098672394
17.91	0.001178598238
17.92	0.001256762033
17.93	0.001333117197
17.94	0.001407619095
17.95	0.001480225054
17.96	0.001550894384
17.97	0.001619588384
17.98	0.001686270363
17.99	0.001750905643
18	0.001813461571
18.01	0.001873907523
18.02	0.001932214911
18.03	0.001988357188
18.04	0.002042309843
18.05	0.002094050409
18.06	0.002143558454
18.07	0.002190815583
18.08	0.002235805428
18.09	0.002278513645
18.1	0.002318927906
18.11	0.002357037883
18.12	0.002392835245
18.13	0.002426313639
18.14	0.002457468678
18.15	0.002486297923
18.16	0.002512800869
18.17	0.002536978923
18.18	0.002558835386
18.19	0.00257837543
18.2	0.002595606075
18.21	0.002610536167
18.22	0.002623176349
18.23	0.002633539037
18.24	0.002641638395
18.25	0.002647490297
18.26	0.002651112307
18.27	0.002652523641
18.28	0.002651745138
18.29	0.002648799226
18.3	0.002643709888
18.31	0.002636502625
18.32	0.002627204423
18.33	0.002615843715
18.34	0.002602450342
18.35	0.002587055515
18.36	0.002569691777
18.37	0.002550392962
18.38	0.002529194154
18.39	0.002506131649
18.4	0.002481242906
18.41	0.002454566514
18.42	0.002426142141
18.43	0.002396010497
18.44	0.002364213284
18.45	0.002330793159
18.46	0.002295793682
18.47	0.002259259278
18.48	0.002221235188
18.49	0.002181767424
18.5	0.002140902726
18.51	0.002098688513
18.52	0.002055172842
18.53	0.002010404355
18.54	0.001964432241
18.55	0.001917306187
18.56	0.00186907633
18.57	0.001819793215
18.58	0.001769507748
18.59	0.00171827115
18.6	0.001666134913
18.61	0.001613150755
18.62	0.001559370574
18.63	0.001504846404
18.64	0.001449630374
18.65	0.00139377466
18.66	0.001337331444
18.67	0.00128035287
18.68	0.001222891003
18.69	0.001164997787
18.7	0.001106725001
18.71	0.001048124223
18.72	0.0009892467842
18.73	0.000930143733
18.74	0.0008708657951
18.75	0.0008114633348
18.76	0.0007519863172
18.77	0.0006924842717
18.78	0.0006330062553
18.79	0.0005736008169
18.8	0.0005143159632
18.81	0.0004551991241
18.82	0.0003962971198
18.83	0.0003376561284
18.84	0.0002793216543
18.85	0.0002213384979
18.86	0.0001637507255
18.87	0.0001066016407
18.88	4.993375632e-05
18.89	-6.211232489e-06
18.9	-6.179247442e-05
18.91	-0.000116769987
18.92	-0.000171104681
18.93	-0.0002247583831
18.94	-0.0002776938588
18.95	-0.0003298748328
18.96	-0.00038126601
18.97	-0.0004318330942
18.98	-0.0004815428065
18.99	-0.0005303629022
19	-0.0005782621874
19.01	-0.0006252105338
19.02	-0.000671178893
19.03	-0.0007161393094
19.04	-0.0007600649323
19.05	-0.0008029300272
19.06	-0.0008447099853
19.07	-0.000885381333
19.08	-0.0009249217395
19.09	-0.000963310024
19.1	-0.001000526161
19.11	-0.001036551287
19.12	-0.001071367702
19.13	-0.001104958873
19.14	-0.001137309439
19.15	-0.001168405207
19.16	-0.001198233155
19.17	-0.001226781432
19.18	-0.001254039353
19.19	-0.001279997399
19.2	-0.00130464721
19.21	-0.001327981584
19.22	-0.00134999447
19.23	-0.001370680959
19.24	-0.001390037282
19.25	-0.001408060797
19.26	-0.001424749979
19.27	-0.001440104418
19.28	-0.001454124798
19.29	-0.001466812894
19.3	-0.001478171554
19.31	-0.001488204689
19.32	-0.001496917258
19.33	-0.001504315255
19.34	-0.001510405691
19.35	-0.001515196581
19.36	-0.001518696926
19.37	-0.001520916696
19.38	-0.001521866812
19.39	-0.001521559127
19.4	-0.00152000641
19.41	-0.001517222322
19.42	-0.0015132214
19.43	-0.001508019032
19.44	-0.001501631442
19.45	-0.001494075661
19.46	-0.001485369512
19.47	-0.001475531581
19.48	-0.001464581201
19.49	-0.001452538422
19.5	-0.001439423992
19.51	-0.001425259333
19.52	-0.001410066512
19.53	-0.001393868223
19.54	-0.001376687756
19.55	-0.001358548979
19.56	-0.001339476304
19.57	-0.001319494669
19.58	-0.001298629508
19.59	-0.001276906728
19.6	-0.001254352682
19.61	-0.00123099414
19.62	-0.001206858268
19.63	-0.001181972599
19.64	-0.001156365005
19.65	-0.001130063677
19.66	-0.00110309709
19.67	-0.001075493985
19.68	-0.001047283336
19.69	-0.001018494329
19.7	-0.0009891563343
19.71	-0.0009592988792
19.72	-0.0009289516235
19.73	-0.0008981443341
19.74	-0.0008669068587
19.75	-0.000835269101
19.76	-0.0008032609954
19.77	-0.0007709124825
19.78	-0.0007382534838
19.79	-0.0007053138781
19.8	-0.0006721234769
19.81	-0.0006387120009
19.82	-0.0006051090564
19.83	-0.0005713441121
19.84	-0.0005374464763
19.85	-0.0005034452748
19.86	-0.0004693694283
19.87	-0.000435247631
19.88	-0.0004011083293
19.89	-0.0003669797009
19.9	-0.0003328896345
19.91	-0.0002988657095
19.92	-0.0002649351767
19.93	-0.0002311249392
19.94	-0.0001974615336
19.95	-0.000163971112
19.96	-0.0001306794246
19.97	-9.761180227e-05
19.98	-6.479313991e-05
19.99	-3.224788062e-05
20	-2.50194954e-18
20.01	3.192700885e-05
20.02	6.351014978e-05
20.03	9.472693754e-05
20.04	0.0001255554111
20.05	0.0001559741465
20.06	0.0001859622691
20.07	0.0002154994649
20.08	0.0002445659924
20.09	0.0002731426921
20.1	0.0003012109974
20.11	0.000328752943
20.12	0.0003557511746
20.13	0.0003821889561
20.14	0.0004080501779
20.15	0.0004333193637
20.16	0.0004579816767
20.17	0.0004820229255
20.18	0.0005054295695
20.19	0.0005281887231
20.2	0.0005502881604
20.21	0.000571716318
20.22	0.0005924622984
20.23	0.0006125158719
20.24	0.0006318674787
20.25	0.0006505082299
20.26	0.0006684299082
20.27	0.0006856249676
20.28	0.0007020865337
20.29	0.0007178084017
20.3	0.0007327850356
20.31	0.0007470115656
20.32	0.0007604837858
20.33	0.0007731981507
20.34	0.0007851517719
20.35	0.0007963424138
20.36	0.0008067684886
20.37	0.0008164290517
20.38	0.0008253237958
20.39	0.0008334530448
20.4	0.0008408177474
20.41	0.0008474194697
20.42	0.0008532603883
20.43	0.0008583432823
20.44	0.0008626715247
20.45	0.0008662490742
20.46	0.0008690804656
20.47	0.0008711708008
20.48	0.0008725257389
20.49	0.0008731514857
20.5	0.0008730547836
20.51	0.0008722429002
20.52	0.0008707236179
20.53	0.0008685052215
20.54	0.000865596487
20.55	0.0008620066694
20.56	0.0008577454901
20.57	0.0008528231248
20.58	0.0008472501899
20.59	0.0008410377301
20.6	0.0008341972046
20.61	0.000826740474
20.62	0.0008186797861
20.63	0.0008100277624
20.64	0.0008007973837
20.65	0.0007910019763
20.66	0.0007806551972
20.67	0.0007697710197
20.68	0.0007583637192
20.69	0.0007464478578
20.7	0.0007340382702
20.71	0.0007211500481
20.72	0.000707798526
20.73	0.0006939992656
20.74	0.0006797680413
20.75	0.0006651208245
20.76	0.0006500737693
20.77	0.0006346431967
20.78	0.0006188455801
20.79	0.0006026975301
20.8	0.0005862157792
20.81	0.0005694171675
20.82	0.0005523186271
20.83	0.000534937168
20.84	0.0005172898627
20.85	0.000499393832
20.86	0.0004812662305
20.87	0.0004629242319
20.88	0.0004443850149
20.89	0.0004256657491
20.9	0.000406783581
20.91	0.0003877556199
20.92	0.0003685989247
20.93	0.00034933049
20.94	0.0003299672331
20.95	0.0003105259805
20.96	0.0002910234555
20.97	0.0002714762651
20.98	0.0002519008879
20.99	0.0002323136613
21	0.0002127307703
21.01	0.000193168235
21.02	0.0001736418995
21.03	0.0001541674204
21.04	0.0001347602563
21.05	0.0001154356565
21.06	9.620865086e-05
21.07	7.709403978e-05
21.08	5.810638408e-05
21.09	3.925999561e-05
21.1	2.056892792e-05
21.11	2.046967326e-06
21.12	-1.629237576e-05
21.13	-3.443587513e-05
21.14	-5.237059684e-05
21.15	-7.00839069e-05
21.16	-8.756347864e-05
21.17	-0.0001047972998
21.18	-0.0001217736791
21.19	-0.0001384812529
21.2	-0.0001549089912
21.21	-0.0001710462031
21.22	-0.0001868825424
21.23	-0.0002024080128
21.24	-0.0002176129723
21.25	-0.0002324881379
21.26	-0.0002470245893
21.27	-0.000261213773
21.28	-0.0002750475054
21.29	-0.0002885179757
21.3	-0.000301617749
21.31	-0.0003143397685
21.32	-0.0003266773574
21.33	-0.0003386242205
21.34	-0.000350174446
21.35	-0.0003613225062
21.36	-0.0003720632581
21.37	-0.0003823919443
21.38	-0.0003923041926
21.39	-0.0004017960157
21.4	-0.0004108638111
21.41	-0.00041950436
21.42	-0.0004277148258
21.43	-0.0004354927531
21.44	-0.0004428360657
21.45	-0.0004497430647
21.46	-0.0004562124257
21.47	-0.0004622431967
21.48	-0.0004678347949
21.49	-0.0004729870034
21.5	-0.0004776999681
21.51	-0.0004819741936
21.52	-0.0004858105393
21.53	-0.0004892102154
21.54	-0.0004921747782
21.55	-0.0004947061254
21.56	-0.0004968064911
21.57	-0.0004984784408
21.58	-0.0004997248659
21.59	-0.0005005489779
21.6	-0.000500954303
21.61	-0.0005009446758
21.62	-0.0005005242329
21.63	-0.0004996974069
21.64	-0.0004984689195
21.65	-0.0004968437752
21.66	-0.0004948272538
21.67	-0.0004924249036
21.68	-0.0004896425342
21.69	-0.0004864862093
21.7	-0.0004829622388
21.71	-0.0004790771715
21.72	-0.0004748377871
21.73	-0.0004702510886
21.74	-0.0004653242941
21.75	-0.0004600648291
21.76	-0.0004544803179
21.77	-0.0004485785754
21.78	-0.0004423675994
21.79	-0.0004358555613
21.8	-0.0004290507985
21.81	-0.0004219618054
21.82	-0.000414597225
21.83	-0.0004069658405
21.84	-0.0003990765663
21.85	-0.00039093844
21.86	-0.0003825606131
21.87	-0.0003739523428
21.88	-0.0003651229831
21.89	-0.0003560819765
21.9	-0.0003468388449
21.91	-0.0003374031815
21.92	-0.0003277846417
21.93	-0.000317992935
21.94	-0.0003080378164
21.95	-0.0002979290778
21.96	-0.0002876765395
21.97	-0.0002772900424
21.98	-0.0002667794391
21.99	-0.000256154586
22	-0.0002454253353
22.01	-0.0002346015266
22.02	-0.0002236929793
22.03	-0.0002127094845
22.04	-0.0002016607974
22.05	-0.0001905566297
22.06	-0.0001794066418
22.07	-0.0001682204357
22.08	-0.0001570075475
22.09	-0.0001457774403
22.1	-0.0001345394972
22.11	-0.0001233030144
22.12	-0.0001120771944
22.13	-0.0001008711392
22.14	-8.969384423e-05
22.15	-7.855419175e-05
22.16	-6.746094479e-05
22.17	-5.642274107e-05
22.18	-4.544808726e-05
22.19	-3.454535323e-05
22.2	-2.37227666e-05
22.21	-1.298840735e-05
22.22	-2.350202725e-06
22.23	8.184077806e-06
22.24	1.860682732e-05
22.25	2.891060605e-05
22.26	3.908814589e-05
22.27	4.913235456e-05
22.28	5.903631973e-05
22.29	6.879331289e-05
22.3	7.839679305e-05
22.31	8.78404102e-05
22.32	9.711800866e-05
22.33	0.0001062236302
22.34	0.0001151515169
22.35	0.0001238961139
22.36	0.0001324520721
22.37	0.0001408142502
22.38	0.0001489777171
22.39	0.0001569377537
22.4	0.0001646898549
22.41	0.0001722297306
22.42	0.000179553308
22.43	0.0001866567318
22.44	0.0001935363658
22.45	0.0002001887936
22.46	0.0002066108192
22.47	0.0002127994673
22.48	0.0002187519836
22.49	0.000224465835
22.5	0.0002299387094
22.51	0.0002351685152
22.52	0.0002401533812
22.53	0.0002448916555
22.54	0.0002493819052
22.55	0.0002536229149
22.56	0.0002576136858
22.57	0.0002613534342
22.58	0.0002648415904
22.59	0.0002680777964
22.6	0.0002710619046
22.61	0.0002737939756
22.62	0.0002762742762
22.63	0.000278503277
22.64	0.0002804816502
22.65	0.0002822102667
22.66	0.0002836901937
22.67	0.0002849226917
22.68	0.0002859092117
22.69	0.000286651392
22.7	0.0002871510551
22.71	0.0002874102042
22.72	0.0002874310198
22.73	0.0002872158564
22.74	0.0002867672384
22.75	0.0002860878568
22.76	0.000285180565
22.77	0.000284048375
22.78	0.0002826944531
22.79	0.0002811221164
22.8	0.0002793348278
22.81	0.0002773361921
22.82	0.0002751299518
22.83	0.0002727199822
22.84	0.0002701102873
22.85	0.0002673049952
22.86	0.000264308353
22.87	0.000261124723
22.88	0.0002577585769
22.89	0.0002542144922
22.9	0.0002504971464
22.91	0.0002466113127
22.92	0.000242561855
22.93	0.0002383537232
22.94	0.0002339919478
22.95	0.0002294816356
22.96	0.000224827964
22.97	0.000220036177
22.98	0.0002151115792
22.99	0.0002100595318
23	0.0002048854469
23.01	0.000199594783
23.02	0.0001941930398
23.03	0.0001886857536
23.04	0.0001830784919
23.05	0.000177376849
23.06	0.000171586441
23.07	0.0001657129007
23.08	0.0001597618733
23.09	0.0001537390112
23.1	0.0001476499697
23.11	0.0001415004018
23.12	0.0001352959542
23.13	0.0001290422622
23.14	0.0001227449456
23.15	0.000116409604
23.16	0.0001100418124
23.17	0.000103647117
23.18	9.723103101e-05
23.19	9.079903011e-05
23.2	8.435654869e-05
23.21	7.790897563e-05
23.22	7.146165035e-05
23.23	6.501985895e-05
23.24	5.858883041e-05
23.25	5.217373283e-05
23.26	4.577966983e-05
23.27	3.941167699e-05
23.28	3.307471839e-05
23.29	2.677368328e-05
23.3	2.051338279e-05
23.31	1.429854675e-05
23.32	8.13382065e-06
23.33	2.023762644e-06
23.34	-4.027159306e-06
23.35	-1.001457021e-05
23.36	-1.593419069e-05
23.37	-2.178183958e-05
23.38	-2.755343633e-05
23.39	-3.324500339e-05
23.4	-3.885266843e-05
23.41	-4.437266647e-05
23.42	-4.980134191e-05
23.43	-5.513515042e-05
23.44	-6.037066077e-05
23.45	-6.55045565e-05
23.46	-7.053363748e-05
23.47	-7.545482142e-05
23.48	-8.02651452e-05
23.49	-8.496176612e-05
23.5	-8.954196302e-05
23.51	-9.400313734e-05
23.52	-9.834281399e-05
23.53	-0.0001025586422
23.54	-0.0001066483961
23.55	-0.0001106099754
23.56	-0.000114441406
23.57	-0.00011814084
23.58	-0.0001217065563
23.59	-0.0001251369604
23.6	-0.0001284305851
23.61	-0.0001315860894
23.62	-0.0001346022594
23.63	-0.0001374780074
23.64	-0.0001402123717
23.65	-0.0001428045162
23.66	-0.0001452537298
23.67	-0.0001475594255
23.68	-0.0001497211401
23.69	-0.0001517385331
23.7	-0.0001536113856
23.71	-0.0001553395997
23.72	-0.0001569231968
23.73	-0.0001583623171
23.74	-0.0001596572174
23.75	-0.0001608082708
23.76	-0.0001618159643
23.77	-0.0001626808978
23.78	-0.0001634037823
23.79	-0.0001639854383
23.8	-0.0001644267938
23.81	-0.0001647288829
23.82	-0.0001648928435
23.83	-0.0001649199155
23.84	-0.0001648114387
23.85	-0.000164568851
23.86	-0.0001641936856
23.87	-0.0001636875694
23.88	-0.0001630522208
23.89	-0.0001622894465
23.9	-0.0001614011404
23.91	-0.00016038928
23.92	-0.0001592559248
23.93	-0.0001580032133
23.94	-0.0001566333607
23.95	-0.0001551486562
23.96	-0.0001535514606
23.97	-0.0001518442031
23.98	-0.0001500293794
23.99	-0.0001481095485
24	-0.0001460873299
24.01	-0.0001439654012
24.02	-0.0001417464951
24.03	-0.0001394333967
24.04	-0.0001370289405
24.05	-0.0001345360079
24.06	-0.0001319575241
24.07	-0.0001292964554
24.08	-0.0001265558064
24.09	-0.000123738617
24.1	-0.0001208479597
24.11	-0.0001178869365
24.12	-0.0001148586765
24.13	-0.0001117663327
24.14	-0.0001086130794
24.15	-0.000105402109
24.16	-0.0001021366298
24.17	-9.881986277e-05
24.18	-9.545503882e-05
24.19	-9.204539623e-05
24.2	-8.859417779e-05
24.21	-8.510462812e-05
24.22	-8.157999101e-05
24.23	-7.802350676e-05
24.24	-7.443840952e-05
24.25	-7.082792478e-05
24.26	-6.719526672e-05
24.27	-6.354363573e-05
24.28	-5.987621595e-05
24.29	-5.619617275e-05
24.3	-5.250665039e-05
24.31	-4.881076959e-05
24.32	-4.511162526e-05
24.33	-4.141228418e-05
24.34	-3.771578277e-05
24.35	-3.402512492e-05
24.36	-3.034327984e-05
24.37	-2.667317995e-05
24.38	-2.301771887e-05
24.39	-1.937974942e-05
24.4	-1.576208169e-05
24.41	-1.216748114e-05
24.42	-8.598666802e-06
24.43	-5.058309506e-06
24.44	-1.54903016e-06
24.45	1.926601902e-06
24.46	5.366070507e-06
24.47	8.766914184e-06
24.48	1.212672764e-05
24.49	1.544316316e-05
24.5	1.871393198e-05
24.51	2.193680558e-05
24.52	2.510961688e-05
24.53	2.823026143e-05
24.54	3.129669853e-05
24.55	3.430695223e-05
24.56	3.725911233e-05
24.57	4.01513353e-05
24.58	4.298184511e-05
24.59	4.574893402e-05
24.6	4.845096332e-05
24.61	5.108636396e-05
24.62	5.365363715e-05
24.63	5.615135491e-05
24.64	5.857816051e-05
24.65	6.093276891e-05
24.66	6.321396705e-05
24.67	6.542061417e-05
24.68	6.755164201e-05
24.69	6.960605498e-05
24.7	7.158293022e-05
24.71	7.348141767e-05
24.72	7.530074002e-05
24.73	7.704019264e-05
24.74	7.869914342e-05
24.75	8.027703257e-05
24.76	8.177337237e-05
24.77	8.318774684e-05
24.78	8.451981138e-05
24.79	8.576929233e-05
24.8	8.693598649e-05
24.81	8.801976059e-05
24.82	8.902055072e-05
24.83	8.993836165e-05
24.84	9.07732662e-05
24.85	9.152540443e-05
24.86	9.219498294e-05
24.87	9.278227396e-05
24.88	9.328761454e-05
24.89	9.371140557e-05
24.9	9.405411086e-05
24.91	9.431625612e-05
24.92	9.44984279e-05
24.93	9.460127252e-05
24.94	9.462549494e-05
24.95	9.45718576e-05
24.96	9.44411792e-05
24.97	9.423433351e-05
24.98	9.395224808e-05
24.99	9.359590295e-05
25	9.31663293e-05
25.01	9.266460815e-05
25.02	9.209186892e-05
25.03	9.144928806e-05
25.04	9.073808759e-05
25.05	8.995953367e-05
25.06	8.911493511e-05
25.07	8.820564186e-05
25.08	8.72330435e-05
25.09	8.619856775e-05
25.1	8.510367883e-05
25.11	8.394987598e-05
25.12	8.273869183e-05
25.13	8.147169084e-05
25.14	8.015046768e-05
25.15	7.877664564e-05
25.16	7.7351875e-05
25.17	7.587783139e-05
25.18	7.435621422e-05
25.19	7.278874499e-05
25.2	7.117716569e-05
25.21	6.952323715e-05
25.22	6.782873743e-05
25.23	6.609546018e-05
25.24	6.4325213e-05
25.25	6.251981583e-05
25.26	6.068109934e-05
25.27	5.88109033e-05
25.28	5.691107503e-05
25.29	5.498346774e-05
25.3	5.3029939e-05
25.31	5.105234916e-05
25.32	4.90525598e-05
25.33	4.703243218e-05
25.34	4.499382573e-05
25.35	4.293859652e-05
25.36	4.086859581e-05
25.37	3.878566855e-05
25.38	3.669165191e-05
25.39	3.458837391e-05
25.4	3.247765196e-05
25.41	3.036129151e-05
25.42	2.824108464e-05
25.43	2.611880878e-05
25.44	2.399622536e-05
25.45	2.187507854e-05
25.46	1.975709394e-05
25.47	1.764397743e-05
25.48	1.55374139e-05
25.49	1.34390661e-05
25.5	1.135057351e-05
25.51	9.2735512e-06
25.52	7.20958876e-06
25.53	5.160249257e-06
25.54	3.12706821e-06
25.55	1.111552602e-06
25.56	-8.848200674e-07
25.57	-2.860602703e-06
25.58	-4.814379497e-06
25.59	-6.744766781e-06
25.6	-8.65041384e-06
25.61	-1.053000369e-05
25.62	-1.238225383e-05
25.63	-1.420591695e-05
25.64	-1.599978158e-05
25.65	-1.776267277e-05
25.66	-1.949345266e-05
25.67	-2.119102104e-05
25.68	-2.285431591e-05
25.69	-2.448231394e-05
25.7	-2.607403093e-05
25.71	-2.762852225e-05
25.72	-2.914488319e-05
25.73	-3.062224932e-05
25.74	-3.205979681e-05
25.75	-3.345674267e-05
25.76	-3.481234501e-05
25.77	-3.612590326e-05
25.78	-3.739675828e-05
25.79	-3.862429253e-05
25.8	-3.980793013e-05
25.81	-4.094713697e-05
25.82	-4.204142068e-05
25.83	-4.309033064e-05
25.84	-4.409345792e-05
25.85	-4.505043525e-05
25.86	-4.596093683e-05
25.87	-4.682467825e-05
25.88	-4.764141627e-05
25.89	-4.841094864e-05
25.9	-4.913311384e-05
25.91	-4.98077908e-05
25.92	-5.043489862e-05
25.93	-5.101439622e-05
25.94	-5.154628199e-05
25.95	-5.203059337e-05
25.96	-5.246740648e-05
25.97	-5.285683563e-05
25.98	-5.319903284e-05
25.99	-5.349418741e-05
26	-5.374252529e-05
26.01	-5.394430862e-05
26.02	-5.40998351e-05
26.03	-5.420943743e-05
26.04	-5.427348266e-05
26.05	-5.429237155e-05
26.06	-5.426653791e-05
26.07	-5.419644794e-05
26.08	-5.408259949e-05
26.09	-5.392552135e-05
26.1	-5.372577251e-05
26.11	-5.34839414e-05
26.12	-5.32006451e-05
26.13	-5.287652859e-05
26.14	-5.25122639e-05
26.15	-5.210854931e-05
26.16	-5.16661085e-05
26.17	-5.118568973e-05
26.18	-5.066806496e-05
26.19	-5.0114029e-05
26.2	-4.952439859e-05
26.21	-4.890001157e-05
26.22	-4.824172594e-05
26.23	-4.755041897e-05
26.24	-4.682698629e-05
26.25	-4.607234097e-05
26.26	-4.528741259e-05
26.27	-4.447314633e-05
26.28	-4.363050203e-05
26.29	-4.276045325e-05
26.3	-4.186398636e-05
26.31	-4.094209955e-05
26.32	-3.999580197e-05
26.33	-3.902611273e-05
26.34	-3.803405998e-05
26.35	-3.702068001e-05
26.36	-3.598701626e-05
26.37	-3.493411847e-05
26.38	-3.386304166e-05
26.39	-3.27748453e-05
26.4	-3.167059235e-05
26.41	-3.055134837e-05
26.42	-2.94181806e-05
26.43	-2.827215709e-05
26.44	-2.711434582e-05
26.45	-2.59458138e-05
26.46	-2.476762621e-05
26.47	-2.358084556e-05
26.48	-2.238653085e-05
26.49	-2.118573669e-05
26.5	-1.997951255e-05
26.51	-1.876890188e-05
26.52	-1.755494136e-05
26.53	-1.633866011e-05
26.54	-1.512107889e-05
26.55	-1.390320939e-05
26.56	-1.268605347e-05
26.57	-1.147060242e-05
26.58	-1.025783629e-05
26.59	-9.048723155e-06
26.6	-7.844218471e-06
26.61	-6.645264408e-06
26.62	-5.452789205e-06
26.63	-4.267706552e-06
26.64	-3.090914984e-06
26.65	-1.923297293e-06
26.66	-7.657199632e-07
26.67	3.809673793e-07
26.68	1.515932495e-06
26.69	2.63836104e-06
26.7	3.747457058e-06
26.71	4.842443448e-06
26.72	5.922562415e-06
26.73	6.9870759e-06
26.74	8.035265989e-06
26.75	9.066435299e-06
26.76	1.007990735e-05
26.77	1.107502691e-05
26.78	1.205116032e-05
26.79	1.300769579e-05
26.8	1.394404371e-05
26.81	1.48596369e-05
26.82	1.575393081e-05
26.83	1.662640383e-05
26.84	1.747655741e-05
26.85	1.830391626e-05
26.86	1.910802855e-05
26.87	1.988846598e-05
26.88	2.064482396e-05
26.89	2.137672165e-05
26.9	2.20838021e-05
26.91	2.276573222e-05
26.92	2.342220291e-05
26.93	2.4052929e-05
26.94	2.465764929e-05
26.95	2.523612651e-05
26.96	2.578814727e-05
26.97	2.6313522e-05
26.98	2.68120849e-05
26.99	2.728369378e-05
27	2.772822999e-05
27.01	2.814559827e-05
27.02	2.853572659e-05
27.03	2.889856597e-05
27.04	2.923409033e-05
27.05	2.954229623e-05
27.06	2.982320268e-05
27.07	3.007685089e-05
27.08	3.030330402e-05
27.09	3.050264692e-05
27.1	3.067498583e-05
27.11	3.082044807e-05
27.12	3.093918175e-05
27.13	3.103135543e-05
27.14	3.109715779e-05
27.15	3.113679723e-05
27.16	3.115050158e-05
27.17	3.113851765e-05
27.18	3.110111087e-05
27.19	3.103856489e-05
27.2	3.095118116e-05
27.21	3.083927848e-05
27.22	3.070319263e-05
27.23	3.054327584e-05
27.24	3.035989643e-05
27.25	3.015343827e-05
27.26	2.992430034e-05
27.27	2.967289628e-05
27.28	2.939965385e-05
27.29	2.910501448e-05
27.3	2.878943276e-05
27.31	2.845337593e-05
27.32	2.809732339e-05
27.33	2.772176615e-05
27.34	2.732720634e-05
27.35	2.69141567e-05
27.36	2.648314002e-05
27.37	2.603468861e-05
27.38	2.556934381e-05
27.39	2.508765543e-05
27.4	2.45901812e-05
27.41	2.407748625e-05
27.42	2.355014259e-05
27.43	2.300872854e-05
27.44	2.24538282e-05
27.45	2.188603095e-05
27.46	2.130593084e-05
27.47	2.071412615e-05
27.48	2.011121878e-05
27.49	1.949781374e-05
27.5	1.887451864e-05
27.51	1.824194318e-05
27.52	1.760069858e-05
27.53	1.695139708e-05
27.54	1.629465147e-05
27.55	1.563107452e-05
27.56	1.496127852e-05
27.57	1.428587477e-05
27.58	1.360547308e-05
27.59	1.29206813e-05
27.6	1.223210482e-05
27.61	1.154034612e-05
27.62	1.08460043e-05
27.63	1.014967462e-05
27.64	9.45194802e-06
27.65	8.753410741e-06
27.66	8.054643836e-06
27.67	7.35622277e-06
27.68	6.658716999e-06
27.69	5.962689559e-06
27.7	5.268696674e-06
27.71	4.577287363e-06
27.72	3.889003064e-06
27.73	3.204377264e-06
27.74	2.523935139e-06
27.75	1.848193211e-06
27.76	1.177659004e-06
27.77	5.128307223e-07
27.78	-1.458030691e-07
27.79	-7.977637464e-07
27.8	-1.442582923e-06
27.81	-2.079802729e-06
27.82	-2.708976085e-06
27.83	-3.329666962e-06
27.84	-3.941450626e-06
27.85	-4.543913874e-06
27.86	-5.136655262e-06
27.87	-5.719285315e-06
27.88	-6.291426726e-06
27.89	-6.852714546e-06
27.9	-7.402796362e-06
27.91	-7.941332458e-06
27.92	-8.467995968e-06
27.93	-8.982473019e-06
27.94	-9.484462858e-06
27.95	-9.973677963e-06
27.96	-1.044984416e-05
27.97	-1.091270069e-05
27.98	-1.136200033e-05
27.99	-1.179750943e-05
28	-1.221900795e-05
28.01	-1.262628957e-05
28.02	-1.301916166e-05
28.03	-1.339744534e-05
28.04	-1.376097548e-05
28.05	-1.410960067e-05
28.06	-1.444318325e-05
28.07	-1.476159928e-05
28.08	-1.506473847e-05
28.09	-1.535250418e-05
28.1	-1.562481332e-05
28.11	-1.588159633e-05
28.12	-1.612279706e-05
28.13	-1.63483727e-05
28.14	-1.65582937e-05
28.15	-1.675254363e-05
28.16	-1.693111907e-05
28.17	-1.709402952e-05
28.18	-1.724129721e-05
28.19	-1.737295699e-05
28.2	-1.748905617e-05
28.21	-1.758965433e-05
28.22	-1.767482321e-05
28.23	-1.774464645e-05
28.24	-1.779921949e-05
28.25	-1.78386493e-05
28.26	-1.786305421e-05
28.27	-1.78725637e-05
28.28	-1.786731819e-05
28.29	-1.78474688e-05
28.3	-1.78131771e-05
28.31	-1.776461495e-05
28.32	-1.770196416e-05
28.33	-1.762541631e-05
28.34	-1.753517247e-05
28.35	-1.743144294e-05
28.36	-1.7314447e-05
28.37	-1.71844126e-05
28.38	-1.704157616e-05
28.39	-1.688618222e-05
28.4	-1.671848319e-05
28.41	-1.653873908e-05
28.42	-1.634721716e-05
28.43	-1.614419174e-05
28.44	-1.592994381e-05
28.45	-1.570476077e-05
28.46	-1.546893615e-05
28.47	-1.522276927e-05
28.48	-1.496656497e-05
28.49	-1.470063327e-05
28.5	-1.44252891e-05
28.51	-1.414085197e-05
28.52	-1.384764568e-05
28.53	-1.354599799e-05
28.54	-1.323624033e-05
28.55	-1.291870747e-05
28.56	-1.259373725e-05
28.57	-1.226167023e-05
28.58	-1.192284942e-05
28.59	-1.157761994e-05
28.6	-1.122632874e-05
28.61	-1.086932429e-05
28.62	-1.050695628e-05
28.63	-1.013957531e-05
28.64	-9.767532629e-06
28.65	-9.391179788e-06
28.66	-9.010868388e-06
28.67	-8.626949777e-06
28.68	-8.239774764e-06
28.69	-7.849693342e-06
28.7	-7.457054402e-06
28.71	-7.062205464e-06
28.72	-6.665492401e-06
28.73	-6.267259175e-06
28.74	-5.867847571e-06
28.75	-5.467596941e-06
28.76	-5.06684395e-06
28.77	-4.665922321e-06
28.78	-4.265162598e-06
28.79	-3.864891903e-06
28.8	-3.465433701e-06
28.81	-3.067107572e-06
28.82	-2.670228989e-06
28.83	-2.275109097e-06
28.84	-1.882054502e-06
28.85	-1.491367067e-06
28.86	-1.103343709e-06
28.87	-7.182762049e-07
28.88	-3.364510035e-07
28.89	4.185095531e-08
28.9	4.163544176e-07
28.91	7.867899838e-07
28.92	1.152894272e-06
28.93	1.514410073e-06
28.94	1.871086502e-06
28.95	2.22267914e-06
28.96	2.568950168e-06
28.97	2.909668501e-06
28.98	3.244609908e-06
28.99	3.573557125e-06
29	3.89629997e-06
29.01	4.21263544e-06
29.02	4.522367808e-06
29.03	4.825308711e-06
29.04	5.12127723e-06
29.05	5.410099967e-06
29.06	5.69161111e-06
29.07	5.965652496e-06
29.08	6.232073659e-06
29.09	6.490731885e-06
29.1	6.741492246e-06
29.11	6.984227635e-06
29.12	7.218818792e-06
29.13	7.445154325e-06
29.14	7.663130722e-06
29.15	7.872652358e-06
29.16	8.073631493e-06
29.17	8.26598827e-06
29.18	8.449650696e-06
29.19	8.62455463e-06
29.2	8.790643751e-06
29.21	8.947869528e-06
29.22	9.096191186e-06
29.23	9.235575657e-06
29.24	9.365997536e-06
29.25	9.487439019e-06
29.26	9.599889848e-06
29.27	9.703347241e-06
29.28	9.797815821e-06
29.29	9.883307537e-06
29.3	9.959841586e-06
29.31	1.002744432e-05
29.32	1.008614915e-05
29.33	1.013599646e-05
29.34	1.01770335e-05
29.35	1.020931426e-05
29.36	1.02328994e-05
29.37	1.024785609e-05
29.38	1.025425792e-05
29.39	1.025218475e-05
29.4	1.024172263e-05
29.41	1.022296359e-05
29.42	1.019600559e-05
29.43	1.016095231e-05
29.44	1.011791307e-05
29.45	1.006700262e-05
29.46	1.000834104e-05
29.47	9.942053588e-06
29.48	9.868270505e-06
29.49	9.787126899e-06
29.5	9.698762568e-06
29.51	9.603321843e-06
29.52	9.500953422e-06
29.53	9.391810208e-06
29.54	9.276049137e-06
29.55	9.153831014e-06
29.56	9.025320341e-06
29.57	8.890685142e-06
29.58	8.750096796e-06
29.59	8.603729858e-06
29.6	8.451761888e-06
29.61	8.29437327e-06
29.62	8.131747045e-06
29.63	7.964068724e-06
29.64	7.791526118e-06
29.65	7.614309161e-06
29.66	7.432609729e-06
29.67	7.246621466e-06
29.68	7.056539609e-06
29.69	6.862560808e-06
29.7	6.664882954e-06
29.71	6.463705004e-06
29.72	6.259226804e-06
29.73	6.051648921e-06
29.74	5.841172467e-06
29.75	5.627998933e-06
29.76	5.412330014e-06
29.77	5.194367448e-06
29.78	4.974312845e-06
29.79	4.752367528e-06
29.8	4.528732364e-06
29.81	4.30360761e-06
29.82	4.077192751e-06
29.83	3.849686345e-06
29.84	3.621285872e-06
29.85	3.392187579e-06
29.86	3.162586331e-06
29.87	2.932675469e-06
29.88	2.702646663e-06
29.89	2.472689775e-06
29.9	2.242992714e-06
29.91	2.013741311e-06
29.92	1.785119179e-06
29.93	1.55730759e-06
29.94	1.330485347e-06
29.95	1.104828662e-06
29.96	8.805110371e-07
29.97	6.577031502e-07
29.98	4.365727426e-07
29.99	2.172845104e-07
30	5.245658905e-20
