temps	angle
0	0
0.01	0.3911153383
0.02	0.7790118869
0.03	1.163613786
0.04	1.544846643
0.05	1.922637539
0.06	2.296915037
0.07	2.667609189
0.08	3.034651542
0.09	3.397975143
0.1	3.757514548
0.11	4.113205823
0.12	4.46498655
0.13	4.812795833
0.14	5.156574299
0.15	5.496264105
0.16	5.831808937
0.17	6.163154016
0.18	6.490246096
0.19	6.81303347
0.2	7.13146597
0.21	7.445494967
0.22	7.755073371
0.23	8.060155631
0.24	8.360697739
0.25	8.656657222
0.26	8.947993146
0.27	9.234666115
0.28	9.516638265
0.29	9.793873263
0.3	10.06633631
0.31	10.33399412
0.32	10.59681495
0.33	10.85476856
0.34	11.10782623
0.35	11.35596076
0.36	11.59914642
0.37	11.83735903
0.38	12.07057586
0.39	12.2987757
0.4	12.5219388
0.41	12.7400469
0.42	12.9530832
0.43	13.16103237
0.44	13.36388052
0.45	13.56161522
0.46	13.75422546
0.47	13.94170167
0.48	14.12403571
0.49	14.30122083
0.5	14.47325169
0.51	14.64012434
0.52	14.80183622
0.53	14.95838613
0.54	15.10977423
0.55	15.25600204
0.56	15.3970724
0.57	15.53298951
0.58	15.66375885
0.59	15.78938721
0.6	15.9098827
0.61	16.02525466
0.62	16.13551375
0.63	16.24067184
0.64	16.34074206
0.65	16.43573877
0.66	16.52567753
0.67	16.61057511
0.68	16.69044946
0.69	16.7653197
0.7	16.83520611
0.71	16.90013013
0.72	16.96011429
0.73	17.01518226
0.74	17.06535881
0.75	17.11066978
0.76	17.15114209
0.77	17.18680368
0.78	17.21768358
0.79	17.24381179
0.8	17.26521934
0.81	17.28193824
0.82	17.29400148
0.83	17.301443
0.84	17.30429767
0.85	17.3026013
0.86	17.2963906
0.87	17.28570315
0.88	17.27057744
0.89	17.25105277
0.9	17.22716932
0.91	17.19896806
0.92	17.16649077
0.93	17.12978004
0.94	17.08887919
0.95	17.04383232
0.96	16.99468425
0.97	16.94148052
0.98	16.88426737
0.99	16.82309172
1	16.75800115
1.01	16.68904389
1.02	16.6162688
1.03	16.53972533
1.04	16.45946355
1.05	16.37553409
1.06	16.28798814
1.07	16.19687742
1.08	16.10225417
1.09	16.00417115
1.1	15.9026816
1.11	15.79783921
1.12	15.68969814
1.13	15.57831297
1.14	15.46373869
1.15	15.3460307
1.16	15.22524478
1.17	15.10143705
1.18	14.974664
1.19	14.84498242
1.2	14.71244942
1.21	14.57712242
1.22	14.43905908
1.23	14.29831734
1.24	14.15495537
1.25	14.00903156
1.26	13.86060451
1.27	13.70973302
1.28	13.55647603
1.29	13.40089267
1.3	13.24304218
1.31	13.08298393
1.32	12.9207774
1.33	12.75648216
1.34	12.59015784
1.35	12.42186414
1.36	12.25166079
1.37	12.07960754
1.38	11.90576416
1.39	11.7301904
1.4	11.552946
1.41	11.37409065
1.42	11.193684
1.43	11.0117856
1.44	10.82845496
1.45	10.64375145
1.46	10.45773435
1.47	10.27046281
1.48	10.08199583
1.49	9.892392245
1.5	9.701710737
1.51	9.510009791
1.52	9.317347696
1.53	9.123782528
1.54	8.929372135
1.55	8.734174128
1.56	8.538245861
1.57	8.341644427
1.58	8.144426636
1.59	7.946649009
1.6	7.748367762
1.61	7.549638797
1.62	7.350517684
1.63	7.151059656
1.64	6.951319593
1.65	6.751352011
1.66	6.551211052
1.67	6.350950472
1.68	6.150623629
1.69	5.950283474
1.7	5.749982539
1.71	5.549772927
1.72	5.349706304
1.73	5.149833885
1.74	4.950206425
1.75	4.750874213
1.76	4.551887059
1.77	4.353294285
1.78	4.155144718
1.79	3.95748668
1.8	3.760367979
1.81	3.563835899
1.82	3.367937197
1.83	3.17271809
1.84	2.978224248
1.85	2.78450079
1.86	2.591592272
1.87	2.399542681
1.88	2.20839543
1.89	2.01819335
1.9	1.828978683
1.91	1.640793076
1.92	1.453677576
1.93	1.26767262
1.94	1.082818035
1.95	0.8991530281
1.96	0.716716184
1.97	0.5355454575
1.98	0.3556781699
1.99	0.1771510041
2	1.375673194e-15
2.01	-0.1757394498
2.02	-0.3500326042
2.03	-0.5228453771
2.04	-0.6941443417
2.05	-0.8638967336
2.06	-1.032070454
2.07	-1.198634073
2.08	-1.363556834
2.09	-1.526808651
2.1	-1.68836012
2.11	-1.848182512
2.12	-2.006247781
2.13	-2.162528566
2.14	-2.316998188
2.15	-2.469630657
2.16	-2.620400669
2.17	-2.76928361
2.18	-2.916255555
2.19	-3.061293272
2.2	-3.204374217
2.21	-3.345476541
2.22	-3.484579084
2.23	-3.62166138
2.24	-3.756703654
2.25	-3.889686822
2.26	-4.020592491
2.27	-4.14940296
2.28	-4.276101213
2.29	-4.400670928
2.3	-4.523096465
2.31	-4.643362874
2.32	-4.761455885
2.33	-4.877361914
2.34	-4.991068055
2.35	-5.102562083
2.36	-5.211832446
2.37	-5.318868269
2.38	-5.423659347
2.39	-5.526196144
2.4	-5.62646979
2.41	-5.724472077
2.42	-5.820195458
2.43	-5.913633042
2.44	-6.004778591
2.45	-6.093626517
2.46	-6.180171877
2.47	-6.26441037
2.48	-6.346338334
2.49	-6.42595274
2.5	-6.503251188
2.51	-6.578231904
2.52	-6.650893735
2.53	-6.721236143
2.54	-6.789259202
2.55	-6.854963592
2.56	-6.918350594
2.57	-6.979422086
2.58	-7.038180537
2.59	-7.094629
2.6	-7.148771111
2.61	-7.200611078
2.62	-7.250153679
2.63	-7.297404255
2.64	-7.342368704
2.65	-7.385053477
2.66	-7.425465566
2.67	-7.463612506
2.68	-7.499502364
2.69	-7.533143732
2.7	-7.564545723
2.71	-7.593717963
2.72	-7.620670585
2.73	-7.645414221
2.74	-7.667959999
2.75	-7.68831953
2.76	-7.706504907
2.77	-7.722528696
2.78	-7.736403927
2.79	-7.748144088
2.8	-7.75776312
2.81	-7.765275408
2.82	-7.770695771
2.83	-7.77403946
2.84	-7.775322147
2.85	-7.77455992
2.86	-7.77176927
2.87	-7.766967092
2.88	-7.76017067
2.89	-7.751397672
2.9	-7.740666145
2.91	-7.727994502
2.92	-7.713401517
2.93	-7.69690632
2.94	-7.678528384
2.95	-7.65828752
2.96	-7.636203868
2.97	-7.612297892
2.98	-7.586590367
2.99	-7.559102375
3	-7.529855298
3.01	-7.498870804
3.02	-7.466170846
3.03	-7.43177765
3.04	-7.395713709
3.05	-7.358001771
3.06	-7.318664838
3.07	-7.277726151
3.08	-7.235209187
3.09	-7.191137646
3.1	-7.14553545
3.11	-7.098426728
3.12	-7.049835812
3.13	-6.999787228
3.14	-6.948305687
3.15	-6.895416079
3.16	-6.841143465
3.17	-6.785513067
3.18	-6.728550262
3.19	-6.670280572
3.2	-6.610729659
3.21	-6.549923317
3.22	-6.487887459
3.23	-6.424648118
3.24	-6.360231432
3.25	-6.294663639
3.26	-6.227971068
3.27	-6.160180135
3.28	-6.091317332
3.29	-6.02140922
3.3	-5.950482422
3.31	-5.878563616
3.32	-5.805679525
3.33	-5.731856915
3.34	-5.657122582
3.35	-5.581503347
3.36	-5.505026051
3.37	-5.427717542
3.38	-5.349604676
3.39	-5.270714301
3.4	-5.191073259
3.41	-5.11070837
3.42	-5.029646435
3.43	-4.947914218
3.44	-4.86553845
3.45	-4.782545814
3.46	-4.698962945
3.47	-4.614816417
3.48	-4.530132742
3.49	-4.44493836
3.5	-4.359259636
3.51	-4.273122848
3.52	-4.186554189
3.53	-4.099579752
3.54	-4.012225532
3.55	-3.924517413
3.56	-3.836481168
3.57	-3.748142449
3.58	-3.659526784
3.59	-3.570659567
3.6	-3.48156606
3.61	-3.39227138
3.62	-3.302800497
3.63	-3.213178228
3.64	-3.123429232
3.65	-3.033578006
3.66	-2.943648876
3.67	-2.853665997
3.68	-2.763653344
3.69	-2.673634709
3.7	-2.583633698
3.71	-2.49367372
3.72	-2.403777992
3.73	-2.313969525
3.74	-2.224271125
3.75	-2.134705389
3.76	-2.045294697
3.77	-1.956061212
3.78	-1.867026872
3.79	-1.778213391
3.8	-1.689642249
3.81	-1.601334693
3.82	-1.513311732
3.83	-1.425594133
3.84	-1.338202416
3.85	-1.251156856
3.86	-1.164477471
3.87	-1.078184027
3.88	-0.9922960309
3.89	-0.9068327274
3.9	-0.8218130971
3.91	-0.7372558533
3.92	-0.6531794392
3.93	-0.569602025
3.94	-0.4865415058
3.95	-0.4040154987
3.96	-0.3220413405
3.97	-0.2406360857
3.98	-0.1598165036
3.99	-0.07959907717
4	-1.236259623e-15
4.01	0.07896482495
4.02	0.1572797874
4.03	0.2349295717
4.04	0.311899158
4.05	0.3881738244
4.06	0.463739148
4.07	0.5385810065
4.08	0.6126855796
4.09	0.6860393496
4.1	0.7586291036
4.11	0.8304419334
4.12	0.9014652373
4.13	0.9716867205
4.14	1.041094396
4.15	1.109676585
4.16	1.177421918
4.17	1.244319336
4.18	1.310358088
4.19	1.375527735
4.2	1.439818148
4.21	1.503219509
4.22	1.56572231
4.23	1.627317356
4.24	1.687995761
4.25	1.747748951
4.26	1.806568659
4.27	1.864446934
4.28	1.921376129
4.29	1.977348909
4.3	2.032358249
4.31	2.08639743
4.32	2.139460041
4.33	2.191539976
4.34	2.242631439
4.35	2.292728935
4.36	2.341827274
4.37	2.38992157
4.38	2.437007236
4.39	2.483079989
4.4	2.528135842
4.41	2.572171108
4.42	2.615182396
4.43	2.657166609
4.44	2.698120944
4.45	2.73804289
4.46	2.776930227
4.47	2.814781022
4.48	2.85159363
4.49	2.887366688
4.5	2.92209912
4.51	2.955790127
4.52	2.988439192
4.53	3.020046074
4.54	3.050610804
4.55	3.08013369
4.56	3.108615306
4.57	3.136056496
4.58	3.16245837
4.59	3.1878223
4.6	3.212149918
4.61	3.235443117
4.62	3.257704042
4.63	3.278935095
4.64	3.299138924
4.65	3.318318429
4.66	3.336476751
4.67	3.353617276
4.68	3.369743629
4.69	3.38485967
4.7	3.398969494
4.71	3.412077426
4.72	3.42418802
4.73	3.435306052
4.74	3.445436523
4.75	3.45458465
4.76	3.462755867
4.77	3.469955819
4.78	3.476190362
4.79	3.481465557
4.8	3.485787667
4.81	3.489163155
4.82	3.491598681
4.83	3.493101098
4.84	3.493677446
4.85	3.493334955
4.86	3.492081036
4.87	3.489923278
4.88	3.486869448
4.89	3.482927487
4.9	3.4781055
4.91	3.472411764
4.92	3.465854714
4.93	3.458442944
4.94	3.450185205
4.95	3.441090398
4.96	3.431167574
4.97	3.420425926
4.98	3.408874791
4.99	3.39652364
5	3.383382081
5.01	3.36945985
5.02	3.354766812
5.03	3.339312953
5.04	3.32310838
5.05	3.306163314
5.06	3.28848809
5.07	3.270093153
5.08	3.250989049
5.09	3.231186429
5.1	3.210696042
5.11	3.189528729
5.12	3.167695423
5.13	3.145207144
5.14	3.122074997
5.15	3.098310164
5.16	3.073923907
5.17	3.048927558
5.18	3.023332519
5.19	2.99715026
5.2	2.97039231
5.21	2.943070259
5.22	2.915195751
5.23	2.886780484
5.24	2.857836201
5.25	2.828374692
5.26	2.798407789
5.27	2.767947359
5.28	2.737005307
5.29	2.705593568
5.3	2.673724103
5.31	2.6414089
5.32	2.608659967
5.33	2.57548933
5.34	2.54190903
5.35	2.507931117
5.36	2.473567653
5.37	2.438830701
5.38	2.403732327
5.39	2.368284597
5.4	2.33249957
5.41	2.296389298
5.42	2.259965822
5.43	2.22324117
5.44	2.186227351
5.45	2.148936356
5.46	2.111380152
5.47	2.07357068
5.48	2.035519852
5.49	1.997239549
5.5	1.958741616
5.51	1.920037863
5.52	1.881140057
5.53	1.842059923
5.54	1.802809142
5.55	1.763399344
5.56	1.723842109
5.57	1.684148964
5.58	1.644331379
5.59	1.604400765
5.6	1.564368471
5.61	1.524245785
5.62	1.484043926
5.63	1.443774045
5.64	1.403447221
5.65	1.363074463
5.66	1.3226667
5.67	1.282234786
5.68	1.241789494
5.69	1.201341514
5.7	1.160901453
5.71	1.12047983
5.72	1.080087075
5.73	1.03973353
5.74	0.9994294405
5.75	0.959184961
5.76	0.9190101475
5.77	0.878914958
5.78	0.8389092504
5.79	0.7990027808
5.8	0.7592052012
5.81	0.7195260587
5.82	0.6799747929
5.83	0.6405607349
5.84	0.6012931055
5.85	0.5621810139
5.86	0.5232334557
5.87	0.484459312
5.88	0.4458673476
5.89	0.40746621
5.9	0.3692644276
5.91	0.3312704089
5.92	0.2934924408
5.93	0.2559386879
5.94	0.2186171908
5.95	0.1815358655
5.96	0.1447025019
5.97	0.1081247631
5.98	0.07181018403
5.99	0.03576617089
6	8.332308834e-16
6.01	-0.03548118299
6.02	-0.07067036396
6.03	-0.1055606611
6.04	-0.1401453256
6.05	-0.1744177424
6.06	-0.208371431
6.07	-0.2420000458
6.08	-0.2752973768
6.09	-0.3082573503
6.1	-0.3408740293
6.11	-0.3731416137
6.12	-0.4050544413
6.13	-0.4366069875
6.14	-0.4677938664
6.15	-0.4986098304
6.16	-0.5290497708
6.17	-0.5591087181
6.18	-0.5887818421
6.19	-0.6180644521
6.2	-0.6469519968
6.21	-0.6754400646
6.22	-0.7035243838
6.23	-0.7312008221
6.24	-0.7584653869
6.25	-0.7853142255
6.26	-0.8117436243
6.27	-0.8377500093
6.28	-0.8633299456
6.29	-0.8884801372
6.3	-0.9131974269
6.31	-0.937478796
6.32	-0.9613213638
6.33	-0.9847223875
6.34	-1.007679261
6.35	-1.030189517
6.36	-1.052250823
6.37	-1.073860983
6.38	-1.095017937
6.39	-1.115719759
6.4	-1.135964659
6.41	-1.15575098
6.42	-1.175077197
6.43	-1.19394192
6.44	-1.212343889
6.45	-1.230281976
6.46	-1.247755182
6.47	-1.264762641
6.48	-1.281303612
6.49	-1.297377483
6.5	-1.31298377
6.51	-1.328122116
6.52	-1.342792287
6.53	-1.356994174
6.54	-1.370727793
6.55	-1.38399328
6.56	-1.396790895
6.57	-1.409121017
6.58	-1.420984143
6.59	-1.432380892
6.6	-1.443311995
6.61	-1.453778304
6.62	-1.463780783
6.63	-1.47332051
6.64	-1.482398675
6.65	-1.491016582
6.66	-1.499175642
6.67	-1.506877377
6.68	-1.514123414
6.69	-1.520915489
6.7	-1.527255442
6.71	-1.533145215
6.72	-1.538586856
6.73	-1.54358251
6.74	-1.548134424
6.75	-1.552244942
6.76	-1.555916507
6.77	-1.559151654
6.78	-1.561953015
6.79	-1.564323312
6.8	-1.566265361
6.81	-1.567782066
6.82	-1.568876418
6.83	-1.569551498
6.84	-1.569810468
6.85	-1.569656577
6.86	-1.569093154
6.87	-1.568123611
6.88	-1.566751437
6.89	-1.5649802
6.9	-1.562813542
6.91	-1.560255181
6.92	-1.557308908
6.93	-1.553978585
6.94	-1.550268144
6.95	-1.546181584
6.96	-1.541722972
6.97	-1.536896438
6.98	-1.531706179
6.99	-1.526156449
7	-1.520251566
7.01	-1.513995904
7.02	-1.507393897
7.03	-1.50045003
7.04	-1.493168846
7.05	-1.485554937
7.06	-1.477612947
7.07	-1.469347569
7.08	-1.460763542
7.09	-1.451865651
7.1	-1.442658727
7.11	-1.43314764
7.12	-1.423337303
7.13	-1.413232668
7.14	-1.402838724
7.15	-1.392160497
7.16	-1.381203045
7.17	-1.369971461
7.18	-1.358470869
7.19	-1.346706421
7.2	-1.3346833
7.21	-1.322406711
7.22	-1.309881887
7.23	-1.297114084
7.24	-1.28410858
7.25	-1.270870671
7.26	-1.257405673
7.27	-1.24371892
7.28	-1.229815759
7.29	-1.215701555
7.3	-1.201381681
7.31	-1.186861525
7.32	-1.172146481
7.33	-1.157241953
7.34	-1.142153351
7.35	-1.126886091
7.36	-1.111445591
7.37	-1.095837272
7.38	-1.080066557
7.39	-1.064138865
7.4	-1.048059616
7.41	-1.031834224
7.42	-1.015468102
7.43	-0.9989666519
7.44	-0.9823352711
7.45	-0.965579347
7.46	-0.9487042567
7.47	-0.9317153657
7.48	-0.9146180266
7.49	-0.8974175776
7.5	-0.8801193415
7.51	-0.862728624
7.52	-0.8452507131
7.53	-0.8276908772
7.54	-0.8100543643
7.55	-0.7923464005
7.56	-0.7745721892
7.57	-0.7567369095
7.58	-0.7388457151
7.59	-0.7209037336
7.6	-0.7029160647
7.61	-0.6848877797
7.62	-0.6668239199
7.63	-0.6487294958
7.64	-0.6306094861
7.65	-0.6124688364
7.66	-0.5943124582
7.67	-0.5761452283
7.68	-0.5579719871
7.69	-0.5397975382
7.7	-0.5216266473
7.71	-0.5034640412
7.72	-0.4853144066
7.73	-0.4671823898
7.74	-0.4490725952
7.75	-0.4309895849
7.76	-0.4129378776
7.77	-0.3949219476
7.78	-0.3769462245
7.79	-0.3590150918
7.8	-0.3411328866
7.81	-0.3233038986
7.82	-0.3055323693
7.83	-0.2878224915
7.84	-0.2701784082
7.85	-0.2526042126
7.86	-0.2351039466
7.87	-0.2176816008
7.88	-0.2003411135
7.89	-0.1830863701
7.9	-0.1659212027
7.91	-0.1488493897
7.92	-0.1318746544
7.93	-0.1150006655
7.94	-0.09823103588
7.95	-0.0815693224
7.96	-0.0650190253
7.97	-0.0485835878
7.98	-0.0322663956
7.99	-0.01607077652
8	-4.991930263e-16
8.01	0.0159427232
8.02	0.03175424143
8.03	0.0474314625
8.04	0.06297135397
8.05	0.07837094352
8.06	0.09362731924
8.07	0.1087376299
8.08	0.1236990851
8.09	0.1385089559
8.1	0.1531645745
8.11	0.1676633348
8.12	0.1820026925
8.13	0.1961801654
8.14	0.2101933334
8.15	0.2240398386
8.16	0.2377173855
8.17	0.2512237411
8.18	0.2645567352
8.19	0.27771426
8.2	0.2906942706
8.21	0.3034947846
8.22	0.3161138826
8.23	0.3285497079
8.24	0.3408004666
8.25	0.3528644274
8.26	0.3647399218
8.27	0.3764253439
8.28	0.3879191501
8.29	0.3992198597
8.3	0.4103260539
8.31	0.4212363763
8.32	0.4319495326
8.33	0.4424642903
8.34	0.4527794787
8.35	0.4628939887
8.36	0.4728067724
8.37	0.4825168432
8.38	0.4920232753
8.39	0.5013252037
8.4	0.5104218236
8.41	0.5193123905
8.42	0.5279962197
8.43	0.536472686
8.44	0.5447412237
8.45	0.5528013257
8.46	0.5606525436
8.47	0.5682944873
8.48	0.5757268245
8.49	0.5829492805
8.5	0.5899616375
8.51	0.5967637346
8.52	0.6033554672
8.53	0.6097367865
8.54	0.6159076992
8.55	0.6218682669
8.56	0.627618606
8.57	0.6331588868
8.58	0.6384893332
8.59	0.6436102223
8.6	0.6485218837
8.61	0.6532246994
8.62	0.6577191028
8.63	0.6620055784
8.64	0.6660846612
8.65	0.6699569363
8.66	0.6736230384
8.67	0.6770836507
8.68	0.6803395052
8.69	0.6833913812
8.7	0.6862401056
8.71	0.6888865515
8.72	0.6913316381
8.73	0.6935763302
8.74	0.695621637
8.75	0.697468612
8.76	0.6991183522
8.77	0.7005719975
8.78	0.7018307301
8.79	0.7028957735
8.8	0.7037683924
8.81	0.7044498917
8.82	0.7049416159
8.83	0.7052449486
8.84	0.7053613114
8.85	0.7052921636
8.86	0.7050390016
8.87	0.7046033579
8.88	0.7039868003
8.89	0.703190932
8.9	0.7022173898
8.91	0.7010678442
8.92	0.6997439985
8.93	0.698247588
8.94	0.6965803793
8.95	0.6947441695
8.96	0.6927407858
8.97	0.6905720846
8.98	0.6882399505
8.99	0.6857462962
9	0.6830930612
9.01	0.6802822113
9.02	0.6773157381
9.03	0.6741956577
9.04	0.6709240108
9.05	0.667502861
9.06	0.6639342949
9.07	0.660220421
9.08	0.656363369
9.09	0.6523652891
9.1	0.6482283512
9.11	0.6439547444
9.12	0.6395466759
9.13	0.6350063707
9.14	0.6303360707
9.15	0.6255380338
9.16	0.6206145333
9.17	0.6155678575
9.18	0.6104003083
9.19	0.6051142013
9.2	0.5997118644
9.21	0.5941956375
9.22	0.5885678715
9.23	0.5828309279
9.24	0.576987178
9.25	0.5710390019
9.26	0.5649887884
9.27	0.5588389338
9.28	0.5525918412
9.29	0.5462499204
9.3	0.5398155864
9.31	0.5332912595
9.32	0.526679364
9.33	0.5199823279
9.34	0.5132025821
9.35	0.5063425599
9.36	0.4994046961
9.37	0.4923914265
9.38	0.4853051871
9.39	0.4781484138
9.4	0.4709235414
9.41	0.4636330032
9.42	0.4562792303
9.43	0.4488646509
9.44	0.4413916898
9.45	0.4338627678
9.46	0.4262803009
9.47	0.4186467001
9.48	0.4109643705
9.49	0.4032357105
9.5	0.395463112
9.51	0.3876489589
9.52	0.3797956273
9.53	0.3719054845
9.54	0.3639808884
9.55	0.3560241874
9.56	0.3480377194
9.57	0.3400238116
9.58	0.3319847798
9.59	0.3239229278
9.6	0.3158405472
9.61	0.3077399166
9.62	0.2996233012
9.63	0.2914929524
9.64	0.2833511072
9.65	0.2751999878
9.66	0.2670418012
9.67	0.2588787386
9.68	0.2507129749
9.69	0.2425466687
9.7	0.2343819611
9.71	0.2262209761
9.72	0.2180658196
9.73	0.2099185793
9.74	0.201781324
9.75	0.1936561037
9.76	0.1855449488
9.77	0.1774498696
9.78	0.1693728566
9.79	0.1613158793
9.8	0.1532808866
9.81	0.1452698059
9.82	0.137284543
9.83	0.1293269819
9.84	0.1213989843
9.85	0.1135023892
9.86	0.1056390128
9.87	0.0978106482
9.88	0.09001906498
9.89	0.082266009
9.9	0.07455320216
9.91	0.06688234207
9.92	0.05925510185
9.93	0.0516731299
9.94	0.0441380496
9.95	0.03665145914
9.96	0.02921493129
9.97	0.02183001318
9.98	0.01449822611
9.99	0.007221065365
10	2.803773567e-16
10.01	-0.007163527301
10.02	-0.01426810041
10.03	-0.02131232991
10.04	-0.02829485325
10.05	-0.03521433487
10.06	-0.04206946637
10.07	-0.04885896659
10.08	-0.05558158179
10.09	-0.06223608568
10.1	-0.06882127958
10.11	-0.07533599253
10.12	-0.08177908129
10.13	-0.08814943052
10.14	-0.09444595277
10.15	-0.1006675886
10.16	-0.1068133066
10.17	-0.1128821034
10.18	-0.1188730038
10.19	-0.1247850608
10.2	-0.1306173555
10.21	-0.1363689972
10.22	-0.1420391234
10.23	-0.1476268999
10.24	-0.1531315206
10.25	-0.1585522077
10.26	-0.1638882112
10.27	-0.1691388098
10.28	-0.1743033099
10.29	-0.179381046
10.3	-0.1843713807
10.31	-0.1892737046
10.32	-0.194087436
10.33	-0.1988120212
10.34	-0.2034469341
10.35	-0.2079916764
10.36	-0.2124457773
10.37	-0.2168087933
10.38	-0.2210803086
10.39	-0.2252599344
10.4	-0.2293473092
10.41	-0.2333420985
10.42	-0.2372439944
10.43	-0.2410527163
10.44	-0.2447680098
10.45	-0.248389647
10.46	-0.2519174267
10.47	-0.2553511733
10.48	-0.2586907377
10.49	-0.2619359963
10.5	-0.2650868514
10.51	-0.2681432307
10.52	-0.2711050871
10.53	-0.2739723987
10.54	-0.2767451685
10.55	-0.2794234242
10.56	-0.2820072181
10.57	-0.2844966267
10.58	-0.2868917507
10.59	-0.2891927145
10.6	-0.2913996662
10.61	-0.2935127775
10.62	-0.2955322431
10.63	-0.2974582808
10.64	-0.2992911308
10.65	-0.3010310562
10.66	-0.302678342
10.67	-0.3042332954
10.68	-0.3056962451
10.69	-0.3070675414
10.7	-0.3083475558
10.71	-0.3095366806
10.72	-0.3106353288
10.73	-0.311643934
10.74	-0.3125629496
10.75	-0.3133928489
10.76	-0.314134125
10.77	-0.3147872899
10.78	-0.3153528749
10.79	-0.3158314298
10.8	-0.3162235227
10.81	-0.3165297401
10.82	-0.3167506861
10.83	-0.3168869822
10.84	-0.3169392674
10.85	-0.3169081973
10.86	-0.3167944443
10.87	-0.3165986969
10.88	-0.3163216597
10.89	-0.315964053
10.9	-0.3155266123
10.91	-0.3150100882
10.92	-0.314415246
10.93	-0.3137428654
10.94	-0.3129937403
10.95	-0.312168678
10.96	-0.3112684997
10.97	-0.3102940394
10.98	-0.309246144
10.99	-0.3081256729
11	-0.3069334976
11.01	-0.3056705013
11.02	-0.304337579
11.03	-0.3029356365
11.04	-0.3014655908
11.05	-0.2999283691
11.06	-0.298324909
11.07	-0.2966561579
11.08	-0.2949230727
11.09	-0.2931266196
11.1	-0.2912677736
11.11	-0.2893475182
11.12	-0.2873668454
11.13	-0.2853267548
11.14	-0.2832282537
11.15	-0.2810723567
11.16	-0.2788600854
11.17	-0.2765924677
11.18	-0.2742705382
11.19	-0.2718953373
11.2	-0.2694679108
11.21	-0.2669893103
11.22	-0.264460592
11.23	-0.2618828171
11.24	-0.259257051
11.25	-0.2565843632
11.26	-0.253865827
11.27	-0.2511025192
11.28	-0.2482955196
11.29	-0.2454459109
11.3	-0.2425547783
11.31	-0.2396232092
11.32	-0.236652293
11.33	-0.2336431208
11.34	-0.2305967846
11.35	-0.227514378
11.36	-0.2243969948
11.37	-0.2212457296
11.38	-0.218061677
11.39	-0.2148459315
11.4	-0.211599587
11.41	-0.2083237371
11.42	-0.2050194739
11.43	-0.2016878886
11.44	-0.1983300707
11.45	-0.194947108
11.46	-0.191540086
11.47	-0.1881100881
11.48	-0.1846581949
11.49	-0.1811854841
11.5	-0.1776930305
11.51	-0.1741819052
11.52	-0.1706531758
11.53	-0.1671079061
11.54	-0.1635471555
11.55	-0.1599719793
11.56	-0.1563834279
11.57	-0.1527825471
11.58	-0.1491703772
11.59	-0.1455479536
11.6	-0.1419163059
11.61	-0.1382764579
11.62	-0.1346294275
11.63	-0.1309762263
11.64	-0.1273178595
11.65	-0.1236553254
11.66	-0.1199896159
11.67	-0.1163217154
11.68	-0.1126526013
11.69	-0.1089832434
11.7	-0.1053146038
11.71	-0.1016476369
11.72	-0.09798328883
11.73	-0.09432249777
11.74	-0.0906661933
11.75	-0.08701529649
11.76	-0.08337071963
11.77	-0.0797333661
11.78	-0.07610413019
11.79	-0.07248389694
11.8	-0.06887354198
11.81	-0.06527393138
11.82	-0.0616859215
11.83	-0.05811035883
11.84	-0.05454807986
11.85	-0.05099991096
11.86	-0.04746666819
11.87	-0.04394915724
11.88	-0.04044817322
11.89	-0.03696450061
11.9	-0.0334989131
11.91	-0.03005217348
11.92	-0.02662503354
11.93	-0.02321823393
11.94	-0.0198325041
11.95	-0.01646856217
11.96	-0.01312711481
11.97	-0.009808857208
11.98	-0.006514472921
11.99	-0.00324463382
12	-1.511780007e-16
12.01	0.003218780302
12.02	0.006411070777
12.03	0.009576247121
12.04	0.0127136971
12.05	0.01582282061
12.06	0.01890302974
12.07	0.02195374885
12.08	0.02497441457
12.09	0.02796447591
12.1	0.03092339427
12.11	0.03385064348
12.12	0.03674570988
12.13	0.0396080923
12.14	0.04243730212
12.15	0.0452328633
12.16	0.04799431239
12.17	0.05072119857
12.18	0.05341308365
12.19	0.0560695421
12.2	0.05869016103
12.21	0.06127454023
12.22	0.06382229219
12.23	0.06633304202
12.24	0.06880642754
12.25	0.07124209922
12.26	0.07363972019
12.27	0.07599896621
12.28	0.07831952568
12.29	0.08060109958
12.3	0.08284340152
12.31	0.08504615763
12.32	0.08720910658
12.33	0.08933199955
12.34	0.09141460017
12.35	0.09345668452
12.36	0.09545804103
12.37	0.09741847052
12.38	0.09933778606
12.39	0.101215813
12.4	0.1030523889
12.41	0.1048473634
12.42	0.1066005983
12.43	0.1083119673
12.44	0.1099813563
12.45	0.1116086628
12.46	0.1131937964
12.47	0.1147366782
12.48	0.1162372412
12.49	0.1176954299
12.5	0.1191112004
12.51	0.1204845201
12.52	0.1218153679
12.53	0.1231037341
12.54	0.1243496199
12.55	0.1255530377
12.56	0.1267140112
12.57	0.1278325746
12.58	0.1289087731
12.59	0.1299426628
12.6	0.1309343102
12.61	0.1318837923
12.62	0.1327911967
12.63	0.1336566212
12.64	0.1344801738
12.65	0.1352619727
12.66	0.1360021459
12.67	0.1367008315
12.68	0.1373581772
12.69	0.1379743403
12.7	0.1385494878
12.71	0.139083796
12.72	0.1395774505
12.73	0.140030646
12.74	0.1404435863
12.75	0.1408164842
12.76	0.141149561
12.77	0.1414430469
12.78	0.1416971806
12.79	0.1419122092
12.8	0.1420883879
12.81	0.1422259802
12.82	0.1423252576
12.83	0.1423864995
12.84	0.1424099927
12.85	0.142396032
12.86	0.1423449195
12.87	0.1422569645
12.88	0.1421324837
12.89	0.1419718006
12.9	0.1417752459
12.91	0.1415431566
12.92	0.1412758768
12.93	0.1409737567
12.94	0.1406371531
12.95	0.1402664287
12.96	0.1398619525
12.97	0.1394240993
12.98	0.1389532496
12.99	0.1384497894
13	0.1379141105
13.01	0.1373466097
13.02	0.1367476891
13.03	0.1361177557
13.04	0.1354572216
13.05	0.1347665034
13.06	0.1340460223
13.07	0.1332962041
13.08	0.1325174787
13.09	0.1317102803
13.1	0.130875047
13.11	0.1300122206
13.12	0.129122247
13.13	0.1282055752
13.14	0.1272626578
13.15	0.1262939509
13.16	0.1252999133
13.17	0.124281007
13.18	0.1232376968
13.19	0.1221704502
13.2	0.1210797372
13.21	0.1199660302
13.22	0.1188298039
13.23	0.1176715349
13.24	0.1164917022
13.25	0.1152907861
13.26	0.1140692691
13.27	0.1128276348
13.28	0.1115663686
13.29	0.1102859569
13.3	0.1089868873
13.31	0.1076696484
13.32	0.1063347297
13.33	0.1049826214
13.34	0.1036138144
13.35	0.1022287998
13.36	0.1008280692
13.37	0.09941211449
13.38	0.09798142743
13.39	0.09653649983
13.4	0.09507782325
13.41	0.09360588898
13.42	0.09212118783
13.43	0.09062421007
13.44	0.08911544524
13.45	0.0875953821
13.46	0.08606450845
13.47	0.08452331103
13.48	0.08297227542
13.49	0.08141188589
13.5	0.07984262531
13.51	0.07826497501
13.52	0.07667941471
13.53	0.07508642234
13.54	0.07348647398
13.55	0.07188004375
13.56	0.07026760368
13.57	0.06864962361
13.58	0.06702657107
13.59	0.06539891123
13.6	0.06376710673
13.61	0.06213161761
13.62	0.06049290122
13.63	0.0588514121
13.64	0.05720760191
13.65	0.05556191929
13.66	0.05391480982
13.67	0.0522667159
13.68	0.05061807666
13.69	0.04896932786
13.7	0.04732090183
13.71	0.04567322737
13.72	0.04402672967
13.73	0.04238183021
13.74	0.04073894672
13.75	0.03909849303
13.76	0.03746087909
13.77	0.0358265108
13.78	0.03419578998
13.79	0.03256911433
13.8	0.03094687727
13.81	0.02932946797
13.82	0.02771727121
13.83	0.02611066734
13.84	0.02451003222
13.85	0.02291573716
13.86	0.02132814885
13.87	0.0197476293
13.88	0.01817453577
13.89	0.01660922077
13.9	0.01505203192
13.91	0.01350331198
13.92	0.01196339874
13.93	0.010432625
13.94	0.008911318525
13.95	0.007399801979
13.96	0.0058983929
13.97	0.004407403649
13.98	0.002927141369
13.99	0.001457907953
14	7.925009687e-17
14.01	-0.001446291219
14.02	-0.002880679791
14.03	-0.004302885199
14.04	-0.005712632348
14.05	-0.007109651594
14.06	-0.008493678774
14.07	-0.009864455228
14.08	-0.01122172783
14.09	-0.01256524899
14.1	-0.01389477671
14.11	-0.01521007457
14.12	-0.01651091176
14.13	-0.01779706308
14.14	-0.019068309
14.15	-0.02032443561
14.16	-0.02156523467
14.17	-0.02279050361
14.18	-0.02400004555
14.19	-0.02519366927
14.2	-0.02637118926
14.21	-0.02753242569
14.22	-0.02867720444
14.23	-0.02980535706
14.24	-0.03091672081
14.25	-0.03201113865
14.26	-0.03308845919
14.27	-0.03414853676
14.28	-0.03519123134
14.29	-0.03621640858
14.3	-0.03722393979
14.31	-0.03821370191
14.32	-0.03918557752
14.33	-0.04013945482
14.34	-0.0410752276
14.35	-0.04199279524
14.36	-0.04289206269
14.37	-0.04377294044
14.38	-0.04463534451
14.39	-0.04547919641
14.4	-0.04630442315
14.41	-0.04711095718
14.42	-0.04789873639
14.43	-0.04866770407
14.44	-0.04941780889
14.45	-0.05014900484
14.46	-0.05086125126
14.47	-0.05155451276
14.48	-0.05222875918
14.49	-0.0528839656
14.5	-0.05352011227
14.51	-0.0541371846
14.52	-0.05473517309
14.53	-0.05531407331
14.54	-0.05587388588
14.55	-0.05641461639
14.56	-0.05693627538
14.57	-0.05743887832
14.58	-0.0579224455
14.59	-0.05838700208
14.6	-0.05883257796
14.61	-0.05925920777
14.62	-0.05966693085
14.63	-0.06005579113
14.64	-0.06042583718
14.65	-0.06077712206
14.66	-0.06110970333
14.67	-0.061423643
14.68	-0.06171900745
14.69	-0.0619958674
14.7	-0.06225429784
14.71	-0.062494378
14.72	-0.06271619126
14.73	-0.06291982512
14.74	-0.06310537117
14.75	-0.06327292496
14.76	-0.06342258602
14.77	-0.06355445775
14.78	-0.06366864739
14.79	-0.06376526594
14.8	-0.06384442815
14.81	-0.06390625237
14.82	-0.06395086059
14.83	-0.0639783783
14.84	-0.0639889345
14.85	-0.06398266156
14.86	-0.06395969522
14.87	-0.06392017451
14.88	-0.06386424167
14.89	-0.06379204212
14.9	-0.06370372436
14.91	-0.06359943994
14.92	-0.06347934337
14.93	-0.06334359208
14.94	-0.06319234631
14.95	-0.06302576912
14.96	-0.06284402625
14.97	-0.06264728611
14.98	-0.06243571968
14.99	-0.06220950047
15	-0.06196880442
15.01	-0.06171380987
15.02	-0.06144469749
15.03	-0.06116165019
15.04	-0.06086485307
15.05	-0.06055449336
15.06	-0.06023076035
15.07	-0.05989384532
15.08	-0.05954394145
15.09	-0.05918124382
15.1	-0.05880594929
15.11	-0.05841825642
15.12	-0.05801836547
15.13	-0.05760647828
15.14	-0.05718279822
15.15	-0.05674753013
15.16	-0.05630088025
15.17	-0.05584305614
15.18	-0.05537426666
15.19	-0.05489472185
15.2	-0.0544046329
15.21	-0.05390421209
15.22	-0.05339367267
15.23	-0.05287322889
15.24	-0.05234309586
15.25	-0.0518034895
15.26	-0.05125462652
15.27	-0.05069672429
15.28	-0.05013000084
15.29	-0.04955467476
15.3	-0.04897096516
15.31	-0.04837909157
15.32	-0.04777927394
15.33	-0.04717173253
15.34	-0.04655668788
15.35	-0.0459343607
15.36	-0.0453049719
15.37	-0.04466874243
15.38	-0.04402589329
15.39	-0.04337664547
15.4	-0.04272121983
15.41	-0.04205983713
15.42	-0.0413927179
15.43	-0.04072008243
15.44	-0.0400421507
15.45	-0.0393591423
15.46	-0.03867127643
15.47	-0.03797877179
15.48	-0.03728184656
15.49	-0.03658071835
15.5	-0.03587560412
15.51	-0.03516672015
15.52	-0.03445428198
15.53	-0.03373850437
15.54	-0.03301960123
15.55	-0.0322977856
15.56	-0.03157326957
15.57	-0.03084626426
15.58	-0.03011697975
15.59	-0.02938562504
15.6	-0.02865240801
15.61	-0.02791753538
15.62	-0.02718121264
15.63	-0.02644364404
15.64	-0.0257050325
15.65	-0.02496557964
15.66	-0.02422548565
15.67	-0.02348494932
15.68	-0.02274416795
15.69	-0.02200333736
15.7	-0.0212626518
15.71	-0.02052230394
15.72	-0.01978248484
15.73	-0.01904338387
15.74	-0.01830518873
15.75	-0.01756808537
15.76	-0.016832258
15.77	-0.01609788898
15.78	-0.01536515889
15.79	-0.0146342464
15.8	-0.01390532831
15.81	-0.01317857946
15.82	-0.01245417276
15.83	-0.01173227911
15.84	-0.01101306739
15.85	-0.01029670444
15.86	-0.009583355029
15.87	-0.008873181815
15.88	-0.008166345332
15.89	-0.007463003962
15.9	-0.006763313911
15.91	-0.006067429183
15.92	-0.005375501562
15.93	-0.004687680585
15.94	-0.004004113522
15.95	-0.003324945358
15.96	-0.002650318772
15.97	-0.001980374116
15.98	-0.001315249399
15.99	-0.0006550802705
16	-4.069641592e-17
16.01	0.0006498605351
16.02	0.001294372867
16.03	0.001933410949
16.04	0.002566851175
16.05	0.003194572386
16.06	0.003816455885
16.07	0.004432385449
16.08	0.00504224734
16.09	0.005645930313
16.1	0.006243325627
16.11	0.006834327051
16.12	0.007418830877
16.13	0.00799673592
16.14	0.008567943532
16.15	0.009132357599
16.16	0.009689884556
16.17	0.01024043338
16.18	0.0107839156
16.19	0.01132024531
16.2	0.01184933915
16.21	0.01237111632
16.22	0.01288549856
16.23	0.01339241021
16.24	0.01389177814
16.25	0.01438353177
16.26	0.01486760309
16.27	0.01534392665
16.28	0.01581243952
16.29	0.01627308135
16.3	0.01672579431
16.31	0.01717052309
16.32	0.01760721496
16.33	0.01803581965
16.34	0.01845628947
16.35	0.01886857919
16.36	0.0192726461
16.37	0.01966844999
16.38	0.02005595311
16.39	0.02043512021
16.4	0.02080591849
16.41	0.02116831759
16.42	0.02152228961
16.43	0.02186780906
16.44	0.02220485288
16.45	0.0225334004
16.46	0.02285343334
16.47	0.02316493581
16.48	0.02346789426
16.49	0.02376229748
16.5	0.02404813661
16.51	0.02432540508
16.52	0.02459409862
16.53	0.02485421526
16.54	0.02510575526
16.55	0.02534872114
16.56	0.02558311764
16.57	0.02580895169
16.58	0.02602623244
16.59	0.02623497116
16.6	0.02643518131
16.61	0.02662687844
16.62	0.02681008023
16.63	0.02698480642
16.64	0.02715107883
16.65	0.0273089213
16.66	0.02745835969
16.67	0.02759942188
16.68	0.02773213769
16.69	0.02785653888
16.7	0.02797265916
16.71	0.02808053413
16.72	0.02818020125
16.73	0.02827169985
16.74	0.02835507106
16.75	0.02843035783
16.76	0.02849760488
16.77	0.02855685867
16.78	0.02860816738
16.79	0.02865158089
16.8	0.02868715076
16.81	0.02871493018
16.82	0.02873497394
16.83	0.02874733845
16.84	0.02875208165
16.85	0.02874926304
16.86	0.0287389436
16.87	0.0287211858
16.88	0.02869605355
16.89	0.0286636122
16.9	0.02862392848
16.91	0.02857707047
16.92	0.0285231076
16.93	0.02846211061
16.94	0.02839415151
16.95	0.02831930355
16.96	0.02823764122
16.97	0.02814924017
16.98	0.02805417725
16.99	0.0279525304
17	0.0278443787
17.01	0.02772980226
17.02	0.02760888227
17.03	0.02748170092
17.04	0.02734834138
17.05	0.02720888778
17.06	0.02706342516
17.07	0.02691203947
17.08	0.02675481753
17.09	0.02659184698
17.1	0.02642321628
17.11	0.02624901464
17.12	0.02606933206
17.13	0.02588425921
17.14	0.02569388749
17.15	0.02549830893
17.16	0.0252976162
17.17	0.02509190257
17.18	0.02488126188
17.19	0.02466578851
17.2	0.02444557735
17.21	0.02422072378
17.22	0.02399132363
17.23	0.02375747317
17.24	0.02351926904
17.25	0.02327680828
17.26	0.02303018824
17.27	0.02277950661
17.28	0.02252486135
17.29	0.02226635068
17.3	0.02200407305
17.31	0.0217381271
17.32	0.02146861167
17.33	0.02119562571
17.34	0.02091926834
17.35	0.02063963871
17.36	0.02035683609
17.37	0.02007095976
17.38	0.01978210903
17.39	0.01949038317
17.4	0.01919588145
17.41	0.01889870305
17.42	0.01859894706
17.43	0.01829671246
17.44	0.01799209809
17.45	0.01768520264
17.46	0.01737612458
17.47	0.01706496219
17.48	0.0167518135
17.49	0.01643677628
17.5	0.01611994804
17.51	0.01580142594
17.52	0.01548130683
17.53	0.01515968722
17.54	0.01483666322
17.55	0.01451233055
17.56	0.01418678451
17.57	0.01386011997
17.58	0.01353243131
17.59	0.01320381246
17.6	0.01287435681
17.61	0.01254415725
17.62	0.01221330612
17.63	0.01188189518
17.64	0.01155001563
17.65	0.01121775804
17.66	0.01088521237
17.67	0.01055246795
17.68	0.01021961342
17.69	0.009886736783
17.7	0.009553925307
17.71	0.009221265572
17.72	0.008888843419
17.73	0.008556743946
17.74	0.008225051489
17.75	0.007893849602
17.76	0.007563221049
17.77	0.007233247782
17.78	0.006904010928
17.79	0.006575590777
17.8	0.006248066765
17.81	0.005921517458
17.82	0.005596020545
17.83	0.005271652818
17.84	0.004948490161
17.85	0.00462660754
17.86	0.004306078988
17.87	0.003986977593
17.88	0.003669375489
17.89	0.003353343839
17.9	0.003038952833
17.91	0.00272627167
17.92	0.002415368549
17.93	0.002106310661
17.94	0.001799164181
17.95	0.001493994254
17.96	0.001190864988
17.97	0.00088983945
17.98	0.0005909796501
17.99	0.0002943465393
18	2.057183821e-17
18.01	-0.000292001161
18.02	-0.0005815992193
18.03	-0.0008687375391
18.04	-0.00115336058
18.05	-0.001435413901
18.06	-0.001714844169
18.07	-0.001991599163
18.08	-0.002265627774
18.09	-0.002536880019
18.1	-0.002805307036
18.11	-0.003070861094
18.12	-0.003333495593
18.13	-0.003593165067
18.14	-0.003849825192
18.15	-0.00410343278
18.16	-0.00435394579
18.17	-0.004601323323
18.18	-0.004845525628
18.19	-0.005086514101
18.2	-0.005324251286
18.21	-0.005558700879
18.22	-0.005789827721
18.23	-0.006017597808
18.24	-0.00624197828
18.25	-0.00646293743
18.26	-0.006680444697
18.27	-0.006894470667
18.28	-0.007104987072
18.29	-0.007311966787
18.3	-0.007515383829
18.31	-0.007715213355
18.32	-0.007911431657
18.33	-0.008104016162
18.34	-0.008292945428
18.35	-0.008478199141
18.36	-0.008659758107
18.37	-0.008837604258
18.38	-0.009011720636
18.39	-0.009182091396
18.4	-0.009348701801
18.41	-0.009511538214
18.42	-0.009670588094
18.43	-0.009825839991
18.44	-0.009977283541
18.45	-0.01012490946
18.46	-0.01026870953
18.47	-0.01040867661
18.48	-0.01054480462
18.49	-0.01067708851
18.5	-0.01080552431
18.51	-0.01093010906
18.52	-0.01105084086
18.53	-0.0111677188
18.54	-0.01128074301
18.55	-0.01138991461
18.56	-0.01149523575
18.57	-0.01159670953
18.58	-0.01169434006
18.59	-0.01178813242
18.6	-0.01187809263
18.61	-0.01196422771
18.62	-0.01204654558
18.63	-0.01212505512
18.64	-0.01219976612
18.65	-0.01227068932
18.66	-0.01233783632
18.67	-0.01240121964
18.68	-0.0124608527
18.69	-0.01251674976
18.7	-0.01256892596
18.71	-0.01261739731
18.72	-0.01266218064
18.73	-0.01270329361
18.74	-0.01274075471
18.75	-0.01277458323
18.76	-0.01280479928
18.77	-0.01283142372
18.78	-0.01285447821
18.79	-0.01287398516
18.8	-0.01288996774
18.81	-0.01290244983
18.82	-0.01291145608
18.83	-0.01291701181
18.84	-0.01291914307
18.85	-0.01291787658
18.86	-0.01291323976
18.87	-0.01290526066
18.88	-0.01289396802
18.89	-0.01287939118
18.9	-0.01286156013
18.91	-0.01284050547
18.92	-0.01281625839
18.93	-0.01278885068
18.94	-0.01275831468
18.95	-0.01272468333
18.96	-0.01268799008
18.97	-0.01264826893
18.98	-0.0126055544
18.99	-0.01255988153
19	-0.01251128584
19.01	-0.01245980332
19.02	-0.01240547047
19.03	-0.01234832421
19.04	-0.0122884019
19.05	-0.01222574136
19.06	-0.01216038079
19.07	-0.01209235882
19.08	-0.01202171445
19.09	-0.01194848706
19.1	-0.0118727164
19.11	-0.01179444256
19.12	-0.01171370597
19.13	-0.01163054738
19.14	-0.01154500785
19.15	-0.01145712874
19.16	-0.01136695168
19.17	-0.01127451859
19.18	-0.01117987163
19.19	-0.0110830532
19.2	-0.01098410595
19.21	-0.01088307273
19.22	-0.0107799966
19.23	-0.01067492081
19.24	-0.0105678888
19.25	-0.01045894415
19.26	-0.01034813063
19.27	-0.01023549211
19.28	-0.01012107262
19.29	-0.01000491628
19.3	-0.009887067348
19.31	-0.009767570132
19.32	-0.009646469041
19.33	-0.009523808546
19.34	-0.009399633171
19.35	-0.009273987482
19.36	-0.009146916073
19.37	-0.009018463559
19.38	-0.008888674557
19.39	-0.008757593682
19.4	-0.008625265528
19.41	-0.008491734664
19.42	-0.008357045615
19.43	-0.008221242856
19.44	-0.008084370799
19.45	-0.007946473782
19.46	-0.007807596057
19.47	-0.007667781782
19.48	-0.007527075006
19.49	-0.007385519661
19.5	-0.007243159553
19.51	-0.007100038348
19.52	-0.006956199562
19.53	-0.006811686554
19.54	-0.006666542514
19.55	-0.006520810452
19.56	-0.006374533188
19.57	-0.006227753348
19.58	-0.006080513344
19.59	-0.005932855374
19.6	-0.00578482141
19.61	-0.005636453184
19.62	-0.005487792187
19.63	-0.005338879654
19.64	-0.005189756558
19.65	-0.005040463599
19.66	-0.004891041199
19.67	-0.004741529492
19.68	-0.004591968314
19.69	-0.004442397197
19.7	-0.004292855362
19.71	-0.004143381707
19.72	-0.003994014806
19.73	-0.003844792894
19.74	-0.003695753865
19.75	-0.003546935265
19.76	-0.003398374279
19.77	-0.003250107733
19.78	-0.003102172079
19.79	-0.002954603392
19.8	-0.002807437367
19.81	-0.002660709306
19.82	-0.002514454115
19.83	-0.0023687063
19.84	-0.002223499958
19.85	-0.002078868773
19.86	-0.001934846011
19.87	-0.001791464512
19.88	-0.001648756687
19.89	-0.001506754514
19.9	-0.001365489529
19.91	-0.001224992825
19.92	-0.001085295048
19.93	-0.0009464263875
19.94	-0.0008084165777
19.95	-0.0006712948903
19.96	-0.0005350901316
19.97	-0.0003998306383
19.98	-0.000265544274
19.99	-0.0001322584256
20	-1.027058084e-17
20.01	0.0001312045792
20.02	0.0002613293747
20.03	0.0003903489385
20.04	0.0005182383145
20.05	0.0006449730412
20.06	0.0007705291542
20.07	0.0008948831886
20.08	0.001018012181
20.09	0.001139893671
20.1	0.001260505705
20.11	0.001379826834
20.12	0.001497836122
20.13	0.001614513138
20.14	0.001729837965
20.15	0.0018437912
20.16	0.001956353952
20.17	0.002067507842
20.18	0.002177235011
20.19	0.002285518112
20.2	0.002392340315
20.21	0.002497685308
20.22	0.002601537292
20.23	0.002703880989
20.24	0.002804701635
20.25	0.00290398498
20.26	0.003001717295
20.27	0.003097885363
20.28	0.003192476481
20.29	0.003285478462
20.3	0.003376879631
20.31	0.003466668825
20.32	0.003554835391
20.33	0.003641369187
20.34	0.003726260579
20.35	0.003809500437
20.36	0.00389108014
20.37	0.003970991566
20.38	0.004049227098
20.39	0.004125779615
20.4	0.004200642496
20.41	0.004273809613
20.42	0.004345275331
20.43	0.004415034505
20.44	0.004483082478
20.45	0.004549415079
20.46	0.004614028616
20.47	0.00467691988
20.48	0.004738086135
20.49	0.004797525121
20.5	0.004855235045
20.51	0.004911214584
20.52	0.004965462876
20.53	0.005017979519
20.54	0.00506876457
20.55	0.005117818535
20.56	0.005165142371
20.57	0.00521073748
20.58	0.005254605706
20.59	0.005296749327
20.6	0.005337171059
20.61	0.005375874043
20.62	0.005412861845
20.63	0.005448138455
20.64	0.005481708275
20.65	0.00551357612
20.66	0.005543747212
20.67	0.005572227177
20.68	0.005599022035
20.69	0.005624138203
20.7	0.005647582484
20.71	0.005669362064
20.72	0.005689484509
20.73	0.005707957757
20.74	0.005724790114
20.75	0.005739990251
20.76	0.005753567196
20.77	0.005765530329
20.78	0.00577588938
20.79	0.005784654417
20.8	0.00579183585
20.81	0.005797444417
20.82	0.005801491184
20.83	0.005803987535
20.84	0.005804945171
20.85	0.005804376102
20.86	0.005802292643
20.87	0.005798707405
20.88	0.005793633293
20.89	0.005787083497
20.9	0.005779071491
20.91	0.005769611022
20.92	0.005758716107
20.93	0.005746401027
20.94	0.005732680321
20.95	0.005717568779
20.96	0.005701081438
20.97	0.005683233575
20.98	0.005664040702
20.99	0.005643518558
21	0.005621683104
21.01	0.005598550521
21.02	0.005574137197
21.03	0.005548459725
21.04	0.005521534898
21.05	0.0054933797
21.06	0.005464011304
21.07	0.005433447062
21.08	0.005401704499
21.09	0.005368801313
21.1	0.00533475536
21.11	0.005299584657
21.12	0.005263307369
21.13	0.005225941806
21.14	0.005187506418
21.15	0.005148019788
21.16	0.005107500624
21.17	0.005065967759
21.18	0.005023440136
21.19	0.004979936813
21.2	0.004935476947
21.21	0.004890079794
21.22	0.004843764704
21.23	0.004796551109
21.24	0.004748458525
21.25	0.004699506541
21.26	0.004649714814
21.27	0.004599103066
21.28	0.004547691075
21.29	0.00449549867
21.3	0.004442545729
21.31	0.004388852169
21.32	0.004334437942
21.33	0.004279323029
21.34	0.004223527436
21.35	0.004167071189
21.36	0.004109974324
21.37	0.004052256889
21.38	0.003993938931
21.39	0.003935040497
21.4	0.003875581625
21.41	0.00381558234
21.42	0.003755062649
21.43	0.003694042536
21.44	0.003632541957
21.45	0.003570580833
21.46	0.003508179049
21.47	0.003445356445
21.48	0.003382132815
21.49	0.003318527899
21.5	0.003254561379
21.51	0.003190252876
21.52	0.003125621943
21.53	0.003060688063
21.54	0.002995470642
21.55	0.002929989005
21.56	0.002864262394
21.57	0.00279830996
21.58	0.002732150762
21.59	0.00266580376
21.6	0.002599287812
21.61	0.00253262167
21.62	0.002465823979
21.63	0.002398913265
21.64	0.002331907938
21.65	0.002264826288
21.66	0.002197686476
21.67	0.002130506535
21.68	0.002063304366
21.69	0.001996097731
21.7	0.001928904253
21.71	0.00186174141
21.72	0.001794626535
21.73	0.001727576808
21.74	0.001660609256
21.75	0.001593740748
21.76	0.001526987995
21.77	0.001460367541
21.78	0.001393895767
21.79	0.001327588882
21.8	0.001261462924
21.81	0.001195533756
21.82	0.001129817063
21.83	0.001064328348
21.84	0.0009990829328
21.85	0.0009340959525
21.86	0.0008693823539
21.87	0.0008049568934
21.88	0.0007408341344
21.89	0.0006770284448
21.9	0.0006135539954
21.91	0.0005504247572
21.92	0.0004876544996
21.93	0.0004252567883
21.94	0.0003632449834
21.95	0.0003016322377
21.96	0.0002404314945
21.97	0.0001796554865
21.98	0.0001193167336
21.99	5.942754138e-05
22	1.846414284e-17
22.01	-5.895401767e-05
22.02	-0.0001174228572
22.03	-0.0001753950842
22.04	-0.000232859485
22.05	-0.0002898050685
22.06	-0.0003462210667
22.07	-0.0004020969362
22.08	-0.0004574223587
22.09	-0.0005121872424
22.1	-0.0005663817226
22.11	-0.0006199961622
22.12	-0.0006730211529
22.13	-0.0007254475157
22.14	-0.0007772663011
22.15	-0.0008284687901
22.16	-0.0008790464945
22.17	-0.0009289911571
22.18	-0.0009782947521
22.19	-0.001026949486
22.2	-0.001074947796
22.21	-0.001122282352
22.22	-0.001168946057
22.23	-0.001214932044
22.24	-0.00126023368
22.25	-0.001304844563
22.26	-0.001348758523
22.27	-0.001391969621
22.28	-0.00143447215
22.29	-0.001476260634
22.3	-0.001517329827
22.31	-0.001557674712
22.32	-0.001597290504
22.33	-0.001636172645
22.34	-0.001674316806
22.35	-0.001711718885
22.36	-0.001748375009
22.37	-0.001784281527
22.38	-0.001819435017
22.39	-0.001853832281
22.4	-0.001887470341
22.41	-0.001920346446
22.42	-0.001952458063
22.43	-0.001983802881
22.44	-0.002014378806
22.45	-0.002044183965
22.46	-0.002073216699
22.47	-0.002101475565
22.48	-0.002128959335
22.49	-0.002155666993
22.5	-0.002181597733
22.51	-0.002206750961
22.52	-0.00223112629
22.53	-0.002254723539
22.54	-0.002277542733
22.55	-0.002299584101
22.56	-0.002320848071
22.57	-0.002341335274
22.58	-0.002361046539
22.59	-0.002379982888
22.6	-0.002398145543
22.61	-0.002415535915
22.62	-0.002432155606
22.63	-0.002448006408
22.64	-0.002463090301
22.65	-0.002477409446
22.66	-0.002490966192
22.67	-0.002503763065
22.68	-0.002515802771
22.69	-0.002527088193
22.7	-0.002537622387
22.71	-0.002547408583
22.72	-0.002556450181
22.73	-0.002564750746
22.74	-0.002572314012
22.75	-0.002579143874
22.76	-0.002585244388
22.77	-0.00259061977
22.78	-0.002595274392
22.79	-0.002599212777
22.8	-0.002602439603
22.81	-0.002604959695
22.82	-0.002606778024
22.83	-0.002607899707
22.84	-0.00260833
22.85	-0.002608074301
22.86	-0.002607138143
22.87	-0.002605527192
22.88	-0.002603247246
22.89	-0.002600304233
22.9	-0.002596704207
22.91	-0.002592453344
22.92	-0.002587557943
22.93	-0.002582024421
22.94	-0.00257585931
22.95	-0.002569069257
22.96	-0.002561661017
22.97	-0.002553641455
22.98	-0.002545017541
22.99	-0.002535796347
23	-0.002525985046
23.01	-0.002515590906
23.02	-0.002504621292
23.03	-0.002493083661
23.04	-0.002480985556
23.05	-0.00246833461
23.06	-0.002455138539
23.07	-0.00244140514
23.08	-0.002427142287
23.09	-0.002412357932
23.1	-0.0023970601
23.11	-0.002381256884
23.12	-0.002364956448
23.13	-0.002348167018
23.14	-0.002330896885
23.15	-0.002313154398
23.16	-0.002294947965
23.17	-0.002276286045
23.18	-0.002257177153
23.19	-0.002237629849
23.2	-0.002217652744
23.21	-0.002197254488
23.22	-0.002176443777
23.23	-0.002155229341
23.24	-0.00213361995
23.25	-0.002111624406
23.26	-0.002089251541
23.27	-0.002066510217
23.28	-0.00204340932
23.29	-0.002019957761
23.3	-0.001996164471
23.31	-0.001972038399
23.32	-0.00194758851
23.33	-0.001922823784
23.34	-0.001897753208
23.35	-0.001872385781
23.36	-0.001846730506
23.37	-0.00182079639
23.38	-0.001794592443
23.39	-0.00176812767
23.4	-0.001741411077
23.41	-0.00171445166
23.42	-0.00168725841
23.43	-0.001659840306
23.44	-0.001632206314
23.45	-0.001604365387
23.46	-0.001576326458
23.47	-0.001548098442
23.48	-0.001519690234
23.49	-0.001491110703
23.5	-0.001462368693
23.51	-0.00143347302
23.52	-0.00140443247
23.53	-0.001375255797
23.54	-0.001345951721
23.55	-0.001316528925
23.56	-0.001286996055
23.57	-0.001257361716
23.58	-0.001227634472
23.59	-0.001197822842
23.6	-0.0011679353
23.61	-0.001137980272
23.62	-0.001107966134
23.63	-0.001077901212
23.64	-0.001047793778
23.65	-0.00101765205
23.66	-0.0009874841875
23.67	-0.0009572982944
23.68	-0.0009271024133
23.69	-0.0008969045257
23.7	-0.0008667125498
23.71	-0.0008365343394
23.72	-0.0008063776821
23.73	-0.0007762502976
23.74	-0.0007461598368
23.75	-0.0007161138795
23.76	-0.0006861199339
23.77	-0.0006561854344
23.78	-0.0006263177409
23.79	-0.000596524137
23.8	-0.0005668118289
23.81	-0.0005371879442
23.82	-0.0005076595304
23.83	-0.0004782335541
23.84	-0.0004489168993
23.85	-0.0004197163667
23.86	-0.0003906386725
23.87	-0.0003616904471
23.88	-0.0003328782342
23.89	-0.0003042084898
23.9	-0.0002756875812
23.91	-0.000247321786
23.92	-0.0002191172912
23.93	-0.0001910801922
23.94	-0.0001632164921
23.95	-0.0001355321009
23.96	-0.0001080328344
23.97	-8.072441366e-05
23.98	-5.36124643e-05
23.99	-2.670251561e-05
24	-2.488313411e-18
24.01	2.648974769e-05
24.02	5.276149081e-05
24.03	7.881009149e-05
24.04	0.0001046305112
24.05	0.0001302178112
24.06	0.0001555671533
24.07	0.0001806737998
24.08	0.0002055331146
24.09	0.0002301405631
24.1	0.0002544917127
24.11	0.0002785822333
24.12	0.0003024078975
24.13	0.0003259645807
24.14	0.0003492482619
24.15	0.0003722550233
24.16	0.0003949810508
24.17	0.0004174226343
24.18	0.0004395761676
24.19	0.0004614381486
24.2	0.0004830051795
24.21	0.0005042739667
24.22	0.0005252413208
24.23	0.0005459041568
24.24	0.000566259494
24.25	0.0005863044559
24.26	0.0006060362699
24.27	0.0006254522679
24.28	0.0006445498853
24.29	0.0006633266614
24.3	0.0006817802392
24.31	0.0006999083648
24.32	0.0007177088875
24.33	0.0007351797597
24.34	0.000752319036
24.35	0.0007691248736
24.36	0.0007855955315
24.37	0.0008017293702
24.38	0.0008175248517
24.39	0.0008329805384
24.4	0.0008480950933
24.41	0.0008628672794
24.42	0.000877295959
24.43	0.0008913800934
24.44	0.0009051187423
24.45	0.0009185110633
24.46	0.0009315563116
24.47	0.0009442538387
24.48	0.0009566030927
24.49	0.0009686036169
24.5	0.0009802550497
24.51	0.0009915571236
24.52	0.001002509665
24.53	0.001013112592
24.54	0.001023365917
24.55	0.001033269742
24.56	0.00104282426
24.57	0.001052029753
24.58	0.001060886595
24.59	0.001069395246
24.6	0.001077556253
24.61	0.00108537025
24.62	0.001092837959
24.63	0.001099960184
24.64	0.001106737813
24.65	0.00111317182
24.66	0.001119263259
24.67	0.001125013264
24.68	0.001130423053
24.69	0.00113549392
24.7	0.001140227239
24.71	0.00114462446
24.72	0.001148687112
24.73	0.001152416796
24.74	0.00115581519
24.75	0.001158884045
24.76	0.001161625183
24.77	0.001164040498
24.78	0.001166131954
24.79	0.001167901585
24.8	0.001169351491
24.81	0.001170483841
24.82	0.001171300869
24.83	0.001171804874
24.84	0.001171998217
24.85	0.001171883324
24.86	0.001171462681
24.87	0.001170738834
24.88	0.001169714388
24.89	0.001168392007
24.9	0.001166774411
24.91	0.001164864376
24.92	0.00116266473
24.93	0.001160178358
24.94	0.001157408196
24.95	0.001154357228
24.96	0.001151028491
24.97	0.00114742507
24.98	0.001143550095
24.99	0.001139406746
25	0.001134998244
25.01	0.001130327856
25.02	0.001125398891
25.03	0.001120214699
25.04	0.00111477867
25.05	0.001109094234
25.06	0.001103164857
25.07	0.001096994042
25.08	0.00109058533
25.09	0.001083942291
25.1	0.001077068532
25.11	0.001069967689
25.12	0.001062643431
25.13	0.001055099454
25.14	0.001047339483
25.15	0.00103936727
25.16	0.001031186592
25.17	0.001022801251
25.18	0.001014215072
25.19	0.001005431902
25.2	0.0009964556102
25.21	0.0009872900831
25.22	0.0009779392276
25.23	0.0009684069673
25.24	0.0009586972421
25.25	0.0009488140069
25.26	0.0009387612307
25.27	0.000928542895
25.28	0.0009181629929
25.29	0.0009076255282
25.3	0.0008969345138
25.31	0.000886093971
25.32	0.0008751079279
25.33	0.0008639804188
25.34	0.000852715483
25.35	0.0008413171632
25.36	0.0008297895051
25.37	0.0008181365559
25.38	0.0008063623633
25.39	0.0007944709746
25.4	0.0007824664353
25.41	0.0007703527886
25.42	0.0007581340737
25.43	0.0007458143254
25.44	0.0007333975725
25.45	0.0007208878373
25.46	0.0007082891344
25.47	0.0006956054695
25.48	0.0006828408388
25.49	0.0006699992276
25.5	0.00065708461
25.51	0.0006441009472
25.52	0.0006310521869
25.53	0.0006179422626
25.54	0.0006047750924
25.55	0.000591554578
25.56	0.000578284604
25.57	0.0005649690373
25.58	0.0005516117255
25.59	0.0005382164967
25.6	0.0005247871584
25.61	0.0005113274967
25.62	0.0004978412753
25.63	0.0004843322351
25.64	0.000470804093
25.65	0.0004572605413
25.66	0.0004437052471
25.67	0.000430141851
25.68	0.000416573967
25.69	0.0004030051814
25.7	0.0003894390522
25.71	0.0003758791082
25.72	0.0003623288486
25.73	0.0003487917421
25.74	0.0003352712265
25.75	0.0003217707077
25.76	0.0003082935591
25.77	0.0002948431215
25.78	0.0002814227017
25.79	0.0002680355725
25.8	0.0002546849719
25.81	0.0002413741025
25.82	0.0002281061309
25.83	0.0002148841875
25.84	0.0002017113653
25.85	0.0001885907203
25.86	0.0001755252701
25.87	0.0001625179939
25.88	0.0001495718321
25.89	0.0001366896856
25.9	0.0001238744153
25.91	0.0001111288419
25.92	9.845574546e-05
25.93	8.585786481e-05
25.94	7.333789733e-05
25.95	6.08984985e-05
25.96	4.854228157e-05
25.97	3.627181717e-05
25.98	2.408963305e-05
25.99	1.199821368e-05
26	-1.491703572e-18
26.01	-1.190261089e-05
26.02	-2.370726601e-05
26.03	-3.541165677e-05
26.04	-4.701351921e-05
26.05	-5.851063422e-05
26.06	-6.990082782e-05
26.07	-8.118197131e-05
26.08	-9.235198147e-05
26.09	-0.0001034088208
26.1	-0.0001143504976
26.11	-0.0001251750663
26.12	-0.0001358806273
26.13	-0.0001464653274
26.14	-0.0001569273597
26.15	-0.000167264964
26.16	-0.0001774764264
26.17	-0.0001875600799
26.18	-0.000197514304
26.19	-0.0002073375253
26.2	-0.000217028217
26.21	-0.0002265848991
26.22	-0.0002360061386
26.23	-0.0002452905493
26.24	-0.0002544367919
26.25	-0.0002634435738
26.26	-0.0002723096494
26.27	-0.0002810338196
26.28	-0.0002896149323
26.29	-0.0002980518817
26.3	-0.0003063436086
26.31	-0.0003144891005
26.32	-0.000322487391
26.33	-0.0003303375598
26.34	-0.0003380387331
26.35	-0.0003455900827
26.36	-0.0003529908264
26.37	-0.0003602402274
26.38	-0.0003673375947
26.39	-0.0003742822824
26.4	-0.0003810736898
26.41	-0.0003877112608
26.42	-0.0003941944845
26.43	-0.000400522894
26.44	-0.0004066960669
26.45	-0.0004127136246
26.46	-0.0004185752325
26.47	-0.0004242805992
26.48	-0.0004298294767
26.49	-0.0004352216598
26.5	-0.000440456986
26.51	-0.0004455353352
26.52	-0.0004504566292
26.53	-0.0004552208316
26.54	-0.0004598279475
26.55	-0.0004642780228
26.56	-0.0004685711443
26.57	-0.0004727074393
26.58	-0.000476687075
26.59	-0.0004805102581
26.6	-0.0004841772348
26.61	-0.0004876882903
26.62	-0.000491043748
26.63	-0.0004942439699
26.64	-0.0004972893552
26.65	-0.0005001803409
26.66	-0.0005029174006
26.67	-0.0005055010447
26.68	-0.0005079318195
26.69	-0.0005102103068
26.7	-0.000512337124
26.71	-0.0005143129229
26.72	-0.0005161383899
26.73	-0.0005178142451
26.74	-0.0005193412422
26.75	-0.0005207201675
26.76	-0.0005219518401
26.77	-0.0005230371111
26.78	-0.0005239768629
26.79	-0.0005247720092
26.8	-0.0005254234941
26.81	-0.0005259322919
26.82	-0.0005262994062
26.83	-0.00052652587
26.84	-0.0005266127449
26.85	-0.0005265611201
26.86	-0.000526372113
26.87	-0.0005260468675
26.88	-0.0005255865544
26.89	-0.0005249923704
26.9	-0.0005242655376
26.91	-0.0005234073032
26.92	-0.0005224189388
26.93	-0.00052130174
26.94	-0.0005200570256
26.95	-0.0005186861374
26.96	-0.0005171904396
26.97	-0.000515571318
26.98	-0.0005138301798
26.99	-0.0005119684529
27	-0.0005099875853
27.01	-0.0005078890447
27.02	-0.0005056743178
27.03	-0.0005033449101
27.04	-0.0005009023449
27.05	-0.0004983481631
27.06	-0.0004956839223
27.07	-0.0004929111967
27.08	-0.0004900315765
27.09	-0.0004870466667
27.1	-0.0004839580876
27.11	-0.0004807674734
27.12	-0.000477476472
27.13	-0.0004740867446
27.14	-0.0004705999649
27.15	-0.0004670178186
27.16	-0.0004633420031
27.17	-0.0004595742265
27.18	-0.0004557162076
27.19	-0.0004517696752
27.2	-0.0004477363671
27.21	-0.0004436180303
27.22	-0.0004394164201
27.23	-0.0004351332995
27.24	-0.0004307704387
27.25	-0.0004263296149
27.26	-0.0004218126113
27.27	-0.0004172212171
27.28	-0.0004125572265
27.29	-0.0004078224384
27.3	-0.000403018656
27.31	-0.0003981476861
27.32	-0.0003932113387
27.33	-0.0003882114266
27.34	-0.0003831497647
27.35	-0.0003780281694
27.36	-0.0003728484588
27.37	-0.0003676124512
27.38	-0.0003623219654
27.39	-0.00035697882
27.4	-0.0003515848328
27.41	-0.0003461418205
27.42	-0.000340651598
27.43	-0.0003351159782
27.44	-0.0003295367715
27.45	-0.0003239157852
27.46	-0.0003182548231
27.47	-0.000312555685
27.48	-0.0003068201667
27.49	-0.0003010500589
27.5	-0.0002952471472
27.51	-0.0002894132114
27.52	-0.0002835500255
27.53	-0.0002776593568
27.54	-0.0002717429658
27.55	-0.0002658026057
27.56	-0.0002598400221
27.57	-0.0002538569523
27.58	-0.0002478551252
27.59	-0.0002418362609
27.6	-0.0002358020703
27.61	-0.0002297542544
27.62	-0.0002236945045
27.63	-0.0002176245015
27.64	-0.0002115459154
27.65	-0.0002054604054
27.66	-0.000199369619
27.67	-0.0001932751923
27.68	-0.0001871787491
27.69	-0.0001810819007
27.7	-0.0001749862459
27.71	-0.0001688933703
27.72	-0.0001628048462
27.73	-0.0001567222322
27.74	-0.0001506470729
27.75	-0.0001445808988
27.76	-0.0001385252256
27.77	-0.0001324815544
27.78	-0.000126451371
27.79	-0.0001204361462
27.8	-0.0001144373346
27.81	-0.0001084563754
27.82	-0.0001024946915
27.83	-9.655368935e-05
27.84	-9.063475883e-05
27.85	-8.473927299e-05
27.86	-7.886858777e-05
27.87	-7.302404186e-05
27.88	-6.72069564e-05
27.89	-6.141863483e-05
27.9	-5.56603627e-05
27.91	-4.993340742e-05
27.92	-4.423901812e-05
27.93	-3.857842546e-05
27.94	-3.295284144e-05
27.95	-2.736345925e-05
27.96	-2.181145309e-05
27.97	-1.629797804e-05
27.98	-1.082416986e-05
27.99	-5.391144923e-06
28	-5.861121155e-19
28.01	5.348187821e-06
28.02	1.065236128e-05
28.03	1.591148305e-05
28.04	2.112453588e-05
28.05	2.629052267e-05
28.06	3.140846656e-05
28.07	3.647741107e-05
28.08	4.149642017e-05
28.09	4.646457833e-05
28.1	5.138099065e-05
28.11	5.624478288e-05
28.12	6.105510151e-05
28.13	6.581111384e-05
28.14	7.0512008e-05
28.15	7.5156993e-05
28.16	7.974529883e-05
28.17	8.427617639e-05
28.18	8.874889763e-05
28.19	9.316275547e-05
28.2	9.751706392e-05
28.21	0.000101811158
28.22	0.0001060443938
28.23	0.0001102161484
28.24	0.0001143258201
28.25	0.0001183728281
28.26	0.0001223566127
28.27	0.0001262766351
28.28	0.0001301323775
28.29	0.0001339233432
28.3	0.0001376490563
28.31	0.0001413090618
28.32	0.0001449029253
28.33	0.0001484302336
28.34	0.0001518905938
28.35	0.0001552836339
28.36	0.0001586090024
28.37	0.0001618663682
28.38	0.0001650554209
28.39	0.0001681758703
28.4	0.0001712274463
28.41	0.0001742098992
28.42	0.0001771229994
28.43	0.0001799665371
28.44	0.0001827403224
28.45	0.0001854441854
28.46	0.0001880779756
28.47	0.0001906415621
28.48	0.0001931348335
28.49	0.0001955576976
28.5	0.0001979100813
28.51	0.0002001919306
28.52	0.0002024032106
28.53	0.0002045439047
28.54	0.0002066140153
28.55	0.000208613563
28.56	0.0002105425869
28.57	0.000212401144
28.58	0.0002141893096
28.59	0.0002159071765
28.6	0.0002175548554
28.61	0.0002191324743
28.62	0.0002206401786
28.63	0.000222078131
28.64	0.0002234465108
28.65	0.0002247455144
28.66	0.0002259753547
28.67	0.0002271362608
28.68	0.0002282284783
28.69	0.0002292522686
28.7	0.0002302079092
28.71	0.0002310956929
28.72	0.0002319159281
28.73	0.0002326689384
28.74	0.0002333550624
28.75	0.0002339746535
28.76	0.0002345280796
28.77	0.0002350157233
28.78	0.000235437981
28.79	0.0002357952633
28.8	0.0002360879943
28.81	0.0002363166119
28.82	0.000236481567
28.83	0.0002365833238
28.84	0.0002366223591
28.85	0.0002365991627
28.86	0.0002365142363
28.87	0.0002363680941
28.88	0.0002361612621
28.89	0.000235894278
28.9	0.0002355676909
28.91	0.0002351820614
28.92	0.0002347379606
28.93	0.0002342359708
28.94	0.0002336766846
28.95	0.0002330607048
28.96	0.0002323886445
28.97	0.0002316611263
28.98	0.0002308787824
28.99	0.0002300422546
29	0.0002291521934
29.01	0.0002282092583
29.02	0.0002272141174
29.03	0.0002261674471
29.04	0.0002250699318
29.05	0.0002239222639
29.06	0.0002227251433
29.07	0.0002214792774
29.08	0.0002201853806
29.09	0.0002188441742
29.1	0.0002174563862
29.11	0.0002160227508
29.12	0.0002145440086
29.13	0.0002130209059
29.14	0.0002114541947
29.15	0.0002098446327
29.16	0.0002081929823
29.17	0.0002065000111
29.18	0.0002047664915
29.19	0.0002029932002
29.2	0.000201180918
29.21	0.00019933043
29.22	0.0001974425249
29.23	0.0001955179947
29.24	0.000193557635
29.25	0.0001915622442
29.26	0.0001895326237
29.27	0.0001874695773
29.28	0.0001853739112
29.29	0.0001832464338
29.3	0.0001810879552
29.31	0.0001788992874
29.32	0.0001766812435
29.33	0.0001744346382
29.34	0.0001721602869
29.35	0.0001698590058
29.36	0.0001675316117
29.37	0.0001651789219
29.38	0.0001628017534
29.39	0.0001604009234
29.4	0.0001579772487
29.41	0.0001555315456
29.42	0.0001530646297
29.43	0.0001505773154
29.44	0.0001480704162
29.45	0.0001455447442
29.46	0.00014300111
29.47	0.0001404403222
29.48	0.0001378631877
29.49	0.0001352705111
29.5	0.0001326630948
29.51	0.0001300417385
29.52	0.0001274072392
29.53	0.0001247603911
29.54	0.0001221019853
29.55	0.0001194328095
29.56	0.000116753648
29.57	0.0001140652814
29.58	0.0001113684867
29.59	0.0001086640366
29.6	0.0001059527
29.61	0.0001032352411
29.62	0.00010051242
29.63	9.778499181e-05
29.64	9.505370703e-05
29.65	9.231931111e-05
29.66	8.95825444e-05
29.67	8.684414196e-05
29.68	8.410483343e-05
29.69	8.136534286e-05
29.7	7.862638861e-05
29.71	7.588868313e-05
29.72	7.31529329e-05
29.73	7.041983824e-05
29.74	6.769009322e-05
29.75	6.496438547e-05
29.76	6.224339611e-05
29.77	5.952779959e-05
29.78	5.681826356e-05
29.79	5.411544879e-05
29.8	5.142000902e-05
29.81	4.873259083e-05
29.82	4.605383357e-05
29.83	4.338436922e-05
29.84	4.07248223e-05
29.85	3.807580975e-05
29.86	3.543794085e-05
29.87	3.281181708e-05
29.88	3.01980321e-05
29.89	2.759717157e-05
29.9	2.500981311e-05
29.91	2.243652623e-05
29.92	1.987787218e-05
29.93	1.733440395e-05
29.94	1.480666611e-05
29.95	1.22951948e-05
29.96	9.800517624e-06
29.97	7.323153588e-06
29.98	4.863613032e-06
29.99	2.422397564e-06
30	8.278840565e-19
