temps	angle
0	0
0.01	0.4688693022
0.02	0.9329465041
0.03	1.392153811
0.04	1.846415518
0.05	2.295658013
0.06	2.73980977
0.07	3.178801354
0.08	3.612565416
0.09	4.041036688
0.1	4.464151985
0.11	4.881850197
0.12	5.29407229
0.13	5.700761294
0.14	6.101862304
0.15	6.497322472
0.16	6.887091001
0.17	7.271119137
0.18	7.649360167
0.19	8.021769402
0.2	8.38830418
0.21	8.748923847
0.22	9.103589756
0.23	9.452265254
0.24	9.794915671
0.25	10.13150831
0.26	10.46201244
0.27	10.78639929
0.28	11.10464201
0.29	11.41671569
0.3	11.72259733
0.31	12.02226585
0.32	12.31570204
0.33	12.60288857
0.34	12.88380998
0.35	13.15845265
0.36	13.42680481
0.37	13.68885648
0.38	13.9445995
0.39	14.1940275
0.4	14.43713587
0.41	14.67392176
0.42	14.90438406
0.43	15.12852338
0.44	15.34634202
0.45	15.55784399
0.46	15.76303496
0.47	15.96192224
0.48	16.15451477
0.49	16.34082312
0.5	16.52085945
0.51	16.69463747
0.52	16.86217249
0.53	17.02348131
0.54	17.17858227
0.55	17.32749521
0.56	17.47024144
0.57	17.60684372
0.58	17.73732626
0.59	17.86171465
0.6	17.98003591
0.61	18.09231841
0.62	18.19859189
0.63	18.2988874
0.64	18.3932373
0.65	18.48167525
0.66	18.56423615
0.67	18.64095616
0.68	18.71187265
0.69	18.77702421
0.7	18.83645056
0.71	18.89019262
0.72	18.93829241
0.73	18.98079307
0.74	19.01773881
0.75	19.04917493
0.76	19.07514774
0.77	19.09570458
0.78	19.11089378
0.79	19.12076465
0.8	19.12536743
0.81	19.12475331
0.82	19.11897434
0.83	19.10808349
0.84	19.09213457
0.85	19.07118222
0.86	19.04528188
0.87	19.0144898
0.88	18.97886296
0.89	18.93845912
0.9	18.89333673
0.91	18.84355494
0.92	18.78917356
0.93	18.73025308
0.94	18.66685458
0.95	18.59903977
0.96	18.52687092
0.97	18.45041088
0.98	18.369723
0.99	18.28487118
1	18.19591979
1.01	18.10293367
1.02	18.00597811
1.03	17.90511883
1.04	17.80042192
1.05	17.6919539
1.06	17.5797816
1.07	17.46397222
1.08	17.34459325
1.09	17.2217125
1.1	17.09539802
1.11	16.96571815
1.12	16.83274143
1.13	16.69653661
1.14	16.55717265
1.15	16.41471865
1.16	16.26924389
1.17	16.12081776
1.18	15.96950974
1.19	15.81538943
1.2	15.65852648
1.21	15.4989906
1.22	15.33685151
1.23	15.17217895
1.24	15.00504266
1.25	14.83551235
1.26	14.66365767
1.27	14.48954821
1.28	14.3132535
1.29	14.13484292
1.3	13.95438579
1.31	13.77195125
1.32	13.58760831
1.33	13.4014258
1.34	13.21347235
1.35	13.02381642
1.36	12.83252623
1.37	12.63966974
1.38	12.4453147
1.39	12.24952856
1.4	12.0523785
1.41	11.85393139
1.42	11.65425381
1.43	11.45341197
1.44	11.25147178
1.45	11.04849875
1.46	10.84455804
1.47	10.63971443
1.48	10.43403228
1.49	10.22757556
1.5	10.02040778
1.51	9.81259204
1.52	9.604190974
1.53	9.395266755
1.54	9.185881076
1.55	8.976095143
1.56	8.76596966
1.57	8.555564819
1.58	8.344940289
1.59	8.134155205
1.6	7.923268156
1.61	7.712337177
1.62	7.501419736
1.63	7.290572726
1.64	7.079852455
1.65	6.869314637
1.66	6.659014381
1.67	6.449006185
1.68	6.239343924
1.69	6.030080845
1.7	5.821269557
1.71	5.612962021
1.72	5.405209549
1.73	5.198062789
1.74	4.991571722
1.75	4.785785655
1.76	4.580753215
1.77	4.376522338
1.78	4.173140269
1.79	3.970653552
1.8	3.769108028
1.81	3.568548824
1.82	3.369020354
1.83	3.170566311
1.84	2.973229661
1.85	2.777052642
1.86	2.582076759
1.87	2.388342776
1.88	2.195890719
1.89	2.004759868
1.9	1.814988753
1.91	1.626615157
1.92	1.439676105
1.93	1.254207869
1.94	1.07024596
1.95	0.8878251293
1.96	0.7069793665
1.97	0.5277418961
1.98	0.3501451776
1.99	0.1742209038
2	1.35156714e-15
2.01	-0.1724873769
2.02	-0.3432118386
2.03	-0.5121447659
2.04	-0.679258309
2.05	-0.8445253868
2.06	-1.007919687
2.07	-1.169415666
2.08	-1.328988546
2.09	-1.486614318
2.1	-1.642269737
2.11	-1.795932323
2.12	-1.947580356
2.13	-2.097192879
2.14	-2.244749694
2.15	-2.39023136
2.16	-2.533619189
2.17	-2.674895245
2.18	-2.814042343
2.19	-2.951044045
2.2	-3.085884654
2.21	-3.218549216
2.22	-3.349023512
2.23	-3.477294059
2.24	-3.603348103
2.25	-3.727173616
2.26	-3.848759292
2.27	-3.968094543
2.28	-4.085169496
2.29	-4.199974987
2.3	-4.312502555
2.31	-4.422744442
2.32	-4.530693583
2.33	-4.636343604
2.34	-4.739688816
2.35	-4.840724209
2.36	-4.93944545
2.37	-5.035848872
2.38	-5.129931472
2.39	-5.221690904
2.4	-5.311125475
2.41	-5.398234136
2.42	-5.483016478
2.43	-5.565472725
2.44	-5.645603727
2.45	-5.723410955
2.46	-5.798896493
2.47	-5.872063033
2.48	-5.942913867
2.49	-6.011452879
2.5	-6.077684541
2.51	-6.141613904
2.52	-6.203246591
2.53	-6.26258879
2.54	-6.319647246
2.55	-6.374429256
2.56	-6.42694266
2.57	-6.47719583
2.58	-6.525197671
2.59	-6.570957603
2.6	-6.614485562
2.61	-6.655791988
2.62	-6.694887816
2.63	-6.731784471
2.64	-6.76649386
2.65	-6.799028362
2.66	-6.82940082
2.67	-6.857624534
2.68	-6.883713256
2.69	-6.907681172
2.7	-6.929542907
2.71	-6.949313505
2.72	-6.967008429
2.73	-6.982643547
2.74	-6.996235126
2.75	-7.007799827
2.76	-7.01735469
2.77	-7.024917129
2.78	-7.030504924
2.79	-7.034136214
2.8	-7.035829484
2.81	-7.035603559
2.82	-7.033477596
2.83	-7.029471078
2.84	-7.023603797
2.85	-7.015895857
2.86	-7.006367655
2.87	-6.99503988
2.88	-6.981933501
2.89	-6.967069759
2.9	-6.950470158
2.91	-6.932156459
2.92	-6.91215067
2.93	-6.890475036
2.94	-6.867152032
2.95	-6.842204357
2.96	-6.815654922
2.97	-6.787526843
2.98	-6.757843432
2.99	-6.726628192
3	-6.693904804
3.01	-6.659697123
3.02	-6.624029167
3.03	-6.586925108
3.04	-6.54840927
3.05	-6.508506113
3.06	-6.467240231
3.07	-6.42463634
3.08	-6.380719272
3.09	-6.335513969
3.1	-6.289045472
3.11	-6.241338913
3.12	-6.19241951
3.13	-6.142312558
3.14	-6.091043421
3.15	-6.038637526
3.16	-5.985120352
3.17	-5.930517427
3.18	-5.874854319
3.19	-5.818156626
3.2	-5.760449972
3.21	-5.701759999
3.22	-5.642112361
3.23	-5.581532714
3.24	-5.52004671
3.25	-5.457679993
3.26	-5.394458189
3.27	-5.3304069
3.28	-5.265551697
3.29	-5.199918116
3.3	-5.133531647
3.31	-5.06641773
3.32	-4.998601752
3.33	-4.930109033
3.34	-4.860964826
3.35	-4.791194308
3.36	-4.720822577
3.37	-4.649874641
3.38	-4.578375416
3.39	-4.50634972
3.4	-4.433822267
3.41	-4.360817657
3.42	-4.287360378
3.43	-4.213474796
3.44	-4.139185149
3.45	-4.064515544
3.46	-3.989489952
3.47	-3.914132199
3.48	-3.838465966
3.49	-3.76251478
3.5	-3.686302014
3.51	-3.609850876
3.52	-3.533184409
3.53	-3.456325484
3.54	-3.379296797
3.55	-3.302120865
3.56	-3.22482002
3.57	-3.147416404
3.58	-3.06993197
3.59	-2.992388471
3.6	-2.914807462
3.61	-2.837210291
3.62	-2.7596181
3.63	-2.68205182
3.64	-2.604532165
3.65	-2.52707963
3.66	-2.449714489
3.67	-2.372456791
3.68	-2.295326356
3.69	-2.218342772
3.7	-2.141525391
3.71	-2.064893332
3.72	-1.988465468
3.73	-1.912260434
3.74	-1.836296616
3.75	-1.760592152
3.76	-1.685164933
3.77	-1.610032592
3.78	-1.53521251
3.79	-1.46072181
3.8	-1.386577355
3.81	-1.312795747
3.82	-1.239393325
3.83	-1.166386163
3.84	-1.093790066
3.85	-1.021620574
3.86	-0.949892955
3.87	-0.8786222058
3.88	-0.8078230506
3.89	-0.7375099398
3.9	-0.6676970483
3.91	-0.5983982749
3.92	-0.5296272411
3.93	-0.4613972899
3.94	-0.3937214856
3.95	-0.3266126124
3.96	-0.2600831743
3.97	-0.1941453938
3.98	-0.1288112123
3.99	-0.06409228874
4	-9.944275286e-16
4.01	0.06345455981
4.02	0.1262605794
4.03	0.1884075303
4.04	0.2498851671
4.05	0.3106835273
4.06	0.3707929312
4.07	0.4302039816
4.08	0.4889075637
4.09	0.5468948447
4.1	0.6041572732
4.11	0.6606865792
4.12	0.7164747728
4.13	0.7715141444
4.14	0.8257972632
4.15	0.879316977
4.16	0.9320664113
4.17	0.9840389679
4.18	1.035228325
4.19	1.085628434
4.2	1.135233522
4.21	1.184038087
4.22	1.232036898
4.23	1.279224995
4.24	1.325597687
4.25	1.371150547
4.26	1.415879417
4.27	1.459780403
4.28	1.502849871
4.29	1.545084451
4.3	1.58648103
4.31	1.627036754
4.32	1.666749023
4.33	1.705615494
4.34	1.743634073
4.35	1.780802917
4.36	1.817120432
4.37	1.852585269
4.38	1.887196323
4.39	1.920952732
4.4	1.953853872
4.41	1.985899357
4.42	2.017089038
4.43	2.047422996
4.44	2.076901544
4.45	2.105525224
4.46	2.133294801
4.47	2.160211267
4.48	2.186275832
4.49	2.211489926
4.5	2.235855193
4.51	2.259373491
4.52	2.282046889
4.53	2.303877664
4.54	2.324868297
4.55	2.345021473
4.56	2.364340074
4.57	2.382827182
4.58	2.400486073
4.59	2.417320211
4.6	2.433333252
4.61	2.448529037
4.62	2.462911588
4.63	2.476485109
4.64	2.48925398
4.65	2.501222754
4.66	2.512396157
4.67	2.522779082
4.68	2.532376586
4.69	2.541193889
4.7	2.549236372
4.71	2.556509569
4.72	2.563019167
4.73	2.568771006
4.74	2.573771069
4.75	2.578025484
4.76	2.581540522
4.77	2.584322588
4.78	2.586378223
4.79	2.5877141
4.8	2.588337019
4.81	2.588253905
4.82	2.587471808
4.83	2.585997892
4.84	2.58383944
4.85	2.581003847
4.86	2.577498618
4.87	2.573331362
4.88	2.568509795
4.89	2.563041729
4.9	2.556935078
4.91	2.550197844
4.92	2.542838126
4.93	2.534864106
4.94	2.526284052
4.95	2.517106315
4.96	2.507339324
4.97	2.496991582
4.98	2.486071665
4.99	2.47458822
5	2.462549959
5.01	2.449965656
5.02	2.436844148
5.03	2.423194328
5.04	2.409025143
5.05	2.394345592
5.06	2.379164722
5.07	2.363491626
5.08	2.34733544
5.09	2.330705339
5.1	2.313610534
5.11	2.296060271
5.12	2.278063829
5.13	2.259630511
5.14	2.24076965
5.15	2.221490598
5.16	2.20180273
5.17	2.181715437
5.18	2.161238124
5.19	2.140380208
5.2	2.119151116
5.21	2.097560282
5.22	2.075617142
5.23	2.053331136
5.24	2.030711699
5.25	2.007768266
5.26	1.984510264
5.27	1.960947111
5.28	1.937088216
5.29	1.912942971
5.3	1.888520753
5.31	1.863830923
5.32	1.838882819
5.33	1.813685756
5.34	1.788249024
5.35	1.762581885
5.36	1.736693571
5.37	1.710593284
5.38	1.68429019
5.39	1.657793417
5.4	1.631112058
5.41	1.604255163
5.42	1.57723174
5.43	1.550050753
5.44	1.52272112
5.45	1.495251707
5.46	1.467651334
5.47	1.439928766
5.48	1.412092714
5.49	1.384151835
5.5	1.356114725
5.51	1.327989923
5.52	1.299785906
5.53	1.271511087
5.54	1.243173817
5.55	1.214782379
5.56	1.186344987
5.57	1.157869788
5.58	1.129364858
5.59	1.100838199
5.6	1.07229774
5.61	1.043751336
5.62	1.015206765
5.63	0.9866717248
5.64	0.9581538373
5.65	0.9296606421
5.66	0.9011995974
5.67	0.8727780787
5.68	0.8444033772
5.69	0.8160826991
5.7	0.7878231642
5.71	0.7596318049
5.72	0.7315155652
5.73	0.7034812998
5.74	0.6755357728
5.75	0.6476856572
5.76	0.6199375338
5.77	0.5922978902
5.78	0.5647731203
5.79	0.5373695231
5.8	0.5100933025
5.81	0.4829505658
5.82	0.4559473239
5.83	0.4290894897
5.84	0.4023828783
5.85	0.3758332059
5.86	0.3494460895
5.87	0.3232270461
5.88	0.2971814924
5.89	0.2713147445
5.9	0.245632017
5.91	0.220138423
5.92	0.1948389735
5.93	0.1697385772
5.94	0.1448420401
5.95	0.1201540653
5.96	0.0956792528
5.97	0.07142209898
5.98	0.04738699679
5.99	0.02357823537
6	5.487441652e-16
6.01	-0.023343628
6.02	-0.04644867138
6.03	-0.06931125696
6.04	-0.09192761564
6.05	-0.1142940824
6.06	-0.1364070963
6.07	-0.1582632003
6.08	-0.1798590413
6.09	-0.2011913698
6.1	-0.2222570401
6.11	-0.2430530095
6.12	-0.263576339
6.13	-0.2838241923
6.14	-0.3037938357
6.15	-0.3234826381
6.16	-0.3428880705
6.17	-0.3620077056
6.18	-0.3808392176
6.19	-0.3993803817
6.2	-0.4176290737
6.21	-0.4355832697
6.22	-0.4532410456
6.23	-0.4706005764
6.24	-0.4876601362
6.25	-0.504418097
6.26	-0.5208729289
6.27	-0.5370231989
6.28	-0.5528675708
6.29	-0.5684048044
6.3	-0.5836337547
6.31	-0.5985533717
6.32	-0.6131626993
6.33	-0.6274608748
6.34	-0.6414471283
6.35	-0.6551207819
6.36	-0.668481249
6.37	-0.6815280334
6.38	-0.6942607287
6.39	-0.7066790175
6.4	-0.7187826705
6.41	-0.7305715458
6.42	-0.7420455881
6.43	-0.7532048276
6.44	-0.7640493794
6.45	-0.7745794426
6.46	-0.7847952993
6.47	-0.7946973138
6.48	-0.8042859314
6.49	-0.813561678
6.5	-0.8225251588
6.51	-0.8311770572
6.52	-0.8395181344
6.53	-0.8475492276
6.54	-0.85527125
6.55	-0.8626851889
6.56	-0.8697921052
6.57	-0.8765931323
6.58	-0.8830894749
6.59	-0.8892824083
6.6	-0.895173277
6.61	-0.9007634938
6.62	-0.9060545388
6.63	-0.9110479581
6.64	-0.9157453631
6.65	-0.9201484291
6.66	-0.9242588943
6.67	-0.9280785587
6.68	-0.9316092832
6.69	-0.934852988
6.7	-0.937811652
6.71	-0.9404873115
6.72	-0.942882059
6.73	-0.9449980421
6.74	-0.9468374624
6.75	-0.9484025745
6.76	-0.9496956845
6.77	-0.9507191493
6.78	-0.9514753753
6.79	-0.9519668169
6.8	-0.952195976
6.81	-0.9521654003
6.82	-0.9518776826
6.83	-0.9513354593
6.84	-0.9505414092
6.85	-0.9494982529
6.86	-0.948208751
6.87	-0.9466757034
6.88	-0.9449019479
6.89	-0.9428903591
6.9	-0.9406438475
6.91	-0.9381653579
6.92	-0.9354578687
6.93	-0.9325243906
6.94	-0.9293679653
6.95	-0.9259916647
6.96	-0.9223985893
6.97	-0.9185918677
6.98	-0.914574655
6.99	-0.9103501316
7	-0.9059215027
7.01	-0.9012919964
7.02	-0.8964648634
7.03	-0.8914433752
7.04	-0.8862308233
7.05	-0.8808305183
7.06	-0.8752457884
7.07	-0.8694799787
7.08	-0.86353645
7.09	-0.8574185775
7.1	-0.8511297502
7.11	-0.8446733695
7.12	-0.8380528483
7.13	-0.8312716097
7.14	-0.8243330866
7.15	-0.8172407199
7.16	-0.809997958
7.17	-0.8026082558
7.18	-0.7950750732
7.19	-0.7874018748
7.2	-0.7795921285
7.21	-0.7716493044
7.22	-0.7635768744
7.23	-0.7553783107
7.24	-0.747057085
7.25	-0.7386166677
7.26	-0.7300605269
7.27	-0.7213921275
7.28	-0.7126149303
7.29	-0.703732391
7.3	-0.6947479594
7.31	-0.6856650785
7.32	-0.6764871839
7.33	-0.6672177023
7.34	-0.6578600515
7.35	-0.6484176387
7.36	-0.6388938605
7.37	-0.6292921015
7.38	-0.6196157337
7.39	-0.6098681158
7.4	-0.6000525923
7.41	-0.5901724927
7.42	-0.5802311311
7.43	-0.5702318049
7.44	-0.5601777945
7.45	-0.5500723624
7.46	-0.5399187526
7.47	-0.5297201897
7.48	-0.5194798787
7.49	-0.5092010035
7.5	-0.4988867272
7.51	-0.4885401907
7.52	-0.4781645127
7.53	-0.4677627883
7.54	-0.4573380892
7.55	-0.4468934626
7.56	-0.4364319307
7.57	-0.4259564905
7.58	-0.4154701127
7.59	-0.4049757413
7.6	-0.3944762934
7.61	-0.3839746583
7.62	-0.3734736972
7.63	-0.3629762427
7.64	-0.3524850982
7.65	-0.3420030375
7.66	-0.3315328043
7.67	-0.3210771118
7.68	-0.3106386425
7.69	-0.3002200473
7.7	-0.2898239454
7.71	-0.2794529239
7.72	-0.2691095373
7.73	-0.2587963074
7.74	-0.2485157226
7.75	-0.2382702376
7.76	-0.2280622735
7.77	-0.2178942168
7.78	-0.2077684199
7.79	-0.1976871999
7.8	-0.1876528391
7.81	-0.1776675843
7.82	-0.1677336467
7.83	-0.1578532017
7.84	-0.1480283884
7.85	-0.1382613098
7.86	-0.1285540321
7.87	-0.1189085851
7.88	-0.1093269614
7.89	-0.09981111659
7.9	-0.09036296915
7.91	-0.08098440003
7.92	-0.07167725268
7.93	-0.06244333291
7.94	-0.05328440877
7.95	-0.04420221041
7.96	-0.03519843005
7.97	-0.02627472186
7.98	-0.0174327019
7.99	-0.00867394805
8	-2.691622625e-16
8.01	0.008587640825
8.02	0.01708751127
8.03	0.02549818648
8.04	0.03381827987
8.05	0.04204644317
8.06	0.05018136637
8.07	0.0582217777
8.08	0.06616644361
8.09	0.07401416871
8.1	0.08176379569
8.11	0.08941420533
8.12	0.09696431631
8.13	0.1044130853
8.14	0.1117595065
8.15	0.1190026121
8.16	0.1261414718
8.17	0.1331751924
8.18	0.1401029185
8.19	0.1469238316
8.2	0.1536371502
8.21	0.1602421298
8.22	0.1667380626
8.23	0.1731242771
8.24	0.1794001384
8.25	0.1855650476
8.26	0.191618442
8.27	0.1975597943
8.28	0.203388613
8.29	0.2091044418
8.3	0.2147068595
8.31	0.2201954799
8.32	0.2255699512
8.33	0.230829956
8.34	0.2359752111
8.35	0.2410054672
8.36	0.2459205083
8.37	0.2507201521
8.38	0.2554042489
8.39	0.259972682
8.4	0.2644253671
8.41	0.268762252
8.42	0.2729833163
8.43	0.2770885711
8.44	0.2810780587
8.45	0.2849518525
8.46	0.2887100562
8.47	0.2923528037
8.48	0.295880259
8.49	0.2992926155
8.5	0.3025900958
8.51	0.3057729513
8.52	0.3088414621
8.53	0.3117959362
8.54	0.3146367095
8.55	0.3173641452
8.56	0.3199786336
8.57	0.3224805916
8.58	0.3248704625
8.59	0.3271487154
8.6	0.3293158449
8.61	0.3313723707
8.62	0.3333188374
8.63	0.3351558137
8.64	0.3368838924
8.65	0.3385036899
8.66	0.3400158455
8.67	0.3414210215
8.68	0.3427199025
8.69	0.3439131948
8.7	0.3450016265
8.71	0.3459859466
8.72	0.346866925
8.73	0.3476453516
8.74	0.3483220366
8.75	0.3488978091
8.76	0.3493735177
8.77	0.3497500294
8.78	0.3500282293
8.79	0.3502090206
8.8	0.3502933235
8.81	0.3502820754
8.82	0.35017623
8.83	0.3499767571
8.84	0.3496846424
8.85	0.3493008867
8.86	0.3488265054
8.87	0.3482625287
8.88	0.3476100005
8.89	0.3468699784
8.9	0.3460435329
8.91	0.3451317476
8.92	0.344135718
8.93	0.3430565517
8.94	0.3418953677
8.95	0.3406532961
8.96	0.3393314776
8.97	0.337931063
8.98	0.336453213
8.99	0.3348990977
9	0.3332698961
9.01	0.331566796
9.02	0.329790993
9.03	0.3279436907
9.04	0.3260261
9.05	0.3240394388
9.06	0.3219849315
9.07	0.3198638087
9.08	0.3176773066
9.09	0.3154266671
9.1	0.3131131369
9.11	0.3107379672
9.12	0.3083024135
9.13	0.3058077353
9.14	0.3032551952
9.15	0.3006460593
9.16	0.2979815962
9.17	0.2952630766
9.18	0.2924917736
9.19	0.2896689617
9.2	0.2867959166
9.21	0.2838739149
9.22	0.2809042339
9.23	0.2778881508
9.24	0.2748269429
9.25	0.2717218869
9.26	0.2685742587
9.27	0.2653853327
9.28	0.2621563823
9.29	0.2588886787
9.3	0.2555834911
9.31	0.2522420859
9.32	0.2488657272
9.33	0.2454556755
9.34	0.2420131881
9.35	0.2385395186
9.36	0.2350359164
9.37	0.2315036266
9.38	0.2279438899
9.39	0.2243579416
9.4	0.2207470123
9.41	0.2171123268
9.42	0.2134551043
9.43	0.2097765577
9.44	0.206077894
9.45	0.2023603133
9.46	0.198625009
9.47	0.1948731674
9.48	0.1911059675
9.49	0.1873245806
9.5	0.1835301704
9.51	0.1797238924
9.52	0.1759068937
9.53	0.1720803132
9.54	0.1682452807
9.55	0.1644029173
9.56	0.1605543348
9.57	0.1567006357
9.58	0.1528429129
9.59	0.1489822494
9.6	0.1451197184
9.61	0.1412563827
9.62	0.137393295
9.63	0.1335314973
9.64	0.129672021
9.65	0.1258158863
9.66	0.1219641028
9.67	0.1181176685
9.68	0.1142775702
9.69	0.1104447832
9.7	0.1066202711
9.71	0.1028049855
9.72	0.09899986621
9.73	0.09520584096
9.74	0.09142382514
9.75	0.08765472186
9.76	0.08389942172
9.77	0.08015880273
9.78	0.07643373019
9.79	0.07272505662
9.8	0.06903362157
9.81	0.06536025162
9.82	0.06170576021
9.83	0.05807094762
9.84	0.0544566008
9.85	0.05086349337
9.86	0.04729238549
9.87	0.04374402383
9.88	0.04021914145
9.89	0.03671845779
9.9	0.03324267859
9.91	0.02979249583
9.92	0.02636858766
9.93	0.02297161842
9.94	0.01960223852
9.95	0.01626108446
9.96	0.01294877878
9.97	0.009665929995
9.98	0.006413132632
9.99	0.003190967161
10	1.237740784e-16
10.01	-0.003159216508
10.02	-0.006286144098
10.03	-0.009380258592
10.04	-0.0124410499
10.05	-0.01546802202
10.06	-0.01846069302
10.07	-0.02141859504
10.08	-0.0243412743
10.09	-0.02722829102
10.1	-0.03007921947
10.11	-0.03289364789
10.12	-0.0356711785
10.13	-0.03841142745
10.14	-0.0411140248
10.15	-0.04377861445
10.16	-0.04640485414
10.17	-0.04899241537
10.18	-0.05154098338
10.19	-0.05405025707
10.2	-0.05651994897
10.21	-0.05894978518
10.22	-0.06133950528
10.23	-0.0636888623
10.24	-0.06599762265
10.25	-0.06826556603
10.26	-0.07049248536
10.27	-0.07267818673
10.28	-0.07482248929
10.29	-0.0769252252
10.3	-0.0789862395
10.31	-0.08100539009
10.32	-0.08298254757
10.33	-0.08491759521
10.34	-0.08681042879
10.35	-0.08866095658
10.36	-0.09046909917
10.37	-0.09223478943
10.38	-0.09395797236
10.39	-0.09563860499
10.4	-0.0972766563
10.41	-0.09887210708
10.42	-0.1004249498
10.43	-0.1019351887
10.44	-0.1034028392
10.45	-0.1048279283
10.46	-0.1062104941
10.47	-0.107550586
10.48	-0.1088482643
10.49	-0.1101036001
10.5	-0.1113166753
10.51	-0.1124875825
10.52	-0.1136164245
10.53	-0.1147033148
10.54	-0.1157483769
10.55	-0.1167517444
10.56	-0.1177135609
10.57	-0.1186339798
10.58	-0.1195131642
10.59	-0.1203512866
10.6	-0.121148529
10.61	-0.1219050826
10.62	-0.1226211476
10.63	-0.1232969334
10.64	-0.1239326581
10.65	-0.1245285483
10.66	-0.1250848392
10.67	-0.1256017746
10.68	-0.1260796062
10.69	-0.1265185939
10.7	-0.1269190055
10.71	-0.1272811167
10.72	-0.1276052105
10.73	-0.1278915777
10.74	-0.1281405162
10.75	-0.128352331
10.76	-0.1285273345
10.77	-0.1286658454
10.78	-0.1287681894
10.79	-0.1288346988
10.8	-0.1288657121
10.81	-0.1288615741
10.82	-0.1288226358
10.83	-0.1287492538
10.84	-0.1286417908
10.85	-0.128500615
10.86	-0.1283260999
10.87	-0.1281186245
10.88	-0.1278785727
10.89	-0.1276063338
10.9	-0.1273023015
10.91	-0.1269668744
10.92	-0.1266004556
10.93	-0.1262034525
10.94	-0.1257762768
10.95	-0.1253193442
10.96	-0.1248330743
10.97	-0.1243178906
10.98	-0.12377422
10.99	-0.1232024929
11	-0.1226031432
11.01	-0.1219766076
11.02	-0.1213233262
11.03	-0.1206437417
11.04	-0.1199382995
11.05	-0.1192074477
11.06	-0.1184516367
11.07	-0.1176713192
11.08	-0.11686695
11.09	-0.116038986
11.1	-0.1151878858
11.11	-0.1143141097
11.12	-0.1134181196
11.13	-0.1125003788
11.14	-0.1115613518
11.15	-0.1106015043
11.16	-0.1096213031
11.17	-0.1086212156
11.18	-0.1076017102
11.19	-0.1065632558
11.2	-0.1055063215
11.21	-0.1044313772
11.22	-0.1033388926
11.23	-0.1022293376
11.24	-0.1011031822
11.25	-0.09996089592
11.26	-0.09880294819
11.27	-0.0976298079
11.28	-0.09644194343
11.29	-0.09523982246
11.3	-0.09402391186
11.31	-0.09279467761
11.32	-0.09155258464
11.33	-0.09029809673
11.34	-0.0890316764
11.35	-0.08775378479
11.36	-0.08646488157
11.37	-0.0851654248
11.38	-0.08385587082
11.39	-0.08253667419
11.4	-0.08120828753
11.41	-0.07987116146
11.42	-0.07852574447
11.43	-0.07717248283
11.44	-0.07581182048
11.45	-0.07444419897
11.46	-0.07307005731
11.47	-0.07168983192
11.48	-0.07030395651
11.49	-0.06891286203
11.5	-0.06751697653
11.51	-0.06611672509
11.52	-0.06471252976
11.53	-0.06330480944
11.54	-0.06189397983
11.55	-0.06048045333
11.56	-0.05906463896
11.57	-0.05764694229
11.58	-0.05622776538
11.59	-0.05480750665
11.6	-0.0533865609
11.61	-0.05196531914
11.62	-0.0505441686
11.63	-0.04912349262
11.64	-0.0477036706
11.65	-0.04628507795
11.66	-0.04486808597
11.67	-0.04345306187
11.68	-0.04204036867
11.69	-0.04063036514
11.7	-0.03922340574
11.71	-0.03781984061
11.72	-0.03642001546
11.73	-0.03502427157
11.74	-0.0336329457
11.75	-0.0322463701
11.76	-0.03086487238
11.77	-0.02948877555
11.78	-0.02811839795
11.79	-0.02675405319
11.8	-0.02539605012
11.81	-0.02404469284
11.82	-0.02270028058
11.83	-0.02136310776
11.84	-0.02003346387
11.85	-0.01871163352
11.86	-0.01739789635
11.87	-0.01609252704
11.88	-0.01479579528
11.89	-0.01350796573
11.9	-0.01222929802
11.91	-0.01096004672
11.92	-0.009700461293
11.93	-0.008450786146
11.94	-0.007211260552
11.95	-0.005982118666
11.96	-0.004763589501
11.97	-0.003555896925
11.98	-0.002359259649
11.99	-0.001173891216
12	-5.464072654e-17
12.01	0.001162210803
12.02	0.002312543178
12.03	0.003450804289
12.04	0.004576806485
12.05	0.005690367296
12.06	0.006791309431
12.07	0.007879460776
12.08	0.008954654387
12.09	0.01001672849
12.1	0.01106552645
12.11	0.0121008968
12.12	0.01312269321
12.13	0.01413077447
12.14	0.01512500447
12.15	0.01610525222
12.16	0.01707139181
12.17	0.01802330239
12.18	0.01896086816
12.19	0.01988397837
12.2	0.02079252724
12.21	0.02168641403
12.22	0.02256554292
12.23	0.02342982307
12.24	0.02427916854
12.25	0.02511349828
12.26	0.02593273612
12.27	0.02673681072
12.28	0.02752565555
12.29	0.02829920886
12.3	0.02905741365
12.31	0.02980021764
12.32	0.03052757323
12.33	0.03123943747
12.34	0.03193577203
12.35	0.03261654316
12.36	0.03328172165
12.37	0.03393128279
12.38	0.03456520636
12.39	0.03518347656
12.4	0.03578608196
12.41	0.0363730155
12.42	0.03694427443
12.43	0.03749986025
12.44	0.03803977869
12.45	0.03856403967
12.46	0.03907265722
12.47	0.03956564949
12.48	0.04004303865
12.49	0.04050485089
12.5	0.04095111631
12.51	0.04138186897
12.52	0.04179714675
12.53	0.04219699134
12.54	0.0425814482
12.55	0.04295056648
12.56	0.04330439901
12.57	0.04364300221
12.58	0.04396643606
12.59	0.04427476406
12.6	0.04456805314
12.61	0.04484637365
12.62	0.04510979927
12.63	0.04535840698
12.64	0.045592277
12.65	0.04581149275
12.66	0.04601614076
12.67	0.04620631065
12.68	0.04638209507
12.69	0.04654358963
12.7	0.04669089284
12.71	0.04682410608
12.72	0.04694333354
12.73	0.04704868213
12.74	0.04714026148
12.75	0.04721818382
12.76	0.04728256397
12.77	0.04733351929
12.78	0.04737116956
12.79	0.047395637
12.8	0.04740704616
12.81	0.04740552388
12.82	0.04739119926
12.83	0.04736420355
12.84	0.04732467013
12.85	0.04727273443
12.86	0.04720853392
12.87	0.04713220797
12.88	0.04704389788
12.89	0.04694374677
12.9	0.04683189954
12.91	0.04670850281
12.92	0.04657370487
12.93	0.04642765559
12.94	0.04627050643
12.95	0.04610241032
12.96	0.04592352163
12.97	0.04573399612
12.98	0.04553399087
12.99	0.04532366424
13	0.04510317579
13.01	0.04487268625
13.02	0.04463235745
13.03	0.04438235227
13.04	0.04412283459
13.05	0.04385396923
13.06	0.04357592191
13.07	0.04328885914
13.08	0.04299294827
13.09	0.04268835734
13.1	0.04237525506
13.11	0.0420538108
13.12	0.04172419445
13.13	0.04138657647
13.14	0.04104112774
13.15	0.04068801959
13.16	0.04032742371
13.17	0.0399595121
13.18	0.03958445703
13.19	0.03920243098
13.2	0.0388136066
13.21	0.03841815668
13.22	0.03801625405
13.23	0.0376080716
13.24	0.03719378216
13.25	0.03677355853
13.26	0.03634757337
13.27	0.03591599917
13.28	0.03547900826
13.29	0.03503677266
13.3	0.03458946415
13.31	0.03413725414
13.32	0.03368031367
13.33	0.03321881336
13.34	0.03275292336
13.35	0.03228281331
13.36	0.03180865231
13.37	0.03133060888
13.38	0.0308488509
13.39	0.03036354558
13.4	0.02987485944
13.41	0.02938295824
13.42	0.02888800699
13.43	0.02839016986
13.44	0.02788961015
13.45	0.02738649031
13.46	0.02688097185
13.47	0.0263732153
13.48	0.02586338023
13.49	0.02535162517
13.5	0.02483810759
13.51	0.02432298388
13.52	0.02380640928
13.53	0.02328853792
13.54	0.02276952271
13.55	0.02224951537
13.56	0.02172866637
13.57	0.02120712492
13.58	0.0206850389
13.59	0.02016255492
13.6	0.01963981819
13.61	0.01911697256
13.62	0.0185941605
13.63	0.01807152301
13.64	0.01754919968
13.65	0.01702732861
13.66	0.01650604639
13.67	0.01598548812
13.68	0.01546578733
13.69	0.01494707602
13.7	0.01442948458
13.71	0.01391314183
13.72	0.01339817493
13.73	0.01288470945
13.74	0.01237286927
13.75	0.01186277661
13.76	0.011354552
13.77	0.01084831427
13.78	0.01034418052
13.79	0.009842266135
13.8	0.009342684728
13.81	0.008845548165
13.82	0.008350966536
13.83	0.007859048144
13.84	0.007369899493
13.85	0.006883625282
13.86	0.006400328386
13.87	0.005920109855
13.88	0.0054430689
13.89	0.004969302886
13.9	0.004498907323
13.91	0.004031975861
13.92	0.00356860028
13.93	0.003108870485
13.94	0.002652874502
13.95	0.002200698472
13.96	0.001752426643
13.97	0.001308141374
13.98	0.0008679231212
13.99	0.0004318504446
14	2.345139994e-17
14.01	-0.0004275534609
14.02	-0.0008507370919
14.03	-0.001269479953
14.04	-0.001683713012
14.05	-0.002093369141
14.06	-0.002498383118
14.07	-0.002898691627
14.08	-0.003294233252
14.09	-0.003684948478
14.1	-0.004070779686
14.11	-0.004451671154
14.12	-0.004827569046
14.13	-0.005198421414
14.14	-0.005564178191
14.15	-0.005924791187
14.16	-0.006280214079
14.17	-0.006630402411
14.18	-0.006975313584
14.19	-0.00731490685
14.2	-0.007649143303
14.21	-0.007977985874
14.22	-0.008301399321
14.23	-0.008619350219
14.24	-0.008931806955
14.25	-0.009238739714
14.26	-0.009540120472
14.27	-0.009835922986
14.28	-0.01012612278
14.29	-0.01041069714
14.3	-0.0106896251
14.31	-0.01096288741
14.32	-0.01123046658
14.33	-0.0114923468
14.34	-0.01174851397
14.35	-0.01199895567
14.36	-0.01224366116
14.37	-0.01248262135
14.38	-0.0127158288
14.39	-0.01294327769
14.4	-0.01316496383
14.41	-0.01338088462
14.42	-0.01359103903
14.43	-0.01379542763
14.44	-0.01399405253
14.45	-0.01418691736
14.46	-0.0143740273
14.47	-0.01455538902
14.48	-0.01473101068
14.49	-0.01490090191
14.5	-0.01506507379
14.51	-0.01522353883
14.52	-0.01537631099
14.53	-0.01552340559
14.54	-0.01566483937
14.55	-0.01580063039
14.56	-0.01593079811
14.57	-0.01605536326
14.58	-0.01617434793
14.59	-0.01628777546
14.6	-0.01639567048
14.61	-0.01649805888
14.62	-0.01659496775
14.63	-0.01668642541
14.64	-0.01677246138
14.65	-0.01685310635
14.66	-0.01692839215
14.67	-0.01699835174
14.68	-0.01706301922
14.69	-0.01712242974
14.7	-0.01717661956
14.71	-0.01722562598
14.72	-0.01726948731
14.73	-0.01730824289
14.74	-0.01734193305
14.75	-0.01737059908
14.76	-0.01739428321
14.77	-0.01741302862
14.78	-0.01742687938
14.79	-0.01743588045
14.8	-0.01744007765
14.81	-0.01743951763
14.82	-0.0174342479
14.83	-0.01742431673
14.84	-0.0174097732
14.85	-0.01739066713
14.86	-0.01736704908
14.87	-0.01733897033
14.88	-0.01730648286
14.89	-0.01726963933
14.9	-0.01722849303
14.91	-0.01718309791
14.92	-0.01713350852
14.93	-0.01707977999
14.94	-0.01702196805
14.95	-0.01696012894
14.96	-0.01689431947
14.97	-0.01682459694
14.98	-0.01675101912
14.99	-0.01667364427
15	-0.0165925311
15.01	-0.01650773874
15.02	-0.01641932672
15.03	-0.01632735495
15.04	-0.01623188373
15.05	-0.0161329737
15.06	-0.0160306858
15.07	-0.01592508131
15.08	-0.01581622178
15.09	-0.01570416904
15.1	-0.01558898515
15.11	-0.01547073242
15.12	-0.01534947334
15.13	-0.01522527062
15.14	-0.01509818714
15.15	-0.01496828591
15.16	-0.0148356301
15.17	-0.01470028298
15.18	-0.01456230793
15.19	-0.0144217684
15.2	-0.01427872791
15.21	-0.01413325001
15.22	-0.0139853983
15.23	-0.01383523636
15.24	-0.0136828278
15.25	-0.01352823616
15.26	-0.01337152498
15.27	-0.01321275771
15.28	-0.01305199773
15.29	-0.01288930835
15.3	-0.01272475274
15.31	-0.01255839398
15.32	-0.01239029497
15.33	-0.0122205185
15.34	-0.01204912714
15.35	-0.01187618332
15.36	-0.01170174924
15.37	-0.01152588689
15.38	-0.01134865803
15.39	-0.01117012418
15.4	-0.01099034659
15.41	-0.01080938626
15.42	-0.01062730387
15.43	-0.01044415982
15.44	-0.0102600142
15.45	-0.01007492675
15.46	-0.009888956902
15.47	-0.009702163707
15.48	-0.009514605867
15.49	-0.009326341702
15.5	-0.009137429142
15.51	-0.008947925716
15.52	-0.008757888543
15.53	-0.008567374316
15.54	-0.008376439291
15.55	-0.008185139282
15.56	-0.007993529643
15.57	-0.007801665263
15.58	-0.007609600553
15.59	-0.007417389436
15.6	-0.00722508534
15.61	-0.007032741184
15.62	-0.006840409373
15.63	-0.006648141787
15.64	-0.006455989773
15.65	-0.006264004133
15.66	-0.006072235123
15.67	-0.005880732436
15.68	-0.005689545201
15.69	-0.005498721974
15.7	-0.005308310725
15.71	-0.00511835884
15.72	-0.004928913108
15.73	-0.004740019713
15.74	-0.004551724233
15.75	-0.00436407163
15.76	-0.004177106245
15.77	-0.003990871792
15.78	-0.003805411351
15.79	-0.003620767366
15.8	-0.003436981637
15.81	-0.003254095316
15.82	-0.003072148903
15.83	-0.002891182239
15.84	-0.002711234507
15.85	-0.002532344222
15.86	-0.00235454923
15.87	-0.002177886705
15.88	-0.002002393145
15.89	-0.001828104369
15.9	-0.001655055512
15.91	-0.001483281027
15.92	-0.001312814677
15.93	-0.001143689537
15.94	-0.0009759379894
15.95	-0.000809591724
15.96	-0.0006446817343
15.97	-0.0004812383175
15.98	-0.0003192910728
15.99	-0.0001588689002
16	-9.859757604e-18
16.01	0.0001572881283
16.02	0.000312968686
16.03	0.0004670155758
16.04	0.0006194034019
16.05	0.0007701074697
16.06	0.0009191037854
16.07	0.001066369056
16.08	0.001211880688
16.09	0.001355616787
16.1	0.001497556156
16.11	0.001637678296
16.12	0.001775963403
16.13	0.001912392365
16.14	0.002046946764
16.15	0.002179608871
16.16	0.002310361646
16.17	0.002439188734
16.18	0.002566074463
16.19	0.002691003844
16.2	0.002813962564
16.21	0.002934936985
16.22	0.003053914143
16.23	0.003170881742
16.24	0.003285828151
16.25	0.003398742403
16.26	0.003509614188
16.27	0.003618433851
16.28	0.00372519239
16.29	0.003829881446
16.3	0.003932493306
16.31	0.004033020895
16.32	0.004131457769
16.33	0.004227798118
16.34	0.004322036753
16.35	0.004414169107
16.36	0.004504191226
16.37	0.004592099767
16.38	0.004677891994
16.39	0.004761565765
16.4	0.004843119538
16.41	0.004922552355
16.42	0.004999863843
16.43	0.005075054208
16.44	0.005148124223
16.45	0.005219075231
16.46	0.005287909132
16.47	0.00535462838
16.48	0.005419235978
16.49	0.005481735467
16.5	0.005542130925
16.51	0.005600426958
16.52	0.005656628694
16.53	0.005710741775
16.54	0.005762772352
16.55	0.005812727079
16.56	0.005860613105
16.57	0.005906438065
16.58	0.005950210077
16.59	0.005991937735
16.6	0.006031630096
16.61	0.00606929668
16.62	0.00610494746
16.63	0.006138592855
16.64	0.006170243721
16.65	0.006199911346
16.66	0.006227607443
16.67	0.00625334414
16.68	0.006277133974
16.69	0.006298989885
16.7	0.006318925206
16.71	0.006336953658
16.72	0.00635308934
16.73	0.006367346722
16.74	0.006379740639
16.75	0.006390286281
16.76	0.006398999187
16.77	0.006405895239
16.78	0.006410990649
16.79	0.006414301957
16.8	0.006415846019
16.81	0.006415640002
16.82	0.006413701375
16.83	0.006410047903
16.84	0.006404697636
16.85	0.006397668904
16.86	0.006388980309
16.87	0.006378650715
16.88	0.006366699244
16.89	0.006353145266
16.9	0.006338008389
16.91	0.006321308458
16.92	0.006303065539
16.93	0.006283299919
16.94	0.006262032093
16.95	0.006239282758
16.96	0.006215072807
16.97	0.006189423319
16.98	0.006162355552
16.99	0.006133890937
17	0.00610405107
17.01	0.006072857703
17.02	0.006040332736
17.03	0.006006498215
17.04	0.005971376316
17.05	0.005934989347
17.06	0.005897359733
17.07	0.005858510013
17.08	0.005818462832
17.09	0.005777240931
17.1	0.005734867146
17.11	0.005691364395
17.12	0.005646755674
17.13	0.005601064048
17.14	0.005554312647
17.15	0.005506524656
17.16	0.005457723311
17.17	0.005407931888
17.18	0.005357173704
17.19	0.0053054721
17.2	0.005252850443
17.21	0.005199332115
17.22	0.00514494051
17.23	0.005089699022
17.24	0.005033631044
17.25	0.004976759959
17.26	0.004919109136
17.27	0.004860701921
17.28	0.004801561631
17.29	0.004741711552
17.3	0.004681174928
17.31	0.004619974958
17.32	0.004558134791
17.33	0.004495677515
17.34	0.00443262616
17.35	0.004369003683
17.36	0.00430483297
17.37	0.004240136827
17.38	0.004174937973
17.39	0.004109259041
17.4	0.004043122563
17.41	0.003976550976
17.42	0.003909566609
17.43	0.003842191679
17.44	0.003774448289
17.45	0.003706358424
17.46	0.003637943939
17.47	0.003569226563
17.48	0.003500227889
17.49	0.003430969373
17.5	0.003361472326
17.51	0.003291757912
17.52	0.003221847143
17.53	0.003151760876
17.54	0.003081519805
17.55	0.003011144465
17.56	0.002940655218
17.57	0.002870072257
17.58	0.002799415599
17.59	0.002728705081
17.6	0.002657960357
17.61	0.002587200897
17.62	0.002516445978
17.63	0.002445714686
17.64	0.00237502591
17.65	0.00230439834
17.66	0.002233850464
17.67	0.002163400562
17.68	0.002093066709
17.69	0.002022866767
17.7	0.001952818383
17.71	0.00188293899
17.72	0.0018132458
17.73	0.001743755803
17.74	0.001674485767
17.75	0.001605452233
17.76	0.001536671511
17.77	0.001468159684
17.78	0.001399932601
17.79	0.001332005875
17.8	0.001264394884
17.81	0.001197114766
17.82	0.001130180421
17.83	0.001063606507
17.84	0.0009974074354
17.85	0.0009315973772
17.86	0.0008661902549
17.87	0.000801199744
17.88	0.0007366392712
17.89	0.0006725220135
17.9	0.0006088608968
17.91	0.0005456685951
17.92	0.0004829575296
17.93	0.0004207398676
17.94	0.0003590275221
17.95	0.000297832151
17.96	0.0002371651561
17.97	0.0001770376833
17.98	0.0001174606214
17.99	5.844460224e-05
18	4.080602382e-18
18.01	-5.786306873e-05
18.02	-0.0001151347453
18.03	-0.000171805429
18.04	-0.0002278657774
18.05	-0.0002833067056
18.06	-0.0003381193869
18.07	-0.0003922952523
18.08	-0.0004458259902
18.09	-0.0004987035459
18.1	-0.0005509201218
18.11	-0.0006024681764
18.12	-0.0006533404241
18.13	-0.0007035298344
18.14	-0.0007530296315
18.15	-0.0008018332933
18.16	-0.0008499345511
18.17	-0.0008973273882
18.18	-0.0009440060396
18.19	-0.0009899649904
18.2	-0.001035198975
18.21	-0.001079702978
18.22	-0.001123472228
18.23	-0.001166502203
18.24	-0.001208788624
18.25	-0.001250327456
18.26	-0.001291114906
18.27	-0.001331147423
18.28	-0.001370421695
18.29	-0.001408934646
18.3	-0.00144668344
18.31	-0.001483665473
18.32	-0.001519878375
18.33	-0.001555320009
18.34	-0.001589988465
18.35	-0.001623882064
18.36	-0.001656999351
18.37	-0.001689339096
18.38	-0.001720900292
18.39	-0.001751682153
18.4	-0.001781684109
18.41	-0.001810905809
18.42	-0.001839347117
18.43	-0.001867008106
18.44	-0.001893889062
18.45	-0.001919990479
18.46	-0.001945313056
18.47	-0.001969857696
18.48	-0.001993625503
18.49	-0.00201661778
18.5	-0.002038836028
18.51	-0.00206028194
18.52	-0.002080957403
18.53	-0.002100864493
18.54	-0.002120005473
18.55	-0.00213838279
18.56	-0.002155999074
18.57	-0.002172857135
18.58	-0.002188959958
18.59	-0.002204310705
18.6	-0.002218912709
18.61	-0.002232769471
18.62	-0.00224588466
18.63	-0.002258262109
18.64	-0.002269905812
18.65	-0.002280819921
18.66	-0.002291008746
18.67	-0.002300476748
18.68	-0.002309228538
18.69	-0.002317268879
18.7	-0.002324602674
18.71	-0.002331234971
18.72	-0.002337170956
18.73	-0.002342415954
18.74	-0.002346975421
18.75	-0.002350854946
18.76	-0.002354060245
18.77	-0.002356597161
18.78	-0.002358471657
18.79	-0.002359689819
18.8	-0.002360257848
18.81	-0.002360182059
18.82	-0.002359468878
18.83	-0.00235812484
18.84	-0.002356156587
18.85	-0.002353570861
18.86	-0.002350374506
18.87	-0.00234657446
18.88	-0.00234217776
18.89	-0.00233719153
18.9	-0.002331622984
18.91	-0.002325479423
18.92	-0.002318768228
18.93	-0.002311496863
18.94	-0.002303672867
18.95	-0.002295303854
18.96	-0.002286397511
18.97	-0.002276961592
18.98	-0.002267003917
18.99	-0.00225653237
19	-0.002245554897
19.01	-0.002234079498
19.02	-0.002222114232
19.03	-0.002209667207
19.04	-0.002196746582
19.05	-0.002183360564
19.06	-0.002169517403
19.07	-0.00215522539
19.08	-0.002140492855
19.09	-0.002125328165
19.1	-0.002109739721
19.11	-0.002093735953
19.12	-0.002077325322
19.13	-0.002060516312
19.14	-0.002043317433
19.15	-0.002025737213
19.16	-0.002007784202
19.17	-0.001989466961
19.18	-0.001970794068
19.19	-0.001951774111
19.2	-0.001932415685
19.21	-0.001912727393
19.22	-0.00189271784
19.23	-0.001872395632
19.24	-0.001851769375
19.25	-0.001830847673
19.26	-0.00180963912
19.27	-0.001788152306
19.28	-0.00176639581
19.29	-0.001744378196
19.3	-0.001722108017
19.31	-0.001699593806
19.32	-0.00167684408
19.33	-0.001653867332
19.34	-0.001630672035
19.35	-0.001607266633
19.36	-0.001583659547
19.37	-0.001559859166
19.38	-0.001535873849
19.39	-0.001511711919
19.4	-0.001487381669
19.41	-0.001462891351
19.42	-0.001438249179
19.43	-0.001413463328
19.44	-0.001388541927
19.45	-0.001363493066
19.46	-0.001338324783
19.47	-0.001313045073
19.48	-0.00128766188
19.49	-0.001262183096
19.5	-0.001236616561
19.51	-0.001210970061
19.52	-0.001185251327
19.53	-0.00115946803
19.54	-0.001133627784
19.55	-0.001107738143
19.56	-0.001081806598
19.57	-0.001055840578
19.58	-0.001029847446
19.59	-0.0010038345
19.6	-0.0009778089709
19.61	-0.0009517780201
19.62	-0.00092574874
19.63	-0.0008997281518
19.64	-0.0008737232045
19.65	-0.0008477407736
19.66	-0.0008217876602
19.67	-0.0007958705899
19.68	-0.0007699962113
19.69	-0.0007441710957
19.7	-0.0007184017355
19.71	-0.0006926945434
19.72	-0.0006670558515
19.73	-0.0006414919104
19.74	-0.0006160088883
19.75	-0.0005906128701
19.76	-0.0005653098568
19.77	-0.0005401057643
19.78	-0.000515006423
19.79	-0.000490017577
19.8	-0.0004651448833
19.81	-0.0004403939112
19.82	-0.0004157701419
19.83	-0.0003912789672
19.84	-0.0003669256899
19.85	-0.0003427155225
19.86	-0.0003186535869
19.87	-0.0002947449141
19.88	-0.0002709944434
19.89	-0.0002474070225
19.9	-0.0002239874065
19.91	-0.0002007402578
19.92	-0.0001776701461
19.93	-0.0001547815474
19.94	-0.0001320788442
19.95	-0.0001095663253
19.96	-8.724818511e-05
19.97	-6.512852401e-05
19.98	-4.321134777e-05
19.99	-2.150056761e-05
20	-1.66796636e-18
20.01	2.128663339e-05
20.02	4.235570576e-05
20.03	6.320368523e-05
20.04	8.382713484e-05
20.05	0.0001042227125
20.06	0.0001243871711
20.07	0.0001443173582
20.08	0.0001640102161
20.09	0.0001834627818
20.1	0.0002026721865
20.11	0.0002216356561
20.12	0.0002403505101
20.13	0.0002588141623
20.14	0.00027702412
20.15	0.0002949779839
20.16	0.0003126734477
20.17	0.0003301082981
20.18	0.0003472804143
20.19	0.0003641877674
20.2	0.0003808284206
20.21	0.0003972005281
20.22	0.0004133023355
20.23	0.0004291321786
20.24	0.0004446884835
20.25	0.0004599697658
20.26	0.0004749746302
20.27	0.0004897017702
20.28	0.0005041499672
20.29	0.0005183180903
20.3	0.0005322050954
20.31	0.0005458100251
20.32	0.0005591320074
20.33	0.0005721702558
20.34	0.0005849240682
20.35	0.0005973928263
20.36	0.0006095759953
20.37	0.0006214731227
20.38	0.0006330838379
20.39	0.0006444078515
20.4	0.0006554449544
20.41	0.0006661950172
20.42	0.0006766579894
20.43	0.0006868338986
20.44	0.0006967228499
20.45	0.0007063250246
20.46	0.0007156406801
20.47	0.0007246701485
20.48	0.000733413836
20.49	0.0007418722221
20.5	0.0007500458585
20.51	0.0007579353687
20.52	0.0007655414465
20.53	0.0007728648556
20.54	0.0007799064285
20.55	0.0007866670657
20.56	0.0007931477345
20.57	0.0007993494684
20.58	0.0008052733662
20.59	0.0008109205904
20.6	0.0008162923674
20.61	0.0008213899852
20.62	0.0008262147937
20.63	0.0008307682027
20.64	0.0008350516816
20.65	0.0008390667581
20.66	0.0008428150172
20.67	0.0008462981003
20.68	0.0008495177043
20.69	0.0008524755802
20.7	0.0008551735326
20.71	0.0008576134182
20.72	0.0008597971453
20.73	0.0008617266721
20.74	0.0008634040063
20.75	0.0008648312038
20.76	0.0008660103675
20.77	0.0008669436466
20.78	0.0008676332354
20.79	0.0008680813721
20.8	0.0008682903382
20.81	0.0008682624568
20.82	0.0008680000922
20.83	0.0008675056485
20.84	0.0008667815686
20.85	0.0008658303332
20.86	0.0008646544597
20.87	0.0008632565012
20.88	0.0008616390455
20.89	0.000859804714
20.9	0.0008577561605
20.91	0.0008554960706
20.92	0.00085302716
20.93	0.0008503521742
20.94	0.0008474738869
20.95	0.0008443950993
20.96	0.0008411186387
20.97	0.0008376473579
20.98	0.000833984134
20.99	0.0008301318674
21	0.0008260934805
21.01	0.0008218719173
21.02	0.0008174701417
21.03	0.0008128911372
21.04	0.0008081379051
21.05	0.0008032134643
21.06	0.0007981208499
21.07	0.000792863112
21.08	0.0007874433153
21.09	0.0007818645378
21.1	0.0007761298696
21.11	0.0007702424125
21.12	0.0007642052785
21.13	0.0007580215894
21.14	0.0007516944753
21.15	0.000745227074
21.16	0.0007386225301
21.17	0.0007318839939
21.18	0.0007250146205
21.19	0.0007180175693
21.2	0.0007108960025
21.21	0.0007036530845
21.22	0.0006962919811
21.23	0.0006888158587
21.24	0.000681227883
21.25	0.0006735312187
21.26	0.0006657290282
21.27	0.0006578244712
21.28	0.0006498207033
21.29	0.0006417208759
21.3	0.0006335281348
21.31	0.0006252456195
21.32	0.0006168764629
21.33	0.0006084237899
21.34	0.0005998907168
21.35	0.0005912803509
21.36	0.0005825957893
21.37	0.0005738401184
21.38	0.0005650164131
21.39	0.0005561277361
21.4	0.0005471771373
21.41	0.0005381676527
21.42	0.0005291023043
21.43	0.0005199840991
21.44	0.0005108160283
21.45	0.000501601067
21.46	0.0004923421733
21.47	0.0004830422878
21.48	0.0004737043328
21.49	0.0004643312119
21.5	0.0004549258094
21.51	0.0004454909894
21.52	0.0004360295957
21.53	0.0004265444508
21.54	0.0004170383557
21.55	0.000407514089
21.56	0.0003979744068
21.57	0.0003884220418
21.58	0.000378859703
21.59	0.000369290075
21.6	0.0003597158178
21.61	0.0003501395661
21.62	0.0003405639291
21.63	0.0003309914897
21.64	0.0003214248042
21.65	0.000311866402
21.66	0.0003023187852
21.67	0.0002927844278
21.68	0.0002832657759
21.69	0.0002737652468
21.7	0.000264285229
21.71	0.0002548280815
21.72	0.0002453961339
21.73	0.0002359916855
21.74	0.0002266170056
21.75	0.0002172743326
21.76	0.0002079658742
21.77	0.0001986938067
21.78	0.0001894602751
21.79	0.0001802673924
21.8	0.0001711172397
21.81	0.000162011866
21.82	0.0001529532874
21.83	0.0001439434878
21.84	0.0001349844178
21.85	0.0001260779949
21.86	0.0001172261035
21.87	0.0001084305943
21.88	9.969328441e-05
21.89	9.101595718e-05
21.9	8.240036192e-05
21.91	7.384821388e-05
21.92	6.536119406e-05
21.93	5.694094915e-05
21.94	4.85890914e-05
21.95	4.030719851e-05
21.96	3.209681358e-05
21.97	2.395944502e-05
21.98	1.589656647e-05
21.99	7.909616797e-06
22	2.455062411e-18
22.01	-7.830914795e-06
22.02	-1.558179336e-05
22.03	-2.32513364e-05
22.04	-3.083827952e-05
22.05	-3.834139324e-05
22.06	-4.5759483e-05
22.07	-5.309138909e-05
22.08	-6.033598665e-05
22.09	-6.749218564e-05
22.1	-7.455893073e-05
22.11	-8.15352013e-05
22.12	-8.842001135e-05
22.13	-9.521240941e-05
22.14	-0.0001019114785
22.15	-0.0001085163359
22.16	-0.0001150261332
22.17	-0.0001214400562
22.18	-0.0001277573247
22.19	-0.0001339771924
22.2	-0.0001400989465
22.21	-0.0001461219083
22.22	-0.0001520454322
22.23	-0.0001578689061
22.24	-0.0001635917508
22.25	-0.0001692134204
22.26	-0.0001747334015
22.27	-0.0001801512135
22.28	-0.0001854664082
22.29	-0.0001906785694
22.3	-0.0001957873131
22.31	-0.000200792287
22.32	-0.0002056931704
22.33	-0.000210489674
22.34	-0.0002151815393
22.35	-0.0002197685391
22.36	-0.0002242504765
22.37	-0.0002286271851
22.38	-0.0002328985285
22.39	-0.0002370644003
22.4	-0.0002411247235
22.41	-0.0002450794506
22.42	-0.000248928563
22.43	-0.0002526720708
22.44	-0.0002563100127
22.45	-0.0002598424553
22.46	-0.0002632694935
22.47	-0.0002665912493
22.48	-0.0002698078721
22.49	-0.0002729195385
22.5	-0.0002759264513
22.51	-0.0002788288399
22.52	-0.0002816269595
22.53	-0.0002843210912
22.54	-0.0002869115411
22.55	-0.0002893986405
22.56	-0.0002917827453
22.57	-0.0002940642358
22.58	-0.0002962435159
22.59	-0.0002983210136
22.6	-0.0003002971799
22.61	-0.0003021724888
22.62	-0.0003039474366
22.63	-0.0003056225422
22.64	-0.000307198346
22.65	-0.0003086754101
22.66	-0.0003100543175
22.67	-0.0003113356722
22.68	-0.0003125200983
22.69	-0.00031360824
22.7	-0.0003146007613
22.71	-0.000315498345
22.72	-0.0003163016933
22.73	-0.0003170115266
22.74	-0.0003176285833
22.75	-0.0003181536199
22.76	-0.00031858741
22.77	-0.0003189307442
22.78	-0.0003191844298
22.79	-0.0003193492901
22.8	-0.0003194261644
22.81	-0.0003194159074
22.82	-0.0003193193889
22.83	-0.0003191374932
22.84	-0.0003188711191
22.85	-0.0003185211791
22.86	-0.0003180885994
22.87	-0.0003175743192
22.88	-0.0003169792905
22.89	-0.0003163044777
22.9	-0.000315550857
22.91	-0.0003147194164
22.92	-0.0003138111549
22.93	-0.0003128270827
22.94	-0.0003117682199
22.95	-0.0003106355972
22.96	-0.0003094302548
22.97	-0.0003081532419
22.98	-0.0003068056172
22.99	-0.0003053884475
23	-0.000303902808
23.01	-0.0003023497816
23.02	-0.0003007304589
23.03	-0.0002990459373
23.04	-0.0002972973209
23.05	-0.0002954857204
23.06	-0.0002936122522
23.07	-0.0002916780386
23.08	-0.0002896842068
23.09	-0.0002876318892
23.1	-0.0002855222227
23.11	-0.0002833563483
23.12	-0.0002811354108
23.13	-0.0002788605587
23.14	-0.0002765329435
23.15	-0.0002741537195
23.16	-0.0002717240436
23.17	-0.0002692450747
23.18	-0.0002667179734
23.19	-0.0002641439021
23.2	-0.0002615240241
23.21	-0.0002588595035
23.22	-0.0002561515049
23.23	-0.0002534011932
23.24	-0.0002506097329
23.25	-0.0002477782883
23.26	-0.0002449080229
23.27	-0.0002420000989
23.28	-0.0002390556772
23.29	-0.0002360759172
23.3	-0.0002330619762
23.31	-0.0002300150091
23.32	-0.0002269361685
23.33	-0.0002238266038
23.34	-0.0002206874617
23.35	-0.0002175198851
23.36	-0.0002143250134
23.37	-0.0002111039821
23.38	-0.0002078579223
23.39	-0.0002045879608
23.4	-0.0002012952195
23.41	-0.0001979808153
23.42	-0.00019464586
23.43	-0.0001912914598
23.44	-0.000187918715
23.45	-0.0001845287202
23.46	-0.0001811225636
23.47	-0.0001777013269
23.48	-0.0001742660852
23.49	-0.0001708179068
23.5	-0.0001673578525
23.51	-0.0001638869762
23.52	-0.000160406324
23.53	-0.0001569169342
23.54	-0.0001534198372
23.55	-0.0001499160553
23.56	-0.0001464066024
23.57	-0.0001428924837
23.58	-0.0001393746958
23.59	-0.0001358542264
23.6	-0.000132332054
23.61	-0.0001288091479
23.62	-0.0001252864679
23.63	-0.0001217649643
23.64	-0.0001182455773
23.65	-0.0001147292377
23.66	-0.0001112168658
23.67	-0.0001077093717
23.68	-0.0001042076554
23.69	-0.000100712606
23.7	-9.722510235e-05
23.71	-9.374601222e-05
23.72	-9.027619259e-05
23.73	-8.681648938e-05
23.74	-8.336773737e-05
23.75	-7.993076006e-05
23.76	-7.650636959e-05
23.77	-7.309536659e-05
23.78	-6.969854012e-05
23.79	-6.631666757e-05
23.8	-6.295051452e-05
23.81	-5.960083471e-05
23.82	-5.626836991e-05
23.83	-5.295384986e-05
23.84	-4.965799218e-05
23.85	-4.638150231e-05
23.86	-4.312507344e-05
23.87	-3.988938643e-05
23.88	-3.667510976e-05
23.89	-3.348289947e-05
23.9	-3.03133991e-05
23.91	-2.716723965e-05
23.92	-2.404503954e-05
23.93	-2.094740455e-05
23.94	-1.787492779e-05
23.95	-1.482818966e-05
23.96	-1.180775784e-05
23.97	-8.814187243e-06
23.98	-5.84801999e-06
23.99	-2.909785407e-06
24	-2.708816397e-19
24.01	2.880832559e-06
24.02	5.732221435e-06
24.03	8.553688642e-06
24.04	1.134476904e-05
24.05	1.410501032e-05
24.06	1.683397303e-05
24.07	1.953123055e-05
24.08	2.219636905e-05
24.09	2.482898754e-05
24.1	2.742869777e-05
24.11	2.999512429e-05
24.12	3.252790436e-05
24.13	3.502668797e-05
24.14	3.749113775e-05
24.15	3.9920929e-05
24.16	4.23157496e-05
24.17	4.467530003e-05
24.18	4.699929323e-05
24.19	4.928745466e-05
24.2	5.153952216e-05
24.21	5.375524598e-05
24.22	5.593438864e-05
24.23	5.807672494e-05
24.24	6.018204187e-05
24.25	6.225013853e-05
24.26	6.428082611e-05
24.27	6.627392777e-05
24.28	6.82292786e-05
24.29	7.014672555e-05
24.3	7.202612733e-05
24.31	7.386735434e-05
24.32	7.567028859e-05
24.33	7.743482363e-05
24.34	7.916086444e-05
24.35	8.084832735e-05
24.36	8.249713998e-05
24.37	8.410724108e-05
24.38	8.567858051e-05
24.39	8.72111191e-05
24.4	8.870482855e-05
24.41	9.015969134e-05
24.42	9.157570065e-05
24.43	9.295286021e-05
24.44	9.429118423e-05
24.45	9.559069727e-05
24.46	9.685143414e-05
24.47	9.80734398e-05
24.48	9.925676922e-05
24.49	0.0001004014873
24.5	0.0001015076687
24.51	0.0001025753978
24.52	0.0001036047685
24.53	0.0001045958841
24.54	0.0001055488574
24.55	0.0001064638101
24.56	0.0001073408733
24.57	0.0001081801867
24.58	0.0001089818991
24.59	0.0001097461678
24.6	0.0001104731587
24.61	0.0001111630463
24.62	0.0001118160131
24.63	0.00011243225
24.64	0.0001130119559
24.65	0.0001135553374
24.66	0.0001140626091
24.67	0.0001145339931
24.68	0.0001149697191
24.69	0.0001153700241
24.7	0.0001157351522
24.71	0.0001160653549
24.72	0.0001163608902
24.73	0.0001166220232
24.74	0.0001168490257
24.75	0.0001170421759
24.76	0.0001172017584
24.77	0.000117328064
24.78	0.0001174213897
24.79	0.0001174820384
24.8	0.0001175103188
24.81	0.0001175065455
24.82	0.0001174710383
24.83	0.0001174041227
24.84	0.0001173061291
24.85	0.0001171773934
24.86	0.0001170182562
24.87	0.0001168290631
24.88	0.0001166101643
24.89	0.0001163619145
24.9	0.0001160846729
24.91	0.000115778803
24.92	0.0001154446723
24.93	0.0001150826524
24.94	0.0001146931185
24.95	0.0001142764499
24.96	0.0001138330292
24.97	0.0001133632424
24.98	0.000112867479
24.99	0.0001123461314
25	0.0001117995952
25.01	0.0001112282687
25.02	0.0001106325532
25.03	0.0001100128523
25.04	0.0001093695723
25.05	0.0001087031217
25.06	0.0001080139113
25.07	0.0001073023538
25.08	0.0001065688641
25.09	0.0001058138587
25.1	0.0001050377557
25.11	0.0001042409751
25.12	0.0001034239378
25.13	0.0001025870665
25.14	0.0001017307847
25.15	0.0001008555171
25.16	9.996168931e-05
25.17	9.90497276e-05
25.18	9.812005902e-05
25.19	9.717311111e-05
25.2	9.620931184e-05
25.21	9.522908949e-05
25.22	9.423287248e-05
25.23	9.322108933e-05
25.24	9.21941685e-05
25.25	9.115253825e-05
25.26	9.00966266e-05
25.27	8.902686113e-05
25.28	8.794366894e-05
25.29	8.68474765e-05
25.3	8.573870956e-05
25.31	8.461779301e-05
25.32	8.348515083e-05
25.33	8.234120593e-05
25.34	8.118638007e-05
25.35	8.002109376e-05
25.36	7.884576616e-05
25.37	7.766081496e-05
25.38	7.64666563e-05
25.39	7.526370469e-05
25.4	7.405237285e-05
25.41	7.283307171e-05
25.42	7.160621022e-05
25.43	7.037219533e-05
25.44	6.913143187e-05
25.45	6.788432248e-05
25.46	6.663126748e-05
25.47	6.537266484e-05
25.48	6.410891005e-05
25.49	6.284039608e-05
25.5	6.156751326e-05
25.51	6.029064923e-05
25.52	5.901018883e-05
25.53	5.772651406e-05
25.54	5.644000398e-05
25.55	5.515103466e-05
25.56	5.385997907e-05
25.57	5.256720705e-05
25.58	5.127308521e-05
25.59	4.997797689e-05
25.6	4.868224208e-05
25.61	4.738623736e-05
25.62	4.609031581e-05
25.63	4.479482701e-05
25.64	4.350011692e-05
25.65	4.220652785e-05
25.66	4.091439842e-05
25.67	3.962406347e-05
25.68	3.833585402e-05
25.69	3.705009722e-05
25.7	3.576711632e-05
25.71	3.448723059e-05
25.72	3.321075528e-05
25.73	3.19380016e-05
25.74	3.066927664e-05
25.75	2.940488334e-05
25.76	2.814512049e-05
25.77	2.689028261e-05
25.78	2.564065999e-05
25.79	2.439653861e-05
25.8	2.31582001e-05
25.81	2.192592177e-05
25.82	2.069997648e-05
25.83	1.948063269e-05
25.84	1.826815441e-05
25.85	1.706280115e-05
25.86	1.586482792e-05
25.87	1.467448519e-05
25.88	1.349201888e-05
25.89	1.231767034e-05
25.9	1.115167632e-05
25.91	9.994268942e-06
25.92	8.845675711e-06
25.93	7.706119481e-06
25.94	6.575818447e-06
25.95	5.454986127e-06
25.96	4.343831357e-06
25.97	3.242558277e-06
25.98	2.151366326e-06
25.99	1.07045023e-06
26	-1.329529943e-19
26.01	-1.059799072e-06
26.02	-2.108766418e-06
26.03	-3.146726198e-06
26.04	-4.173507293e-06
26.05	-5.188943314e-06
26.06	-6.192872592e-06
26.07	-7.18513818e-06
26.08	-8.165587843e-06
26.09	-9.13407406e-06
26.1	-1.009045401e-05
26.11	-1.103458956e-05
26.12	-1.196634728e-05
26.13	-1.288559839e-05
26.14	-1.37922188e-05
26.15	-1.468608905e-05
26.16	-1.556709432e-05
26.17	-1.643512441e-05
26.18	-1.729007373e-05
26.19	-1.813184128e-05
26.2	-1.896033061e-05
26.21	-1.977544985e-05
26.22	-2.057711164e-05
26.23	-2.136523312e-05
26.24	-2.213973593e-05
26.25	-2.290054617e-05
26.26	-2.364759439e-05
26.27	-2.438081551e-05
26.28	-2.510014888e-05
26.29	-2.58055382e-05
26.3	-2.649693147e-05
26.31	-2.717428103e-05
26.32	-2.783754348e-05
26.33	-2.848667964e-05
26.34	-2.912165457e-05
26.35	-2.974243749e-05
26.36	-3.034900175e-05
26.37	-3.094132485e-05
26.38	-3.151938832e-05
26.39	-3.208317776e-05
26.4	-3.263268275e-05
26.41	-3.316789687e-05
26.42	-3.368881758e-05
26.43	-3.419544627e-05
26.44	-3.468778816e-05
26.45	-3.516585229e-05
26.46	-3.562965147e-05
26.47	-3.607920223e-05
26.48	-3.651452479e-05
26.49	-3.693564304e-05
26.5	-3.734258444e-05
26.51	-3.773538002e-05
26.52	-3.811406433e-05
26.53	-3.84786754e-05
26.54	-3.882925468e-05
26.55	-3.916584698e-05
26.56	-3.948850048e-05
26.57	-3.979726664e-05
26.58	-4.009220014e-05
26.59	-4.037335888e-05
26.6	-4.06408039e-05
26.61	-4.089459935e-05
26.62	-4.113481242e-05
26.63	-4.136151331e-05
26.64	-4.157477516e-05
26.65	-4.177467405e-05
26.66	-4.196128888e-05
26.67	-4.213470138e-05
26.68	-4.229499602e-05
26.69	-4.244225999e-05
26.7	-4.257658313e-05
26.71	-4.269805789e-05
26.72	-4.280677925e-05
26.73	-4.290284474e-05
26.74	-4.298635429e-05
26.75	-4.305741027e-05
26.76	-4.311611737e-05
26.77	-4.31625826e-05
26.78	-4.319691521e-05
26.79	-4.321922662e-05
26.8	-4.322963043e-05
26.81	-4.32282423e-05
26.82	-4.321517993e-05
26.83	-4.319056303e-05
26.84	-4.315451322e-05
26.85	-4.310715399e-05
26.86	-4.30486107e-05
26.87	-4.297901044e-05
26.88	-4.289848207e-05
26.89	-4.280715608e-05
26.9	-4.270516461e-05
26.91	-4.259264135e-05
26.92	-4.246972154e-05
26.93	-4.233654184e-05
26.94	-4.219324035e-05
26.95	-4.203995654e-05
26.96	-4.187683117e-05
26.97	-4.170400628e-05
26.98	-4.15216251e-05
26.99	-4.132983203e-05
27	-4.112877259e-05
27.01	-4.091859333e-05
27.02	-4.069944183e-05
27.03	-4.047146662e-05
27.04	-4.023481713e-05
27.05	-3.998964366e-05
27.06	-3.973609732e-05
27.07	-3.947432996e-05
27.08	-3.920449418e-05
27.09	-3.89267432e-05
27.1	-3.864123088e-05
27.11	-3.834811165e-05
27.12	-3.804754045e-05
27.13	-3.77396727e-05
27.14	-3.742466423e-05
27.15	-3.710267128e-05
27.16	-3.67738504e-05
27.17	-3.643835844e-05
27.18	-3.609635248e-05
27.19	-3.574798981e-05
27.2	-3.539342788e-05
27.21	-3.503282422e-05
27.22	-3.466633647e-05
27.23	-3.429412225e-05
27.24	-3.391633919e-05
27.25	-3.353314483e-05
27.26	-3.314469664e-05
27.27	-3.275115192e-05
27.28	-3.235266778e-05
27.29	-3.194940112e-05
27.3	-3.154150856e-05
27.31	-3.112914641e-05
27.32	-3.071247063e-05
27.33	-3.029163682e-05
27.34	-2.986680013e-05
27.35	-2.943811526e-05
27.36	-2.900573639e-05
27.37	-2.856981721e-05
27.38	-2.813051079e-05
27.39	-2.768796962e-05
27.4	-2.724234554e-05
27.41	-2.679378972e-05
27.42	-2.63424526e-05
27.43	-2.588848389e-05
27.44	-2.543203252e-05
27.45	-2.497324662e-05
27.46	-2.451227344e-05
27.47	-2.404925941e-05
27.48	-2.358435e-05
27.49	-2.311768979e-05
27.5	-2.264942237e-05
27.51	-2.217969035e-05
27.52	-2.170863529e-05
27.53	-2.123639773e-05
27.54	-2.076311713e-05
27.55	-2.028893181e-05
27.56	-1.9813979e-05
27.57	-1.933839475e-05
27.58	-1.886231393e-05
27.59	-1.838587021e-05
27.6	-1.790919601e-05
27.61	-1.743242252e-05
27.62	-1.695567962e-05
27.63	-1.647909593e-05
27.64	-1.60027987e-05
27.65	-1.552691388e-05
27.66	-1.505156603e-05
27.67	-1.457687833e-05
27.68	-1.410297255e-05
27.69	-1.362996906e-05
27.7	-1.315798676e-05
27.71	-1.268714312e-05
27.72	-1.221755409e-05
27.73	-1.174933418e-05
27.74	-1.128259635e-05
27.75	-1.081745205e-05
27.76	-1.03540112e-05
27.77	-9.89238214e-06
27.78	-9.432671669e-06
27.79	-8.974984989e-06
27.8	-8.519425713e-06
27.81	-8.066095847e-06
27.82	-7.615095779e-06
27.83	-7.166524269e-06
27.84	-6.720478436e-06
27.85	-6.277053752e-06
27.86	-5.836344028e-06
27.87	-5.398441411e-06
27.88	-4.963436367e-06
27.89	-4.531417683e-06
27.9	-4.102472453e-06
27.91	-3.676686073e-06
27.92	-3.254142237e-06
27.93	-2.834922928e-06
27.94	-2.419108415e-06
27.95	-2.006777248e-06
27.96	-1.598006252e-06
27.97	-1.192870527e-06
27.98	-7.914434417e-07
27.99	-3.937966322e-07
28	-4.276981734e-20
28.01	3.898782903e-07
28.02	7.757718115e-07
28.03	1.157615875e-06
28.04	1.535347531e-06
28.05	1.908905567e-06
28.06	2.278230509e-06
28.07	2.643264618e-06
28.08	3.003951893e-06
28.09	3.360238061e-06
28.1	3.712070582e-06
28.11	4.059398642e-06
28.12	4.40217315e-06
28.13	4.740346737e-06
28.14	5.073873746e-06
28.15	5.402710233e-06
28.16	5.726813958e-06
28.17	6.046144383e-06
28.18	6.360662661e-06
28.19	6.670331636e-06
28.2	6.97511583e-06
28.21	7.27498144e-06
28.22	7.569896329e-06
28.23	7.859830019e-06
28.24	8.144753682e-06
28.25	8.424640129e-06
28.26	8.699463808e-06
28.27	8.969200785e-06
28.28	9.233828745e-06
28.29	9.493326971e-06
28.3	9.747676343e-06
28.31	9.996859321e-06
28.32	1.024085994e-05
28.33	1.047966379e-05
28.34	1.071325801e-05
28.35	1.094163128e-05
28.36	1.116477381e-05
28.37	1.138267729e-05
28.38	1.159533496e-05
28.39	1.18027415e-05
28.4	1.20048931e-05
28.41	1.220178736e-05
28.42	1.239342338e-05
28.43	1.257980166e-05
28.44	1.276092412e-05
28.45	1.293679409e-05
28.46	1.310741627e-05
28.47	1.327279675e-05
28.48	1.343294298e-05
28.49	1.358786372e-05
28.5	1.373756909e-05
28.51	1.388207051e-05
28.52	1.402138069e-05
28.53	1.41555136e-05
28.54	1.428448451e-05
28.55	1.44083099e-05
28.56	1.452700749e-05
28.57	1.464059621e-05
28.58	1.474909618e-05
28.59	1.48525287e-05
28.6	1.495091623e-05
28.61	1.504428236e-05
28.62	1.513265181e-05
28.63	1.52160504e-05
28.64	1.529450505e-05
28.65	1.536804374e-05
28.66	1.54366955e-05
28.67	1.55004904e-05
28.68	1.55594595e-05
28.69	1.561363489e-05
28.7	1.566304961e-05
28.71	1.570773767e-05
28.72	1.574773403e-05
28.73	1.578307455e-05
28.74	1.581379599e-05
28.75	1.583993603e-05
28.76	1.586153316e-05
28.77	1.587862677e-05
28.78	1.589125703e-05
28.79	1.589946494e-05
28.8	1.590329228e-05
28.81	1.590278162e-05
28.82	1.589797624e-05
28.83	1.588892019e-05
28.84	1.587565821e-05
28.85	1.585823572e-05
28.86	1.583669885e-05
28.87	1.581109434e-05
28.88	1.578146961e-05
28.89	1.574787266e-05
28.9	1.571035209e-05
28.91	1.56689571e-05
28.92	1.562373743e-05
28.93	1.557474335e-05
28.94	1.552202568e-05
28.95	1.546563572e-05
28.96	1.540562525e-05
28.97	1.534204652e-05
28.98	1.527495224e-05
28.99	1.520439551e-05
29	1.513042988e-05
29.01	1.505310925e-05
29.02	1.497248792e-05
29.03	1.488862052e-05
29.04	1.480156204e-05
29.05	1.471136776e-05
29.06	1.461809328e-05
29.07	1.452179445e-05
29.08	1.442252741e-05
29.09	1.432034853e-05
29.1	1.421531442e-05
29.11	1.410748188e-05
29.12	1.399690792e-05
29.13	1.38836497e-05
29.14	1.376776456e-05
29.15	1.364930998e-05
29.16	1.352834354e-05
29.17	1.340492294e-05
29.18	1.327910598e-05
29.19	1.315095052e-05
29.2	1.302051447e-05
29.21	1.28878558e-05
29.22	1.275303249e-05
29.23	1.261610253e-05
29.24	1.247712391e-05
29.25	1.233615458e-05
29.26	1.219325248e-05
29.27	1.204847547e-05
29.28	1.190188134e-05
29.29	1.175352783e-05
29.3	1.160347254e-05
29.31	1.145177298e-05
29.32	1.129848653e-05
29.33	1.114367043e-05
29.34	1.098738174e-05
29.35	1.082967739e-05
29.36	1.06706141e-05
29.37	1.051024839e-05
29.38	1.034863659e-05
29.39	1.018583479e-05
29.4	1.002189885e-05
29.41	9.856884388e-06
29.42	9.690846741e-06
29.43	9.523840987e-06
29.44	9.355921913e-06
29.45	9.18714401e-06
29.46	9.017561457e-06
29.47	8.847228112e-06
29.48	8.6761975e-06
29.49	8.504522803e-06
29.5	8.332256846e-06
29.51	8.15945209e-06
29.52	7.986160619e-06
29.53	7.812434131e-06
29.54	7.638323925e-06
29.55	7.463880897e-06
29.56	7.289155523e-06
29.57	7.114197855e-06
29.58	6.939057509e-06
29.59	6.763783658e-06
29.6	6.588425021e-06
29.61	6.413029854e-06
29.62	6.237645944e-06
29.63	6.0623206e-06
29.64	5.887100644e-06
29.65	5.712032401e-06
29.66	5.537161699e-06
29.67	5.362533853e-06
29.68	5.188193661e-06
29.69	5.014185401e-06
29.7	4.840552818e-06
29.71	4.66733912e-06
29.72	4.494586973e-06
29.73	4.322338492e-06
29.74	4.15063524e-06
29.75	3.979518216e-06
29.76	3.809027853e-06
29.77	3.639204014e-06
29.78	3.470085982e-06
29.79	3.301712462e-06
29.8	3.13412157e-06
29.81	2.967350833e-06
29.82	2.80143718e-06
29.83	2.636416943e-06
29.84	2.472325851e-06
29.85	2.309199026e-06
29.86	2.14707098e-06
29.87	1.985975609e-06
29.88	1.825946197e-06
29.89	1.667015405e-06
29.9	1.509215273e-06
29.91	1.352577218e-06
29.92	1.197132028e-06
29.93	1.042909863e-06
29.94	8.89940252e-07
29.95	7.382520925e-07
29.96	5.87873647e-07
29.97	4.388325429e-07
29.98	2.91155771e-07
29.99	1.44869685e-07
30	4.946150415e-20
