temps	angle
0	0
0.01	0.3754466375
0.02	0.7476595076
0.03	1.116424286
0.04	1.481530582
0.05	1.842772039
0.06	2.199946438
0.07	2.552855797
0.08	2.90130646
0.09	3.24510919
0.1	3.584079258
0.11	3.918036523
0.12	4.246805514
0.13	4.570215501
0.14	4.888100577
0.15	5.200299715
0.16	5.506656843
0.17	5.807020898
0.18	6.101245889
0.19	6.389190945
0.2	6.670720372
0.21	6.945703693
0.22	7.214015693
0.23	7.47553646
0.24	7.730151416
0.25	7.977751351
0.26	8.21823245
0.27	8.451496319
0.28	8.677450001
0.29	8.896005996
0.3	9.107082272
0.31	9.310602278
0.32	9.506494944
0.33	9.694694687
0.34	9.875141411
0.35	10.0477805
0.36	10.2125628
0.37	10.36944463
0.38	10.51838774
0.39	10.65935933
0.4	10.79233196
0.41	10.91728362
0.42	11.03419761
0.43	11.14306256
0.44	11.24387239
0.45	11.33662625
0.46	11.42132851
0.47	11.49798868
0.48	11.5666214
0.49	11.62724637
0.5	11.67988827
0.51	11.72457676
0.52	11.7613464
0.53	11.79023656
0.54	11.8112914
0.55	11.82455976
0.56	11.83009512
0.57	11.82795554
0.58	11.81820355
0.59	11.8009061
0.6	11.77613446
0.61	11.74396417
0.62	11.70447494
0.63	11.65775055
0.64	11.6038788
0.65	11.54295137
0.66	11.47506381
0.67	11.40031534
0.68	11.31880886
0.69	11.2306508
0.7	11.135951
0.71	11.0348227
0.72	10.92738233
0.73	10.8137495
0.74	10.69404684
0.75	10.56839994
0.76	10.43693721
0.77	10.29978978
0.78	10.15709141
0.79	10.00897839
0.8	9.855589393
0.81	9.6970654
0.82	9.533549582
0.83	9.365187188
0.84	9.192125436
0.85	9.014513401
0.86	8.832501907
0.87	8.646243413
0.88	8.455891903
0.89	8.261602775
0.9	8.063532726
0.91	7.861839646
0.92	7.656682504
0.93	7.448221234
0.94	7.236616629
0.95	7.022030228
0.96	6.804624207
0.97	6.584561267
0.98	6.362004527
0.99	6.137117415
1	5.910063561
1.01	5.681006686
1.02	5.450110501
1.03	5.217538599
1.04	4.983454348
1.05	4.748020793
1.06	4.511400547
1.07	4.273755694
1.08	4.03524769
1.09	3.796037257
1.1	3.556284291
1.11	3.316147766
1.12	3.075785634
1.13	2.835354735
1.14	2.595010704
1.15	2.354907879
1.16	2.115199212
1.17	1.876036185
1.18	1.637568718
1.19	1.399945089
1.2	1.163311851
1.21	0.9278137474
1.22	0.6935936399
1.23	0.4607924251
1.24	0.2295489624
1.25	1.114178747e-15
1.26	-0.2277198967
1.27	-0.4534784144
1.28	-0.677145559
1.29	-0.8985937213
1.3	-1.11769774
1.31	-1.334334965
1.32	-1.548385311
1.33	-1.759731321
1.34	-1.968258218
1.35	-2.173853957
1.36	-2.376409277
1.37	-2.57581775
1.38	-2.771975823
1.39	-2.964782867
1.4	-3.154141217
1.41	-3.339956208
1.42	-3.522136216
1.43	-3.700592694
1.44	-3.875240199
1.45	-4.045996428
1.46	-4.212782243
1.47	-4.375521698
1.48	-4.534142061
1.49	-4.688573838
1.5	-4.83875079
1.51	-4.98460995
1.52	-5.126091638
1.53	-5.263139474
1.54	-5.395700385
1.55	-5.523724619
1.56	-5.647165742
1.57	-5.76598065
1.58	-5.880129564
1.59	-5.989576035
1.6	-6.094286933
1.61	-6.194232451
1.62	-6.28938609
1.63	-6.379724656
1.64	-6.465228244
1.65	-6.545880226
1.66	-6.621667236
1.67	-6.692579155
1.68	-6.758609086
1.69	-6.819753337
1.7	-6.876011399
1.71	-6.927385916
1.72	-6.973882662
1.73	-7.015510511
1.74	-7.052281409
1.75	-7.084210336
1.76	-7.111315279
1.77	-7.133617193
1.78	-7.151139962
1.79	-7.163910364
1.8	-7.171958029
1.81	-7.175315398
1.82	-7.174017678
1.83	-7.168102797
1.84	-7.15761136
1.85	-7.142586603
1.86	-7.123074337
1.87	-7.099122907
1.88	-7.070783133
1.89	-7.038108261
1.9	-7.001153912
1.91	-6.959978021
1.92	-6.914640785
1.93	-6.865204608
1.94	-6.811734036
1.95	-6.754295708
1.96	-6.692958289
1.97	-6.627792412
1.98	-6.558870616
1.99	-6.486267286
2	-6.410058589
2.01	-6.33032241
2.02	-6.247138289
2.03	-6.160587356
2.04	-6.070752267
2.05	-5.977717136
2.06	-5.881567474
2.07	-5.782390117
2.08	-5.680273163
2.09	-5.575305905
2.1	-5.46757876
2.11	-5.357183208
2.12	-5.244211721
2.13	-5.128757695
2.14	-5.010915381
2.15	-4.890779824
2.16	-4.768446787
2.17	-4.64401269
2.18	-4.517574538
2.19	-4.389229858
2.2	-4.259076627
2.21	-4.127213209
2.22	-3.993738289
2.23	-3.858750803
2.24	-3.722349875
2.25	-3.58463475
2.26	-3.445704733
2.27	-3.305659118
2.28	-3.164597128
2.29	-3.022617853
2.3	-2.879820184
2.31	-2.73630275
2.32	-2.592163861
2.33	-2.447501443
2.34	-2.302412982
2.35	-2.156995457
2.36	-2.011345292
2.37	-1.86555829
2.38	-1.719729578
2.39	-1.573953554
2.4	-1.428323829
2.41	-1.282933174
2.42	-1.137873465
2.43	-0.993235635
2.44	-0.8491096186
2.45	-0.7055843042
2.46	-0.5627474843
2.47	-0.420685808
2.48	-0.2794847336
2.49	-0.1392284836
2.5	-1.35156714e-15
2.51	0.1381190992
2.52	0.2750485618
2.53	0.4107095426
2.54	0.5450246426
2.55	0.6779179479
2.56	0.8093150664
2.57	0.939143164
2.58	1.067330999
2.59	1.193808955
2.6	1.318509075
2.61	1.441365087
2.62	1.562312439
2.63	1.681288325
2.64	1.798231708
2.65	1.913083353
2.66	2.025785842
2.67	2.136283603
2.68	2.244522928
2.69	2.350451995
2.7	2.454020883
2.71	2.555181593
2.72	2.653888062
2.73	2.750096175
2.74	2.843763783
2.75	2.934850709
2.76	3.023318761
2.77	3.109131743
2.78	3.192255457
2.79	3.272657714
2.8	3.350308337
2.81	3.425179163
2.82	3.497244047
2.83	3.566478864
2.84	3.632861504
2.85	3.696371874
2.86	3.756991895
2.87	3.814705495
2.88	3.869498605
2.89	3.921359152
2.9	3.970277052
2.91	4.016244197
2.92	4.05925445
2.93	4.099303627
2.94	4.136389491
2.95	4.17051173
2.96	4.20167195
2.97	4.229873652
2.98	4.255122219
2.99	4.277424895
3	4.296790769
3.01	4.313230748
3.02	4.326757542
3.03	4.337385639
3.04	4.345131279
3.05	4.350012435
3.06	4.352048782
3.07	4.351261675
3.08	4.347674118
3.09	4.34131074
3.1	4.332197764
3.11	4.320362977
3.12	4.3058357
3.13	4.288646758
3.14	4.268828447
3.15	4.246414501
3.16	4.221440061
3.17	4.193941637
3.18	4.16395708
3.19	4.131525539
3.2	4.096687432
3.21	4.059484407
3.22	4.019959304
3.23	3.978156122
3.24	3.934119976
3.25	3.887897065
3.26	3.839534628
3.27	3.789080908
3.28	3.736585113
3.29	3.682097377
3.3	3.625668718
3.31	3.567351
3.32	3.507196893
3.33	3.445259829
3.34	3.381593968
3.35	3.316254152
3.36	3.249295866
3.37	3.180775195
3.38	3.110748788
3.39	3.039273812
3.4	2.966407913
3.41	2.892209176
3.42	2.816736081
3.43	2.740047465
3.44	2.662202481
3.45	2.583260556
3.46	2.503281351
3.47	2.422324719
3.48	2.34045067
3.49	2.257719325
3.5	2.17419088
3.51	2.089925565
3.52	2.004983606
3.53	1.919425184
3.54	1.833310401
3.55	1.746699236
3.56	1.659651512
3.57	1.572226857
3.58	1.484484665
3.59	1.396484065
3.6	1.308283878
3.61	1.219942587
3.62	1.1315183
3.63	1.043068716
3.64	0.9546510876
3.65	0.8663221944
3.66	0.7781383042
3.67	0.6901551434
3.68	0.6024278649
3.69	0.5150110171
3.7	0.4279585135
3.71	0.3413236029
3.72	0.2551588406
3.73	0.1695160598
3.74	0.08444634402
3.75	1.229650364e-15
3.76	-0.08377346836
3.77	-0.1668253857
3.78	-0.2491079298
3.79	-0.330574156
3.8	-0.4111780202
3.81	-0.4908744011
3.82	-0.5696191228
3.83	-0.647368975
3.84	-0.7240817332
3.85	-0.7997161789
3.86	-0.8742321169
3.87	-0.9475903944
3.88	-1.019752917
3.89	-1.090682664
3.9	-1.160343708
3.91	-1.228701223
3.92	-1.295721503
3.93	-1.361371972
3.94	-1.425621199
3.95	-1.488438905
3.96	-1.549795977
3.97	-1.609664477
3.98	-1.668017648
3.99	-1.724829923
4	-1.780076936
4.01	-1.833735523
4.02	-1.885783727
4.03	-1.936200808
4.04	-1.984967242
4.05	-2.032064726
4.06	-2.077476177
4.07	-2.121185739
4.08	-2.163178778
4.09	-2.203441884
4.1	-2.241962871
4.11	-2.278730773
4.12	-2.31373584
4.13	-2.346969541
4.14	-2.378424553
4.15	-2.408094759
4.16	-2.435975242
4.17	-2.462062279
4.18	-2.486353334
4.19	-2.508847047
4.2	-2.529543231
4.21	-2.548442859
4.22	-2.565548056
4.23	-2.580862086
4.24	-2.594389344
4.25	-2.60613534
4.26	-2.616106691
4.27	-2.624311106
4.28	-2.630757373
4.29	-2.635455341
4.3	-2.638415912
4.31	-2.639651019
4.32	-2.639173614
4.33	-2.636997651
4.34	-2.633138067
4.35	-2.627610768
4.36	-2.620432607
4.37	-2.611621368
4.38	-2.601195747
4.39	-2.589175334
4.4	-2.575580589
4.41	-2.560432825
4.42	-2.543754188
4.43	-2.525567635
4.44	-2.505896911
4.45	-2.484766531
4.46	-2.462201755
4.47	-2.438228569
4.48	-2.412873657
4.49	-2.386164385
4.5	-2.358128772
4.51	-2.328795471
4.52	-2.298193743
4.53	-2.266353434
4.54	-2.233304951
4.55	-2.19907924
4.56	-2.163707756
4.57	-2.127222445
4.58	-2.089655717
4.59	-2.051040421
4.6	-2.011409819
4.61	-1.970797565
4.62	-1.929237677
4.63	-1.886764515
4.64	-1.84341275
4.65	-1.799217349
4.66	-1.754213539
4.67	-1.708436793
4.68	-1.661922797
4.69	-1.614707427
4.7	-1.566826729
4.71	-1.518316889
4.72	-1.46921421
4.73	-1.419555089
4.74	-1.369375992
4.75	-1.318713429
4.76	-1.267603932
4.77	-1.216084029
4.78	-1.164190223
4.79	-1.111958967
4.8	-1.05942664
4.81	-1.006629526
4.82	-0.9536037925
4.83	-0.9003854633
4.84	-0.847010401
4.85	-0.7935142835
4.86	-0.7399325822
4.87	-0.6863005412
4.88	-0.6326531562
4.89	-0.5790251539
4.9	-0.5254509721
4.91	-0.471964739
4.92	-0.4186002544
4.93	-0.3653909703
4.94	-0.312369972
4.95	-0.2595699595
4.96	-0.2070232301
4.97	-0.1547616599
4.98	-0.1028166876
4.99	-0.05121929675
5	-9.944275286e-16
5.01	0.05081117703
5.02	0.1011847112
5.03	0.151091597
5.04	0.200503361
5.05	0.2493920758
5.06	0.2977303744
5.07	0.3454914624
5.08	0.3926491315
5.09	0.4391777714
5.1	0.4850523815
5.11	0.5302485826
5.12	0.574742627
5.13	0.6185114093
5.14	0.661532476
5.15	0.7037840348
5.16	0.7452449635
5.17	0.785894818
5.18	0.8257138404
5.19	0.8646829663
5.2	0.902783831
5.21	0.9399987766
5.22	0.9763108572
5.23	1.011703844
5.24	1.046162231
5.25	1.079671239
5.26	1.112216816
5.27	1.143785648
5.28	1.174365154
5.29	1.203943491
5.3	1.232509559
5.31	1.260052996
5.32	1.286564186
5.33	1.312034251
5.34	1.33645506
5.35	1.359819219
5.36	1.382120079
5.37	1.403351726
5.38	1.423508984
5.39	1.442587413
5.4	1.460583303
5.41	1.477493671
5.42	1.493316259
5.43	1.508049528
5.44	1.521692654
5.45	1.534245525
5.46	1.545708729
5.47	1.556083555
5.48	1.565371984
5.49	1.57357668
5.5	1.580700987
5.51	1.586748917
5.52	1.591725147
5.53	1.595635005
5.54	1.598484467
5.55	1.600280144
5.56	1.601029274
5.57	1.600739713
5.58	1.599419925
5.59	1.597078969
5.6	1.593726493
5.61	1.589372718
5.62	1.584028431
5.63	1.577704973
5.64	1.570414224
5.65	1.562168594
5.66	1.55298101
5.67	1.542864906
5.68	1.531834204
5.69	1.519903306
5.7	1.507087083
5.71	1.493400855
5.72	1.478860382
5.73	1.463481851
5.74	1.447281858
5.75	1.4302774
5.76	1.412485853
5.77	1.393924967
5.78	1.374612843
5.79	1.354567925
5.8	1.333808982
5.81	1.312355092
5.82	1.290225633
5.83	1.267440261
5.84	1.244018899
5.85	1.219981724
5.86	1.195349147
5.87	1.170141801
5.88	1.144380526
5.89	1.118086352
5.9	1.091280485
5.91	1.063984295
5.92	1.036219295
5.93	1.00800713
5.94	0.9793695611
5.95	0.9503284498
5.96	0.9209057443
5.97	0.891123464
5.98	0.8610036846
5.99	0.8305685236
6	0.7998401259
6.01	0.7688406489
6.02	0.7375922484
6.03	0.7061170641
6.04	0.6744372057
6.05	0.6425747388
6.06	0.6105516708
6.07	0.5783899374
6.08	0.546111389
6.09	0.5137377773
6.1	0.4812907418
6.11	0.4487917972
6.12	0.41626232
6.13	0.3837235362
6.14	0.3511965086
6.15	0.3187021247
6.16	0.2862610845
6.17	0.2538938885
6.18	0.2216208263
6.19	0.1894619652
6.2	0.1574371388
6.21	0.1255659363
6.22	0.0938676917
6.23	0.06236147336
6.24	0.03106607385
6.25	7.539384812e-16
6.26	-0.03081853672
6.27	-0.06137162965
6.28	-0.09164168602
6.29	-0.1216114358
6.3	-0.1512639403
6.31	-0.1805826004
6.32	-0.2095511646
6.33	-0.2381537367
6.34	-0.2663747834
6.35	-0.294199141
6.36	-0.3216120226
6.37	-0.3485990247
6.38	-0.3751461331
6.39	-0.4012397291
6.4	-0.4268665949
6.41	-0.4520139194
6.42	-0.4766693024
6.43	-0.5008207604
6.44	-0.52445673
6.45	-0.5475660726
6.46	-0.5701380781
6.47	-0.5921624683
6.48	-0.6136294
6.49	-0.6345294683
6.5	-0.6548537086
6.51	-0.6745935994
6.52	-0.6937410637
6.53	-0.7122884714
6.54	-0.7302286399
6.55	-0.7475548358
6.56	-0.7642607752
6.57	-0.7803406244
6.58	-0.7957890001
6.59	-0.8106009691
6.6	-0.8247720482
6.61	-0.8382982032
6.62	-0.8511758479
6.63	-0.8634018433
6.64	-0.8749734956
6.65	-0.8858885544
6.66	-0.8961452109
6.67	-0.9057420955
6.68	-0.9146782749
6.69	-0.9229532495
6.7	-0.9305669502
6.71	-0.937519735
6.72	-0.9438123853
6.73	-0.9494461021
6.74	-0.9544225019
6.75	-0.9587436123
6.76	-0.9624118675
6.77	-0.9654301033
6.78	-0.9678015522
6.79	-0.9695298382
6.8	-0.9706189713
6.81	-0.9710733417
6.82	-0.9708977143
6.83	-0.9700972222
6.84	-0.9686773608
6.85	-0.9666439809
6.86	-0.964003283
6.87	-0.9607618093
6.88	-0.956926438
6.89	-0.952504375
6.9	-0.9475031477
6.91	-0.9419305968
6.92	-0.9357948692
6.93	-0.92910441
6.94	-0.9218679551
6.95	-0.9140945228
6.96	-0.9057934058
6.97	-0.8969741633
6.98	-0.8876466125
6.99	-0.8778208203
7	-0.8675070947
7.01	-0.8567159764
7.02	-0.8454582298
7.03	-0.8337448347
7.04	-0.8215869775
7.05	-0.8089960418
7.06	-0.7959836
7.07	-0.7825614043
7.08	-0.7687413774
7.09	-0.7545356037
7.1	-0.7399563201
7.11	-0.7250159069
7.12	-0.7097268787
7.13	-0.6941018753
7.14	-0.6781536524
7.15	-0.6618950727
7.16	-0.6453390966
7.17	-0.6284987728
7.18	-0.6113872297
7.19	-0.594017666
7.2	-0.5764033416
7.21	-0.5585575686
7.22	-0.5404937025
7.23	-0.5222251328
7.24	-0.5037652746
7.25	-0.4851275592
7.26	-0.466325426
7.27	-0.447372313
7.28	-0.4282816487
7.29	-0.4090668433
7.3	-0.3897412802
7.31	-0.3703183077
7.32	-0.3508112303
7.33	-0.3312333011
7.34	-0.311597713
7.35	-0.2919175912
7.36	-0.2722059848
7.37	-0.2524758596
7.38	-0.2327400895
7.39	-0.2130114501
7.4	-0.19330261
7.41	-0.1736261244
7.42	-0.1539944277
7.43	-0.134419826
7.44	-0.1149144907
7.45	-0.09549045165
7.46	-0.07615959018
7.47	-0.05693363297
7.48	-0.03782414558
7.49	-0.01884252626
7.5	-5.487441652e-16
7.51	0.01869238741
7.52	0.03722377502
7.53	0.05558349228
7.54	0.07376106438
7.55	0.09174621749
7.56	0.1095288837
7.57	0.1270992061
7.58	0.1444475431
7.59	0.1615644731
7.6	0.1784407991
7.61	0.1950675523
7.62	0.2114359964
7.63	0.2275376316
7.64	0.2433641976
7.65	0.2589076774
7.66	0.2741603007
7.67	0.2891145465
7.68	0.3037631462
7.69	0.3180990864
7.7	0.3321156112
7.71	0.3458062246
7.72	0.3591646925
7.73	0.3721850448
7.74	0.384861577
7.75	0.3971888519
7.76	0.4091617009
7.77	0.420775225
7.78	0.4320247965
7.79	0.4429060587
7.8	0.4534149277
7.81	0.4635475921
7.82	0.4733005137
7.83	0.4826704272
7.84	0.4916543406
7.85	0.5002495345
7.86	0.5084535622
7.87	0.5162642486
7.88	0.5236796896
7.89	0.5306982515
7.9	0.5373185693
7.91	0.543539546
7.92	0.5493603507
7.93	0.5547804175
7.94	0.5597994433
7.95	0.5644173862
7.96	0.5686344634
7.97	0.5724511487
7.98	0.5758681707
7.99	0.5788865097
8	0.5815073957
8.01	0.5837323049
8.02	0.5855629574
8.03	0.5870013139
8.04	0.5880495724
8.05	0.588710165
8.06	0.5889857546
8.07	0.5888792312
8.08	0.5883937082
8.09	0.5875325187
8.1	0.5862992115
8.11	0.5846975472
8.12	0.5827314941
8.13	0.5804052237
8.14	0.577723107
8.15	0.5746897092
8.16	0.5713097863
8.17	0.5675882794
8.18	0.5635303108
8.19	0.559141179
8.2	0.5544263539
8.21	0.549391472
8.22	0.544042331
8.23	0.5383848855
8.24	0.5324252413
8.25	0.5261696505
8.26	0.5196245063
8.27	0.5127963379
8.28	0.5056918046
8.29	0.4983176915
8.3	0.4906809029
8.31	0.482788458
8.32	0.4746474848
8.33	0.4662652148
8.34	0.4576489775
8.35	0.448806195
8.36	0.4397443763
8.37	0.4304711119
8.38	0.4209940683
8.39	0.4113209822
8.4	0.4014596551
8.41	0.391417948
8.42	0.3812037753
8.43	0.3708250998
8.44	0.3602899268
8.45	0.349606299
8.46	0.3387822906
8.47	0.327826002
8.48	0.3167455543
8.49	0.3055490843
8.5	0.2942447386
8.51	0.2828406683
8.52	0.2713450241
8.53	0.2597659509
8.54	0.2481115823
8.55	0.2363900358
8.56	0.2246094074
8.57	0.2127777669
8.58	0.2009031526
8.59	0.1889935664
8.6	0.1770569691
8.61	0.1651012756
8.62	0.1531343497
8.63	0.1411640001
8.64	0.1291979753
8.65	0.1172439595
8.66	0.1053095678
8.67	0.09340234181
8.68	0.08152974573
8.69	0.06969916187
8.7	0.05791788664
8.71	0.04619312648
8.72	0.03453199397
8.73	0.02294150397
8.74	0.01142856989
8.75	3.88301854e-16
8.76	-0.01133750607
8.77	-0.02257736082
8.78	-0.03371309224
8.79	-0.04473834704
8.8	-0.05564689382
8.81	-0.06643262611
8.82	-0.07708956533
8.83	-0.08761186358
8.84	-0.09799380646
8.85	-0.1082298156
8.86	-0.1183144512
8.87	-0.1282424144
8.88	-0.1380085498
8.89	-0.1476078473
8.9	-0.1570354444
8.91	-0.1662866281
8.92	-0.1753568366
8.93	-0.1842416615
8.94	-0.1929368487
8.95	-0.2014383008
8.96	-0.2097420776
8.97	-0.2178443979
8.98	-0.2257416408
8.99	-0.2334303462
9	-0.2409072164
9.01	-0.2481691164
9.02	-0.2552130748
9.03	-0.2620362848
9.04	-0.268636104
9.05	-0.2750100552
9.06	-0.2811558269
9.07	-0.2870712728
9.08	-0.2927544126
9.09	-0.2982034315
9.1	-0.3034166802
9.11	-0.3083926745
9.12	-0.3131300953
9.13	-0.3176277876
9.14	-0.3218847606
9.15	-0.3259001863
9.16	-0.3296733994
9.17	-0.3332038959
9.18	-0.3364913326
9.19	-0.3395355257
9.2	-0.3423364496
9.21	-0.3448942362
9.22	-0.3472091729
9.23	-0.3492817015
9.24	-0.3511124166
9.25	-0.3527020643
9.26	-0.35405154
9.27	-0.3551618869
9.28	-0.3560342942
9.29	-0.3566700951
9.3	-0.3570707647
9.31	-0.3572379183
9.32	-0.3571733086
9.33	-0.356878824
9.34	-0.3563564862
9.35	-0.3556084475
9.36	-0.354636989
9.37	-0.3534445175
9.38	-0.3520335632
9.39	-0.3504067772
9.4	-0.3485669285
9.41	-0.3465169016
9.42	-0.3442596935
9.43	-0.3417984112
9.44	-0.3391362682
9.45	-0.3362765822
9.46	-0.3332227719
9.47	-0.3299783539
9.48	-0.3265469398
9.49	-0.3229322328
9.5	-0.3191380252
9.51	-0.3151681946
9.52	-0.3110267011
9.53	-0.3067175839
9.54	-0.3022449581
9.55	-0.2976130118
9.56	-0.292826002
9.57	-0.2878882521
9.58	-0.2828041483
9.59	-0.2775781362
9.6	-0.2722147175
9.61	-0.2667184467
9.62	-0.2610939275
9.63	-0.25534581
9.64	-0.2494787867
9.65	-0.2434975895
9.66	-0.2374069862
9.67	-0.2312117773
9.68	-0.2249167924
9.69	-0.218526887
9.7	-0.2120469392
9.71	-0.2054818462
9.72	-0.1988365212
9.73	-0.19211589
9.74	-0.1853248877
9.75	-0.1784684554
9.76	-0.1715515371
9.77	-0.1645790765
9.78	-0.1575560136
9.79	-0.1504872817
9.8	-0.1433778044
9.81	-0.1362324921
9.82	-0.1290562394
9.83	-0.1218539217
9.84	-0.1146303925
9.85	-0.1073904803
9.86	-0.1001389856
9.87	-0.09288067812
9.88	-0.08562029408
9.89	-0.07836253321
9.9	-0.07111205613
9.91	-0.06387348163
9.92	-0.056651384
9.93	-0.04945029046
9.94	-0.04227467863
9.95	-0.03512897399
9.96	-0.02801754748
9.97	-0.02094471308
9.98	-0.01391472554
9.99	-0.006931778032
10	-2.691622625e-16
10.01	0.006876545035
10.02	0.01369386155
10.03	0.02044802408
10.04	0.02713517914
10.05	0.03375154722
10.06	0.04029342454
10.07	0.04675718491
10.08	0.05313928142
10.09	0.05943624808
10.1	0.06564470144
10.11	0.07176134212
10.12	0.07778295622
10.13	0.08370641677
10.14	0.08952868501
10.15	0.09524681169
10.16	0.1008579382
10.17	0.1063592978
10.18	0.1117482165
10.19	0.1170221141
10.2	0.1221785055
10.21	0.1272150007
10.22	0.1321293064
10.23	0.1369192263
10.24	0.1415826619
10.25	0.1461176129
10.26	0.1505221779
10.27	0.1547945546
10.28	0.1589330407
10.29	0.1629360334
10.3	0.1668020302
10.31	0.1705296292
10.32	0.1741175285
10.33	0.177564527
10.34	0.1808695241
10.35	0.1840315192
10.36	0.1870496123
10.37	0.1899230033
10.38	0.1926509916
10.39	0.1952329762
10.4	0.197668455
10.41	0.1999570244
10.42	0.2020983788
10.43	0.20409231
10.44	0.2059387064
10.45	0.2076375526
10.46	0.2091889286
10.47	0.2105930087
10.48	0.2118500608
10.49	0.2129604457
10.5	0.2139246158
10.51	0.2147431141
10.52	0.2154165736
10.53	0.2159457153
10.54	0.2163313481
10.55	0.2165743665
10.56	0.2166757503
10.57	0.2166365625
10.58	0.2164579486
10.59	0.2161411346
10.6	0.2156874263
10.61	0.2150982069
10.62	0.2143749364
10.63	0.2135191494
10.64	0.2125324537
10.65	0.2114165291
10.66	0.2101731249
10.67	0.208804059
10.68	0.2073112158
10.69	0.2056965445
10.7	0.2039620573
10.71	0.2021098277
10.72	0.2001419887
10.73	0.1980607308
10.74	0.1958683002
10.75	0.193566997
10.76	0.191159173
10.77	0.1886472302
10.78	0.1860336185
10.79	0.1833208339
10.8	0.1805114164
10.81	0.1776079481
10.82	0.1746130515
10.83	0.1715293867
10.84	0.1683596501
10.85	0.1651065722
10.86	0.1617729154
10.87	0.1583614721
10.88	0.1548750626
10.89	0.1513165331
10.9	0.1476887536
10.91	0.143994616
10.92	0.1402370318
10.93	0.1364189305
10.94	0.1325432569
10.95	0.1286129699
10.96	0.1246310397
10.97	0.1206004464
10.98	0.1165241775
10.99	0.1124052264
11	0.10824659
11.01	0.104051267
11.02	0.09982225585
11.03	0.09556255286
11.04	0.09127515026
11.05	0.08696303427
11.06	0.08262918329
11.07	0.078276566
11.08	0.07390813951
11.09	0.0695268476
11.1	0.06513561887
11.11	0.06073736499
11.12	0.05633497898
11.13	0.05193133345
11.14	0.04752927897
11.15	0.04313164232
11.16	0.03874122495
11.17	0.03436080131
11.18	0.0299931173
11.19	0.02564088872
11.2	0.02130679977
11.21	0.01699350155
11.22	0.01270361064
11.23	0.00843970766
11.24	0.004204335903
11.25	1.836620602e-16
11.26	-0.004170835396
11.27	-0.008305746882
11.28	-0.01240235353
11.29	-0.01645831811
11.3	-0.0204713482
11.31	-0.02443919737
11.32	-0.02835966621
11.33	-0.03223060342
11.34	-0.03604990676
11.35	-0.03981552407
11.36	-0.04352545418
11.37	-0.04717774775
11.38	-0.05077050818
11.39	-0.05430189238
11.4	-0.05777011153
11.41	-0.0611734318
11.42	-0.06451017505
11.43	-0.06777871946
11.44	-0.0709775001
11.45	-0.07410500952
11.46	-0.07715979828
11.47	-0.08014047537
11.48	-0.08304570866
11.49	-0.08587422532
11.5	-0.08862481214
11.51	-0.09129631584
11.52	-0.09388764335
11.53	-0.09639776202
11.54	-0.09882569981
11.55	-0.1011705454
11.56	-0.1034314485
11.57	-0.1056076194
11.58	-0.1076983297
11.59	-0.1097029117
11.6	-0.1116207588
11.61	-0.1134513248
11.62	-0.1151941245
11.63	-0.116848733
11.64	-0.1184147858
11.65	-0.1198919784
11.66	-0.1212800659
11.67	-0.122578863
11.68	-0.1237882434
11.69	-0.1249081394
11.7	-0.1259385418
11.71	-0.1268794989
11.72	-0.1277311165
11.73	-0.1284935571
11.74	-0.1291670396
11.75	-0.1297518383
11.76	-0.1302482827
11.77	-0.1306567565
11.78	-0.1309776972
11.79	-0.1312115953
11.8	-0.1313589934
11.81	-0.1314204857
11.82	-0.1313967172
11.83	-0.1312883823
11.84	-0.131096225
11.85	-0.130821037
11.86	-0.1304636573
11.87	-0.1300249716
11.88	-0.1295059105
11.89	-0.1289074494
11.9	-0.1282306069
11.91	-0.1274764441
11.92	-0.1266460637
11.93	-0.1257406085
11.94	-0.1247612608
11.95	-0.1237092411
11.96	-0.1225858071
11.97	-0.1213922524
11.98	-0.1201299057
11.99	-0.1188001294
12	-0.1174043184
12.01	-0.1159438993
12.02	-0.114420329
12.03	-0.1128350934
12.04	-0.1111897063
12.05	-0.1094857084
12.06	-0.107724666
12.07	-0.1059081693
12.08	-0.1040378321
12.09	-0.1021152896
12.1	-0.1001421982
12.11	-0.09812023311
12.12	-0.09605108815
12.13	-0.09393647388
12.14	-0.09177811663
12.15	-0.08957775714
12.16	-0.08733714942
12.17	-0.08505805943
12.18	-0.0827422639
12.19	-0.08039154908
12.2	-0.07800770949
12.21	-0.07559254676
12.22	-0.07314786832
12.23	-0.07067548626
12.24	-0.06817721612
12.25	-0.06565487564
12.26	-0.06311028361
12.27	-0.06054525869
12.28	-0.05796161823
12.29	-0.0553611771
12.3	-0.05274574655
12.31	-0.05011713305
12.32	-0.04747713721
12.33	-0.04482755262
12.34	-0.04217016474
12.35	-0.03950674988
12.36	-0.03683907406
12.37	-0.03416889196
12.38	-0.03149794594
12.39	-0.02882796493
12.4	-0.02616066347
12.41	-0.02349774073
12.42	-0.02084087949
12.43	-0.01819174522
12.44	-0.01555198515
12.45	-0.01292322732
12.46	-0.01030707971
12.47	-0.007705129344
12.48	-0.005118941455
12.49	-0.002550058629
12.5	-1.237740784e-16
12.51	0.002529739545
12.52	0.005037690136
12.53	0.00752240767
12.54	0.00998247454
12.55	0.01241650033
12.56	0.0148231225
12.57	0.01720100706
12.58	0.01954884915
12.59	0.02186537373
12.6	0.02414933608
12.61	0.02639952244
12.62	0.02861475047
12.63	0.03079386982
12.64	0.03293576261
12.65	0.03503934386
12.66	0.03710356195
12.67	0.03912739903
12.68	0.04110987143
12.69	0.04305002996
12.7	0.04494696032
12.71	0.04679978336
12.72	0.04860765539
12.73	0.05036976846
12.74	0.05208535053
12.75	0.05375366577
12.76	0.05537401468
12.77	0.05694573426
12.78	0.05846819819
12.79	0.0599408169
12.8	0.06136303767
12.81	0.06273434468
12.82	0.06405425908
12.83	0.06532233897
12.84	0.06653817943
12.85	0.06770141244
12.86	0.06881170685
12.87	0.06986876831
12.88	0.07087233912
12.89	0.07182219818
12.9	0.07271816077
12.91	0.0735600784
12.92	0.07434783866
12.93	0.07508136494
12.94	0.07576061622
12.95	0.07638558683
12.96	0.07695630616
12.97	0.07747283835
12.98	0.07793528198
12.99	0.07834376976
13	0.0786984681
13.01	0.07899957682
13.02	0.0792473287
13.03	0.07944198908
13.04	0.07958385543
13.05	0.07967325692
13.06	0.07971055392
13.07	0.07969613755
13.08	0.07963042915
13.09	0.07951387983
13.1	0.07934696985
13.11	0.07913020816
13.12	0.0788641318
13.13	0.07854930534
13.14	0.07818632031
13.15	0.07777579457
13.16	0.07731837174
13.17	0.07681472055
13.18	0.07626553422
13.19	0.07567152983
13.2	0.07503344764
13.21	0.07435205047
13.22	0.07362812296
13.23	0.07286247097
13.24	0.07205592083
13.25	0.07120931868
13.26	0.07032352974
13.27	0.06939943763
13.28	0.06843794361
13.29	0.06743996592
13.3	0.06640643897
13.31	0.06533831271
13.32	0.0642365518
13.33	0.06310213491
13.34	0.06193605399
13.35	0.06073931352
13.36	0.05951292972
13.37	0.05825792986
13.38	0.05697535147
13.39	0.05566624162
13.4	0.05433165613
13.41	0.05297265885
13.42	0.0515903209
13.43	0.05018571991
13.44	0.0487599393
13.45	0.0473140675
13.46	0.04584919725
13.47	0.04436642483
13.48	0.04286684931
13.49	0.04135157187
13.5	0.03982169503
13.51	0.03827832195
13.52	0.0367225557
13.53	0.03515549854
13.54	0.03357825127
13.55	0.03199191245
13.56	0.03039757777
13.57	0.02879633936
13.58	0.02718928506
13.59	0.02557749784
13.6	0.02396205507
13.61	0.02234402789
13.62	0.02072448058
13.63	0.01910446993
13.64	0.01748504458
13.65	0.01586724447
13.66	0.01425210018
13.67	0.01264063238
13.68	0.01103385123
13.69	0.009432755813
13.7	0.007838333593
13.71	0.006251559855
13.72	0.004673397184
13.73	0.003104794938
13.74	0.001546688742
13.75	3.003669826e-16
13.76	-0.001534364595
13.77	-0.003055513521
13.78	-0.004562570887
13.79	-0.006054676868
13.8	-0.007530988136
13.81	-0.008990678271
13.82	-0.01043293816
13.83	-0.01185697637
13.84	-0.01326201955
13.85	-0.01464731275
13.86	-0.01601211976
13.87	-0.01735572348
13.88	-0.01867742618
13.89	-0.01997654982
13.9	-0.02125243635
13.91	-0.02250444791
13.92	-0.02373196715
13.93	-0.02493439744
13.94	-0.02611116307
13.95	-0.02726170949
13.96	-0.02838550347
13.97	-0.02948203329
13.98	-0.03055080889
13.99	-0.03159136202
14	-0.03260324636
14.01	-0.03358603765
14.02	-0.03453933377
14.03	-0.03546275482
14.04	-0.03635594322
14.05	-0.03721856372
14.06	-0.03805030346
14.07	-0.03885087202
14.08	-0.03962000135
14.09	-0.04035744587
14.1	-0.04106298235
14.11	-0.04173640995
14.12	-0.04237755013
14.13	-0.0429862466
14.14	-0.04356236524
14.15	-0.04410579402
14.16	-0.04461644288
14.17	-0.04509424363
14.18	-0.04553914981
14.19	-0.04595113653
14.2	-0.04633020037
14.21	-0.04667635914
14.22	-0.04698965175
14.23	-0.047270138
14.24	-0.04751789835
14.25	-0.04773303377
14.26	-0.04791566545
14.27	-0.04806593456
14.28	-0.04818400204
14.29	-0.04827004834
14.3	-0.04832427308
14.31	-0.04834689486
14.32	-0.04833815088
14.33	-0.04829829673
14.34	-0.04822760599
14.35	-0.04812636997
14.36	-0.04799489736
14.37	-0.04783351389
14.38	-0.04764256199
14.39	-0.04742240044
14.4	-0.04717340399
14.41	-0.04689596302
14.42	-0.04659048313
14.43	-0.04625738478
14.44	-0.04589710291
14.45	-0.0455100865
14.46	-0.04509679822
14.47	-0.04465771399
14.48	-0.04419332258
14.49	-0.0437041252
14.5	-0.04319063504
14.51	-0.04265337689
14.52	-0.04209288669
14.53	-0.04150971109
14.54	-0.04090440702
14.55	-0.04027754124
14.56	-0.03962968991
14.57	-0.03896143814
14.58	-0.03827337952
14.59	-0.03756611569
14.6	-0.0368402559
14.61	-0.03609641652
14.62	-0.03533522063
14.63	-0.03455729752
14.64	-0.03376328226
14.65	-0.03295381524
14.66	-0.03212954172
14.67	-0.03129111137
14.68	-0.0304391778
14.69	-0.02957439815
14.7	-0.02869743258
14.71	-0.02780894386
14.72	-0.02690959692
14.73	-0.02600005839
14.74	-0.02508099617
14.75	-0.02415307896
14.76	-0.02321697587
14.77	-0.02227335593
14.78	-0.02132288772
14.79	-0.02036623889
14.8	-0.01940407576
14.81	-0.0184370629
14.82	-0.01746586271
14.83	-0.01649113501
14.84	-0.01551353664
14.85	-0.01453372107
14.86	-0.01355233798
14.87	-0.01257003288
14.88	-0.01158744675
14.89	-0.01060521563
14.9	-0.009623970258
14.91	-0.008644335727
14.92	-0.007666931099
14.93	-0.006692369066
14.94	-0.005721255606
14.95	-0.004754189645
14.96	-0.003791762723
14.97	-0.002834558677
14.98	-0.001883153322
14.99	-0.0009381141434
15	-5.464072654e-17
15.01	0.00093063917
15.02	0.001853262632
15.03	0.00276733913
15.04	0.003672347155
15.05	0.004567775203
15.06	0.005453122023
15.07	0.006327896864
15.08	0.007191619702
15.09	0.008043821468
15.1	0.008884044263
15.11	0.009711841561
15.12	0.01052677841
15.13	0.01132843162
15.14	0.01211638994
15.15	0.01289025424
15.16	0.01364963763
15.17	0.01439416569
15.18	0.01512347653
15.19	0.01583722096
15.2	0.01653506264
15.21	0.01721667815
15.22	0.0178817571
15.23	0.01853000227
15.24	0.01916112965
15.25	0.01977486853
15.26	0.02037096157
15.27	0.0209491649
15.28	0.02150924808
15.29	0.02205099423
15.3	0.02257420001
15.31	0.02307867566
15.32	0.02356424503
15.33	0.02403074556
15.34	0.02447802827
15.35	0.02490595778
15.36	0.02531441226
15.37	0.02570328344
15.38	0.02607247651
15.39	0.02642191013
15.4	0.02675151635
15.41	0.02706124054
15.42	0.02735104134
15.43	0.02762089058
15.44	0.02787077316
15.45	0.028100687
15.46	0.0283106429
15.47	0.02850066448
15.48	0.02867078798
15.49	0.02882106224
15.5	0.02895154847
15.51	0.02906232017
15.52	0.029153463
15.53	0.02922507455
15.54	0.02927726426
15.55	0.02931015323
15.56	0.02932387403
15.57	0.02931857054
15.58	0.02929439778
15.59	0.02925152168
15.6	0.02919011893
15.61	0.02911037676
15.62	0.02901249273
15.63	0.02889667455
15.64	0.02876313982
15.65	0.02861211584
15.66	0.02844383939
15.67	0.02825855647
15.68	0.02805652211
15.69	0.02783800011
15.7	0.02760326279
15.71	0.02735259078
15.72	0.02708627273
15.73	0.0268046051
15.74	0.02650789189
15.75	0.02619644436
15.76	0.02587058082
15.77	0.02553062633
15.78	0.02517691245
15.79	0.02480977697
15.8	0.02442956366
15.81	0.02403662197
15.82	0.02363130678
15.83	0.02321397813
15.84	0.02278500093
15.85	0.02234474471
15.86	0.02189358333
15.87	0.02143189468
15.88	0.02096006046
15.89	0.02047846586
15.9	0.0199874993
15.91	0.01948755214
15.92	0.01897901842
15.93	0.01846229459
15.94	0.01793777922
15.95	0.01740587271
15.96	0.01686697706
15.97	0.01632149557
15.98	0.01576983257
15.99	0.01521239315
16	0.01464958292
16.01	0.01408180769
16.02	0.01350947327
16.03	0.01293298516
16.04	0.01235274831
16.05	0.01176916687
16.06	0.01118264392
16.07	0.01059358123
16.08	0.01000237899
16.09	0.009409435613
16.1	0.008815147428
16.11	0.008219908494
16.12	0.007624110336
16.13	0.007028141722
16.14	0.006432388431
16.15	0.00583723303
16.16	0.005243054651
16.17	0.004650228777
16.18	0.004059127025
16.19	0.003470116937
16.2	0.002883561782
16.21	0.002299820346
16.22	0.001719246745
16.23	0.001142190227
16.24	0.0005689949903
16.25	-4.421628588e-17
16.26	-0.0005644611897
16.27	-0.001124060607
16.28	-0.001678476028
16.29	-0.002227391143
16.3	-0.002770495707
16.31	-0.003307485698
16.32	-0.003838063459
16.33	-0.004361937842
16.34	-0.004878824342
16.35	-0.005388445227
16.36	-0.005890529669
16.37	-0.006384813854
16.38	-0.006871041105
16.39	-0.007348961986
16.4	-0.007818334407
16.41	-0.00827892372
16.42	-0.008730502813
16.43	-0.009172852195
16.44	-0.009605760079
16.45	-0.01002902245
16.46	-0.01044244316
16.47	-0.01084583393
16.48	-0.0112390145
16.49	-0.01162181261
16.5	-0.01199406405
16.51	-0.01235561276
16.52	-0.01270631081
16.53	-0.01304601843
16.54	-0.01337460407
16.55	-0.01369194442
16.56	-0.01399792437
16.57	-0.01429243709
16.58	-0.01457538396
16.59	-0.01484667463
16.6	-0.015106227
16.61	-0.01535396717
16.62	-0.01558982946
16.63	-0.01581375638
16.64	-0.01602569858
16.65	-0.01622561486
16.66	-0.01641347208
16.67	-0.01658924515
16.68	-0.01675291698
16.69	-0.01690447843
16.7	-0.01704392822
16.71	-0.01717127292
16.72	-0.01728652683
16.73	-0.01738971195
16.74	-0.01748085789
16.75	-0.01756000179
16.76	-0.01762718823
16.77	-0.01768246914
16.78	-0.01772590375
16.79	-0.01775755841
16.8	-0.01777750658
16.81	-0.01778582866
16.82	-0.01778261193
16.83	-0.01776795041
16.84	-0.01774194474
16.85	-0.01770470209
16.86	-0.01765633602
16.87	-0.01759696636
16.88	-0.01752671908
16.89	-0.01744572617
16.9	-0.0173541255
16.91	-0.01725206067
16.92	-0.0171396809
16.93	-0.01701714086
16.94	-0.01688460057
16.95	-0.01674222519
16.96	-0.01659018493
16.97	-0.01642865487
16.98	-0.01625781482
16.99	-0.01607784915
17	-0.01588894668
17.01	-0.01569130045
17.02	-0.01548510763
17.03	-0.01527056932
17.04	-0.0150478904
17.05	-0.01481727936
17.06	-0.01457894818
17.07	-0.01433311209
17.08	-0.01407998947
17.09	-0.01381980165
17.1	-0.01355277275
17.11	-0.01327912954
17.12	-0.01299910122
17.13	-0.0127129193
17.14	-0.01242081741
17.15	-0.01212303113
17.16	-0.01181979785
17.17	-0.01151135656
17.18	-0.01119794772
17.19	-0.01087981306
17.2	-0.01055719546
17.21	-0.01023033873
17.22	-0.009899487477
17.23	-0.009564886952
17.24	-0.009226782854
17.25	-0.00888542119
17.26	-0.008541048107
17.27	-0.008193909734
17.28	-0.00784425202
17.29	-0.007492320583
17.3	-0.007138360549
17.31	-0.006782616397
17.32	-0.006425331812
17.33	-0.00606674953
17.34	-0.00570711119
17.35	-0.005346657185
17.36	-0.004985626521
17.37	-0.004624256672
17.38	-0.004262783435
17.39	-0.003901440798
17.4	-0.0035404608
17.41	-0.003180073397
17.42	-0.002820506328
17.43	-0.002461984992
17.44	-0.002104732315
17.45	-0.00174896863
17.46	-0.001394911552
17.47	-0.001042775862
17.48	-0.0006927733917
17.49	-0.0003451129068
17.5	-2.345139994e-17
17.51	0.0003423630178
17.52	0.0006817772214
17.53	0.001018047173
17.54	0.001350981019
17.55	0.001680390589
17.56	0.002006091482
17.57	0.002327903162
17.58	0.002645649037
17.59	0.002959156547
17.6	0.003268257239
17.61	0.003572786846
17.62	0.003872585359
17.63	0.004167497094
17.64	0.004457370762
17.65	0.004742059525
17.66	0.005021421065
17.67	0.005295317631
17.68	0.005563616093
17.69	0.005826187998
17.7	0.006082909605
17.71	0.006333661936
17.72	0.00657833081
17.73	0.006816806881
17.74	0.007048985667
17.75	0.007274767582
17.76	0.00749405796
17.77	0.007706767075
17.78	0.007912810163
17.79	0.008112107433
17.8	0.008304584083
17.81	0.008490170306
17.82	0.008668801295
17.83	0.008840417247
17.84	0.00900496336
17.85	0.009162389828
17.86	0.009312651837
17.87	0.009455709548
17.88	0.009591528089
17.89	0.009720077533
17.9	0.009841332884
17.91	0.009955274046
17.92	0.0100618858
17.93	0.01016115779
17.94	0.01025308445
17.95	0.01033766503
17.96	0.01041490349
17.97	0.01048480852
17.98	0.01054739346
17.99	0.01060267627
18	0.01065067947
18.01	0.0106914301
18.02	0.01072495968
18.03	0.01075130409
18.04	0.01077050362
18.05	0.01078260279
18.06	0.01078765039
18.07	0.01078569935
18.08	0.01077680668
18.09	0.01076103345
18.1	0.01073844464
18.11	0.01070910913
18.12	0.01067309961
18.13	0.01063049249
18.14	0.0105813678
18.15	0.01052580919
18.16	0.01046390374
18.17	0.01039574196
18.18	0.01032141767
18.19	0.01024102792
18.2	0.01015467289
18.21	0.01006245581
18.22	0.009964482875
18.23	0.009860863146
18.24	0.009751708454
18.25	0.009637133312
18.26	0.009517254816
18.27	0.009392192548
18.28	0.009262068483
18.29	0.009127006889
18.3	0.008987134227
18.31	0.008842579057
18.32	0.008693471932
18.33	0.008539945301
18.34	0.00838213341
18.35	0.008220172198
18.36	0.0080541992
18.37	0.007884353438
18.38	0.007710775329
18.39	0.007533606577
18.4	0.007352990072
18.41	0.00716906979
18.42	0.006981990691
18.43	0.006791898618
18.44	0.006598940195
18.45	0.006403262726
18.46	0.006205014097
18.47	0.00600434267
18.48	0.005801397193
18.49	0.005596326691
18.5	0.005389280376
18.51	0.005180407543
18.52	0.004969857476
18.53	0.004757779353
18.54	0.004544322146
18.55	0.004329634533
18.56	0.004113864798
18.57	0.003897160743
18.58	0.003679669595
18.59	0.003461537915
18.6	0.00324291151
18.61	0.003023935343
18.62	0.00280475345
18.63	0.002585508849
18.64	0.002366343461
18.65	0.002147398025
18.66	0.001928812015
18.67	0.001710723564
18.68	0.001493269381
18.69	0.00127658468
18.7	0.001060803097
18.71	0.0008460566237
18.72	0.0006324755316
18.73	0.0004201883023
18.74	0.000209321559
18.75	4.471424869e-17
18.76	-0.000207653667
18.77	-0.0004135187878
18.78	-0.0006174768233
18.79	-0.0008194114089
18.8	-0.001019208412
18.81	-0.00121675599
18.82	-0.001411944641
18.83	-0.001604667256
18.84	-0.001794819172
18.85	-0.001982298219
18.86	-0.002167004763
18.87	-0.002348841753
18.88	-0.002527714762
18.89	-0.002703532029
18.9	-0.002876204492
18.91	-0.003045645831
18.92	-0.003211772496
18.93	-0.003374503739
18.94	-0.00353376165
18.95	-0.003689471176
18.96	-0.003841560152
18.97	-0.003989959326
18.98	-0.004134602375
18.99	-0.004275425927
19	-0.004412369581
19.01	-0.004545375918
19.02	-0.004674390518
19.03	-0.004799361968
19.04	-0.004920241873
19.05	-0.005036984862
19.06	-0.005149548596
19.07	-0.005257893768
19.08	-0.005361984105
19.09	-0.005461786367
19.1	-0.005557270347
19.11	-0.005648408862
19.12	-0.00573517775
19.13	-0.005817555859
19.14	-0.005895525039
19.15	-0.005969070126
19.16	-0.006038178935
19.17	-0.006102842234
19.18	-0.006163053737
19.19	-0.006218810078
19.2	-0.00627011079
19.21	-0.006316958285
19.22	-0.006359357829
19.23	-0.006397317514
19.24	-0.006430848233
19.25	-0.006459963646
19.26	-0.006484680155
19.27	-0.006505016867
19.28	-0.006520995564
19.29	-0.006532640664
19.3	-0.006539979185
19.31	-0.006543040709
19.32	-0.006541857341
19.33	-0.006536463667
19.34	-0.006526896716
19.35	-0.006513195911
19.36	-0.006495403028
19.37	-0.00647356215
19.38	-0.006447719621
19.39	-0.006417923995
19.4	-0.006384225991
19.41	-0.006346678438
19.42	-0.00630533623
19.43	-0.006260256271
19.44	-0.006211497422
19.45	-0.006159120447
19.46	-0.00610318796
19.47	-0.006043764372
19.48	-0.005980915829
19.49	-0.005914710162
19.5	-0.005845216826
19.51	-0.005772506842
19.52	-0.005696652742
19.53	-0.005617728507
19.54	-0.005535809509
19.55	-0.005450972452
19.56	-0.005363295309
19.57	-0.005272857266
19.58	-0.005179738657
19.59	-0.005084020907
19.6	-0.004985786466
19.61	-0.004885118754
19.62	-0.004782102092
19.63	-0.004676821647
19.64	-0.004569363367
19.65	-0.004459813919
19.66	-0.004348260629
19.67	-0.00423479142
19.68	-0.00411949475
19.69	-0.00400245955
19.7	-0.003883775166
19.71	-0.003763531293
19.72	-0.003641817921
19.73	-0.003518725267
19.74	-0.00339434372
19.75	-0.003268763782
19.76	-0.003142076005
19.77	-0.003014370934
19.78	-0.00288573905
19.79	-0.002756270709
19.8	-0.002626056089
19.81	-0.00249518513
19.82	-0.002363747476
19.83	-0.002231832427
19.84	-0.002099528875
19.85	-0.001966925257
19.86	-0.001834109499
19.87	-0.00170116896
19.88	-0.001568190388
19.89	-0.001435259861
19.9	-0.001302462741
19.91	-0.001169883624
19.92	-0.001037606292
19.93	-0.0009057136631
19.94	-0.000774287748
19.95	-0.0006434096022
19.96	-0.0005131592821
19.97	-0.0003836158014
19.98	-0.0002548570882
19.99	-0.0001269599433
20	-9.859757604e-18
20.01	0.0001259483157
20.02	0.0002508118232
20.03	0.000374518625
20.04	0.0004969981424
20.05	0.0006181811508
20.06	0.0007379998135
20.07	0.0008563877143
20.08	0.0009732798893
20.09	0.001088612857
20.1	0.001202324647
20.11	0.001314354828
20.12	0.001424644538
20.13	0.001533136502
20.14	0.001639775065
20.15	0.001744506208
20.16	0.001847277575
20.17	0.001948038491
20.18	0.002046739979
20.19	0.002143334785
20.2	0.002237777386
20.21	0.002330024014
20.22	0.002420032662
20.23	0.002507763106
20.24	0.002593176908
20.25	0.002676237433
20.26	0.002756909854
20.27	0.002835161165
20.28	0.002910960181
20.29	0.002984277549
20.3	0.003055085752
20.31	0.003123359107
20.32	0.003189073776
20.33	0.003252207756
20.34	0.003312740889
20.35	0.00337065485
20.36	0.003425933154
20.37	0.003478561144
20.38	0.003528525993
20.39	0.003575816691
20.4	0.003620424042
20.41	0.003662340653
20.42	0.003701560926
20.43	0.003738081049
20.44	0.003771898979
20.45	0.003803014434
20.46	0.003831428876
20.47	0.003857145499
20.48	0.003880169212
20.49	0.003900506621
20.5	0.003918166012
20.51	0.003933157332
20.52	0.003945492172
20.53	0.003955183742
20.54	0.003962246851
20.55	0.003966697889
20.56	0.003968554798
20.57	0.003967837049
20.58	0.00396456562
20.59	0.003958762971
20.6	0.003950453013
20.61	0.003939661083
20.62	0.003926413922
20.63	0.003910739635
20.64	0.003892667675
20.65	0.003872228802
20.66	0.00384945506
20.67	0.003824379744
20.68	0.003797037366
20.69	0.003767463629
20.7	0.003735695388
20.71	0.00370177062
20.72	0.003665728392
20.73	0.003627608824
20.74	0.003587453057
20.75	0.003545303217
20.76	0.003501202383
20.77	0.003455194546
20.78	0.003407324578
20.79	0.003357638194
20.8	0.003306181917
20.81	0.003253003042
20.82	0.003198149596
20.83	0.003141670305
20.84	0.003083614555
20.85	0.003024032355
20.86	0.002962974301
20.87	0.002900491537
20.88	0.002836635719
20.89	0.002771458978
20.9	0.002705013878
20.91	0.002637353388
20.92	0.002568530834
20.93	0.002498599868
20.94	0.002427614431
20.95	0.002355628713
20.96	0.002282697118
20.97	0.002208874226
20.98	0.002134214757
20.99	0.002058773536
21	0.001982605453
21.01	0.001905765432
21.02	0.001828308391
21.03	0.00175028921
21.04	0.001671762692
21.05	0.001592783532
21.06	0.001513406283
21.07	0.001433685316
21.08	0.001353674794
21.09	0.001273428634
21.1	0.001193000474
21.11	0.001112443644
21.12	0.001031811132
21.13	0.0009511555505
21.14	0.0008705291102
21.15	0.0007899835854
21.16	0.0007095702863
21.17	0.0006293400287
21.18	0.0005493431056
21.19	0.0004696292586
21.2	0.0003902476505
21.21	0.0003112468379
21.22	0.0002326747451
21.23	0.0001545786378
21.24	7.700509817e-05
21.25	-4.488962252e-18
21.26	-7.639151499e-05
21.27	-0.0001521250606
21.28	-0.0002271570287
21.29	-0.0003014446112
21.3	-0.0003749458212
21.31	-0.0004476195137
21.32	-0.0005194254053
21.33	-0.0005903240933
21.34	-0.0006602770741
21.35	-0.0007292467611
21.36	-0.0007971965011
21.37	-0.0008640905913
21.38	-0.0009298942941
21.39	-0.0009945738519
21.4	-0.001058096501
21.41	-0.001120430486
21.42	-0.001181545071
21.43	-0.00124141055
21.44	-0.001299998261
21.45	-0.001357280594
21.46	-0.001413231002
21.47	-0.001467824007
21.48	-0.001521035211
21.49	-0.001572841301
21.5	-0.001623220056
21.51	-0.001672150353
21.52	-0.001719612172
21.53	-0.001765586599
21.54	-0.001810055831
21.55	-0.001853003176
21.56	-0.00189441306
21.57	-0.001934271021
21.58	-0.001972563716
21.59	-0.002009278917
21.6	-0.00204440551
21.61	-0.002077933496
21.62	-0.002109853986
21.63	-0.002140159199
21.64	-0.002168842457
21.65	-0.002195898182
21.66	-0.002221321892
21.67	-0.002245110191
21.68	-0.002267260765
21.69	-0.002287772376
21.7	-0.002306644853
21.71	-0.002323879084
21.72	-0.002339477004
21.73	-0.002353441592
21.74	-0.002365776854
21.75	-0.002376487816
21.76	-0.002385580511
21.77	-0.00239306197
21.78	-0.002398940204
21.79	-0.002403224197
21.8	-0.002405923888
21.81	-0.00240705016
21.82	-0.002406614823
21.83	-0.002404630601
21.84	-0.002401111116
21.85	-0.002396070872
21.86	-0.002389525236
21.87	-0.002381490426
21.88	-0.002371983491
21.89	-0.002361022293
21.9	-0.00234862549
21.91	-0.002334812517
21.92	-0.002319603569
21.93	-0.002303019579
21.94	-0.0022850822
21.95	-0.002265813788
21.96	-0.002245237376
21.97	-0.00222337666
21.98	-0.002200255973
21.99	-0.002175900269
22	-0.002150335099
22.01	-0.002123586591
22.02	-0.002095681427
22.03	-0.002066646824
22.04	-0.002036510509
22.05	-0.002005300699
22.06	-0.001973046081
22.07	-0.001939775784
22.08	-0.001905519363
22.09	-0.00187030677
22.1	-0.001834168339
22.11	-0.001797134757
22.12	-0.001759237045
22.13	-0.001720506534
22.14	-0.001680974842
22.15	-0.001640673852
22.16	-0.00159963569
22.17	-0.001557892701
22.18	-0.001515477426
22.19	-0.001472422583
22.2	-0.001428761038
22.21	-0.001384525789
22.22	-0.001339749942
22.23	-0.001294466685
22.24	-0.001248709271
22.25	-0.001202510993
22.26	-0.001155905165
22.27	-0.001108925095
22.28	-0.001061604069
22.29	-0.001013975328
22.3	-0.0009660720467
22.31	-0.0009179273112
22.32	-0.0008695741007
22.33	-0.000821045266
22.34	-0.0007723735093
22.35	-0.0007235913645
22.36	-0.0006747311774
22.37	-0.0006258250864
22.38	-0.0005769050036
22.39	-0.0005280025955
22.4	-0.0004791492652
22.41	-0.0004303761339
22.42	-0.0003817140228
22.43	-0.0003331934362
22.44	-0.000284844544
22.45	-0.0002366971649
22.46	-0.0001887807499
22.47	-0.0001411243667
22.48	-9.375668318e-05
22.49	-4.670595299e-05
22.5	-4.080602382e-18
22.51	4.633379598e-05
22.52	9.226851336e-05
22.53	0.0001377777025
22.54	0.0001828353989
22.55	0.0002274161363
22.56	0.000271494959
22.57	0.0003150474338
22.58	0.0003580496618
22.59	0.0004004782894
22.6	0.0004423105191
22.61	0.0004835241198
22.62	0.0005240974364
22.63	0.0005640093996
22.64	0.0006032395345
22.65	0.000641767969
22.66	0.0006795754421
22.67	0.0007166433114
22.68	0.0007529535598
22.69	0.0007884888029
22.7	0.0008232322943
22.71	0.000857167932
22.72	0.0008902802634
22.73	0.00092255449
22.74	0.0009539764718
22.75	0.0009845327312
22.76	0.001014210457
22.77	0.001042997505
22.78	0.001070882405
22.79	0.001097854357
22.8	0.001123903239
22.81	0.001149019603
22.82	0.001173194679
22.83	0.001196420372
22.84	0.001218689267
22.85	0.001239994623
22.86	0.001260330374
22.87	0.00127969113
22.88	0.001298072171
22.89	0.001315469446
22.9	0.001331879573
22.91	0.001347299833
22.92	0.001361728165
22.93	0.001375163167
22.94	0.001387604089
22.95	0.001399050825
22.96	0.001409503914
22.97	0.001418964531
22.98	0.001427434481
22.99	0.001434916196
23	0.001441412723
23.01	0.001446927721
23.02	0.001451465455
23.03	0.001455030785
23.04	0.001457629157
23.05	0.001459266603
23.06	0.001459949721
23.07	0.001459685676
23.08	0.001458482185
23.09	0.00145634751
23.1	0.001453290447
23.11	0.001449320318
23.12	0.001444446959
23.13	0.001438680712
23.14	0.001432032409
23.15	0.001424513368
23.16	0.001416135376
23.17	0.001406910683
23.18	0.001396851984
23.19	0.001385972414
23.2	0.001374285532
23.21	0.001361805307
23.22	0.001348546112
23.23	0.001334522707
23.24	0.001319750226
23.25	0.001304244166
23.26	0.001288020376
23.27	0.001271095039
23.28	0.001253484661
23.29	0.001235206062
23.3	0.001216276356
23.31	0.001196712941
23.32	0.001176533486
23.33	0.001155755916
23.34	0.001134398399
23.35	0.001112479333
23.36	0.00109001733
23.37	0.001067031206
23.38	0.001043539963
23.39	0.00101956278
23.4	0.000995118994
23.41	0.0009702280905
23.42	0.0009449096877
23.43	0.0009191835232
23.44	0.0008930694404
23.45	0.0008665873747
23.46	0.0008397573402
23.47	0.0008125994159
23.48	0.0007851337323
23.49	0.0007573804579
23.5	0.0007293597862
23.51	0.0007010919221
23.52	0.0006725970692
23.53	0.0006438954163
23.54	0.0006150071248
23.55	0.0005859523158
23.56	0.0005567510576
23.57	0.000527423353
23.58	0.0004979891268
23.59	0.0004684682141
23.6	0.0004388803477
23.61	0.0004092451462
23.62	0.0003795821025
23.63	0.0003499105724
23.64	0.0003202497626
23.65	0.0002906187199
23.66	0.0002610363204
23.67	0.0002315212581
23.68	0.0002020920347
23.69	0.0001727669492
23.7	0.0001435640876
23.71	0.0001145013128
23.72	8.559625521e-05
23.73	5.68663029e-05
23.74	2.832859248e-05
23.75	6.601417835e-18
23.76	-2.810286784e-05
23.77	-5.596368228e-05
23.78	-8.356640077e-05
23.79	-0.0001108952751
23.8	-0.0001379348592
23.81	-0.0001646700166
23.82	-0.0001910859278
23.83	-0.0002171680976
23.84	-0.0002429023611
23.85	-0.0002682748909
23.86	-0.0002932722033
23.87	-0.0003178811639
23.88	-0.0003420889933
23.89	-0.0003658832728
23.9	-0.0003892519496
23.91	-0.0004121833412
23.92	-0.0004346661404
23.93	-0.0004566894194
23.94	-0.0004782426338
23.95	-0.0004993156265
23.96	-0.0005198986313
23.97	-0.0005399822755
23.98	-0.0005595575834
23.99	-0.0005786159788
24	-0.000597149287
24.01	-0.0006151497373
24.02	-0.0006326099648
24.03	-0.0006495230113
24.04	-0.0006658823275
24.05	-0.000681681773
24.06	-0.0006969156178
24.07	-0.0007115785423
24.08	-0.0007256656375
24.09	-0.000739172405
24.1	-0.0007520947565
24.11	-0.0007644290132
24.12	-0.0007761719052
24.13	-0.00078732057
24.14	-0.000797872551
24.15	-0.0008078257962
24.16	-0.0008171786564
24.17	-0.0008259298823
24.18	-0.0008340786232
24.19	-0.0008416244233
24.2	-0.0008485672196
24.21	-0.0008549073387
24.22	-0.000860645493
24.23	-0.0008657827778
24.24	-0.000870320667
24.25	-0.0008742610097
24.26	-0.0008776060254
24.27	-0.0008803583002
24.28	-0.0008825207817
24.29	-0.0008840967745
24.3	-0.0008850899353
24.31	-0.0008855042676
24.32	-0.0008853441161
24.33	-0.0008846141618
24.34	-0.0008833194157
24.35	-0.0008814652133
24.36	-0.0008790572085
24.37	-0.0008761013671
24.38	-0.0008726039611
24.39	-0.0008685715617
24.4	-0.0008640110327
24.41	-0.000858929524
24.42	-0.0008533344647
24.43	-0.0008472335556
24.44	-0.0008406347629
24.45	-0.0008335463101
24.46	-0.0008259766712
24.47	-0.0008179345631
24.48	-0.0008094289377
24.49	-0.0008004689751
24.5	-0.0007910640747
24.51	-0.0007812238484
24.52	-0.0007709581123
24.53	-0.0007602768787
24.54	-0.0007491903479
24.55	-0.0007377089007
24.56	-0.0007258430897
24.57	-0.0007136036315
24.58	-0.0007010013983
24.59	-0.0006880474094
24.6	-0.0006747528236
24.61	-0.0006611289302
24.62	-0.0006471871411
24.63	-0.0006329389823
24.64	-0.0006183960855
24.65	-0.0006035701799
24.66	-0.0005884730838
24.67	-0.0005731166963
24.68	-0.0005575129887
24.69	-0.0005416739968
24.7	-0.0005256118121
24.71	-0.0005093385736
24.72	-0.0004928664598
24.73	-0.0004762076806
24.74	-0.0004593744688
24.75	-0.0004423790723
24.76	-0.000425233746
24.77	-0.0004079507441
24.78	-0.0003905423116
24.79	-0.0003730206771
24.8	-0.0003553980447
24.81	-0.0003376865863
24.82	-0.0003198984342
24.83	-0.0003020456736
24.84	-0.000284140335
24.85	-0.0002661943868
24.86	-0.0002482197285
24.87	-0.0002302281831
24.88	-0.0002122314903
24.89	-0.0001942412998
24.9	-0.0001762691639
24.91	-0.0001583265316
24.92	-0.0001404247414
24.93	-0.0001225750151
24.94	-0.0001047884517
24.95	-8.707602074e-05
24.96	-6.944855679e-05
24.97	-5.191675314e-05
24.98	-3.449115621e-05
24.99	-1.718215989e-05
25	-1.66796636e-18
25.01	1.704525097e-05
25.02	3.394368913e-05
25.03	5.068558419e-05
25.04	6.726138437e-05
25.05	8.366172113e-05
25.06	9.987741379e-05
25.07	0.0001158994739
25.08	0.0001317191095
25.09	0.0001473277293
25.1	0.0001627169466
25.11	0.000177878583
25.12	0.000192804672
25.13	0.0002074874628
25.14	0.0002219194228
25.15	0.0002360932418
25.16	0.0002500018339
25.17	0.0002636383409
25.18	0.0002769961348
25.19	0.0002900688202
25.2	0.0003028502364
25.21	0.0003153344598
25.22	0.0003275158058
25.23	0.0003393888302
25.24	0.0003509483313
25.25	0.000362189351
25.26	0.000373107176
25.27	0.0003836973393
25.28	0.0003939556206
25.29	0.0004038780474
25.3	0.0004134608955
25.31	0.0004227006895
25.32	0.0004315942027
25.33	0.0004401384579
25.34	0.0004483307264
25.35	0.0004561685288
25.36	0.0004636496337
25.37	0.0004707720577
25.38	0.0004775340647
25.39	0.0004839341647
25.4	0.0004899711131
25.41	0.0004956439095
25.42	0.0005009517964
25.43	0.0005058942576
25.44	0.0005104710167
25.45	0.0005146820355
25.46	0.0005185275121
25.47	0.0005220078786
25.48	0.0005251237994
25.49	0.0005278761683
25.5	0.000530266107
25.51	0.0005322949616
25.52	0.0005339643006
25.53	0.0005352759119
25.54	0.0005362317999
25.55	0.0005368341824
25.56	0.0005370854876
25.57	0.0005369883508
25.58	0.0005365456111
25.59	0.000535760308
25.6	0.0005346356774
25.61	0.0005331751486
25.62	0.0005313823402
25.63	0.0005292610562
25.64	0.0005268152823
25.65	0.0005240491817
25.66	0.0005209670908
25.67	0.0005175735158
25.68	0.0005138731274
25.69	0.0005098707573
25.7	0.0005055713934
25.71	0.0005009801753
25.72	0.0004961023901
25.73	0.0004909434676
25.74	0.0004855089755
25.75	0.0004798046151
25.76	0.0004738362162
25.77	0.0004676097325
25.78	0.0004611312368
25.79	0.000454406916
25.8	0.0004474430662
25.81	0.0004402460881
25.82	0.0004328224814
25.83	0.0004251788405
25.84	0.0004173218491
25.85	0.0004092582752
25.86	0.0004009949662
25.87	0.0003925388437
25.88	0.0003838968985
25.89	0.0003750761857
25.9	0.0003660838194
25.91	0.0003569269678
25.92	0.0003476128479
25.93	0.0003381487209
25.94	0.0003285418867
25.95	0.0003187996791
25.96	0.000308929461
25.97	0.000298938619
25.98	0.0002888345587
25.99	0.0002786246996
26	0.0002683164705
26.01	0.0002579173045
26.02	0.000247434634
26.03	0.0002368758859
26.04	0.0002262484774
26.05	0.0002155598105
26.06	0.0002048172679
26.07	0.0001940282083
26.08	0.0001831999617
26.09	0.0001723398248
26.1	0.000161455057
26.11	0.0001505528757
26.12	0.0001396404518
26.13	0.0001287249058
26.14	0.0001178133037
26.15	0.0001069126523
26.16	9.602989567e-05
26.17	8.517191104e-05
26.18	7.434550479e-05
26.19	6.355740873e-05
26.2	5.281427631e-05
26.21	4.212267897e-05
26.22	3.148910253e-05
26.23	2.091994373e-05
26.24	1.042150677e-05
26.25	-4.051804305e-19
26.26	-1.033846732e-05
26.27	-2.058788816e-05
26.28	-3.074236082e-05
26.29	-4.079609183e-05
26.3	-5.074339891e-05
26.31	-6.057871368e-05
26.32	-7.029658435e-05
26.33	-7.989167837e-05
26.34	-8.935878484e-05
26.35	-9.869281696e-05
26.36	-0.0001078888143
26.37	-0.0001169419449
26.38	-0.0001258475077
26.39	-0.0001346009339
26.4	-0.0001431977897
26.41	-0.0001516337772
26.42	-0.0001599047368
26.43	-0.0001680066484
26.44	-0.0001759356329
26.45	-0.0001836879537
26.46	-0.0001912600179
26.47	-0.0001986483778
26.48	-0.0002058497311
26.49	-0.0002128609229
26.5	-0.000219678946
26.51	-0.0002263009416
26.52	-0.0002327242003
26.53	-0.0002389461624
26.54	-0.0002449644185
26.55	-0.0002507767097
26.56	-0.000256380928
26.57	-0.0002617751165
26.58	-0.0002669574692
26.59	-0.0002719263313
26.6	-0.0002766801987
26.61	-0.0002812177182
26.62	-0.0002855376868
26.63	-0.0002896390513
26.64	-0.0002935209082
26.65	-0.0002971825025
26.66	-0.0003006232274
26.67	-0.0003038426236
26.68	-0.0003068403778
26.69	-0.0003096163225
26.7	-0.0003121704346
26.71	-0.000314502834
26.72	-0.000316613783
26.73	-0.0003185036845
26.74	-0.0003201730806
26.75	-0.0003216226517
26.76	-0.0003228532142
26.77	-0.0003238657195
26.78	-0.000324661252
26.79	-0.0003252410273
26.8	-0.0003256063908
26.81	-0.0003257588151
26.82	-0.0003256998987
26.83	-0.0003254313635
26.84	-0.000324955053
26.85	-0.0003242729301
26.86	-0.0003233870746
26.87	-0.0003222996814
26.88	-0.0003210130576
26.89	-0.0003195296207
26.9	-0.0003178518959
26.91	-0.0003159825133
26.92	-0.000313924206
26.93	-0.000311679807
26.94	-0.0003092522468
26.95	-0.0003066445508
26.96	-0.0003038598362
26.97	-0.00030090131
26.98	-0.0002977722653
26.99	-0.0002944760792
27	-0.0002910162097
27.01	-0.0002873961928
27.02	-0.0002836196395
27.03	-0.0002796902333
27.04	-0.0002756117265
27.05	-0.0002713879381
27.06	-0.0002670227502
27.07	-0.0002625201052
27.08	-0.0002578840027
27.09	-0.0002531184965
27.1	-0.0002482276917
27.11	-0.0002432157414
27.12	-0.0002380868438
27.13	-0.0002328452391
27.14	-0.0002274952064
27.15	-0.0002220410605
27.16	-0.0002164871492
27.17	-0.0002108378499
27.18	-0.0002050975667
27.19	-0.0001992707273
27.2	-0.0001933617797
27.21	-0.0001873751898
27.22	-0.0001813154378
27.23	-0.0001751870154
27.24	-0.0001689944229
27.25	-0.0001627421659
27.26	-0.0001564347529
27.27	-0.0001500766918
27.28	-0.0001436724874
27.29	-0.0001372266382
27.3	-0.0001307436341
27.31	-0.0001242279526
27.32	-0.0001176840572
27.33	-0.0001111163936
27.34	-0.0001045293876
27.35	-9.792744226e-05
27.36	-9.1314935e-05
27.37	-8.469621533e-05
27.38	-7.807560206e-05
27.39	-7.145738081e-05
27.4	-6.484580152e-05
27.41	-5.824507597e-05
27.42	-5.165937539e-05
27.43	-4.509282806e-05
27.44	-3.854951704e-05
27.45	-3.203347785e-05
27.46	-2.554869626e-05
27.47	-1.909910613e-05
27.48	-1.268858727e-05
27.49	-6.320963377e-06
27.5	-2.455062411e-18
27.51	6.270597403e-06
27.52	1.248718539e-05
27.53	1.864618439e-05
27.54	2.474408049e-05
27.55	3.077742722e-05
27.56	3.674284717e-05
27.57	4.263703368e-05
27.58	4.845675239e-05
27.59	5.419884272e-05
27.6	5.986021938e-05
27.61	6.54378737e-05
27.62	7.0928875e-05
27.63	7.633037185e-05
27.64	8.163959326e-05
27.65	8.685384986e-05
27.66	9.197053494e-05
27.67	9.698712552e-05
27.68	0.0001019011833
27.69	0.0001067103555
27.7	0.0001114123757
27.71	0.0001160050649
27.72	0.0001204863316
27.73	0.0001248541732
27.74	0.000129106676
27.75	0.000133242016
27.76	0.0001372584594
27.77	0.0001411543628
27.78	0.0001449281735
27.79	0.0001485784304
27.8	0.0001521037632
27.81	0.0001555028934
27.82	0.0001587746341
27.83	0.0001619178899
27.84	0.0001649316571
27.85	0.0001678150235
27.86	0.0001705671681
27.87	0.0001731873615
27.88	0.0001756749649
27.89	0.0001780294301
27.9	0.0001802502993
27.91	0.0001823372045
27.92	0.0001842898669
27.93	0.0001861080968
27.94	0.0001877917924
27.95	0.0001893409396
27.96	0.0001907556114
27.97	0.0001920359667
27.98	0.0001931822499
27.99	0.0001941947898
28	0.0001950739991
28.01	0.000195820373
28.02	0.0001964344885
28.03	0.0001969170033
28.04	0.0001972686549
28.05	0.000197490259
28.06	0.000197582709
28.07	0.0001975469744
28.08	0.0001973840996
28.09	0.0001970952027
28.1	0.0001966814742
28.11	0.0001961441757
28.12	0.0001954846384
28.13	0.0001947042616
28.14	0.0001938045117
28.15	0.0001927869201
28.16	0.0001916530822
28.17	0.0001904046558
28.18	0.000189043359
28.19	0.0001875709693
28.2	0.0001859893217
28.21	0.0001843003069
28.22	0.00018250587
28.23	0.0001806080085
28.24	0.0001786087706
28.25	0.0001765102537
28.26	0.0001743146024
28.27	0.0001720240071
28.28	0.0001696407017
28.29	0.0001671669623
28.3	0.0001646051052
28.31	0.0001619574849
28.32	0.0001592264926
28.33	0.0001564145543
28.34	0.0001535241287
28.35	0.0001505577056
28.36	0.0001475178041
28.37	0.0001444069704
28.38	0.0001412277765
28.39	0.0001379828176
28.4	0.0001346747109
28.41	0.0001313060934
28.42	0.0001278796202
28.43	0.0001243979625
28.44	0.0001208638057
28.45	0.0001172798478
28.46	0.0001136487975
28.47	0.0001099733721
28.48	0.000106256296
28.49	0.0001025002988
28.5	9.870811324e-05
28.51	9.488247386e-05
28.52	9.102611487e-05
28.53	8.714176854e-05
28.54	8.323216342e-05
28.55	7.930002262e-05
28.56	7.534806207e-05
28.57	7.137898886e-05
28.58	6.739549953e-05
28.59	6.340027845e-05
28.6	5.939599616e-05
28.61	5.538530777e-05
28.62	5.137085136e-05
28.63	4.735524642e-05
28.64	4.334109232e-05
28.65	3.933096678e-05
28.66	3.532742435e-05
28.67	3.133299504e-05
28.68	2.735018275e-05
28.69	2.3381464e-05
28.7	1.942928645e-05
28.71	1.54960676e-05
28.72	1.158419344e-05
28.73	7.69601721e-06
28.74	3.833858087e-06
28.75	9.678394726e-19
28.76	-3.803309579e-06
28.77	-7.573860792e-06
28.78	-1.130948252e-05
28.79	-1.500804347e-05
28.8	-1.866745324e-05
28.81	-2.228566333e-05
28.82	-2.586066817e-05
28.83	-2.939050599e-05
28.84	-3.287325983e-05
28.85	-3.630705835e-05
28.86	-3.96900767e-05
28.87	-4.302053735e-05
28.88	-4.629671079e-05
28.89	-4.951691636e-05
28.9	-5.267952285e-05
28.91	-5.578294923e-05
28.92	-5.882566523e-05
28.93	-6.180619192e-05
28.94	-6.47231023e-05
28.95	-6.757502174e-05
28.96	-7.036062852e-05
28.97	-7.30786542e-05
28.98	-7.572788404e-05
28.99	-7.830715737e-05
29	-8.081536789e-05
29.01	-8.325146394e-05
29.02	-8.561444876e-05
29.03	-8.790338071e-05
29.04	-9.011737339e-05
29.05	-9.225559583e-05
29.06	-9.431727253e-05
29.07	-9.630168357e-05
29.08	-9.820816459e-05
29.09	-0.0001000361068
29.1	-0.0001017849569
29.11	-0.000103454217
29.12	-0.0001050434446
29.13	-0.0001065522523
29.14	-0.0001079803077
29.15	-0.0001093273329
29.16	-0.0001105931049
29.17	-0.0001117774546
29.18	-0.0001128802667
29.19	-0.0001139014797
29.2	-0.000114841085
29.21	-0.0001156991268
29.22	-0.0001164757016
29.23	-0.0001171709574
29.24	-0.000117785094
29.25	-0.0001183183614
29.26	-0.00011877106
29.27	-0.0001191435399
29.28	-0.0001194361999
29.29	-0.0001196494874
29.3	-0.0001197838971
29.31	-0.0001198399709
29.32	-0.0001198182967
29.33	-0.0001197195081
29.34	-0.0001195442833
29.35	-0.0001192933443
29.36	-0.0001189674563
29.37	-0.0001185674267
29.38	-0.0001180941042
29.39	-0.0001175483783
29.4	-0.0001169311778
29.41	-0.0001162434704
29.42	-0.0001154862615
29.43	-0.0001146605932
29.44	-0.0001137675437
29.45	-0.000112808226
29.46	-0.0001117837867
29.47	-0.0001106954058
29.48	-0.0001095442945
29.49	-0.0001083316955
29.5	-0.0001070588806
29.51	-0.0001057271508
29.52	-0.0001043378345
29.53	-0.0001028922867
29.54	-0.0001013918879
29.55	-9.983804302e-05
29.56	-9.823218013e-05
29.57	-9.657574959e-05
29.58	-9.487022278e-05
29.59	-9.311709103e-05
29.6	-9.13178645e-05
29.61	-8.947407103e-05
29.62	-8.758725505e-05
29.63	-8.565897644e-05
29.64	-8.369080938e-05
29.65	-8.168434125e-05
29.66	-7.964117148e-05
29.67	-7.756291042e-05
29.68	-7.545117824e-05
29.69	-7.330760379e-05
29.7	-7.113382346e-05
29.71	-6.893148012e-05
29.72	-6.670222194e-05
29.73	-6.444770133e-05
29.74	-6.216957384e-05
29.75	-5.986949704e-05
29.76	-5.754912946e-05
29.77	-5.52101295e-05
29.78	-5.285415436e-05
29.79	-5.048285899e-05
29.8	-4.809789504e-05
29.81	-4.57009098e-05
29.82	-4.32935452e-05
29.83	-4.087743679e-05
29.84	-3.845421271e-05
29.85	-3.602549273e-05
29.86	-3.359288726e-05
29.87	-3.115799636e-05
29.88	-2.872240885e-05
29.89	-2.628770132e-05
29.9	-2.385543723e-05
29.91	-2.1427166e-05
29.92	-1.900442215e-05
29.93	-1.658872439e-05
29.94	-1.418157479e-05
29.95	-1.178445793e-05
29.96	-9.398840104e-06
29.97	-7.026168491e-06
29.98	-4.667870396e-06
29.99	-2.325352475e-06
30	-2.708816397e-19
