temps	angle
0	0
0.01	0.2815979481
0.02	0.5608479613
0.03	0.8376654776
0.04	1.111967509
0.05	1.383672658
0.06	1.652701137
0.07	1.918974784
0.08	2.182417078
0.09	2.442953155
0.1	2.700509822
0.11	2.955015572
0.12	3.206400596
0.13	3.454596793
0.14	3.699537787
0.15	3.941158933
0.16	4.179397329
0.17	4.414191825
0.18	4.645483034
0.19	4.873213334
0.2	5.097326881
0.21	5.317769615
0.22	5.534489262
0.23	5.747435342
0.24	5.956559173
0.25	6.161813874
0.26	6.363154369
0.27	6.560537388
0.28	6.75392147
0.29	6.943266964
0.3	7.128536025
0.31	7.309692621
0.32	7.486702527
0.33	7.659533322
0.34	7.828154391
0.35	7.992536919
0.36	8.15265389
0.37	8.308480076
0.38	8.459992042
0.39	8.607168133
0.4	8.749988469
0.41	8.88843494
0.42	9.022491199
0.43	9.152142651
0.44	9.277376447
0.45	9.398181476
0.46	9.514548349
0.47	9.626469397
0.48	9.733938655
0.49	9.836951851
0.5	9.935506396
0.51	10.02960137
0.52	10.11923751
0.53	10.2044172
0.54	10.28514444
0.55	10.36142485
0.56	10.43326567
0.57	10.5006757
0.58	10.56366531
0.59	10.62224643
0.6	10.67643253
0.61	10.72623859
0.62	10.77168108
0.63	10.81277798
0.64	10.84954871
0.65	10.88201413
0.66	10.91019657
0.67	10.9341197
0.68	10.95380864
0.69	10.96928983
0.7	10.98059108
0.71	10.98774152
0.72	10.99077157
0.73	10.98971294
0.74	10.98459861
0.75	10.97546279
0.76	10.96234089
0.77	10.94526953
0.78	10.92428649
0.79	10.8994307
0.8	10.87074222
0.81	10.83826218
0.82	10.80203282
0.83	10.7620974
0.84	10.71850023
0.85	10.67128661
0.86	10.6205028
0.87	10.56619604
0.88	10.50841449
0.89	10.4472072
0.9	10.3826241
0.91	10.31471597
0.92	10.24353442
0.93	10.16913187
0.94	10.09156148
0.95	10.01087718
0.96	9.927133634
0.97	9.840386179
0.98	9.750690832
0.99	9.658104252
1	9.562683717
1.01	9.464487096
1.02	9.363572823
1.03	9.259999872
1.04	9.15382773
1.05	9.045116373
1.06	8.933926234
1.07	8.820318186
1.08	8.704353507
1.09	8.586093862
1.1	8.46560127
1.11	8.342938083
1.12	8.21816696
1.13	8.091350838
1.14	7.962552911
1.15	7.831836601
1.16	7.699265534
1.17	7.564903516
1.18	7.428814506
1.19	7.291062592
1.2	7.151711967
1.21	7.010826903
1.22	6.868471729
1.23	6.724710802
1.24	6.579608488
1.25	6.433229137
1.26	6.285637057
1.27	6.136896493
1.28	5.987071602
1.29	5.836226431
1.3	5.684424895
1.31	5.531730752
1.32	5.378207583
1.33	5.223918767
1.34	5.068927466
1.35	4.913296592
1.36	4.757088797
1.37	4.600366446
1.38	4.443191597
1.39	4.285625979
1.4	4.127730978
1.41	3.969567608
1.42	3.8111965
1.43	3.652677877
1.44	3.494071535
1.45	3.335436829
1.46	3.176832649
1.47	3.018317407
1.48	2.859949015
1.49	2.70178487
1.5	2.543881834
1.51	2.386296222
1.52	2.229083783
1.53	2.072299681
1.54	1.915998486
1.55	1.76023415
1.56	1.60506
1.57	1.450528718
1.58	1.296692331
1.59	1.143602191
1.6	0.9913089681
1.61	0.8398626311
1.62	0.6893124393
1.63	0.5397069275
1.64	0.3910938945
1.65	0.2435203912
1.66	0.09703270911
1.67	-0.04832363062
1.68	-0.1925038879
1.69	-0.3354641143
1.7	-0.4771611623
1.71	-0.6175526958
1.72	-0.7565971985
1.73	-0.8942539833
1.74	-1.0304832
1.75	-1.165245845
1.76	-1.298503767
1.77	-1.430219674
1.78	-1.560357144
1.79	-1.688880627
1.8	-1.815755454
1.81	-1.940947842
1.82	-2.064424898
1.83	-2.186154627
1.84	-2.306105935
1.85	-2.424248632
1.86	-2.54055344
1.87	-2.654991991
1.88	-2.767536835
1.89	-2.878161441
1.9	-2.9868402
1.91	-3.093548424
1.92	-3.198262353
1.93	-3.300959154
1.94	-3.40161692
1.95	-3.500214675
1.96	-3.596732369
1.97	-3.691150883
1.98	-3.783452026
1.99	-3.873618537
2	-3.961634078
2.01	-4.04748324
2.02	-4.131151536
2.03	-4.212625403
2.04	-4.291892195
2.05	-4.368940185
2.06	-4.443758559
2.07	-4.516337413
2.08	-4.586667753
2.09	-4.654741485
2.1	-4.720551416
2.11	-4.784091246
2.12	-4.845355565
2.13	-4.90433985
2.14	-4.961040454
2.15	-5.015454606
2.16	-5.0675804
2.17	-5.117416794
2.18	-5.1649636
2.19	-5.210221479
2.2	-5.25319193
2.21	-5.293877291
2.22	-5.332280722
2.23	-5.368406205
2.24	-5.402258529
2.25	-5.43384329
2.26	-5.463166875
2.27	-5.490236457
2.28	-5.515059985
2.29	-5.537646175
2.3	-5.558004504
2.31	-5.576145192
2.32	-5.592079203
2.33	-5.605818227
2.34	-5.617374672
2.35	-5.626761656
2.36	-5.633992994
2.37	-5.639083188
2.38	-5.642047416
2.39	-5.642901522
2.4	-5.641662004
2.41	-5.638346003
2.42	-5.632971289
2.43	-5.625556256
2.44	-5.616119902
2.45	-5.604681824
2.46	-5.5912622
2.47	-5.575881784
2.48	-5.558561886
2.49	-5.539324366
2.5	-5.518191618
2.51	-5.495186558
2.52	-5.470332612
2.53	-5.443653705
2.54	-5.415174243
2.55	-5.384919106
2.56	-5.352913631
2.57	-5.319183601
2.58	-5.283755232
2.59	-5.246655157
2.6	-5.207910417
2.61	-5.167548445
2.62	-5.125597054
2.63	-5.082084423
2.64	-5.037039083
2.65	-4.990489905
2.66	-4.942466087
2.67	-4.892997139
2.68	-4.842112868
2.69	-4.789843372
2.7	-4.736219017
2.71	-4.68127043
2.72	-4.625028482
2.73	-4.56752428
2.74	-4.508789146
2.75	-4.448854609
2.76	-4.387752392
2.77	-4.325514394
2.78	-4.262172682
2.79	-4.197759475
2.8	-4.132307132
2.81	-4.065848138
2.82	-3.99841509
2.83	-3.930040689
2.84	-3.860757721
2.85	-3.790599047
2.86	-3.71959759
2.87	-3.647786323
2.88	-3.575198256
2.89	-3.501866421
2.9	-3.427823865
2.91	-3.353103632
2.92	-3.277738755
2.93	-3.201762241
2.94	-3.125207061
2.95	-3.048106137
2.96	-2.97049233
2.97	-2.89239843
2.98	-2.813857142
2.99	-2.734901076
3	-2.655562738
3.01	-2.575874512
3.02	-2.495868656
3.03	-2.415577289
3.04	-2.335032379
3.05	-2.254265732
3.06	-2.173308984
3.07	-2.092193588
3.08	-2.010950805
3.09	-1.929611697
3.1	-1.84820711
3.11	-1.76676767
3.12	-1.685323773
3.13	-1.603905573
3.14	-1.522542975
3.15	-1.441265625
3.16	-1.360102901
3.17	-1.279083905
3.18	-1.198237453
3.19	-1.117592068
3.2	-1.037175973
3.21	-0.957017079
3.22	-0.8771429804
3.23	-0.7975809464
3.24	-0.7183579137
3.25	-0.6395004787
3.26	-0.5610348909
3.27	-0.4829870455
3.28	-0.4053824771
3.29	-0.3282463528
3.3	-0.2516034659
3.31	-0.1754782298
3.32	-0.09989467197
3.33	-0.02487642798
3.34	0.04955326388
3.35	0.1233715682
3.36	0.1965560575
3.37	0.2690847176
3.38	0.3409359521
3.39	0.4120885874
3.4	0.4825218766
3.41	0.5522155045
3.42	0.6211495911
3.43	0.6893046958
3.44	0.756661821
3.45	0.8232024155
3.46	0.8889083778
3.47	0.9537620595
3.48	1.017746268
3.49	1.080844269
3.5	1.143039789
3.51	1.204317019
3.52	1.264660615
3.53	1.3240557
3.54	1.382487867
3.55	1.439943179
3.56	1.496408173
3.57	1.551869857
3.58	1.606315717
3.59	1.65973371
3.6	1.712112274
3.61	1.763440319
3.62	1.813707234
3.63	1.862902886
3.64	1.911017617
3.65	1.958042246
3.66	2.00396807
3.67	2.048786859
3.68	2.09249086
3.69	2.135072794
3.7	2.176525853
3.71	2.216843703
3.72	2.25602048
3.73	2.294050786
3.74	2.330929694
3.75	2.36665274
3.76	2.401215922
3.77	2.434615701
3.78	2.466848995
3.79	2.497913178
3.8	2.527806079
3.81	2.556525974
3.82	2.584071591
3.83	2.610442098
3.84	2.635637107
3.85	2.659656667
3.86	2.682501262
3.87	2.704171805
3.88	2.724669637
3.89	2.743996522
3.9	2.762154644
3.91	2.779146599
3.92	2.794975396
3.93	2.809644449
3.94	2.823157575
3.95	2.835518987
3.96	2.84673329
3.97	2.856805478
3.98	2.865740926
3.99	2.873545386
4	2.880224986
4.01	2.885786217
4.02	2.890235934
4.03	2.893581349
4.04	2.895830023
4.05	2.896989864
4.06	2.897069118
4.07	2.896076367
4.08	2.89402052
4.09	2.890910807
4.1	2.886756776
4.11	2.881568284
4.12	2.875355493
4.13	2.868128862
4.14	2.859899143
4.15	2.85067737
4.16	2.840474859
4.17	2.829303199
4.18	2.817174241
4.19	2.804100101
4.2	2.790093144
4.21	2.775165982
4.22	2.759331469
4.23	2.742602689
4.24	2.724992956
4.25	2.706515801
4.26	2.687184968
4.27	2.667014409
4.28	2.646018274
4.29	2.624210906
4.3	2.601606834
4.31	2.578220764
4.32	2.554067578
4.33	2.529162318
4.34	2.503520188
4.35	2.477156542
4.36	2.45008688
4.37	2.422326837
4.38	2.39389218
4.39	2.3647988
4.4	2.335062705
4.41	2.304700014
4.42	2.273726947
4.43	2.242159822
4.44	2.210015046
4.45	2.177309111
4.46	2.144058581
4.47	2.110280095
4.48	2.075990348
4.49	2.041206097
4.5	2.005944146
4.51	1.97022134
4.52	1.934054563
4.53	1.897460728
4.54	1.860456769
4.55	1.82305964
4.56	1.785286303
4.57	1.747153726
4.58	1.708678871
4.59	1.669878696
4.6	1.630770141
4.61	1.591370126
4.62	1.551695545
4.63	1.511763257
4.64	1.471590082
4.65	1.431192798
4.66	1.390588129
4.67	1.349792744
4.68	1.308823249
4.69	1.267696183
4.7	1.22642801
4.71	1.185035116
4.72	1.143533803
4.73	1.101940282
4.74	1.06027067
4.75	1.018540983
4.76	0.9767671318
4.77	0.9349649171
4.78	0.8931500239
4.79	0.8513380167
4.8	0.8095443353
4.81	0.7677842895
4.82	0.7260730545
4.83	0.684425667
4.84	0.6428570199
4.85	0.6013818584
4.86	0.5600147756
4.87	0.5187702085
4.88	0.4776624336
4.89	0.4367055632
4.9	0.3959135412
4.91	0.3553001396
4.92	0.3148789543
4.93	0.2746634021
4.94	0.2346667168
4.95	0.1949019457
4.96	0.1553819463
4.97	0.1161193834
4.98	0.07712672552
4.99	0.03841624196
5	7.458206464e-16
5.01	-0.03811013807
5.02	-0.07590251769
5.03	-0.1133656947
5.04	-0.1504884378
5.05	-0.1872597311
5.06	-0.2236687765
5.07	-0.2597049959
5.08	-0.2953580334
5.09	-0.3306177571
5.1	-0.3654742617
5.11	-0.3999178695
5.12	-0.4339391328
5.13	-0.4675288355
5.14	-0.5006779942
5.15	-0.5333778605
5.16	-0.5656199213
5.17	-0.5973959009
5.18	-0.6286977621
5.19	-0.6595177068
5.2	-0.6898481772
5.21	-0.7196818571
5.22	-0.7490116719
5.23	-0.7778307899
5.24	-0.8061326228
5.25	-0.8339108259
5.26	-0.8611592988
5.27	-0.8878721856
5.28	-0.9140438752
5.29	-0.9396690011
5.3	-0.964742442
5.31	-0.9892593213
5.32	-1.013215007
5.33	-1.036605112
5.34	-1.059425492
5.35	-1.081672248
5.36	-1.103341723
5.37	-1.124430504
5.38	-1.144935419
5.39	-1.164853537
5.4	-1.184182168
5.41	-1.20291886
5.42	-1.221061402
5.43	-1.238607818
5.44	-1.255556369
5.45	-1.271905552
5.46	-1.287654096
5.47	-1.302800962
5.48	-1.317345345
5.49	-1.331286665
5.5	-1.344624572
5.51	-1.357358942
5.52	-1.369489875
5.53	-1.381017691
5.54	-1.391942935
5.55	-1.402266367
5.56	-1.411988965
5.57	-1.42111192
5.58	-1.429636637
5.59	-1.43756473
5.6	-1.444898021
5.61	-1.451638538
5.62	-1.45778851
5.63	-1.46335037
5.64	-1.468326747
5.65	-1.472720465
5.66	-1.476534542
5.67	-1.479772187
5.68	-1.482436795
5.69	-1.484531946
5.7	-1.486061404
5.71	-1.48702911
5.72	-1.487439183
5.73	-1.487295913
5.74	-1.486603764
5.75	-1.485367365
5.76	-1.483591509
5.77	-1.481281151
5.78	-1.478441406
5.79	-1.475077541
5.8	-1.471194977
5.81	-1.466799282
5.82	-1.461896171
5.83	-1.4564915
5.84	-1.450591265
5.85	-1.444201595
5.86	-1.437328755
5.87	-1.429979134
5.88	-1.422159252
5.89	-1.413875745
5.9	-1.405135373
5.91	-1.395945007
5.92	-1.386311633
5.93	-1.376242341
5.94	-1.365744331
5.95	-1.354824899
5.96	-1.343491442
5.97	-1.331751451
5.98	-1.319612505
5.99	-1.307082274
6	-1.294168509
6.01	-1.280879042
6.02	-1.26722178
6.03	-1.253204705
6.04	-1.238835869
6.05	-1.224123386
6.06	-1.209075437
6.07	-1.19370026
6.08	-1.178006147
6.09	-1.162001445
6.1	-1.145694546
6.11	-1.129093889
6.12	-1.112207953
6.13	-1.095045257
6.14	-1.077614354
6.15	-1.059923825
6.16	-1.041982282
6.17	-1.02379836
6.18	-1.005380715
6.19	-0.986738021
6.2	-0.9678789647
6.21	-0.9488122447
6.22	-0.9295465668
6.23	-0.910090641
6.24	-0.8904531783
6.25	-0.8706428874
6.26	-0.8506684715
6.27	-0.8305386251
6.28	-0.810262031
6.29	-0.7898473571
6.3	-0.7693032532
6.31	-0.7486383481
6.32	-0.7278612465
6.33	-0.706980526
6.34	-0.6860047343
6.35	-0.6649423859
6.36	-0.6438019598
6.37	-0.622591896
6.38	-0.6013205932
6.39	-0.5799964057
6.4	-0.558627641
6.41	-0.5372225566
6.42	-0.5157893579
6.43	-0.494336195
6.44	-0.4728711608
6.45	-0.4514022879
6.46	-0.4299375464
6.47	-0.4084848412
6.48	-0.38705201
6.49	-0.3656468206
6.5	-0.3442769685
6.51	-0.3229500752
6.52	-0.3016736851
6.53	-0.2804552643
6.54	-0.2593021977
6.55	-0.2382217872
6.56	-0.2172212497
6.57	-0.1963077149
6.58	-0.1754882239
6.59	-0.1547697265
6.6	-0.13415908
6.61	-0.1136630471
6.62	-0.09328829421
6.63	-0.0730413899
6.64	-0.05292880299
6.65	-0.03295690112
6.66	-0.01313194917
6.67	0.006539892237
6.68	0.0260525682
6.69	0.04540013092
6.7	0.06457674105
6.71	0.083576669
6.72	0.1023942962
6.73	0.1210241161
6.74	0.1394607358
6.75	0.1576988765
6.76	0.1757333751
6.77	0.1935591847
6.78	0.211171376
6.79	0.228565138
6.8	0.2457357787
6.81	0.2626787259
6.82	0.2793895283
6.83	0.2958638556
6.84	0.3120974998
6.85	0.3280863752
6.86	0.3438265193
6.87	0.3593140931
6.88	0.3745453814
6.89	0.3895167939
6.9	0.4042248644
6.91	0.4186662522
6.92	0.4328377415
6.93	0.4467362421
6.94	0.4603587894
6.95	0.4737025444
6.96	0.4867647938
6.97	0.4995429502
6.98	0.5120345516
6.99	0.5242372618
7	0.53614887
7.01	0.5477672907
7.02	0.5590905633
7.03	0.5701168521
7.04	0.5808444458
7.05	0.5912717574
7.06	0.6013973232
7.07	0.611219803
7.08	0.6207379795
7.09	0.6299507573
7.1	0.6388571629
7.11	0.6474563438
7.12	0.6557475678
7.13	0.6637302227
7.14	0.671403815
7.15	0.6787679696
7.16	0.6858224288
7.17	0.6925670513
7.18	0.6990018118
7.19	0.7051267995
7.2	0.7109422178
7.21	0.7164483826
7.22	0.7216457218
7.23	0.7265347742
7.24	0.7311161882
7.25	0.7353907208
7.26	0.7393592364
7.27	0.7430227059
7.28	0.7463822051
7.29	0.7494389136
7.3	0.7521941137
7.31	0.754649189
7.32	0.7568056229
7.33	0.7586649975
7.34	0.7602289923
7.35	0.7614993824
7.36	0.7624780376
7.37	0.7631669204
7.38	0.7635680851
7.39	0.7636836758
7.4	0.7635159253
7.41	0.7630671533
7.42	0.7623397649
7.43	0.7613362493
7.44	0.7600591777
7.45	0.7585112021
7.46	0.7566950535
7.47	0.7546135405
7.48	0.7522695472
7.49	0.749666032
7.5	0.7468060255
7.51	0.7436926292
7.52	0.7403290135
7.53	0.736718416
7.54	0.73286414
7.55	0.7287695524
7.56	0.7244380824
7.57	0.7198732193
7.58	0.7150785108
7.59	0.7100575617
7.6	0.7048140314
7.61	0.6993516325
7.62	0.6936741291
7.63	0.6877853348
7.64	0.681689111
7.65	0.6753893648
7.66	0.6688900478
7.67	0.6621951536
7.68	0.6553087165
7.69	0.6482348094
7.7	0.6409775421
7.71	0.6335410595
7.72	0.6259295396
7.73	0.6181471921
7.74	0.6101982561
7.75	0.6020869986
7.76	0.5938177127
7.77	0.5853947156
7.78	0.5768223471
7.79	0.5681049675
7.8	0.5592469561
7.81	0.5502527093
7.82	0.5411266388
7.83	0.5318731698
7.84	0.5224967397
7.85	0.5130017957
7.86	0.5033927934
7.87	0.4936741953
7.88	0.4838504686
7.89	0.473926084
7.9	0.4639055136
7.91	0.4537932298
7.92	0.4435937028
7.93	0.4333113998
7.94	0.4229507828
7.95	0.4125163074
7.96	0.4020124209
7.97	0.3914435607
7.98	0.3808141533
7.99	0.3701286118
8	0.3593913352
8.01	0.3486067066
8.02	0.3377790915
8.03	0.3269128366
8.04	0.3160122684
8.05	0.3050816914
8.06	0.2941253869
8.07	0.2831476118
8.08	0.2721525968
8.09	0.2611445455
8.1	0.2501276327
8.11	0.239106003
8.12	0.2280837701
8.13	0.217065015
8.14	0.2060537848
8.15	0.1950540916
8.16	0.1840699113
8.17	0.1731051825
8.18	0.1621638051
8.19	0.1512496391
8.2	0.1403665041
8.21	0.1295181775
8.22	0.1187083937
8.23	0.1079408433
8.24	0.09721917172
8.25	0.08654697842
8.26	0.07592781587
8.27	0.06536518861
8.28	0.05486255236
8.29	0.04442331313
8.3	0.03405082632
8.31	0.02374839594
8.32	0.01351927373
8.33	0.003366658427
8.34	-0.006706305002
8.35	-0.01669652612
8.36	-0.02660096972
8.37	-0.03641665647
8.38	-0.04614066365
8.39	-0.05577012569
8.4	-0.06530223483
8.41	-0.0747342417
8.42	-0.08406345584
8.43	-0.09328724624
8.44	-0.1024030419
8.45	-0.1114083321
8.46	-0.1203006671
8.47	-0.1290776585
8.48	-0.1377369794
8.49	-0.1462763653
8.5	-0.1546936136
8.51	-0.1629865849
8.52	-0.1711532026
8.53	-0.1791914532
8.54	-0.187099387
8.55	-0.194875118
8.56	-0.2025168239
8.57	-0.2100227467
8.58	-0.2173911925
8.59	-0.2246205318
8.6	-0.2317091995
8.61	-0.238655695
8.62	-0.2454585822
8.63	-0.2521164897
8.64	-0.2586281105
8.65	-0.264992202
8.66	-0.2712075864
8.67	-0.2772731499
8.68	-0.2831878433
8.69	-0.2889506813
8.7	-0.2945607428
8.71	-0.3000171705
8.72	-0.3053191706
8.73	-0.3104660129
8.74	-0.3154570304
8.75	-0.3202916189
8.76	-0.3249692369
8.77	-0.3294894055
8.78	-0.3338517074
8.79	-0.3380557875
8.8	-0.3421013516
8.81	-0.3459881668
8.82	-0.3497160606
8.83	-0.3532849207
8.84	-0.3566946944
8.85	-0.3599453884
8.86	-0.363037068
8.87	-0.3659698571
8.88	-0.368743937
8.89	-0.3713595465
8.9	-0.373816981
8.91	-0.3761165921
8.92	-0.3782587868
8.93	-0.3802440274
8.94	-0.3820728301
8.95	-0.3837457653
8.96	-0.3852634562
8.97	-0.3866265785
8.98	-0.3878358598
8.99	-0.3888920787
9	-0.3897960642
9.01	-0.390548695
9.02	-0.3911508988
9.03	-0.3916036515
9.04	-0.3919079764
9.05	-0.3920649438
9.06	-0.3920756697
9.07	-0.3919413154
9.08	-0.3916630867
9.09	-0.3912422328
9.1	-0.3906800459
9.11	-0.3899778599
9.12	-0.3891370501
9.13	-0.388159032
9.14	-0.3870452605
9.15	-0.3857972293
9.16	-0.3844164696
9.17	-0.3829045497
9.18	-0.3812630739
9.19	-0.3794936814
9.2	-0.3775980458
9.21	-0.3755778742
9.22	-0.3734349059
9.23	-0.3711709118
9.24	-0.3687876935
9.25	-0.3662870825
9.26	-0.3636709388
9.27	-0.3609411505
9.28	-0.3580996326
9.29	-0.3551483263
9.3	-0.3520891977
9.31	-0.3489242374
9.32	-0.345655459
9.33	-0.3422848986
9.34	-0.3388146137
9.35	-0.3352466823
9.36	-0.3315832019
9.37	-0.3278262885
9.38	-0.3239780762
9.39	-0.3200407154
9.4	-0.3160163726
9.41	-0.3119072291
9.42	-0.3077154803
9.43	-0.3034433345
9.44	-0.2990930122
9.45	-0.2946667452
9.46	-0.2901667754
9.47	-0.2855953543
9.48	-0.2809547418
9.49	-0.2762472053
9.5	-0.2714750191
9.51	-0.2666404631
9.52	-0.2617458221
9.53	-0.256793385
9.54	-0.2517854438
9.55	-0.2467242928
9.56	-0.2416122275
9.57	-0.2364515443
9.58	-0.231244539
9.59	-0.2259935063
9.6	-0.220700739
9.61	-0.2153685268
9.62	-0.2099991561
9.63	-0.2045949085
9.64	-0.1991580606
9.65	-0.1936908827
9.66	-0.1881956383
9.67	-0.1826745833
9.68	-0.1771299651
9.69	-0.171564022
9.7	-0.1659789821
9.71	-0.1603770631
9.72	-0.1547604711
9.73	-0.1491314002
9.74	-0.1434920314
9.75	-0.1378445324
9.76	-0.1321910564
9.77	-0.1265337419
9.78	-0.1208747115
9.79	-0.1152160716
9.8	-0.1095599119
9.81	-0.1039083043
9.82	-0.09826330249
9.83	-0.0926269415
9.84	-0.08700123687
9.85	-0.08138818413
9.86	-0.07578975827
9.87	-0.0702079131
9.88	-0.06464458075
9.89	-0.05910167109
9.9	-0.05358107124
9.91	-0.04808464502
9.92	-0.04261423247
9.93	-0.03717164932
9.94	-0.03175868659
9.95	-0.02637711002
9.96	-0.02102865972
9.97	-0.01571504965
9.98	-0.01043796724
9.99	-0.005199072986
10	-2.018716969e-16
10.01	0.00515764633
10.02	0.01027228873
10.03	0.0153423784
10.04	0.02036639535
10.05	0.02534284874
10.06	0.03027027722
10.07	0.03514724918
10.08	0.0399723631
10.09	0.04474424781
10.1	0.04946156272
10.11	0.05412299813
10.12	0.05872727544
10.13	0.06327314737
10.14	0.06775939816
10.15	0.07218484382
10.16	0.07654833225
10.17	0.08084874346
10.18	0.08508498971
10.19	0.08925601565
10.2	0.09336079846
10.21	0.09739834797
10.22	0.1013677068
10.23	0.1052679503
10.24	0.1090981868
10.25	0.1128575578
10.26	0.1165452376
10.27	0.1201604337
10.28	0.1237023867
10.29	0.1271703704
10.3	0.1305636916
10.31	0.1338816904
10.32	0.1371237399
10.33	0.1402892464
10.34	0.143377649
10.35	0.14638842
10.36	0.1493210646
10.37	0.1521751208
10.38	0.1549501593
10.39	0.1576457834
10.4	0.1602616291
10.41	0.1627973646
10.42	0.1652526907
10.43	0.1676273399
10.44	0.1699210768
10.45	0.1721336981
10.46	0.1742650318
10.47	0.1763149373
10.48	0.1782833054
10.49	0.1801700579
10.5	0.1819751473
10.51	0.1836985569
10.52	0.1853403001
10.53	0.1869004204
10.54	0.1883789914
10.55	0.189776116
10.56	0.1910919265
10.57	0.1923265842
10.58	0.1934802792
10.59	0.1945532299
10.6	0.1955456829
10.61	0.1964579126
10.62	0.1972902209
10.63	0.1980429369
10.64	0.1987164162
10.65	0.1993110413
10.66	0.1998272205
10.67	0.2002653881
10.68	0.2006260035
10.69	0.2009095514
10.7	0.201116541
10.71	0.2012475058
10.72	0.2013030031
10.73	0.2012836137
10.74	0.2011899415
10.75	0.201022613
10.76	0.200782277
10.77	0.2004696042
10.78	0.2000852864
10.79	0.1996300368
10.8	0.1991045889
10.81	0.1985096963
10.82	0.1978461324
10.83	0.1971146897
10.84	0.1963161797
10.85	0.195451432
10.86	0.1945212941
10.87	0.1935266312
10.88	0.1924683251
10.89	0.1913472745
10.9	0.1901643937
10.91	0.1889206129
10.92	0.1876168774
10.93	0.1862541471
10.94	0.1848333958
10.95	0.1833556114
10.96	0.1818217948
10.97	0.1802329598
10.98	0.1785901322
10.99	0.1768943498
11	0.1751466618
11.01	0.1733481279
11.02	0.1714998185
11.03	0.1696028138
11.04	0.1676582032
11.05	0.1656670852
11.06	0.1636305668
11.07	0.1615497628
11.08	0.1594257956
11.09	0.1572597946
11.1	0.1550528958
11.11	0.1528062412
11.12	0.1505209784
11.13	0.1481982601
11.14	0.1458392438
11.15	0.143445091
11.16	0.1410169672
11.17	0.138556041
11.18	0.1360634839
11.19	0.1335404695
11.2	0.1309881738
11.21	0.1284077739
11.22	0.1258004479
11.23	0.1231673747
11.24	0.1205097331
11.25	0.1178287018
11.26	0.1151254585
11.27	0.1124011801
11.28	0.1096570415
11.29	0.1068942158
11.3	0.1041138737
11.31	0.1013171829
11.32	0.09850530795
11.33	0.09567940973
11.34	0.09284064501
11.35	0.08999016613
11.36	0.08712912057
11.37	0.08425865058
11.38	0.0813798928
11.39	0.07849397785
11.4	0.07560203002
11.41	0.07270516686
11.42	0.06980449884
11.43	0.06690112897
11.44	0.06399615249
11.45	0.06109065649
11.46	0.05818571962
11.47	0.05528241169
11.48	0.05238179341
11.49	0.04948491603
11.5	0.04659282105
11.51	0.04370653989
11.52	0.04082709362
11.53	0.03795549264
11.54	0.03509273637
11.55	0.03223981304
11.56	0.02939769935
11.57	0.0265673602
11.58	0.02374974849
11.59	0.02094580477
11.6	0.01815645709
11.61	0.01538262067
11.62	0.01262519772
11.63	0.00988507719
11.64	0.007163134544
11.65	0.004460231547
11.66	0.00177721606
11.67	-0.0008850781682
11.68	-0.003525831696
11.69	-0.006144239577
11.7	-0.00873951154
11.71	-0.01131087217
11.72	-0.01385756107
11.73	-0.01637883303
11.74	-0.01887395818
11.75	-0.02134222212
11.76	-0.02378292609
11.77	-0.02619538708
11.78	-0.02857893799
11.79	-0.03093292769
11.8	-0.03325672121
11.81	-0.03554969977
11.82	-0.03781126094
11.83	-0.0400408187
11.84	-0.04223780354
11.85	-0.04440166252
11.86	-0.04653185938
11.87	-0.04862787455
11.88	-0.05068920528
11.89	-0.05271536562
11.9	-0.05470588652
11.91	-0.05666031582
11.92	-0.05857821834
11.93	-0.06045917586
11.94	-0.06230278715
11.95	-0.06410866802
11.96	-0.06587645124
11.97	-0.06760578665
11.98	-0.06929634107
11.99	-0.07094779831
12	-0.07255985918
12.01	-0.07413224143
12.02	-0.07566467974
12.03	-0.07715692566
12.04	-0.07860874759
12.05	-0.08001993075
12.06	-0.08139027707
12.07	-0.08271960516
12.08	-0.08400775027
12.09	-0.08525456416
12.1	-0.08645991508
12.11	-0.08762368766
12.12	-0.08874578282
12.13	-0.08982611768
12.14	-0.09086462548
12.15	-0.09186125542
12.16	-0.09281597265
12.17	-0.09372875805
12.18	-0.09459960818
12.19	-0.09542853513
12.2	-0.09621556641
12.21	-0.09696074478
12.22	-0.09766412816
12.23	-0.09832578945
12.24	-0.09894581641
12.25	-0.09952431149
12.26	-0.1000613917
12.27	-0.1005571884
12.28	-0.1010118471
12.29	-0.1014255276
12.3	-0.1017984034
12.31	-0.1021306617
12.32	-0.1024225033
12.33	-0.1026741423
12.34	-0.102885806
12.35	-0.1030577346
12.36	-0.1031901812
12.37	-0.1032834113
12.38	-0.1033377031
12.39	-0.1033533466
12.4	-0.103330644
12.41	-0.1032699093
12.42	-0.103171468
12.43	-0.1030356569
12.44	-0.1028628241
12.45	-0.1026533284
12.46	-0.1024075394
12.47	-0.1021258372
12.48	-0.1018086122
12.49	-0.1014562648
12.5	-0.101069205
12.51	-0.1006478526
12.52	-0.1001926367
12.53	-0.09970399549
12.54	-0.09918237595
12.55	-0.09862823379
12.56	-0.09804203307
12.57	-0.09742424602
12.58	-0.0967753528
12.59	-0.09609584123
12.6	-0.09538620656
12.61	-0.09464695126
12.62	-0.09387858474
12.63	-0.0930816231
12.64	-0.09225658891
12.65	-0.09140401099
12.66	-0.09052442407
12.67	-0.08961836867
12.68	-0.08868639076
12.69	-0.08772904154
12.7	-0.08674687721
12.71	-0.08574045873
12.72	-0.08471035153
12.73	-0.08365712533
12.74	-0.08258135382
12.75	-0.08148361449
12.76	-0.08036448834
12.77	-0.07922455965
12.78	-0.07806441572
12.79	-0.07688464669
12.8	-0.07568584521
12.81	-0.07446860626
12.82	-0.07323352692
12.83	-0.07198120609
12.84	-0.07071224426
12.85	-0.06942724332
12.86	-0.06812680627
12.87	-0.06681153704
12.88	-0.06548204021
12.89	-0.06413892081
12.9	-0.06278278408
12.91	-0.06141423528
12.92	-0.06003387941
12.93	-0.05864232102
12.94	-0.05724016398
12.95	-0.0558280113
12.96	-0.05440646484
12.97	-0.05297612517
12.98	-0.0515375913
12.99	-0.05009146051
13	-0.04863832815
13.01	-0.04717878738
13.02	-0.04571342902
13.03	-0.04424284134
13.04	-0.04276760985
13.05	-0.04128831711
13.06	-0.03980554254
13.07	-0.03831986224
13.08	-0.03683184878
13.09	-0.03534207103
13.1	-0.03385109401
13.11	-0.03235947864
13.12	-0.03086778163
13.13	-0.02937655529
13.14	-0.02788634732
13.15	-0.02639770073
13.16	-0.02491115359
13.17	-0.02342723891
13.18	-0.02194648449
13.19	-0.02046941275
13.2	-0.01899654059
13.21	-0.01752837923
13.22	-0.01606543408
13.23	-0.0146082046
13.24	-0.01315718414
13.25	-0.01171285984
13.26	-0.01027571247
13.27	-0.008846216314
13.28	-0.007424839063
13.29	-0.006012041665
13.3	-0.004608278225
13.31	-0.003213995891
13.32	-0.001829634739
13.33	-0.0004556276718
13.34	0.0009075996869
13.35	0.002259629092
13.36	0.003600049771
13.37	0.004928458518
13.38	0.006244459784
13.39	0.007547665756
13.4	0.008837696447
13.41	0.01011417977
13.42	0.01137675161
13.43	0.01262505589
13.44	0.01385874467
13.45	0.01507747817
13.46	0.01628092485
13.47	0.01746876147
13.48	0.01864067312
13.49	0.01979635332
13.5	0.02093550402
13.51	0.02205783564
13.52	0.02316306715
13.53	0.02425092607
13.54	0.02532114854
13.55	0.02637347929
13.56	0.02740767172
13.57	0.02842348791
13.58	0.02942069861
13.59	0.03039908329
13.6	0.03135843014
13.61	0.03229853608
13.62	0.03321920675
13.63	0.03412025655
13.64	0.03500150858
13.65	0.03586279471
13.66	0.03670395551
13.67	0.03752484027
13.68	0.03832530698
13.69	0.03910522229
13.7	0.03986446156
13.71	0.04060290874
13.72	0.04132045643
13.73	0.0420170058
13.74	0.04269246656
13.75	0.04334675696
13.76	0.04397980372
13.77	0.04459154201
13.78	0.04518191538
13.79	0.04575087575
13.8	0.04629838332
13.81	0.04682440656
13.82	0.04732892212
13.83	0.0478119148
13.84	0.04827337749
13.85	0.04871331108
13.86	0.04913172443
13.87	0.04952863427
13.88	0.04990406516
13.89	0.05025804941
13.9	0.05059062701
13.91	0.05090184552
13.92	0.05119176005
13.93	0.05146043314
13.94	0.05170793468
13.95	0.05193434183
13.96	0.05213973896
13.97	0.05232421751
13.98	0.05248787594
13.99	0.05263081963
14	0.05275316076
14.01	0.05285501826
14.02	0.05293651768
14.03	0.05299779109
14.04	0.05303897699
14.05	0.05306022021
14.06	0.05306167181
14.07	0.05304348894
14.08	0.05300583478
14.09	0.0529488784
14.1	0.05287279466
14.11	0.05277776413
14.12	0.05266397289
14.13	0.05253161253
14.14	0.05238087995
14.15	0.0522119773
14.16	0.0520251118
14.17	0.05182049569
14.18	0.05159834609
14.19	0.05135888486
14.2	0.05110233848
14.21	0.05082893798
14.22	0.05053891875
14.23	0.05023252047
14.24	0.04990998696
14.25	0.04957156606
14.26	0.04921750951
14.27	0.04884807283
14.28	0.04846351521
14.29	0.04806409933
14.3	0.0476500913
14.31	0.0472217605
14.32	0.04677937945
14.33	0.0463232237
14.34	0.04585357171
14.35	0.0453707047
14.36	0.04487490654
14.37	0.04436646361
14.38	0.0438456647
14.39	0.04331280087
14.4	0.04276816529
14.41	0.0422120532
14.42	0.04164476169
14.43	0.04106658962
14.44	0.04047783752
14.45	0.03987880742
14.46	0.03926980273
14.47	0.03865112817
14.48	0.03802308956
14.49	0.03738599378
14.5	0.03674014861
14.51	0.0360858626
14.52	0.03542344497
14.53	0.03475320549
14.54	0.03407545435
14.55	0.03339050204
14.56	0.03269865925
14.57	0.03200023672
14.58	0.03129554518
14.59	0.03058489519
14.6	0.02986859702
14.61	0.02914696057
14.62	0.02842029527
14.63	0.02768890989
14.64	0.02695311254
14.65	0.02621321047
14.66	0.02546951002
14.67	0.02472231648
14.68	0.023971934
14.69	0.0232186655
14.7	0.02246281255
14.71	0.02170467525
14.72	0.02094455219
14.73	0.02018274028
14.74	0.01941953471
14.75	0.01865522883
14.76	0.01789011406
14.77	0.0171244798
14.78	0.01635861331
14.79	0.01559279969
14.8	0.01482732171
14.81	0.01406245979
14.82	0.01329849187
14.83	0.01253569336
14.84	0.01177433703
14.85	0.01101469295
14.86	0.0102570284
14.87	0.009501607805
14.88	0.008748692645
14.89	0.007998541397
14.9	0.007251409453
14.91	0.006507549053
14.92	0.005767209221
14.93	0.005030635689
14.94	0.004298070844
14.95	0.003569753656
14.96	0.002845919619
14.97	0.002126800695
14.98	0.001412625253
14.99	0.0007036180152
15	4.098054491e-17
15.01	-0.0006980115269
15.02	-0.001390203105
15.03	-0.002076365126
15.04	-0.002756291883
15.05	-0.003429781613
15.06	-0.004096636541
15.07	-0.004756662923
15.08	-0.005409671082
15.09	-0.00605547545
15.1	-0.0066938946
15.11	-0.007324751282
15.12	-0.007947872456
15.13	-0.00856308932
15.14	-0.009170237342
15.15	-0.009769156283
15.16	-0.01035969023
15.17	-0.0109416876
15.18	-0.01151500118
15.19	-0.01207948816
15.2	-0.0126350101
15.21	-0.01318143301
15.22	-0.01371862731
15.23	-0.01424646786
15.24	-0.01476483402
15.25	-0.01527360955
15.26	-0.01577268274
15.27	-0.01626194633
15.28	-0.01674129755
15.29	-0.0172106381
15.3	-0.01766987419
15.31	-0.0181189165
15.32	-0.01855768018
15.33	-0.01898608489
15.34	-0.01940405474
15.35	-0.01981151829
15.36	-0.02020840857
15.37	-0.02059466307
15.38	-0.02097022369
15.39	-0.02133503674
15.4	-0.02168905296
15.41	-0.02203222745
15.42	-0.0223645197
15.43	-0.02268589352
15.44	-0.02299631706
15.45	-0.02329576279
15.46	-0.02358420743
15.47	-0.02386163197
15.48	-0.02412802163
15.49	-0.02438336581
15.5	-0.02462765811
15.51	-0.02486089623
15.52	-0.025083082
15.53	-0.02529422133
15.54	-0.02549432416
15.55	-0.02568340441
15.56	-0.02586147999
15.57	-0.02602857275
15.58	-0.02618470838
15.59	-0.02632991647
15.6	-0.02646423038
15.61	-0.02658768725
15.62	-0.02670032793
15.63	-0.02680219695
15.64	-0.02689334247
15.65	-0.02697381622
15.66	-0.02704367348
15.67	-0.02710297301
15.68	-0.02715177701
15.69	-0.02719015105
15.7	-0.02721816404
15.71	-0.0272358882
15.72	-0.02724339894
15.73	-0.02724077487
15.74	-0.02722809772
15.75	-0.02720545227
15.76	-0.02717292633
15.77	-0.02713061066
15.78	-0.02707859891
15.79	-0.02701698758
15.8	-0.02694587593
15.81	-0.02686536598
15.82	-0.02677556237
15.83	-0.02667657237
15.84	-0.02656850578
15.85	-0.0264514749
15.86	-0.02632559443
15.87	-0.02619098144
15.88	-0.0260477553
15.89	-0.02589603759
15.9	-0.02573595208
15.91	-0.02556762466
15.92	-0.02539118325
15.93	-0.02520675775
15.94	-0.02501447997
15.95	-0.0248144836
15.96	-0.0246069041
15.97	-0.02439187866
15.98	-0.02416954612
15.99	-0.02394004694
16	-0.02370352308
16.01	-0.02346011799
16.02	-0.02320997652
16.03	-0.02295324484
16.04	-0.02269007041
16.05	-0.0224206019
16.06	-0.0221449891
16.07	-0.0218633829
16.08	-0.0215759352
16.09	-0.02128279885
16.1	-0.02098412757
16.11	-0.02068007593
16.12	-0.02037079924
16.13	-0.0200564535
16.14	-0.01973719536
16.15	-0.01941318202
16.16	-0.0190845712
16.17	-0.01875152106
16.18	-0.01841419013
16.19	-0.01807273727
16.2	-0.0177273216
16.21	-0.01737810245
16.22	-0.01702523925
16.23	-0.01666889154
16.24	-0.01630921886
16.25	-0.01594638073
16.26	-0.01558053654
16.27	-0.01521184554
16.28	-0.01484046677
16.29	-0.01446655897
16.3	-0.01409028058
16.31	-0.01371178964
16.32	-0.01333124375
16.33	-0.01294880002
16.34	-0.01256461499
16.35	-0.01217884462
16.36	-0.01179164421
16.37	-0.01140316834
16.38	-0.01101357084
16.39	-0.01062300472
16.4	-0.01023162215
16.41	-0.00983957435
16.42	-0.009447011621
16.43	-0.009054083238
16.44	-0.008660937423
16.45	-0.008267721299
16.46	-0.007874580845
16.47	-0.007481660844
16.48	-0.007089104847
16.49	-0.006697055126
16.5	-0.006305652633
16.51	-0.005915036956
16.52	-0.005525346279
16.53	-0.005136717346
16.54	-0.004749285417
16.55	-0.00436318423
16.56	-0.003978545968
16.57	-0.003595501218
16.58	-0.003214178938
16.59	-0.002834706421
16.6	-0.002457209262
16.61	-0.002081811325
16.62	-0.001708634709
16.63	-0.001337799721
16.64	-0.0009694248423
16.65	-0.0006036266998
16.66	-0.0002405200389
16.67	0.0001197823046
16.68	0.0004771694313
16.69	0.0008315324034
16.7	0.00118276427
16.71	0.001530760089
16.72	0.001875416953
16.73	0.002216634008
16.74	0.002554312476
16.75	0.002888355675
16.76	0.003218669038
16.77	0.00354516013
16.78	0.003867738667
16.79	0.004186316531
16.8	0.004500807784
16.81	0.004811128687
16.82	0.005117197709
16.83	0.00541893554
16.84	0.005716265105
16.85	0.006009111573
16.86	0.006297402368
16.87	0.006581067176
16.88	0.006860037954
16.89	0.007134248938
16.9	0.007403636646
16.91	0.00766813989
16.92	0.00792769977
16.93	0.008182259689
16.94	0.008431765346
16.95	0.008676164744
16.96	0.008915408188
16.97	0.009149448285
16.98	0.009378239946
16.99	0.00960174038
17	0.009819909094
17.01	0.01003270789
17.02	0.01024010086
17.03	0.01044205439
17.04	0.01063853712
17.05	0.01082951999
17.06	0.0110149762
17.07	0.01119488119
17.08	0.01136921268
17.09	0.01153795059
17.1	0.0117010771
17.11	0.01185857659
17.12	0.01201043565
17.13	0.01215664308
17.14	0.01229718982
17.15	0.01243206902
17.16	0.01256127595
17.17	0.01268480802
17.18	0.01280266477
17.19	0.01291484783
17.2	0.01302136093
17.21	0.01312220986
17.22	0.01321740245
17.23	0.01330694856
17.24	0.01339086009
17.25	0.01346915088
17.26	0.01354183678
17.27	0.01360893557
17.28	0.01367046694
17.29	0.01372645251
17.3	0.01377691576
17.31	0.01382188203
17.32	0.0138613785
17.33	0.01389543413
17.34	0.0139240797
17.35	0.0139473477
17.36	0.0139652724
17.37	0.01397788973
17.38	0.01398523731
17.39	0.01398735443
17.4	0.01398428197
17.41	0.01397606243
17.42	0.01396273984
17.43	0.01394435981
17.44	0.01392096943
17.45	0.01389261727
17.46	0.01385935335
17.47	0.01382122911
17.48	0.01377829737
17.49	0.01373061233
17.5	0.01367822948
17.51	0.01362120564
17.52	0.01355959887
17.53	0.01349346847
17.54	0.01342287494
17.55	0.01334787996
17.56	0.01326854631
17.57	0.01318493793
17.58	0.01309711978
17.59	0.01300515789
17.6	0.01290911928
17.61	0.01280907196
17.62	0.01270508486
17.63	0.01259722783
17.64	0.01248557159
17.65	0.01237018772
17.66	0.01225114857
17.67	0.01212852731
17.68	0.01200239781
17.69	0.01187283468
17.7	0.0117399132
17.71	0.01160370927
17.72	0.01146429942
17.73	0.01132176075
17.74	0.01117617091
17.75	0.01102760805
17.76	0.01087615079
17.77	0.01072187822
17.78	0.01056486981
17.79	0.01040520544
17.8	0.0102429653
17.81	0.01007822992
17.82	0.009911080109
17.83	0.009741596913
17.84	0.009569861605
17.85	0.009395955639
17.86	0.009219960623
17.87	0.009041958289
17.88	0.008862030458
17.89	0.008680259014
17.9	0.008496725866
17.91	0.008311512927
17.92	0.008124702074
17.93	0.007936375124
17.94	0.007746613805
17.95	0.007555499722
17.96	0.007363114329
17.97	0.007169538904
17.98	0.006974854515
17.99	0.006779141996
18	0.006582481916
18.01	0.006384954552
18.02	0.006186639864
18.03	0.005987617464
18.04	0.005787966592
18.05	0.00558776609
18.06	0.005387094374
18.07	0.005186029409
18.08	0.004984648686
18.09	0.004783029194
18.1	0.004581247396
18.11	0.004379379207
18.12	0.00417749997
18.13	0.00397568443
18.14	0.003774006714
18.15	0.003572540305
18.16	0.003371358027
18.17	0.003170532013
18.18	0.002970133694
18.19	0.002770233772
18.2	0.002570902201
18.21	0.002372208168
18.22	0.002174220072
18.23	0.001977005507
18.24	0.001780631242
18.25	0.001585163204
18.26	0.001390666457
18.27	0.00119720519
18.28	0.001004842698
18.29	0.0008136413615
18.3	0.0006236626388
18.31	0.0004349670442
18.32	0.0002476141356
18.33	6.166250001e-05
18.34	-0.0001228302607
18.35	-0.0003058075431
18.36	-0.0004872137554
18.37	-0.0006669943295
18.38	-0.0008450957335
18.39	-0.001021465483
18.4	-0.001196052152
18.41	-0.001368805384
18.42	-0.001539675901
18.43	-0.001708615515
18.44	-0.001875577136
18.45	-0.002040514779
18.46	-0.002203383576
18.47	-0.002364139781
18.48	-0.002522740777
18.49	-0.002679145084
18.5	-0.002833312366
18.51	-0.002985203433
18.52	-0.003134780253
18.53	-0.003282005949
18.54	-0.003426844809
18.55	-0.00356926229
18.56	-0.003709225016
18.57	-0.003846700787
18.58	-0.003981658579
18.59	-0.004114068547
18.6	-0.004243902025
18.61	-0.004371131528
18.62	-0.004495730755
18.63	-0.004617674584
18.64	-0.004736939078
18.65	-0.00485350148
18.66	-0.004967340215
18.67	-0.005078434887
18.68	-0.005186766275
18.69	-0.005292316335
18.7	-0.005395068196
18.71	-0.005495006155
18.72	-0.005592115675
18.73	-0.00568638338
18.74	-0.005777797054
18.75	-0.00586634563
18.76	-0.005952019194
18.77	-0.006034808968
18.78	-0.006114707316
18.79	-0.006191707728
18.8	-0.00626580482
18.81	-0.006336994324
18.82	-0.00640527308
18.83	-0.006470639032
18.84	-0.006533091216
18.85	-0.006592629753
18.86	-0.006649255842
18.87	-0.006702971747
18.88	-0.006753780793
18.89	-0.006801687352
18.9	-0.006846696835
18.91	-0.006888815681
18.92	-0.006928051346
18.93	-0.006964412295
18.94	-0.006997907985
18.95	-0.007028548862
18.96	-0.00705634634
18.97	-0.007081312797
18.98	-0.007103461557
18.99	-0.007122806881
19	-0.007139363953
19.01	-0.007153148867
19.02	-0.007164178614
19.03	-0.007172471068
19.04	-0.007178044973
19.05	-0.007180919931
19.06	-0.007181116383
19.07	-0.007178655599
19.08	-0.007173559663
19.09	-0.007165851455
19.1	-0.007155554641
19.11	-0.007142693656
19.12	-0.007127293688
19.13	-0.007109380661
19.14	-0.007088981225
19.15	-0.007066122736
19.16	-0.00704083324
19.17	-0.007013141462
19.18	-0.006983076783
19.19	-0.006950669229
19.2	-0.006915949453
19.21	-0.006878948718
19.22	-0.006839698884
19.23	-0.006798232386
19.24	-0.006754582222
19.25	-0.006708781933
19.26	-0.006660865589
19.27	-0.006610867772
19.28	-0.006558823557
19.29	-0.006504768496
19.3	-0.006448738602
19.31	-0.006390770332
19.32	-0.006330900567
19.33	-0.0062691666
19.34	-0.006205606115
19.35	-0.006140257172
19.36	-0.006073158187
19.37	-0.006004347919
19.38	-0.005933865451
19.39	-0.005861750173
19.4	-0.005788041764
19.41	-0.005712780176
19.42	-0.005636005618
19.43	-0.005557758538
19.44	-0.005478079606
19.45	-0.005397009697
19.46	-0.005314589876
19.47	-0.005230861378
19.48	-0.005145865595
19.49	-0.005059644057
19.5	-0.004972238418
19.51	-0.004883690435
19.52	-0.004794041958
19.53	-0.004703334909
19.54	-0.004611611266
19.55	-0.004518913051
19.56	-0.00442528231
19.57	-0.0043307611
19.58	-0.004235391472
19.59	-0.004139215453
19.6	-0.004042275037
19.61	-0.003944612165
19.62	-0.003846268709
19.63	-0.003747286463
19.64	-0.00364770712
19.65	-0.003547572264
19.66	-0.003446923352
19.67	-0.003345801703
19.68	-0.003244248478
19.69	-0.003142304672
19.7	-0.003040011099
19.71	-0.002937408373
19.72	-0.002834536903
19.73	-0.002731436872
19.74	-0.002628148231
19.75	-0.002524710678
19.76	-0.002421163654
19.77	-0.002317546323
19.78	-0.002213897566
19.79	-0.002110255962
19.8	-0.002006659783
19.81	-0.001903146979
19.82	-0.001799755164
19.83	-0.001696521612
19.84	-0.001593483237
19.85	-0.00149067659
19.86	-0.001388137844
19.87	-0.001285902784
19.88	-0.001184006797
19.89	-0.001082484865
19.9	-0.0009813715521
19.91	-0.0008807009943
19.92	-0.0007805068934
19.93	-0.0006808225059
19.94	-0.0005816806351
19.95	-0.0004831136221
19.96	-0.0003851533377
19.97	-0.0002878311744
19.98	-0.0001911780388
19.99	-9.522434338e-05
20	-7.394818203e-18
20.01	9.44655877e-05
20.02	0.0001881435309
20.03	0.0002810054624
20.04	0.0003730235426
20.05	0.000464170466
20.06	0.0005544194666
20.07	0.0006437443239
20.08	0.0007321193681
20.09	0.0008195194852
20.1	0.0009059201216
20.11	0.0009912972894
20.12	0.00107562757
20.13	0.001158888119
20.14	0.001241056668
20.15	0.001322111533
20.16	0.001402031611
20.17	0.00148079639
20.18	0.001558385946
20.19	0.001634780951
20.2	0.001709962671
20.21	0.00178391297
20.22	0.001856614312
20.23	0.001928049764
20.24	0.001998202993
20.25	0.002067058275
20.26	0.002134600486
20.27	0.002200815113
20.28	0.002265688245
20.29	0.002329206582
20.3	0.002391357428
20.31	0.002452128696
20.32	0.002511508904
20.33	0.002569487177
20.34	0.002626053244
20.35	0.002681197439
20.36	0.002734910698
20.37	0.00278718456
20.38	0.002838011163
20.39	0.002887383241
20.4	0.002935294126
20.41	0.002981737743
20.42	0.003026708608
20.43	0.003070201825
20.44	0.003112213083
20.45	0.003152738655
20.46	0.003191775392
20.47	0.003229320721
20.48	0.003265372641
20.49	0.003299929718
20.5	0.003332991085
20.51	0.003364556432
20.52	0.003394626007
20.53	0.003423200609
20.54	0.003450281581
20.55	0.00347587081
20.56	0.00349997072
20.57	0.003522584265
20.58	0.003543714925
20.59	0.003563366703
20.6	0.003581544114
20.61	0.003598252185
20.62	0.003613496443
20.63	0.003627282916
20.64	0.00363961812
20.65	0.003650509058
20.66	0.003659963211
20.67	0.003667988529
20.68	0.003674593432
20.69	0.003679786793
20.7	0.00368357794
20.71	0.003685976644
20.72	0.003686993112
20.73	0.003686637983
20.74	0.003684922317
20.75	0.003681857589
20.76	0.003677455682
20.77	0.003671728878
20.78	0.003664689854
20.79	0.003656351666
20.8	0.003646727751
20.81	0.003635831914
20.82	0.003623678317
20.83	0.003610281477
20.84	0.003595656255
20.85	0.003579817848
20.86	0.003562781779
20.87	0.003544563892
20.88	0.003525180341
20.89	0.003504647581
20.9	0.003482982364
20.91	0.003460201725
20.92	0.003436322977
20.93	0.003411363699
20.94	0.003385341732
20.95	0.003358275167
20.96	0.003330182336
20.97	0.003301081807
20.98	0.00327099237
20.99	0.003239933033
21	0.003207923009
21.01	0.003174981713
21.02	0.003141128746
21.03	0.003106383891
21.04	0.003070767106
21.05	0.003034298508
21.06	0.002996998372
21.07	0.002958887118
21.08	0.002919985302
21.09	0.00288031361
21.1	0.002839892849
21.11	0.002798743934
21.12	0.002756887885
21.13	0.002714345815
21.14	0.002671138924
21.15	0.002627288487
21.16	0.002582815849
21.17	0.002537742413
21.18	0.002492089636
21.19	0.002445879017
21.2	0.00239913209
21.21	0.002351870417
21.22	0.002304115576
21.23	0.002255889157
21.24	0.002207212754
21.25	0.002158107952
21.26	0.002108596325
21.27	0.002058699425
21.28	0.002008438773
21.29	0.001957835856
21.3	0.001906912113
21.31	0.001855688935
21.32	0.001804187649
21.33	0.001752429518
21.34	0.001700435728
21.35	0.001648227386
21.36	0.001595825509
21.37	0.001543251017
21.38	0.001490524729
21.39	0.001437667353
21.4	0.001384699481
21.41	0.001331641582
21.42	0.001278513993
21.43	0.001225336919
21.44	0.001172130419
21.45	0.001118914404
21.46	0.001065708629
21.47	0.001012532689
21.48	0.0009594060124
21.49	0.0009063478524
21.5	0.0008533772851
21.51	0.0008005132017
21.52	0.0007477743037
21.53	0.000695179097
21.54	0.000642745887
21.55	0.0005904927736
21.56	0.0005384376454
21.57	0.0004865981757
21.58	0.000434991817
21.59	0.0003836357964
21.6	0.0003325471115
21.61	0.0002817425253
21.62	0.0002312385623
21.63	0.0001810515042
21.64	0.0001311973856
21.65	8.169199038e-05
21.66	3.255084759e-05
21.67	-1.621077212e-05
21.68	-6.457786013e-05
21.69	-0.0001125356733
21.7	-0.0001600697374
21.71	-0.0002071658502
21.72	-0.0002538100845
21.73	-0.0002999887912
21.74	-0.0003456886024
21.75	-0.0003908964334
21.76	-0.0004355994859
21.77	-0.0004797852504
21.78	-0.000523441508
21.79	-0.0005665563334
21.8	-0.0006091180963
21.81	-0.0006511154636
21.82	-0.0006925374013
21.83	-0.0007333731761
21.84	-0.000773612357
21.85	-0.0008132448168
21.86	-0.0008522607332
21.87	-0.0008906505903
21.88	-0.0009284051795
21.89	-0.0009655156007
21.9	-0.001001973263
21.91	-0.001037769884
21.92	-0.001072897494
21.93	-0.001107348432
21.94	-0.001141115351
21.95	-0.001174191213
21.96	-0.001206569292
21.97	-0.001238243175
21.98	-0.001269206759
21.99	-0.001299454254
22	-0.001328980179
22.01	-0.001357779364
22.02	-0.001385846951
22.03	-0.001413178388
22.04	-0.001439769434
22.05	-0.001465616156
22.06	-0.001490714924
22.07	-0.001515062417
22.08	-0.001538655618
22.09	-0.001561491811
22.1	-0.001583568583
22.11	-0.001604883821
22.12	-0.001625435711
22.13	-0.001645222734
22.14	-0.001664243668
22.15	-0.001682497582
22.16	-0.001699983838
22.17	-0.001716702086
22.18	-0.001732652262
22.19	-0.001747834589
22.2	-0.00176224957
22.21	-0.001775897988
22.22	-0.001788780904
22.23	-0.001800899653
22.24	-0.001812255843
22.25	-0.00182285135
22.26	-0.001832688317
22.27	-0.00184176915
22.28	-0.001850096516
22.29	-0.001857673338
22.3	-0.001864502797
22.31	-0.00187058832
22.32	-0.001875933585
22.33	-0.001880542514
22.34	-0.001884419269
22.35	-0.001887568252
22.36	-0.001889994095
22.37	-0.001891701665
22.38	-0.001892696053
22.39	-0.001892982574
22.4	-0.001892566762
22.41	-0.001891454367
22.42	-0.001889651352
22.43	-0.001887163885
22.44	-0.001883998341
22.45	-0.001880161293
22.46	-0.001875659511
22.47	-0.001870499956
22.48	-0.001864689778
22.49	-0.001858236309
22.5	-0.001851147061
22.51	-0.001843429723
22.52	-0.001835092154
22.53	-0.001826142377
22.54	-0.001816588582
22.55	-0.001806439114
22.56	-0.001795702474
22.57	-0.001784387309
22.58	-0.001772502415
22.59	-0.001760056727
22.6	-0.001747059314
22.61	-0.001733519381
22.62	-0.001719446257
22.63	-0.001704849396
22.64	-0.001689738368
22.65	-0.001674122858
22.66	-0.001658012662
22.67	-0.001641417678
22.68	-0.001624347907
22.69	-0.001606813445
22.7	-0.001588824478
22.71	-0.00157039128
22.72	-0.001551524209
22.73	-0.001532233698
22.74	-0.001512530256
22.75	-0.001492424458
22.76	-0.001471926948
22.77	-0.001451048426
22.78	-0.001429799648
22.79	-0.001408191425
22.8	-0.00138623461
22.81	-0.001363940101
22.82	-0.001341318834
22.83	-0.001318381777
22.84	-0.001295139931
22.85	-0.001271604318
22.86	-0.001247785982
22.87	-0.001223695986
22.88	-0.001199345402
22.89	-0.001174745312
22.9	-0.001149906802
22.91	-0.001124840956
22.92	-0.001099558856
22.93	-0.001074071575
22.94	-0.001048390173
22.95	-0.001022525695
22.96	-0.0009964891632
22.97	-0.0009702915782
22.98	-0.0009439439114
22.99	-0.0009174571022
23	-0.0008908420545
23.01	-0.0008641096328
23.02	-0.0008372706583
23.03	-0.0008103359054
23.04	-0.0007833160981
23.05	-0.0007562219065
23.06	-0.0007290639429
23.07	-0.000701852759
23.08	-0.0006745988418
23.09	-0.0006473126107
23.1	-0.0006200044139
23.11	-0.0005926845254
23.12	-0.0005653631417
23.13	-0.0005380503784
23.14	-0.0005107562675
23.15	-0.0004834907541
23.16	-0.0004562636934
23.17	-0.000429084848
23.18	-0.0004019638848
23.19	-0.0003749103722
23.2	-0.0003479337776
23.21	-0.0003210434643
23.22	-0.0002942486892
23.23	-0.0002675586003
23.24	-0.0002409822335
23.25	-0.0002145285111
23.26	-0.0001882062389
23.27	-0.0001620241035
23.28	-0.0001359906711
23.29	-0.0001101143841
23.3	-8.440355987e-05
23.31	-5.886638812e-05
23.32	-3.351092917e-05
23.33	-8.345111904e-06
23.34	1.662326812e-05
23.35	4.138655047e-05
23.36	6.593721158e-05
23.37	9.02678665e-05
23.38	0.0001143712705
23.39	0.0001382403204
23.4	0.0001618680567
23.41	0.0001852476643
23.42	0.0002083724741
23.43	0.0002312359647
23.44	0.0002538317629
23.45	0.0002761536456
23.46	0.0002981955404
23.47	0.0003199515269
23.48	0.0003414158376
23.49	0.0003625828588
23.5	0.0003834471315
23.51	0.0004040033522
23.52	0.0004242463734
23.53	0.0004441712047
23.54	0.0004637730129
23.55	0.0004830471229
23.56	0.0005019890181
23.57	0.0005205943405
23.58	0.0005388588916
23.59	0.0005567786321
23.6	0.0005743496826
23.61	0.0005915683234
23.62	0.000608430995
23.63	0.0006249342977
23.64	0.0006410749918
23.65	0.0006568499975
23.66	0.000672256395
23.67	0.0006872914238
23.68	0.0007019524829
23.69	0.0007162371302
23.7	0.0007301430824
23.71	0.0007436682144
23.72	0.0007568105587
23.73	0.0007695683053
23.74	0.0007819398007
23.75	0.0007939235475
23.76	0.0008055182034
23.77	0.000816722581
23.78	0.0008275356465
23.79	0.0008379565191
23.8	0.00084798447
23.81	0.0008576189216
23.82	0.0008668594465
23.83	0.0008757057661
23.84	0.0008841577501
23.85	0.0008922154149
23.86	0.0008998789226
23.87	0.0009071485799
23.88	0.0009140248366
23.89	0.0009205082843
23.9	0.0009265996554
23.91	0.0009322998213
23.92	0.0009376097912
23.93	0.0009425307105
23.94	0.0009470638592
23.95	0.0009512106509
23.96	0.0009549726306
23.97	0.000958351473
23.98	0.0009613489818
23.99	0.0009639670867
24	0.0009662078427
24.01	0.0009680734279
24.02	0.0009695661418
24.03	0.0009706884035
24.04	0.0009714427496
24.05	0.0009718318328
24.06	0.0009718584197
24.07	0.0009715253888
24.08	0.0009708357288
24.09	0.0009697925363
24.1	0.0009683990141
24.11	0.0009666584691
24.12	0.0009645743099
24.13	0.0009621500454
24.14	0.0009593892819
24.15	0.0009562957218
24.16	0.0009528731608
24.17	0.0009491254861
24.18	0.0009450566743
24.19	0.0009406707888
24.2	0.000935971978
24.21	0.0009309644732
24.22	0.0009256525857
24.23	0.0009200407055
24.24	0.0009141332981
24.25	0.000907934903
24.26	0.0009014501311
24.27	0.0008946836624
24.28	0.0008876402438
24.29	0.0008803246868
24.3	0.0008727418653
24.31	0.000864896713
24.32	0.0008567942214
24.33	0.0008484394375
24.34	0.0008398374613
24.35	0.0008309934435
24.36	0.0008219125833
24.37	0.0008126001263
24.38	0.0008030613615
24.39	0.0007933016199
24.4	0.0007833262715
24.41	0.0007731407232
24.42	0.0007627504167
24.43	0.0007521608259
24.44	0.0007413774551
24.45	0.000730405836
24.46	0.0007192515261
24.47	0.0007079201061
24.48	0.0006964171778
24.49	0.0006847483616
24.5	0.0006729192946
24.51	0.0006609356283
24.52	0.0006488030263
24.53	0.000636527162
24.54	0.0006241137169
24.55	0.0006115683777
24.56	0.0005988968349
24.57	0.0005861047802
24.58	0.0005731979044
24.59	0.0005601818957
24.6	0.0005470624371
24.61	0.0005338452046
24.62	0.0005205358652
24.63	0.0005071400748
24.64	0.0004936634762
24.65	0.0004801116971
24.66	0.0004664903482
24.67	0.0004528050211
24.68	0.0004390612866
24.69	0.0004252646929
24.7	0.0004114207631
24.71	0.0003975349941
24.72	0.0003836128546
24.73	0.0003696597827
24.74	0.0003556811852
24.75	0.0003416824347
24.76	0.0003276688689
24.77	0.0003136457881
24.78	0.0002996184541
24.79	0.0002855920883
24.8	0.0002715718701
24.81	0.0002575629354
24.82	0.0002435703749
24.83	0.0002295992329
24.84	0.0002156545053
24.85	0.0002017411386
24.86	0.0001878640283
24.87	0.0001740280174
24.88	0.0001602378952
24.89	0.0001464983959
24.9	0.000132814197
24.91	0.0001191899185
24.92	0.0001056301215
24.93	9.213930667e-05
24.94	7.87219135e-05
24.95	6.538231888e-05
24.96	5.212483604e-05
24.97	3.895371352e-05
24.98	2.587313402e-05
24.99	1.288721348e-05
25	3.670369042e-18
25.01	-1.278452707e-05
25.02	-2.546245805e-05
25.03	-3.802995385e-05
25.04	-5.04832468e-05
25.05	-6.281864148e-05
25.06	-7.503251554e-05
25.07	-8.712132041e-05
25.08	-9.908158205e-05
25.09	-0.0001109099016
25.1	-0.0001226029563
25.11	-0.0001341574994
25.12	-0.0001455703618
25.13	-0.0001568384518
25.14	-0.0001679587557
25.15	-0.0001789283387
25.16	-0.0001897443452
25.17	-0.0002004039988
25.18	-0.0002109046034
25.19	-0.0002212435431
25.2	-0.0002314182824
25.21	-0.000241426367
25.22	-0.0002512654238
25.23	-0.0002609331608
25.24	-0.0002704273681
25.25	-0.0002797459171
25.26	-0.0002888867614
25.27	-0.0002978479366
25.28	-0.0003066275604
25.29	-0.0003152238325
25.3	-0.0003236350348
25.31	-0.0003318595316
25.32	-0.0003398957689
25.33	-0.0003477422748
25.34	-0.0003553976595
25.35	-0.0003628606148
25.36	-0.000370129914
25.37	-0.0003772044119
25.38	-0.0003840830445
25.39	-0.0003907648287
25.4	-0.0003972488619
25.41	-0.000403534322
25.42	-0.0004096204667
25.43	-0.0004155066335
25.44	-0.0004211922391
25.45	-0.0004266767789
25.46	-0.0004319598268
25.47	-0.0004370410345
25.48	-0.0004419201312
25.49	-0.0004465969231
25.5	-0.0004510712925
25.51	-0.0004553431977
25.52	-0.0004594126722
25.53	-0.0004632798239
25.54	-0.000466944835
25.55	-0.0004704079606
25.56	-0.0004736695287
25.57	-0.0004767299392
25.58	-0.0004795896631
25.59	-0.0004822492421
25.6	-0.0004847092871
25.61	-0.0004869704786
25.62	-0.0004890335646
25.63	-0.0004908993608
25.64	-0.0004925687492
25.65	-0.0004940426774
25.66	-0.0004953221578
25.67	-0.0004964082665
25.68	-0.0004973021429
25.69	-0.0004980049879
25.7	-0.0004985180638
25.71	-0.0004988426931
25.72	-0.0004989802571
25.73	-0.0004989321956
25.74	-0.0004987000054
25.75	-0.0004982852396
25.76	-0.0004976895063
25.77	-0.0004969144677
25.78	-0.0004959618393
25.79	-0.0004948333883
25.8	-0.0004935309331
25.81	-0.0004920563418
25.82	-0.0004904115313
25.83	-0.0004885984662
25.84	-0.0004866191577
25.85	-0.0004844756624
25.86	-0.0004821700812
25.87	-0.0004797045583
25.88	-0.0004770812799
25.89	-0.0004743024731
25.9	-0.0004713704048
25.91	-0.0004682873806
25.92	-0.0004650557434
25.93	-0.0004616778724
25.94	-0.0004581561822
25.95	-0.0004544931209
25.96	-0.0004506911697
25.97	-0.0004467528414
25.98	-0.0004426806789
25.99	-0.0004384772547
26	-0.0004341451691
26.01	-0.0004296870494
26.02	-0.0004251055485
26.03	-0.0004204033438
26.04	-0.000415583136
26.05	-0.000410647648
26.06	-0.0004055996235
26.07	-0.0004004418261
26.08	-0.0003951770379
26.09	-0.0003898080583
26.1	-0.000384337703
26.11	-0.000378768803
26.12	-0.0003731042028
26.13	-0.0003673467597
26.14	-0.0003614993429
26.15	-0.0003555648316
26.16	-0.0003495461145
26.17	-0.0003434460883
26.18	-0.0003372676568
26.19	-0.0003310137296
26.2	-0.000324687221
26.21	-0.000318291049
26.22	-0.0003118281341
26.23	-0.0003053013981
26.24	-0.0002987137632
26.25	-0.000292068151
26.26	-0.0002853674809
26.27	-0.0002786146698
26.28	-0.0002718126302
26.29	-0.0002649642701
26.3	-0.000258072491
26.31	-0.0002511401876
26.32	-0.0002441702465
26.33	-0.0002371655451
26.34	-0.0002301289509
26.35	-0.0002230633202
26.36	-0.0002159714973
26.37	-0.0002088563135
26.38	-0.0002017205864
26.39	-0.0001945671184
26.4	-0.0001873986965
26.41	-0.0001802180906
26.42	-0.0001730280534
26.43	-0.000165831319
26.44	-0.0001586306023
26.45	-0.0001514285978
26.46	-0.0001442279791
26.47	-0.0001370313983
26.48	-0.0001298414844
26.49	-0.0001226608433
26.5	-0.0001154920566
26.51	-0.0001083376809
26.52	-0.0001012002472
26.53	-9.408225999e-05
26.54	-8.698619667e-05
26.55	-7.991450676e-05
26.56	-7.286961125e-05
26.57	-6.585390193e-05
26.58	-5.886974075e-05
26.59	-5.191945917e-05
26.6	-4.500535752e-05
26.61	-3.812970446e-05
26.62	-3.129473633e-05
26.63	-2.45026566e-05
26.64	-1.775563534e-05
26.65	-1.105580866e-05
26.66	-4.405278178e-06
26.67	2.193889436e-06
26.68	8.739662992e-06
26.69	1.523004722e-05
26.7	2.166308325e-05
26.71	2.803684901e-05
26.72	3.434945967e-05
26.73	4.059906803e-05
26.74	4.678386492e-05
26.75	5.290207953e-05
26.76	5.895197981e-05
26.77	6.493187275e-05
26.78	7.084010475e-05
26.79	7.667506185e-05
26.8	8.243517009e-05
26.81	8.811889568e-05
26.82	9.372474536e-05
26.83	9.925126651e-05
26.84	0.0001046970475
26.85	0.0001100607176
26.86	0.0001153409477
26.87	0.0001205364499
26.88	0.0001256459779
26.89	0.0001306683273
26.9	0.0001356023353
26.91	0.0001404468812
26.92	0.0001452008862
26.93	0.0001498633138
26.94	0.0001544331693
26.95	0.0001589095004
26.96	0.0001632913969
26.97	0.0001675779908
26.98	0.0001717684563
26.99	0.0001758620095
27	0.0001798579089
27.01	0.0001837554548
27.02	0.0001875539896
27.03	0.0001912528974
27.04	0.0001948516042
27.05	0.0001983495775
27.06	0.0002017463264
27.07	0.0002050414013
27.08	0.0002082343938
27.09	0.0002113249365
27.1	0.0002143127027
27.11	0.0002171974065
27.12	0.0002199788023
27.13	0.0002226566847
27.14	0.0002252308882
27.15	0.0002277012868
27.16	0.0002300677942
27.17	0.000232330363
27.18	0.0002344889847
27.19	0.0002365436892
27.2	0.0002384945447
27.21	0.0002403416572
27.22	0.0002420851703
27.23	0.0002437252646
27.24	0.0002452621578
27.25	0.0002466961037
27.26	0.0002480273924
27.27	0.0002492563495
27.28	0.0002503833359
27.29	0.0002514087474
27.3	0.0002523330141
27.31	0.0002531566001
27.32	0.0002538800031
27.33	0.0002545037538
27.34	0.0002550284156
27.35	0.000255454584
27.36	0.0002557828862
27.37	0.0002560139807
27.38	0.0002561485564
27.39	0.0002561873328
27.4	0.0002561310587
27.41	0.0002559805125
27.42	0.0002557365009
27.43	0.0002553998589
27.44	0.0002549714491
27.45	0.0002544521611
27.46	0.0002538429112
27.47	0.0002531446413
27.48	0.0002523583192
27.49	0.0002514849371
27.5	0.0002505255119
27.51	0.0002494810837
27.52	0.0002483527164
27.53	0.0002471414958
27.54	0.0002458485303
27.55	0.0002444749492
27.56	0.0002430219029
27.57	0.0002414905619
27.58	0.0002398821164
27.59	0.0002381977756
27.6	0.0002364387671
27.61	0.0002346063365
27.62	0.0002327017463
27.63	0.0002307262759
27.64	0.0002286812206
27.65	0.0002265678912
27.66	0.0002243876132
27.67	0.0002221417264
27.68	0.0002198315841
27.69	0.0002174585527
27.7	0.0002150240107
27.71	0.0002125293487
27.72	0.0002099759683
27.73	0.0002073652815
27.74	0.0002046987105
27.75	0.0002019776868
27.76	0.0001992036504
27.77	0.0001963780497
27.78	0.0001935023404
27.79	0.0001905779853
27.8	0.0001876064535
27.81	0.0001845892199
27.82	0.0001815277643
27.83	0.0001784235713
27.84	0.0001752781294
27.85	0.0001720929305
27.86	0.0001688694693
27.87	0.0001656092429
27.88	0.0001623137497
27.89	0.0001589844896
27.9	0.0001556229627
27.91	0.0001522306694
27.92	0.0001488091093
27.93	0.0001453597809
27.94	0.0001418841811
27.95	0.0001383838045
27.96	0.0001348601431
27.97	0.0001313146856
27.98	0.0001277489166
27.99	0.0001241643168
28	0.0001205623618
28.01	0.0001169445219
28.02	0.0001133122617
28.03	0.0001096670393
28.04	0.000106010306
28.05	0.0001023435059
28.06	9.866807522e-05
28.07	9.498544193e-05
28.08	9.129702532e-05
28.09	8.760423551e-05
28.1	8.390847296e-05
28.11	8.021112812e-05
28.12	7.651358091e-05
28.13	7.281720036e-05
28.14	6.912334413e-05
28.15	6.543335815e-05
28.16	6.174857618e-05
28.17	5.807031944e-05
28.18	5.43998962e-05
28.19	5.073860141e-05
28.2	4.708771633e-05
28.21	4.344850817e-05
28.22	3.98222297e-05
28.23	3.621011895e-05
28.24	3.261339883e-05
28.25	2.903327682e-05
28.26	2.547094464e-05
28.27	2.192757794e-05
28.28	1.840433599e-05
28.29	1.490236136e-05
28.3	1.142277968e-05
28.31	7.966699309e-06
28.32	4.535211091e-06
28.33	1.129388083e-06
28.34	-2.2497147e-06
28.35	-5.60106053e-06
28.36	-8.923631206e-06
28.37	-1.221642728e-05
28.38	-1.547846828e-05
28.39	-1.870879292e-05
28.4	-2.190645931e-05
28.41	-2.507054512e-05
28.42	-2.820014781e-05
28.43	-3.129438477e-05
28.44	-3.435239353e-05
28.45	-3.737333184e-05
28.46	-4.035637792e-05
28.47	-4.330073051e-05
28.48	-4.620560908e-05
28.49	-4.907025389e-05
28.5	-5.189392615e-05
28.51	-5.467590809e-05
28.52	-5.741550311e-05
28.53	-6.011203579e-05
28.54	-6.276485206e-05
28.55	-6.53733192e-05
28.56	-6.793682594e-05
28.57	-7.045478252e-05
28.58	-7.292662072e-05
28.59	-7.535179387e-05
28.6	-7.772977697e-05
28.61	-8.006006661e-05
28.62	-8.234218104e-05
28.63	-8.457566018e-05
28.64	-8.676006559e-05
28.65	-8.889498046e-05
28.66	-9.098000962e-05
28.67	-9.301477951e-05
28.68	-9.499893809e-05
28.69	-9.693215488e-05
28.7	-9.881412086e-05
28.71	-0.0001006445484
28.72	-0.0001024231713
28.73	-0.0001041497446
28.74	-0.0001058240444
28.75	-0.0001074458682
28.76	-0.0001090150342
28.77	-0.0001105313818
28.78	-0.0001119947711
28.79	-0.0001134050828
28.8	-0.0001147622184
28.81	-0.0001160660997
28.82	-0.0001173166687
28.83	-0.0001185138879
28.84	-0.0001196577395
28.85	-0.0001207482259
28.86	-0.0001217853689
28.87	-0.00012276921
28.88	-0.0001236998101
28.89	-0.0001245772494
28.9	-0.0001254016268
28.91	-0.0001261730604
28.92	-0.0001268916867
28.93	-0.0001275576607
28.94	-0.0001281711556
28.95	-0.0001287323629
28.96	-0.0001292414914
28.97	-0.000129698768
28.98	-0.0001301044367
28.99	-0.0001304587587
29	-0.0001307620121
29.01	-0.0001310144916
29.02	-0.0001312165084
29.03	-0.00013136839
29.04	-0.0001314704797
29.05	-0.0001315231363
29.06	-0.0001315267345
29.07	-0.0001314816637
29.08	-0.0001313883283
29.09	-0.0001312471476
29.1	-0.0001310585549
29.11	-0.0001308229977
29.12	-0.0001305409374
29.13	-0.0001302128489
29.14	-0.0001298392202
29.15	-0.0001294205524
29.16	-0.0001289573591
29.17	-0.0001284501665
29.18	-0.0001278995127
29.19	-0.0001273059476
29.2	-0.0001266700327
29.21	-0.0001259923407
29.22	-0.0001252734549
29.23	-0.0001245139695
29.24	-0.0001237144888
29.25	-0.0001228756273
29.26	-0.0001219980088
29.27	-0.0001210822669
29.28	-0.0001201290438
29.29	-0.0001191389908
29.3	-0.0001181127675
29.31	-0.0001170510416
29.32	-0.0001159544886
29.33	-0.0001148237916
29.34	-0.0001136596407
29.35	-0.000112462733
29.36	-0.0001112337723
29.37	-0.0001099734682
29.38	-0.0001086825368
29.39	-0.0001073616994
29.4	-0.0001060116828
29.41	-0.0001046332188
29.42	-0.0001032270437
29.43	-0.0001017938984
29.44	-0.0001003345279
29.45	-9.884968069e-05
29.46	-9.734010901e-05
29.47	-9.580656807e-05
29.48	-9.4249816e-05
29.49	-9.267061346e-05
29.5	-9.106972333e-05
29.51	-8.944791046e-05
29.52	-8.780594133e-05
29.53	-8.614458376e-05
29.54	-8.446460664e-05
29.55	-8.276677961e-05
29.56	-8.105187278e-05
29.57	-7.932065643e-05
29.58	-7.757390074e-05
29.59	-7.581237552e-05
29.6	-7.403684987e-05
29.61	-7.224809197e-05
29.62	-7.044686875e-05
29.63	-6.863394567e-05
29.64	-6.681008638e-05
29.65	-6.497605251e-05
29.66	-6.31326034e-05
29.67	-6.128049578e-05
29.68	-5.942048359e-05
29.69	-5.755331766e-05
29.7	-5.56797455e-05
29.71	-5.380051103e-05
29.72	-5.191635432e-05
29.73	-5.00280114e-05
29.74	-4.813621394e-05
29.75	-4.624168908e-05
29.76	-4.434515918e-05
29.77	-4.244734157e-05
29.78	-4.054894835e-05
29.79	-3.865068616e-05
29.8	-3.675325596e-05
29.81	-3.485735281e-05
29.82	-3.296366568e-05
29.83	-3.107287721e-05
29.84	-2.918566355e-05
29.85	-2.730269413e-05
29.86	-2.542463148e-05
29.87	-2.355213103e-05
29.88	-2.168584094e-05
29.89	-1.98264019e-05
29.9	-1.797444696e-05
29.91	-1.613060138e-05
29.92	-1.429548241e-05
29.93	-1.246969917e-05
29.94	-1.065385246e-05
29.95	-8.848534644e-06
29.96	-7.054329449e-06
29.97	-5.271811852e-06
29.98	-3.501547921e-06
29.99	-1.744094687e-06
30	-2.031612298e-19
