temps	angle
0	0
0.01	0.3281955543
0.02	0.6529594235
0.03	0.974161405
0.04	1.291674395
0.05	1.605374419
0.06	1.91514067
0.07	2.220855529
0.08	2.5224046
0.09	2.819676734
0.1	3.11256405
0.11	3.400961961
0.12	3.684769193
0.13	3.963887801
0.14	4.238223189
0.15	4.507684123
0.16	4.772182741
0.17	5.031634569
0.18	5.285958526
0.19	5.535076935
0.2	5.778915522
0.21	6.017403429
0.22	6.250473207
0.23	6.478060822
0.24	6.700105649
0.25	6.916550475
0.26	7.127341486
0.27	7.332428268
0.28	7.531763794
0.29	7.725304415
0.3	7.913009848
0.31	8.094843167
0.32	8.270770781
0.33	8.440762426
0.34	8.604791138
0.35	8.762833244
0.36	8.914868333
0.37	9.060879237
0.38	9.20085201
0.39	9.334775897
0.4	9.462643313
0.41	9.584449813
0.42	9.700194063
0.43	9.809877812
0.44	9.913505855
0.45	10.01108601
0.46	10.10262906
0.47	10.18814877
0.48	10.26766179
0.49	10.34118763
0.5	10.40874868
0.51	10.47037009
0.52	10.52607978
0.53	10.57590838
0.54	10.61988918
0.55	10.65805813
0.56	10.69045373
0.57	10.71711704
0.58	10.73809159
0.59	10.75342339
0.6	10.76316081
0.61	10.7673546
0.62	10.76605779
0.63	10.75932566
0.64	10.74721572
0.65	10.7297876
0.66	10.70710303
0.67	10.6792258
0.68	10.64622168
0.69	10.60815839
0.7	10.56510553
0.71	10.51713453
0.72	10.46431861
0.73	10.40673269
0.74	10.3444534
0.75	10.27755893
0.76	10.20612907
0.77	10.13024509
0.78	10.04998971
0.79	9.965447041
0.8	9.876702527
0.81	9.783842885
0.82	9.686956053
0.83	9.586131133
0.84	9.481458333
0.85	9.373028909
0.86	9.260935111
0.87	9.145270127
0.88	9.026128023
0.89	8.90360369
0.9	8.777792784
0.91	8.648791676
0.92	8.51669739
0.93	8.38160755
0.94	8.243620326
0.95	8.102834376
0.96	7.959348793
0.97	7.813263051
0.98	7.664676949
0.99	7.513690558
1	7.36040417
1.01	7.20491824
1.02	7.04733334
1.03	6.8877501
1.04	6.726269163
1.05	6.562991128
1.06	6.398016506
1.07	6.231445663
1.08	6.063378776
1.09	5.893915782
1.1	5.72315633
1.11	5.551199733
1.12	5.378144923
1.13	5.204090402
1.14	5.0291342
1.15	4.853373824
1.16	4.676906221
1.17	4.49982773
1.18	4.322234041
1.19	4.144220153
1.2	3.965880331
1.21	3.787308068
1.22	3.608596044
1.23	3.429836088
1.24	3.251119139
1.25	3.07253521
1.26	2.89417335
1.27	2.716121611
1.28	2.53846701
1.29	2.361295499
1.3	2.18469193
1.31	2.008740022
1.32	1.833522333
1.33	1.659120227
1.34	1.485613845
1.35	1.313082079
1.36	1.141602542
1.37	0.9712515414
1.38	0.8021040552
1.39	0.6342337062
1.4	0.4677127382
1.41	0.3026119934
1.42	0.1390008903
1.43	-0.02305259725
1.44	-0.1834819597
1.45	-0.3422221715
1.46	-0.4992097087
1.47	-0.6543825665
1.48	-0.8076802752
1.49	-0.9590439159
1.5	-1.108416135
1.51	-1.255741156
1.52	-1.400964795
1.53	-1.544034471
1.54	-1.684899213
1.55	-1.823509677
1.56	-1.959818149
1.57	-2.093778553
1.58	-2.225346463
1.59	-2.354479104
1.6	-2.481135359
1.61	-2.605275773
1.62	-2.726862557
1.63	-2.845859592
1.64	-2.962232426
1.65	-3.075948279
1.66	-3.186976044
1.67	-3.29528628
1.68	-3.400851216
1.69	-3.503644747
1.7	-3.60364243
1.71	-3.70082148
1.72	-3.795160765
1.73	-3.886640799
1.74	-3.97524374
1.75	-4.060953377
1.76	-4.143755124
1.77	-4.223636014
1.78	-4.300584685
1.79	-4.374591374
1.8	-4.445647902
1.81	-4.513747666
1.82	-4.578885622
1.83	-4.64105828
1.84	-4.70026368
1.85	-4.756501387
1.86	-4.80977247
1.87	-4.860079489
1.88	-4.90742648
1.89	-4.951818935
1.9	-4.993263787
1.91	-5.031769392
1.92	-5.067345509
1.93	-5.100003286
1.94	-5.129755231
1.95	-5.156615204
1.96	-5.180598387
1.97	-5.201721268
1.98	-5.220001618
1.99	-5.23545847
2	-5.248112096
2.01	-5.257983985
2.02	-5.26509682
2.03	-5.269474456
2.04	-5.271141891
2.05	-5.270125249
2.06	-5.266451753
2.07	-5.260149696
2.08	-5.251248423
2.09	-5.239778301
2.1	-5.225770695
2.11	-5.209257942
2.12	-5.190273324
2.13	-5.168851045
2.14	-5.145026201
2.15	-5.118834754
2.16	-5.090313506
2.17	-5.059500073
2.18	-5.026432856
2.19	-4.991151014
2.2	-4.953694437
2.21	-4.914103719
2.22	-4.872420132
2.23	-4.828685592
2.24	-4.78294264
2.25	-4.735234408
2.26	-4.685604593
2.27	-4.634097432
2.28	-4.58075767
2.29	-4.525630534
2.3	-4.468761706
2.31	-4.410197295
2.32	-4.349983809
2.33	-4.288168128
2.34	-4.224797476
2.35	-4.159919395
2.36	-4.093581715
2.37	-4.025832531
2.38	-3.956720171
2.39	-3.886293174
2.4	-3.814600262
2.41	-3.74169031
2.42	-3.667612324
2.43	-3.592415415
2.44	-3.516148769
2.45	-3.438861626
2.46	-3.360603251
2.47	-3.281422911
2.48	-3.20136985
2.49	-3.120493263
2.5	-3.038842271
2.51	-2.956465899
2.52	-2.873413054
2.53	-2.789732494
2.54	-2.705472813
2.55	-2.620682412
2.56	-2.535409483
2.57	-2.449701977
2.58	-2.363607592
2.59	-2.277173747
2.6	-2.190447558
2.61	-2.103475823
2.62	-2.016304998
2.63	-1.928981177
2.64	-1.841550073
2.65	-1.754056998
2.66	-1.666546844
2.67	-1.579064068
2.68	-1.491652668
2.69	-1.404356167
2.7	-1.317217601
2.71	-1.230279494
2.72	-1.143583847
2.73	-1.05717212
2.74	-0.9710852173
2.75	-0.8853634716
2.76	-0.8000466293
2.77	-0.7151738365
2.78	-0.6307836251
2.79	-0.5469138994
2.8	-0.4636019232
2.81	-0.3808843071
2.82	-0.2987969967
2.83	-0.2173752612
2.84	-0.1366536818
2.85	-0.05666614122
2.86	0.02255418616
2.87	0.1009748445
2.88	0.1785641054
2.89	0.2552909771
2.9	0.3311252125
2.91	0.4060373172
2.92	0.479998557
2.93	0.5529809647
2.94	0.6249573468
2.95	0.6959012894
2.96	0.7657871639
2.97	0.8345901323
2.98	0.9022861515
2.99	0.9688519781
3	1.034265172
3.01	1.098504098
3.02	1.161547934
3.03	1.223376667
3.04	1.283971098
3.05	1.343312845
3.06	1.401384342
3.07	1.458168841
3.08	1.513650411
3.09	1.567813942
3.1	1.620645136
3.11	1.672130517
3.12	1.72225742
3.13	1.771013996
3.14	1.818389207
3.15	1.864372821
3.16	1.908955417
3.17	1.952128373
3.18	1.993883868
3.19	2.034214874
3.2	2.073115156
3.21	2.110579265
3.22	2.146602531
3.23	2.181181062
3.24	2.214311734
3.25	2.245992188
3.26	2.276220821
3.27	2.304996783
3.28	2.332319964
3.29	2.358190995
3.3	2.382611231
3.31	2.40558275
3.32	2.427108343
3.33	2.447191503
3.34	2.46583642
3.35	2.483047969
3.36	2.498831703
3.37	2.51319384
3.38	2.526141259
3.39	2.537681483
3.4	2.547822675
3.41	2.556573623
3.42	2.563943732
3.43	2.569943012
3.44	2.574582067
3.45	2.577872083
3.46	2.579824819
3.47	2.580452593
3.48	2.57976827
3.49	2.577785253
3.5	2.574517468
3.51	2.569979351
3.52	2.564185839
3.53	2.557152356
3.54	2.548894798
3.55	2.539429525
3.56	2.528773343
3.57	2.516943494
3.58	2.503957644
3.59	2.489833866
3.6	2.474590629
3.61	2.458246788
3.62	2.440821564
3.63	2.422334534
3.64	2.40280562
3.65	2.382255072
3.66	2.360703453
3.67	2.338171632
3.68	2.314680764
3.69	2.290252279
3.7	2.264907869
3.71	2.238669474
3.72	2.211559265
3.73	2.183599638
3.74	2.154813194
3.75	2.125222726
3.76	2.09485121
3.77	2.063721786
3.78	2.03185775
3.79	1.999282535
3.8	1.966019702
3.81	1.932092927
3.82	1.897525985
3.83	1.862342738
3.84	1.826567123
3.85	1.790223139
3.86	1.753334833
3.87	1.715926288
3.88	1.678021612
3.89	1.639644924
3.9	1.60082034
3.91	1.561571965
3.92	1.521923877
3.93	1.481900118
3.94	1.441524679
3.95	1.400821493
3.96	1.359814418
3.97	1.31852723
3.98	1.276983609
3.99	1.235207131
4	1.193221254
4.01	1.151049308
4.02	1.108714486
4.03	1.066239833
4.04	1.023648234
4.05	0.9809624068
4.06	0.93820489
4.07	0.8953980348
4.08	0.8525639946
4.09	0.8097247164
4.1	0.7669019312
4.11	0.7241171456
4.12	0.6813916329
4.13	0.6387464248
4.14	0.5962023031
4.15	0.5537797916
4.16	0.5114991484
4.17	0.469380358
4.18	0.4274431246
4.19	0.3857068641
4.2	0.3441906976
4.21	0.3029134446
4.22	0.2618936163
4.23	0.2211494097
4.24	0.1806987011
4.25	0.1405590404
4.26	0.1007476454
4.27	0.06128139655
4.28	0.02217683175
4.29	-0.01654985882
4.3	-0.05488283724
4.31	-0.09280662245
4.32	-0.1303060945
4.33	-0.1673664985
4.34	-0.2039734488
4.35	-0.2401129322
4.36	-0.2757713114
4.37	-0.3109353285
4.38	-0.3455921075
4.39	-0.3797291574
4.4	-0.4133343743
4.41	-0.4463960439
4.42	-0.4789028436
4.43	-0.5108438444
4.44	-0.542208512
4.45	-0.5729867088
4.46	-0.6031686949
4.47	-0.632745129
4.48	-0.6617070691
4.49	-0.6900459731
4.5	-0.7177536995
4.51	-0.7448225068
4.52	-0.7712450541
4.53	-0.7970144007
4.54	-0.8221240051
4.55	-0.8465677253
4.56	-0.8703398168
4.57	-0.8934349327
4.58	-0.9158481215
4.59	-0.9375748262
4.6	-0.9586108826
4.61	-0.9789525173
4.62	-0.998596346
4.63	-1.017539371
4.64	-1.035778979
4.65	-1.05331294
4.66	-1.070139401
4.67	-1.086256887
4.68	-1.101664296
4.69	-1.116360896
4.7	-1.130346323
4.71	-1.143620576
4.72	-1.156184014
4.73	-1.168037351
4.74	-1.179181655
4.75	-1.189618341
4.76	-1.199349168
4.77	-1.208376236
4.78	-1.216701978
4.79	-1.224329161
4.8	-1.231260874
4.81	-1.237500531
4.82	-1.243051859
4.83	-1.247918898
4.84	-1.252105995
4.85	-1.255617795
4.86	-1.258459241
4.87	-1.260635565
4.88	-1.262152284
4.89	-1.263015194
4.9	-1.263230363
4.91	-1.262804127
4.92	-1.261743085
4.93	-1.260054089
4.94	-1.257744243
4.95	-1.254820893
4.96	-1.251291623
4.97	-1.247164248
4.98	-1.242446808
4.99	-1.237147562
5	-1.231274979
5.01	-1.224837738
5.02	-1.217844713
5.03	-1.210304974
5.04	-1.202227777
5.05	-1.193622556
5.06	-1.18449892
5.07	-1.174866645
5.08	-1.164735666
5.09	-1.154116073
5.1	-1.1430181
5.11	-1.131452124
5.12	-1.119428655
5.13	-1.10695833
5.14	-1.094051905
5.15	-1.080720252
5.16	-1.066974347
5.17	-1.052825268
5.18	-1.038284189
5.19	-1.023362367
5.2	-1.008071143
5.21	-0.9924219296
5.22	-0.9764262091
5.23	-0.9600955236
5.24	-0.9434414705
5.25	-0.9264756952
5.26	-0.9092098848
5.27	-0.8916557623
5.28	-0.8738250798
5.29	-0.8557296124
5.3	-0.837381152
5.31	-0.8187915012
5.32	-0.7999724674
5.33	-0.7809358564
5.34	-0.7616934667
5.35	-0.7422570835
5.36	-0.7226384729
5.37	-0.7028493763
5.38	-0.6829015044
5.39	-0.6628065316
5.4	-0.642576091
5.41	-0.6222217679
5.42	-0.6017550957
5.43	-0.5811875493
5.44	-0.5605305408
5.45	-0.5397954139
5.46	-0.518993439
5.47	-0.4981358083
5.48	-0.4772336305
5.49	-0.4562979266
5.5	-0.4353396248
5.51	-0.414369556
5.52	-0.3933984493
5.53	-0.3724369275
5.54	-0.3514955028
5.55	-0.330584573
5.56	-0.3097144165
5.57	-0.2888951892
5.58	-0.2681369199
5.59	-0.2474495069
5.6	-0.2268427142
5.61	-0.2063261677
5.62	-0.1859093519
5.63	-0.1656016066
5.64	-0.1454121233
5.65	-0.1253499422
5.66	-0.1054239492
5.67	-0.08564287293
5.68	-0.06601528167
5.69	-0.04654958087
5.7	-0.02725401041
5.71	-0.008136642057
5.72	0.01079462288
5.73	0.02953205592
5.74	0.04806810355
5.75	0.06639538935
5.76	0.08450671591
5.77	0.1023950668
5.78	0.120053608
5.79	0.1374756902
5.8	0.1546548496
5.81	0.1715848097
5.82	0.1882594826
5.83	0.2046729701
5.84	0.2208195651
5.85	0.236693752
5.86	0.2522902081
5.87	0.2676038043
5.88	0.2826296055
5.89	0.2973628715
5.9	0.3117990572
5.91	0.3259338131
5.92	0.3397629856
5.93	0.3532826169
5.94	0.3664889453
5.95	0.3793784052
5.96	0.3919476266
5.97	0.4041934353
5.98	0.4161128522
5.99	0.4277030931
6	0.4389615681
6.01	0.4498858809
6.02	0.4604738282
6.03	0.4707233987
6.04	0.4806327726
6.05	0.4902003202
6.06	0.4994246009
6.07	0.5083043624
6.08	0.5168385391
6.09	0.5250262508
6.1	0.5328668015
6.11	0.5403596777
6.12	0.547504547
6.13	0.5543012566
6.14	0.5607498311
6.15	0.5668504711
6.16	0.5726035515
6.17	0.5780096192
6.18	0.5830693912
6.19	0.5877837527
6.2	0.5921537548
6.21	0.5961806126
6.22	0.5998657026
6.23	0.6032105605
6.24	0.6062168791
6.25	0.6088865054
6.26	0.6112214388
6.27	0.6132238278
6.28	0.6148959679
6.29	0.6162402991
6.3	0.6172594027
6.31	0.6179559992
6.32	0.6183329449
6.33	0.6183932297
6.34	0.618139974
6.35	0.6175764257
6.36	0.6167059574
6.37	0.6155320635
6.38	0.6140583573
6.39	0.6122885676
6.4	0.6102265362
6.41	0.6078762144
6.42	0.6052416602
6.43	0.602327035
6.44	0.5991366004
6.45	0.5956747153
6.46	0.5919458327
6.47	0.5879544961
6.48	0.583705337
6.49	0.579203071
6.5	0.5744524949
6.51	0.5694584835
6.52	0.5642259863
6.53	0.5587600241
6.54	0.5530656861
6.55	0.5471481264
6.56	0.5410125605
6.57	0.5346642626
6.58	0.5281085621
6.59	0.5213508401
6.6	0.5143965266
6.61	0.507251097
6.62	0.4999200688
6.63	0.4924089988
6.64	0.4847234793
6.65	0.4768691355
6.66	0.4688516219
6.67	0.4606766195
6.68	0.4523498321
6.69	0.4438769839
6.7	0.4352638161
6.71	0.4265160834
6.72	0.4176395517
6.73	0.4086399946
6.74	0.3995231904
6.75	0.3902949194
6.76	0.3809609608
6.77	0.3715270895
6.78	0.3619990738
6.79	0.3523826722
6.8	0.3426836305
6.81	0.3329076793
6.82	0.3230605309
6.83	0.3131478771
6.84	0.3031753859
6.85	0.2931486994
6.86	0.2830734308
6.87	0.2729551622
6.88	0.2627994419
6.89	0.2526117818
6.9	0.2423976553
6.91	0.2321624946
6.92	0.2219116885
6.93	0.2116505803
6.94	0.201384465
6.95	0.1911185878
6.96	0.1808581413
6.97	0.1706082639
6.98	0.1603740374
6.99	0.1501604851
7	0.1399725699
7.01	0.1298151925
7.02	0.1196931891
7.03	0.10961133
7.04	0.09957431773
7.05	0.0895867854
7.06	0.07965329487
7.07	0.0697783353
7.08	0.05996632159
7.09	0.0502215928
7.1	0.04054841083
7.11	0.03095095891
7.12	0.02143334036
7.13	0.01199957726
7.14	0.002653609232
7.15	-0.006600707734
7.16	-0.01575960239
7.17	-0.0248193893
7.18	-0.03377646986
7.19	-0.04262733325
7.2	-0.05136855731
7.21	-0.05999680945
7.22	-0.06850884738
7.23	-0.07690151991
7.24	-0.08517176759
7.25	-0.09331662336
7.26	-0.1013332132
7.27	-0.1092187564
7.28	-0.1169705666
7.29	-0.1245860514
7.3	-0.1320627136
7.31	-0.1393981508
7.32	-0.1465900561
7.33	-0.1536362182
7.34	-0.1605345215
7.35	-0.1672829463
7.36	-0.1738795689
7.37	-0.1803225614
7.38	-0.186610192
7.39	-0.1927408247
7.4	-0.1987129192
7.41	-0.2045250308
7.42	-0.2101758101
7.43	-0.2156640028
7.44	-0.2209884493
7.45	-0.2261480845
7.46	-0.2311419371
7.47	-0.2359691297
7.48	-0.2406288776
7.49	-0.2451204889
7.5	-0.2494433636
7.51	-0.253596993
7.52	-0.2575809592
7.53	-0.2613949343
7.54	-0.2650386795
7.55	-0.2685120449
7.56	-0.2718149679
7.57	-0.2749474732
7.58	-0.277909671
7.59	-0.280701757
7.6	-0.2833240109
7.61	-0.2857767955
7.62	-0.2880605559
7.63	-0.2901758181
7.64	-0.2921231882
7.65	-0.2939033515
7.66	-0.2955170707
7.67	-0.2969651854
7.68	-0.2982486105
7.69	-0.2993683352
7.7	-0.3003254217
7.71	-0.3011210041
7.72	-0.3017562866
7.73	-0.3022325428
7.74	-0.302551114
7.75	-0.302713408
7.76	-0.3027208976
7.77	-0.3025751195
7.78	-0.3022776723
7.79	-0.3018302157
7.8	-0.3012344689
7.81	-0.3004922088
7.82	-0.2996052688
7.83	-0.2985755375
7.84	-0.2974049566
7.85	-0.29609552
7.86	-0.2946492721
7.87	-0.2930683059
7.88	-0.2913547621
7.89	-0.2895108269
7.9	-0.2875387309
7.91	-0.2854407473
7.92	-0.2832191904
7.93	-0.280876414
7.94	-0.2784148098
7.95	-0.2758368059
7.96	-0.273144865
7.97	-0.2703414833
7.98	-0.2674291881
7.99	-0.2644105369
8	-0.2612881157
8.01	-0.2580645371
8.02	-0.2547424388
8.03	-0.2513244824
8.04	-0.2478133514
8.05	-0.2442117496
8.06	-0.2405223998
8.07	-0.2367480423
8.08	-0.2328914328
8.09	-0.2289553414
8.1	-0.2249425509
8.11	-0.2208558552
8.12	-0.2166980576
8.13	-0.2124719697
8.14	-0.2081804098
8.15	-0.2038262009
8.16	-0.1994121699
8.17	-0.1949411458
8.18	-0.1904159583
8.19	-0.1858394363
8.2	-0.1812144066
8.21	-0.1765436923
8.22	-0.1718301117
8.23	-0.1670764765
8.24	-0.162285591
8.25	-0.1574602502
8.26	-0.1526032389
8.27	-0.1477173301
8.28	-0.1428052839
8.29	-0.1378698461
8.3	-0.132913747
8.31	-0.1279397004
8.32	-0.1229504018
8.33	-0.117948528
8.34	-0.1129367353
8.35	-0.1079176586
8.36	-0.1028939104
8.37	-0.09786807929
8.38	-0.09284272949
8.39	-0.08782039926
8.4	-0.08280360014
8.41	-0.07779481586
8.42	-0.0727965014
8.43	-0.067811082
8.44	-0.06284095224
8.45	-0.05788847515
8.46	-0.0529559813
8.47	-0.04804576797
8.48	-0.04316009829
8.49	-0.03830120048
8.5	-0.03347126701
8.51	-0.0286724539
8.52	-0.02390687994
8.53	-0.01917662605
8.54	-0.01448373456
8.55	-0.009830208559
8.56	-0.005218011291
8.57	-0.0006490655551
8.58	0.003874746874
8.59	0.008351585784
8.6	0.01277965304
8.61	0.0171571931
8.62	0.02148249342
8.63	0.02575388498
8.64	0.02996974261
8.65	0.03412848542
8.66	0.03822857718
8.67	0.0422685266
8.68	0.04624688767
8.69	0.05016225994
8.7	0.05401328876
8.71	0.05779866553
8.72	0.0615171279
8.73	0.06516745992
8.74	0.06874849224
8.75	0.07225910221
8.76	0.07569821397
8.77	0.07906479857
8.78	0.082357874
8.79	0.0855765052
8.8	0.0887198041
8.81	0.09178692959
8.82	0.09477708748
8.83	0.09768953042
8.84	0.1005235578
8.85	0.1032785158
8.86	0.1059537969
8.87	0.1085488401
8.88	0.1110631306
8.89	0.1134961995
8.9	0.1158476236
8.91	0.1181170255
8.92	0.1203040728
8.93	0.1224084781
8.94	0.1244299989
8.95	0.1263684369
8.96	0.1282236378
8.97	0.129995491
8.98	0.1316839291
8.99	0.1332889277
9	0.1348105048
9.01	0.1362487206
9.02	0.1376036765
9.03	0.1388755155
9.04	0.1400644208
9.05	0.1411706161
9.06	0.1421943646
9.07	0.1431359685
9.08	0.1439957686
9.09	0.1447741439
9.1	0.1454715106
9.11	0.1460883218
9.12	0.146625067
9.13	0.1470822713
9.14	0.1474604946
9.15	0.1477603314
9.16	0.1479824101
9.17	0.1481273919
9.18	0.1481959705
9.19	0.1481888715
9.2	0.1481068515
9.21	0.1479506974
9.22	0.147721226
9.23	0.1474192829
9.24	0.1470457419
9.25	0.1466015046
9.26	0.1460874991
9.27	0.1455046799
9.28	0.1448540264
9.29	0.1441365431
9.3	0.1433532579
9.31	0.1425052219
9.32	0.1415935086
9.33	0.1406192129
9.34	0.1395834507
9.35	0.1384873576
9.36	0.1373320887
9.37	0.1361188173
9.38	0.1348487347
9.39	0.1335230488
9.4	0.1321429837
9.41	0.1307097789
9.42	0.1292246885
9.43	0.1276889803
9.44	0.126103935
9.45	0.1244708456
9.46	0.1227910168
9.47	0.1210657636
9.48	0.119296411
9.49	0.1174842933
9.5	0.1156307531
9.51	0.1137371404
9.52	0.1118048122
9.53	0.1098351317
9.54	0.1078294673
9.55	0.1057891919
9.56	0.1037156826
9.57	0.1016103192
9.58	0.09947448417
9.59	0.09730956154
9.6	0.09511693629
9.61	0.09289799367
9.62	0.09065411844
9.63	0.08838669422
9.64	0.08609710275
9.65	0.08378672326
9.66	0.08145693179
9.67	0.07910910047
9.68	0.07674459694
9.69	0.07436478366
9.7	0.07197101728
9.71	0.06956464801
9.72	0.06714701901
9.73	0.06471946576
9.74	0.06228331549
9.75	0.05983988656
9.76	0.05739048791
9.77	0.05493641847
9.78	0.05247896659
9.79	0.05001940956
9.8	0.04755901297
9.81	0.04509903028
9.82	0.04264070226
9.83	0.04018525649
9.84	0.03773390688
9.85	0.03528785318
9.86	0.03284828056
9.87	0.03041635906
9.88	0.02799324325
9.89	0.02558007173
9.9	0.02317796676
9.91	0.02078803382
9.92	0.01841136122
9.93	0.01604901977
9.94	0.01370206232
9.95	0.0113715235
9.96	0.009058419313
9.97	0.006763746845
9.98	0.004488483924
9.99	0.002233588831
10	8.664185487e-17
10.01	-0.00221136425
10.02	-0.004399605988
10.03	-0.006563847916
10.04	-0.008703233611
10.05	-0.01081692775
10.06	-0.01290411633
10.07	-0.01496400685
10.08	-0.01699582851
10.09	-0.01899883239
10.1	-0.0209722916
10.11	-0.02291550144
10.12	-0.02482777952
10.13	-0.02670846591
10.14	-0.02855692322
10.15	-0.03037253671
10.16	-0.03215471438
10.17	-0.03390288704
10.18	-0.03561650839
10.19	-0.03729505502
10.2	-0.0389380265
10.21	-0.04054494538
10.22	-0.04211535719
10.23	-0.04364883047
10.24	-0.04514495675
10.25	-0.04660335051
10.26	-0.04802364918
10.27	-0.04940551305
10.28	-0.05074862525
10.29	-0.0520526917
10.3	-0.05331744096
10.31	-0.05454262422
10.32	-0.05572801517
10.33	-0.05687340986
10.34	-0.05797862663
10.35	-0.05904350596
10.36	-0.06006791033
10.37	-0.06105172407
10.38	-0.06199485319
10.39	-0.06289722524
10.4	-0.06375878911
10.41	-0.06457951485
10.42	-0.06535939348
10.43	-0.06609843676
10.44	-0.06679667703
10.45	-0.06745416692
10.46	-0.06807097919
10.47	-0.06864720645
10.48	-0.06918296091
10.49	-0.06967837418
10.5	-0.07013359694
10.51	-0.07054879874
10.52	-0.07092416766
10.53	-0.0712599101
10.54	-0.07155625045
10.55	-0.07181343079
10.56	-0.07203171063
10.57	-0.07221136658
10.58	-0.07235269202
10.59	-0.07245599685
10.6	-0.07252160708
10.61	-0.07254986459
10.62	-0.07254112675
10.63	-0.07249576608
10.64	-0.07241416994
10.65	-0.07229674017
10.66	-0.07214389276
10.67	-0.07195605745
10.68	-0.07173367745
10.69	-0.07147720901
10.7	-0.0711871211
10.71	-0.07086389505
10.72	-0.07050802416
10.73	-0.07012001333
10.74	-0.06970037872
10.75	-0.06924964735
10.76	-0.06876835673
10.77	-0.06825705449
10.78	-0.067716298
10.79	-0.06714665399
10.8	-0.06654869815
10.81	-0.06592301481
10.82	-0.06527019647
10.83	-0.0645908435
10.84	-0.06388556372
10.85	-0.06315497201
10.86	-0.06239968994
10.87	-0.06162034541
10.88	-0.06081757223
10.89	-0.05999200976
10.9	-0.05914430255
10.91	-0.05827509992
10.92	-0.05738505562
10.93	-0.05647482744
10.94	-0.05554507684
10.95	-0.05459646857
10.96	-0.05362967032
10.97	-0.05264535233
10.98	-0.05164418705
10.99	-0.05062684875
11	-0.04959401319
11.01	-0.04854635724
11.02	-0.04748455853
11.03	-0.04640929512
11.04	-0.04532124512
11.05	-0.04422108638
11.06	-0.04310949612
11.07	-0.0419871506
11.08	-0.04085472483
11.09	-0.03971289215
11.1	-0.03856232402
11.11	-0.03740368958
11.12	-0.03623765544
11.13	-0.03506488531
11.14	-0.03388603969
11.15	-0.03270177559
11.16	-0.03151274624
11.17	-0.03031960075
11.18	-0.02912298389
11.19	-0.02792353574
11.2	-0.02672189148
11.21	-0.02551868103
11.22	-0.02431452889
11.23	-0.02311005378
11.24	-0.02190586845
11.25	-0.0207025794
11.26	-0.01950078664
11.27	-0.01830108346
11.28	-0.01710405617
11.29	-0.01591028392
11.3	-0.01472033843
11.31	-0.0135347838
11.32	-0.0123541763
11.33	-0.01117906415
11.34	-0.01000998735
11.35	-0.008847477457
11.36	-0.007692057422
11.37	-0.006544241409
11.38	-0.005404534612
11.39	-0.004273433097
11.4	-0.003151423641
11.41	-0.002038983573
11.42	-0.0009365806314
11.43	0.0001553271785
11.44	0.00123629172
11.45	0.002305874854
11.46	0.003363648559
11.47	0.00440919505
11.48	0.005442106886
11.49	0.006461987075
11.5	0.007468449169
11.51	0.008461117354
11.52	0.009439626539
11.53	0.01040362243
11.54	0.0113527616
11.55	0.01228671156
11.56	0.01320515081
11.57	0.01410776892
11.58	0.01499426653
11.59	0.01586435541
11.6	0.01671775855
11.61	0.01755421008
11.62	0.01837345538
11.63	0.0191752511
11.64	0.01995936508
11.65	0.02072557648
11.66	0.02147367567
11.67	0.0222034643
11.68	0.02291475524
11.69	0.02360737261
11.7	0.0242811517
11.71	0.02493593899
11.72	0.02557159209
11.73	0.02618797971
11.74	0.02678498163
11.75	0.02736248862
11.76	0.0279204024
11.77	0.0284586356
11.78	0.02897711167
11.79	0.02947576482
11.8	0.02995453994
11.81	0.03041339254
11.82	0.03085228864
11.83	0.03127120471
11.84	0.03167012756
11.85	0.03204905424
11.86	0.03240799198
11.87	0.03274695801
11.88	0.03306597952
11.89	0.03336509353
11.9	0.03364434675
11.91	0.03390379547
11.92	0.03414350547
11.93	0.03436355183
11.94	0.03456401887
11.95	0.03474499994
11.96	0.03490659736
11.97	0.03504892221
11.98	0.03517209424
11.99	0.03527624169
12	0.03536150115
12.01	0.03542801741
12.02	0.03547594332
12.03	0.03550543959
12.04	0.03551667469
12.05	0.03550982461
12.06	0.03548507278
12.07	0.03544260986
12.08	0.03538263355
12.09	0.03530534848
12.1	0.03521096597
12.11	0.03509970391
12.12	0.03497178657
12.13	0.03482744439
12.14	0.03466691385
12.15	0.03449043727
12.16	0.03429826261
12.17	0.03409064333
12.18	0.03386783818
12.19	0.03363011099
12.2	0.03337773056
12.21	0.03311097041
12.22	0.0328301086
12.23	0.03253542759
12.24	0.03222721401
12.25	0.03190575847
12.26	0.03157135541
12.27	0.03122430289
12.28	0.0308649024
12.29	0.03049345867
12.3	0.03011027953
12.31	0.02971567563
12.32	0.02930996035
12.33	0.02889344957
12.34	0.02846646148
12.35	0.02802931641
12.36	0.02758233664
12.37	0.02712584622
12.38	0.0266601708
12.39	0.02618563743
12.4	0.02570257439
12.41	0.02521131099
12.42	0.02471217745
12.43	0.02420550466
12.44	0.02369162405
12.45	0.02317086737
12.46	0.02264356659
12.47	0.02211005366
12.48	0.02157066038
12.49	0.02102571821
12.5	0.02047555816
12.51	0.01992051053
12.52	0.01936090486
12.53	0.01879706969
12.54	0.01822933242
12.55	0.0176580192
12.56	0.01708345471
12.57	0.01650596208
12.58	0.01592586268
12.59	0.01534347601
12.6	0.01475911955
12.61	0.01417310861
12.62	0.01358575621
12.63	0.01299737293
12.64	0.01240826679
12.65	0.01181874308
12.66	0.01122910431
12.67	0.01063965
12.68	0.01005067662
12.69	0.009462477424
12.7	0.008875342382
12.71	0.008289558024
12.72	0.007705407348
12.73	0.007123169713
12.74	0.006543120726
12.75	0.005965532147
12.76	0.005390671785
12.77	0.004818803405
12.78	0.004250186634
12.79	0.003685076867
12.8	0.003123725187
12.81	0.002566378274
12.82	0.002013278328
12.83	0.001464662989
12.84	0.0009207652649
12.85	0.0003818134562
12.86	-0.000151968911
12.87	-0.0006803631502
12.88	-0.001203155478
12.89	-0.001720137073
12.9	-0.002231104132
12.91	-0.002735857923
12.92	-0.003234204837
12.93	-0.003725956432
12.94	-0.004210929479
12.95	-0.004688946004
12.96	-0.005159833323
12.97	-0.005623424077
12.98	-0.006079556267
12.99	-0.006528073278
13	-0.00696882391
13.01	-0.007401662394
13.02	-0.007826448418
13.03	-0.00824304714
13.04	-0.008651329204
13.05	-0.00905117075
13.06	-0.009442453419
13.07	-0.009825064363
13.08	-0.01019889625
13.09	-0.01056384724
13.1	-0.01091982103
13.11	-0.0112667268
13.12	-0.01160447922
13.13	-0.01193299844
13.14	-0.0122522101
13.15	-0.01256204526
13.16	-0.01286244043
13.17	-0.01315333751
13.18	-0.01343468382
13.19	-0.01370643201
13.2	-0.01396854005
13.21	-0.01422097123
13.22	-0.01446369408
13.23	-0.01469668239
13.24	-0.0149199151
13.25	-0.01513337632
13.26	-0.01533705525
13.27	-0.01553094615
13.28	-0.0157150483
13.29	-0.01588936594
13.3	-0.01605390819
13.31	-0.01620868907
13.32	-0.01635372737
13.33	-0.01648904664
13.34	-0.0166146751
13.35	-0.01673064561
13.36	-0.01683699557
13.37	-0.01693376689
13.38	-0.01702100591
13.39	-0.01709876334
13.4	-0.01716709415
13.41	-0.01722605757
13.42	-0.01727571698
13.43	-0.01731613981
13.44	-0.01734739751
13.45	-0.01736956546
13.46	-0.0173827229
13.47	-0.0173869528
13.48	-0.01738234187
13.49	-0.01736898041
13.5	-0.01734696225
13.51	-0.01731638465
13.52	-0.01727734828
13.53	-0.01722995704
13.54	-0.01717431806
13.55	-0.01711054155
13.56	-0.01703874076
13.57	-0.01695903186
13.58	-0.01687153389
13.59	-0.01677636862
13.6	-0.01667366051
13.61	-0.01656353657
13.62	-0.01644612633
13.63	-0.01632156171
13.64	-0.01618997692
13.65	-0.01605150841
13.66	-0.01590629475
13.67	-0.01575447653
13.68	-0.01559619631
13.69	-0.01543159847
13.7	-0.01526082918
13.71	-0.01508403626
13.72	-0.01490136912
13.73	-0.01471297863
13.74	-0.01451901709
13.75	-0.01431963809
13.76	-0.01411499642
13.77	-0.01390524802
13.78	-0.01369054983
13.79	-0.01347105975
13.8	-0.01324693655
13.81	-0.01301833974
13.82	-0.01278542952
13.83	-0.01254836666
13.84	-0.01230731247
13.85	-0.01206242863
13.86	-0.01181387717
13.87	-0.01156182038
13.88	-0.01130642069
13.89	-0.0110478406
13.9	-0.01078624261
13.91	-0.01052178914
13.92	-0.01025464242
13.93	-0.009984964453
13.94	-0.009712916888
13.95	-0.009438660975
13.96	-0.009162357476
13.97	-0.008884166591
13.98	-0.008604247878
13.99	-0.008322760183
14	-0.008039861568
14.01	-0.007755709232
14.02	-0.007470459446
14.03	-0.007184267484
14.04	-0.006897287547
14.05	-0.006609672705
14.06	-0.006321574823
14.07	-0.006033144502
14.08	-0.005744531009
14.09	-0.005455882223
14.1	-0.005167344566
14.11	-0.004879062948
14.12	-0.004591180708
14.13	-0.004303839556
14.14	-0.004017179519
14.15	-0.003731338885
14.16	-0.003446454152
14.17	-0.003162659975
14.18	-0.002880089119
14.19	-0.002598872407
14.2	-0.002319138678
14.21	-0.002041014735
14.22	-0.001764625306
14.23	-0.001490093002
14.24	-0.001217538271
14.25	-0.0009470793642
14.26	-0.0006788322947
14.27	-0.000412910802
14.28	-0.0001494263169
14.29	0.0001115120716
14.3	0.0003697976485
14.31	0.0006253261032
14.32	0.0008779955582
14.33	0.001127706596
14.34	0.001374362287
14.35	0.001617868211
14.36	0.00185813248
14.37	0.002095065764
14.38	0.002328581304
14.39	0.002558594937
14.4	0.002785025107
14.41	0.003007792884
14.42	0.003226821978
14.43	0.003442038748
14.44	0.003653372216
14.45	0.003860754075
14.46	0.004064118698
14.47	0.004263403143
14.48	0.00445854716
14.49	0.004649493194
14.5	0.004836186385
14.51	0.005018574574
14.52	0.005196608298
14.53	0.005370240789
14.54	0.005539427973
14.55	0.005704128464
14.56	0.005864303557
14.57	0.006019917224
14.58	0.006170936102
14.59	0.006317329487
14.6	0.00645906932
14.61	0.006596130176
14.62	0.006728489252
14.63	0.006856126351
14.64	0.006979023866
14.65	0.007097166762
14.66	0.007210542564
14.67	0.00731914133
14.68	0.007422955634
14.69	0.007521980549
14.7	0.007616213617
14.71	0.00770565483
14.72	0.007790306607
14.73	0.007870173764
14.74	0.007945263492
14.75	0.008015585328
14.76	0.008081151126
14.77	0.00814197503
14.78	0.008198073443
14.79	0.008249464995
14.8	0.008296170512
14.81	0.008338212988
14.82	0.008375617542
14.83	0.008408411396
14.84	0.00843662383
14.85	0.008460286154
14.86	0.008479431667
14.87	0.008494095625
14.88	0.008504315197
14.89	0.008510129435
14.9	0.008511579231
14.91	0.008508707278
14.92	0.008501558031
14.93	0.008490177668
14.94	0.008474614048
14.95	0.008454916671
14.96	0.008431136638
14.97	0.008403326604
14.98	0.008371540744
14.99	0.008335834701
15	0.008296265552
15.01	0.00825289176
15.02	0.00820577313
15.03	0.00815497077
15.04	0.008100547042
15.05	0.00804256552
15.06	0.007981090946
15.07	0.007916189187
15.08	0.007847927188
15.09	0.007776372928
15.1	0.007701595375
15.11	0.007623664444
15.12	0.007542650949
15.13	0.007458626558
15.14	0.007371663752
15.15	0.007281835776
15.16	0.007189216597
15.17	0.007093880858
15.18	0.006995903835
15.19	0.006895361391
15.2	0.006792329931
15.21	0.006686886362
15.22	0.006579108045
15.23	0.006469072752
15.24	0.006356858625
15.25	0.00624254413
15.26	0.006126208015
15.27	0.006007929268
15.28	0.005887787074
15.29	0.005765860774
15.3	0.00564222982
15.31	0.005516973738
15.32	0.005390172086
15.33	0.00526190441
15.34	0.005132250208
15.35	0.005001288888
15.36	0.00486909973
15.37	0.004735761846
15.38	0.004601354142
15.39	0.004465955281
15.4	0.004329643644
15.41	0.004192497294
15.42	0.004054593941
15.43	0.003916010904
15.44	0.003776825075
15.45	0.003637112889
15.46	0.003496950285
15.47	0.003356412674
15.48	0.003215574909
15.49	0.003074511245
15.5	0.002933295319
15.51	0.002792000107
15.52	0.002650697901
15.53	0.002509460278
15.54	0.002368358069
15.55	0.002227461332
15.56	0.002086839323
15.57	0.001946560473
15.58	0.001806692355
15.59	0.001667301663
15.6	0.001528454185
15.61	0.001390214782
15.62	0.00125264736
15.63	0.001115814848
15.64	0.0009797791796
15.65	0.0008446012667
15.66	0.0007103409823
15.67	0.0005770571386
15.68	0.000444807469
15.69	0.0003136486087
15.7	0.0001836360776
15.71	5.482426293e-05
15.72	-7.273359686e-05
15.73	-0.0001989854276
15.74	-0.0003238803341
15.75	-0.0004473686144
15.76	-0.0005694017729
15.77	-0.0006899325328
15.78	-0.000808914848
15.79	-0.0009263039144
15.8	-0.00104205618
15.81	-0.001156129354
15.82	-0.001268482416
15.83	-0.001379075625
15.84	-0.001487870526
15.85	-0.001594829956
15.86	-0.00169991805
15.87	-0.00180310025
15.88	-0.001904343302
15.89	-0.002003615268
15.9	-0.002100885522
15.91	-0.002196124758
15.92	-0.002289304989
15.93	-0.002380399548
15.94	-0.002469383089
15.95	-0.002556231587
15.96	-0.002640922334
15.97	-0.002723433944
15.98	-0.002803746344
15.99	-0.002881840773
16	-0.002957699781
16.01	-0.003031307221
16.02	-0.003102648249
16.03	-0.003171709312
16.04	-0.003238478148
16.05	-0.003302943776
16.06	-0.003365096491
16.07	-0.003424927853
16.08	-0.003482430684
16.09	-0.003537599051
16.1	-0.003590428266
16.11	-0.003640914869
16.12	-0.00368905662
16.13	-0.003734852488
16.14	-0.003778302641
16.15	-0.003819408431
16.16	-0.003858172382
16.17	-0.003894598179
16.18	-0.003928690655
16.19	-0.003960455772
16.2	-0.003989900615
16.21	-0.00401703337
16.22	-0.00404186331
16.23	-0.004064400786
16.24	-0.004084657201
16.25	-0.004102645002
16.26	-0.004118377659
16.27	-0.00413186965
16.28	-0.004143136442
16.29	-0.004152194474
16.3	-0.00415906114
16.31	-0.00416375477
16.32	-0.00416629461
16.33	-0.004166700807
16.34	-0.004164994383
16.35	-0.004161197224
16.36	-0.004155332055
16.37	-0.00414742242
16.38	-0.004137492666
16.39	-0.004125567917
16.4	-0.004111674058
16.41	-0.004095837715
16.42	-0.004078086228
16.43	-0.004058447638
16.44	-0.004036950659
16.45	-0.00401362466
16.46	-0.003988499647
16.47	-0.003961606233
16.48	-0.003932975624
16.49	-0.003902639594
16.5	-0.003870630464
16.51	-0.00383698108
16.52	-0.003801724791
16.53	-0.003764895428
16.54	-0.00372652728
16.55	-0.003686655076
16.56	-0.003645313958
16.57	-0.003602539464
16.58	-0.003558367501
16.59	-0.003512834329
16.6	-0.003465976533
16.61	-0.003417831007
16.62	-0.003368434928
16.63	-0.003317825736
16.64	-0.003266041113
16.65	-0.003213118961
16.66	-0.003159097379
16.67	-0.003104014646
16.68	-0.003047909194
16.69	-0.002990819592
16.7	-0.002932784523
16.71	-0.002873842764
16.72	-0.002814033164
16.73	-0.002753394625
16.74	-0.002691966082
16.75	-0.002629786481
16.76	-0.002566894762
16.77	-0.002503329838
16.78	-0.002439130573
16.79	-0.002374335769
16.8	-0.00230898414
16.81	-0.002243114299
16.82	-0.002176764735
16.83	-0.002109973799
16.84	-0.002042779682
16.85	-0.001975220399
16.86	-0.001907333774
16.87	-0.001839157416
16.88	-0.001770728711
16.89	-0.001702084797
16.9	-0.001633262554
16.91	-0.001564298584
16.92	-0.001495229196
16.93	-0.001426090392
16.94	-0.001356917852
16.95	-0.001287746915
16.96	-0.001218612571
16.97	-0.00114954944
16.98	-0.001080591764
16.99	-0.00101177339
17	-0.0009431277576
17.01	-0.0008746878867
17.02	-0.0008064863641
17.03	-0.0007385553318
17.04	-0.0006709264753
17.05	-0.0006036310118
17.06	-0.0005366996791
17.07	-0.000470162725
17.08	-0.0004040498966
17.09	-0.0003383904305
17.1	-0.0002732130431
17.11	-0.0002085459207
17.12	-0.0001444167114
17.13	-8.085251561e-05
17.14	-1.787987836e-05
17.15	4.447521887e-05
17.16	0.0001061873656
17.17	0.0001672317297
17.18	0.0002275840637
17.19	0.0002872207121
17.2	0.0003461186166
17.21	0.0004042553222
17.22	0.0004616089826
17.23	0.0005181583653
17.24	0.0005738828558
17.25	0.0006287624623
17.26	0.0006827778195
17.27	0.0007359101921
17.28	0.000788141478
17.29	0.0008394542114
17.3	0.0008898315649
17.31	0.000939257352
17.32	0.0009877160288
17.33	0.001035192696
17.34	0.001081673098
17.35	0.001127143626
17.36	0.001171591319
17.37	0.001215003861
17.38	0.001257369583
17.39	0.001298677462
17.4	0.001338917118
17.41	0.001378078818
17.42	0.001416153469
17.43	0.001453132621
17.44	0.001489008459
17.45	0.001523773807
17.46	0.001557422121
17.47	0.001589947489
17.48	0.001621344624
17.49	0.001651608863
17.5	0.001680736163
17.51	0.001708723098
17.52	0.001735566851
17.53	0.001761265213
17.54	0.001785816575
17.55	0.001809219927
17.56	0.001831474848
17.57	0.001852581502
17.58	0.001872540634
17.59	0.001891353561
17.6	0.001909022169
17.61	0.001925548902
17.62	0.001940936758
17.63	0.001955189283
17.64	0.00196831056
17.65	0.001980305205
17.66	0.00199117836
17.67	0.00200093568
17.68	0.00200958333
17.69	0.002017127976
17.7	0.002023576774
17.71	0.002028937366
17.72	0.002033217866
17.73	0.002036426855
17.74	0.002038573371
17.75	0.002039666899
17.76	0.002039717364
17.77	0.002038735118
17.78	0.002036730935
17.79	0.002033715996
17.8	0.002029701886
17.81	0.002024700577
17.82	0.002018724422
17.83	0.002011786147
17.84	0.002003898835
17.85	0.00199507592
17.86	0.001985331178
17.87	0.001974678712
17.88	0.001963132945
17.89	0.001950708607
17.9	0.001937420729
17.91	0.001923284627
17.92	0.001908315894
17.93	0.001892530391
17.94	0.001875944232
17.95	0.001858573778
17.96	0.001840435624
17.97	0.001821546586
17.98	0.001801923695
17.99	0.001781584184
18	0.001760545475
18.01	0.001738825173
18.02	0.001716441051
18.03	0.001693411042
18.04	0.001669753227
18.05	0.001645485825
18.06	0.001620627182
18.07	0.001595195761
18.08	0.001569210131
18.09	0.001542688956
18.1	0.001515650986
18.11	0.001488115047
18.12	0.001460100027
18.13	0.001431624871
18.14	0.001402708567
18.15	0.001373370138
18.16	0.001343628632
18.17	0.001313503108
18.18	0.001283012635
18.19	0.001252176272
18.2	0.001221013067
18.21	0.001189542042
18.22	0.001157782185
18.23	0.001125752443
18.24	0.001093471711
18.25	0.00106095882
18.26	0.001028232536
18.27	0.0009953115411
18.28	0.000962214434
18.29	0.0009289597156
18.3	0.0008955657828
18.31	0.0008620509201
18.32	0.000828433291
18.33	0.0007947309305
18.34	0.0007609617368
18.35	0.0007271434641
18.36	0.0006932937145
18.37	0.0006594299312
18.38	0.0006255693905
18.39	0.0005917291956
18.4	0.0005579262691
18.41	0.0005241773461
18.42	0.0004904989682
18.43	0.0004569074765
18.44	0.0004234190056
18.45	0.0003900494774
18.46	0.0003568145953
18.47	0.0003237298381
18.48	0.0002908104548
18.49	0.0002580714588
18.5	0.0002255276231
18.51	0.0001931934747
18.52	0.00016108329
18.53	0.00012921109
18.54	9.759063582e-05
18.55	6.623542426e-05
18.56	3.515868352e-05
18.57	4.373369309e-06
18.58	-2.610783907e-05
18.59	-5.627254237e-05
18.6	-8.610862488e-05
18.61	-0.0001156042577
18.62	-0.0001447479021
18.63	-0.000173528312
18.64	-0.0002019345373
18.65	-0.0002299559259
18.66	-0.0002575821269
18.67	-0.000284803092
18.68	-0.000311609078
18.69	-0.0003379906488
18.7	-0.0003639386769
18.71	-0.000389444345
18.72	-0.0004144991473
18.73	-0.000439094891
18.74	-0.000463223697
18.75	-0.0004868780009
18.76	-0.0005100505537
18.77	-0.0005327344223
18.78	-0.00055492299
18.79	-0.0005766099564
18.8	-0.0005977893378
18.81	-0.0006184554668
18.82	-0.0006386029922
18.83	-0.0006582268783
18.84	-0.0006773224049
18.85	-0.0006958851656
18.86	-0.000713911068
18.87	-0.0007313963317
18.88	-0.0007483374876
18.89	-0.0007647313766
18.9	-0.0007805751479
18.91	-0.0007958662574
18.92	-0.000810602466
18.93	-0.0008247818379
18.94	-0.000838402738
18.95	-0.0008514638304
18.96	-0.0008639640756
18.97	-0.0008759027282
18.98	-0.0008872793348
18.99	-0.0008980937304
19	-0.0009083460366
19.01	-0.0009180366579
19.02	-0.0009271662794
19.03	-0.0009357358628
19.04	-0.000943746644
19.05	-0.0009512001294
19.06	-0.0009580980921
19.07	-0.0009644425691
19.08	-0.0009702358569
19.09	-0.0009754805082
19.1	-0.000980179328
19.11	-0.0009843353696
19.12	-0.0009879519304
19.13	-0.0009910325482
19.14	-0.0009935809969
19.15	-0.0009956012818
19.16	-0.000997097636
19.17	-0.0009980745154
19.18	-0.0009985365946
19.19	-0.0009984887619
19.2	-0.0009979361154
19.21	-0.0009968839577
19.22	-0.0009953377915
19.23	-0.0009933033146
19.24	-0.0009907864155
19.25	-0.0009877931679
19.26	-0.0009843298264
19.27	-0.0009804028211
19.28	-0.0009760187528
19.29	-0.000971184388
19.3	-0.0009659066536
19.31	-0.0009601926321
19.32	-0.0009540495561
19.33	-0.0009474848037
19.34	-0.0009405058926
19.35	-0.0009331204756
19.36	-0.0009253363348
19.37	-0.0009171613768
19.38	-0.0009086036273
19.39	-0.0008996712258
19.4	-0.0008903724205
19.41	-0.0008807155627
19.42	-0.0008707091022
19.43	-0.0008603615813
19.44	-0.0008496816301
19.45	-0.0008386779609
19.46	-0.0008273593632
19.47	-0.0008157346984
19.48	-0.0008038128947
19.49	-0.0007916029418
19.5	-0.0007791138856
19.51	-0.0007663548235
19.52	-0.0007533348988
19.53	-0.000740063296
19.54	-0.0007265492354
19.55	-0.0007128019684
19.56	-0.0006988307723
19.57	-0.0006846449454
19.58	-0.0006702538021
19.59	-0.0006556666681
19.6	-0.0006408928754
19.61	-0.0006259417577
19.62	-0.0006108226453
19.63	-0.0005955448611
19.64	-0.0005801177151
19.65	-0.0005645505006
19.66	-0.0005488524891
19.67	-0.0005330329261
19.68	-0.0005171010266
19.69	-0.0005010659709
19.7	-0.0004849368999
19.71	-0.0004687229113
19.72	-0.0004524330552
19.73	-0.0004360763301
19.74	-0.0004196616787
19.75	-0.0004031979841
19.76	-0.0003866940658
19.77	-0.0003701586759
19.78	-0.0003536004955
19.79	-0.0003370281305
19.8	-0.0003204501087
19.81	-0.0003038748757
19.82	-0.0002873107918
19.83	-0.0002707661283
19.84	-0.0002542490646
19.85	-0.0002377676845
19.86	-0.0002213299734
19.87	-0.0002049438152
19.88	-0.0001886169893
19.89	-0.0001723571675
19.9	-0.0001561719116
19.91	-0.0001400686701
19.92	-0.0001240547761
19.93	-0.0001081374446
19.94	-9.232376968e-05
19.95	-7.662072262e-05
19.96	-6.103514922e-05
19.97	-4.557376775e-05
19.98	-3.024316679e-05
19.99	-1.504980316e-05
20	-1.167576452e-18
20.01	1.490005511e-05
20.02	2.964431196e-05
20.03	4.422685936e-05
20.04	5.864192679e-05
20.05	7.288388589e-05
20.06	8.69472519e-05
20.07	0.000100826685
20.08	0.0001145169917
20.09	0.0001280131257
20.1	0.0001413101892
20.11	0.0001544034341
20.12	0.0001672882625
20.13	0.0001799602278
20.14	0.0001924150351
20.15	0.0002046485426
20.16	0.0002166567612
20.17	0.000228435856
20.18	0.0002399821458
20.19	0.0002512921041
20.2	0.0002623623588
20.21	0.000273189693
20.22	0.0002837710446
20.23	0.0002941035063
20.24	0.0003041843259
20.25	0.0003140109057
20.26	0.0003235808029
20.27	0.0003328917284
20.28	0.0003419415472
20.29	0.0003507282778
20.3	0.0003592500913
20.31	0.0003675053112
20.32	0.0003754924126
20.33	0.0003832100213
20.34	0.0003906569133
20.35	0.0003978320138
20.36	0.0004047343962
20.37	0.000411363281
20.38	0.000417718035
20.39	0.0004237981701
20.4	0.0004296033418
20.41	0.0004351333483
20.42	0.0004403881292
20.43	0.0004453677636
20.44	0.0004500724695
20.45	0.0004545026016
20.46	0.00045865865
20.47	0.0004625412387
20.48	0.0004661511239
20.49	0.0004694891922
20.5	0.0004725564591
20.51	0.0004753540667
20.52	0.0004778832826
20.53	0.0004801454974
20.54	0.000482142223
20.55	0.0004838750905
20.56	0.0004853458485
20.57	0.0004865563607
20.58	0.0004875086041
20.59	0.0004882046665
20.6	0.0004886467448
20.61	0.0004888371424
20.62	0.0004887782673
20.63	0.0004884726295
20.64	0.000487922839
20.65	0.0004871316035
20.66	0.0004861017257
20.67	0.0004848361014
20.68	0.0004833377167
20.69	0.0004816096459
20.7	0.000479655049
20.71	0.000477477169
20.72	0.0004750793298
20.73	0.0004724649334
20.74	0.0004696374576
20.75	0.0004666004535
20.76	0.0004633575429
20.77	0.0004599124155
20.78	0.0004562688269
20.79	0.0004524305957
20.8	0.000448401601
20.81	0.0004441857798
20.82	0.0004397871244
20.83	0.0004352096802
20.84	0.0004304575424
20.85	0.0004255348541
20.86	0.0004204458036
20.87	0.0004151946214
20.88	0.0004097855783
20.89	0.0004042229821
20.9	0.0003985111759
20.91	0.0003926545346
20.92	0.0003866574633
20.93	0.0003805243941
20.94	0.0003742597838
20.95	0.0003678681115
20.96	0.0003613538762
20.97	0.0003547215937
20.98	0.0003479757951
20.99	0.0003411210236
21	0.0003341618323
21.01	0.0003271027821
21.02	0.0003199484386
21.03	0.0003127033708
21.04	0.0003053721476
21.05	0.0002979593363
21.06	0.0002904695
21.07	0.0002829071954
21.08	0.0002752769705
21.09	0.0002675833625
21.1	0.0002598308954
21.11	0.000252024078
21.12	0.0002441674018
21.13	0.0002362653388
21.14	0.0002283223394
21.15	0.0002203428307
21.16	0.0002123312139
21.17	0.0002042918629
21.18	0.0001962291219
21.19	0.0001881473039
21.2	0.0001800506885
21.21	0.0001719435203
21.22	0.000163830007
21.23	0.0001557143175
21.24	0.0001476005806
21.25	0.0001394928827
21.26	0.0001313952668
21.27	0.0001233117304
21.28	0.000115246224
21.29	0.0001072026498
21.3	9.918486017e-05
21.31	9.119665592e-05
21.32	8.324178515e-05
21.33	7.532394178e-05
21.34	6.744676424e-05
21.35	5.961383418e-05
21.36	5.182867523e-05
21.37	4.409475176e-05
21.38	3.641546777e-05
21.39	2.879416571e-05
21.4	2.123412546e-05
21.41	1.373856325e-05
21.42	6.310630655e-06
21.43	-1.046586296e-06
21.44	-8.330068085e-06
21.45	-1.553686255e-05
21.46	-2.266408571e-05
21.47	-2.970892255e-05
21.48	-3.666862776e-05
21.49	-4.354052642e-05
21.5	-5.032201466e-05
21.51	-5.701056028e-05
21.52	-6.360370331e-05
21.53	-7.009905652e-05
21.54	-7.649430594e-05
21.55	-8.278721127e-05
21.56	-8.89756063e-05
21.57	-9.505739926e-05
21.58	-0.0001010305731
21.59	-0.000106893186
21.6	-0.000112643371
21.61	-0.0001182793371
21.62	-0.0001237993686
21.63	-0.0001292018256
21.64	-0.0001344851441
21.65	-0.0001396478358
21.66	-0.0001446884885
21.67	-0.0001496057656
21.68	-0.0001543984063
21.69	-0.0001590652254
21.7	-0.0001636051132
21.71	-0.0001680170353
21.72	-0.0001723000322
21.73	-0.0001764532193
21.74	-0.0001804757866
21.75	-0.0001843669981
21.76	-0.0001881261916
21.77	-0.0001917527784
21.78	-0.0001952462426
21.79	-0.0001986061411
21.8	-0.0002018321025
21.81	-0.000204923827
21.82	-0.0002078810856
21.83	-0.0002107037199
21.84	-0.0002133916409
21.85	-0.0002159448289
21.86	-0.0002183633323
21.87	-0.0002206472674
21.88	-0.0002227968175
21.89	-0.0002248122318
21.9	-0.0002266938252
21.91	-0.000228441977
21.92	-0.0002300571302
21.93	-0.000231539791
21.94	-0.0002328905272
21.95	-0.0002341099681
21.96	-0.0002351988029
21.97	-0.0002361577802
21.98	-0.0002369877068
21.99	-0.0002376894468
22	-0.0002382639205
22.01	-0.0002387121036
22.02	-0.0002390350258
22.03	-0.0002392337702
22.04	-0.0002393094716
22.05	-0.0002392633162
22.06	-0.0002390965397
22.07	-0.0002388104267
22.08	-0.0002384063096
22.09	-0.0002378855668
22.1	-0.0002372496225
22.11	-0.0002364999447
22.12	-0.0002356380444
22.13	-0.0002346654744
22.14	-0.0002335838281
22.15	-0.0002323947383
22.16	-0.0002310998756
22.17	-0.000229700948
22.18	-0.0002281996986
22.19	-0.0002265979054
22.2	-0.0002248973795
22.21	-0.0002230999637
22.22	-0.0002212075317
22.23	-0.0002192219867
22.24	-0.0002171452599
22.25	-0.0002149793095
22.26	-0.0002127261194
22.27	-0.0002103876979
22.28	-0.0002079660765
22.29	-0.0002054633084
22.3	-0.0002028814676
22.31	-0.0002002226474
22.32	-0.0001974889594
22.33	-0.0001946825318
22.34	-0.0001918055087
22.35	-0.0001888600484
22.36	-0.0001858483224
22.37	-0.0001827725141
22.38	-0.0001796348179
22.39	-0.0001764374372
22.4	-0.000173182584
22.41	-0.0001698724772
22.42	-0.0001665093419
22.43	-0.0001630954075
22.44	-0.0001596329071
22.45	-0.0001561240763
22.46	-0.0001525711516
22.47	-0.0001489763697
22.48	-0.0001453419663
22.49	-0.0001416701749
22.5	-0.0001379632256
22.51	-0.0001342233442
22.52	-0.0001304527508
22.53	-0.0001266536593
22.54	-0.0001228282757
22.55	-0.0001189787975
22.56	-0.0001151074124
22.57	-0.0001112162977
22.58	-0.0001073076187
22.59	-0.0001033835282
22.6	-9.944616528e-05
22.61	-9.549765463e-05
22.62	-9.15401053e-05
22.63	-8.757560995e-05
22.64	-8.360624395e-05
22.65	-7.963406449e-05
22.66	-7.566110968e-05
22.67	-7.168939779e-05
22.68	-6.772092634e-05
22.69	-6.375767136e-05
22.7	-5.980158657e-05
22.71	-5.585460261e-05
22.72	-5.191862632e-05
22.73	-4.799553999e-05
22.74	-4.408720066e-05
22.75	-4.019543942e-05
22.76	-3.632206078e-05
22.77	-3.246884194e-05
22.78	-2.863753228e-05
22.79	-2.482985262e-05
22.8	-2.104749475e-05
22.81	-1.729212079e-05
22.82	-1.356536267e-05
22.83	-9.868821592e-06
22.84	-6.204067554e-06
22.85	-2.572638831e-06
22.86	1.023958468e-06
22.87	4.584250846e-06
22.88	8.106797843e-06
22.89	1.159019243e-05
22.9	1.503306139e-05
22.91	1.843406568e-05
22.92	2.179190078e-05
22.93	2.510529696e-05
22.94	2.837301965e-05
22.95	3.159386966e-05
22.96	3.476668345e-05
22.97	3.789033339e-05
22.98	4.096372791e-05
22.99	4.398581176e-05
23	4.695556615e-05
23.01	4.987200891e-05
23.02	5.273419463e-05
23.03	5.554121474e-05
23.04	5.829219765e-05
23.05	6.098630879e-05
23.06	6.362275068e-05
23.07	6.620076294e-05
23.08	6.871962236e-05
23.09	7.117864283e-05
23.1	7.357717536e-05
23.11	7.591460802e-05
23.12	7.819036591e-05
23.13	8.040391104e-05
23.14	8.255474226e-05
23.15	8.464239514e-05
23.16	8.666644186e-05
23.17	8.862649103e-05
23.18	9.052218755e-05
23.19	9.23532124e-05
23.2	9.411928249e-05
23.21	9.582015039e-05
23.22	9.745560415e-05
23.23	9.902546702e-05
23.24	0.0001005295972
23.25	0.0001019678876
23.26	0.0001033402654
23.27	0.000104646692
23.28	0.0001058871626
23.29	0.0001070617055
23.3	0.0001081703825
23.31	0.0001092132879
23.32	0.0001101905483
23.33	0.0001111023223
23.34	0.0001119488003
23.35	0.0001127302034
23.36	0.0001134467838
23.37	0.0001140988238
23.38	0.0001146866357
23.39	0.0001152105611
23.4	0.0001156709705
23.41	0.0001160682629
23.42	0.0001164028654
23.43	0.0001166752322
23.44	0.000116885845
23.45	0.0001170352115
23.46	0.0001171238656
23.47	0.0001171523665
23.48	0.0001171212983
23.49	0.0001170312694
23.5	0.0001168829122
23.51	0.000116676882
23.52	0.000116413857
23.53	0.0001160945374
23.54	0.0001157196448
23.55	0.0001152899221
23.56	0.0001148061322
23.57	0.0001142690579
23.58	0.0001136795012
23.59	0.0001130382826
23.6	0.0001123462408
23.61	0.0001116042315
23.62	0.0001108131276
23.63	0.0001099738177
23.64	0.0001090872064
23.65	0.0001081542129
23.66	0.000107175771
23.67	0.0001061528279
23.68	0.0001050863441
23.69	0.0001039772926
23.7	0.0001028266582
23.71	0.0001016354369
23.72	0.0001004046353
23.73	9.913527021e-05
23.74	9.782836765e-05
23.75	9.64849625e-05
23.76	9.510609779e-05
23.77	9.369282414e-05
23.78	9.224619912e-05
23.79	9.076728664e-05
23.8	8.925715639e-05
23.81	8.77168832e-05
23.82	8.614754645e-05
23.83	8.45502295e-05
23.84	8.292601909e-05
23.85	8.127600476e-05
23.86	7.960127825e-05
23.87	7.790293295e-05
23.88	7.618206334e-05
23.89	7.443976438e-05
23.9	7.267713101e-05
23.91	7.089525754e-05
23.92	6.909523713e-05
23.93	6.727816127e-05
23.94	6.544511919e-05
23.95	6.359719739e-05
23.96	6.173547906e-05
23.97	5.986104362e-05
23.98	5.797496617e-05
23.99	5.6078317e-05
24	5.417216112e-05
24.01	5.225755774e-05
24.02	5.033555981e-05
24.03	4.840721353e-05
24.04	4.647355793e-05
24.05	4.453562437e-05
24.06	4.259443611e-05
24.07	4.065100789e-05
24.08	3.870634547e-05
24.09	3.676144525e-05
24.1	3.481729381e-05
24.11	3.287486755e-05
24.12	3.093513227e-05
24.13	2.899904282e-05
24.14	2.706754269e-05
24.15	2.514156364e-05
24.16	2.322202541e-05
24.17	2.130983529e-05
24.18	1.940588784e-05
24.19	1.751106454e-05
24.2	1.56262335e-05
24.21	1.375224911e-05
24.22	1.188995179e-05
24.23	1.004016767e-05
24.24	8.203708338e-06
24.25	6.38137056e-06
24.26	4.573936023e-06
24.27	2.782171099e-06
24.28	1.006826604e-06
24.29	-7.513624279e-07
24.3	-2.491676956e-06
24.31	-4.213414141e-06
24.32	-5.915887537e-06
24.33	-7.598427277e-06
24.34	-9.260380249e-06
24.35	-1.090111025e-05
24.36	-1.251999817e-05
24.37	-1.411644207e-05
24.38	-1.568985741e-05
24.39	-1.723967707e-05
24.4	-1.876535156e-05
24.41	-2.026634904e-05
24.42	-2.174215546e-05
24.43	-2.319227465e-05
24.44	-2.461622836e-05
24.45	-2.601355633e-05
24.46	-2.738381638e-05
24.47	-2.872658441e-05
24.48	-3.004145446e-05
24.49	-3.132803871e-05
24.5	-3.258596754e-05
24.51	-3.381488949e-05
24.52	-3.501447129e-05
24.53	-3.618439781e-05
24.54	-3.732437209e-05
24.55	-3.843411527e-05
24.56	-3.951336655e-05
24.57	-4.056188319e-05
24.58	-4.157944039e-05
24.59	-4.256583126e-05
24.6	-4.352086674e-05
24.61	-4.444437553e-05
24.62	-4.533620397e-05
24.63	-4.619621597e-05
24.64	-4.702429291e-05
24.65	-4.782033349e-05
24.66	-4.858425363e-05
24.67	-4.931598636e-05
24.68	-5.001548164e-05
24.69	-5.068270627e-05
24.7	-5.131764368e-05
24.71	-5.192029384e-05
24.72	-5.249067302e-05
24.73	-5.302881369e-05
24.74	-5.35347643e-05
24.75	-5.40085891e-05
24.76	-5.445036798e-05
24.77	-5.486019622e-05
24.78	-5.523818435e-05
24.79	-5.558445791e-05
24.8	-5.589915721e-05
24.81	-5.618243718e-05
24.82	-5.643446708e-05
24.83	-5.665543033e-05
24.84	-5.684552422e-05
24.85	-5.70049597e-05
24.86	-5.713396116e-05
24.87	-5.723276612e-05
24.88	-5.730162506e-05
24.89	-5.734080109e-05
24.9	-5.735056974e-05
24.91	-5.733121867e-05
24.92	-5.728304742e-05
24.93	-5.720636714e-05
24.94	-5.710150029e-05
24.95	-5.696878041e-05
24.96	-5.680855181e-05
24.97	-5.662116928e-05
24.98	-5.640699783e-05
24.99	-5.616641241e-05
25	-5.589979758e-05
25.01	-5.560754727e-05
25.02	-5.529006444e-05
25.03	-5.494776083e-05
25.04	-5.458105663e-05
25.05	-5.419038021e-05
25.06	-5.377616779e-05
25.07	-5.333886318e-05
25.08	-5.287891745e-05
25.09	-5.239678863e-05
25.1	-5.189294145e-05
25.11	-5.136784696e-05
25.12	-5.082198232e-05
25.13	-5.025583043e-05
25.14	-4.966987965e-05
25.15	-4.906462351e-05
25.16	-4.844056039e-05
25.17	-4.779819324e-05
25.18	-4.713802925e-05
25.19	-4.646057959e-05
25.2	-4.576635908e-05
25.21	-4.50558859e-05
25.22	-4.432968131e-05
25.23	-4.358826934e-05
25.24	-4.28321765e-05
25.25	-4.206193149e-05
25.26	-4.127806491e-05
25.27	-4.048110898e-05
25.28	-3.967159725e-05
25.29	-3.88500643e-05
25.3	-3.801704548e-05
25.31	-3.717307665e-05
25.32	-3.631869383e-05
25.33	-3.545443303e-05
25.34	-3.458082989e-05
25.35	-3.369841946e-05
25.36	-3.280773592e-05
25.37	-3.190931232e-05
25.38	-3.100368033e-05
25.39	-3.009136998e-05
25.4	-2.91729094e-05
25.41	-2.824882456e-05
25.42	-2.731963908e-05
25.43	-2.638587392e-05
25.44	-2.544804718e-05
25.45	-2.450667388e-05
25.46	-2.356226568e-05
25.47	-2.261533071e-05
25.48	-2.166637331e-05
25.49	-2.071589382e-05
25.5	-1.976438839e-05
25.51	-1.881234874e-05
25.52	-1.786026197e-05
25.53	-1.690861035e-05
25.54	-1.595787114e-05
25.55	-1.500851639e-05
25.56	-1.406101276e-05
25.57	-1.31158213e-05
25.58	-1.217339733e-05
25.59	-1.123419023e-05
25.6	-1.029864329e-05
25.61	-9.367193521e-06
25.62	-8.440271519e-06
25.63	-7.518301308e-06
25.64	-6.601700183e-06
25.65	-5.690878571e-06
25.66	-4.78623989e-06
25.67	-3.888180416e-06
25.68	-2.997089151e-06
25.69	-2.113347702e-06
25.7	-1.237330158e-06
25.71	-3.694029779e-07
25.72	4.900751207e-07
25.73	1.340753265e-06
25.74	2.182288525e-06
25.75	3.014346013e-06
25.76	3.836598967e-06
25.77	4.648728839e-06
25.78	5.450425373e-06
25.79	6.241386681e-06
25.8	7.021319309e-06
25.81	7.789938308e-06
25.82	8.546967286e-06
25.83	9.292138469e-06
25.84	1.002519274e-05
25.85	1.074587971e-05
25.86	1.145395773e-05
25.87	1.214919392e-05
25.88	1.283136424e-05
25.89	1.350025348e-05
25.9	1.41556553e-05
25.91	1.479737222e-05
25.92	1.542521568e-05
25.93	1.603900599e-05
25.94	1.663857238e-05
25.95	1.722375295e-05
25.96	1.779439472e-05
25.97	1.835035357e-05
25.98	1.889149426e-05
25.99	1.941769039e-05
26	1.992882436e-05
26.01	2.042478739e-05
26.02	2.090547946e-05
26.03	2.137080924e-05
26.04	2.182069412e-05
26.05	2.22550601e-05
26.06	2.26738418e-05
26.07	2.307698235e-05
26.08	2.346443337e-05
26.09	2.383615491e-05
26.1	2.419211536e-05
26.11	2.453229141e-05
26.12	2.485666798e-05
26.13	2.516523812e-05
26.14	2.545800294e-05
26.15	2.573497157e-05
26.16	2.599616102e-05
26.17	2.624159611e-05
26.18	2.647130941e-05
26.19	2.668534109e-05
26.2	2.688373888e-05
26.21	2.706655794e-05
26.22	2.723386076e-05
26.23	2.738571708e-05
26.24	2.752220373e-05
26.25	2.764340458e-05
26.26	2.774941039e-05
26.27	2.784031871e-05
26.28	2.791623376e-05
26.29	2.79772663e-05
26.3	2.802353353e-05
26.31	2.805515896e-05
26.32	2.807227227e-05
26.33	2.80750092e-05
26.34	2.80635114e-05
26.35	2.803792635e-05
26.36	2.799840715e-05
26.37	2.794511245e-05
26.38	2.787820629e-05
26.39	2.779785796e-05
26.4	2.770424188e-05
26.41	2.759753744e-05
26.42	2.747792886e-05
26.43	2.734560508e-05
26.44	2.720075958e-05
26.45	2.704359024e-05
26.46	2.687429923e-05
26.47	2.669309283e-05
26.48	2.65001813e-05
26.49	2.629577874e-05
26.5	2.608010292e-05
26.51	2.585337515e-05
26.52	2.561582015e-05
26.53	2.536766585e-05
26.54	2.510914331e-05
26.55	2.484048651e-05
26.56	2.456193225e-05
26.57	2.427371997e-05
26.58	2.397609163e-05
26.59	2.366929152e-05
26.6	2.335356618e-05
26.61	2.302916418e-05
26.62	2.269633601e-05
26.63	2.235533396e-05
26.64	2.200641192e-05
26.65	2.164982526e-05
26.66	2.128583071e-05
26.67	2.091468617e-05
26.68	2.05366506e-05
26.69	2.015198389e-05
26.7	1.976094668e-05
26.71	1.936380023e-05
26.72	1.896080631e-05
26.73	1.855222705e-05
26.74	1.813832478e-05
26.75	1.771936193e-05
26.76	1.729560086e-05
26.77	1.686730377e-05
26.78	1.643473252e-05
26.79	1.599814857e-05
26.8	1.555781276e-05
26.81	1.511398526e-05
26.82	1.466692541e-05
26.83	1.421689163e-05
26.84	1.376414123e-05
26.85	1.330893036e-05
26.86	1.285151388e-05
26.87	1.239214519e-05
26.88	1.19310762e-05
26.89	1.146855715e-05
26.9	1.100483652e-05
26.91	1.054016095e-05
26.92	1.007477507e-05
26.93	9.608921479e-06
26.94	9.142840568e-06
26.95	8.676770463e-06
26.96	8.210946913e-06
26.97	7.745603198e-06
26.98	7.280970033e-06
26.99	6.817275476e-06
27	6.354744844e-06
27.01	5.893600621e-06
27.02	5.434062377e-06
27.03	4.976346682e-06
27.04	4.520667031e-06
27.05	4.067233765e-06
27.06	3.616253992e-06
27.07	3.167931522e-06
27.08	2.722466788e-06
27.09	2.280056786e-06
27.1	1.840895004e-06
27.11	1.405171361e-06
27.12	9.730721471e-07
27.13	5.447799649e-07
27.14	1.204736728e-07
27.15	-2.996716675e-07
27.16	-7.154848416e-07
27.17	-1.126798531e-06
27.18	-1.533449359e-06
27.19	-1.935277935e-06
27.2	-2.332128894e-06
27.21	-2.723850935e-06
27.22	-3.110296859e-06
27.23	-3.491323603e-06
27.24	-3.866792266e-06
27.25	-4.236568146e-06
27.26	-4.60052076e-06
27.27	-4.958523871e-06
27.28	-5.310455507e-06
27.29	-5.656197984e-06
27.3	-5.995637922e-06
27.31	-6.328666256e-06
27.32	-6.655178252e-06
27.33	-6.975073516e-06
27.34	-7.288256002e-06
27.35	-7.594634014e-06
27.36	-7.894120215e-06
27.37	-8.186631622e-06
27.38	-8.472089611e-06
27.39	-8.750419905e-06
27.4	-9.021552576e-06
27.41	-9.285422035e-06
27.42	-9.541967018e-06
27.43	-9.79113058e-06
27.44	-1.003286008e-05
27.45	-1.026710715e-05
27.46	-1.049382771e-05
27.47	-1.071298191e-05
27.48	-1.092453414e-05
27.49	-1.112845298e-05
27.5	-1.132471119e-05
27.51	-1.151328567e-05
27.52	-1.169415746e-05
27.53	-1.186731166e-05
27.54	-1.203273744e-05
27.55	-1.219042798e-05
27.56	-1.234038045e-05
27.57	-1.248259597e-05
27.58	-1.261707954e-05
27.59	-1.274384005e-05
27.6	-1.286289019e-05
27.61	-1.297424644e-05
27.62	-1.3077929e-05
27.63	-1.317396176e-05
27.64	-1.326237223e-05
27.65	-1.334319152e-05
27.66	-1.341645425e-05
27.67	-1.348219856e-05
27.68	-1.354046597e-05
27.69	-1.359130139e-05
27.7	-1.363475305e-05
27.71	-1.367087244e-05
27.72	-1.369971422e-05
27.73	-1.372133621e-05
27.74	-1.373579933e-05
27.75	-1.374316746e-05
27.76	-1.374350749e-05
27.77	-1.373688917e-05
27.78	-1.372338509e-05
27.79	-1.370307059e-05
27.8	-1.367602373e-05
27.81	-1.364232517e-05
27.82	-1.360205816e-05
27.83	-1.355530843e-05
27.84	-1.350216414e-05
27.85	-1.344271581e-05
27.86	-1.337705626e-05
27.87	-1.33052805e-05
27.88	-1.322748574e-05
27.89	-1.314377121e-05
27.9	-1.305423819e-05
27.91	-1.295898988e-05
27.92	-1.285813135e-05
27.93	-1.275176947e-05
27.94	-1.264001281e-05
27.95	-1.252297161e-05
27.96	-1.240075769e-05
27.97	-1.227348435e-05
27.98	-1.214126636e-05
27.99	-1.200421981e-05
28	-1.18624621e-05
28.01	-1.171611186e-05
28.02	-1.156528883e-05
28.03	-1.141011385e-05
28.04	-1.125070875e-05
28.05	-1.108719628e-05
28.06	-1.091970006e-05
28.07	-1.074834449e-05
28.08	-1.057325469e-05
28.09	-1.039455642e-05
28.1	-1.021237601e-05
28.11	-1.002684031e-05
28.12	-9.838076594e-06
28.13	-9.646212503e-06
28.14	-9.451375981e-06
28.15	-9.253695203e-06
28.16	-9.053298507e-06
28.17	-8.850314328e-06
28.18	-8.644871134e-06
28.19	-8.437097357e-06
28.2	-8.227121332e-06
28.21	-8.015071231e-06
28.22	-7.801075e-06
28.23	-7.585260298e-06
28.24	-7.367754432e-06
28.25	-7.1486843e-06
28.26	-6.928176328e-06
28.27	-6.706356412e-06
28.28	-6.483349858e-06
28.29	-6.259281328e-06
28.3	-6.034274779e-06
28.31	-5.80845341e-06
28.32	-5.581939607e-06
28.33	-5.354854888e-06
28.34	-5.127319851e-06
28.35	-4.899454122e-06
28.36	-4.671376303e-06
28.37	-4.443203926e-06
28.38	-4.215053398e-06
28.39	-3.987039958e-06
28.4	-3.75927763e-06
28.41	-3.531879176e-06
28.42	-3.304956051e-06
28.43	-3.07861836e-06
28.44	-2.852974818e-06
28.45	-2.628132706e-06
28.46	-2.404197831e-06
28.47	-2.181274491e-06
28.48	-1.959465431e-06
28.49	-1.738871812e-06
28.5	-1.519593171e-06
28.51	-1.301727393e-06
28.52	-1.08537067e-06
28.53	-8.70617476e-07
28.54	-6.575605318e-07
28.55	-4.462907781e-07
28.56	-2.368973461e-07
28.57	-2.946753061e-08
28.58	1.759132359e-07
28.59	3.79161408e-07
28.6	5.801953506e-07
28.61	7.789353616e-07
28.62	9.753036926e-07
28.63	1.169224569e-06
28.64	1.360624209e-06
28.65	1.549430841e-06
28.66	1.735574719e-06
28.67	1.918988139e-06
28.68	2.099605452e-06
28.69	2.277363078e-06
28.7	2.452199516e-06
28.71	2.624055355e-06
28.72	2.792873286e-06
28.73	2.958598103e-06
28.74	3.121176719e-06
28.75	3.280558165e-06
28.76	3.436693597e-06
28.77	3.589536302e-06
28.78	3.739041695e-06
28.79	3.885167325e-06
28.8	4.027872875e-06
28.81	4.167120156e-06
28.82	4.302873115e-06
28.83	4.43509782e-06
28.84	4.563762465e-06
28.85	4.688837364e-06
28.86	4.810294938e-06
28.87	4.928109718e-06
28.88	5.042258329e-06
28.89	5.152719484e-06
28.9	5.259473975e-06
28.91	5.362504661e-06
28.92	5.461796453e-06
28.93	5.55733631e-06
28.94	5.649113213e-06
28.95	5.737118161e-06
28.96	5.82134415e-06
28.97	5.901786159e-06
28.98	5.978441131e-06
28.99	6.051307956e-06
29	6.120387451e-06
29.01	6.185682344e-06
29.02	6.24719725e-06
29.03	6.304938649e-06
29.04	6.358914868e-06
29.05	6.409136057e-06
29.06	6.455614165e-06
29.07	6.498362914e-06
29.08	6.53739778e-06
29.09	6.572735963e-06
29.1	6.604396362e-06
29.11	6.632399549e-06
29.12	6.656767744e-06
29.13	6.677524784e-06
29.14	6.694696096e-06
29.15	6.708308669e-06
29.16	6.718391024e-06
29.17	6.724973186e-06
29.18	6.728086651e-06
29.19	6.727764357e-06
29.2	6.724040654e-06
29.21	6.716951272e-06
29.22	6.706533285e-06
29.23	6.692825088e-06
29.24	6.675866355e-06
29.25	6.655698011e-06
29.26	6.6323622e-06
29.27	6.605902246e-06
29.28	6.576362626e-06
29.29	6.543788932e-06
29.3	6.508227838e-06
29.31	6.469727064e-06
29.32	6.428335344e-06
29.33	6.38410239e-06
29.34	6.337078857e-06
29.35	6.287316308e-06
29.36	6.23486718e-06
29.37	6.179784746e-06
29.38	6.122123084e-06
29.39	6.061937036e-06
29.4	5.999282178e-06
29.41	5.934214783e-06
29.42	5.866791782e-06
29.43	5.797070735e-06
29.44	5.72510979e-06
29.45	5.65096765e-06
29.46	5.574703538e-06
29.47	5.496377163e-06
29.48	5.416048682e-06
29.49	5.333778666e-06
29.5	5.249628068e-06
29.51	5.163658183e-06
29.52	5.075930621e-06
29.53	4.986507264e-06
29.54	4.89545024e-06
29.55	4.802821884e-06
29.56	4.708684705e-06
29.57	4.613101355e-06
29.58	4.516134595e-06
29.59	4.417847259e-06
29.6	4.318302227e-06
29.61	4.217562388e-06
29.62	4.11569061e-06
29.63	4.012749709e-06
29.64	3.908802418e-06
29.65	3.803911351e-06
29.66	3.698138982e-06
29.67	3.591547605e-06
29.68	3.484199311e-06
29.69	3.376155955e-06
29.7	3.267479129e-06
29.71	3.158230134e-06
29.72	3.048469947e-06
29.73	2.9382592e-06
29.74	2.827658149e-06
29.75	2.716726647e-06
29.76	2.60552412e-06
29.77	2.49410954e-06
29.78	2.382541397e-06
29.79	2.270877681e-06
29.8	2.159175848e-06
29.81	2.047492807e-06
29.82	1.935884888e-06
29.83	1.824407822e-06
29.84	1.713116722e-06
29.85	1.602066056e-06
29.86	1.49130963e-06
29.87	1.380900565e-06
29.88	1.270891277e-06
29.89	1.16133346e-06
29.9	1.052278063e-06
29.91	9.437752752e-07
29.92	8.358745064e-07
29.93	7.286243702e-07
29.94	6.220726669e-07
29.95	5.162663681e-07
29.96	4.112516006e-07
29.97	3.070736317e-07
29.98	2.037768549e-07
29.99	1.01404776e-07
30	-4.501148e-21
