temps	angle
0	0
0.01	0.5625913346
0.02	1.119123313
0.03	1.66919972
0.04	2.212433575
0.05	2.748447363
0.06	3.276873247
0.07	3.797353274
0.08	4.309539573
0.09	4.813094533
0.1	5.307690985
0.11	5.793012364
0.12	6.268752862
0.13	6.734617574
0.14	7.190322629
0.15	7.635595315
0.16	8.070174189
0.17	8.493809185
0.18	8.906261699
0.19	9.307304674
0.2	9.696722674
0.21	10.07431194
0.22	10.43988044
0.23	10.79324792
0.24	11.13424593
0.25	11.46271782
0.26	11.77851881
0.27	12.08151592
0.28	12.37158802
0.29	12.64862577
0.3	12.91253162
0.31	13.16321976
0.32	13.40061608
0.33	13.6246581
0.34	13.83529492
0.35	14.03248715
0.36	14.21620681
0.37	14.38643727
0.38	14.54317309
0.39	14.68641999
0.4	14.81619468
0.41	14.93252477
0.42	15.03544861
0.43	15.12501516
0.44	15.20128387
0.45	15.26432448
0.46	15.31421692
0.47	15.35105108
0.48	15.37492667
0.49	15.38595307
0.5	15.38424906
0.51	15.36994273
0.52	15.34317119
0.53	15.30408044
0.54	15.25282513
0.55	15.18956833
0.56	15.11448136
0.57	15.02774351
0.58	14.92954186
0.59	14.82007103
0.6	14.69953295
0.61	14.56813662
0.62	14.42609784
0.63	14.27363904
0.64	14.11098894
0.65	13.93838238
0.66	13.75606
0.67	13.56426803
0.68	13.36325802
0.69	13.15328657
0.7	12.93461508
0.71	12.70750949
0.72	12.47224002
0.73	12.22908087
0.74	11.97831001
0.75	11.72020887
0.76	11.45506211
0.77	11.18315733
0.78	10.9047848
0.79	10.62023722
0.8	10.32980945
0.81	10.03379821
0.82	9.732501879
0.83	9.426220186
0.84	9.115253973
0.85	8.799904927
0.86	8.480475331
0.87	8.157267807
0.88	7.830585064
0.89	7.50072965
0.9	7.168003706
0.91	6.832708719
0.92	6.495145286
0.93	6.155612872
0.94	5.814409578
0.95	5.47183191
0.96	5.12817455
0.97	4.783730134
0.98	4.438789032
0.99	4.093639132
1	3.748565629
1.01	3.403850817
1.02	3.059773888
1.03	2.71661073
1.04	2.374633741
1.05	2.034111631
1.06	1.695309246
1.07	1.358487384
1.08	1.023902625
1.09	0.6918071604
1.1	0.3624486299
1.11	0.03606996464
1.12	-0.2870907659
1.13	-0.6068005005
1.14	-0.922831328
1.15	-1.234960623
1.16	-1.542971174
1.17	-1.846651311
1.18	-2.145795022
1.19	-2.440202065
1.2	-2.729678077
1.21	-3.014034673
1.22	-3.293089542
1.23	-3.566666536
1.24	-3.834595753
1.25	-4.096713614
1.26	-4.352862934
1.27	-4.602892989
1.28	-4.846659575
1.29	-5.084025058
1.3	-5.314858426
1.31	-5.539035328
1.32	-5.756438111
1.33	-5.966955848
1.34	-6.170484366
1.35	-6.366926258
1.36	-6.556190903
1.37	-6.738194466
1.38	-6.912859903
1.39	-7.080116957
1.4	-7.239902146
1.41	-7.392158749
1.42	-7.536836784
1.43	-7.673892984
1.44	-7.803290764
1.45	-7.925000185
1.46	-8.038997912
1.47	-8.145267169
1.48	-8.243797686
1.49	-8.334585642
1.5	-8.417633606
1.51	-8.492950471
1.52	-8.560551381
1.53	-8.620457661
1.54	-8.672696734
1.55	-8.717302039
1.56	-8.754312946
1.57	-8.78377466
1.58	-8.805738132
1.59	-8.820259952
1.6	-8.827402257
1.61	-8.827232613
1.62	-8.819823916
1.63	-8.805254272
1.64	-8.783606885
1.65	-8.754969937
1.66	-8.719436464
1.67	-8.677104236
1.68	-8.628075626
1.69	-8.57245748
1.7	-8.510360987
1.71	-8.441901544
1.72	-8.36719862
1.73	-8.286375614
1.74	-8.199559719
1.75	-8.106881778
1.76	-8.008476141
1.77	-7.904480519
1.78	-7.795035837
1.79	-7.68028609
1.8	-7.56037819
1.81	-7.435461819
1.82	-7.305689276
1.83	-7.171215332
1.84	-7.03219707
1.85	-6.888793741
1.86	-6.741166607
1.87	-6.58947879
1.88	-6.433895119
1.89	-6.274581981
1.9	-6.111707163
1.91	-5.945439709
1.92	-5.775949758
1.93	-5.603408405
1.94	-5.427987541
1.95	-5.249859712
1.96	-5.069197966
1.97	-4.886175707
1.98	-4.700966552
1.99	-4.513744182
2	-4.324682203
2.01	-4.133954001
2.02	-3.941732605
2.03	-3.748190547
2.04	-3.553499725
2.05	-3.357831268
2.06	-3.161355407
2.07	-2.964241338
2.08	-2.766657099
2.09	-2.568769442
2.1	-2.370743707
2.11	-2.172743704
2.12	-1.974931591
2.13	-1.777467758
2.14	-1.580510713
2.15	-1.384216974
2.16	-1.188740954
2.17	-0.994234861
2.18	-0.8008485916
2.19	-0.6087296331
2.2	-0.4180229656
2.21	-0.2288709682
2.22	-0.04141332795
2.23	0.1442130479
2.24	0.3278741163
2.25	0.5094387803
2.26	0.6887789667
2.27	0.8657697016
2.28	1.040289182
2.29	1.212218843
2.3	1.381443424
2.31	1.547851032
2.32	1.711333197
2.33	1.871784925
2.34	2.029104758
2.35	2.183194812
2.36	2.333960828
2.37	2.481312212
2.38	2.625162072
2.39	2.765427252
2.4	2.902028364
2.41	3.034889817
2.42	3.163939837
2.43	3.289110494
2.44	3.410337713
2.45	3.527561292
2.46	3.640724914
2.47	3.74977615
2.48	3.854666468
2.49	3.95535123
2.5	4.051789694
2.51	4.143945005
2.52	4.231784189
2.53	4.315278139
2.54	4.394401604
2.55	4.469133168
2.56	4.53945523
2.57	4.605353984
2.58	4.666819385
2.59	4.72384513
2.6	4.776428615
2.61	4.82457091
2.62	4.868276716
2.63	4.907554325
2.64	4.94241558
2.65	4.972875829
2.66	4.998953878
2.67	5.020671938
2.68	5.038055577
2.69	5.051133665
2.7	5.059938315
2.71	5.064504825
2.72	5.064871621
2.73	5.061080189
2.74	5.053175015
2.75	5.041203514
2.76	5.025215969
2.77	5.005265452
2.78	4.981407762
2.79	4.953701345
2.8	4.922207223
2.81	4.886988919
2.82	4.848112377
2.83	4.805645887
2.84	4.759660004
2.85	4.710227466
2.86	4.657423118
2.87	4.601323823
2.88	4.542008382
2.89	4.479557453
2.9	4.414053461
2.91	4.345580514
2.92	4.274224322
2.93	4.200072105
2.94	4.123212508
2.95	4.043735517
2.96	3.961732368
2.97	3.877295461
2.98	3.790518273
2.99	3.701495274
3	3.61032183
3.01	3.517094128
3.02	3.421909079
3.03	3.324864237
3.04	3.226057711
3.05	3.125588078
3.06	3.023554298
3.07	2.920055631
3.08	2.81519155
3.09	2.709061658
3.1	2.601765606
3.11	2.493403008
3.12	2.384073366
3.13	2.27387598
3.14	2.162909877
3.15	2.051273728
3.16	1.939065773
3.17	1.826383742
3.18	1.713324783
3.19	1.599985385
3.2	1.486461308
3.21	1.372847509
3.22	1.259238078
3.23	1.145726159
3.24	1.032403895
3.25	0.9193623533
3.26	0.8066914653
3.27	0.694479964
3.28	0.5828153226
3.29	0.4717836952
3.3	0.3614698595
3.31	0.2519571607
3.32	0.1433274579
3.33	0.03566107093
3.34	-0.07096326937
3.35	-0.1764684705
3.36	-0.280779125
3.37	-0.3838215555
3.38	-0.4855238583
3.39	-0.585815944
3.4	-0.6846295778
3.41	-0.7818984162
3.42	-0.8775580433
3.43	-0.9715460039
3.44	-1.063801836
3.45	-1.154267098
3.46	-1.242885403
3.47	-1.329602434
3.48	-1.41436598
3.49	-1.497125948
3.5	-1.577834389
3.51	-1.656445511
3.52	-1.732915703
3.53	-1.807203539
3.54	-1.879269798
3.55	-1.949077472
3.56	-2.016591772
3.57	-2.081780137
3.58	-2.144612239
3.59	-2.205059983
3.6	-2.263097511
3.61	-2.318701198
3.62	-2.37184965
3.63	-2.422523702
3.64	-2.470706408
3.65	-2.516383034
3.66	-2.559541048
3.67	-2.60017011
3.68	-2.638262057
3.69	-2.673810887
3.7	-2.706812745
3.71	-2.737265903
3.72	-2.765170742
3.73	-2.790529728
3.74	-2.813347391
3.75	-2.833630302
3.76	-2.851387043
3.77	-2.866628185
3.78	-2.879366258
3.79	-2.889615718
3.8	-2.89739292
3.81	-2.902716084
3.82	-2.905605262
3.83	-2.906082302
3.84	-2.904170815
3.85	-2.899896133
3.86	-2.893285279
3.87	-2.884366919
3.88	-2.873171331
3.89	-2.859730355
3.9	-2.844077358
3.91	-2.826247192
3.92	-2.806276144
3.93	-2.784201899
3.94	-2.76006349
3.95	-2.733901256
3.96	-2.705756795
3.97	-2.675672917
3.98	-2.643693596
3.99	-2.609863923
4	-2.57423006
4.01	-2.536839188
4.02	-2.497739461
4.03	-2.456979954
4.04	-2.414610616
4.05	-2.37068222
4.06	-2.325246312
4.07	-2.278355162
4.08	-2.230061713
4.09	-2.180419532
4.1	-2.12948276
4.11	-2.077306059
4.12	-2.023944567
4.13	-1.969453844
4.14	-1.913889822
4.15	-1.857308759
4.16	-1.799767187
4.17	-1.741321862
4.18	-1.682029718
4.19	-1.621947817
4.2	-1.561133301
4.21	-1.499643344
4.22	-1.437535105
4.23	-1.374865682
4.24	-1.311692065
4.25	-1.24807109
4.26	-1.184059395
4.27	-1.119713375
4.28	-1.055089138
4.29	-0.9902424616
4.3	-0.925228751
4.31	-0.8601029975
4.32	-0.7949197366
4.33	-0.7297330087
4.34	-0.6645963193
4.35	-0.5995626002
4.36	-0.5346841724
4.37	-0.4700127086
4.38	-0.4055991979
4.39	-0.3414939102
4.4	-0.2777463625
4.41	-0.2144052857
4.42	-0.1515185921
4.43	-0.08913334506
4.44	-0.02729572786
4.45	0.03394898471
4.46	0.09455645477
4.47	0.1544833083
4.48	0.2136871612
4.49	0.2721266441
4.5	0.3297614262
4.51	0.3865522382
4.52	0.4424608938
4.53	0.4974503102
4.54	0.5514845277
4.55	0.6045287278
4.56	0.6565492506
4.57	0.7075136108
4.58	0.7573905129
4.59	0.8061498643
4.6	0.8537627891
4.61	0.9002016386
4.62	0.9454400027
4.63	0.9894527186
4.64	1.032215879
4.65	1.07370684
4.66	1.113904226
4.67	1.152787936
4.68	1.190339146
4.69	1.226540311
4.7	1.261375171
4.71	1.294828746
4.72	1.32688734
4.73	1.357538534
4.74	1.386771193
4.75	1.41457545
4.76	1.440942712
4.77	1.465865648
4.78	1.489338188
4.79	1.511355507
4.8	1.531914026
4.81	1.551011397
4.82	1.568646492
4.83	1.584819397
4.84	1.599531394
4.85	1.612784952
4.86	1.624583711
4.87	1.634932467
4.88	1.643837161
4.89	1.651304855
4.9	1.657343725
4.91	1.661963031
4.92	1.665173112
4.93	1.666985355
4.94	1.667412182
4.95	1.666467029
4.96	1.664164323
4.97	1.660519459
4.98	1.655548783
4.99	1.649269564
5	1.641699972
5.01	1.632859057
5.02	1.622766721
5.03	1.611443692
5.04	1.598911506
5.05	1.585192473
5.06	1.570309656
5.07	1.554286843
5.08	1.537148519
5.09	1.518919843
5.1	1.499626617
5.11	1.479295257
5.12	1.457952772
5.13	1.435626729
5.14	1.412345228
5.15	1.388136873
5.16	1.363030743
5.17	1.337056366
5.18	1.310243687
5.19	1.282623041
5.2	1.254225124
5.21	1.225080964
5.22	1.195221892
5.23	1.164679514
5.24	1.133485683
5.25	1.101672468
5.26	1.069272127
5.27	1.03631708
5.28	1.002839878
5.29	0.9688731771
5.3	0.9344497099
5.31	0.899602258
5.32	0.8643636245
5.33	0.828766607
5.34	0.7928439707
5.35	0.7566284221
5.36	0.7201525822
5.37	0.6834489613
5.38	0.6465499326
5.39	0.6094877079
5.4	0.5722943121
5.41	0.5350015591
5.42	0.4976410278
5.43	0.4602440385
5.44	0.4228416296
5.45	0.3854645353
5.46	0.3481431631
5.47	0.3109075723
5.48	0.2737874526
5.49	0.2368121039
5.5	0.2000104154
5.51	0.1634108466
5.52	0.1270414082
5.53	0.09092964301
5.54	0.05510260877
5.55	0.01958686029
5.56	-0.01559156716
5.57	-0.05040717407
5.58	-0.08483501225
5.59	-0.1188506998
5.6	-0.1524304356
5.61	-0.1855510129
5.62	-0.2181898324
5.63	-0.250324915
5.64	-0.2819349133
5.65	-0.3129991233
5.66	-0.3434974945
5.67	-0.3734106401
5.68	-0.4027198461
5.69	-0.4314070805
5.7	-0.4594550004
5.71	-0.4868469603
5.72	-0.5135670182
5.73	-0.5395999418
5.74	-0.5649312142
5.75	-0.5895470384
5.76	-0.6134343414
5.77	-0.636580778
5.78	-0.6589747337
5.79	-0.6806053265
5.8	-0.7014624091
5.81	-0.7215365695
5.82	-0.7408191317
5.83	-0.7593021551
5.84	-0.7769784342
5.85	-0.7938414968
5.86	-0.8098856024
5.87	-0.825105739
5.88	-0.8394976207
5.89	-0.8530576835
5.9	-0.8657830811
5.91	-0.8776716802
5.92	-0.8887220554
5.93	-0.8989334827
5.94	-0.9083059336
5.95	-0.9168400682
5.96	-0.9245372274
5.97	-0.9313994255
5.98	-0.9374293418
5.99	-0.9426303113
6	-0.947006316
6.01	-0.9505619749
6.02	-0.9533025339
6.03	-0.9552338555
6.04	-0.9563624075
6.05	-0.9566952518
6.06	-0.9562400329
6.07	-0.9550049655
6.08	-0.9529988223
6.09	-0.9502309213
6.1	-0.9467111124
6.11	-0.9424497646
6.12	-0.9374577517
6.13	-0.9317464387
6.14	-0.9253276677
6.15	-0.9182137432
6.16	-0.9104174173
6.17	-0.9019518752
6.18	-0.8928307198
6.19	-0.8830679564
6.2	-0.8726779772
6.21	-0.8616755457
6.22	-0.850075781
6.23	-0.8378941416
6.24	-0.8251464094
6.25	-0.8118486739
6.26	-0.7980173154
6.27	-0.7836689891
6.28	-0.7688206085
6.29	-0.7534893288
6.3	-0.7376925308
6.31	-0.7214478043
6.32	-0.7047729312
6.33	-0.6876858697
6.34	-0.670204737
6.35	-0.6523477935
6.36	-0.6341334263
6.37	-0.6155801324
6.38	-0.596706503
6.39	-0.5775312071
6.4	-0.5580729753
6.41	-0.5383505838
6.42	-0.5183828389
6.43	-0.4981885609
6.44	-0.4777865686
6.45	-0.4571956641
6.46	-0.4364346172
6.47	-0.4155221505
6.48	-0.3944769248
6.49	-0.3733175237
6.5	-0.3520624398
6.51	-0.3307300602
6.52	-0.3093386524
6.53	-0.2879063504
6.54	-0.2664511416
6.55	-0.2449908529
6.56	-0.2235431383
6.57	-0.2021254656
6.58	-0.1807551042
6.59	-0.1594491128
6.6	-0.1382243279
6.61	-0.1170973513
6.62	-0.09608453993
6.63	-0.07520199392
6.64	-0.05446554654
6.65	-0.03389075363
6.66	-0.01349288366
6.67	0.00671309196
6.68	0.0267125082
6.69	0.04649101536
6.7	0.06603458777
6.71	0.08532953198
6.72	0.1043624948
6.73	0.1231204707
6.74	0.1415908092
6.75	0.1597612216
6.76	0.1776197876
6.77	0.1951549611
6.78	0.2123555764
6.79	0.2292108531
6.8	0.2457104015
6.81	0.261844227
6.82	0.2776027346
6.83	0.2929767322
6.84	0.3079574351
6.85	0.3225364683
6.86	0.3367058698
6.87	0.3504580925
6.88	0.363786007
6.89	0.3766829026
6.9	0.3891424892
6.91	0.4011588976
6.92	0.412726681
6.93	0.4238408143
6.94	0.434496695
6.95	0.4446901419
6.96	0.454417395
6.97	0.4636751139
6.98	0.4724603767
6.99	0.4807706782
7	0.4886039275
7.01	0.495958446
7.02	0.5028329645
7.03	0.50922662
7.04	0.5151389526
7.05	0.5205699019
7.06	0.5255198029
7.07	0.5299893818
7.08	0.5339797516
7.09	0.5374924073
7.1	0.5405292209
7.11	0.5430924362
7.12	0.5451846629
7.13	0.5468088712
7.14	0.5479683858
7.15	0.5486668793
7.16	0.548908366
7.17	0.5486971951
7.18	0.5480380438
7.19	0.5469359104
7.2	0.5453961065
7.21	0.5434242501
7.22	0.5410262577
7.23	0.5382083365
7.24	0.5349769762
7.25	0.5313389413
7.26	0.5273012623
7.27	0.5228712279
7.28	0.5180563759
7.29	0.5128644847
7.3	0.5073035647
7.31	0.5013818494
7.32	0.495107786
7.33	0.4884900271
7.34	0.4815374207
7.35	0.4742590016
7.36	0.4666639822
7.37	0.4587617425
7.38	0.4505618215
7.39	0.4420739074
7.4	0.433307828
7.41	0.4242735418
7.42	0.4149811281
7.43	0.4054407777
7.44	0.3956627831
7.45	0.3856575296
7.46	0.3754354856
7.47	0.3650071929
7.48	0.354383258
7.49	0.3435743419
7.5	0.3325911515
7.51	0.3214444301
7.52	0.3101449482
7.53	0.2987034944
7.54	0.2871308666
7.55	0.2754378626
7.56	0.2636352717
7.57	0.2517338656
7.58	0.23974439
7.59	0.2276775557
7.6	0.2155440307
7.61	0.2033544313
7.62	0.1911193142
7.63	0.1788491686
7.64	0.1665544078
7.65	0.1542453618
7.66	0.1419322696
7.67	0.1296252714
7.68	0.1173344018
7.69	0.1050695821
7.7	0.09284061365
7.71	0.08065717083
7.72	0.06852879438
7.73	0.05646488496
7.74	0.04447469681
7.75	0.03256733164
7.76	0.02075173262
7.77	0.00903667869
7.78	-0.002569221052
7.79	-0.0140575327
7.8	-0.02542000272
7.81	-0.03664856293
7.82	-0.04773533527
7.83	-0.05867263636
7.84	-0.06945298191
7.85	-0.08006909081
7.86	-0.09051388915
7.87	-0.1007805139
7.88	-0.1108623165
7.89	-0.120752866
7.9	-0.1304459527
7.91	-0.1399355902
7.92	-0.1492160188
7.93	-0.1582817078
7.94	-0.1671273574
7.95	-0.1757479012
7.96	-0.1841385079
7.97	-0.1922945828
7.98	-0.2002117694
7.99	-0.2078859503
8	-0.2153132485
8.01	-0.2224900282
8.02	-0.2294128952
8.03	-0.2360786973
8.04	-0.2424845245
8.05	-0.2486277092
8.06	-0.2545058255
8.07	-0.2601166893
8.08	-0.2654583573
8.09	-0.2705291265
8.1	-0.275327533
8.11	-0.2798523507
8.12	-0.2841025904
8.13	-0.2880774977
8.14	-0.2917765519
8.15	-0.2951994634
8.16	-0.2983461721
8.17	-0.3012168453
8.18	-0.3038118747
8.19	-0.3061318744
8.2	-0.3081776779
8.21	-0.3099503356
8.22	-0.311451111
8.23	-0.3126814785
8.24	-0.3136431195
8.25	-0.3143379189
8.26	-0.314767962
8.27	-0.3149355305
8.28	-0.3148430984
8.29	-0.3144933288
8.3	-0.3138890689
8.31	-0.3130333468
8.32	-0.3119293665
8.33	-0.3105805036
8.34	-0.3089903013
8.35	-0.3071624654
8.36	-0.3051008596
8.37	-0.3028095011
8.38	-0.3002925555
8.39	-0.2975543321
8.4	-0.2945992786
8.41	-0.2914319765
8.42	-0.2880571357
8.43	-0.2844795897
8.44	-0.2807042899
8.45	-0.2767363007
8.46	-0.2725807944
8.47	-0.2682430453
8.48	-0.2637284251
8.49	-0.2590423967
8.5	-0.2541905095
8.51	-0.2491783938
8.52	-0.2440117551
8.53	-0.2386963691
8.54	-0.2332380758
8.55	-0.2276427746
8.56	-0.2219164182
8.57	-0.216065008
8.58	-0.210094588
8.59	-0.2040112397
8.6	-0.1978210768
8.61	-0.1915302397
8.62	-0.1851448904
8.63	-0.178671207
8.64	-0.1721153787
8.65	-0.1654836003
8.66	-0.1587820675
8.67	-0.1520169713
8.68	-0.1451944936
8.69	-0.1383208015
8.7	-0.131402043
8.71	-0.1244443417
8.72	-0.1174537923
8.73	-0.1104364559
8.74	-0.103398355
8.75	-0.09634546961
8.76	-0.08928373195
8.77	-0.08221902272
8.78	-0.07515716646
8.79	-0.06810392744
8.8	-0.0610650055
8.81	-0.05404603203
8.82	-0.047052566
8.83	-0.04009009016
8.84	-0.03316400729
8.85	-0.02627963656
8.86	-0.01944220998
8.87	-0.01265686901
8.88	-0.005928661217
8.89	0.0007374629085
8.9	0.00733665307
8.91	0.01386416213
8.92	0.020315349
8.93	0.02668568134
8.94	0.03297073828
8.95	0.03916621284
8.96	0.04526791441
8.97	0.05127177098
8.98	0.05717383132
8.99	0.06297026703
9	0.06865737442
9.01	0.07423157634
9.02	0.07968942387
9.03	0.08502759781
9.04	0.09024291018
9.05	0.0953323055
9.06	0.100292862
9.07	0.1051217925
9.08	0.1098164458
9.09	0.1143743071
9.1	0.1187929987
9.11	0.1230702809
9.12	0.1272040522
9.13	0.1311923497
9.14	0.1350333494
9.15	0.1387253663
9.16	0.1422668543
9.17	0.1456564063
9.18	0.1488927536
9.19	0.151974766
9.2	0.1549014511
9.21	0.1576719537
9.22	0.1602855552
9.23	0.162741673
9.24	0.1650398595
9.25	0.1671798008
9.26	0.1691613163
9.27	0.1709843569
9.28	0.172649004
9.29	0.1741554683
9.3	0.175504088
9.31	0.1766953274
9.32	0.1777297754
9.33	0.1786081434
9.34	0.1793312641
9.35	0.1799000891
9.36	0.1803156869
9.37	0.1805792413
9.38	0.180692049
9.39	0.1806555174
9.4	0.1804711625
9.41	0.1801406063
9.42	0.1796655747
9.43	0.1790478948
9.44	0.1782894929
9.45	0.177392391
9.46	0.1763587053
9.47	0.1751906426
9.48	0.1738904982
9.49	0.1724606527
9.5	0.1709035696
9.51	0.1692217921
9.52	0.1674179405
9.53	0.165494709
9.54	0.1634548632
9.55	0.1613012366
9.56	0.1590367278
9.57	0.1566642977
9.58	0.1541869662
9.59	0.1516078091
9.6	0.1489299553
9.61	0.1461565833
9.62	0.1432909185
9.63	0.1403362299
9.64	0.1372958268
9.65	0.1341730562
9.66	0.1309712992
9.67	0.1276939679
9.68	0.1243445027
9.69	0.1209263687
9.7	0.1174430531
9.71	0.1138980617
9.72	0.1102949161
9.73	0.1066371504
9.74	0.1029283084
9.75	0.09917194079
9.76	0.09537160153
9.77	0.09153084553
9.78	0.08765322539
9.79	0.08374228864
9.8	0.07980157481
9.81	0.07583461265
9.82	0.07184491733
9.83	0.06783598768
9.84	0.06381130352
9.85	0.05977432294
9.86	0.05572847971
9.87	0.05167718072
9.88	0.04762380343
9.89	0.04357169339
9.9	0.03952416183
9.91	0.03548448328
9.92	0.03145589323
9.93	0.0274415859
9.94	0.023444712
9.95	0.01946837659
9.96	0.01551563699
9.97	0.01158950075
9.98	0.007692923666
9.99	0.00382880787
10	1.485288941e-16
10.01	-0.003790710595
10.02	-0.007540593571
10.03	-0.01124697924
10.04	-0.01490726016
10.05	-0.01851889266
10.06	-0.02207939826
10.07	-0.0255863651
10.08	-0.02903744923
10.09	-0.03243037586
10.1	-0.03576294054
10.11	-0.03903301027
10.12	-0.04223852454
10.13	-0.04537749627
10.14	-0.04844801278
10.15	-0.05144823654
10.16	-0.05437640596
10.17	-0.05723083611
10.18	-0.06000991928
10.19	-0.0627121256
10.2	-0.06533600344
10.21	-0.06788017989
10.22	-0.07034336108
10.23	-0.07272433244
10.24	-0.07502195892
10.25	-0.07723518514
10.26	-0.07936303545
10.27	-0.08140461393
10.28	-0.08335910434
10.29	-0.08522577002
10.3	-0.08700395366
10.31	-0.08869307707
10.32	-0.09029264087
10.33	-0.09180222413
10.34	-0.09322148388
10.35	-0.09455015468
10.36	-0.09578804804
10.37	-0.0969350518
10.38	-0.09799112946
10.39	-0.09895631948
10.4	-0.09983073449
10.41	-0.1006145605
10.42	-0.1013080558
10.43	-0.1019115505
10.44	-0.102425445
10.45	-0.1028502093
10.46	-0.1031863819
10.47	-0.1034345685
10.48	-0.103595441
10.49	-0.1036697363
10.5	-0.1036582548
10.51	-0.1035618595
10.52	-0.1033814743
10.53	-0.1031180829
10.54	-0.1027727273
10.55	-0.1023465064
10.56	-0.1018405743
10.57	-0.1012561393
10.58	-0.1005944618
10.59	-0.09985685315
10.6	-0.09904467396
10.61	-0.0981593324
10.62	-0.09720228268
10.63	-0.09617502334
10.64	-0.09507909562
10.65	-0.09391608173
10.66	-0.09268760319
10.67	-0.09139531906
10.68	-0.09004092425
10.69	-0.08862614775
10.7	-0.08715275086
10.71	-0.08562252546
10.72	-0.0840372922
10.73	-0.08239889874
10.74	-0.08070921797
10.75	-0.0789701462
10.76	-0.0771836014
10.77	-0.07535152138
10.78	-0.07347586203
10.79	-0.07155859554
10.8	-0.06960170857
10.81	-0.06760720054
10.82	-0.06557708183
10.83	-0.06351337202
10.84	-0.06141809815
10.85	-0.05929329299
10.86	-0.05714099331
10.87	-0.05496323814
10.88	-0.05276206713
10.89	-0.05053951884
10.9	-0.04829762906
10.91	-0.04603842921
10.92	-0.04376394469
10.93	-0.04147619328
10.94	-0.03917718357
10.95	-0.0368689134
10.96	-0.03455336832
10.97	-0.0322325201
10.98	-0.02990832524
10.99	-0.02758272351
11	-0.02525763653
11.01	-0.0229349664
11.02	-0.02061659428
11.03	-0.01830437912
11.04	-0.01600015629
11.05	-0.01370573636
11.06	-0.01142290385
11.07	-0.009153415993
11.08	-0.006899001621
11.09	-0.00466135998
11.1	-0.002442159658
11.11	-0.00024303751
11.12	0.001934402364
11.13	0.004088589611
11.14	0.006217988577
11.15	0.008321099221
11.16	0.01039645799
11.17	0.01244263866
11.18	0.01445825313
11.19	0.01644195218
11.2	0.01839242621
11.21	0.02030840588
11.22	0.0221886628
11.23	0.02403201008
11.24	0.02583730295
11.25	0.0276034392
11.26	0.02932935974
11.27	0.03101404901
11.28	0.03265653534
11.29	0.03425589138
11.3	0.03581123438
11.31	0.03732172646
11.32	0.03878657489
11.33	0.04020503225
11.34	0.04157639661
11.35	0.04290001167
11.36	0.04417526682
11.37	0.04540159718
11.38	0.04657848364
11.39	0.0477054528
11.4	0.04878207694
11.41	0.04980797386
11.42	0.05078280679
11.43	0.0517062842
11.44	0.05257815958
11.45	0.05339823121
11.46	0.05416634186
11.47	0.05488237848
11.48	0.05554627188
11.49	0.05615799631
11.5	0.0567175691
11.51	0.05722505014
11.52	0.05768054149
11.53	0.05808418683
11.54	0.05843617093
11.55	0.05873671912
11.56	0.05898609664
11.57	0.05918460811
11.58	0.05933259682
11.59	0.05943044408
11.6	0.05947856855
11.61	0.0594774255
11.62	0.05942750609
11.63	0.0593293366
11.64	0.05918347765
11.65	0.05899052341
11.66	0.05875110076
11.67	0.05846586845
11.68	0.05813551627
11.69	0.05776076415
11.7	0.05734236127
11.71	0.05688108518
11.72	0.05637774083
11.73	0.0558331597
11.74	0.0552481988
11.75	0.05462373975
11.76	0.05396068778
11.77	0.05325997079
11.78	0.05252253833
11.79	0.05174936061
11.8	0.05094142754
11.81	0.05009974765
11.82	0.04922534713
11.83	0.04831926882
11.84	0.04738257115
11.85	0.04641632712
11.86	0.04542162331
11.87	0.04439955884
11.88	0.04335124431
11.89	0.04227780083
11.9	0.04118035894
11.91	0.04006005764
11.92	0.03891804334
11.93	0.03775546885
11.94	0.03657349237
11.95	0.03537327649
11.96	0.03415598722
11.97	0.03292279294
11.98	0.03167486347
11.99	0.03041336907
12	0.02913947947
12.01	0.02785436296
12.02	0.02655918538
12.03	0.02525510925
12.04	0.02394329281
12.05	0.02262488912
12.06	0.02130104517
12.07	0.01997290102
12.08	0.0186415889
12.09	0.01730823235
12.1	0.01597394545
12.11	0.01463983192
12.12	0.01330698439
12.13	0.01197648354
12.14	0.01064939742
12.15	0.009326780607
12.16	0.008009673545
12.17	0.006699101798
12.18	0.005396075364
12.19	0.004101588004
12.2	0.002816616587
12.21	0.001542120454
12.22	0.0002790408088
12.23	-0.0009716998732
12.24	-0.002209198418
12.25	-0.003432571501
12.26	-0.004640956172
12.27	-0.005833510363
12.28	-0.00700941337
12.29	-0.008167866313
12.3	-0.009308092576
12.31	-0.01042933822
12.32	-0.01153087238
12.33	-0.01261198762
12.34	-0.01367200032
12.35	-0.01471025093
12.36	-0.01572610436
12.37	-0.01671895018
12.38	-0.01768820291
12.39	-0.01863330225
12.4	-0.01955371331
12.41	-0.02044892673
12.42	-0.02131845893
12.43	-0.02216185218
12.44	-0.02297867476
12.45	-0.02376852102
12.46	-0.02453101151
12.47	-0.02526579296
12.48	-0.02597253836
12.49	-0.02665094695
12.5	-0.02730074421
12.51	-0.02792168181
12.52	-0.02851353757
12.53	-0.02907611539
12.54	-0.0296092451
12.55	-0.03011278242
12.56	-0.03058660875
12.57	-0.03103063105
12.58	-0.03144478167
12.59	-0.03182901812
12.6	-0.03218332285
12.61	-0.03250770309
12.62	-0.03280219049
12.63	-0.03306684093
12.64	-0.03330173422
12.65	-0.03350697377
12.66	-0.03368268628
12.67	-0.03382902142
12.68	-0.03394615146
12.69	-0.03403427092
12.7	-0.03409359618
12.71	-0.03412436509
12.72	-0.03412683654
12.73	-0.03410129007
12.74	-0.03404802543
12.75	-0.03396736209
12.76	-0.03385963886
12.77	-0.03372521333
12.78	-0.03356446148
12.79	-0.03337777711
12.8	-0.03316557139
12.81	-0.03292827232
12.82	-0.03266632424
12.83	-0.03238018729
12.84	-0.03207033684
12.85	-0.03173726302
12.86	-0.03138147012
12.87	-0.03100347604
12.88	-0.03060381175
12.89	-0.0301830207
12.9	-0.02974165827
12.91	-0.02928029119
12.92	-0.02879949695
12.93	-0.02829986324
12.94	-0.02778198735
12.95	-0.02724647559
12.96	-0.02669394272
12.97	-0.02612501131
12.98	-0.02554031123
12.99	-0.02494047897
13	-0.02432615714
13.01	-0.02369799383
13.02	-0.02305664201
13.03	-0.02240275901
13.04	-0.02173700587
13.05	-0.02106004681
13.06	-0.02037254861
13.07	-0.01967518008
13.08	-0.01896861146
13.09	-0.01825351387
13.1	-0.01753055875
13.11	-0.01680041732
13.12	-0.01606375998
13.13	-0.01532125583
13.14	-0.01457357211
13.15	-0.01382137366
13.16	-0.01306532241
13.17	-0.01230607686
13.18	-0.01154429158
13.19	-0.01078061672
13.2	-0.01001569751
13.21	-0.009250173756
13.22	-0.008484679426
13.23	-0.007719842137
13.24	-0.006956282728
13.25	-0.00619461481
13.26	-0.005435444338
13.27	-0.00467936919
13.28	-0.003926978754
13.29	-0.003178853533
13.3	-0.002435564755
13.31	-0.001697673995
13.32	-0.0009657328145
13.33	-0.0002402824058
13.34	0.0004781467479
13.35	0.001189035201
13.36	0.001891874863
13.37	0.002586169298
13.38	0.003271434024
13.39	0.003947196782
13.4	0.004612997809
13.41	0.005268390087
13.42	0.005912939585
13.43	0.006546225482
13.44	0.007167840386
13.45	0.007777390532
13.46	0.008374495969
13.47	0.008958790733
13.48	0.009529923012
13.49	0.01008755529
13.5	0.01063136448
13.51	0.01116104206
13.52	0.01167629416
13.53	0.01217684166
13.54	0.0126624203
13.55	0.0131327807
13.56	0.01358768848
13.57	0.01402692423
13.58	0.0144502836
13.59	0.0148575773
13.6	0.01524863108
13.61	0.01562328578
13.62	0.01598139723
13.63	0.01632283631
13.64	0.01664748883
13.65	0.01695525551
13.66	0.01724605192
13.67	0.01751980839
13.68	0.01777646991
13.69	0.01801599604
13.7	0.01823836081
13.71	0.01844355258
13.72	0.0186315739
13.73	0.01880244141
13.74	0.01895618561
13.75	0.01909285079
13.76	0.01921249477
13.77	0.01931518878
13.78	0.01940101724
13.79	0.01947007756
13.8	0.01952247993
13.81	0.01955834713
13.82	0.01957781426
13.83	0.01958102853
13.84	0.01956814902
13.85	0.01953934645
13.86	0.01949480286
13.87	0.01943471143
13.88	0.01935927614
13.89	0.01926871156
13.9	0.0191632425
13.91	0.01904310379
13.92	0.01890853992
13.93	0.01875980483
13.94	0.01859716151
13.95	0.01842088176
13.96	0.01823124588
13.97	0.0180285423
13.98	0.01781306733
13.99	0.01758512479
14	0.01734502571
14.01	0.017093088
14.02	0.01682963611
14.03	0.01655500071
14.04	0.01626951836
14.05	0.01597353115
14.06	0.01566738641
14.07	0.01535143633
14.08	0.01502603763
14.09	0.01469155124
14.1	0.01434834197
14.11	0.01399677813
14.12	0.01363723122
14.13	0.01327007562
14.14	0.01289568818
14.15	0.01251444798
14.16	0.01212673591
14.17	0.01173293441
14.18	0.01133342709
14.19	0.01092859843
14.2	0.01051883344
14.21	0.01010451737
14.22	0.009686035348
14.23	0.009263772097
14.24	0.008838111613
14.25	0.008409436855
14.26	0.007978129448
14.27	0.007544569376
14.28	0.007109134692
14.29	0.006672201222
14.3	0.006234142287
14.31	0.005795328411
14.32	0.005356127054
14.33	0.004916902336
14.34	0.004478014775
14.35	0.004039821023
14.36	0.003602673615
14.37	0.00316692072
14.38	0.002732905898
14.39	0.002300967868
14.4	0.00187144027
14.41	0.001444651451
14.42	0.001020924243
14.43	0.0006005757549
14.44	0.0001839171676
14.45	-0.0002287464597
14.46	-0.0006371163807
14.47	-0.001040900344
14.48	-0.001439812767
14.49	-0.001833574905
14.5	-0.002221915012
14.51	-0.002604568494
14.52	-0.002981278052
14.53	-0.003351793825
14.54	-0.003715873518
14.55	-0.004073282527
14.56	-0.004423794053
14.57	-0.004767189211
14.58	-0.005103257133
14.59	-0.005431795059
14.6	-0.005752608423
14.61	-0.00606551093
14.62	-0.006370324629
14.63	-0.006666879976
14.64	-0.006955015885
14.65	-0.007234579781
14.66	-0.007505427639
14.67	-0.007767424015
14.68	-0.008020442075
14.69	-0.00826436361
14.7	-0.008499079049
14.71	-0.008724487465
14.72	-0.008940496568
14.73	-0.009147022694
14.74	-0.009343990795
14.75	-0.009531334406
14.76	-0.009708995619
14.77	-0.009876925046
14.78	-0.01003508177
14.79	-0.0101834333
14.8	-0.01032195552
14.81	-0.01045063259
14.82	-0.01056945693
14.83	-0.0106784291
14.84	-0.01077755776
14.85	-0.01086685953
14.86	-0.01094635894
14.87	-0.01101608831
14.88	-0.01107608766
14.89	-0.0111264046
14.9	-0.01116709418
14.91	-0.01119821882
14.92	-0.01121984817
14.93	-0.01123205897
14.94	-0.01123493491
14.95	-0.01122856652
14.96	-0.011213051
14.97	-0.01118849211
14.98	-0.01115499995
14.99	-0.01111269091
15	-0.0110616874
15.01	-0.01100211779
15.02	-0.01093411616
15.03	-0.01085782219
15.04	-0.01077338098
15.05	-0.01068094287
15.06	-0.01058066323
15.07	-0.01047270237
15.08	-0.01035722525
15.09	-0.0102344014
15.1	-0.01010440466
15.11	-0.00996741304
15.12	-0.009823608507
15.13	-0.009673176812
15.14	-0.00951630729
15.15	-0.009353192675
15.16	-0.009184028905
15.17	-0.00900901493
15.18	-0.008828352521
15.19	-0.008642246073
15.2	-0.008450902412
15.21	-0.008254530605
15.22	-0.008053341761
15.23	-0.007847548839
15.24	-0.007637366457
15.25	-0.007423010699
15.26	-0.00720469892
15.27	-0.006982649559
15.28	-0.006757081946
15.29	-0.006528216116
15.3	-0.006296272619
15.31	-0.006061472335
15.32	-0.00582403629
15.33	-0.005584185472
15.34	-0.005342140653
15.35	-0.005098122206
15.36	-0.00485234993
15.37	-0.004605042878
15.38	-0.004356419178
15.39	-0.004106695872
15.4	-0.003856088743
15.41	-0.00360481215
15.42	-0.00335307887
15.43	-0.003101099938
15.44	-0.002849084489
15.45	-0.002597239609
15.46	-0.002345770181
15.47	-0.002094878744
15.48	-0.001844765345
15.49	-0.001595627405
15.5	-0.001347659578
15.51	-0.001101053624
15.52	-0.0008559982749
15.53	-0.0006126791152
15.54	-0.0003712784574
15.55	-0.0001319752265
15.56	0.0001050551532
15.57	0.0003396408672
15.58	0.0005716138162
15.59	0.0008008097163
15.6	0.001027068196
15.61	0.001250232891
15.62	0.001470151527
15.63	0.00168667601
15.64	0.001899662503
15.65	0.002108971504
15.66	0.002314467912
15.67	0.002516021102
15.68	0.002713504979
15.69	0.002906798043
15.7	0.003095783441
15.71	0.003280349015
15.72	0.003460387349
15.73	0.003635795809
15.74	0.00380647658
15.75	0.003972336698
15.76	0.004133288079
15.77	0.004289247543
15.78	0.004440136829
15.79	0.004585882618
15.8	0.004726416535
15.81	0.004861675163
15.82	0.004991600045
15.83	0.005116137677
15.84	0.005235239509
15.85	0.005348861931
15.86	0.005456966264
15.87	0.005559518738
15.88	0.005656490474
15.89	0.005747857458
15.9	0.005833600513
15.91	0.005913705264
15.92	0.005988162106
15.93	0.006056966162
15.94	0.00612011724
15.95	0.006177619786
15.96	0.006229482837
15.97	0.006275719964
15.98	0.00631634922
15.99	0.006351393077
16	0.006380878365
16.01	0.006404836206
16.02	0.006423301948
16.03	0.00643631509
16.04	0.006443919214
16.05	0.006446161901
16.06	0.00644309466
16.07	0.006434772841
16.08	0.006421255555
16.09	0.006402605584
16.1	0.006378889299
16.11	0.006350176563
16.12	0.006316540645
16.13	0.006278058121
16.14	0.006234808782
16.15	0.006186875535
16.16	0.006134344305
16.17	0.006077303931
16.18	0.006015846069
16.19	0.005950065087
16.2	0.005880057958
16.21	0.005805924158
16.22	0.005727765558
16.23	0.005645686317
16.24	0.005559792773
16.25	0.005470193336
16.26	0.005376998376
16.27	0.005280320114
16.28	0.005180272512
16.29	0.005076971162
16.3	0.004970533174
16.31	0.004861077068
16.32	0.004748722657
16.33	0.004633590942
16.34	0.004515803996
16.35	0.004395484858
16.36	0.004272757416
16.37	0.004147746306
16.38	0.004020576791
16.39	0.003891374664
16.4	0.003760266129
16.41	0.003627377701
16.42	0.003492836094
16.43	0.003356768119
16.44	0.003219300576
16.45	0.003080560153
16.46	0.002940673319
16.47	0.002799766227
16.48	0.002657964611
16.49	0.002515393688
16.5	0.00237217806
16.51	0.002228441617
16.52	0.002084307444
16.53	0.00193989773
16.54	0.00179533367
16.55	0.001650735382
16.56	0.001506221818
16.57	0.001361910674
16.58	0.001217918312
16.59	0.001074359671
16.6	0.0009313481952
16.61	0.0007889957471
16.62	0.0006474125375
16.63	0.0005067070492
16.64	0.0003669859658
16.65	0.0002283541017
16.66	9.091433498e-05
16.67	-4.523245782e-05
16.68	-0.0001799874644
16.69	-0.0003132539975
16.7	-0.0004449375525
16.71	-0.0005749458639
16.72	-0.0007031889584
16.73	-0.0008295792058
16.74	-0.0009540313677
16.75	-0.001076462644
16.76	-0.001196792715
16.77	-0.001314943785
16.78	-0.001430840619
16.79	-0.00154441058
16.8	-0.001655583663
16.81	-0.001764292524
16.82	-0.001870472512
16.83	-0.001974061694
16.84	-0.002075000876
16.85	-0.002173233629
16.86	-0.002268706305
16.87	-0.002361368053
16.88	-0.002451170834
16.89	-0.002538069433
16.9	-0.002622021467
16.91	-0.00270298739
16.92	-0.002780930501
16.93	-0.002855816943
16.94	-0.002927615702
16.95	-0.002996298607
16.96	-0.003061840323
16.97	-0.003124218342
16.98	-0.003183412977
16.99	-0.003239407348
17	-0.003292187367
17.01	-0.003341741723
17.02	-0.003388061864
17.03	-0.003431141976
17.04	-0.00347097896
17.05	-0.003507572409
17.06	-0.003540924579
17.07	-0.003571040365
17.08	-0.003597927265
17.09	-0.003621595353
17.1	-0.003642057242
17.11	-0.00365932805
17.12	-0.003673425363
17.13	-0.003684369193
17.14	-0.003692181941
17.15	-0.003696888353
17.16	-0.003698515478
17.17	-0.003697092619
17.18	-0.003692651293
17.19	-0.003685225176
17.2	-0.003674850059
17.21	-0.003661563795
17.22	-0.00364540625
17.23	-0.003626419246
17.24	-0.003604646511
17.25	-0.003580133625
17.26	-0.003552927958
17.27	-0.003523078621
17.28	-0.003490636403
17.29	-0.003455653716
17.3	-0.003418184532
17.31	-0.003378284327
17.32	-0.003336010021
17.33	-0.003291419912
17.34	-0.003244573618
17.35	-0.003195532017
17.36	-0.003144357178
17.37	-0.003091112306
17.38	-0.003035861673
17.39	-0.002978670557
17.4	-0.002919605179
17.41	-0.002858732638
17.42	-0.002796120847
17.43	-0.002731838471
17.44	-0.002665954862
17.45	-0.002598539994
17.46	-0.002529664403
17.47	-0.00245939912
17.48	-0.00238781561
17.49	-0.002314985706
17.5	-0.002240981551
17.51	-0.002165875533
17.52	-0.002089740223
17.53	-0.002012648314
17.54	-0.001934672561
17.55	-0.00185588572
17.56	-0.001776360488
17.57	-0.001696169444
17.58	-0.001615384993
17.59	-0.001534079303
17.6	-0.001452324255
17.61	-0.00137019138
17.62	-0.00128775181
17.63	-0.001205076219
17.64	-0.001122234772
17.65	-0.001039297073
17.66	-0.0009563321097
17.67	-0.0008734082083
17.68	-0.0007905929803
17.69	-0.0007079532753
17.7	-0.0006255551342
17.71	-0.0005434637421
17.72	-0.0004617433844
17.73	-0.0003804574021
17.74	-0.0002996681499
17.75	-0.0002194369545
17.76	-0.0001398240745
17.77	-6.088866206e-05
17.78	1.731127527e-05
17.79	9.471891026e-05
17.8	0.000171278631
17.81	0.0002469360746
17.82	0.000321638159
17.83	0.0003953331141
17.84	0.000467970511
17.85	0.0005395012902
17.86	0.0006098777877
17.87	0.0006790537611
17.88	0.0007469844125
17.89	0.0008136264114
17.9	0.0008789379154
17.91	0.00094287859
17.92	0.001005409626
17.93	0.001066493758
17.94	0.001126095276
17.95	0.001184180044
17.96	0.001240715507
17.97	0.001295670707
17.98	0.001349016291
17.99	0.001400724515
18	0.001450769257
18.01	0.001499126018
18.02	0.001545771929
18.03	0.00159068575
18.04	0.001633847874
18.05	0.001675240327
18.06	0.001714846763
18.07	0.001752652466
18.08	0.001788644342
18.09	0.001822810916
18.1	0.001855142325
18.11	0.001885630307
18.12	0.001914268196
18.13	0.001941050911
18.14	0.001965974942
18.15	0.001989038338
18.16	0.002010240695
18.17	0.002029583139
18.18	0.002047068309
18.19	0.002062700344
18.2	0.00207648486
18.21	0.002088428933
18.22	0.002098541079
18.23	0.00210683123
18.24	0.002113310716
18.25	0.002117992237
18.26	0.002120889845
18.27	0.002122018912
18.28	0.00212139611
18.29	0.002119039381
18.3	0.00211496791
18.31	0.0021092021
18.32	0.002101763539
18.33	0.002092674972
18.34	0.002081960274
18.35	0.002069644412
18.36	0.002055753421
18.37	0.002040314369
18.38	0.002023355323
18.39	0.002004905319
18.4	0.001984994325
18.41	0.001963653211
18.42	0.001940913713
18.43	0.001916808398
18.44	0.001891370628
18.45	0.001864634527
18.46	0.001836634946
18.47	0.001807407422
18.48	0.00177698815
18.49	0.001745413939
18.5	0.001712722181
18.51	0.001678950811
18.52	0.001644138273
18.53	0.001608323484
18.54	0.001571545793
18.55	0.00153384495
18.56	0.001495261064
18.57	0.001455834572
18.58	0.001415606199
18.59	0.00137461692
18.6	0.001332907931
18.61	0.001290520604
18.62	0.001247496459
18.63	0.001203877123
18.64	0.001159704299
18.65	0.001115019728
18.66	0.001069865155
18.67	0.001024282296
18.68	0.0009783128025
18.69	0.0009319982295
18.7	0.0008853800011
18.71	0.0008384993785
18.72	0.0007913974274
18.73	0.0007441149864
18.74	0.0006966926361
18.75	0.0006491706678
18.76	0.0006015890538
18.77	0.0005539874174
18.78	0.0005064050042
18.79	0.0004588806535
18.8	0.0004114527706
18.81	0.0003641592993
18.82	0.0003170376959
18.83	0.0002701249027
18.84	0.0002234573234
18.85	0.0001770707983
18.86	0.0001310005804
18.87	8.528131254e-05
18.88	3.994700506e-05
18.89	-4.968985992e-06
18.9	-4.943397953e-05
18.91	-9.341598963e-05
18.92	-0.0001368837448
18.93	-0.0001798067065
18.94	-0.000222155087
18.95	-0.0002638998663
18.96	-0.000305012808
18.97	-0.0003454664754
18.98	-0.0003852342452
18.99	-0.0004242903217
19	-0.0004626097499
19.01	-0.0005001684271
19.02	-0.0005369431144
19.03	-0.0005729114475
19.04	-0.0006080519459
19.05	-0.0006423440217
19.06	-0.0006757679882
19.07	-0.0007083050664
19.08	-0.0007399373916
19.09	-0.0007706480192
19.1	-0.000800420929
19.11	-0.0008292410297
19.12	-0.0008570941615
19.13	-0.0008839670987
19.14	-0.0009098475513
19.15	-0.0009347241655
19.16	-0.0009585865242
19.17	-0.0009814251458
19.18	-0.001003231483
19.19	-0.001023997919
19.2	-0.001043717768
19.21	-0.001062385267
19.22	-0.001079995576
19.23	-0.001096544768
19.24	-0.001112029826
19.25	-0.001126448637
19.26	-0.001139799983
19.27	-0.001152083534
19.28	-0.001163299839
19.29	-0.001173450315
19.3	-0.001182537243
19.31	-0.001190563751
19.32	-0.001197533807
19.33	-0.001203452204
19.34	-0.001208324553
19.35	-0.001212157265
19.36	-0.001214957541
19.37	-0.001216733357
19.38	-0.001217493449
19.39	-0.001217247302
19.4	-0.001216005128
19.41	-0.001213777858
19.42	-0.00121057712
19.43	-0.001206415226
19.44	-0.001201305153
19.45	-0.001195260529
19.46	-0.001188295609
19.47	-0.001180425265
19.48	-0.00117166496
19.49	-0.001162030737
19.5	-0.001151539194
19.51	-0.001140207466
19.52	-0.00112805321
19.53	-0.001115094578
19.54	-0.001101350205
19.55	-0.001086839183
19.56	-0.001071581043
19.57	-0.001055595735
19.58	-0.001038903606
19.59	-0.001021525383
19.6	-0.001003482145
19.61	-0.0009847953119
19.62	-0.0009654866143
19.63	-0.0009455780789
19.64	-0.0009250920043
19.65	-0.0009040509416
19.66	-0.0008824776722
19.67	-0.0008603951877
19.68	-0.0008378266686
19.69	-0.0008147954633
19.7	-0.0007913250675
19.71	-0.0007674391033
19.72	-0.0007431612988
19.73	-0.0007185154673
19.74	-0.000693525487
19.75	-0.0006682152808
19.76	-0.0006426087964
19.77	-0.000616729986
19.78	-0.000590602787
19.79	-0.0005642511024
19.8	-0.0005376987815
19.81	-0.0005109696007
19.82	-0.0004840872451
19.83	-0.0004570752896
19.84	-0.0004299571811
19.85	-0.0004027562198
19.86	-0.0003754955426
19.87	-0.0003481981048
19.88	-0.0003208866634
19.89	-0.0002935837607
19.9	-0.0002663117076
19.91	-0.0002390925676
19.92	-0.0002119481414
19.93	-0.0001848999514
19.94	-0.0001579692268
19.95	-0.0001311768896
19.96	-0.0001045435397
19.97	-7.808944182e-05
19.98	-5.183451193e-05
19.99	-2.579830449e-05
20	-2.001559632e-18
20.01	2.554160708e-05
20.02	5.080811982e-05
20.03	7.578155003e-05
20.04	0.0001004443289
20.05	0.0001247793172
20.06	0.0001487698152
20.07	0.0001723995719
20.08	0.0001956527939
20.09	0.0002185141537
20.1	0.0002409687979
20.11	0.0002630023544
20.12	0.0002846009396
20.13	0.0003057511648
20.14	0.0003264401423
20.15	0.000346655491
20.16	0.0003663853414
20.17	0.0003856183404
20.18	0.0004043436556
20.19	0.0004225509785
20.2	0.0004402305283
20.21	0.0004573730544
20.22	0.0004739698387
20.23	0.0004900126975
20.24	0.000505493983
20.25	0.000520406584
20.26	0.0005347439265
20.27	0.0005484999741
20.28	0.0005616692269
20.29	0.0005742467214
20.3	0.0005862280285
20.31	0.0005976092525
20.32	0.0006083870286
20.33	0.0006185585206
20.34	0.0006281214175
20.35	0.000637073931
20.36	0.0006454147909
20.37	0.0006531432414
20.38	0.0006602590367
20.39	0.0006667624359
20.4	0.0006726541979
20.41	0.0006779355757
20.42	0.0006826083107
20.43	0.0006866746258
20.44	0.0006901372198
20.45	0.0006929992593
20.46	0.0006952643725
20.47	0.0006969366407
20.48	0.0006980205911
20.49	0.0006985211886
20.5	0.0006984438269
20.51	0.0006977943202
20.52	0.0006965788943
20.53	0.0006948041772
20.54	0.0006924771896
20.55	0.0006896053355
20.56	0.0006861963921
20.57	0.0006822584998
20.58	0.0006778001519
20.59	0.000672830184
20.6	0.0006673577637
20.61	0.0006613923792
20.62	0.0006549438289
20.63	0.0006480222099
20.64	0.000640637907
20.65	0.000632801581
20.66	0.0006245241577
20.67	0.0006158168158
20.68	0.0006066909754
20.69	0.0005971582863
20.7	0.0005872306161
20.71	0.0005769200385
20.72	0.0005662388208
20.73	0.0005551994125
20.74	0.000543814433
20.75	0.0005320966596
20.76	0.0005200590154
20.77	0.0005077145574
20.78	0.0004950764641
20.79	0.0004821580241
20.8	0.0004689726234
20.81	0.000455533734
20.82	0.0004418549017
20.83	0.0004279497344
20.84	0.0004138318901
20.85	0.0003995150656
20.86	0.0003850129844
20.87	0.0003703393855
20.88	0.0003555080119
20.89	0.0003405325993
20.9	0.0003254268648
20.91	0.0003102044959
20.92	0.0002948791398
20.93	0.000279464392
20.94	0.0002639737864
20.95	0.0002484207844
20.96	0.0002328187644
20.97	0.0002171810121
20.98	0.0002015207103
20.99	0.0001858509291
21	0.0001701846163
21.01	0.000154534588
21.02	0.0001389135196
21.03	0.0001233339364
21.04	0.0001078082051
21.05	9.234852519e-05
21.06	7.696692069e-05
21.07	6.167523182e-05
21.08	4.648510727e-05
21.09	3.140799649e-05
21.1	1.645514234e-05
21.11	1.637573861e-06
21.12	-1.303390061e-05
21.13	-2.75487001e-05
21.14	-4.189647747e-05
21.15	-5.606712552e-05
21.16	-7.005078291e-05
21.17	-8.383783981e-05
21.18	-9.741894327e-05
21.19	-0.0001107850024
21.2	-0.000123927193
21.21	-0.0001368369625
21.22	-0.0001495060339
21.23	-0.0001619264102
21.24	-0.0001740903779
21.25	-0.0001859905103
21.26	-0.0001976196715
21.27	-0.0002089710184
21.28	-0.0002200380043
21.29	-0.0002308143805
21.3	-0.0002412941992
21.31	-0.0002514718148
21.32	-0.0002613418859
21.33	-0.0002708993764
21.34	-0.0002801395568
21.35	-0.0002890580049
21.36	-0.0002976506065
21.37	-0.0003059135555
21.38	-0.0003138433541
21.39	-0.0003214368126
21.4	-0.0003286910489
21.41	-0.000335603488
21.42	-0.0003421718606
21.43	-0.0003483942025
21.44	-0.0003542688526
21.45	-0.0003597944518
21.46	-0.0003649699406
21.47	-0.0003697945574
21.48	-0.0003742678359
21.49	-0.0003783896027
21.5	-0.0003821599745
21.51	-0.0003855793548
21.52	-0.0003886484314
21.53	-0.0003913681723
21.54	-0.0003937398226
21.55	-0.0003957649003
21.56	-0.0003974451929
21.57	-0.0003987827526
21.58	-0.0003997798927
21.59	-0.0004004391823
21.6	-0.0004007634424
21.61	-0.0004007557406
21.62	-0.0004004193863
21.63	-0.0003997579255
21.64	-0.0003987751356
21.65	-0.0003974750202
21.66	-0.000395861803
21.67	-0.0003939399229
21.68	-0.0003917140274
21.69	-0.0003891889675
21.7	-0.0003863697911
21.71	-0.0003832617372
21.72	-0.0003798702296
21.73	-0.0003762008708
21.74	-0.0003722594353
21.75	-0.0003680518633
21.76	-0.0003635842543
21.77	-0.0003588628603
21.78	-0.0003538940795
21.79	-0.000348684449
21.8	-0.0003432406388
21.81	-0.0003375694443
21.82	-0.00033167778
21.83	-0.0003255726724
21.84	-0.0003192612531
21.85	-0.000312750752
21.86	-0.0003060484905
21.87	-0.0002991618742
21.88	-0.0002920983865
21.89	-0.0002848655812
21.9	-0.000277471076
21.91	-0.0002699225452
21.92	-0.0002622277133
21.93	-0.000254394348
21.94	-0.0002464302531
21.95	-0.0002383432622
21.96	-0.0002301412316
21.97	-0.0002218320339
21.98	-0.0002134235513
21.99	-0.0002049236688
22	-0.0001963402683
22.01	-0.0001876812213
22.02	-0.0001789543834
22.03	-0.0001701675876
22.04	-0.0001613286379
22.05	-0.0001524453037
22.06	-0.0001435253134
22.07	-0.0001345763485
22.08	-0.000125606038
22.09	-0.0001166219522
22.1	-0.0001076315978
22.11	-9.864241155e-05
22.12	-8.966175551e-05
22.13	-8.069691135e-05
22.14	-7.175507538e-05
22.15	-6.28433534e-05
22.16	-5.396875583e-05
22.17	-4.513819286e-05
22.18	-3.635846981e-05
22.19	-2.763628259e-05
22.2	-1.897821328e-05
22.21	-1.039072588e-05
22.22	-1.88016218e-06
22.23	6.547262245e-06
22.24	1.488546185e-05
22.25	2.312848484e-05
22.26	3.127051671e-05
22.27	3.930588364e-05
22.28	4.722905578e-05
22.29	5.503465031e-05
22.3	6.271743444e-05
22.31	7.027232816e-05
22.32	7.769440693e-05
22.33	8.497890414e-05
22.34	9.212121349e-05
22.35	9.911689112e-05
22.36	0.0001059616577
22.37	0.0001126514002
22.38	0.0001191821737
22.39	0.000125550203
22.4	0.0001317518839
22.41	0.0001377837845
22.42	0.0001436426464
22.43	0.0001493253854
22.44	0.0001548290926
22.45	0.0001601510349
22.46	0.0001652886554
22.47	0.0001702395738
22.48	0.0001750015869
22.49	0.000179572668
22.5	0.0001839509675
22.51	0.0001881348122
22.52	0.0001921227049
22.53	0.0001959133244
22.54	0.0001995055242
22.55	0.0002028983319
22.56	0.0002060909486
22.57	0.0002090827474
22.58	0.0002118732723
22.59	0.0002144622371
22.6	0.0002168495236
22.61	0.0002190351805
22.62	0.000221019421
22.63	0.0002228026216
22.64	0.0002243853202
22.65	0.0002257682134
22.66	0.0002269521549
22.67	0.0002279381533
22.68	0.0002287273693
22.69	0.0002293211136
22.7	0.0002297208441
22.71	0.0002299281633
22.72	0.0002299448158
22.73	0.0002297726851
22.74	0.0002294137907
22.75	0.0002288702855
22.76	0.000228144452
22.77	0.0002272387
22.78	0.0002261555625
22.79	0.0002248976931
22.8	0.0002234678622
22.81	0.0002218689537
22.82	0.0002201039614
22.83	0.0002181759857
22.84	0.0002160882299
22.85	0.0002138439961
22.86	0.0002114466824
22.87	0.0002088997784
22.88	0.0002062068615
22.89	0.0002033715937
22.9	0.0002003977171
22.91	0.0001972890501
22.92	0.000194049484
22.93	0.0001906829786
22.94	0.0001871935583
22.95	0.0001835853085
22.96	0.0001798623712
22.97	0.0001760289416
22.98	0.0001720892634
22.99	0.0001680476254
23	0.0001639083575
23.01	0.0001596758264
23.02	0.0001553544318
23.03	0.0001509486028
23.04	0.0001464627935
23.05	0.0001419014792
23.06	0.0001372691528
23.07	0.0001325703206
23.08	0.0001278094986
23.09	0.000122991209
23.1	0.0001181199758
23.11	0.0001132003215
23.12	0.0001082367634
23.13	0.0001032338098
23.14	9.819595649e-05
23.15	9.312768318e-05
23.16	8.80334499e-05
23.17	8.291769362e-05
23.18	7.778482481e-05
23.19	7.263922409e-05
23.2	6.748523896e-05
23.21	6.23271805e-05
23.22	5.716932028e-05
23.23	5.201588716e-05
23.24	4.687106433e-05
23.25	4.173898627e-05
23.26	3.662373586e-05
23.27	3.152934159e-05
23.28	2.645977471e-05
23.29	2.141894663e-05
23.3	1.641070623e-05
23.31	1.14388374e-05
23.32	6.50705652e-06
23.33	1.619010115e-06
23.34	-3.221727445e-06
23.35	-8.011656165e-06
23.36	-1.274735255e-05
23.37	-1.742547166e-05
23.38	-2.204274906e-05
23.39	-2.659600271e-05
23.4	-3.108213475e-05
23.41	-3.549813318e-05
23.42	-3.984107353e-05
23.43	-4.410812034e-05
23.44	-4.829652862e-05
23.45	-5.24036452e-05
23.46	-5.642690998e-05
23.47	-6.036385713e-05
23.48	-6.421211616e-05
23.49	-6.796941289e-05
23.5	-7.163357042e-05
23.51	-7.520250988e-05
23.52	-7.867425119e-05
23.53	-8.204691374e-05
23.54	-8.531871685e-05
23.55	-8.848798033e-05
23.56	-9.15531248e-05
23.57	-9.4512672e-05
23.58	-9.736524501e-05
23.59	-0.0001001095684
23.6	-0.000102744468
23.61	-0.0001052688715
23.62	-0.0001076818075
23.63	-0.0001099824059
23.64	-0.0001121698974
23.65	-0.000114243613
23.66	-0.0001162029838
23.67	-0.0001180475404
23.68	-0.0001197769121
23.69	-0.0001213908265
23.7	-0.0001228891085
23.71	-0.0001242716798
23.72	-0.0001255385575
23.73	-0.0001266898537
23.74	-0.000127725774
23.75	-0.0001286466167
23.76	-0.0001294527715
23.77	-0.0001301447183
23.78	-0.0001307230259
23.79	-0.0001311883506
23.8	-0.0001315414351
23.81	-0.0001317831064
23.82	-0.0001319142748
23.83	-0.0001319359324
23.84	-0.000131849151
23.85	-0.0001316550808
23.86	-0.0001313549484
23.87	-0.0001309500556
23.88	-0.0001304417766
23.89	-0.0001298315572
23.9	-0.0001291209123
23.91	-0.000128311424
23.92	-0.0001274047398
23.93	-0.0001264025706
23.94	-0.0001253066886
23.95	-0.000124118925
23.96	-0.0001228411685
23.97	-0.0001214753625
23.98	-0.0001200235036
23.99	-0.0001184876388
24	-0.0001168698639
24.01	-0.000115172321
24.02	-0.0001133971961
24.03	-0.0001115467173
24.04	-0.0001096231524
24.05	-0.0001076288063
24.06	-0.0001055660193
24.07	-0.0001034371643
24.08	-0.0001012446451
24.09	-9.899089361e-05
24.1	-9.667836772e-05
24.11	-9.430954919e-05
24.12	-9.18869412e-05
24.13	-8.941306618e-05
24.14	-8.689046349e-05
24.15	-8.43216872e-05
24.16	-8.170930386e-05
24.17	-7.905589022e-05
24.18	-7.636403106e-05
24.19	-7.363631699e-05
24.2	-7.087534223e-05
24.21	-6.80837025e-05
24.22	-6.526399281e-05
24.23	-6.24188054e-05
24.24	-5.955072762e-05
24.25	-5.666233982e-05
24.26	-5.375621337e-05
24.27	-5.083490859e-05
24.28	-4.790097276e-05
24.29	-4.49569382e-05
24.3	-4.200532031e-05
24.31	-3.904861567e-05
24.32	-3.608930021e-05
24.33	-3.312982734e-05
24.34	-3.017262622e-05
24.35	-2.722009994e-05
24.36	-2.427462387e-05
24.37	-2.133854396e-05
24.38	-1.84141751e-05
24.39	-1.550379954e-05
24.4	-1.260966535e-05
24.41	-9.73398491e-06
24.42	-6.878933441e-06
24.43	-4.046647605e-06
24.44	-1.239224128e-06
24.45	1.541281521e-06
24.46	4.292856405e-06
24.47	7.013531347e-06
24.48	9.70138211e-06
24.49	1.235453053e-05
24.5	1.497114559e-05
24.51	1.754944447e-05
24.52	2.00876935e-05
24.53	2.258420915e-05
24.54	2.503735882e-05
24.55	2.744556178e-05
24.56	2.980728986e-05
24.57	3.212106824e-05
24.58	3.438547609e-05
24.59	3.659914722e-05
24.6	3.876077066e-05
24.61	4.086909117e-05
24.62	4.292290972e-05
24.63	4.492108393e-05
24.64	4.686252841e-05
24.65	4.874621513e-05
24.66	5.057117364e-05
24.67	5.233649134e-05
24.68	5.404131361e-05
24.69	5.568484398e-05
24.7	5.726634418e-05
24.71	5.878513414e-05
24.72	6.024059202e-05
24.73	6.163215411e-05
24.74	6.295931474e-05
24.75	6.422162606e-05
24.76	6.54186979e-05
24.77	6.655019748e-05
24.78	6.761584911e-05
24.79	6.861543386e-05
24.8	6.954878919e-05
24.81	7.041580847e-05
24.82	7.121644057e-05
24.83	7.195068932e-05
24.84	7.261861296e-05
24.85	7.322032355e-05
24.86	7.375598635e-05
24.87	7.422581917e-05
24.88	7.463009163e-05
24.89	7.496912446e-05
24.9	7.524328869e-05
24.91	7.54530049e-05
24.92	7.559874232e-05
24.93	7.568101802e-05
24.94	7.570039595e-05
24.95	7.565748608e-05
24.96	7.555294336e-05
24.97	7.538746681e-05
24.98	7.516179846e-05
24.99	7.487672236e-05
25	7.453306344e-05
25.01	7.413168652e-05
25.02	7.367349514e-05
25.03	7.315943045e-05
25.04	7.259047007e-05
25.05	7.196762694e-05
25.06	7.129194809e-05
25.07	7.056451348e-05
25.08	6.97864348e-05
25.09	6.89588542e-05
25.1	6.808294306e-05
25.11	6.715990078e-05
25.12	6.619095346e-05
25.13	6.517735267e-05
25.14	6.412037415e-05
25.15	6.302131651e-05
25.16	6.18815e-05
25.17	6.070226511e-05
25.18	5.948497138e-05
25.19	5.823099599e-05
25.2	5.694173255e-05
25.21	5.561858972e-05
25.22	5.426298995e-05
25.23	5.287636815e-05
25.24	5.14601704e-05
25.25	5.001585266e-05
25.26	4.854487947e-05
25.27	4.704872264e-05
25.28	4.552886002e-05
25.29	4.398677419e-05
25.3	4.24239512e-05
25.31	4.084187933e-05
25.32	3.924204784e-05
25.33	3.762594575e-05
25.34	3.599506058e-05
25.35	3.435087722e-05
25.36	3.269487665e-05
25.37	3.102853484e-05
25.38	2.935332153e-05
25.39	2.767069913e-05
25.4	2.598212157e-05
25.41	2.428903321e-05
25.42	2.259286771e-05
25.43	2.089504702e-05
25.44	1.919698029e-05
25.45	1.750006283e-05
25.46	1.580567515e-05
25.47	1.411518194e-05
25.48	1.242993112e-05
25.49	1.075125288e-05
25.5	9.08045881e-06
25.51	7.41884096e-06
25.52	5.767671008e-06
25.53	4.128199406e-06
25.54	2.501654568e-06
25.55	8.892420815e-07
25.56	-7.07856054e-07
25.57	-2.288482162e-06
25.58	-3.851503597e-06
25.59	-5.395813425e-06
25.6	-6.920331072e-06
25.61	-8.424002953e-06
25.62	-9.905803066e-06
25.63	-1.136473356e-05
25.64	-1.279982526e-05
25.65	-1.421013822e-05
25.66	-1.559476212e-05
25.67	-1.695281683e-05
25.68	-1.828345273e-05
25.69	-1.958585115e-05
25.7	-2.085922475e-05
25.71	-2.21028178e-05
25.72	-2.331590655e-05
25.73	-2.449779946e-05
25.74	-2.564783745e-05
25.75	-2.676539413e-05
25.76	-2.784987601e-05
25.77	-2.890072261e-05
25.78	-2.991740663e-05
25.79	-3.089943402e-05
25.8	-3.184634411e-05
25.81	-3.275770958e-05
25.82	-3.363313654e-05
25.83	-3.447226451e-05
25.84	-3.527476634e-05
25.85	-3.60403482e-05
25.86	-3.676874946e-05
25.87	-3.74597426e-05
25.88	-3.811313302e-05
25.89	-3.872875891e-05
25.9	-3.930649107e-05
25.91	-3.984623264e-05
25.92	-4.034791889e-05
25.93	-4.081151698e-05
25.94	-4.123702559e-05
25.95	-4.16244747e-05
25.96	-4.197392519e-05
25.97	-4.22854685e-05
25.98	-4.255922627e-05
25.99	-4.279534992e-05
26	-4.299402023e-05
26.01	-4.315544689e-05
26.02	-4.327986808e-05
26.03	-4.336754995e-05
26.04	-4.341878613e-05
26.05	-4.343389724e-05
26.06	-4.341323033e-05
26.07	-4.335715836e-05
26.08	-4.32660796e-05
26.09	-4.314041708e-05
26.1	-4.298061801e-05
26.11	-4.278715312e-05
26.12	-4.256051608e-05
26.13	-4.230122287e-05
26.14	-4.200981112e-05
26.15	-4.168683945e-05
26.16	-4.13328868e-05
26.17	-4.094855178e-05
26.18	-4.053445197e-05
26.19	-4.00912232e-05
26.2	-3.961951887e-05
26.21	-3.912000926e-05
26.22	-3.859338075e-05
26.23	-3.804033518e-05
26.24	-3.746158903e-05
26.25	-3.685787277e-05
26.26	-3.622993007e-05
26.27	-3.557851706e-05
26.28	-3.490440162e-05
26.29	-3.42083626e-05
26.3	-3.349118909e-05
26.31	-3.275367964e-05
26.32	-3.199664158e-05
26.33	-3.122089018e-05
26.34	-3.042724798e-05
26.35	-2.961654401e-05
26.36	-2.878961301e-05
26.37	-2.794729477e-05
26.38	-2.709043333e-05
26.39	-2.621987624e-05
26.4	-2.533647388e-05
26.41	-2.444107869e-05
26.42	-2.353454448e-05
26.43	-2.261772567e-05
26.44	-2.169147666e-05
26.45	-2.075665104e-05
26.46	-1.981410097e-05
26.47	-1.886467645e-05
26.48	-1.790922468e-05
26.49	-1.694858935e-05
26.5	-1.598361004e-05
26.51	-1.50151215e-05
26.52	-1.404395309e-05
26.53	-1.307092809e-05
26.54	-1.209686311e-05
26.55	-1.112256751e-05
26.56	-1.014884278e-05
26.57	-9.17648194e-06
26.58	-8.206269033e-06
26.59	-7.238978524e-06
26.6	-6.275374777e-06
26.61	-5.316211526e-06
26.62	-4.362231364e-06
26.63	-3.414165242e-06
26.64	-2.472731987e-06
26.65	-1.538637834e-06
26.66	-6.125759705e-07
26.67	3.047739035e-07
26.68	1.212745996e-06
26.69	2.110688832e-06
26.7	2.997965646e-06
26.71	3.873954758e-06
26.72	4.738049932e-06
26.73	5.58966072e-06
26.74	6.428212791e-06
26.75	7.253148239e-06
26.76	8.06392588e-06
26.77	8.860021527e-06
26.78	9.640928252e-06
26.79	1.040615663e-05
26.8	1.115523497e-05
26.81	1.188770952e-05
26.82	1.260314465e-05
26.83	1.330112307e-05
26.84	1.398124592e-05
26.85	1.464313301e-05
26.86	1.528642284e-05
26.87	1.591077278e-05
26.88	1.651585917e-05
26.89	1.710137732e-05
26.9	1.766704168e-05
26.91	1.821258578e-05
26.92	1.873776233e-05
26.93	1.92423432e-05
26.94	1.972611943e-05
26.95	2.018890121e-05
26.96	2.063051781e-05
26.97	2.10508176e-05
26.98	2.144966792e-05
26.99	2.182695502e-05
27	2.218258399e-05
27.01	2.251647861e-05
27.02	2.282858127e-05
27.03	2.311885278e-05
27.04	2.338727227e-05
27.05	2.363383698e-05
27.06	2.385856214e-05
27.07	2.406148071e-05
27.08	2.424264322e-05
27.09	2.440211754e-05
27.1	2.453998866e-05
27.11	2.465635846e-05
27.12	2.47513454e-05
27.13	2.482508435e-05
27.14	2.487772623e-05
27.15	2.490943779e-05
27.16	2.492040126e-05
27.17	2.491081412e-05
27.18	2.48808887e-05
27.19	2.483085191e-05
27.2	2.476094493e-05
27.21	2.467142279e-05
27.22	2.45625541e-05
27.23	2.443462067e-05
27.24	2.428791714e-05
27.25	2.412275061e-05
27.26	2.393944027e-05
27.27	2.373831702e-05
27.28	2.351972308e-05
27.29	2.328401158e-05
27.3	2.303154621e-05
27.31	2.276270075e-05
27.32	2.247785871e-05
27.33	2.217741292e-05
27.34	2.186176508e-05
27.35	2.153132536e-05
27.36	2.118651201e-05
27.37	2.082775089e-05
27.38	2.045547505e-05
27.39	2.007012434e-05
27.4	1.967214496e-05
27.41	1.9261989e-05
27.42	1.884011407e-05
27.43	1.840698283e-05
27.44	1.796306256e-05
27.45	1.750882476e-05
27.46	1.704474468e-05
27.47	1.657130092e-05
27.48	1.608897502e-05
27.49	1.559825099e-05
27.5	1.509961492e-05
27.51	1.459355455e-05
27.52	1.408055886e-05
27.53	1.356111767e-05
27.54	1.303572118e-05
27.55	1.250485962e-05
27.56	1.196902282e-05
27.57	1.142869982e-05
27.58	1.088437847e-05
27.59	1.033654504e-05
27.6	9.785683854e-06
27.61	9.232276897e-06
27.62	8.676803443e-06
27.63	8.119739693e-06
27.64	7.561558416e-06
27.65	7.002728593e-06
27.66	6.443715069e-06
27.67	5.884978216e-06
27.68	5.326973599e-06
27.69	4.770151647e-06
27.7	4.214957339e-06
27.71	3.66182989e-06
27.72	3.111202451e-06
27.73	2.563501811e-06
27.74	2.019148112e-06
27.75	1.478554569e-06
27.76	9.421272035e-07
27.77	4.102645778e-07
27.78	-1.166424553e-07
27.79	-6.382109972e-07
27.8	-1.154066338e-06
27.81	-1.663842183e-06
27.82	-2.167180868e-06
27.83	-2.66373357e-06
27.84	-3.153160501e-06
27.85	-3.635131099e-06
27.86	-4.10932421e-06
27.87	-4.575428252e-06
27.88	-5.033141381e-06
27.89	-5.482171637e-06
27.9	-5.92223709e-06
27.91	-6.353065966e-06
27.92	-6.774396774e-06
27.93	-7.185978416e-06
27.94	-7.587570286e-06
27.95	-7.978942371e-06
27.96	-8.359875326e-06
27.97	-8.730160554e-06
27.98	-9.089600267e-06
27.99	-9.43800754e-06
28	-9.775206359e-06
28.01	-1.010103165e-05
28.02	-1.041532933e-05
28.03	-1.071795628e-05
28.04	-1.100878038e-05
28.05	-1.128768053e-05
28.06	-1.15545466e-05
28.07	-1.180927942e-05
28.08	-1.205179078e-05
28.09	-1.228200334e-05
28.1	-1.249985066e-05
28.11	-1.270527707e-05
28.12	-1.289823765e-05
28.13	-1.307869816e-05
28.14	-1.324663496e-05
28.15	-1.34020349e-05
28.16	-1.354489526e-05
28.17	-1.367522362e-05
28.18	-1.379303777e-05
28.19	-1.389836559e-05
28.2	-1.399124493e-05
28.21	-1.407172346e-05
28.22	-1.413985856e-05
28.23	-1.419571716e-05
28.24	-1.423937559e-05
28.25	-1.427091944e-05
28.26	-1.429044337e-05
28.27	-1.429805096e-05
28.28	-1.429385455e-05
28.29	-1.427797504e-05
28.3	-1.425054168e-05
28.31	-1.421169196e-05
28.32	-1.416157133e-05
28.33	-1.410033305e-05
28.34	-1.402813798e-05
28.35	-1.394515435e-05
28.36	-1.38515576e-05
28.37	-1.374753008e-05
28.38	-1.363326093e-05
28.39	-1.350894578e-05
28.4	-1.337478655e-05
28.41	-1.323099126e-05
28.42	-1.307777373e-05
28.43	-1.291535339e-05
28.44	-1.274395504e-05
28.45	-1.256380862e-05
28.46	-1.237514892e-05
28.47	-1.217821542e-05
28.48	-1.197325197e-05
28.49	-1.176050661e-05
28.5	-1.154023128e-05
28.51	-1.131268158e-05
28.52	-1.107811654e-05
28.53	-1.083679839e-05
28.54	-1.058899226e-05
28.55	-1.033496598e-05
28.56	-1.00749898e-05
28.57	-9.809336188e-06
28.58	-9.538279538e-06
28.59	-9.262095953e-06
28.6	-8.981062992e-06
28.61	-8.695459431e-06
28.62	-8.405565021e-06
28.63	-8.11166025e-06
28.64	-7.814026103e-06
28.65	-7.512943831e-06
28.66	-7.208694711e-06
28.67	-6.901559821e-06
28.68	-6.591819811e-06
28.69	-6.279754674e-06
28.7	-5.965643522e-06
28.71	-5.649764371e-06
28.72	-5.332393921e-06
28.73	-5.01380734e-06
28.74	-4.694278057e-06
28.75	-4.374077553e-06
28.76	-4.05347516e-06
28.77	-3.732737857e-06
28.78	-3.412130078e-06
28.79	-3.091913522e-06
28.8	-2.772346961e-06
28.81	-2.453686058e-06
28.82	-2.136183191e-06
28.83	-1.820087277e-06
28.84	-1.505643602e-06
28.85	-1.193093654e-06
28.86	-8.826749675e-07
28.87	-5.746209639e-07
28.88	-2.691608028e-07
28.89	3.348076425e-08
28.9	3.330835341e-07
28.91	6.29431987e-07
28.92	9.223154175e-07
28.93	1.211528059e-06
28.94	1.496869202e-06
28.95	1.778143312e-06
28.96	2.055160135e-06
28.97	2.327734801e-06
28.98	2.595687926e-06
28.99	2.8588457e-06
29	3.117039976e-06
29.01	3.370108352e-06
29.02	3.617894246e-06
29.03	3.860246968e-06
29.04	4.097021784e-06
29.05	4.328079974e-06
29.06	4.553288888e-06
29.07	4.772521996e-06
29.08	4.985658927e-06
29.09	5.192585508e-06
29.1	5.393193797e-06
29.11	5.587382108e-06
29.12	5.775055034e-06
29.13	5.95612346e-06
29.14	6.130504578e-06
29.15	6.298121886e-06
29.16	6.458905194e-06
29.17	6.612790616e-06
29.18	6.759720557e-06
29.19	6.899643704e-06
29.2	7.032515e-06
29.21	7.158295622e-06
29.22	7.276952948e-06
29.23	7.388460526e-06
29.24	7.492798028e-06
29.25	7.589951215e-06
29.26	7.679911878e-06
29.27	7.762677793e-06
29.28	7.838252656e-06
29.29	7.90664603e-06
29.3	7.967873269e-06
29.31	8.021955454e-06
29.32	8.068919319e-06
29.33	8.108797167e-06
29.34	8.141626796e-06
29.35	8.167451407e-06
29.36	8.186319518e-06
29.37	8.198284871e-06
29.38	8.203406333e-06
29.39	8.201747803e-06
29.4	8.193378102e-06
29.41	8.178370873e-06
29.42	8.156804471e-06
29.43	8.12876185e-06
29.44	8.094330454e-06
29.45	8.053602094e-06
29.46	8.006672834e-06
29.47	7.95364287e-06
29.48	7.894616404e-06
29.49	7.829701519e-06
29.5	7.759010055e-06
29.51	7.682657475e-06
29.52	7.600762738e-06
29.53	7.513448166e-06
29.54	7.42083931e-06
29.55	7.323064811e-06
29.56	7.220256273e-06
29.57	7.112548114e-06
29.58	7.000077437e-06
29.59	6.882983887e-06
29.6	6.76140951e-06
29.61	6.635498616e-06
29.62	6.505397636e-06
29.63	6.371254979e-06
29.64	6.233220894e-06
29.65	6.091447329e-06
29.66	5.946087783e-06
29.67	5.797297173e-06
29.68	5.645231687e-06
29.69	5.490048646e-06
29.7	5.331906364e-06
29.71	5.170964003e-06
29.72	5.007381443e-06
29.73	4.841319137e-06
29.74	4.672937974e-06
29.75	4.502399146e-06
29.76	4.329864011e-06
29.77	4.155493958e-06
29.78	3.979450276e-06
29.79	3.801894022e-06
29.8	3.622985891e-06
29.81	3.442886088e-06
29.82	3.2617542e-06
29.83	3.079749076e-06
29.84	2.897028698e-06
29.85	2.713750063e-06
29.86	2.530069065e-06
29.87	2.346140375e-06
29.88	2.162117331e-06
29.89	1.97815182e-06
29.9	1.794394171e-06
29.91	1.610993049e-06
29.92	1.428095343e-06
29.93	1.245846072e-06
29.94	1.064388278e-06
29.95	8.838629297e-07
29.96	7.044088297e-07
29.97	5.261625202e-07
29.98	3.492581941e-07
29.99	1.738276084e-07
30	4.196527124e-20
