temps	angle
0	0
0.01	1.126308415
0.02	2.242727599
0.03	3.348429675
0.04	4.442602064
0.05	5.524448025
0.06	6.593187176
0.07	7.648056
0.08	8.688308326
0.09	9.713215799
0.1	10.72206833
0.11	11.71417453
0.12	12.68886212
0.13	13.6454783
0.14	14.58339019
0.15	15.50198512
0.16	16.40067098
0.17	17.27887656
0.18	18.13605184
0.19	18.97166824
0.2	19.78521893
0.21	20.57621901
0.22	21.34420578
0.23	22.0887389
0.24	22.8094006
0.25	23.50579581
0.26	24.17755233
0.27	24.82432093
0.28	25.44577545
0.29	26.0416129
0.3	26.6115535
0.31	27.15534073
0.32	27.67274136
0.33	28.16354544
0.34	28.6275663
0.35	29.06464051
0.36	29.47462782
0.37	29.85741109
0.38	30.21289622
0.39	30.54101203
0.4	30.84171011
0.41	31.11496475
0.42	31.36077267
0.43	31.57915297
0.44	31.77014682
0.45	31.93381734
0.46	32.07024932
0.47	32.17954899
0.48	32.26184379
0.49	32.31728205
0.5	32.34603276
0.51	32.3482852
0.52	32.32424869
0.53	32.27415222
0.54	32.19824413
0.55	32.09679173
0.56	31.97008095
0.57	31.81841597
0.58	31.64211878
0.59	31.44152884
0.6	31.21700262
0.61	30.96891318
0.62	30.69764978
0.63	30.40361734
0.64	30.08723611
0.65	29.74894108
0.66	29.38918163
0.67	29.00842094
0.68	28.60713558
0.69	28.18581499
0.7	27.74496099
0.71	27.28508724
0.72	26.80671878
0.73	26.31039146
0.74	25.79665147
0.75	25.26605478
0.76	24.71916661
0.77	24.15656093
0.78	23.57881988
0.79	22.98653325
0.8	22.38029797
0.81	21.76071752
0.82	21.12840142
0.83	20.48396466
0.84	19.82802719
0.85	19.16121336
0.86	18.48415137
0.87	17.79747273
0.88	17.10181176
0.89	16.39780498
0.9	15.68609064
0.91	14.96730816
0.92	14.24209761
0.93	13.51109917
0.94	12.77495262
0.95	12.03429683
0.96	11.28976923
0.97	10.54200535
0.98	9.791638227
0.99	9.039298017
1	8.285611436
1.01	7.531201302
1.02	6.776686061
1.03	6.022679313
1.04	5.269789359
1.05	4.518618743
1.06	3.769763814
1.07	3.023814288
1.08	2.281352822
1.09	1.542954598
1.1	0.8091869144
1.11	0.08060878955
1.12	-0.6422294276
1.13	-1.358786435
1.14	-2.068530344
1.15	-2.770939038
1.16	-3.465500518
1.17	-4.151713237
1.18	-4.829086425
1.19	-5.497140401
1.2	-6.155406876
1.21	-6.803429238
1.22	-7.440762836
1.23	-8.066975241
1.24	-8.681646502
1.25	-9.284369388
1.26	-9.874749614
1.27	-10.45240606
1.28	-11.01697099
1.29	-11.5680902
1.3	-12.10542326
1.31	-12.62864363
1.32	-13.13743883
1.33	-13.63151062
1.34	-14.11057503
1.35	-14.57436261
1.36	-15.02261842
1.37	-15.45510217
1.38	-15.8715883
1.39	-16.27186605
1.4	-16.65573949
1.41	-17.02302757
1.42	-17.37356416
1.43	-17.70719806
1.44	-18.02379299
1.45	-18.32322762
1.46	-18.60539548
1.47	-18.87020501
1.48	-19.11757946
1.49	-19.34745686
1.5	-19.55978993
1.51	-19.75454603
1.52	-19.93170704
1.53	-20.09126928
1.54	-20.23324341
1.55	-20.35765425
1.56	-20.46454072
1.57	-20.55395565
1.58	-20.62596564
1.59	-20.68065088
1.6	-20.71810502
1.61	-20.73843493
1.62	-20.74176056
1.63	-20.72821468
1.64	-20.69794274
1.65	-20.6511026
1.66	-20.5878643
1.67	-20.50840988
1.68	-20.41293307
1.69	-20.30163908
1.7	-20.17474433
1.71	-20.03247617
1.72	-19.87507265
1.73	-19.7027822
1.74	-19.51586336
1.75	-19.31458449
1.76	-19.09922348
1.77	-18.87006744
1.78	-18.6274124
1.79	-18.37156297
1.8	-18.10283208
1.81	-17.82154062
1.82	-17.5280171
1.83	-17.22259739
1.84	-16.9056243
1.85	-16.57744732
1.86	-16.23842225
1.87	-15.88891085
1.88	-15.52928053
1.89	-15.15990398
1.9	-14.78115886
1.91	-14.39342738
1.92	-13.99709606
1.93	-13.59255528
1.94	-13.180199
1.95	-12.76042437
1.96	-12.33363143
1.97	-11.9002227
1.98	-11.46060288
1.99	-11.0151785
2	-10.56435754
2.01	-10.10854913
2.02	-9.648163195
2.03	-9.183610091
2.04	-8.715300302
2.05	-8.243644091
2.06	-7.76905117
2.07	-7.291930367
2.08	-6.812689311
2.09	-6.331734101
2.1	-5.849468994
2.11	-5.366296089
2.12	-4.882615018
2.13	-4.398822643
2.14	-3.915312752
2.15	-3.432475767
2.16	-2.950698453
2.17	-2.470363631
2.18	-1.991849903
2.19	-1.515531373
2.2	-1.041777381
2.21	-0.5709522425
2.22	-0.1034149919
2.23	0.3604808685
2.24	0.8203876099
2.25	1.275963514
2.26	1.726873103
2.27	2.172787361
2.28	2.613383951
2.29	3.048347423
2.3	3.477369415
2.31	3.900148849
2.32	4.316392114
2.33	4.725813246
2.34	5.128134103
2.35	5.523084523
2.36	5.910402484
2.37	6.289834248
2.38	6.661134507
2.39	7.024066509
2.4	7.378402184
2.41	7.723922263
2.42	8.060416382
2.43	8.387683184
2.44	8.70553041
2.45	9.013774982
2.46	9.31224308
2.47	9.60077021
2.48	9.879201261
2.49	10.14739056
2.5	10.4052019
2.51	10.65250861
2.52	10.88919354
2.53	11.1151491
2.54	11.33027729
2.55	11.53448966
2.56	11.72770735
2.57	11.90986105
2.58	12.08089098
2.59	12.24074688
2.6	12.38938796
2.61	12.52678286
2.62	12.65290962
2.63	12.76775558
2.64	12.87131737
2.65	12.96360079
2.66	13.04462076
2.67	13.11440124
2.68	13.1729751
2.69	13.22038408
2.7	13.25667863
2.71	13.28191784
2.72	13.29616931
2.73	13.299509
2.74	13.29202115
2.75	13.27379813
2.76	13.24494026
2.77	13.20555573
2.78	13.15576038
2.79	13.09567763
2.8	13.02543824
2.81	12.94518017
2.82	12.85504844
2.83	12.75519493
2.84	12.64577818
2.85	12.52696326
2.86	12.39892155
2.87	12.26183055
2.88	12.11587371
2.89	11.96124021
2.9	11.79812476
2.91	11.62672742
2.92	11.44725338
2.93	11.25991275
2.94	11.06492035
2.95	10.86249552
2.96	10.65286188
2.97	10.4362471
2.98	10.21288275
2.99	9.983003995
3	9.746849442
3.01	9.504660882
3.02	9.256683084
3.03	9.003163566
3.04	8.744352378
3.05	8.48050187
3.06	8.211866479
3.07	7.938702497
3.08	7.661267852
3.09	7.379821887
3.1	7.094625136
3.11	6.8059391
3.12	6.514026034
3.13	6.219148722
3.14	5.921570263
3.15	5.621553851
3.16	5.319362564
3.17	5.015259151
3.18	4.709505819
3.19	4.402364026
3.2	4.094094274
3.21	3.784955907
3.22	3.475206905
3.23	3.165103691
3.24	2.854900931
3.25	2.544851343
3.26	2.235205508
3.27	1.92621168
3.28	1.618115607
3.29	1.311160351
3.3	1.005586108
3.31	0.7016300399
3.32	0.3995261053
3.33	0.09950489353
3.34	-0.1982065346
3.35	-0.4933848032
3.36	-0.7858103739
3.37	-1.075267693
3.38	-1.361545334
3.39	-1.64443614
3.4	-1.923737352
3.41	-2.199250743
3.42	-2.470782744
3.43	-2.738144559
3.44	-3.001152284
3.45	-3.259627015
3.46	-3.513394958
3.47	-3.762287524
3.48	-4.006141428
3.49	-4.244798777
3.5	-4.478107156
3.51	-4.70591971
3.52	-4.928095218
3.53	-5.144498159
3.54	-5.354998784
3.55	-5.559473168
3.56	-5.75780327
3.57	-5.949876978
3.58	-6.135588154
3.59	-6.314836674
3.6	-6.487528461
3.61	-6.65357551
3.62	-6.812895916
3.63	-6.965413888
3.64	-7.111059764
3.65	-7.249770019
3.66	-7.381487266
3.67	-7.506160253
3.68	-7.623743859
3.69	-7.734199081
3.7	-7.837493013
3.71	-7.933598829
3.72	-8.022495755
3.73	-8.104169036
3.74	-8.1786099
3.75	-8.245815522
3.76	-8.305788972
3.77	-8.35853917
3.78	-8.404080832
3.79	-8.442434411
3.8	-8.473626034
3.81	-8.497687435
3.82	-8.514655889
3.83	-8.524574133
3.84	-8.527490287
3.85	-8.523457776
3.86	-8.512535244
3.87	-8.494786461
3.88	-8.470280233
3.89	-8.439090307
3.9	-8.401295269
3.91	-8.356978444
3.92	-8.306227789
3.93	-8.249135785
3.94	-8.185799327
3.95	-8.116319608
3.96	-8.040802005
3.97	-7.959355959
3.98	-7.872094853
3.99	-7.779135889
4	-7.680599962
4.01	-7.576611535
4.02	-7.467298505
4.03	-7.352792076
4.04	-7.233226623
4.05	-7.108739559
4.06	-6.979471201
4.07	-6.845564628
4.08	-6.707165548
4.09	-6.564422155
4.1	-6.417484991
4.11	-6.266506805
4.12	-6.11164241
4.13	-5.953048541
4.14	-5.790883714
4.15	-5.625308082
4.16	-5.456483291
4.17	-5.284572338
4.18	-5.109739427
4.19	-4.93214983
4.2	-4.751969736
4.21	-4.569366116
4.22	-4.38450658
4.23	-4.197559232
4.24	-4.008692535
4.25	-3.818075165
4.26	-3.625875878
4.27	-3.43226337
4.28	-3.23740614
4.29	-3.041472355
4.3	-2.844629717
4.31	-2.64704533
4.32	-2.448885568
4.33	-2.250315947
4.34	-2.051500998
4.35	-1.852604138
4.36	-1.65378755
4.37	-1.45521206
4.38	-1.257037015
4.39	-1.059420169
4.4	-0.862517564
4.41	-0.6664834198
4.42	-0.4714700213
4.43	-0.2776276113
4.44	-0.08510428459
4.45	0.1059541156
4.46	0.2954040977
4.47	0.4831046198
4.48	0.6689171845
4.49	0.8527059314
4.5	1.034337726
4.51	1.213682247
4.52	1.390612068
4.53	1.565002739
4.54	1.736732866
4.55	1.90568418
4.56	2.071741613
4.57	2.234793363
4.58	2.394730961
4.59	2.551449331
4.6	2.704846847
4.61	2.854825392
4.62	3.001290408
4.63	3.14415094
4.64	3.283319689
4.65	3.418713048
4.66	3.550251143
4.67	3.677857867
4.68	3.801460912
4.69	3.920991799
4.7	4.036385899
4.71	4.14758246
4.72	4.254524623
4.73	4.357159435
4.74	4.455437866
4.75	4.549314813
4.76	4.638749107
4.77	4.723703514
4.78	4.804144738
4.79	4.880043411
4.8	4.951374088
4.81	5.018115239
4.82	5.080249229
4.83	5.13776231
4.84	5.190644593
4.85	5.238890028
4.86	5.282496381
4.87	5.321465203
4.88	5.355801798
4.89	5.385515191
4.9	5.410618087
4.91	5.431126839
4.92	5.447061395
4.93	5.458445263
4.94	5.465305458
4.95	5.467672454
4.96	5.46558013
4.97	5.459065717
4.98	5.448169743
4.99	5.432935969
5	5.413411329
5.01	5.389645872
5.02	5.361692689
5.03	5.329607849
5.04	5.29345033
5.05	5.25328195
5.06	5.209167289
5.07	5.161173617
5.08	5.109370821
5.09	5.053831322
5.1	4.994630001
5.11	4.931844112
5.12	4.865553211
5.13	4.79583906
5.14	4.722785555
5.15	4.646478631
5.16	4.567006185
5.17	4.48445798
5.18	4.398925565
5.19	4.310502181
5.2	4.219282676
5.21	4.125363411
5.22	4.028842172
5.23	3.92981808
5.24	3.828391499
5.25	3.724663943
5.26	3.618737987
5.27	3.510717173
5.28	3.40070592
5.29	3.288809433
5.3	3.175133606
5.31	3.059784938
5.32	2.942870435
5.33	2.824497525
5.34	2.704773962
5.35	2.583807739
5.36	2.461706998
5.37	2.338579941
5.38	2.214534741
5.39	2.089679454
5.4	1.964121933
5.41	1.837969744
5.42	1.711330077
5.43	1.584309663
5.44	1.457014694
5.45	1.329550737
5.46	1.202022657
5.47	1.074534532
5.48	0.9471895822
5.49	0.8200900871
5.5	0.6933373121
5.51	0.5670314342
5.52	0.4412714692
5.53	0.3161552006
5.54	0.1917791101
5.55	0.06823830941
5.56	-0.05437352605
5.57	-0.1759642216
5.58	-0.2964431664
5.59	-0.4157213744
5.6	-0.5337115438
5.61	-0.6503281145
5.62	-0.7654873236
5.63	-0.8791072594
5.64	-0.9911079127
5.65	-1.101411227
5.66	-1.209941147
5.67	-1.316623661
5.68	-1.421386851
5.69	-1.524160929
5.7	-1.624878278
5.71	-1.72347349
5.72	-1.819883403
5.73	-1.914047133
5.74	-2.005906103
5.75	-2.095404078
5.76	-2.182487185
5.77	-2.267103944
5.78	-2.349205286
5.79	-2.428744579
5.8	-2.505677641
5.81	-2.579962758
5.82	-2.651560701
5.83	-2.720434733
5.84	-2.786550626
5.85	-2.849876662
5.86	-2.91038364
5.87	-2.968044885
5.88	-3.022836243
5.89	-3.074736083
5.9	-3.123725297
5.91	-3.16978729
5.92	-3.212907979
5.93	-3.253075781
5.94	-3.290281603
5.95	-3.32451883
5.96	-3.355783312
5.97	-3.384073344
5.98	-3.409389653
5.99	-3.431735372
6	-3.451116025
6.01	-3.467539497
6.02	-3.481016014
6.03	-3.491558112
6.04	-3.499180612
6.05	-3.503900586
6.06	-3.50573733
6.07	-3.504712325
6.08	-3.500849206
6.09	-3.494173726
6.1	-3.484713714
6.11	-3.47249904
6.12	-3.457561575
6.13	-3.439935144
6.14	-3.419655489
6.15	-3.39676022
6.16	-3.371288772
6.17	-3.34328236
6.18	-3.312783926
6.19	-3.279838096
6.2	-3.244491127
6.21	-3.206790858
6.22	-3.166786658
6.23	-3.124529374
6.24	-3.080071276
6.25	-3.033466006
6.26	-2.984768524
6.27	-2.934035048
6.28	-2.881323004
6.29	-2.826690965
6.3	-2.7701986
6.31	-2.711906611
6.32	-2.651876676
6.33	-2.590171398
6.34	-2.526854238
6.35	-2.461989461
6.36	-2.395642077
6.37	-2.327877782
6.38	-2.258762901
6.39	-2.188364324
6.4	-2.116749454
6.41	-2.043986142
6.42	-1.970142632
6.43	-1.895287502
6.44	-1.819489606
6.45	-1.742818011
6.46	-1.665341948
6.47	-1.587130748
6.48	-1.508253785
6.49	-1.428780423
6.5	-1.348779956
6.51	-1.268321555
6.52	-1.187474212
6.53	-1.106306685
6.54	-1.024887443
6.55	-0.9432846146
6.56	-0.8615659352
6.57	-0.779798694
6.58	-0.6980496834
6.59	-0.6163851491
6.6	-0.53487074
6.61	-0.4535714603
6.62	-0.3725516213
6.63	-0.291874795
6.64	-0.2116037684
6.65	-0.1318004984
6.66	-0.05252606859
6.67	0.02615935379
6.68	0.1041965592
6.69	0.1815273365
6.7	0.2580945117
6.71	0.333841987
6.72	0.408714777
6.73	0.4826590447
6.74	0.5556221365
6.75	0.627552615
6.76	0.6984002911
6.77	0.7681162554
6.78	0.8366529068
6.79	0.9039639817
6.8	0.9700045803
6.81	1.034731192
6.82	1.098101721
6.83	1.160075507
6.84	1.220613349
6.85	1.279677524
6.86	1.337231806
6.87	1.393241485
6.88	1.447673382
6.89	1.500495862
6.9	1.551678851
6.91	1.601193845
6.92	1.649013922
6.93	1.695113751
6.94	1.739469601
6.95	1.782059345
6.96	1.822862467
6.97	1.861860065
6.98	1.899034855
6.99	1.934371171
7	1.967854964
7.01	1.999473801
7.02	2.029216865
7.03	2.057074947
7.04	2.083040441
7.05	2.107107341
7.06	2.129271229
7.07	2.149529269
7.08	2.167880195
7.09	2.184324299
7.1	2.198863421
7.11	2.211500931
7.12	2.222241719
7.13	2.231092175
7.14	2.238060174
7.15	2.243155056
7.16	2.246387608
7.17	2.247770045
7.18	2.247315986
7.19	2.245040433
7.2	2.240959748
7.21	2.235091628
7.22	2.227455082
7.23	2.218070401
7.24	2.206959138
7.25	2.194144073
7.26	2.17964919
7.27	2.163499646
7.28	2.145721741
7.29	2.126342887
7.3	2.105391579
7.31	2.082897362
7.32	2.058890798
7.33	2.033403434
7.34	2.006467768
7.35	1.978117215
7.36	1.948386075
7.37	1.917309493
7.38	1.884923427
7.39	1.851264614
7.4	1.816370531
7.41	1.780279358
7.42	1.743029945
7.43	1.704661772
7.44	1.665214913
7.45	1.62473
7.46	1.583248183
7.47	1.540811093
7.48	1.497460807
7.49	1.453239808
7.5	1.408190946
7.51	1.362357404
7.52	1.315782656
7.53	1.268510434
7.54	1.220584686
7.55	1.172049541
7.56	1.122949272
7.57	1.073328258
7.58	1.023230946
7.59	0.9727018183
7.6	0.9217853506
7.61	0.8705259803
7.62	0.8189680691
7.63	0.7671558674
7.64	0.7151334797
7.65	0.6629448297
7.66	0.6106336261
7.67	0.558243329
7.68	0.5058171162
7.69	0.4533978508
7.7	0.4010280487
7.71	0.3487498469
7.72	0.2966049721
7.73	0.2446347105
7.74	0.1928798772
7.75	0.1413807873
7.76	0.09017722706
7.77	0.03930842553
7.78	-0.0111869726
7.79	-0.06127093383
7.8	-0.1109060618
7.81	-0.1600556228
7.82	-0.20868357
7.83	-0.2567545674
7.84	-0.304234013
7.85	-0.3510880609
7.86	-0.3972836427
7.87	-0.4427884883
7.88	-0.4875711457
7.89	-0.5316010001
7.9	-0.5748482919
7.91	-0.6172841343
7.92	-0.6588805294
7.93	-0.6996103845
7.94	-0.7394475263
7.95	-0.7783667151
7.96	-0.8163436577
7.97	-0.8533550198
7.98	-0.8893784374
7.99	-0.9243925266
8	-0.958376894
8.01	-0.9913121447
8.02	-1.02317989
8.03	-1.053962757
8.04	-1.083644388
8.05	-1.112209453
8.06	-1.139643652
8.07	-1.165933714
8.08	-1.191067405
8.09	-1.215033527
8.1	-1.237821921
8.11	-1.259423462
8.12	-1.279830066
8.13	-1.29903468
8.14	-1.317031286
8.15	-1.333814892
8.16	-1.349381535
8.17	-1.363728269
8.18	-1.376853162
8.19	-1.388755292
8.2	-1.399434735
8.21	-1.408892561
8.22	-1.417130823
8.23	-1.424152548
8.24	-1.429961726
8.25	-1.434563302
8.26	-1.437963161
8.27	-1.440168116
8.28	-1.4411859
8.29	-1.441025143
8.3	-1.439695368
8.31	-1.43720697
8.32	-1.433571201
8.33	-1.428800156
8.34	-1.422906756
8.35	-1.415904731
8.36	-1.4078086
8.37	-1.398633656
8.38	-1.388395948
8.39	-1.377112256
8.4	-1.36480008
8.41	-1.351477615
8.42	-1.337163728
8.43	-1.321877946
8.44	-1.305640425
8.45	-1.288471937
8.46	-1.270393843
8.47	-1.251428072
8.48	-1.2315971
8.49	-1.210923926
8.5	-1.189432051
8.51	-1.167145451
8.52	-1.14408856
8.53	-1.12028624
8.54	-1.09576376
8.55	-1.070546776
8.56	-1.0446613
8.57	-1.018133681
8.58	-0.9909905801
8.59	-0.9632589447
8.6	-0.9349659861
8.61	-0.9061391546
8.62	-0.8768061152
8.63	-0.8469947236
8.64	-0.8167330022
8.65	-0.7860491157
8.66	-0.7549713471
8.67	-0.7235280743
8.68	-0.6917477454
8.69	-0.659658856
8.7	-0.6272899251
8.71	-0.5946694718
8.72	-0.5618259923
8.73	-0.5287879369
8.74	-0.4955836872
8.75	-0.4622415335
8.76	-0.4287896528
8.77	-0.3952560868
8.78	-0.3616687198
8.79	-0.328055258
8.8	-0.2944432077
8.81	-0.260859855
8.82	-0.2273322452
8.83	-0.1938871631
8.84	-0.1605511126
8.85	-0.1273502984
8.86	-0.09431060609
8.87	-0.06145758443
8.88	-0.02881642692
8.89	0.00358804575
8.9	0.03573140286
8.91	0.06758962043
8.92	0.09913909748
8.93	0.1303566718
8.94	0.1612196353
8.95	0.1917057488
8.96	0.2217932565
8.97	0.2514608994
8.98	0.2806879292
8.99	0.3094541205
9	0.3377397834
9.01	0.3655257753
9.02	0.3927935117
9.03	0.4195249772
9.04	0.4457027354
9.05	0.4713099385
9.06	0.4963303365
9.07	0.5207482852
9.08	0.5445487545
9.09	0.5677173354
9.1	0.5902402469
9.11	0.6121043424
9.12	0.6332971147
9.13	0.6538067019
9.14	0.673621891
9.15	0.6927321228
9.16	0.7111274942
9.17	0.728798762
9.18	0.7457373445
9.19	0.7619353235
9.2	0.7773854453
9.21	0.7920811214
9.22	0.8060164286
9.23	0.8191861081
9.24	0.8315855651
9.25	0.8432108669
9.26	0.8540587407
9.27	0.8641265713
9.28	0.8734123976
9.29	0.8819149096
9.3	0.8896334436
9.31	0.8965679778
9.32	0.9027191277
9.33	0.9080881396
9.34	0.9126768854
9.35	0.9164878558
9.36	0.9195241529
9.37	0.9217894838
9.38	0.9232881517
9.39	0.9240250483
9.4	0.9240056451
9.41	0.9232359841
9.42	0.9217226684
9.43	0.9194728527
9.44	0.9164942324
9.45	0.9127950339
9.46	0.9083840029
9.47	0.9032703938
9.48	0.8974639576
9.49	0.8909749305
9.5	0.8838140213
9.51	0.8759923992
9.52	0.8675216811
9.53	0.8584139182
9.54	0.8486815833
9.55	0.838337557
9.56	0.8273951139
9.57	0.815867909
9.58	0.8037699633
9.59	0.7911156496
9.6	0.7779196781
9.61	0.7641970815
9.62	0.7499632005
9.63	0.735233669
9.64	0.7200243985
9.65	0.7043515636
9.66	0.6882315864
9.67	0.6716811212
9.68	0.6547170393
9.69	0.6373564135
9.7	0.6196165026
9.71	0.6015147359
9.72	0.5830686976
9.73	0.5642961115
9.74	0.5452148253
9.75	0.5258427953
9.76	0.5061980707
9.77	0.4862987785
9.78	0.4661631079
9.79	0.4458092951
9.8	0.4252556082
9.81	0.4045203322
9.82	0.3836217536
9.83	0.3625781461
9.84	0.3414077553
9.85	0.3201287847
9.86	0.2987593806
9.87	0.2773176183
9.88	0.255821488
9.89	0.2342888805
9.9	0.2127375736
9.91	0.1911852189
9.92	0.169649328
9.93	0.1481472597
9.94	0.1266962068
9.95	0.1053131841
9.96	0.08401501511
9.97	0.06281832067
9.98	0.04173950667
9.99	0.02079475256
10	8.074867874e-16
10.01	-0.0206290582
10.02	-0.04107698884
10.03	-0.06132862878
10.04	-0.08136909513
10.05	-0.1011837951
10.06	-0.1207584354
10.07	-0.1400790319
10.08	-0.1591319179
10.09	-0.177903753
10.1	-0.1963815317
10.11	-0.2145525906
10.12	-0.2324046164
10.13	-0.2499256531
10.14	-0.2671041086
10.15	-0.2839287615
10.16	-0.3003887672
10.17	-0.3164736635
10.18	-0.3321733764
10.19	-0.3474782247
10.2	-0.3623789253
10.21	-0.3768665971
10.22	-0.3909327654
10.23	-0.4045693652
10.24	-0.4177687446
10.25	-0.4305236678
10.26	-0.4428273176
10.27	-0.4546732977
10.28	-0.4660556344
10.29	-0.4769687779
10.3	-0.4874076041
10.31	-0.4973674147
10.32	-0.5068439378
10.33	-0.5158333282
10.34	-0.5243321667
10.35	-0.5323374601
10.36	-0.5398466395
10.37	-0.5468575597
10.38	-0.553368497
10.39	-0.5593781476
10.4	-0.5648856252
10.41	-0.5698904583
10.42	-0.5743925876
10.43	-0.5783923622
10.44	-0.5818905366
10.45	-0.5848882668
10.46	-0.5873871056
10.47	-0.5893889989
10.48	-0.5908962807
10.49	-0.591911668
10.5	-0.5924382554
10.51	-0.5924795103
10.52	-0.5920392663
10.53	-0.5911217175
10.54	-0.5897314123
10.55	-0.5878732468
10.56	-0.585552458
10.57	-0.5827746168
10.58	-0.5795456212
10.59	-0.5758716883
10.6	-0.5717593471
10.61	-0.5672154307
10.62	-0.562247068
10.63	-0.5568616762
10.64	-0.5510669517
10.65	-0.5448708622
10.66	-0.5382816379
10.67	-0.5313077626
10.68	-0.5239579649
10.69	-0.5162412092
10.7	-0.5081666865
10.71	-0.4997438049
10.72	-0.4909821809
10.73	-0.481891629
10.74	-0.4724821528
10.75	-0.4627639354
10.76	-0.4527473293
10.77	-0.4424428468
10.78	-0.4318611503
10.79	-0.4210130423
10.8	-0.4099094559
10.81	-0.3985614441
10.82	-0.3869801706
10.83	-0.3751768997
10.84	-0.3631629859
10.85	-0.3509498645
10.86	-0.3385490416
10.87	-0.3259720837
10.88	-0.3132306085
10.89	-0.3003362745
10.9	-0.2873007717
10.91	-0.2741358115
10.92	-0.2608531169
10.93	-0.2474644133
10.94	-0.233981419
10.95	-0.220415835
10.96	-0.2067793364
10.97	-0.1930835631
10.98	-0.1793401099
10.99	-0.1655605183
11	-0.151756267
11.01	-0.1379387635
11.02	-0.1241193348
11.03	-0.1103092194
11.04	-0.09651955891
11.05	-0.08276138917
11.06	-0.06904563272
11.07	-0.05538309057
11.08	-0.04178443447
11.09	-0.02826019924
11.1	-0.01482077532
11.11	-0.001476401481
11.12	0.01176284228
11.13	0.02488704166
11.14	0.0378864548
11.15	0.0507515188
11.16	0.06347285605
11.17	0.07604128041
11.18	0.08844780312
11.19	0.1006836385
11.2	0.1127402095
11.21	0.1246091531
11.22	0.1362823252
11.23	0.1477518054
11.24	0.1590099023
11.25	0.170049157
11.26	0.180862348
11.27	0.191442495
11.28	0.2017828622
11.29	0.2118769627
11.3	0.221718561
11.31	0.2313016763
11.32	0.2406205856
11.33	0.2496698259
11.34	0.2584441969
11.35	0.2669387626
11.36	0.2751488541
11.37	0.2830700703
11.38	0.2906982799
11.39	0.2980296227
11.4	0.3050605099
11.41	0.3117876258
11.42	0.3182079274
11.43	0.3243186454
11.44	0.3301172839
11.45	0.3356016203
11.46	0.340769705
11.47	0.3456198607
11.48	0.3501506819
11.49	0.3543610333
11.5	0.3582500491
11.51	0.3618171315
11.52	0.3650619486
11.53	0.367984433
11.54	0.3705847798
11.55	0.3728634439
11.56	0.3748211379
11.57	0.3764588295
11.58	0.3777777384
11.59	0.3787793336
11.6	0.37946533
11.61	0.3798376854
11.62	0.3798985963
11.63	0.3796504949
11.64	0.379096045
11.65	0.3782381378
11.66	0.3770798881
11.67	0.3756246296
11.68	0.3738759109
11.69	0.3718374903
11.7	0.3695133318
11.71	0.3669075996
11.72	0.3640246536
11.73	0.3608690439
11.74	0.3574455059
11.75	0.3537589549
11.76	0.3498144804
11.77	0.3456173411
11.78	0.3411729589
11.79	0.3364869132
11.8	0.3315649353
11.81	0.3264129024
11.82	0.3210368317
11.83	0.3154428745
11.84	0.3096373099
11.85	0.3036265388
11.86	0.297417078
11.87	0.2910155534
11.88	0.2844286944
11.89	0.277663327
11.9	0.270726368
11.91	0.2636248183
11.92	0.2563657569
11.93	0.2489563341
11.94	0.2414037653
11.95	0.2337153249
11.96	0.2258983394
11.97	0.2179601817
11.98	0.2099082639
11.99	0.2017500317
12	0.1934929578
12.01	0.1851445356
12.02	0.176712273
12.03	0.1682036861
12.04	0.1596262931
12.05	0.1509876083
12.06	0.1422951357
12.07	0.1335563634
12.08	0.1247787573
12.09	0.1159697553
12.1	0.1071367618
12.11	0.09828714134
12.12	0.08942821351
12.13	0.08056724706
12.14	0.0717114545
12.15	0.06286798664
12.16	0.05404392733
12.17	0.0452462882
12.18	0.03648200355
12.19	0.02775792535
12.2	0.01908081831
12.21	0.0104573551
12.22	0.001894111647
12.23	-0.006602437414
12.24	-0.01502592321
12.25	-0.02337008696
12.26	-0.03162878416
12.27	-0.03979598868
12.28	-0.04786579672
12.29	-0.0558324306
12.3	-0.06369024249
12.31	-0.07143371793
12.32	-0.07905747926
12.33	-0.08655628887
12.34	-0.09392505241
12.35	-0.1011588217
12.36	-0.1082527976
12.37	-0.1152023328
12.38	-0.1220029342
12.39	-0.1286502657
12.4	-0.13514015
12.41	-0.141468571
12.42	-0.1476316758
12.43	-0.1536257763
12.44	-0.1594473513
12.45	-0.1650930476
12.46	-0.1705596815
12.47	-0.1758442402
12.48	-0.1809438828
12.49	-0.1858559411
12.5	-0.1905779206
12.51	-0.1951075009
12.52	-0.1994425366
12.53	-0.2035810571
12.54	-0.2075212673
12.55	-0.2112615474
12.56	-0.2148004529
12.57	-0.2181367142
12.58	-0.2212692366
12.59	-0.2241970995
12.6	-0.2269195558
12.61	-0.2294360313
12.62	-0.2317461234
12.63	-0.2338496006
12.64	-0.2357464009
12.65	-0.2374366307
12.66	-0.2389205633
12.67	-0.2401986373
12.68	-0.241271455
12.69	-0.2421397807
12.7	-0.2428045387
12.71	-0.2432668109
12.72	-0.2435278356
12.73	-0.2435890042
12.74	-0.2434518596
12.75	-0.2431180932
12.76	-0.2425895429
12.77	-0.24186819
12.78	-0.2409561565
12.79	-0.2398557025
12.8	-0.2385692232
12.81	-0.2370992454
12.82	-0.2354484252
12.83	-0.2336195442
12.84	-0.2316155065
12.85	-0.2294393354
12.86	-0.2270941697
12.87	-0.2245832605
12.88	-0.2219099677
12.89	-0.2190777563
12.9	-0.2160901926
12.91	-0.2129509408
12.92	-0.2096637591
12.93	-0.2062324958
12.94	-0.2026610855
12.95	-0.1989535454
12.96	-0.1951139712
12.97	-0.1911465333
12.98	-0.1870554724
12.99	-0.1828450962
13	-0.1785197747
13.01	-0.1740839365
13.02	-0.1695420647
13.03	-0.1648986927
13.04	-0.1601584005
13.05	-0.1553258099
13.06	-0.150405581
13.07	-0.1454024082
13.08	-0.1403210154
13.09	-0.1351661528
13.1	-0.129942592
13.11	-0.1246551229
13.12	-0.1193085486
13.13	-0.1139076822
13.14	-0.1084573426
13.15	-0.1029623503
13.16	-0.09742752384
13.17	-0.09185767554
13.18	-0.08625760792
13.19	-0.08063210976
13.2	-0.07498595231
13.21	-0.0693238856
13.22	-0.06365063474
13.23	-0.05797089625
13.24	-0.05228933452
13.25	-0.04661057823
13.26	-0.04093921693
13.27	-0.03527979755
13.28	-0.02963682115
13.29	-0.02401473951
13.3	-0.01841795202
13.31	-0.01285080245
13.32	-0.007317575871
13.33	-0.001822495698
13.34	0.003630279312
13.35	0.009036657889
13.36	0.01439261904
13.37	0.01969421477
13.38	0.02493757267
13.39	0.03011889851
13.4	0.03523447865
13.41	0.04028068244
13.42	0.04525396452
13.43	0.05015086697
13.44	0.05496802148
13.45	0.05970215132
13.46	0.06435007333
13.47	0.06890869969
13.48	0.07337503973
13.49	0.07774620155
13.5	0.08201939357
13.51	0.08619192605
13.52	0.09026121241
13.53	0.09422477055
13.54	0.09808022398
13.55	0.101825303
13.56	0.1054578455
13.57	0.1089757982
13.58	0.112377217
13.59	0.1156602682
13.6	0.1188232286
13.61	0.1218644864
13.62	0.1247825414
13.63	0.1275760055
13.64	0.1302436028
13.65	0.1327841697
13.66	0.1351966552
13.67	0.1374801206
13.68	0.1396337395
13.69	0.1416567975
13.7	0.1435486918
13.71	0.1453089312
13.72	0.1469371352
13.73	0.1484330336
13.74	0.1497964655
13.75	0.1510273794
13.76	0.1521258315
13.77	0.1530919851
13.78	0.1539261097
13.79	0.15462858
13.8	0.1551998745
13.81	0.1556405745
13.82	0.1559513625
13.83	0.1561330215
13.84	0.1561864327
13.85	0.1561125747
13.86	0.1559125216
13.87	0.1555874413
13.88	0.155138594
13.89	0.1545673306
13.9	0.1538750904
13.91	0.1530633994
13.92	0.1521338687
13.93	0.1510881922
13.94	0.1499281445
13.95	0.148655579
13.96	0.1472724259
13.97	0.1457806895
13.98	0.1441824466
13.99	0.1424798438
14	0.1406750954
14.01	0.1387704809
14.02	0.1367683429
14.03	0.1346710845
14.04	0.1324811668
14.05	0.1302011067
14.06	0.1278334742
14.07	0.1253808897
14.08	0.1228460221
14.09	0.1202315857
14.1	0.1175403377
14.11	0.1147750757
14.12	0.1119386354
14.13	0.1090338874
14.14	0.106063735
14.15	0.1030311115
14.16	0.09993897756
14.17	0.09679031862
14.18	0.09358814217
14.19	0.09033547523
14.2	0.08703536169
14.21	0.08369085974
14.22	0.08030503923
14.23	0.07688097912
14.24	0.07342176488
14.25	0.06993048596
14.26	0.06641023323
14.27	0.06286409645
14.28	0.05929516179
14.29	0.05570650934
14.3	0.05210121067
14.31	0.04848232639
14.32	0.04485290374
14.33	0.04121597428
14.34	0.03757455145
14.35	0.03393162839
14.36	0.03029017556
14.37	0.02665313859
14.38	0.02302343604
14.39	0.01940395725
14.4	0.01579756024
14.41	0.01220706964
14.42	0.008635274656
14.43	0.005084927075
14.44	0.001558739344
14.45	-0.00194061732
14.46	-0.00541051478
14.47	-0.008848369761
14.48	-0.0122516456
14.49	-0.01561785392
14.5	-0.01894455628
14.51	-0.02222936576
14.52	-0.02546994846
14.53	-0.02866402503
14.54	-0.03180937202
14.55	-0.03490382328
14.56	-0.03794527125
14.57	-0.04093166823
14.58	-0.04386102752
14.59	-0.04673142458
14.6	-0.0495409981
14.61	-0.05228795098
14.62	-0.05497055131
14.63	-0.05758713323
14.64	-0.06013609778
14.65	-0.06261591366
14.66	-0.06502511791
14.67	-0.06736231658
14.68	-0.06962618532
14.69	-0.07181546987
14.7	-0.07392898654
14.71	-0.0759656226
14.72	-0.07792433663
14.73	-0.07980415879
14.74	-0.08160419105
14.75	-0.0833236073
14.76	-0.08496165353
14.77	-0.08651764778
14.78	-0.08799098019
14.79	-0.08938111287
14.8	-0.0906875798
14.81	-0.09190998661
14.82	-0.09304801035
14.83	-0.09410139917
14.84	-0.09506997196
14.85	-0.09595361793
14.86	-0.09675229614
14.87	-0.09746603502
14.88	-0.09809493169
14.89	-0.09863915146
14.9	-0.09909892705
14.91	-0.09947455793
14.92	-0.09976640951
14.93	-0.09997491233
14.94	-0.1001005612
14.95	-0.1001439142
14.96	-0.100105592
14.97	-0.09998627635
14.98	-0.09978670962
14.99	-0.09950769331
15	-0.09915008707
15.01	-0.09871480753
15.02	-0.09820282712
15.03	-0.09761517277
15.04	-0.09695292473
15.05	-0.09621721518
15.06	-0.09540922697
15.07	-0.09453019222
15.08	-0.09358139091
15.09	-0.09256414951
15.1	-0.09147983947
15.11	-0.09032987582
15.12	-0.0891157156
15.13	-0.0878388564
15.14	-0.08650083477
15.15	-0.08510322471
15.16	-0.08364763608
15.17	-0.08213571297
15.18	-0.08056913215
15.19	-0.07894960138
15.2	-0.07727885786
15.21	-0.07555866651
15.22	-0.07379081836
15.23	-0.07197712885
15.24	-0.07011943622
15.25	-0.06821959976
15.26	-0.06627949819
15.27	-0.06430102798
15.28	-0.0622861016
15.29	-0.06023664594
15.3	-0.05815460055
15.31	-0.05604191599
15.32	-0.05390055218
15.33	-0.05173247671
15.34	-0.04953966316
15.35	-0.0473240895
15.36	-0.04508773642
15.37	-0.04283258571
15.38	-0.04056061862
15.39	-0.03827381427
15.4	-0.03597414807
15.41	-0.03366359013
15.42	-0.03134410371
15.43	-0.02901764368
15.44	-0.026686155
15.45	-0.02435157119
15.46	-0.02201581291
15.47	-0.01968078646
15.48	-0.01734838235
15.49	-0.01502047389
15.5	-0.01269891584
15.51	-0.01038554299
15.52	-0.008082168882
15.53	-0.005790584488
15.54	-0.003512556928
15.55	-0.001249828234
15.56	0.0009958858683
15.57	0.00322289714
15.58	0.005429545987
15.59	0.007614202571
15.6	0.009775267906
15.61	0.0119111749
15.62	0.01402038939
15.63	0.01610141111
15.64	0.01815277463
15.65	0.0201730503
15.66	0.02216084512
15.67	0.02411480353
15.68	0.02603360829
15.69	0.02791598118
15.7	0.02976068377
15.71	0.03156651808
15.72	0.03333232724
15.73	0.0350569961
15.74	0.03673945183
15.75	0.03837866442
15.76	0.03997364716
15.77	0.04152345716
15.78	0.0430271957
15.79	0.04448400867
15.8	0.04589308684
15.81	0.04725366622
15.82	0.04856502828
15.83	0.0498265002
15.84	0.05103745502
15.85	0.05219731181
15.86	0.05330553578
15.87	0.05436163832
15.88	0.05536517704
15.89	0.05631575578
15.9	0.05721302453
15.91	0.05805667936
15.92	0.05884646233
15.93	0.05958216128
15.94	0.06026360968
15.95	0.06089068637
15.96	0.06146331533
15.97	0.06198146535
15.98	0.06244514971
15.99	0.06285442584
16	0.06320939487
16.01	0.06351020126
16.02	0.06375703227
16.03	0.06395011754
16.04	0.06408972849
16.05	0.06417617784
16.06	0.06420981897
16.07	0.06419104535
16.08	0.06412028987
16.09	0.06399802418
16.1	0.06382475801
16.11	0.06360103847
16.12	0.06332744924
16.13	0.0630046099
16.14	0.06263317506
16.15	0.06221383358
16.16	0.06174730774
16.17	0.0612343524
16.18	0.0606757541
16.19	0.06007233017
16.2	0.05942492785
16.21	0.05873442335
16.22	0.05800172087
16.23	0.0572277517
16.24	0.05641347324
16.25	0.05555986795
16.26	0.05466794245
16.27	0.05373872642
16.28	0.05277327165
16.29	0.05177265097
16.3	0.05073795721
16.31	0.04967030218
16.32	0.04857081558
16.33	0.04744064399
16.34	0.04628094974
16.35	0.04509290991
16.36	0.04387771518
16.37	0.04263656884
16.38	0.04137068563
16.39	0.04008129072
16.4	0.03876961861
16.41	0.03743691207
16.42	0.03608442101
16.43	0.03471340148
16.44	0.03332511458
16.45	0.03192082534
16.46	0.03050180175
16.47	0.02906931365
16.48	0.02762463168
16.49	0.02616902627
16.5	0.02470376661
16.51	0.0232301196
16.52	0.02174934886
16.53	0.02026271374
16.54	0.0187714683
16.55	0.01727686037
16.56	0.01578013055
16.57	0.01428251129
16.58	0.01278522593
16.59	0.01128948781
16.6	0.009796499326
16.61	0.008307451076
16.62	0.006823520962
16.63	0.005345873346
16.64	0.003875658209
16.65	0.002414010334
16.66	0.0009620485045
16.67	-0.0004791252776
16.68	-0.001908426552
16.69	-0.003324789143
16.7	-0.004727165876
16.71	-0.00611452928
16.72	-0.007485872263
16.73	-0.00884020877
16.74	-0.01017657441
16.75	-0.01149402708
16.76	-0.01279164753
16.77	-0.01406853996
16.78	-0.01532383252
16.79	-0.01655667786
16.8	-0.01776625361
16.81	-0.01895176286
16.82	-0.02011243458
16.83	-0.02124752407
16.84	-0.02235631332
16.85	-0.02343811142
16.86	-0.02449225487
16.87	-0.02551810793
16.88	-0.02651506289
16.89	-0.02748254036
16.9	-0.0284199895
16.91	-0.02932688825
16.92	-0.03020274351
16.93	-0.03104709134
16.94	-0.03185949707
16.95	-0.03263955544
16.96	-0.03338689068
16.97	-0.03410115661
16.98	-0.03478203665
16.99	-0.03542924384
17	-0.0360425209
17.01	-0.03662164011
17.02	-0.03716640333
17.03	-0.03767664189
17.04	-0.0381522165
17.05	-0.03859301715
17.06	-0.03899896293
17.07	-0.03937000187
17.08	-0.03970611081
17.09	-0.04000729508
17.1	-0.04027358838
17.11	-0.04050505246
17.12	-0.04070177685
17.13	-0.04086387861
17.14	-0.04099150195
17.15	-0.04108481797
17.16	-0.04114402423
17.17	-0.04116934445
17.18	-0.04116102807
17.19	-0.04111934987
17.2	-0.04104460951
17.21	-0.04093713114
17.22	-0.04079726292
17.23	-0.0406253765
17.24	-0.04042186662
17.25	-0.04018715052
17.26	-0.03992166748
17.27	-0.03962587826
17.28	-0.03930026456
17.29	-0.03894532847
17.3	-0.03856159188
17.31	-0.03814959592
17.32	-0.03770990036
17.33	-0.037243083
17.34	-0.03674973907
17.35	-0.0362304806
17.36	-0.03568593576
17.37	-0.0351167483
17.38	-0.03452357682
17.39	-0.03390709416
17.4	-0.03326798673
17.41	-0.03260695384
17.42	-0.03192470704
17.43	-0.03122196944
17.44	-0.03049947502
17.45	-0.02975796797
17.46	-0.02899820199
17.47	-0.02822093958
17.48	-0.0274269514
17.49	-0.02661701554
17.5	-0.02579191686
17.51	-0.02495244625
17.52	-0.02409939999
17.53	-0.02323357904
17.54	-0.02235578834
17.55	-0.02146683615
17.56	-0.02056753336
17.57	-0.01965869278
17.58	-0.01874112851
17.59	-0.01781565525
17.6	-0.01688308761
17.61	-0.0159442395
17.62	-0.01499992342
17.63	-0.01405094984
17.64	-0.01309812657
17.65	-0.0121422581
17.66	-0.01118414499
17.67	-0.01022458323
17.68	-0.009264363643
17.69	-0.008304271308
17.7	-0.007345084924
17.71	-0.006387576258
17.72	-0.005432509562
17.73	-0.004480641017
17.74	-0.003532718179
17.75	-0.002589479446
17.76	-0.001651653527
17.77	-0.0007199589273
17.78	0.0002048965504
17.79	0.001122216298
17.8	0.002031315379
17.81	0.00293152099
17.82	0.00382217291
17.83	0.00470262394
17.84	0.00557224032
17.85	0.006430402141
17.86	0.007276503735
17.87	0.008109954055
17.88	0.008930177037
17.89	0.009736611951
17.9	0.01052871373
17.91	0.0113059533
17.92	0.01206781785
17.93	0.01281381117
17.94	0.01354345387
17.95	0.01425628368
17.96	0.01495185564
17.97	0.01562974239
17.98	0.01628953429
17.99	0.01693083971
18	0.01755328511
18.01	0.01815651527
18.02	0.01874019339
18.03	0.01930400125
18.04	0.01984763929
18.05	0.02037082672
18.06	0.02087330159
18.07	0.02135482087
18.08	0.02181516048
18.09	0.02225411532
18.1	0.02267149931
18.11	0.02306714535
18.12	0.02344090533
18.13	0.0237926501
18.14	0.02412226943
18.15	0.02442967191
18.16	0.02471478492
18.17	0.02497755451
18.18	0.02521794532
18.19	0.02543594044
18.2	0.02563154126
18.21	0.02580476739
18.22	0.02595565642
18.23	0.02608426379
18.24	0.0261906626
18.25	0.0262749434
18.26	0.02633721399
18.27	0.02637759916
18.28	0.02639624051
18.29	0.02639329615
18.3	0.02636894048
18.31	0.02632336387
18.32	0.02625677243
18.33	0.0261693877
18.34	0.02606144632
18.35	0.02593319975
18.36	0.02578491394
18.37	0.02561686898
18.38	0.02542935881
18.39	0.02522269079
18.4	0.02499718543
18.41	0.02475317596
18.42	0.02449100798
18.43	0.02421103911
18.44	0.02391363854
18.45	0.02359918672
18.46	0.02326807487
18.47	0.02292070466
18.48	0.02255748774
18.49	0.02217884535
18.5	0.02178520792
18.51	0.02137701462
18.52	0.02095471292
18.53	0.02051875822
18.54	0.02006961334
18.55	0.01960774816
18.56	0.01913363913
18.57	0.01864776885
18.58	0.01815062561
18.59	0.01764270299
18.6	0.01712449937
18.61	0.01659651754
18.62	0.01605926418
18.63	0.0155132495
18.64	0.01495898674
18.65	0.01439699175
18.66	0.01382778257
18.67	0.01325187893
18.68	0.01266980191
18.69	0.0120820734
18.7	0.01148921575
18.71	0.0108917513
18.72	0.01029020199
18.73	0.009685088901
18.74	0.009076931853
18.75	0.008466249006
18.76	0.00785355644
18.77	0.007239367754
18.78	0.00662419367
18.79	0.006008541641
18.8	0.005392915465
18.81	0.004777814904
18.82	0.004163735311
18.83	0.003551167264
18.84	0.002940596202
18.85	0.002332502078
18.86	0.001727359005
18.87	0.001125634923
18.88	0.0005277912695
18.89	-6.571735028e-05
18.9	-0.0006544434718
18.91	-0.001237947081
18.92	-0.001815795909
18.93	-0.002387565727
18.94	-0.002952840622
18.95	-0.003511213268
18.96	-0.004062285194
18.97	-0.004605667028
18.98	-0.005140978751
18.99	-0.005667849923
19	-0.006185919912
19.01	-0.006694838105
19.02	-0.007194264118
19.03	-0.007683867987
19.04	-0.008163330353
19.05	-0.008632342638
19.06	-0.009090607213
19.07	-0.009537837544
19.08	-0.009973758344
19.09	-0.01039810571
19.1	-0.01081062722
19.11	-0.0112110821
19.12	-0.01159924126
19.13	-0.01197488745
19.14	-0.0123378153
19.15	-0.01268783141
19.16	-0.01302475439
19.17	-0.01334841495
19.18	-0.01365865591
19.19	-0.01395533224
19.2	-0.01423831109
19.21	-0.01450747179
19.22	-0.01476270584
19.23	-0.01500391694
19.24	-0.01523102092
19.25	-0.01544394575
19.26	-0.01564263148
19.27	-0.01582703023
19.28	-0.01599710608
19.29	-0.01615283502
19.3	-0.0162942049
19.31	-0.01642121532
19.32	-0.01653387756
19.33	-0.01663221444
19.34	-0.01671626026
19.35	-0.01678606061
19.36	-0.01684167233
19.37	-0.01688316332
19.38	-0.01691061238
19.39	-0.01692410911
19.4	-0.01692375373
19.41	-0.01690965689
19.42	-0.01688193955
19.43	-0.01684073274
19.44	-0.0167861774
19.45	-0.01671842422
19.46	-0.01663763337
19.47	-0.01654397435
19.48	-0.01643762576
19.49	-0.01631877509
19.5	-0.01618761846
19.51	-0.01604436045
19.52	-0.01588921384
19.53	-0.01572239934
19.54	-0.01554414541
19.55	-0.01535468796
19.56	-0.01515427012
19.57	-0.014943142
19.58	-0.0147215604
19.59	-0.01448978856
19.6	-0.01424809591
19.61	-0.01399675778
19.62	-0.01373605516
19.63	-0.01346627438
19.64	-0.01318770687
19.65	-0.01290064889
19.66	-0.01260540121
19.67	-0.01230226886
19.68	-0.01199156087
19.69	-0.01167358991
19.7	-0.01134867211
19.71	-0.01101712669
19.72	-0.01067927571
19.73	-0.0103354438
19.74	-0.009985957857
19.75	-0.009631146751
19.76	-0.00927134107
19.77	-0.00890687282
19.78	-0.008538075147
19.79	-0.008165282062
19.8	-0.007788828156
19.81	-0.007409048328
19.82	-0.007026277509
19.83	-0.006640850393
19.84	-0.006253101161
19.85	-0.005863363218
19.86	-0.005471968929
19.87	-0.005079249355
19.88	-0.004685533995
19.89	-0.004291150531
19.9	-0.003896424577
19.91	-0.003501679431
19.92	-0.00310723583
19.93	-0.002713411711
19.94	-0.002320521973
19.95	-0.00192887825
19.96	-0.001538788678
19.97	-0.001150557677
19.98	-0.0007644857315
19.99	-0.0003808691787
20	-2.957927281e-17
20.01	0.0003778343806
20.02	0.0007523512942
20.03	0.001123273018
20.04	0.001490326963
20.05	0.001853245852
20.06	0.002211767896
20.07	0.002565636964
20.08	0.002914602743
20.09	0.003258420897
20.1	0.003596853219
20.11	0.003929667772
20.12	0.00425663903
20.13	0.004577548011
20.14	0.004892182398
20.15	0.005200336666
20.16	0.005501812186
20.17	0.005796417339
20.18	0.00608396761
20.19	0.006364285685
20.2	0.006637201536
20.21	0.006902552502
20.22	0.007160183362
20.23	0.007409946399
20.24	0.007651701465
20.25	0.007885316033
20.26	0.00811066524
20.27	0.008327631934
20.28	0.008536106701
20.29	0.008735987898
20.3	0.008927181669
20.31	0.009109601963
20.32	0.009283170538
20.33	0.009447816965
20.34	0.009603478623
20.35	0.009750100685
20.36	0.009887636104
20.37	0.01001604559
20.38	0.01013529756
20.39	0.01024536815
20.4	0.01034624112
20.41	0.01043790784
20.42	0.01052036721
20.43	0.01059362564
20.44	0.01065769694
20.45	0.01071260228
20.46	0.01075837011
20.47	0.01079503607
20.48	0.0108226429
20.49	0.01084124036
20.5	0.01085088515
20.51	0.01085164076
20.52	0.01084357741
20.53	0.01082677192
20.54	0.01080130759
20.55	0.0107672741
20.56	0.01072476737
20.57	0.01067388944
20.58	0.01061474832
20.59	0.01054745789
20.6	0.01047213773
20.61	0.010388913
20.62	0.01029791426
20.63	0.01019927737
20.64	0.01009314329
20.65	0.009979657953
20.66	0.0098589721
20.67	0.009731241119
20.68	0.009596624878
20.69	0.009455287567
20.7	0.009307397525
20.71	0.009153127068
20.72	0.008992652326
20.73	0.00882615306
20.74	0.008653812493
20.75	0.008475817132
20.76	0.008292356591
20.77	0.00810362341
20.78	0.007909812878
20.79	0.007711122851
20.8	0.007507753571
20.81	0.007299907485
20.82	0.007087789063
20.83	0.006871604614
20.84	0.006651562107
20.85	0.006427870987
20.86	0.006200741992
20.87	0.005970386973
20.88	0.005737018714
20.89	0.00550085075
20.9	0.005262097188
20.91	0.005020972529
20.92	0.004777691491
20.93	0.004532468833
20.94	0.004285519176
20.95	0.004037056838
20.96	0.003787295656
20.97	0.003536448817
20.98	0.003284728691
20.99	0.003032346667
21	0.002779512986
21.01	0.00252643658
21.02	0.002273324914
21.03	0.002020383829
21.04	0.001767817387
21.05	0.001515827718
21.06	0.001264614876
21.07	0.001014376687
21.08	0.0007653086129
21.09	0.0005176036042
21.1	0.0002714519688
21.11	2.704123637e-05
21.12	-0.0002154439715
21.13	-0.0004558220681
21.14	-0.0006939146249
21.15	-0.0009295464913
21.16	-0.001162545911
21.17	-0.001392744633
21.18	-0.001619978022
21.19	-0.001844085165
21.2	-0.002064908966
21.21	-0.002282296251
21.22	-0.002496097855
21.23	-0.002706168714
21.24	-0.00291236795
21.25	-0.003114558953
21.26	-0.003312609455
21.27	-0.003506391606
21.28	-0.003695782038
21.29	-0.003880661938
21.3	-0.004060917098
21.31	-0.004236437978
21.32	-0.004407119755
21.33	-0.004572862373
21.34	-0.004733570582
21.35	-0.004889153982
21.36	-0.005039527052
21.37	-0.005184609187
21.38	-0.005324324721
21.39	-0.005458602947
21.4	-0.005587378139
21.41	-0.005710589564
21.42	-0.00582818149
21.43	-0.005940103194
21.44	-0.006046308963
21.45	-0.006146758088
21.46	-0.006241414861
21.47	-0.006330248562
21.48	-0.006413233446
21.49	-0.006490348722
21.5	-0.006561578532
21.51	-0.006626911924
21.52	-0.006686342822
21.53	-0.006739869992
21.54	-0.006787497004
21.55	-0.006829232193
21.56	-0.00686508861
21.57	-0.006895083977
21.58	-0.006919240636
21.59	-0.006937585492
21.6	-0.006950149956
21.61	-0.006956969881
21.62	-0.006958085503
21.63	-0.006953541368
21.64	-0.006943386264
21.65	-0.006927673146
21.66	-0.006906459062
21.67	-0.006879805074
21.68	-0.006847776172
21.69	-0.006810441198
21.7	-0.00676787275
21.71	-0.0067201471
21.72	-0.006667344102
21.73	-0.006609547094
21.74	-0.006546842809
21.75	-0.006479321271
21.76	-0.006407075701
21.77	-0.006330202413
21.78	-0.006248800713
21.79	-0.006162972793
21.8	-0.006072823623
21.81	-0.005978460849
21.82	-0.00587999468
21.83	-0.005777537779
21.84	-0.005671205154
21.85	-0.005561114042
21.86	-0.005447383799
21.87	-0.005330135787
21.88	-0.005209493255
21.89	-0.005085581229
21.9	-0.004958526394
21.91	-0.004828456975
21.92	-0.004695502627
21.93	-0.004559794314
21.94	-0.004421464191
21.95	-0.004280645493
21.96	-0.004137472411
21.97	-0.003992079979
21.98	-0.003844603961
21.99	-0.003695180726
22	-0.003543947143
22.01	-0.003391040457
22.02	-0.00323659818
22.03	-0.003080757975
22.04	-0.002923657542
22.05	-0.00276543451
22.06	-0.002606226322
22.07	-0.002446170124
22.08	-0.002285402659
22.09	-0.002124060161
22.1	-0.001962278241
22.11	-0.001800191788
22.12	-0.001637934865
22.13	-0.001475640603
22.14	-0.001313441105
22.15	-0.001151467341
22.16	-0.0009898490571
22.17	-0.0008287146757
22.18	-0.0006681912029
22.19	-0.0005084041369
22.2	-0.0003494773778
22.21	-0.0001915331397
22.22	-3.469186494e-05
22.23	0.0001209278595
22.24	0.0002752093835
22.25	0.0004280380736
22.26	0.0005793013892
22.27	0.0007288889579
22.28	0.0008766926478
22.29	0.001022606637
22.3	0.001166527482
22.31	0.001308354182
22.32	0.001447988242
22.33	0.001585333731
22.34	0.001720297342
22.35	0.001852788448
22.36	0.001982719149
22.37	0.002110004326
22.38	0.002234561687
22.39	0.00235631181
22.4	0.002475178186
22.41	0.00259108726
22.42	0.002703968462
22.43	0.002813754243
22.44	0.002920380109
22.45	0.003023784643
22.46	0.003123909535
22.47	0.003220699605
22.48	0.003314102817
22.49	0.003404070303
22.5	0.003490556373
22.51	0.003573518531
22.52	0.003652917479
22.53	0.003728717127
22.54	0.003800884594
22.55	0.003869390214
22.56	0.003934207528
22.57	0.003995313286
22.58	0.004052687436
22.59	0.004106313115
22.6	0.004156176642
22.61	0.004202267497
22.62	0.00424457831
22.63	0.004283104839
22.64	0.004317845949
22.65	0.004348803588
22.66	0.004375982761
22.67	0.004399391502
22.68	0.004419040844
22.69	0.004434944785
22.7	0.004447120251
22.71	0.004455587063
22.72	0.004460367896
22.73	0.004461488239
22.74	0.004458976347
22.75	0.004452863203
22.76	0.004443182466
22.77	0.004429970426
22.78	0.004413265951
22.79	0.004393110433
22.8	0.004369547741
22.81	0.004342624159
22.82	0.004312388333
22.83	0.004278891209
22.84	0.004242185979
22.85	0.004202328014
22.86	0.004159374805
22.87	0.004113385899
22.88	0.004064422834
22.89	0.004012549073
22.9	0.003957829935
22.91	0.003900332533
22.92	0.0038401257
22.93	0.003777279919
22.94	0.003711867258
22.95	0.003643961293
22.96	0.003573637039
22.97	0.003500970878
22.98	0.003426040485
22.99	0.003348924755
23	0.003269703728
23.01	0.003188458517
23.02	0.003105271233
23.03	0.003020224909
23.04	0.002933403428
23.05	0.002844891443
23.06	0.002754774309
23.07	0.002663138002
23.08	0.002570069047
23.09	0.002475654444
23.1	0.002379981592
23.11	0.002283138216
23.12	0.002185212292
23.13	0.002086291974
23.14	0.001986465522
23.15	0.001885821228
23.16	0.001784447344
23.17	0.001682432014
23.18	0.001579863198
23.19	0.001476828605
23.2	0.001373415624
23.21	0.001269711255
23.22	0.001165802041
23.23	0.001061774002
23.24	0.0009577125688
23.25	0.0008537025193
23.26	0.0007498279136
23.27	0.0006461720321
23.28	0.0005428173139
23.29	0.0004398452969
23.3	0.0003373365583
23.31	0.000235370657
23.32	0.0001340260772
23.33	3.338017307e-05
23.34	-6.649088495e-05
23.35	-0.0001655121627
23.36	-0.000263610013
23.37	-0.0003607121259
23.38	-0.0004567475758
23.39	-0.0005516468688
23.4	-0.0006453419873
23.41	-0.0007377664338
23.42	-0.0008288552724
23.43	-0.0009185451694
23.44	-0.001006774432
23.45	-0.001093483045
23.46	-0.001178612706
23.47	-0.00126210686
23.48	-0.001343910731
23.49	-0.001423971352
23.5	-0.001502237595
23.51	-0.001578660193
23.52	-0.001653191772
23.53	-0.001725786872
23.54	-0.001796401964
23.55	-0.001864995479
23.56	-0.001931527816
23.57	-0.001995961367
23.58	-0.002058260526
23.59	-0.002118391706
23.6	-0.002176323346
23.61	-0.002232025926
23.62	-0.002285471968
23.63	-0.002336636047
23.64	-0.002385494796
23.65	-0.002432026902
23.66	-0.002476213116
23.67	-0.002518036244
23.68	-0.002557481149
23.69	-0.002594534748
23.7	-0.002629186002
23.71	-0.002661425912
23.72	-0.002691247508
23.73	-0.002718645842
23.74	-0.00274361797
23.75	-0.002766162944
23.76	-0.002786281795
23.77	-0.002803977515
23.78	-0.002819255041
23.79	-0.002832121233
23.8	-0.002842584857
23.81	-0.002850656558
23.82	-0.00285634884
23.83	-0.00285967604
23.84	-0.002860654301
23.85	-0.002859301544
23.86	-0.002855637443
23.87	-0.00284968339
23.88	-0.002841462466
23.89	-0.002830999412
23.9	-0.002818320589
23.91	-0.00280345395
23.92	-0.002786429002
23.93	-0.002767276768
23.94	-0.002746029754
23.95	-0.002722721905
23.96	-0.002697388571
23.97	-0.002670066467
23.98	-0.002640793627
23.99	-0.002609609368
24	-0.002576554247
24.01	-0.002541670016
24.02	-0.00250499958
24.03	-0.002466586952
24.04	-0.002426477211
24.05	-0.002384716454
24.06	-0.00234135175
24.07	-0.0022964311
24.08	-0.00225000338
24.09	-0.002202118307
24.1	-0.00215282638
24.11	-0.002102178841
24.12	-0.002050227624
24.13	-0.001997025308
24.14	-0.001942625069
24.15	-0.001887080632
24.16	-0.001830446224
24.17	-0.001772776524
24.18	-0.001714126616
24.19	-0.001654551943
24.2	-0.001594108255
24.21	-0.001532851565
24.22	-0.001470838099
24.23	-0.001408124251
24.24	-0.001344766532
24.25	-0.001280821528
24.26	-0.00121634585
24.27	-0.00115139609
24.28	-0.001086028771
24.29	-0.001020300309
24.3	-0.0009542669603
24.31	-0.0008879847826
24.32	-0.0008215095881
24.33	-0.0007548969013
24.34	-0.0006882019158
24.35	-0.0006214794525
24.36	-0.0005547839175
24.37	-0.0004881692617
24.38	-0.0004216889404
24.39	-0.0003553958739
24.4	-0.0002893424086
24.41	-0.0002235802794
24.42	-0.0001581605723
24.43	-9.313368807e-05
24.44	-2.854930695e-05
24.45	3.554364606e-05
24.46	9.909703491e-05
24.47	0.0001620635453
24.48	0.0002243967166
24.49	0.0002860509726
24.5	0.0003469816517
24.51	0.0004071450359
24.52	0.0004664983786
24.53	0.0005249999316
24.54	0.0005826089712
24.55	0.000639285823
24.56	0.0006949918858
24.57	0.0007496896544
24.58	0.0008033427414
24.59	0.0008559158974
24.6	0.0009073750314
24.61	0.0009576872284
24.62	0.001006820767
24.63	0.001054745137
24.64	0.001101431051
24.65	0.001146850463
24.66	0.001190976578
24.67	0.001233783865
24.68	0.001275248068
24.69	0.001315346213
24.7	0.001354056621
24.71	0.001391358911
24.72	0.00142723401
24.73	0.001461664154
24.74	0.001494632895
24.75	0.001526125102
24.76	0.001556126965
24.77	0.001584625994
24.78	0.001611611019
24.79	0.001637072187
24.8	0.001661000963
24.81	0.001683390125
24.82	0.001704233757
24.83	0.001723527246
24.84	0.001741267276
24.85	0.001757451816
24.86	0.001772080118
24.87	0.001785152701
24.88	0.001796671346
24.89	0.001806639078
24.9	0.001815060162
24.91	0.001821940082
24.92	0.00182728553
24.93	0.001831104392
24.94	0.001833405731
24.95	0.00183419977
24.96	0.001833497873
24.97	0.001831312531
24.98	0.001827657339
24.99	0.001822546977
25	0.00181599719
25.01	0.001808024768
25.02	0.001798647519
25.03	0.001787884255
25.04	0.001775754758
25.05	0.001762279768
25.06	0.001747480948
25.07	0.001731380865
25.08	0.001714002963
25.09	0.001695371536
25.1	0.001675511705
25.11	0.001654449386
25.12	0.001632211266
25.13	0.001608824774
25.14	0.001584318053
25.15	0.001558719932
25.16	0.001532059896
25.17	0.001504368059
25.18	0.00147567513
25.19	0.001446012389
25.2	0.001415411654
25.21	0.001383905251
25.22	0.001351525982
25.23	0.0013183071
25.24	0.001284282273
25.25	0.001249485554
25.26	0.001213951355
25.27	0.001177714409
25.28	0.001140809745
25.29	0.001103272655
25.3	0.001065138663
25.31	0.001026443496
25.32	0.0009872230497
25.33	0.0009475133622
25.34	0.000907350581
25.35	0.000866770934
25.36	0.0008258106987
25.37	0.0007845061726
25.38	0.0007428936437
25.39	0.000701009361
25.4	0.0006588895053
25.41	0.0006165701605
25.42	0.0005740872849
25.43	0.0005314766831
25.44	0.0004887739782
25.45	0.0004460145843
25.46	0.0004032336792
25.47	0.0003604661779
25.48	0.0003177467064
25.49	0.0002751095757
25.5	0.0002325887567
25.51	0.000190217855
25.52	0.0001480300867
25.53	0.0001060582544
25.54	6.433472426e-05
25.55	2.28914026e-05
25.56	-1.824028594e-05
25.57	-5.90294202e-05
25.58	-9.944560362e-05
25.59	-0.0001394589847
25.6	-0.000179040277
25.61	-0.0002181607783
25.62	-0.0002567923892
25.63	-0.0002949076314
25.64	-0.0003324796649
25.65	-0.0003694823046
25.66	-0.0004058900366
25.67	-0.0004416780334
25.68	-0.0004768221684
25.69	-0.0005112990306
25.7	-0.0005450859371
25.71	-0.0005781609461
25.72	-0.000610502869
25.73	-0.0006420912812
25.74	-0.0006729065328
25.75	-0.0007029297585
25.76	-0.0007321428864
25.77	-0.0007605286467
25.78	-0.0007880705789
25.79	-0.0008147530391
25.8	-0.0008405612061
25.81	-0.0008654810867
25.82	-0.0008894995207
25.83	-0.0009126041847
25.84	-0.0009347835959
25.85	-0.0009560271141
25.86	-0.0009763249442
25.87	-0.0009956681369
25.88	-0.00101404859
25.89	-0.001031459047
25.9	-0.001047893097
25.91	-0.001063345174
25.92	-0.001077810554
25.93	-0.00109128535
25.94	-0.001103766513
25.95	-0.001115251823
25.96	-0.001125739888
25.97	-0.001135230137
25.98	-0.001143722812
25.99	-0.001151218966
26	-0.001157720451
26.01	-0.001163229912
26.02	-0.00116775078
26.03	-0.00117128726
26.04	-0.001173844323
26.05	-0.001175427699
26.06	-0.001176043857
26.07	-0.001175700007
26.08	-0.001174404075
26.09	-0.0011721647
26.1	-0.00116899122
26.11	-0.001164893653
26.12	-0.001159882692
26.13	-0.001153969683
26.14	-0.001147166617
26.15	-0.00113948611
26.16	-0.001130941391
26.17	-0.001121546286
26.18	-0.001111315201
26.19	-0.001100263107
26.2	-0.00108840552
26.21	-0.001075758488
26.22	-0.001062338574
26.23	-0.001048162835
26.24	-0.001033248804
26.25	-0.001017614478
26.26	-0.001001278293
26.27	-0.0009842591075
26.28	-0.0009665761866
26.29	-0.0009482491795
26.3	-0.0009292981022
26.31	-0.0009097433182
26.32	-0.0008896055188
26.33	-0.000868905704
26.34	-0.0008476651629
26.35	-0.0008259054543
26.36	-0.0008036483865
26.37	-0.0007809159983
26.38	-0.0007577305385
26.39	-0.000734114447
26.4	-0.0007100903344
26.41	-0.0006856809625
26.42	-0.0006609092247
26.43	-0.0006357981262
26.44	-0.0006103707645
26.45	-0.00058465031
26.46	-0.0005586599864
26.47	-0.0005324230515
26.48	-0.0005059627782
26.49	-0.0004793024352
26.5	-0.0004524652684
26.51	-0.0004254744819
26.52	-0.0003983532198
26.53	-0.0003711245478
26.54	-0.0003438114349
26.55	-0.0003164367357
26.56	-0.0002890231727
26.57	-0.0002615933191
26.58	-0.0002341695812
26.59	-0.0002067741819
26.6	-0.000179429144
26.61	-0.000152156274
26.62	-0.0001249771459
26.63	-9.791308574e-05
26.64	-7.098515621e-05
26.65	-4.421414155e-05
26.66	-1.7620533e-05
26.67	8.775485568e-06
26.68	3.495405158e-05
26.69	6.089563733e-05
26.7	8.658106315e-05
26.71	0.0001119915103
26.72	0.0001371085331
26.73	0.0001619140715
26.74	0.000186390462
26.75	0.0002105204494
26.76	0.000234287197
26.77	0.0002576742976
26.78	0.0002806657828
26.79	0.0003032461328
26.8	0.0003254002856
26.81	0.0003471136449
26.82	0.000368372089
26.83	0.0003891619781
26.84	0.0004094701617
26.85	0.000429283985
26.86	0.0004485912958
26.87	0.0004673804499
26.88	0.000485640317
26.89	0.000503360285
26.9	0.0005205302649
26.91	0.0005371406949
26.92	0.0005531825436
26.93	0.0005686473136
26.94	0.0005835270435
26.95	0.0005978143109
26.96	0.0006115022334
26.97	0.0006245844702
26.98	0.000637055223
26.99	0.0006489092364
27	0.0006601417975
27.01	0.0006707487358
27.02	0.0006807264222
27.03	0.0006900717674
27.04	0.0006987822203
27.05	0.0007068557658
27.06	0.000714290922
27.07	0.0007210867374
27.08	0.0007272427872
27.09	0.0007327591696
27.1	0.0007376365015
27.11	0.000741875914
27.12	0.0007454790469
27.13	0.0007484480441
27.14	0.0007507855473
27.15	0.0007524946897
27.16	0.0007535790903
27.17	0.0007540428463
27.18	0.0007538905265
27.19	0.0007531271635
27.2	0.0007517582461
27.21	0.0007497897112
27.22	0.0007472279352
27.23	0.0007440797257
27.24	0.0007403523121
27.25	0.0007360533368
27.26	0.0007311908453
27.27	0.0007257732768
27.28	0.0007198094539
27.29	0.0007133085726
27.3	0.0007062801918
27.31	0.0006987342226
27.32	0.0006906809175
27.33	0.0006821308594
27.34	0.0006730949501
27.35	0.0006635843994
27.36	0.0006536107129
27.37	0.0006431856809
27.38	0.0006323213663
27.39	0.0006210300925
27.4	0.0006093244315
27.41	0.0005972171918
27.42	0.0005847214058
27.43	0.0005718503177
27.44	0.0005586173708
27.45	0.0005450361955
27.46	0.000531120596
27.47	0.0005168845384
27.48	0.0005023421377
27.49	0.000487507645
27.5	0.0004723954354
27.51	0.0004570199949
27.52	0.0004413959076
27.53	0.0004255378437
27.54	0.0004094605463
27.55	0.0003931788191
27.56	0.0003767075138
27.57	0.000360061518
27.58	0.0003432557422
27.59	0.0003263051081
27.6	0.0003092245361
27.61	0.000292028933
27.62	0.0002747331806
27.63	0.0002573521233
27.64	0.0002399005564
27.65	0.0002223932147
27.66	0.0002048447609
27.67	0.0001872697741
27.68	0.000169682739
27.69	0.0001520980345
27.7	0.0001345299231
27.71	0.0001169925401
27.72	9.94998834e-05
27.73	8.206580285e-05
27.74	6.470399047e-05
27.75	4.742797045e-05
27.76	3.025108957e-05
27.77	1.318650773e-05
27.78	-3.752811227e-06
27.79	-2.055410848e-05
27.8	-3.720483896e-05
27.81	-5.369267984e-05
27.82	-7.000553879e-05
27.83	-8.613156191e-05
27.84	-0.0001020591415
27.85	-0.0001177769235
27.86	-0.0001332738148
27.87	-0.0001485389899
27.88	-0.0001635618978
27.89	-0.0001783322685
27.9	-0.0001928401187
27.91	-0.0002070757578
27.92	-0.0002210297939
27.93	-0.0002346931381
27.94	-0.0002480570104
27.95	-0.0002611129437
27.96	-0.0002738527887
27.97	-0.0002862687175
27.98	-0.0002983532278
27.99	-0.0003100991462
28	-0.0003214996314
28.01	-0.0003325481771
28.02	-0.0003432386149
28.03	-0.000353565116
28.04	-0.000363522194
28.05	-0.000373104706
28.06	-0.0003823078543
28.07	-0.0003911271875
28.08	-0.0003995586016
28.09	-0.00040759834
28.1	-0.0004152429944
28.11	-0.0004224895043
28.12	-0.0004293351572
28.13	-0.0004357775875
28.14	-0.0004418147761
28.15	-0.0004474450489
28.16	-0.0004526670758
28.17	-0.0004574798688
28.18	-0.00046188278
28.19	-0.0004658754998
28.2	-0.0004694580539
28.21	-0.0004726308011
28.22	-0.00047539443
28.23	-0.0004777499562
28.24	-0.0004796987184
28.25	-0.0004812423752
28.26	-0.0004823829007
28.27	-0.000483122581
28.28	-0.0004834640092
28.29	-0.0004834100814
28.3	-0.0004829639916
28.31	-0.0004821292269
28.32	-0.0004809095623
28.33	-0.000479309055
28.34	-0.0004773320397
28.35	-0.0004749831218
28.36	-0.0004722671724
28.37	-0.0004691893218
28.38	-0.0004657549531
28.39	-0.0004619696964
28.4	-0.0004578394216
28.41	-0.0004533702321
28.42	-0.0004485684582
28.43	-0.0004434406494
28.44	-0.0004379935681
28.45	-0.000432234182
28.46	-0.000426169657
28.47	-0.0004198073496
28.48	-0.0004131547996
28.49	-0.0004062197225
28.5	-0.0003990100014
28.51	-0.0003915336802
28.52	-0.0003837989549
28.53	-0.0003758141659
28.54	-0.0003675877906
28.55	-0.0003591284348
28.56	-0.000350444825
28.57	-0.0003415458003
28.58	-0.0003324403042
28.59	-0.0003231373769
28.6	-0.0003136461467
28.61	-0.000303975822
28.62	-0.0002941356836
28.63	-0.0002841350758
28.64	-0.0002739833992
28.65	-0.000263690102
28.66	-0.0002532646721
28.67	-0.0002427166291
28.68	-0.0002320555165
28.69	-0.0002212908934
28.7	-0.0002104323267
28.71	-0.0001994893837
28.72	-0.0001884716238
28.73	-0.0001773885909
28.74	-0.000166249806
28.75	-0.0001550647595
28.76	-0.0001438429037
28.77	-0.0001325936456
28.78	-0.0001213263392
28.79	-0.0001100502789
28.8	-9.877469222e-05
28.81	-8.750873246e-05
28.82	-7.626147239e-05
28.83	-6.504189724e-05
28.84	-5.385889816e-05
28.85	-4.272126576e-05
28.86	-3.163768376e-05
28.87	-2.061672278e-05
28.88	-9.666834301e-06
28.89	1.203655256e-06
28.9	1.19865503e-05
28.91	2.267379169e-05
28.92	3.325746217e-05
28.93	4.372979169e-05
28.94	5.408316253e-05
28.95	6.431011429e-05
28.96	7.440334867e-05
28.97	8.435573413e-05
28.98	9.416031034e-05
28.99	0.0001038102925
29	0.0001132990753
29.01	0.0001226202372
29.02	0.0001317675437
29.03	0.0001407349513
29.04	0.0001495166109
29.05	0.0001581068705
29.06	0.000166500279
29.07	0.0001746915882
29.08	0.0001826757562
29.09	0.0001904479492
29.1	0.0001980035443
29.11	0.0002053381312
29.12	0.0002124475143
29.13	0.0002193277143
29.14	0.0002259749698
29.15	0.0002323857383
29.16	0.000238556698
29.17	0.0002444847479
29.18	0.0002501670093
29.19	0.0002556008259
29.2	0.0002607837644
29.21	0.0002657136145
29.22	0.0002703883893
29.23	0.0002748063246
29.24	0.000278965879
29.25	0.0002828657333
29.26	0.0002865047895
29.27	0.0002898821704
29.28	0.0002929972182
29.29	0.0002958494932
29.3	0.0002984387728
29.31	0.0003007650499
29.32	0.0003028285308
29.33	0.0003046296337
29.34	0.0003061689864
29.35	0.0003074474245
29.36	0.0003084659888
29.37	0.0003092259226
29.38	0.0003097286697
29.39	0.000309975871
29.4	0.0003099693619
29.41	0.0003097111694
29.42	0.0003092035085
29.43	0.0003084487794
29.44	0.0003074495637
29.45	0.0003062086208
29.46	0.0003047288848
29.47	0.00030301346
29.48	0.0003010656177
29.49	0.0002988887916
29.5	0.0002964865742
29.51	0.0002938627123
29.52	0.0002910211029
29.53	0.0002879657888
29.54	0.0002847009542
29.55	0.0002812309199
29.56	0.0002775601392
29.57	0.0002736931928
29.58	0.0002696347841
29.59	0.0002653897348
29.6	0.0002609629795
29.61	0.0002563595612
29.62	0.0002515846261
29.63	0.0002466434187
29.64	0.0002415412769
29.65	0.0002362836265
29.66	0.0002308759766
29.67	0.000225323914
29.68	0.0002196330985
29.69	0.0002138092574
29.7	0.0002078581803
29.71	0.000201785714
29.72	0.0001955977575
29.73	0.0001893002565
29.74	0.0001828991981
29.75	0.000176400606
29.76	0.0001698105351
29.77	0.0001631350662
29.78	0.0001563803012
29.79	0.0001495523577
29.8	0.0001426573639
29.81	0.0001357014537
29.82	0.0001286907616
29.83	0.0001216314177
29.84	0.0001145295428
29.85	0.0001073912434
29.86	0.0001002226069
29.87	9.302969702e-05
29.88	8.581854865e-05
29.89	7.859516354e-05
29.9	7.13655055e-05
29.91	6.413549596e-05
29.92	5.69110094e-05
29.93	4.969786905e-05
29.94	4.25018425e-05
29.95	3.532863749e-05
29.96	2.818389775e-05
29.97	2.107319893e-05
29.98	1.400204459e-05
29.99	6.97586234e-06
30	1.68579001e-18
