temps	angle
0	0
0.01	1.094987845
0.02	2.180156976
0.03	3.254501682
0.04	4.317035074
0.05	5.366789928
0.06	6.40281949
0.07	7.424198258
0.08	8.430022742
0.09	9.419412184
0.1	10.39150926
0.11	11.34548077
0.12	12.28051822
0.13	13.19583849
0.14	14.09068442
0.15	14.96432529
0.16	15.81605742
0.17	16.6452046
0.18	17.45111856
0.19	18.23317944
0.2	18.99079611
0.21	19.72340658
0.22	20.43047831
0.23	21.11150852
0.24	21.76602446
0.25	22.3935836
0.26	22.99377388
0.27	23.56621388
0.28	24.1105529
0.29	24.62647114
0.3	25.11367971
0.31	25.57192071
0.32	26.00096724
0.33	26.40062336
0.34	26.77072403
0.35	27.11113509
0.36	27.42175306
0.37	27.70250508
0.38	27.95334868
0.39	28.17427161
0.4	28.36529162
0.41	28.52645615
0.42	28.65784213
0.43	28.75955559
0.44	28.83173136
0.45	28.87453272
0.46	28.88815095
0.47	28.872805
0.48	28.82874099
0.49	28.75623174
0.5	28.65557636
0.51	28.52709964
0.52	28.37115161
0.53	28.18810693
0.54	27.97836434
0.55	27.74234609
0.56	27.4804973
0.57	27.19328534
0.58	26.8811992
0.59	26.5447488
0.6	26.18446436
0.61	25.80089567
0.62	25.3946114
0.63	24.96619838
0.64	24.51626085
0.65	24.04541977
0.66	23.554312
0.67	23.04358959
0.68	22.51391897
0.69	21.96598021
0.7	21.40046618
0.71	20.81808181
0.72	20.21954325
0.73	19.60557708
0.74	18.97691952
0.75	18.33431556
0.76	17.67851822
0.77	17.01028769
0.78	16.33039052
0.79	15.63959878
0.8	14.93868932
0.81	14.22844287
0.82	13.50964328
0.83	12.78307669
0.84	12.04953074
0.85	11.30979376
0.86	10.56465399
0.87	9.814898774
0.88	9.061313811
0.89	8.30468235
0.9	7.545784447
0.91	6.785396205
0.92	6.024289034
0.93	5.263228913
0.94	4.502975672
0.95	3.74428228
0.96	2.987894149
0.97	2.234548448
0.98	1.484973433
0.99	0.7398877914
1	2.873168546e-15
1.01	-0.7339923025
1.02	-1.461402925
1.03	-2.181557717
1.04	-2.89379515
1.05	-3.597466872
1.06	-4.291938255
1.07	-4.976588918
1.08	-5.650813232
1.09	-6.314020809
1.1	-6.965636969
1.11	-7.60510319
1.12	-8.231877536
1.13	-8.845435067
1.14	-9.445268229
1.15	-10.03088722
1.16	-10.60182034
1.17	-11.15761431
1.18	-11.6978346
1.19	-12.22206568
1.2	-12.72991132
1.21	-13.2209948
1.22	-13.69495916
1.23	-14.15146737
1.24	-14.59020252
1.25	-15.01086799
1.26	-15.41318757
1.27	-15.79690557
1.28	-16.16178693
1.29	-16.50761727
1.3	-16.83420294
1.31	-17.14137107
1.32	-17.42896956
1.33	-17.69686706
1.34	-17.94495297
1.35	-18.17313732
1.36	-18.38135077
1.37	-18.56954448
1.38	-18.73768997
1.39	-18.88577904
1.4	-19.01382358
1.41	-19.1218554
1.42	-19.20992606
1.43	-19.27810663
1.44	-19.3264875
1.45	-19.3551781
1.46	-19.36430668
1.47	-19.35401998
1.48	-19.32448299
1.49	-19.27587859
1.5	-19.20840726
1.51	-19.12228674
1.52	-19.01775165
1.53	-18.89505313
1.54	-18.75445847
1.55	-18.59625071
1.56	-18.42072822
1.57	-18.22820428
1.58	-18.01900668
1.59	-17.79347724
1.6	-17.55197136
1.61	-17.29485758
1.62	-17.02251708
1.63	-16.73534325
1.64	-16.4337411
1.65	-16.11812689
1.66	-15.78892751
1.67	-15.44658003
1.68	-15.0915312
1.69	-14.72423686
1.7	-14.34516148
1.71	-13.95477756
1.72	-13.55356516
1.73	-13.14201133
1.74	-12.72060956
1.75	-12.28985925
1.76	-11.85026515
1.77	-11.40233683
1.78	-10.94658812
1.79	-10.48353658
1.8	-10.01370292
1.81	-9.537610483
1.82	-9.055784707
1.83	-8.568752556
1.84	-8.077042
1.85	-7.581181473
1.86	-7.081699347
1.87	-6.579123398
1.88	-6.073980291
1.89	-5.566795055
1.9	-5.058090578
1.91	-4.548387096
1.92	-4.038201702
1.93	-3.528047847
1.94	-3.01843486
1.95	-2.50986747
1.96	-2.002845343
1.97	-1.497862618
1.98	-0.9954074598
1.99	-0.4959616184
2	-3.851884944e-15
2.01	0.492009754
2.02	0.9796076758
2.03	1.462341869
2.04	1.939768898
2.05	2.411454159
2.06	2.876972249
2.07	3.335907313
2.08	3.787853386
2.09	4.232414719
2.1	4.669206094
2.11	5.09785312
2.12	5.517992529
2.13	5.929272441
2.14	6.331352634
2.15	6.723904783
2.16	7.106612697
2.17	7.479172538
2.18	7.841293027
2.19	8.192695631
2.2	8.533114744
2.21	8.862297846
2.22	9.180005655
2.23	9.486012256
2.24	9.780105222
2.25	10.06208572
2.26	10.3317686
2.27	10.58898247
2.28	10.83356976
2.29	11.06538677
2.3	11.28430369
2.31	11.49020464
2.32	11.68298768
2.33	11.86256474
2.34	12.0288617
2.35	12.18181824
2.36	12.3213879
2.37	12.44753791
2.38	12.56024921
2.39	12.65951628
2.4	12.7453471
2.41	12.81776299
2.42	12.87679852
2.43	12.92250132
2.44	12.95493199
2.45	12.97416388
2.46	12.98028294
2.47	12.97338756
2.48	12.95358832
2.49	12.92100782
2.5	12.87578044
2.51	12.81805213
2.52	12.74798016
2.53	12.66573289
2.54	12.57148947
2.55	12.46543963
2.56	12.34778339
2.57	12.21873073
2.58	12.07850139
2.59	11.92732448
2.6	11.76543825
2.61	11.59308973
2.62	11.41053444
2.63	11.21803606
2.64	11.01586609
2.65	10.80430356
2.66	10.58363461
2.67	10.35415224
2.68	10.11615589
2.69	9.869951133
2.7	9.615849301
2.71	9.354167135
2.72	9.085226424
2.73	8.809353643
2.74	8.526879589
2.75	8.238139019
2.76	7.943470281
2.77	7.643214949
2.78	7.337717454
2.79	7.027324721
2.8	6.712385799
2.81	6.393251498
2.82	6.070274022
2.83	5.743806608
2.84	5.414203165
2.85	5.081817914
2.86	4.747005032
2.87	4.410118299
2.88	4.071510748
2.89	3.731534318
2.9	3.390539509
2.91	3.048875048
2.92	2.706887551
2.93	2.364921195
2.94	2.023317394
2.95	1.682414478
2.96	1.342547383
2.97	1.004047339
2.98	0.6672415743
2.99	0.3324530149
3	3.872993539e-15
3.01	-0.329804001
3.02	-0.6566506623
3.03	-0.9802370692
3.04	-1.300265977
3.05	-1.616446063
3.06	-1.92849217
3.07	-2.236125543
3.08	-2.539074056
3.09	-2.83707243
3.1	-3.129862444
3.11	-3.417193138
3.12	-3.698821006
3.13	-3.974510176
3.14	-4.244032589
3.15	-4.507168164
3.16	-4.76370495
3.17	-5.01343928
3.18	-5.256175903
3.19	-5.491728112
3.2	-5.719917868
3.21	-5.9405759
3.22	-6.153541813
3.23	-6.358664172
3.24	-6.555800583
3.25	-6.744817763
3.26	-6.925591603
3.27	-7.098007216
3.28	-7.26195898
3.29	-7.417350567
3.3	-7.564094968
3.31	-7.702114506
3.32	-7.831340838
3.33	-7.951714946
3.34	-8.063187127
3.35	-8.165716966
3.36	-8.259273302
3.37	-8.343834185
3.38	-8.419386825
3.39	-8.485927534
3.4	-8.543461654
3.41	-8.59200348
3.42	-8.631576176
3.43	-8.662211681
3.44	-8.683950606
3.45	-8.696842126
3.46	-8.70094386
3.47	-8.696321749
3.48	-8.683049922
3.49	-8.661210558
3.5	-8.630893738
3.51	-8.592197294
3.52	-8.54522665
3.53	-8.490094651
3.54	-8.426921399
3.55	-8.355834069
3.56	-8.276966728
3.57	-8.190460148
3.58	-8.096461607
3.59	-7.995124695
3.6	-7.886609108
3.61	-7.771080439
3.62	-7.648709968
3.63	-7.519674445
3.64	-7.384155867
3.65	-7.242341258
3.66	-7.09442244
3.67	-6.940595806
3.68	-6.781062082
3.69	-6.616026098
3.7	-6.445696546
3.71	-6.270285745
3.72	-6.090009395
3.73	-5.905086339
3.74	-5.715738319
3.75	-5.522189726
3.76	-5.324667364
3.77	-5.123400196
3.78	-4.918619101
3.79	-4.71055663
3.8	-4.499446758
3.81	-4.285524638
3.82	-4.069026362
3.83	-3.85018871
3.84	-3.629248915
3.85	-3.406444418
3.86	-3.182012632
3.87	-2.956190701
3.88	-2.729215272
3.89	-2.501322256
3.9	-2.2727466
3.91	-2.043722062
3.92	-1.814480988
3.93	-1.585254084
3.94	-1.356270209
3.95	-1.12775615
3.96	-0.8999364234
3.97	-0.6730330586
3.98	-0.4472654028
3.99	-0.2228499202
4	-3.461526943e-15
4.01	0.2210742331
4.02	0.4401661022
4.03	0.6570725573
4.04	0.8715943495
4.05	1.083536199
4.06	1.29270696
4.07	1.498919777
4.08	1.701992238
4.09	1.901746522
4.1	2.098009537
4.11	2.290613062
4.12	2.479393867
4.13	2.664193844
4.14	2.844860121
4.15	3.021245171
4.16	3.193206921
4.17	3.360608849
4.18	3.523320073
4.19	3.681215441
4.2	3.834175608
4.21	3.982087111
4.22	4.124842432
4.23	4.262340061
4.24	4.394484548
4.25	4.521186553
4.26	4.642362882
4.27	4.757936524
4.28	4.867836678
4.29	4.971998773
4.3	5.070364487
4.31	5.16288175
4.32	5.249504751
4.33	5.330193928
4.34	5.404915966
4.35	5.473643773
4.36	5.53635646
4.37	5.593039315
4.38	5.643683764
4.39	5.688287336
4.4	5.726853609
4.41	5.759392168
4.42	5.78591854
4.43	5.806454133
4.44	5.82102617
4.45	5.829667614
4.46	5.832417089
4.47	5.829318795
4.48	5.820422423
4.49	5.80578306
4.5	5.785461088
4.51	5.759522086
4.52	5.728036721
4.53	5.691080637
4.54	5.64873434
4.55	5.601083078
4.56	5.548216718
4.57	5.490229623
4.58	5.427220517
4.59	5.359292353
4.6	5.28655218
4.61	5.209110997
4.62	5.127083618
4.63	5.04058852
4.64	4.949747701
4.65	4.854686525
4.66	4.755533577
4.67	4.6524205
4.68	4.545481847
4.69	4.434854919
4.7	4.320679606
4.71	4.203098229
4.72	4.082255378
4.73	3.958297747
4.74	3.831373973
4.75	3.701634472
4.76	3.569231273
4.77	3.434317855
4.78	3.297048982
4.79	3.157580537
4.8	3.016069358
4.81	2.872673073
4.82	2.727549938
4.83	2.580858673
4.84	2.4327583
4.85	2.283407979
4.86	2.132966854
4.87	1.981593887
4.88	1.829447707
4.89	1.676686449
4.9	1.523467605
4.91	1.369947867
4.92	1.216282979
4.93	1.062627591
4.94	0.9091351087
4.95	0.7559575547
4.96	0.6032454248
4.97	0.4511475509
4.98	0.2998109654
4.99	0.1493807688
5	2.900413625e-15
5.01	-0.1481904901
5.02	-0.2950521619
5.03	-0.4404489069
5.04	-0.5842471645
5.05	-0.726316035
5.06	-0.8665273892
5.07	-1.004755974
5.08	-1.140879515
5.09	-1.274778816
5.1	-1.40633785
5.11	-1.535443853
5.12	-1.661987411
5.13	-1.78586254
5.14	-1.906966767
5.15	-2.025201202
5.16	-2.140470611
5.17	-2.252683478
5.18	-2.361752074
5.19	-2.467592504
5.2	-2.57012477
5.21	-2.669272816
5.22	-2.764964569
5.23	-2.857131986
5.24	-2.945711085
5.25	-3.030641979
5.26	-3.111868901
5.27	-3.18934023
5.28	-3.263008506
5.29	-3.332830447
5.3	-3.398766956
5.31	-3.460783133
5.32	-3.518848266
5.33	-3.572935839
5.34	-3.623023519
5.35	-3.669093146
5.36	-3.711130717
5.37	-3.749126371
5.38	-3.783074361
5.39	-3.812973029
5.4	-3.838824775
5.41	-3.860636023
5.42	-3.878417182
5.43	-3.892182602
5.44	-3.90195053
5.45	-3.907743064
5.46	-3.909586091
5.47	-3.907509243
5.48	-3.901545827
5.49	-3.891732768
5.5	-3.878110543
5.51	-3.86072311
5.52	-3.839617839
5.53	-3.814845435
5.54	-3.786459863
5.55	-3.754518266
5.56	-3.719080886
5.57	-3.680210974
5.58	-3.637974707
5.59	-3.592441097
5.6	-3.543681901
5.61	-3.491771524
5.62	-3.436786927
5.63	-3.378807529
5.64	-3.317915107
5.65	-3.254193695
5.66	-3.187729486
5.67	-3.118610724
5.68	-3.046927601
5.69	-2.972772153
5.7	-2.896238152
5.71	-2.817420998
5.72	-2.736417613
5.73	-2.653326328
5.74	-2.568246778
5.75	-2.481279789
5.76	-2.392527271
5.77	-2.302092103
5.78	-2.210078026
5.79	-2.116589531
5.8	-2.021731751
5.81	-1.925610346
5.82	-1.8283314
5.83	-1.730001305
5.84	-1.630726655
5.85	-1.530614142
5.86	-1.42977044
5.87	-1.328302106
5.88	-1.226315471
5.89	-1.123916538
5.9	-1.021210875
5.91	-0.9183035173
5.92	-0.8152988627
5.93	-0.7123005756
5.94	-0.6094114879
5.95	-0.5067335029
5.96	-0.4043675009
5.97	-0.3024132471
5.98	-0.2009693001
5.99	-0.1001329238
6	-2.333046474e-15
6.01	0.09933505615
6.02	0.1977793787
6.03	0.2952417315
6.04	0.3916325862
6.05	0.486864198
6.06	0.5808506794
6.07	0.6735080708
6.08	0.7647544093
6.09	0.8545097945
6.1	0.9426964521
6.11	1.029238794
6.12	1.114063478
6.13	1.19709946
6.14	1.278278051
6.15	1.357532963
6.16	1.434800358
6.17	1.510018893
6.18	1.583129759
6.19	1.654076721
6.2	1.722806154
6.21	1.789267077
6.22	1.853411177
6.23	1.915192844
6.24	1.97456919
6.25	2.031500071
6.26	2.085948105
6.27	2.13787869
6.28	2.187260012
6.29	2.234063058
6.3	2.278261623
6.31	2.319832309
6.32	2.358754532
6.33	2.395010516
6.34	2.428585292
6.35	2.459466686
6.36	2.487645313
6.37	2.513114562
6.38	2.53587058
6.39	2.555912256
6.4	2.5732412
6.41	2.587861717
6.42	2.599780784
6.43	2.609008021
6.44	2.615555659
6.45	2.61943851
6.46	2.620673929
6.47	2.619281776
6.48	2.615284378
6.49	2.608706488
6.5	2.599575238
6.51	2.587920093
6.52	2.573772806
6.53	2.557167367
6.54	2.53813995
6.55	2.516728857
6.56	2.492974471
6.57	2.466919189
6.58	2.438607373
6.59	2.408085282
6.6	2.375401015
6.61	2.340604448
6.62	2.303747171
6.63	2.264882418
6.64	2.224065007
6.65	2.181351268
6.66	2.136798976
6.67	2.090467284
6.68	2.04241665
6.69	1.992708767
6.7	1.941406491
6.71	1.888573773
6.72	1.83427558
6.73	1.778577826
6.74	1.721547298
6.75	1.663251583
6.76	1.603758991
6.77	1.543138484
6.78	1.481459604
6.79	1.418792392
6.8	1.35520732
6.81	1.290775216
6.82	1.225567188
6.83	1.159654554
6.84	1.093108767
6.85	1.026001342
6.86	0.9584037869
6.87	0.8903875286
6.88	0.822023843
6.89	0.7533837855
6.9	0.684538121
6.91	0.615557256
6.92	0.5465111712
6.93	0.4774693547
6.94	0.4085007366
6.95	0.339673625
6.96	0.2710556418
6.97	0.2027136617
6.98	0.1347137505
6.99	0.0671211061
7	1.824535789e-15
7.01	-0.06658627941
7.02	-0.1325754823
7.03	-0.1979064511
7.04	-0.2625191732
7.05	-0.3263548316
7.06	-0.3893558541
7.07	-0.451465961
7.08	-0.5126302108
7.09	-0.5727950448
7.1	-0.6319083292
7.11	-0.6899193959
7.12	-0.7467790818
7.13	-0.8024397652
7.14	-0.856855402
7.15	-0.9099815582
7.16	-0.9617754422
7.17	-1.012195934
7.18	-1.061203613
7.19	-1.108760784
7.2	-1.154831501
7.21	-1.199381589
7.22	-1.242378665
7.23	-1.283792155
7.24	-1.32359331
7.25	-1.361755221
7.26	-1.39825283
7.27	-1.433062942
7.28	-1.466164232
7.29	-1.497537252
7.3	-1.527164436
7.31	-1.5550301
7.32	-1.581120446
7.33	-1.60542356
7.34	-1.627929405
7.35	-1.648629822
7.36	-1.667518521
7.37	-1.684591069
7.38	-1.699844884
7.39	-1.713279221
7.4	-1.72489516
7.41	-1.734695585
7.42	-1.742685175
7.43	-1.748870377
7.44	-1.75325939
7.45	-1.755862143
7.46	-1.756690269
7.47	-1.75575708
7.48	-1.753077545
7.49	-1.748668253
7.5	-1.742547393
7.51	-1.734734716
7.52	-1.725251506
7.53	-1.714120547
7.54	-1.701366088
7.55	-1.687013803
7.56	-1.671090762
7.57	-1.653625385
7.58	-1.634647406
7.59	-1.614187837
7.6	-1.592278918
7.61	-1.568954082
7.62	-1.54424791
7.63	-1.518196087
7.64	-1.490835358
7.65	-1.462203482
7.66	-1.432339188
7.67	-1.401282126
7.68	-1.369072823
7.69	-1.335752632
7.7	-1.301363689
7.71	-1.265948859
7.72	-1.229551691
7.73	-1.19221637
7.74	-1.153987664
7.75	-1.114910877
7.76	-1.0750318
7.77	-1.03439666
7.78	-0.9930520699
7.79	-0.9510449815
7.8	-0.9084226333
7.81	-0.8652325023
7.82	-0.8215222541
7.83	-0.7773396941
7.84	-0.7327327188
7.85	-0.6877492667
7.86	-0.6424372705
7.87	-0.5968446091
7.88	-0.5510190603
7.89	-0.5050082538
7.9	-0.4588596247
7.91	-0.4126203682
7.92	-0.3663373934
7.93	-0.3200572798
7.94	-0.2738262326
7.95	-0.2276900399
7.96	-0.1816940303
7.97	-0.135883031
7.98	-0.09030132744
7.99	-0.04499262293
8	-1.397740474e-15
8.01	0.04463411788
8.02	0.08886800337
8.03	0.1326606614
8.04	0.1759718643
8.05	0.2187621858
8.06	0.2609930341
8.07	0.3026266838
8.08	0.3436263065
8.09	0.3839560008
8.1	0.4235808203
8.11	0.4624668012
8.12	0.5005809885
8.13	0.5378914604
8.14	0.5743673525
8.15	0.60997888
8.16	0.6446973587
8.17	0.678495225
8.18	0.7113460545
8.19	0.7432245796
8.2	0.7741067047
8.21	0.8039695221
8.22	0.8327913242
8.23	0.8605516167
8.24	0.8872311287
8.25	0.9128118223
8.26	0.9372769012
8.27	0.9606108171
8.28	0.9827992754
8.29	1.00382924
8.3	1.023688935
8.31	1.042367848
8.32	1.05985673
8.33	1.076147594
8.34	1.091233714
8.35	1.105109618
8.36	1.117771092
8.37	1.129215163
8.38	1.139440101
8.39	1.148445406
8.4	1.156231803
8.41	1.162801225
8.42	1.168156807
8.43	1.172302871
8.44	1.175244915
8.45	1.176989592
8.46	1.177544702
8.47	1.176919167
8.48	1.175123021
8.49	1.172167384
8.5	1.168064449
8.51	1.162827454
8.52	1.156470669
8.53	1.149009364
8.54	1.140459794
8.55	1.13083917
8.56	1.120165636
8.57	1.108458244
8.58	1.095736925
8.59	1.082022465
8.6	1.067336477
8.61	1.051701372
8.62	1.03514033
8.63	1.017677271
8.64	0.9993368257
8.65	0.9801443054
8.66	0.9601256704
8.67	0.9393074992
8.68	0.9177169575
8.69	0.8953817659
8.7	0.8723301677
8.71	0.8485908972
8.72	0.8241931463
8.73	0.7991665323
8.74	0.7735410642
8.75	0.7473471107
8.76	0.7206153659
8.77	0.6933768167
8.78	0.6656627092
8.79	0.6375045158
8.8	0.6089339014
8.81	0.5799826907
8.82	0.5506828352
8.83	0.5210663796
8.84	0.4911654298
8.85	0.4610121201
8.86	0.4306385808
8.87	0.4000769059
8.88	0.3693591219
8.89	0.3385171559
8.9	0.3075828048
8.91	0.2765877042
8.92	0.2455632984
8.93	0.2145408105
8.94	0.1835512128
8.95	0.152625198
8.96	0.1217931508
8.97	0.09108511962
8.98	0.06053078997
8.99	0.03015945708
9	1.054050141e-15
9.01	-0.02991914395
9.02	-0.05957000411
9.03	-0.08892510066
9.04	-0.1179574682
9.05	-0.1466406784
9.06	-0.1749488626
9.07	-0.2028567326
9.08	-0.2303396016
9.09	-0.2573734041
9.1	-0.283934715
9.11	-0.3100007675
9.12	-0.3355494712
9.13	-0.3605594285
9.14	-0.3850099502
9.15	-0.4088810709
9.16	-0.4321535631
9.17	-0.4548089504
9.18	-0.47682952
9.19	-0.4981983344
9.2	-0.5188992419
9.21	-0.538916887
9.22	-0.5582367188
9.23	-0.5768449993
9.24	-0.594728811
9.25	-0.6118760628
9.26	-0.6282754956
9.27	-0.6439166871
9.28	-0.6587900555
9.29	-0.6728868622
9.3	-0.686199214
9.31	-0.698720064
9.32	-0.7104432123
9.33	-0.721363305
9.34	-0.7314758332
9.35	-0.7407771303
9.36	-0.7492643696
9.37	-0.7569355598
9.38	-0.7637895408
9.39	-0.7698259777
9.4	-0.7750453553
9.41	-0.7794489703
9.42	-0.7830389243
9.43	-0.7858181147
9.44	-0.7877902255
9.45	-0.7889597178
9.46	-0.7893318187
9.47	-0.7889125102
9.48	-0.7877085172
9.49	-0.7857272948
9.5	-0.782977015
9.51	-0.7794665528
9.52	-0.775205472
9.53	-0.77020401
9.54	-0.7644730618
9.55	-0.7580241647
9.56	-0.750869481
9.57	-0.7430217811
9.58	-0.7344944259
9.59	-0.7253013486
9.6	-0.7154570366
9.61	-0.7049765123
9.62	-0.6938753136
9.63	-0.682169475
9.64	-0.669875507
9.65	-0.6570103759
9.66	-0.6435914836
9.67	-0.6296366461
9.68	-0.6151640732
9.69	-0.6001923465
9.7	-0.5847403982
9.71	-0.5688274893
9.72	-0.5524731878
9.73	-0.5356973467
9.74	-0.5185200818
9.75	-0.5009617497
9.76	-0.4830429253
9.77	-0.4647843797
9.78	-0.4462070579
9.79	-0.4273320564
9.8	-0.4081806008
9.81	-0.388774024
9.82	-0.3691337434
9.83	-0.3492812395
9.84	-0.3292380335
9.85	-0.3090256656
9.86	-0.2886656733
9.87	-0.26817957
9.88	-0.2475888236
9.89	-0.2269148355
9.9	-0.2061789199
9.91	-0.1854022826
9.92	-0.1646060015
9.93	-0.143811006
9.94	-0.1230380574
9.95	-0.1023077298
9.96	-0.08164039042
9.97	-0.06105618158
9.98	-0.04057500192
9.99	-0.02021648866
10	-7.850565989e-16
10.01	0.02005540195
10.02	0.0399309679
10.03	0.05960827757
10.04	0.07906925549
10.05	0.09829618632
10.06	0.1172717296
10.07	0.1359789343
10.08	0.1544012524
10.09	0.1725225521
10.1	0.1903271312
10.11	0.2077997287
10.12	0.224925537
10.13	0.2416902127
10.14	0.2580798875
10.15	0.2740811783
10.16	0.2896811963
10.17	0.3048675566
10.18	0.3196283858
10.19	0.3339523304
10.2	0.3478285638
10.21	0.3612467925
10.22	0.374197263
10.23	0.3866707665
10.24	0.398658644
10.25	0.4101527906
10.26	0.4211456591
10.27	0.4316302633
10.28	0.4416001803
10.29	0.4510495525
10.3	0.4599730887
10.31	0.4683660655
10.32	0.4762243268
10.33	0.4835442838
10.34	0.4903229142
10.35	0.4965577601
10.36	0.5022469267
10.37	0.5073890793
10.38	0.5119834401
10.39	0.5160297848
10.4	0.5195284382
10.41	0.5224802697
10.42	0.5248866878
10.43	0.5267496348
10.44	0.5280715802
10.45	0.5288555143
10.46	0.529104941
10.47	0.5288238702
10.48	0.5280168095
10.49	0.5266887564
10.5	0.5248451887
10.51	0.5224920556
10.52	0.5196357677
10.53	0.5162831874
10.54	0.512441618
10.55	0.508118793
10.56	0.5033228651
10.57	0.4980623945
10.58	0.4923463374
10.59	0.4861840334
10.6	0.4795851937
10.61	0.4725598881
10.62	0.4651185322
10.63	0.4572718739
10.64	0.4490309807
10.65	0.4404072254
10.66	0.4314122729
10.67	0.4220580656
10.68	0.4123568099
10.69	0.4023209613
10.7	0.3919632106
10.71	0.3812964688
10.72	0.3703338527
10.73	0.3590886701
10.74	0.3475744051
10.75	0.3358047031
10.76	0.3237933559
10.77	0.3115542868
10.78	0.2991015356
10.79	0.2864492437
10.8	0.2736116391
10.81	0.2606030216
10.82	0.2474377479
10.83	0.2341302166
10.84	0.2206948538
10.85	0.2071460984
10.86	0.1934983874
10.87	0.1797661417
10.88	0.1659637516
10.89	0.152105563
10.9	0.1382058631
10.91	0.1242788666
10.92	0.1103387025
10.93	0.09639940015
10.94	0.08247487633
10.95	0.06857892214
10.96	0.05472519027
10.97	0.04092718245
10.98	0.02719823715
10.99	0.01355151761
11	2.105488663e-15
11.01	-0.01344353796
11.02	-0.02676652824
11.03	-0.03995662336
11.04	-0.05300170698
11.05	-0.06588990414
11.06	-0.07860959121
11.07	-0.09114940552
11.08	-0.1034982546
11.09	-0.1156453251
11.1	-0.1275800914
11.11	-0.1392923237
11.12	-0.1507720963
11.13	-0.1620097945
11.14	-0.1729961221
11.15	-0.183722108
11.16	-0.1941791129
11.17	-0.2043588346
11.18	-0.2142533143
11.19	-0.2238549415
11.2	-0.2331564589
11.21	-0.2421509666
11.22	-0.2508319266
11.23	-0.259193166
11.24	-0.2672288806
11.25	-0.2749336375
11.26	-0.2823023776
11.27	-0.289330418
11.28	-0.2960134532
11.29	-0.3023475568
11.3	-0.308329182
11.31	-0.3139551626
11.32	-0.3192227126
11.33	-0.3241294266
11.34	-0.3286732784
11.35	-0.3328526206
11.36	-0.336666183
11.37	-0.340113071
11.38	-0.3431927631
11.39	-0.3459051091
11.4	-0.3482503266
11.41	-0.3502289984
11.42	-0.3518420687
11.43	-0.3530908394
11.44	-0.353976966
11.45	-0.3545024527
11.46	-0.3546696484
11.47	-0.354481241
11.48	-0.3539402521
11.49	-0.3530500315
11.5	-0.3518142511
11.51	-0.3502368987
11.52	-0.3483222717
11.53	-0.34607497
11.54	-0.343499889
11.55	-0.3406022127
11.56	-0.3373874061
11.57	-0.3338612072
11.58	-0.3300296195
11.59	-0.3258989036
11.6	-0.3214755691
11.61	-0.316766366
11.62	-0.3117782759
11.63	-0.3065185036
11.64	-0.3009944676
11.65	-0.2952137916
11.66	-0.2891842946
11.67	-0.282913982
11.68	-0.2764110358
11.69	-0.2696838053
11.7	-0.2627407974
11.71	-0.2555906665
11.72	-0.2482422052
11.73	-0.2407043339
11.74	-0.2329860912
11.75	-0.225096624
11.76	-0.2170451772
11.77	-0.2088410839
11.78	-0.2004937551
11.79	-0.1920126702
11.8	-0.1834073665
11.81	-0.1746874295
11.82	-0.1658624825
11.83	-0.1569421775
11.84	-0.1479361846
11.85	-0.1388541822
11.86	-0.1297058479
11.87	-0.1205008484
11.88	-0.1112488296
11.89	-0.101959408
11.9	-0.09264216049
11.91	-0.08330661559
11.92	-0.07396224414
11.93	-0.06461845035
11.94	-0.0552845629
11.95	-0.04596982624
11.96	-0.03668339206
11.97	-0.02743431082
11.98	-0.01823152358
11.99	-0.009083853906
12	-4.23298402e-16
12.01	0.009011472984
12.02	0.01794214044
12.03	0.02678372561
12.04	0.03552810666
12.05	0.04416732357
12.06	0.0526935848
12.07	0.06109927371
12.08	0.06937695478
12.09	0.07751937963
12.1	0.08551949271
12.11	0.09337043686
12.12	0.1010655585
12.13	0.1085984129
12.14	0.1159627685
12.15	0.1231526119
12.16	0.1301621519
12.17	0.1369858234
12.18	0.1436182915
12.19	0.1500544547
12.2	0.1562894482
12.21	0.1623186471
12.22	0.1681376686
12.23	0.173742375
12.24	0.1791288755
12.25	0.1842935285
12.26	0.1892329428
12.27	0.1939439791
12.28	0.1984237516
12.29	0.2026696282
12.3	0.2066792315
12.31	0.210450439
12.32	0.2139813834
12.33	0.2172704522
12.34	0.2203162871
12.35	0.223117784
12.36	0.2256740913
12.37	0.2279846094
12.38	0.2300489888
12.39	0.2318671287
12.4	0.233439175
12.41	0.2347655183
12.42	0.2358467917
12.43	0.2366838678
12.44	0.2372778561
12.45	0.2376301004
12.46	0.2377421751
12.47	0.2376158818
12.48	0.2372532461
12.49	0.2366565133
12.5	0.235828145
12.51	0.2347708141
12.52	0.2334874012
12.53	0.2319809898
12.54	0.2302548614
12.55	0.2283124909
12.56	0.2261575416
12.57	0.2237938598
12.58	0.2212254697
12.59	0.2184565681
12.6	0.2154915183
12.61	0.212334845
12.62	0.2089912283
12.63	0.2054654974
12.64	0.2017626254
12.65	0.1978877224
12.66	0.1938460297
12.67	0.1896429134
12.68	0.1852838582
12.69	0.1807744608
12.7	0.1761204234
12.71	0.1713275474
12.72	0.1664017264
12.73	0.1613489402
12.74	0.1561752474
12.75	0.1508867794
12.76	0.1454897332
12.77	0.1399903649
12.78	0.1343949832
12.79	0.1287099419
12.8	0.1229416344
12.81	0.1170964858
12.82	0.1111809469
12.83	0.1052014877
12.84	0.09916459004
12.85	0.09307674181
12.86	0.08694442997
12.87	0.08077413422
12.88	0.0745723206
12.89	0.06834543506
12.9	0.06209989728
12.91	0.05584209439
12.92	0.0495783749
12.93	0.04331504261
12.94	0.03705835075
12.95	0.03081449604
12.96	0.02458961305
12.97	0.01838976849
12.98	0.01222095573
12.99	0.006089089368
13	-3.78566231e-16
13.01	-0.006040570986
13.02	-0.01202697641
13.03	-0.01795366818
13.04	-0.02381520209
13.05	-0.02960624237
13.06	-0.03532156619
13.07	-0.04095606796
13.08	-0.04650476352
13.09	-0.05196279412
13.1	-0.05732543029
13.11	-0.06258807553
13.12	-0.06774626986
13.13	-0.07279569314
13.14	-0.07773216834
13.15	-0.08255166449
13.16	-0.08725029964
13.17	-0.09182434345
13.18	-0.09627021977
13.19	-0.100584509
13.2	-0.1047639501
13.21	-0.108805443
13.22	-0.1127060497
13.23	-0.1164629968
13.24	-0.1200736761
13.25	-0.1235356465
13.26	-0.1268466349
13.27	-0.130004537
13.28	-0.1330074183
13.29	-0.1358535145
13.3	-0.138541232
13.31	-0.141069148
13.32	-0.1434360108
13.33	-0.1456407395
13.34	-0.1476824237
13.35	-0.1495603232
13.36	-0.1512738673
13.37	-0.1528226539
13.38	-0.1542064488
13.39	-0.1554251844
13.4	-0.1564789585
13.41	-0.1573680331
13.42	-0.1580928323
13.43	-0.1586539411
13.44	-0.1590521034
13.45	-0.1592882199
13.46	-0.1593633457
13.47	-0.1592786888
13.48	-0.1590356068
13.49	-0.1586356049
13.5	-0.158080333
13.51	-0.1573715829
13.52	-0.1565112855
13.53	-0.1555015078
13.54	-0.1543444493
13.55	-0.1530424394
13.56	-0.1515979337
13.57	-0.1500135104
13.58	-0.1482918671
13.59	-0.1464358168
13.6	-0.1444482845
13.61	-0.1423323031
13.62	-0.1400910097
13.63	-0.1377276417
13.64	-0.1352455324
13.65	-0.1326481072
13.66	-0.1299388795
13.67	-0.1271214465
13.68	-0.1241994844
13.69	-0.1211767449
13.7	-0.1180570503
13.71	-0.1148442894
13.72	-0.1115424129
13.73	-0.108155429
13.74	-0.104687399
13.75	-0.1011424329
13.76	-0.09752468465
13.77	-0.09383834788
13.78	-0.09008765129
13.79	-0.08627685421
13.8	-0.08241024202
13.81	-0.07849212172
13.82	-0.07452681747
13.83	-0.07051866606
13.84	-0.06647201256
13.85	-0.06239120585
13.86	-0.0582805943
13.87	-0.05414452137
13.88	-0.04998732138
13.89	-0.04581331518
13.9	-0.041626806
13.91	-0.03743207528
13.92	-0.03323337854
13.93	-0.02903494136
13.94	-0.02484095538
13.95	-0.02065557441
13.96	-0.01648291055
13.97	-0.01232703046
13.98	-0.008191951605
13.99	-0.004081638666
14	-2.219002712e-16
14.01	0.004049115821
14.02	0.008061923379
14.03	0.01203470368
14.04	0.01596380736
14.05	0.01984565775
14.06	0.02367675387
14.07	0.02745367336
14.08	0.03117307523
14.09	0.03483170255
14.1	0.03842638507
14.11	0.04195404167
14.12	0.04541168273
14.13	0.04879641238
14.14	0.05210543066
14.15	0.05533603554
14.16	0.05848562487
14.17	0.06155169813
14.18	0.06453185815
14.19	0.06742381269
14.2	0.07022537588
14.21	0.07293446955
14.22	0.07554912445
14.23	0.07806748137
14.24	0.08048779209
14.25	0.08280842026
14.26	0.08502784214
14.27	0.08714464723
14.28	0.08915753876
14.29	0.09106533409
14.3	0.09286696498
14.31	0.09456147777
14.32	0.09614803336
14.33	0.0976259072
14.34	0.09899448906
14.35	0.1002532827
14.36	0.1014019057
14.37	0.1024400884
14.38	0.1033676738
14.39	0.1041846167
14.4	0.1048909827
14.41	0.1054869472
14.42	0.1059727946
14.43	0.1063489171
14.44	0.1066158133
14.45	0.1067740869
14.46	0.1068244452
14.47	0.106767698
14.48	0.1066047553
14.49	0.106336626
14.5	0.1059644161
14.51	0.1054893267
14.52	0.1049126521
14.53	0.1042357778
14.54	0.1034601783
14.55	0.102587415
14.56	0.1016191339
14.57	0.1005570632
14.58	0.09940301116
14.59	0.09815886345
14.6	0.0968265807
14.61	0.09540819596
14.62	0.0939058121
14.63	0.09232159912
14.64	0.09065779147
14.65	0.08891668532
14.66	0.08710063572
14.67	0.08521205384
14.68	0.08325340409
14.69	0.08122720121
14.7	0.07913600741
14.71	0.07698242938
14.72	0.07476911535
14.73	0.07249875214
14.74	0.07017406213
14.75	0.06779780028
14.76	0.0653727511
14.77	0.06290172567
14.78	0.06038755856
14.79	0.05783310488
14.8	0.05524123722
14.81	0.05261484265
14.82	0.04995681972
14.83	0.04727007548
14.84	0.04455752252
14.85	0.04182207598
14.86	0.03906665065
14.87	0.03629415806
14.88	0.03350750357
14.89	0.03070958354
14.9	0.02790328252
14.91	0.02509147043
14.92	0.02227699984
14.93	0.01946270323
14.94	0.01665139035
14.95	0.01384584559
14.96	0.01104882536
14.97	0.008263055627
14.98	0.005491229377
14.99	0.002736004218
15	4.675891725e-16
15.01	-0.002714203504
15.02	-0.00540406885
15.03	-0.008067103128
15.04	-0.01070086009
15.05	-0.01330294222
15.06	-0.01587100275
15.07	-0.01840274759
15.08	-0.02089593722
15.09	-0.02334838845
15.1	-0.02575797621
15.11	-0.02812263514
15.12	-0.03044036126
15.13	-0.03270921339
15.14	-0.03492731468
15.15	-0.03709285389
15.16	-0.03920408676
15.17	-0.04125933712
15.18	-0.04325699812
15.19	-0.04519553323
15.2	-0.04707347719
15.21	-0.04888943698
15.22	-0.05064209258
15.23	-0.05233019771
15.24	-0.0539525805
15.25	-0.05550814408
15.26	-0.05699586706
15.27	-0.05841480394
15.28	-0.05976408548
15.29	-0.06104291894
15.3	-0.06225058824
15.31	-0.06338645413
15.32	-0.06444995415
15.33	-0.06544060261
15.34	-0.06635799046
15.35	-0.06720178511
15.36	-0.06797173008
15.37	-0.06866764476
15.38	-0.06928942388
15.39	-0.06983703708
15.4	-0.07031052834
15.41	-0.07071001528
15.42	-0.07103568856
15.43	-0.07128781102
15.44	-0.07146671688
15.45	-0.07157281082
15.46	-0.07160656706
15.47	-0.07156852825
15.48	-0.07145930447
15.49	-0.07127957203
15.5	-0.07103007227
15.51	-0.07071161033
15.52	-0.0703250538
15.53	-0.0698713314
15.54	-0.06935143151
15.55	-0.06876640077
15.56	-0.06811734251
15.57	-0.06740541523
15.58	-0.06663183102
15.59	-0.06579785386
15.6	-0.06490479803
15.61	-0.06395402631
15.62	-0.06294694829
15.63	-0.06188501857
15.64	-0.06076973495
15.65	-0.05960263659
15.66	-0.05838530214
15.67	-0.05711934785
15.68	-0.05580642566
15.69	-0.05444822126
15.7	-0.05304645213
15.71	-0.0516028656
15.72	-0.05011923684
15.73	-0.04859736687
15.74	-0.04703908056
15.75	-0.04544622461
15.76	-0.04382066553
15.77	-0.04216428765
15.78	-0.04047899104
15.79	-0.03876668953
15.8	-0.03702930868
15.81	-0.03526878375
15.82	-0.03348705769
15.83	-0.03168607917
15.84	-0.02986780055
15.85	-0.0280341759
15.86	-0.02618715906
15.87	-0.0243287017
15.88	-0.02246075133
15.89	-0.02058524945
15.9	-0.01870412962
15.91	-0.01681931561
15.92	-0.01493271956
15.93	-0.01304624012
15.94	-0.01116176075
15.95	-0.009281147851
15.96	-0.007406249125
15.97	-0.005538891828
15.98	-0.003680881129
15.99	-0.001833998474
16	-1.139499646e-16
16.01	0.001819385017
16.02	0.003622455681
16.03	0.00540754094
16.04	0.007173001026
16.05	0.008917228839
16.06	0.01063865129
16.07	0.01233573061
16.08	0.0140069656
16.09	0.01565089282
16.1	0.0172660878
16.11	0.01885116609
16.12	0.02040478436
16.13	0.02192564143
16.14	0.02341247918
16.15	0.02486408353
16.16	0.02627928524
16.17	0.02765696076
16.18	0.02899603297
16.19	0.03029547191
16.2	0.0315542954
16.21	0.03277156965
16.22	0.03394640983
16.23	0.03507798054
16.24	0.03616549624
16.25	0.0372082217
16.26	0.03820547223
16.27	0.03915661407
16.28	0.04006106453
16.29	0.04091829223
16.3	0.04172781718
16.31	0.04248921085
16.32	0.04320209623
16.33	0.04386614775
16.34	0.04448109122
16.35	0.04504670369
16.36	0.04556281324
16.37	0.0460292988
16.38	0.04644608981
16.39	0.04681316591
16.4	0.04713055659
16.41	0.0473983407
16.42	0.04761664603
16.43	0.04778564876
16.44	0.04790557295
16.45	0.04797668985
16.46	0.04799931733
16.47	0.04797381915
16.48	0.04790060426
16.49	0.047780126
16.5	0.04761288131
16.51	0.04739940989
16.52	0.0471402933
16.53	0.04683615408
16.54	0.04648765476
16.55	0.04609549693
16.56	0.04566042016
16.57	0.04518320104
16.58	0.04466465203
16.59	0.04410562043
16.6	0.0435069872
16.61	0.04286966586
16.62	0.04219460128
16.63	0.0414827685
16.64	0.04073517153
16.65	0.03995284211
16.66	0.03913683842
16.67	0.03828824388
16.68	0.03740816582
16.69	0.03649773418
16.7	0.03555810023
16.71	0.03459043525
16.72	0.03359592915
16.73	0.0325757892
16.74	0.03153123865
16.75	0.03046351537
16.76	0.02937387054
16.77	0.02826356724
16.78	0.02713387913
16.79	0.02598608911
16.8	0.0248214879
16.81	0.02364137274
16.82	0.02244704605
16.83	0.02123981405
16.84	0.02002098544
16.85	0.01879187008
16.86	0.01755377767
16.87	0.01630801644
16.88	0.01505589187
16.89	0.01379870536
16.9	0.01253775303
16.91	0.01127432442
16.92	0.01000970126
16.93	0.00874515628
16.94	0.007481951978
16.95	0.006221339455
16.96	0.004964557254
16.97	0.003712830225
16.98	0.002467368408
16.99	0.001229365941
17	-5.73354675e-17
17.01	-0.001219570249
17.02	-0.002428204659
17.03	-0.003624783092
17.04	-0.004808206378
17.05	-0.005977397246
17.06	-0.007131301224
17.07	-0.008268887513
17.08	-0.009389149825
17.09	-0.0104911072
17.1	-0.01157380477
17.11	-0.01263631452
17.12	-0.01367773599
17.13	-0.01469719697
17.14	-0.01569385412
17.15	-0.01666689362
17.16	-0.01761553169
17.17	-0.01853901521
17.18	-0.01943662216
17.19	-0.02030766213
17.2	-0.02115147674
17.21	-0.02196744008
17.22	-0.022754959
17.23	-0.02351347353
17.24	-0.02424245711
17.25	-0.02494141688
17.26	-0.0256098939
17.27	-0.02624746335
17.28	-0.02685373462
17.29	-0.02742835153
17.3	-0.02797099233
17.31	-0.02848136977
17.32	-0.02895923113
17.33	-0.02940435818
17.34	-0.02981656712
17.35	-0.03019570849
17.36	-0.03054166707
17.37	-0.03085436169
17.38	-0.03113374506
17.39	-0.03137980353
17.4	-0.03159255686
17.41	-0.03177205792
17.42	-0.03191839236
17.43	-0.03203167828
17.44	-0.03211206586
17.45	-0.03215973695
17.46	-0.0321749046
17.47	-0.03215781266
17.48	-0.03210873525
17.49	-0.03202797626
17.5	-0.03191586879
17.51	-0.03177277462
17.52	-0.03159908358
17.53	-0.03139521296
17.54	-0.03116160688
17.55	-0.03089873562
17.56	-0.03060709495
17.57	-0.0302872054
17.58	-0.02993961161
17.59	-0.02956488152
17.6	-0.02916360566
17.61	-0.02873639639
17.62	-0.02828388707
17.63	-0.02780673129
17.64	-0.02730560206
17.65	-0.02678119096
17.66	-0.02623420733
17.67	-0.0256653774
17.68	-0.02507544343
17.69	-0.02446516285
17.7	-0.02383530739
17.71	-0.02318666215
17.72	-0.02252002477
17.73	-0.02183620452
17.74	-0.02113602134
17.75	-0.02042030503
17.76	-0.01968989425
17.77	-0.01894563569
17.78	-0.01818838311
17.79	-0.01741899645
17.8	-0.01663834091
17.81	-0.01584728607
17.82	-0.01504670494
17.83	-0.01423747313
17.84	-0.01342046788
17.85	-0.01259656722
17.86	-0.01176664906
17.87	-0.01093159033
17.88	-0.01009226613
17.89	-0.009249548812
17.9	-0.008404307188
17.91	-0.007557405661
17.92	-0.006709703409
17.93	-0.00586205356
17.94	-0.005015302394
17.95	-0.00417028855
17.96	-0.003327842247
17.97	-0.002488784528
17.98	-0.001653926505
17.99	-0.0008240686343
18	-5.760114699e-17
18.01	0.0008175023852
18.02	0.001627674259
18.03	0.002429764769
18.04	0.003223037121
18.05	0.004006769197
18.06	0.004780254165
18.07	0.005542801058
18.08	0.006293735343
18.09	0.00703239946
18.1	0.007758153345
18.11	0.008470374929
18.12	0.009168460619
18.13	0.00985182575
18.14	0.01051990502
18.15	0.0111721529
18.16	0.01180804401
18.17	0.01242707353
18.18	0.01302875746
18.19	0.01361263301
18.2	0.01417825887
18.21	0.01472521544
18.22	0.01525310516
18.23	0.01576155266
18.24	0.01625020496
18.25	0.01671873171
18.26	0.01716682526
18.27	0.01759420084
18.28	0.01800059663
18.29	0.01838577386
18.3	0.01874951687
18.31	0.0190916331
18.32	0.01941195315
18.33	0.01971033073
18.34	0.01998664264
18.35	0.0202407887
18.36	0.02047269168
18.37	0.02068229715
18.38	0.02086957342
18.39	0.02103451135
18.4	0.02117712417
18.41	0.02129744733
18.42	0.02139553823
18.43	0.02147147606
18.44	0.02152536147
18.45	0.02155731635
18.46	0.02156748353
18.47	0.02155602646
18.48	0.02152312889
18.49	0.02146899452
18.5	0.02139384664
18.51	0.02129792775
18.52	0.02118149916
18.53	0.0210448406
18.54	0.02088824976
18.55	0.02071204189
18.56	0.02051654929
18.57	0.02030212092
18.58	0.02006912183
18.59	0.01981793274
18.6	0.01954894949
18.61	0.01926258255
18.62	0.01895925648
18.63	0.0186394094
18.64	0.01830349243
18.65	0.01795196916
18.66	0.01758531507
18.67	0.01720401696
18.68	0.0168085724
18.69	0.01639948909
18.7	0.01597728434
18.71	0.01554248444
18.72	0.01509562404
18.73	0.01463724562
18.74	0.0141678988
18.75	0.0136881398
18.76	0.01319853082
18.77	0.01269963939
18.78	0.0121920378
18.79	0.0116763025
18.8	0.01115301344
18.81	0.01062275353
18.82	0.01008610795
18.83	0.009543663645
18.84	0.008996008647
18.85	0.008443731516
18.86	0.007887420737
18.87	0.007327664136
18.88	0.006765048297
18.89	0.006200157985
18.9	0.005633575581
18.91	0.005065880511
18.92	0.004497648698
18.93	0.003929452012
18.94	0.003361857732
18.95	0.002795428013
18.96	0.002230719368
18.97	0.001668282159
18.98	0.001108660091
18.99	0.0005523897249
19	1.029848932e-16
19.01	-0.0005479882365
19.02	-0.001091062684
19.03	-0.001628720032
19.04	-0.002160466391
19.05	-0.002685817713
19.06	-0.003204300192
19.07	-0.00371545066
19.08	-0.004218816965
19.09	-0.00471395833
19.1	-0.005200445707
19.11	-0.005677862113
19.12	-0.006145802944
19.13	-0.00660387629
19.14	-0.007051703216
19.15	-0.007488918044
19.16	-0.007915168607
19.17	-0.0083301165
19.18	-0.0087334373
19.19	-0.009124820787
19.2	-0.009503971135
19.21	-0.009870607094
19.22	-0.01022446216
19.23	-0.0105652847
19.24	-0.01089283814
19.25	-0.01120690101
19.26	-0.0115072671
19.27	-0.01179374552
19.28	-0.01206616076
19.29	-0.01232435278
19.3	-0.01256817701
19.31	-0.01279750438
19.32	-0.01301222133
19.33	-0.0132122298
19.34	-0.01339744722
19.35	-0.01356780642
19.36	-0.01372325563
19.37	-0.01386375838
19.38	-0.01398929342
19.39	-0.01409985461
19.4	-0.01419545085
19.41	-0.01427610587
19.42	-0.01434185817
19.43	-0.01439276082
19.44	-0.01442888129
19.45	-0.01445030129
19.46	-0.01445711655
19.47	-0.01444943665
19.48	-0.01442738475
19.49	-0.0143910974
19.5	-0.01434072426
19.51	-0.01427642791
19.52	-0.01419838349
19.53	-0.01410677852
19.54	-0.01400181254
19.55	-0.01388369687
19.56	-0.01375265427
19.57	-0.01360891863
19.58	-0.01345273467
19.59	-0.01328435759
19.6	-0.01310405272
19.61	-0.01291209522
19.62	-0.01270876968
19.63	-0.01249436977
19.64	-0.01226919789
19.65	-0.01203356479
19.66	-0.0117877892
19.67	-0.01153219744
19.68	-0.01126712302
19.69	-0.01099290628
19.7	-0.01070989398
19.71	-0.01041843888
19.72	-0.0101188994
19.73	-0.009811639156
19.74	-0.009497026575
19.75	-0.009175434504
19.76	-0.008847239787
19.77	-0.008512822859
19.78	-0.008172567342
19.79	-0.00782685963
19.8	-0.007476088486
19.81	-0.007120644632
19.82	-0.006760920346
19.83	-0.006397309054
19.84	-0.006030204931
19.85	-0.005660002498
19.86	-0.005287096231
19.87	-0.004911880161
19.88	-0.004534747486
19.89	-0.004156090186
19.9	-0.003776298643
19.91	-0.003395761257
19.92	-0.003014864082
19.93	-0.002633990454
19.94	-0.00225352063
19.95	-0.001873831434
19.96	-0.00149529591
19.97	-0.001118282974
19.98	-0.000743157083
19.99	-0.0003702779058
20	-2.875762634e-17
20.01	0.0003673274999
20.02	0.0007313611885
20.03	0.001091763687
20.04	0.001448203931
20.05	0.001800357453
20.06	0.002147906652
20.07	0.002490541058
20.08	0.002827957582
20.09	0.003159860765
20.1	0.003485963006
20.11	0.003805984793
20.12	0.004119654913
20.13	0.004426710659
20.14	0.004726898024
20.15	0.005019971888
20.16	0.005305696185
20.17	0.005583844075
20.18	0.005854198093
20.19	0.00611655029
20.2	0.006370702369
20.21	0.006616465802
20.22	0.006853661943
20.23	0.007082122128
20.24	0.007301687763
20.25	0.007512210401
20.26	0.007713551812
20.27	0.007905584037
20.28	0.008088189436
20.29	0.008261260724
20.3	0.008424700991
20.31	0.008578423723
20.32	0.008722352799
20.33	0.008856422489
20.34	0.008980577435
20.35	0.009094772621
20.36	0.009198973343
20.37	0.009293155153
20.38	0.009377303806
20.39	0.009451415194
20.4	0.009515495267
20.41	0.009569559946
20.42	0.009613635031
20.43	0.009647756096
20.44	0.00967196837
20.45	0.009686326625
20.46	0.009690895034
20.47	0.009685747042
20.48	0.009670965211
20.49	0.009646641069
20.5	0.009612874949
20.51	0.009569775812
20.52	0.009517461075
20.53	0.009456056425
20.54	0.009385695627
20.55	0.009306520325
20.56	0.009218679841
20.57	0.009122330962
20.58	0.009017637723
20.59	0.008904771189
20.6	0.008783909225
20.61	0.008655236265
20.62	0.008518943076
20.63	0.008375226517
20.64	0.008224289292
20.65	0.008066339705
20.66	0.007901591402
20.67	0.00773026312
20.68	0.007552578423
20.69	0.007368765445
20.7	0.007179056624
20.71	0.006983688432
20.72	0.006782901114
20.73	0.00657693841
20.74	0.006366047291
20.75	0.006150477679
20.76	0.005930482181
20.77	0.005706315811
20.78	0.005478235717
20.79	0.005246500907
20.8	0.005011371978
20.81	0.004773110838
20.82	0.004531980438
20.83	0.0042882445
20.84	0.004042167247
20.85	0.003794013135
20.86	0.003544046589
20.87	0.003292531735
20.88	0.003039732143
20.89	0.002785910565
20.9	0.00253132868
20.91	0.002276246842
20.92	0.00202092383
20.93	0.001765616602
20.94	0.001510580052
20.95	0.001256066773
20.96	0.001002326823
20.97	0.0007496074944
20.98	0.0004981530901
20.99	0.0002482047029
21	-7.720468562e-18
21.01	-0.0002462269867
21.02	-0.0004902460655
21.03	-0.0007318310847
21.04	-0.0009707601255
21.05	-0.001206815691
21.06	-0.001439784886
21.07	-0.001669459596
21.08	-0.001895636657
21.09	-0.002118118013
21.1	-0.002336710883
21.11	-0.002551227901
21.12	-0.002761487271
21.13	-0.002967312893
21.14	-0.003168534501
21.15	-0.003364987787
21.16	-0.003556514511
21.17	-0.003742962618
21.18	-0.003924186335
21.19	-0.004100046272
21.2	-0.004270409505
21.21	-0.004435149661
21.22	-0.004594146989
21.23	-0.004747288431
21.24	-0.004894467678
21.25	-0.005035585222
21.26	-0.005170548406
21.27	-0.005299271456
21.28	-0.005421675515
21.29	-0.005537688669
21.3	-0.005647245956
21.31	-0.005750289385
21.32	-0.00584676793
21.33	-0.005936637531
21.34	-0.006019861079
21.35	-0.006096408402
21.36	-0.006166256235
21.37	-0.00622938819
21.38	-0.006285794719
21.39	-0.006335473068
21.4	-0.006378427225
21.41	-0.006414667863
21.42	-0.006444212277
21.43	-0.00646708431
21.44	-0.006483314283
21.45	-0.006492938909
21.46	-0.006496001205
21.47	-0.006492550403
21.48	-0.006482641845
21.49	-0.006466336886
21.5	-0.006443702778
21.51	-0.006414812563
21.52	-0.006379744946
21.53	-0.006338584178
21.54	-0.006291419925
21.55	-0.006238347133
21.56	-0.006179465896
21.57	-0.00611488131
21.58	-0.006044703334
21.59	-0.005969046633
21.6	-0.005888030436
21.61	-0.005801778371
21.62	-0.005710418315
21.63	-0.005614082224
21.64	-0.005512905977
21.65	-0.005407029203
21.66	-0.005296595113
21.67	-0.00518175033
21.68	-0.005062644716
21.69	-0.004939431193
21.7	-0.004812265566
21.71	-0.004681306351
21.72	-0.004546714587
21.73	-0.004408653658
21.74	-0.004267289113
21.75	-0.004122788481
21.76	-0.003975321089
21.77	-0.003825057877
21.78	-0.003672171218
21.79	-0.00351683473
21.8	-0.003359223095
21.81	-0.003199511876
21.82	-0.003037877336
21.83	-0.00287449625
21.84	-0.002709545735
21.85	-0.00254320306
21.86	-0.002375645473
21.87	-0.002207050024
21.88	-0.00203759339
21.89	-0.001867451698
21.9	-0.001696800357
21.91	-0.001525813888
21.92	-0.001354665755
21.93	-0.001183528202
21.94	-0.00101257209
21.95	-0.0008419667373
21.96	-0.0006718797622
21.97	-0.0005024769302
21.98	-0.0003339220023
21.99	-0.0001663765879
22	-5.169959994e-17
22.01	0.000165050885
22.02	0.0003286217652
22.03	0.0004905610464
22.04	0.000650719972
22.05	0.0008089527493
22.06	0.000965116671
22.07	0.001119072234
22.08	0.001270683251
22.09	0.001419816964
22.1	0.001566344146
22.11	0.001710139204
22.12	0.001851080274
22.13	0.001989049315
22.14	0.002123932193
22.15	0.002255618768
22.16	0.002384002971
22.17	0.002508982874
22.18	0.002630460765
22.19	0.002748343206
22.2	0.002862541096
22.21	0.002972969725
22.22	0.003079548821
22.23	0.0031822026
22.24	0.003280859799
22.25	0.003375453718
22.26	0.003465922245
22.27	0.003552207886
22.28	0.003634257781
22.29	0.003712023723
22.3	0.003785462169
22.31	0.003854534245
22.32	0.003919205748
22.33	0.003979447143
22.34	0.004035233556
22.35	0.004086544761
22.36	0.004133365163
22.37	0.004175683778
22.38	0.004213494205
22.39	0.004246794599
22.4	0.004275587631
22.41	0.004299880458
22.42	0.00431968467
22.43	0.004335016253
22.44	0.004345895529
22.45	0.004352347108
22.46	0.004354399827
22.47	0.004352086685
22.48	0.00434544478
22.49	0.004334515239
22.5	0.004319343143
22.51	0.004299977452
22.52	0.004276470926
22.53	0.004248880038
22.54	0.004217264893
22.55	0.004181689137
22.56	0.004142219864
22.57	0.004098927521
22.58	0.004051885817
22.59	0.004001171614
22.6	0.003946864833
22.61	0.003889048345
22.62	0.003827807868
22.63	0.003763231855
22.64	0.003695411388
22.65	0.003624440064
22.66	0.00355041388
22.67	0.00347343112
22.68	0.003393592239
22.69	0.003310999744
22.7	0.003225758076
22.71	0.003137973489
22.72	0.003047753931
22.73	0.002955208923
22.74	0.002860449435
22.75	0.002763587764
22.76	0.002664737415
22.77	0.002564012972
22.78	0.00246152998
22.79	0.002357404818
22.8	0.00225175458
22.81	0.002144696948
22.82	0.002036350075
22.83	0.001926832459
22.84	0.001816262822
22.85	0.001704759992
22.86	0.001592442783
22.87	0.001479429874
22.88	0.001365839695
22.89	0.001251790308
22.9	0.001137399294
22.91	0.001022783636
22.92	0.0009080596113
22.93	0.0007933426789
22.94	0.0006787473701
22.95	0.0005643871821
22.96	0.0004503744731
22.97	0.000336820359
22.98	0.000223834612
22.99	0.000111525562
23	2.252461747e-17
23.01	-0.0001106369169
23.02	-0.0002202817568
23.03	-0.0003288329032
23.04	-0.0004361906416
23.05	-0.0005422572441
23.06	-0.0006469370513
23.07	-0.0007501365511
23.08	-0.0008517644553
23.09	-0.0009517317728
23.1	-0.00104995188
23.11	-0.00114634059
23.12	-0.001240816215
23.13	-0.001333299628
23.14	-0.001423714325
23.15	-0.001511986477
23.16	-0.001598044981
23.17	-0.001681821516
23.18	-0.001763250581
23.19	-0.001842269544
23.2	-0.001918818679
23.21	-0.001992841203
23.22	-0.002064283308
23.23	-0.002133094193
23.24	-0.002199226091
23.25	-0.002262634292
23.26	-0.002323277159
23.27	-0.002381116154
23.28	-0.002436115843
23.29	-0.002488243913
23.3	-0.002537471176
23.31	-0.002583771573
23.32	-0.002627122177
23.33	-0.002667503192
23.34	-0.002704897943
23.35	-0.002739292872
23.36	-0.002770677526
23.37	-0.002799044542
23.38	-0.00282438963
23.39	-0.002846711551
23.4	-0.002866012098
23.41	-0.002882296066
23.42	-0.002895571227
23.43	-0.002905848294
23.44	-0.002913140891
23.45	-0.002917465514
23.46	-0.002918841493
23.47	-0.002917290947
23.48	-0.002912838745
23.49	-0.002905512455
23.5	-0.002895342294
23.51	-0.002882361084
23.52	-0.002866604188
23.53	-0.002848109463
23.54	-0.002826917198
23.55	-0.002803070055
23.56	-0.00277661301
23.57	-0.002747593285
23.58	-0.002716060287
23.59	-0.002682065541
23.6	-0.002645662616
23.61	-0.002606907066
23.62	-0.002565856346
23.63	-0.00252256975
23.64	-0.002477108332
23.65	-0.002429534831
23.66	-0.002379913595
23.67	-0.002328310508
23.68	-0.002274792906
23.69	-0.002219429501
23.7	-0.002162290302
23.71	-0.002103446534
23.72	-0.002042970556
23.73	-0.001980935781
23.74	-0.001917416597
23.75	-0.001852488277
23.76	-0.001786226907
23.77	-0.001718709294
23.78	-0.001650012889
23.79	-0.001580215706
23.8	-0.001509396233
23.81	-0.001437633357
23.82	-0.001365006276
23.83	-0.001291594423
23.84	-0.001217477378
23.85	-0.001142734796
23.86	-0.001067446319
23.87	-0.0009916915013
23.88	-0.0009155497273
23.89	-0.0008391001371
23.9	-0.0007624215469
23.91	-0.0006855923738
23.92	-0.0006086905605
23.93	-0.0005317935011
23.94	-0.0004549779684
23.95	-0.0003783200419
23.96	-0.0003018950375
23.97	-0.0002257774385
23.98	-0.0001500408274
23.99	-7.475781987e-05
24	-6.96727755e-18
24.01	7.41621432e-05
24.02	0.0001476592774
24.03	0.0002204232868
24.04	0.000292387331
24.05	0.0003634859008
24.06	0.000433654874
24.07	0.0005028315675
24.08	0.0005709547889
24.09	0.0006379648857
24.1	0.0007038037928
24.11	0.0007684150772
24.12	0.0008317439822
24.13	0.0008937374682
24.14	0.0009543442521
24.15	0.001013514845
24.16	0.001071201585
24.17	0.001127358676
24.18	0.001181942211
24.19	0.001234910206
24.2	0.001286222625
24.21	0.001335841407
24.22	0.001383730482
24.23	0.001429855798
24.24	0.001474185335
24.25	0.001516689122
24.26	0.001557339252
24.27	0.00159610989
24.28	0.001632977284
24.29	0.001667919774
24.3	0.001700917795
24.31	0.00173195388
24.32	0.001761012659
24.33	0.001788080862
24.34	0.001813147314
24.35	0.001836202924
24.36	0.001857240687
24.37	0.001876255667
24.38	0.001893244987
24.39	0.001908207818
24.4	0.001921145361
24.41	0.001932060832
24.42	0.001940959438
24.43	0.001947848362
24.44	0.001952736736
24.45	0.001955635618
24.46	0.001956557964
24.47	0.001955518602
24.48	0.001952534202
24.49	0.001947623242
24.5	0.00194080598
24.51	0.001932104414
24.52	0.001921542251
24.53	0.001909144866
24.54	0.001894939266
24.55	0.001878954048
24.56	0.00186121936
24.57	0.001841766857
24.58	0.001820629657
24.59	0.001797842297
24.6	0.001773440687
24.61	0.001747462064
24.62	0.001719944944
24.63	0.001690929071
24.64	0.001660455371
24.65	0.001628565899
24.66	0.001595303791
24.67	0.001560713207
24.68	0.001524839286
24.69	0.001487728085
24.7	0.001449426535
24.71	0.001409982377
24.72	0.001369444117
24.73	0.001327860964
24.74	0.001285282781
24.75	0.001241760027
24.76	0.001197343702
24.77	0.001152085293
24.78	0.001106036716
24.79	0.001059250265
24.8	0.001011778553
24.81	0.0009636744581
24.82	0.00091499107
24.83	0.0008657816328
24.84	0.0008160994923
24.85	0.0007659980412
24.86	0.000715530666
24.87	0.0006647506928
24.88	0.0006137113354
24.89	0.0005624656425
24.9	0.0005110664464
24.91	0.0004595663116
24.92	0.0004080174845
24.93	0.0003564718441
24.94	0.0003049808527
24.95	0.0002535955079
24.96	0.0002023662955
24.97	0.000151343143
24.98	0.0001005753743
24.99	5.011166526e-05
25	-7.803514187e-19
25.01	-4.971237124e-05
25.02	-9.897897359e-05
25.03	-0.0001477541478
25.04	-0.0001959930891
25.05	-0.0002436518858
25.06	-0.0002906875551
25.07	-0.0003370580795
25.08	-0.0003827224404
25.09	-0.0004276406516
25.1	-0.0004717737908
25.11	-0.0005150840299
25.12	-0.0005575346644
25.13	-0.0005990901408
25.14	-0.000639716083
25.15	-0.0006793793173
25.16	-0.000718047896
25.17	-0.0007556911195
25.18	-0.0007922795571
25.19	-0.000827785066
25.2	-0.0008621808095
25.21	-0.0008954412733
25.22	-0.0009275422803
25.23	-0.0009584610042
25.24	-0.0009881759815
25.25	-0.001016667122
25.26	-0.001043915719
25.27	-0.001069904455
25.28	-0.001094617408
25.29	-0.00111804006
25.3	-0.001140159295
25.31	-0.001160963404
25.32	-0.001180442087
25.33	-0.001198586446
25.34	-0.001215388991
25.35	-0.001230843629
25.36	-0.001244945663
25.37	-0.001257691785
25.38	-0.001269080067
25.39	-0.001279109952
25.4	-0.001287782247
25.41	-0.001295099106
25.42	-0.00130106402
25.43	-0.001305681804
25.44	-0.001308958579
25.45	-0.001310901757
25.46	-0.001311520024
25.47	-0.001310823319
25.48	-0.001308822816
25.49	-0.001305530901
25.5	-0.001300961154
25.51	-0.00129512832
25.52	-0.00128804829
25.53	-0.001279738075
25.54	-0.001270215776
25.55	-0.001259500564
25.56	-0.001247612647
25.57	-0.001234573245
25.58	-0.001220404555
25.59	-0.001205129731
25.6	-0.001188772843
25.61	-0.001171358851
25.62	-0.001152913574
25.63	-0.001133463653
25.64	-0.001113036521
25.65	-0.001091660369
25.66	-0.00106936411
25.67	-0.001046177349
25.68	-0.00102213034
25.69	-0.0009972539586
25.7	-0.0009715796615
25.71	-0.000945139452
25.72	-0.0009179658434
25.73	-0.0008900918226
25.74	-0.0008615508132
25.75	-0.0008323766387
25.76	-0.0008026034857
25.77	-0.0007722658665
25.78	-0.0007413985824
25.79	-0.0007100366863
25.8	-0.000678215446
25.81	-0.0006459703071
25.82	-0.0006133368561
25.83	-0.0005803507839
25.84	-0.0005470478492
25.85	-0.0005134638423
25.86	-0.0004796345489
25.87	-0.000445595715
25.88	-0.0004113830106
25.89	-0.0003770319954
25.9	-0.0003425780839
25.91	-0.0003080565111
25.92	-0.000273502299
25.93	-0.000238950223
25.94	-0.0002044347792
25.95	-0.0001699901525
25.96	-0.0001356501845
25.97	-0.0001014483426
25.98	-6.741768955e-05
25.99	-3.359085376e-05
26	4.176770002e-18
26.01	3.332319898e-05
26.02	6.634759014e-05
26.03	9.904256713e-05
26.04	0.0001313780965
26.05	0.0001633247433
26.06	0.0001948536953
26.07	0.0002259367873
26.08	0.0002565465238
26.09	0.0002866561012
26.1	0.0003162394291
26.11	0.0003452711506
26.12	0.0003737266619
26.13	0.0004015821308
26.14	0.0004288145142
26.15	0.0004554015752
26.16	0.0004813218987
26.17	0.000506554906
26.18	0.0005310808692
26.19	0.0005548809235
26.2	0.0005779370799
26.21	0.0006002322355
26.22	0.000621750184
26.23	0.0006424756244
26.24	0.0006623941694
26.25	0.0006814923523
26.26	0.000699757633
26.27	0.0007171784034
26.28	0.0007337439915
26.29	0.0007494446645
26.3	0.000764271631
26.31	0.0007782170426
26.32	0.0007912739938
26.33	0.0008034365217
26.34	0.0008146996042
26.35	0.0008250591578
26.36	0.000834512034
26.37	0.0008430560151
26.38	0.0008506898087
26.39	0.0008574130421
26.4	0.0008632262551
26.41	0.0008681308922
26.42	0.0008721292937
26.43	0.0008752246868
26.44	0.0008774211748
26.45	0.0008787237263
26.46	0.000879138163
26.47	0.0008786711477
26.48	0.0008773301702
26.49	0.0008751235339
26.5	0.0008720603406
26.51	0.0008681504751
26.52	0.0008634045892
26.53	0.0008578340851
26.54	0.0008514510975
26.55	0.0008442684761
26.56	0.0008362997672
26.57	0.0008275591941
26.58	0.0008180616378
26.59	0.0008078226168
26.6	0.0007968582667
26.61	0.0007851853192
26.62	0.00077282108
26.63	0.0007597834079
26.64	0.0007460906919
26.65	0.0007317618286
26.66	0.0007168161998
26.67	0.0007012736486
26.68	0.0006851544566
26.69	0.0006684793195
26.7	0.0006512693235
26.71	0.000633545921
26.72	0.0006153309064
26.73	0.0005966463915
26.74	0.0005775147808
26.75	0.0005579587468
26.76	0.0005380012055
26.77	0.0005176652912
26.78	0.0004969743319
26.79	0.0004759518242
26.8	0.000454621409
26.81	0.000433006846
26.82	0.0004111319896
26.83	0.0003890207642
26.84	0.0003666971395
26.85	0.0003441851064
26.86	0.0003215086529
26.87	0.0002986917402
26.88	0.0002757582786
26.89	0.0002527321045
26.9	0.000229636957
26.91	0.0002064964547
26.92	0.0001833340737
26.93	0.0001601731245
26.94	0.0001370367306
26.95	0.0001139478069
26.96	9.092903791e-05
26.97	6.800285766e-05
26.98	4.519142876e-05
26.99	2.251662264e-05
27	4.897392448e-18
27.01	-2.233720827e-05
27.02	-4.447411967e-05
27.03	-6.639021816e-05
27.04	-8.806537172e-05
27.05	-0.0001094798494
27.06	-0.000130614338
27.07	-0.0001514499577
27.08	-0.0001719682777
27.09	-0.000192151331
27.1	-0.0002119816287
27.11	-0.0002314421736
27.12	-0.0002505164732
27.13	-0.0002691885524
27.14	-0.0002874429649
27.15	-0.0003052648049
27.16	-0.0003226397173
27.17	-0.0003395539079
27.18	-0.0003559941527
27.19	-0.0003719478062
27.2	-0.00038740281
27.21	-0.0004023476998
27.22	-0.000416771612
27.23	-0.0004306642901
27.24	-0.0004440160901
27.25	-0.000456817985
27.26	-0.0004690615687
27.27	-0.0004807390604
27.28	-0.0004918433062
27.29	-0.000502367782
27.3	-0.0005123065949
27.31	-0.0005216544838
27.32	-0.00053040682
27.33	-0.0005385596062
27.34	-0.0005461094762
27.35	-0.0005530536927
27.36	-0.0005593901451
27.37	-0.0005651173468
27.38	-0.0005702344317
27.39	-0.0005747411499
27.4	-0.0005786378631
27.41	-0.0005819255396
27.42	-0.0005846057483
27.43	-0.0005866806524
27.44	-0.0005881530023
27.45	-0.0005890261287
27.46	-0.0005893039339
27.47	-0.0005889908842
27.48	-0.0005880920001
27.49	-0.0005866128476
27.5	-0.0005845595277
27.51	-0.0005819386664
27.52	-0.000578757404
27.53	-0.0005750233834
27.54	-0.0005707447388
27.55	-0.0005659300838
27.56	-0.0005605884985
27.57	-0.0005547295171
27.58	-0.0005483631147
27.59	-0.0005414996937
27.6	-0.00053415007
27.61	-0.0005263254593
27.62	-0.0005180374619
27.63	-0.000509298049
27.64	-0.0005001195469
27.65	-0.0004905146226
27.66	-0.000480496268
27.67	-0.0004700777844
27.68	-0.0004592727669
27.69	-0.0004480950882
27.7	-0.0004365588829
27.71	-0.0004246785309
27.72	-0.0004124686415
27.73	-0.0003999440366
27.74	-0.0003871197344
27.75	-0.0003740109328
27.76	-0.0003606329928
27.77	-0.0003470014218
27.78	-0.000333131857
27.79	-0.0003190400487
27.8	-0.0003047418438
27.81	-0.000290253169
27.82	-0.0002755900142
27.83	-0.0002607684166
27.84	-0.0002458044434
27.85	-0.0002307141764
27.86	-0.000215513695
27.87	-0.000200219061
27.88	-0.000184846302
27.89	-0.0001694113959
27.9	-0.0001539302556
27.91	-0.000138418713
27.92	-0.0001228925047
27.93	-0.0001073672562
27.94	-9.185846758e-05
27.95	-7.638149914e-05
27.96	-6.095155688e-05
27.97	-4.558367868e-05
27.98	-3.029272061e-05
27.99	-1.509334353e-05
28	-1.641113923e-18
28.01	1.497307848e-05
28.02	2.981189395e-05
28.03	4.450269409e-05
28.04	5.903198403e-05
28.05	7.338653772e-05
28.06	8.755340908e-05
28.07	0.0001015199426
28.08	0.0001152737838
28.09	0.000128802889
28.1	0.0001420955351
28.11	0.0001551403285
28.12	0.0001679262139
28.13	0.0001804424828
28.14	0.0001926787815
28.15	0.0002046251181
28.16	0.0002162718701
28.17	0.0002276097912
28.18	0.0002386300168
28.19	0.0002493240706
28.2	0.0002596838694
28.21	0.0002697017286
28.22	0.0002793703661
28.23	0.0002886829068
28.24	0.000297632886
28.25	0.0003062142527
28.26	0.0003144213724
28.27	0.0003222490291
28.28	0.0003296924276
28.29	0.0003367471947
28.3	0.0003434093803
28.31	0.0003496754576
28.32	0.000355542324
28.33	0.0003610073
28.34	0.0003660681292
28.35	0.0003707229767
28.36	0.0003749704278
28.37	0.0003788094859
28.38	0.0003822395705
28.39	0.000385260514
28.4	0.000387872559
28.41	0.0003900763545
28.42	0.0003918729521
28.43	0.0003932638019
28.44	0.0003942507476
28.45	0.0003948360217
28.46	0.0003950222401
28.47	0.0003948123966
28.48	0.0003942098566
28.49	0.000393218351
28.5	0.0003918419695
28.51	0.0003900851537
28.52	0.0003879526897
28.53	0.0003854497008
28.54	0.0003825816396
28.55	0.0003793542798
28.56	0.0003757737081
28.57	0.0003718463154
28.58	0.0003675787883
28.59	0.0003629780996
28.6	0.0003580514995
28.61	0.0003528065061
28.62	0.0003472508953
28.63	0.0003413926916
28.64	0.0003352401577
28.65	0.0003288017844
28.66	0.0003220862805
28.67	0.0003151025621
28.68	0.0003078597422
28.69	0.0003003671202
28.7	0.0002926341705
28.71	0.0002846705324
28.72	0.0002764859988
28.73	0.000268090505
28.74	0.0002594941182
28.75	0.0002507070257
28.76	0.0002417395244
28.77	0.0002326020091
28.78	0.0002233049617
28.79	0.0002138589402
28.8	0.0002042745668
28.81	0.0001945625176
28.82	0.000184733511
28.83	0.000174798297
28.84	0.0001647676458
28.85	0.0001546523373
28.86	0.00014446315
28.87	0.0001342108502
28.88	0.0001239061817
28.89	0.0001135598547
28.9	0.000103182536
28.91	9.278483809e-05
28.92	8.23773094e-05
28.93	7.197042409e-05
28.94	6.157457221e-05
28.95	5.120005002e-05
28.96	4.085705041e-05
28.97	3.055565359e-05
28.98	2.030581787e-05
28.99	1.011737073e-05
29	-3.971541575e-22
29.01	-1.003675466e-05
29.02	-1.998351012e-05
29.03	-2.983104795e-05
29.04	-3.957032225e-05
29.05	-4.919246734e-05
29.06	-5.86888052e-05
29.07	-6.80508526e-05
29.08	-7.727032807e-05
29.09	-8.633915851e-05
29.1	-9.524948563e-05
29.11	-0.0001039936721
29.12	-0.0001125643074
29.13	-0.0001209542134
29.14	-0.0001291564497
29.15	-0.0001371643186
29.16	-0.00014497137
29.17	-0.0001525714057
29.18	-0.0001599584838
29.19	-0.0001671269225
29.2	-0.0001740713033
29.21	-0.0001807864751
29.22	-0.0001872675567
29.23	-0.0001935099394
29.24	-0.0001995092898
29.25	-0.000205261552
29.26	-0.0002107629488
29.27	-0.000216009984
29.28	-0.0002209994433
29.29	-0.0002257283951
29.3	-0.0002301941916
29.31	-0.0002343944688
29.32	-0.000238327147
29.33	-0.00024199043
29.34	-0.0002453828052
29.35	-0.0002485030428
29.36	-0.0002513501944
29.37	-0.0002539235921
29.38	-0.0002562228465
29.39	-0.0002582478455
29.4	-0.0002599987516
29.41	-0.0002614759999
29.42	-0.0002626802953
29.43	-0.0002636126098
29.44	-0.0002642741793
29.45	-0.0002646665002
29.46	-0.0002647913262
29.47	-0.0002646506639
29.48	-0.0002642467692
29.49	-0.0002635821431
29.5	-0.000262659527
29.51	-0.0002614818982
29.52	-0.0002600524648
29.53	-0.0002583746612
29.54	-0.0002564521423
29.55	-0.0002542887783
29.56	-0.0002518886493
29.57	-0.0002492560393
29.58	-0.0002463954303
29.59	-0.0002433114964
29.6	-0.0002400090977
29.61	-0.0002364932734
29.62	-0.0002327692361
29.63	-0.0002288423648
29.64	-0.0002247181979
29.65	-0.0002204024273
29.66	-0.0002159008904
29.67	-0.0002112195639
29.68	-0.0002063645566
29.69	-0.0002013421018
29.7	-0.0001961585506
29.71	-0.0001908203644
29.72	-0.0001853341074
29.73	-0.0001797064397
29.74	-0.0001739441093
29.75	-0.000168053945
29.76	-0.0001620428491
29.77	-0.0001559177894
29.78	-0.0001496857922
29.79	-0.0001433539346
29.8	-0.000136929337
29.81	-0.0001304191557
29.82	-0.0001238305756
29.83	-0.0001171708025
29.84	-0.0001104470559
29.85	-0.0001036665619
29.86	-9.683654534e-05
29.87	-8.996422329e-05
29.88	-8.30567974e-05
29.89	-7.612144704e-05
29.9	-6.916532228e-05
29.91	-6.219553694e-05
29.92	-5.521916183e-05
29.93	-4.824321799e-05
29.94	-4.127467008e-05
29.95	-3.432041989e-05
29.96	-2.738729991e-05
29.97	-2.048206712e-05
29.98	-1.361139677e-05
29.99	-6.781876411e-06
30	-2.318075358e-18
