temps	angle
0	0
0.01	0.8769186345
0.02	1.74803142
0.03	2.612816706
0.04	3.470760002
0.05	4.321354268
0.06	5.164100189
0.07	5.99850645
0.08	6.824090003
0.09	7.640376321
0.1	8.446899658
0.11	9.243203288
0.12	10.02883975
0.13	10.80337105
0.14	11.56636894
0.15	12.31741509
0.16	13.05610128
0.17	13.78202967
0.18	14.49481291
0.19	15.19407438
0.2	15.87944835
0.21	16.55058014
0.22	17.20712631
0.23	17.84875476
0.24	18.47514492
0.25	19.08598787
0.26	19.68098647
0.27	20.25985547
0.28	20.82232164
0.29	21.36812385
0.3	21.89701318
0.31	22.40875299
0.32	22.90311903
0.33	23.37989948
0.34	23.83889502
0.35	24.27991886
0.36	24.70279684
0.37	25.10736741
0.38	25.49348169
0.39	25.86100347
0.4	26.20980923
0.41	26.53978816
0.42	26.85084211
0.43	27.14288563
0.44	27.41584591
0.45	27.66966276
0.46	27.90428858
0.47	28.11968833
0.48	28.31583944
0.49	28.49273176
0.5	28.65036754
0.51	28.78876127
0.52	28.90793967
0.53	29.00794157
0.54	29.08881781
0.55	29.15063114
0.56	29.19345613
0.57	29.217379
0.58	29.22249756
0.59	29.20892101
0.6	29.17676988
0.61	29.12617579
0.62	29.0572814
0.63	28.97024019
0.64	28.86521629
0.65	28.74238436
0.66	28.60192939
0.67	28.44404651
0.68	28.2689408
0.69	28.07682714
0.7	27.86792997
0.71	27.64248311
0.72	27.40072957
0.73	27.14292129
0.74	26.86931898
0.75	26.58019186
0.76	26.27581748
0.77	25.95648146
0.78	25.62247724
0.79	25.27410591
0.8	24.91167591
0.81	24.53550284
0.82	24.14590916
0.83	23.74322399
0.84	23.32778284
0.85	22.89992737
0.86	22.4600051
0.87	22.00836921
0.88	21.54537821
0.89	21.07139576
0.9	20.58679034
0.91	20.09193501
0.92	19.58720715
0.93	19.0729882
0.94	18.54966336
0.95	18.01762135
0.96	17.47725414
0.97	16.92895665
0.98	16.37312654
0.99	15.81016387
1	15.24047087
1.01	14.66445166
1.02	14.08251201
1.03	13.495059
1.04	12.90250083
1.05	12.3052465
1.06	11.70370558
1.07	11.09828792
1.08	10.48940338
1.09	9.877461601
1.1	9.262871722
1.11	8.646042124
1.12	8.027380173
1.13	7.407291973
1.14	6.786182108
1.15	6.164453393
1.16	5.54250663
1.17	4.920740362
1.18	4.299550633
1.19	3.67933075
1.2	3.060471047
1.21	2.443358655
1.22	1.828377272
1.23	1.215906941
1.24	0.6063238268
1.25	2.945903154e-15
1.26	-0.6026967759
1.27	-1.201403254
1.28	-1.795760909
1.29	-2.385416139
1.3	-2.970020459
1.31	-3.549230695
1.32	-4.122709172
1.33	-4.690123896
1.34	-5.251148731
1.35	-5.805463574
1.36	-6.352754522
1.37	-6.892714035
1.38	-7.425041098
1.39	-7.94944137
1.4	-8.465627332
1.41	-8.973318435
1.42	-9.47224123
1.43	-9.962129508
1.44	-10.44272442
1.45	-10.9137746
1.46	-11.37503629
1.47	-11.82627343
1.48	-12.26725778
1.49	-12.69776903
1.5	-13.11759484
1.51	-13.526531
1.52	-13.92438146
1.53	-14.31095842
1.54	-14.68608243
1.55	-15.04958239
1.56	-15.40129568
1.57	-15.74106816
1.58	-16.06875425
1.59	-16.38421696
1.6	-16.68732792
1.61	-16.97796742
1.62	-17.25602444
1.63	-17.52139664
1.64	-17.77399042
1.65	-18.01372089
1.66	-18.24051186
1.67	-18.45429591
1.68	-18.65501429
1.69	-18.84261696
1.7	-19.01706256
1.71	-19.17831838
1.72	-19.32636031
1.73	-19.46117287
1.74	-19.58274906
1.75	-19.69109044
1.76	-19.78620697
1.77	-19.868117
1.78	-19.93684724
1.79	-19.99243261
1.8	-20.03491625
1.81	-20.06434941
1.82	-20.08079134
1.83	-20.08430927
1.84	-20.07497826
1.85	-20.05288113
1.86	-20.01810835
1.87	-19.97075798
1.88	-19.91093548
1.89	-19.83875368
1.9	-19.75433262
1.91	-19.65779942
1.92	-19.54928821
1.93	-19.42893993
1.94	-19.29690227
1.95	-19.15332949
1.96	-18.99838228
1.97	-18.83222766
1.98	-18.6550388
1.99	-18.46699486
2	-18.2682809
2.01	-18.05908765
2.02	-17.83961142
2.03	-17.6100539
2.04	-17.37062202
2.05	-17.12152777
2.06	-16.86298805
2.07	-16.59522449
2.08	-16.31846329
2.09	-16.03293505
2.1	-15.73887457
2.11	-15.43652071
2.12	-15.1261162
2.13	-14.80790745
2.14	-14.4821444
2.15	-14.14908028
2.16	-13.80897152
2.17	-13.46207748
2.18	-13.1086603
2.19	-12.74898475
2.2	-12.38331798
2.21	-12.01192939
2.22	-11.63509041
2.23	-11.25307433
2.24	-10.86615612
2.25	-10.47461223
2.26	-10.07872041
2.27	-9.67875952
2.28	-9.275009366
2.29	-8.867750488
2.3	-8.457263994
2.31	-8.043831369
2.32	-7.627734299
2.33	-7.209254483
2.34	-6.78867346
2.35	-6.366272426
2.36	-5.942332055
2.37	-5.51713233
2.38	-5.090952358
2.39	-4.664070207
2.4	-4.236762726
2.41	-3.809305384
2.42	-3.381972094
2.43	-2.955035054
2.44	-2.528764578
2.45	-2.103428939
2.46	-1.679294208
2.47	-1.256624097
2.48	-0.8356798047
2.49	-0.4167198656
2.5	-4.049375308e-15
2.51	0.4142270324
2.52	0.825711576
2.53	1.23420722
2.54	1.639470938
2.55	2.041263219
2.56	2.439348204
2.57	2.833493814
2.58	3.22347187
2.59	3.609058224
2.6	3.990032873
2.61	4.366180074
2.62	4.737288458
2.63	5.103151142
2.64	5.463565826
2.65	5.818334904
2.66	6.167265555
2.67	6.510169844
2.68	6.846864805
2.69	7.177172535
2.7	7.500920275
2.71	7.817940488
2.72	8.128070937
2.73	8.431154756
2.74	8.727040517
2.75	9.015582296
2.76	9.296639734
2.77	9.57007809
2.78	9.835768294
2.79	10.093587
2.8	10.34341663
2.81	10.5851454
2.82	10.81866739
2.83	11.04388252
2.84	11.26069666
2.85	11.46902157
2.86	11.66877499
2.87	11.85988059
2.88	12.04226806
2.89	12.21587306
2.9	12.38063724
2.91	12.53650824
2.92	12.68343973
2.93	12.82139132
2.94	12.95032862
2.95	13.07022321
2.96	13.1810526
2.97	13.28280024
2.98	13.37545546
2.99	13.45901348
3	13.53347535
3.01	13.59884792
3.02	13.65514381
3.03	13.70238136
3.04	13.74058459
3.05	13.76978314
3.06	13.79001223
3.07	13.8013126
3.08	13.80373043
3.09	13.79731733
3.1	13.78213021
3.11	13.75823125
3.12	13.72568785
3.13	13.68457249
3.14	13.63496271
3.15	13.57694102
3.16	13.51059479
3.17	13.43601619
3.18	13.35330211
3.19	13.26255405
3.2	13.16387801
3.21	13.05738446
3.22	12.94318817
3.23	12.82140816
3.24	12.69216758
3.25	12.5555936
3.26	12.41181733
3.27	12.26097367
3.28	12.10320125
3.29	11.93864228
3.3	11.76744247
3.31	11.5897509
3.32	11.40571987
3.33	11.21550487
3.34	11.01926437
3.35	10.81715975
3.36	10.60935519
3.37	10.39601749
3.38	10.17731603
3.39	9.953422577
3.4	9.724511184
3.41	9.490758078
3.42	9.25234152
3.43	9.009441686
3.44	8.762240535
3.45	8.510921685
3.46	8.255670288
3.47	7.996672896
3.48	7.734117342
3.49	7.468192604
3.5	7.199088685
3.51	6.92699648
3.52	6.65210765
3.53	6.374614498
3.54	6.094709838
3.55	5.812586871
3.56	5.528439061
3.57	5.242460005
3.58	4.954843314
3.59	4.665782486
3.6	4.375470784
3.61	4.084101113
3.62	3.7918659
3.63	3.498956975
3.64	3.205565449
3.65	2.911881599
3.66	2.61809475
3.67	2.324393162
3.68	2.030963911
3.69	1.737992783
3.7	1.445664158
3.71	1.154160905
3.72	0.8636642693
3.73	0.5743537703
3.74	0.2864070959
3.75	4.174638352e-15
3.76	-0.2846937984
3.77	-0.5675027136
3.78	-0.8482573903
3.79	-1.126790798
3.8	-1.402938326
3.81	-1.676537868
3.82	-1.94742992
3.83	-2.215457657
3.84	-2.480467024
3.85	-2.742306816
3.86	-3.000828754
3.87	-3.255887568
3.88	-3.507341068
3.89	-3.755050216
3.9	-3.9988792
3.91	-4.238695496
3.92	-4.474369937
3.93	-4.705776774
3.94	-4.932793735
3.95	-5.155302086
3.96	-5.37318668
3.97	-5.586336012
3.98	-5.794642271
3.99	-5.998001383
4	-6.196313054
4.01	-6.389480818
4.02	-6.577412068
4.03	-6.760018097
4.04	-6.937214131
4.05	-7.108919355
4.06	-7.275056949
4.07	-7.435554105
4.08	-7.590342054
4.09	-7.739356086
4.1	-7.882535565
4.11	-8.019823945
4.12	-8.151168779
4.13	-8.276521732
4.14	-8.395838585
4.15	-8.509079237
4.16	-8.61620771
4.17	-8.717192143
4.18	-8.812004792
4.19	-8.900622019
4.2	-8.983024285
4.21	-9.059196139
4.22	-9.129126198
4.23	-9.192807139
4.24	-9.250235669
4.25	-9.301412511
4.26	-9.346342377
4.27	-9.385033939
4.28	-9.417499802
4.29	-9.443756473
4.3	-9.463824325
4.31	-9.477727563
4.32	-9.485494184
4.33	-9.487155935
4.34	-9.482748276
4.35	-9.47231033
4.36	-9.455884835
4.37	-9.433518102
4.38	-9.405259956
4.39	-9.371163689
4.4	-9.331286001
4.41	-9.285686948
4.42	-9.23442988
4.43	-9.177581379
4.44	-9.115211205
4.45	-9.047392224
4.46	-8.974200346
4.47	-8.895714461
4.48	-8.812016367
4.49	-8.723190702
4.5	-8.629324871
4.51	-8.530508978
4.52	-8.426835749
4.53	-8.318400455
4.54	-8.205300843
4.55	-8.087637051
4.56	-7.965511534
4.57	-7.839028985
4.58	-7.708296252
4.59	-7.573422259
4.6	-7.434517923
4.61	-7.291696074
4.62	-7.145071365
4.63	-6.994760197
4.64	-6.840880625
4.65	-6.683552278
4.66	-6.522896274
4.67	-6.359035131
4.68	-6.192092679
4.69	-6.022193978
4.7	-5.849465227
4.71	-5.674033678
4.72	-5.496027548
4.73	-5.31557593
4.74	-5.132808709
4.75	-4.94785647
4.76	-4.760850415
4.77	-4.571922269
4.78	-4.381204201
4.79	-4.188828729
4.8	-3.994928638
4.81	-3.799636895
4.82	-3.603086556
4.83	-3.405410688
4.84	-3.20674228
4.85	-3.00721416
4.86	-2.806958908
4.87	-2.60610878
4.88	-2.404795616
4.89	-2.203150765
4.9	-2.001305004
4.91	-1.799388453
4.92	-1.5975305
4.93	-1.395859722
4.94	-1.194503806
4.95	-0.9935894768
4.96	-0.7932424161
4.97	-0.5935871927
4.98	-0.3947471885
4.99	-0.1968445264
5	-3.82557891e-15
5.01	0.1956669954
5.02	0.3900385307
5.03	0.58299821
5.04	0.7744312352
5.05	0.96422447
5.06	1.152266502
5.07	1.338447705
5.08	1.522660295
5.09	1.704798392
5.1	1.884758074
5.11	2.06243743
5.12	2.237736618
5.13	2.410557913
5.14	2.580805755
5.15	2.748386801
5.16	2.91320997
5.17	3.075186487
5.18	3.234229925
5.19	3.390256249
5.2	3.543183853
5.21	3.692933598
5.22	3.839428849
5.23	3.982595508
5.24	4.122362045
5.25	4.25865953
5.26	4.391421663
5.27	4.520584797
5.28	4.646087963
5.29	4.767872897
5.3	4.885884057
5.31	5.000068644
5.32	5.110376618
5.33	5.216760716
5.34	5.319176463
5.35	5.417582184
5.36	5.511939015
5.37	5.602210912
5.38	5.688364652
5.39	5.770369846
5.4	5.848198932
5.41	5.921827183
5.42	5.991232701
5.43	6.056396418
5.44	6.117302088
5.45	6.173936282
5.46	6.22628838
5.47	6.274350561
5.48	6.318117788
5.49	6.357587802
5.5	6.392761097
5.51	6.423640912
5.52	6.450233207
5.53	6.472546647
5.54	6.490592576
5.55	6.504384995
5.56	6.513940542
5.57	6.519278456
5.58	6.52042056
5.59	6.517391224
5.6	6.510217335
5.61	6.498928269
5.62	6.483555853
5.63	6.464134332
5.64	6.440700333
5.65	6.413292826
5.66	6.381953086
5.67	6.346724652
5.68	6.307653287
5.69	6.264786935
5.7	6.218175676
5.71	6.167871684
5.72	6.113929176
5.73	6.056404374
5.74	5.995355446
5.75	5.930842467
5.76	5.862927363
5.77	5.791673864
5.78	5.71714745
5.79	5.639415299
5.8	5.558546236
5.81	5.474610677
5.82	5.387680577
5.83	5.297829371
5.84	5.205131922
5.85	5.109664462
5.86	5.011504536
5.87	4.910730946
5.88	4.807423691
5.89	4.701663911
5.9	4.593533825
5.91	4.483116676
5.92	4.370496669
5.93	4.255758911
5.94	4.138989356
5.95	4.020274737
5.96	3.899702514
5.97	3.777360809
5.98	3.653338347
5.99	3.527724396
6	3.400608705
6.01	3.272081448
6.02	3.142233159
6.03	3.011154675
6.04	2.878937076
6.05	2.745671623
6.06	2.611449701
6.07	2.47636276
6.08	2.340502256
6.09	2.203959589
6.1	2.066826051
6.11	1.929192764
6.12	1.791150624
6.13	1.652790244
6.14	1.514201901
6.15	1.375475473
6.16	1.236700392
6.17	1.097965585
6.18	0.9593594213
6.19	0.8209696596
6.2	0.682883395
6.21	0.545187008
6.22	0.4079661136
6.23	0.2713055105
6.24	0.1352891326
6.25	3.286599212e-15
6.26	-0.1344798281
6.27	-0.2680693005
6.28	-0.4006884193
6.29	-0.5322582851
6.3	-0.6627011406
6.31	-0.7919404133
6.32	-0.9199007578
6.33	-1.046508096
6.34	-1.171689657
6.35	-1.295374017
6.36	-1.417491134
6.37	-1.537972387
6.38	-1.656750609
6.39	-1.773760126
6.4	-1.888936782
6.41	-2.002217979
6.42	-2.113542703
6.43	-2.222851553
6.44	-2.330086772
6.45	-2.435192275
6.46	-2.538113669
6.47	-2.638798285
6.48	-2.737195194
6.49	-2.833255236
6.5	-2.926931037
6.51	-3.018177028
6.52	-3.106949465
6.53	-3.193206445
6.54	-3.276907925
6.55	-3.35801573
6.56	-3.436493572
6.57	-3.51230706
6.58	-3.58542371
6.59	-3.655812955
6.6	-3.723446152
6.61	-3.78829659
6.62	-3.850339497
6.63	-3.909552039
6.64	-3.96591333
6.65	-4.019404426
6.66	-4.070008334
6.67	-4.117710002
6.68	-4.162496326
6.69	-4.20435614
6.7	-4.243280215
6.71	-4.279261251
6.72	-4.312293872
6.73	-4.342374618
6.74	-4.369501935
6.75	-4.393676164
6.76	-4.414899529
6.77	-4.433176129
6.78	-4.448511917
6.79	-4.46091469
6.8	-4.470394072
6.81	-4.476961497
6.82	-4.480630189
6.83	-4.481415144
6.84	-4.479333114
6.85	-4.474402577
6.86	-4.466643723
6.87	-4.456078426
6.88	-4.442730223
6.89	-4.426624287
6.9	-4.407787401
6.91	-4.386247934
6.92	-4.362035809
6.93	-4.335182479
6.94	-4.305720894
6.95	-4.273685476
6.96	-4.239112081
6.97	-4.202037974
6.98	-4.162501794
6.99	-4.120543521
7	-4.076204442
7.01	-4.029527119
7.02	-3.980555353
7.03	-3.929334147
7.04	-3.875909673
7.05	-3.820329234
7.06	-3.762641224
7.07	-3.702895098
7.08	-3.641141328
7.09	-3.577431365
7.1	-3.511817603
7.11	-3.444353338
7.12	-3.37509273
7.13	-3.304090761
7.14	-3.231403198
7.15	-3.15708655
7.16	-3.081198027
7.17	-3.003795503
7.18	-2.924937473
7.19	-2.844683009
7.2	-2.763091725
7.21	-2.680223729
7.22	-2.596139586
7.23	-2.510900278
7.24	-2.424567156
7.25	-2.337201904
7.26	-2.248866499
7.27	-2.159623162
7.28	-2.069534325
7.29	-1.978662587
7.3	-1.887070669
7.31	-1.794821382
7.32	-1.701977576
7.33	-1.608602107
7.34	-1.514757796
7.35	-1.420507386
7.36	-1.325913503
7.37	-1.23103862
7.38	-1.135945015
7.39	-1.040694732
7.4	-0.9453495457
7.41	-0.8499709204
7.42	-0.754619975
7.43	-0.6593574448
7.44	-0.5642436452
7.45	-0.469338436
7.46	-0.3747011856
7.47	-0.280390736
7.48	-0.1864653687
7.49	-0.09298277036
7.5	-2.710613283e-15
7.51	0.09242654408
7.52	0.1842411562
7.53	0.2753888547
7.54	0.3658154129
7.55	0.455467389
7.56	0.5442921555
7.57	0.6322379284
7.58	0.7192537946
7.59	0.8052897396
7.6	0.8902966739
7.61	0.9742264591
7.62	1.057031932
7.63	1.138666931
7.64	1.219086318
7.65	1.298245999
7.66	1.376102951
7.67	1.45261524
7.68	1.52774204
7.69	1.601443657
7.7	1.673681542
7.71	1.744418313
7.72	1.81361777
7.73	1.881244911
7.74	1.947265948
7.75	2.011648322
7.76	2.074360713
7.77	2.135373057
7.78	2.194656555
7.79	2.252183684
7.8	2.307928209
7.81	2.361865189
7.82	2.413970986
7.83	2.464223276
7.84	2.512601049
7.85	2.55908462
7.86	2.603655631
7.87	2.646297056
7.88	2.686993202
7.89	2.725729712
7.9	2.762493569
7.91	2.797273092
7.92	2.830057938
7.93	2.860839098
7.94	2.889608899
7.95	2.916360999
7.96	2.941090379
7.97	2.963793345
7.98	2.98446752
7.99	3.003111834
8	3.019726522
8.01	3.034313113
8.02	3.046874424
8.03	3.057414547
8.04	3.06593884
8.05	3.072453918
8.06	3.076967638
8.07	3.079489091
8.08	3.080028583
8.09	3.078597625
8.1	3.07520892
8.11	3.069876343
8.12	3.062614928
8.13	3.053440851
8.14	3.042371414
8.15	3.029425024
8.16	3.014621179
8.17	2.997980445
8.18	2.979524439
8.19	2.959275808
8.2	2.937258209
8.21	2.913496285
8.22	2.888015649
8.23	2.860842856
8.24	2.832005385
8.25	2.801531611
8.26	2.769450788
8.27	2.735793018
8.28	2.700589232
8.29	2.663871164
8.3	2.625671324
8.31	2.586022973
8.32	2.544960102
8.33	2.502517397
8.34	2.458730223
8.35	2.413634587
8.36	2.367267122
8.37	2.319665048
8.38	2.270866156
8.39	2.220908774
8.4	2.169831738
8.41	2.11767437
8.42	2.064476445
8.43	2.010278166
8.44	1.955120134
8.45	1.899043319
8.46	1.842089033
8.47	1.784298904
8.48	1.725714841
8.49	1.666379012
8.5	1.606333811
8.51	1.545621834
8.52	1.484285845
8.53	1.422368754
8.54	1.359913582
8.55	1.296963439
8.56	1.233561493
8.57	1.16975094
8.58	1.105574982
8.59	1.041076793
8.6	0.9762994968
8.61	0.9112861353
8.62	0.8460796455
8.63	0.7807228301
8.64	0.7152583319
8.65	0.6497286074
8.66	0.5841759009
8.67	0.5186422184
8.68	0.4531693027
8.69	0.387798608
8.7	0.3225712752
8.71	0.2575281076
8.72	0.1927095467
8.73	0.1281556487
8.74	0.06390606118
8.75	2.173471356e-15
8.76	-0.06352377282
8.77	-0.1266269714
8.78	-0.1892718073
8.79	-0.2514210113
8.8	-0.3130378533
8.81	-0.374086163
8.82	-0.4345303498
8.83	-0.4943354218
8.84	-0.5534670043
8.85	-0.6118913589
8.86	-0.6695754004
8.87	-0.7264867145
8.88	-0.7825935741
8.89	-0.8378649561
8.9	-0.8922705563
8.91	-0.9457808048
8.92	-0.9983668805
8.93	-1.050000725
8.94	-1.100655056
8.95	-1.15030338
8.96	-1.198920004
8.97	-1.246480049
8.98	-1.292959458
8.99	-1.338335009
9	-1.382584324
9.01	-1.425685878
9.02	-1.467619008
9.03	-1.508363921
9.04	-1.5479017
9.05	-1.586214314
9.06	-1.623284622
9.07	-1.659096378
9.08	-1.693634238
9.09	-1.726883763
9.1	-1.758831423
9.11	-1.789464601
9.12	-1.818771595
9.13	-1.84674162
9.14	-1.873364808
9.15	-1.898632213
9.16	-1.922535806
9.17	-1.945068479
9.18	-1.96622404
9.19	-1.985997216
9.2	-2.004383647
9.21	-2.021379885
9.22	-2.036983391
9.23	-2.051192529
9.24	-2.064006566
9.25	-2.075425663
9.26	-2.085450871
9.27	-2.094084126
9.28	-2.101328239
9.29	-2.107186894
9.3	-2.111664637
9.31	-2.114766869
9.32	-2.116499836
9.33	-2.116870623
9.34	-2.115887142
9.35	-2.113558121
9.36	-2.109893098
9.37	-2.104902405
9.38	-2.09859716
9.39	-2.090989255
9.4	-2.08209134
9.41	-2.071916816
9.42	-2.060479818
9.43	-2.047795203
9.44	-2.033878536
9.45	-2.018746076
9.46	-2.00241476
9.47	-1.984902192
9.48	-1.966226623
9.49	-1.946406938
9.5	-1.92546264
9.51	-1.903413834
9.52	-1.88028121
9.53	-1.856086026
9.54	-1.830850091
9.55	-1.80459575
9.56	-1.777345864
9.57	-1.749123793
9.58	-1.719953377
9.59	-1.689858921
9.6	-1.658865175
9.61	-1.626997313
9.62	-1.594280918
9.63	-1.560741963
9.64	-1.526406789
9.65	-1.49130209
9.66	-1.45545489
9.67	-1.418892527
9.68	-1.381642631
9.69	-1.343733107
9.7	-1.305192113
9.71	-1.266048043
9.72	-1.226329507
9.73	-1.186065309
9.74	-1.145284429
9.75	-1.104016007
9.76	-1.062289315
9.77	-1.020133748
9.78	-0.977578795
9.79	-0.9346540251
9.8	-0.8913890669
9.81	-0.8478135888
9.82	-0.8039572802
9.83	-0.7598498322
9.84	-0.7155209185
9.85	-0.671000177
9.86	-0.6263171907
9.87	-0.5815014694
9.88	-0.5365824308
9.89	-0.4915893831
9.9	-0.446551506
9.91	-0.4014978336
9.92	-0.3564572362
9.93	-0.3114584032
9.94	-0.2665298256
9.95	-0.2216997791
9.96	-0.1769963073
9.97	-0.1324472054
9.98	-0.0880800034
9.99	-0.0439219507
10	-1.70720407e-15
10.01	0.04365920801
10.02	0.08702935983
10.03	0.130084484
10.04	0.1727989655
10.05	0.2151475604
10.06	0.2571054092
10.07	0.2986480508
10.08	0.3397514355
10.09	0.3803919383
10.1	0.4205463708
10.11	0.4601919941
10.12	0.49930653
10.13	0.5378681731
10.14	0.5758556014
10.15	0.6132479871
10.16	0.6500250072
10.17	0.6861668533
10.18	0.7216542411
10.19	0.7564684197
10.2	0.7905911805
10.21	0.8240048651
10.22	0.8566923739
10.23	0.8886371734
10.24	0.9198233032
10.25	0.950235383
10.26	0.979858619
10.27	1.00867881
10.28	1.036682351
10.29	1.063856243
10.3	1.090188092
10.31	1.115666117
10.32	1.140279153
10.33	1.164016654
10.34	1.186868696
10.35	1.20882598
10.36	1.229879835
10.37	1.250022218
10.38	1.269245716
10.39	1.287543548
10.4	1.304909564
10.41	1.321338248
10.42	1.336824712
10.43	1.351364703
10.44	1.364954595
10.45	1.377591391
10.46	1.389272723
10.47	1.399996845
10.48	1.409762634
10.49	1.418569584
10.5	1.426417807
10.51	1.433308025
10.52	1.439241569
10.53	1.44422037
10.54	1.448246961
10.55	1.451324466
10.56	1.453456596
10.57	1.454647646
10.58	1.454902484
10.59	1.454226548
10.6	1.452625837
10.61	1.450106905
10.62	1.446676856
10.63	1.442343329
10.64	1.437114497
10.65	1.430999055
10.66	1.424006214
10.67	1.416145688
10.68	1.407427688
10.69	1.397862912
10.7	1.387462534
10.71	1.376238197
10.72	1.364201996
10.73	1.351366478
10.74	1.337744621
10.75	1.323349829
10.76	1.308195922
10.77	1.292297117
10.78	1.275668026
10.79	1.258323639
10.8	1.240279312
10.81	1.221550757
10.82	1.20215403
10.83	1.182105516
10.84	1.161421919
10.85	1.14012025
10.86	1.11821781
10.87	1.095732182
10.88	1.072681218
10.89	1.049083021
10.9	1.024955938
10.91	1.000318542
10.92	0.9751896216
10.93	0.9495881674
10.94	0.9235333578
10.95	0.8970445459
10.96	0.8701412466
10.97	0.8428431223
10.98	0.8151699705
10.99	0.7871417094
11	0.758778365
11.01	0.7301000575
11.02	0.701126988
11.03	0.671879425
11.04	0.6423776908
11.05	0.6126421489
11.06	0.58269319
11.07	0.5525512193
11.08	0.5222366432
11.09	0.491769856
11.1	0.4611712277
11.11	0.4304610903
11.12	0.3996597255
11.13	0.3687873519
11.14	0.3378641126
11.15	0.3069100625
11.16	0.2759451565
11.17	0.2449892368
11.18	0.2140620213
11.19	0.1831830916
11.2	0.1523718813
11.21	0.1216476644
11.22	0.09102954426
11.23	0.06053644201
11.24	0.03018708582
11.25	1.320010935e-15
11.26	-0.03000650559
11.27	-0.05981434595
11.28	-0.08940567117
11.29	-0.1187628764
11.3	-0.1478686116
11.31	-0.1767057913
11.32	-0.2052576034
11.33	-0.2335075191
11.34	-0.2614393009
11.35	-0.2890370119
11.36	-0.3162850237
11.37	-0.3431680249
11.38	-0.3696710288
11.39	-0.395779381
11.4	-0.4214787668
11.41	-0.4467552184
11.42	-0.4715951217
11.43	-0.4959852229
11.44	-0.5199126346
11.45	-0.5433648423
11.46	-0.5663297095
11.47	-0.5887954838
11.48	-0.610750802
11.49	-0.6321846947
11.5	-0.6530865911
11.51	-0.6734463236
11.52	-0.6932541316
11.53	-0.7125006655
11.54	-0.73117699
11.55	-0.7492745875
11.56	-0.7667853611
11.57	-0.7837016368
11.58	-0.8000161667
11.59	-0.8157221301
11.6	-0.8308131362
11.61	-0.8452832249
11.62	-0.8591268686
11.63	-0.8723389727
11.64	-0.8849148764
11.65	-0.8968503533
11.66	-0.9081416113
11.67	-0.9187852922
11.68	-0.9287784719
11.69	-0.9381186589
11.7	-0.9468037939
11.71	-0.9548322482
11.72	-0.9622028222
11.73	-0.968914744
11.74	-0.9749676665
11.75	-0.980361666
11.76	-0.985097239
11.77	-0.9891752996
11.78	-0.9925971765
11.79	-0.9953646092
11.8	-0.9974797453
11.81	-0.9989451358
11.82	-0.9997637315
11.83	-0.9999388789
11.84	-0.999474315
11.85	-0.9983741636
11.86	-0.9966429292
11.87	-0.9942854928
11.88	-0.9913071062
11.89	-0.987713386
11.9	-0.9835103087
11.91	-0.9787042039
11.92	-0.9733017486
11.93	-0.9673099607
11.94	-0.9607361927
11.95	-0.9535881247
11.96	-0.9458737576
11.97	-0.9376014062
11.98	-0.9287796919
11.99	-0.9194175357
12	-0.9095241499
12.01	-0.8991090314
12.02	-0.8881819534
12.03	-0.8767529576
12.04	-0.8648323462
12.05	-0.8524306737
12.06	-0.8395587389
12.07	-0.8262275763
12.08	-0.8124484476
12.09	-0.7982328333
12.1	-0.7835924241
12.11	-0.7685391119
12.12	-0.7530849814
12.13	-0.7372423007
12.14	-0.7210235131
12.15	-0.7044412274
12.16	-0.6875082092
12.17	-0.6702373717
12.18	-0.6526417668
12.19	-0.6347345754
12.2	-0.616529099
12.21	-0.5980387498
12.22	-0.5792770417
12.23	-0.5602575811
12.24	-0.5409940577
12.25	-0.5215002352
12.26	-0.501789942
12.27	-0.4818770619
12.28	-0.4617755254
12.29	-0.4414992998
12.3	-0.4210623807
12.31	-0.4004787823
12.32	-0.379762529
12.33	-0.3589276458
12.34	-0.3379881497
12.35	-0.3169580405
12.36	-0.2958512923
12.37	-0.2746818445
12.38	-0.2534635931
12.39	-0.2322103823
12.4	-0.2109359955
12.41	-0.1896541476
12.42	-0.1683784759
12.43	-0.1471225323
12.44	-0.1258997749
12.45	-0.1047235604
12.46	-0.08360713554
12.47	-0.06256362983
12.48	-0.04160604757
12.49	-0.02074726044
12.5	-1.008032627e-15
12.51	0.02062314958
12.52	0.04110975869
12.53	0.06144755926
12.54	0.08162445167
12.55	0.1016285114
12.56	0.1214479958
12.57	0.1410713502
12.58	0.1604872144
12.59	0.1796844286
12.6	0.1986520394
12.61	0.2173793058
12.62	0.2358557044
12.63	0.2540709348
12.64	0.2720149253
12.65	0.2896778376
12.66	0.3070500718
12.67	0.3241222711
12.68	0.3408853261
12.69	0.3573303797
12.7	0.3734488306
12.71	0.3892323376
12.72	0.4046728234
12.73	0.4197624782
12.74	0.4344937629
12.75	0.4488594122
12.76	0.462852438
12.77	0.4764661321
12.78	0.4896940685
12.79	0.5025301061
12.8	0.5149683909
12.81	0.5270033578
12.82	0.5386297328
12.83	0.5498425342
12.84	0.5606370745
12.85	0.5710089612
12.86	0.580954098
12.87	0.5904686859
12.88	0.5995492234
12.89	0.6081925072
12.9	0.6163956325
12.91	0.624155993
12.92	0.6314712809
12.93	0.6383394861
12.94	0.6447588965
12.95	0.6507280966
12.96	0.6562459672
12.97	0.6613116837
12.98	0.6659247156
12.99	0.6700848244
13	0.6737920624
13.01	0.677046771
13.02	0.6798495783
13.03	0.6822013975
13.04	0.6841034244
13.05	0.6855571348
13.06	0.6865642819
13.07	0.687126894
13.08	0.6872472709
13.09	0.6869279812
13.1	0.6861718588
13.11	0.684982
13.12	0.6833617593
13.13	0.6813147461
13.14	0.6788448207
13.15	0.6759560908
13.16	0.6726529064
13.17	0.6689398568
13.18	0.6648217653
13.19	0.660303685
13.2	0.6553908945
13.21	0.6500888927
13.22	0.6444033942
13.23	0.6383403246
13.24	0.631905815
13.25	0.625106197
13.26	0.6179479978
13.27	0.6104379342
13.28	0.6025829079
13.29	0.5943899995
13.3	0.5858664629
13.31	0.5770197202
13.32	0.567857355
13.33	0.5583871076
13.34	0.5486168683
13.35	0.538554672
13.36	0.5282086919
13.37	0.5175872337
13.38	0.5066987292
13.39	0.4955517303
13.4	0.4841549032
13.41	0.4725170213
13.42	0.4606469598
13.43	0.4485536892
13.44	0.4362462686
13.45	0.4237338398
13.46	0.411025621
13.47	0.3981309002
13.48	0.3850590289
13.49	0.3718194158
13.5	0.3584215206
13.51	0.3448748473
13.52	0.3311889384
13.53	0.3173733678
13.54	0.3034377354
13.55	0.2893916599
13.56	0.2752447735
13.57	0.2610067147
13.58	0.2466871228
13.59	0.2322956316
13.6	0.2178418631
13.61	0.2033354213
13.62	0.1887858868
13.63	0.1742028101
13.64	0.1595957061
13.65	0.1449740482
13.66	0.1303472623
13.67	0.1157247213
13.68	0.1011157391
13.69	0.08652956551
13.7	0.07197538029
13.71	0.05746228789
13.72	0.04299931202
13.73	0.02859539043
13.74	0.01425936967
13.75	2.77194041e-15
13.76	-0.0141740696
13.77	-0.0282542964
13.78	-0.04223224869
13.79	-0.05609961052
13.8	-0.06984818633
13.81	-0.08346990546
13.82	-0.09695682655
13.83	-0.1103011418
13.84	-0.1234951813
13.85	-0.1365314169
13.86	-0.1494024663
13.87	-0.1621010969
13.88	-0.1746202295
13.89	-0.1869529418
13.9	-0.1990924721
13.91	-0.2110322224
13.92	-0.2227657619
13.93	-0.23428683
13.94	-0.2455893389
13.95	-0.2566673774
13.96	-0.2675152126
13.97	-0.278127293
13.98	-0.2884982509
13.99	-0.2986229049
14	-0.3084962617
14.01	-0.3181135183
14.02	-0.3274700643
14.03	-0.3365614832
14.04	-0.3453835542
14.05	-0.353932254
14.06	-0.3622037577
14.07	-0.3701944406
14.08	-0.3779008788
14.09	-0.3853198506
14.1	-0.3924483371
14.11	-0.399283523
14.12	-0.4058227973
14.13	-0.4120637533
14.14	-0.4180041896
14.15	-0.4236421097
14.16	-0.4289757223
14.17	-0.4340034412
14.18	-0.438723885
14.19	-0.443135877
14.2	-0.4472384442
14.21	-0.4510308175
14.22	-0.4545124302
14.23	-0.4576829175
14.24	-0.4605421157
14.25	-0.4630900606
14.26	-0.4653269869
14.27	-0.4672533263
14.28	-0.4688697065
14.29	-0.4701769492
14.3	-0.4711760687
14.31	-0.4718682702
14.32	-0.4722549474
14.33	-0.4723376812
14.34	-0.4721182367
14.35	-0.471598562
14.36	-0.4707807848
14.37	-0.4696672107
14.38	-0.4682603205
14.39	-0.4665627673
14.4	-0.4645773741
14.41	-0.4623071309
14.42	-0.4597551918
14.43	-0.4569248716
14.44	-0.4538196435
14.45	-0.4504431352
14.46	-0.4467991262
14.47	-0.4428915441
14.48	-0.4387244613
14.49	-0.4343020918
14.5	-0.4296287873
14.51	-0.4247090337
14.52	-0.4195474475
14.53	-0.4141487722
14.54	-0.4085178741
14.55	-0.4026597388
14.56	-0.3965794673
14.57	-0.390282272
14.58	-0.3837734725
14.59	-0.3770584918
14.6	-0.3701428521
14.61	-0.3630321709
14.62	-0.3557321566
14.63	-0.3482486041
14.64	-0.3405873914
14.65	-0.3327544742
14.66	-0.3247558828
14.67	-0.3165977168
14.68	-0.3082861415
14.69	-0.2998273833
14.7	-0.2912277252
14.71	-0.2824935026
14.72	-0.2736310993
14.73	-0.2646469422
14.74	-0.2555474981
14.75	-0.2463392684
14.76	-0.2370287851
14.77	-0.2276226066
14.78	-0.2181273131
14.79	-0.2085495023
14.8	-0.1988957852
14.81	-0.1891727819
14.82	-0.1793871167
14.83	-0.1695454147
14.84	-0.1596542971
14.85	-0.149720377
14.86	-0.1397502551
14.87	-0.129750516
14.88	-0.1197277237
14.89	-0.1096884178
14.9	-0.09963910905
14.91	-0.08958627591
14.92	-0.07953636021
14.93	-0.06949576339
14.94	-0.05947084267
14.95	-0.04946790721
14.96	-0.0394932144
14.97	-0.02955296615
14.98	-0.01965330526
14.99	-0.009800311893
15	-5.713930762e-16
15.01	0.009741686075
15.02	0.019418875
15.03	0.02902577174
15.04	0.03855666085
15.05	0.04800590961
15.06	0.05736797113
15.07	0.06663738739
15.08	0.07580879221
15.09	0.0848769141
15.1	0.09383657906
15.11	0.1026827133
15.12	0.111410346
15.13	0.1200146116
15.14	0.1284907526
15.15	0.1368341216
15.16	0.145040184
15.17	0.1531045199
15.18	0.1610228264
15.19	0.1687909196
15.2	0.1764047367
15.21	0.1838603375
15.22	0.1911539066
15.23	0.1982817548
15.24	0.2052403209
15.25	0.2120261732
15.26	0.2186360106
15.27	0.2250666643
15.28	0.231315099
15.29	0.2373784139
15.3	0.2432538436
15.31	0.2489387594
15.32	0.2544306701
15.33	0.2597272224
15.34	0.2648262022
15.35	0.2697255346
15.36	0.2744232846
15.37	0.2789176577
15.38	0.2832069998
15.39	0.287289798
15.4	0.2911646801
15.41	0.2948304148
15.42	0.2982859121
15.43	0.3015302225
15.44	0.3045625373
15.45	0.3073821878
15.46	0.3099886453
15.47	0.3123815203
15.48	0.3145605623
15.49	0.3165256585
15.5	0.3182768338
15.51	0.3198142492
15.52	0.3211382017
15.53	0.3222491224
15.54	0.3231475763
15.55	0.3238342604
15.56	0.3243100031
15.57	0.3245757622
15.58	0.3246326242
15.59	0.3244818024
15.6	0.3241246355
15.61	0.323562586
15.62	0.3227972385
15.63	0.3218302979
15.64	0.3206635878
15.65	0.3192990484
15.66	0.3177387346
15.67	0.3159848142
15.68	0.3140395655
15.69	0.3119053755
15.7	0.3095847375
15.71	0.3070802492
15.72	0.3043946099
15.73	0.3015306186
15.74	0.2984911715
15.75	0.2952792594
15.76	0.2918979655
15.77	0.2883504626
15.78	0.2846400109
15.79	0.280769955
15.8	0.2767437215
15.81	0.2725648161
15.82	0.2682368213
15.83	0.2637633931
15.84	0.2591482589
15.85	0.2543952139
15.86	0.2495081189
15.87	0.2444908973
15.88	0.239347532
15.89	0.2340820626
15.9	0.2286985826
15.91	0.2232012364
15.92	0.2175942164
15.93	0.2118817599
15.94	0.206068146
15.95	0.2001576932
15.96	0.1941547557
15.97	0.1880637209
15.98	0.1818890061
15.99	0.1756350557
16	0.1693063381
16.01	0.1629073428
16.02	0.1564425771
16.03	0.1499165637
16.04	0.143333837
16.05	0.1366989408
16.06	0.1300164248
16.07	0.1232908421
16.08	0.1165267458
16.09	0.1097286867
16.1	0.1029012099
16.11	0.09604885202
16.12	0.08917613855
16.13	0.08228758089
16.14	0.07538767354
16.15	0.0684808914
16.16	0.06157168696
16.17	0.05466448764
16.18	0.0477636931
16.19	0.04087367257
16.2	0.03399876227
16.21	0.02714326284
16.22	0.02031143679
16.23	0.013507506
16.24	0.006735649293
16.25	-5.239472653e-16
16.26	-0.006695356397
16.27	-0.01334638459
16.28	-0.01994910173
16.29	-0.02649957963
16.3	-0.03299394699
16.31	-0.0394283915
16.32	-0.04579916192
16.33	-0.05210257013
16.34	-0.05833499308
16.35	-0.06449287475
16.36	-0.07057272799
16.37	-0.07657113636
16.38	-0.08248475586
16.39	-0.08831031666
16.4	-0.09404462473
16.41	-0.09968456343
16.42	-0.105227095
16.43	-0.1106692622
16.44	-0.1160081894
16.45	-0.1212410843
16.46	-0.1263652388
16.47	-0.1313780306
16.48	-0.1362769243
16.49	-0.1410594722
16.5	-0.1457233157
16.51	-0.150266186
16.52	-0.1546859054
16.53	-0.1589803876
16.54	-0.1631476389
16.55	-0.1671857587
16.56	-0.1710929404
16.57	-0.1748674717
16.58	-0.1785077354
16.59	-0.1820122095
16.6	-0.1853794681
16.61	-0.1886081813
16.62	-0.1916971158
16.63	-0.1946451347
16.64	-0.1974511981
16.65	-0.200114363
16.66	-0.2026337832
16.67	-0.2050087094
16.68	-0.2072384892
16.69	-0.2093225666
16.7	-0.2112604822
16.71	-0.2130518724
16.72	-0.2146964698
16.73	-0.216194102
16.74	-0.2175446916
16.75	-0.2187482555
16.76	-0.2198049047
16.77	-0.220714843
16.78	-0.2214783669
16.79	-0.2220958647
16.8	-0.2225678153
16.81	-0.2228947881
16.82	-0.2230774415
16.83	-0.2231165222
16.84	-0.223012864
16.85	-0.222767387
16.86	-0.2223810964
16.87	-0.2218550813
16.88	-0.2211905134
16.89	-0.220388646
16.9	-0.2194508127
16.91	-0.2183784258
16.92	-0.217172975
16.93	-0.2158360265
16.94	-0.2143692205
16.95	-0.212774271
16.96	-0.211052963
16.97	-0.2092071519
16.98	-0.2072387614
16.99	-0.205149782
17	-0.2029422692
17.01	-0.2006183422
17.02	-0.1981801815
17.03	-0.1956300278
17.04	-0.1929701799
17.05	-0.1902029927
17.06	-0.1873308759
17.07	-0.1843562914
17.08	-0.1812817522
17.09	-0.1781098199
17.1	-0.1748431031
17.11	-0.1714842551
17.12	-0.1680359725
17.13	-0.1645009926
17.14	-0.160882092
17.15	-0.1571820839
17.16	-0.1534038168
17.17	-0.1495501721
17.18	-0.1456240619
17.19	-0.1416284275
17.2	-0.1375662366
17.21	-0.133440482
17.22	-0.1292541791
17.23	-0.1250103638
17.24	-0.1207120907
17.25	-0.116362431
17.26	-0.1119644701
17.27	-0.107521306
17.28	-0.1030360469
17.29	-0.09851180948
17.3	-0.09395171643
17.31	-0.08935889484
17.32	-0.08473647392
17.33	-0.0800875831
17.34	-0.07541534997
17.35	-0.07072289834
17.36	-0.06601334623
17.37	-0.06128980395
17.38	-0.05655537212
17.39	-0.05181313978
17.4	-0.04706618246
17.41	-0.04231756033
17.42	-0.03757031629
17.43	-0.03282747418
17.44	-0.02809203694
17.45	-0.0233669848
17.46	-0.01865527354
17.47	-0.01395983274
17.48	-0.009283564057
17.49	-0.004629339545
17.5	-3.148914739e-16
17.51	0.004601646669
17.52	0.00917282704
17.53	0.01371080374
17.54	0.01821287697
17.55	0.02267638603
17.56	0.02709871076
17.57	0.03147727297
17.58	0.03580953785
17.59	0.04009301532
17.6	0.04432526137
17.61	0.04850387932
17.62	0.05262652108
17.63	0.05669088837
17.64	0.06069473385
17.65	0.0646358623
17.66	0.06851213171
17.67	0.07232145426
17.68	0.07606179741
17.69	0.07973118485
17.7	0.08332769737
17.71	0.08684947382
17.72	0.0902947119
17.73	0.09366166899
17.74	0.09694866289
17.75	0.1001540725
17.76	0.1032763386
17.77	0.1063139644
17.78	0.1092655159
17.79	0.1121296231
17.8	0.1149049795
17.81	0.1175903436
17.82	0.1201845385
17.83	0.1226864527
17.84	0.1250950402
17.85	0.127409321
17.86	0.1296283809
17.87	0.1317513724
17.88	0.1337775142
17.89	0.1357060915
17.9	0.1375364562
17.91	0.1392680267
17.92	0.140900288
17.93	0.1424327918
17.94	0.1438651558
17.95	0.1451970644
17.96	0.1464282678
17.97	0.1475585819
17.98	0.1485878884
17.99	0.1495161342
18	0.1503433308
18.01	0.1510695544
18.02	0.1516949453
18.03	0.1522197071
18.04	0.1526441066
18.05	0.1529684733
18.06	0.1531931982
18.07	0.1533187339
18.08	0.1533455936
18.09	0.1532743504
18.1	0.1531056368
18.11	0.1528401434
18.12	0.1524786188
18.13	0.1520218684
18.14	0.1514707536
18.15	0.1508261908
18.16	0.1500891507
18.17	0.1492606574
18.18	0.148341787
18.19	0.147333667
18.2	0.1462374752
18.21	0.1450544387
18.22	0.1437858326
18.23	0.1424329789
18.24	0.1409972457
18.25	0.1394800459
18.26	0.1378828357
18.27	0.136207114
18.28	0.1344544207
18.29	0.1326263358
18.3	0.1307244777
18.31	0.1287505026
18.32	0.1267061026
18.33	0.1245930047
18.34	0.1224129697
18.35	0.1201677902
18.36	0.11785929
18.37	0.1154893223
18.38	0.1130597686
18.39	0.110572537
18.4	0.1080295611
18.41	0.1054327986
18.42	0.1027842299
18.43	0.1000858565
18.44	0.09733969977
18.45	0.09454779954
18.46	0.09171221265
18.47	0.08883501152
18.48	0.08591828278
18.49	0.08296412579
18.5	0.07997465128
18.51	0.07695197991
18.52	0.07389824086
18.53	0.07081557039
18.54	0.06770611049
18.55	0.06457200743
18.56	0.06141541039
18.57	0.05823847005
18.58	0.05504333723
18.59	0.05183216149
18.6	0.04860708979
18.61	0.04537026512
18.62	0.04212382516
18.63	0.03886990092
18.64	0.03561061547
18.65	0.0323480826
18.66	0.02908440552
18.67	0.02582167559
18.68	0.02256197106
18.69	0.01930735581
18.7	0.01605987813
18.71	0.0128215695
18.72	0.009594443378
18.73	0.006380494046
18.74	0.003181695437
18.75	6.803382316e-16
18.76	-0.003162662421
18.77	-0.006304385681
18.78	-0.009423288413
18.79	-0.01251751508
18.8	-0.015585237
18.81	-0.01862465337
18.82	-0.02163399224
18.83	-0.02461151144
18.84	-0.02755549958
18.85	-0.03046427692
18.86	-0.03333619624
18.87	-0.03616964372
18.88	-0.03896303978
18.89	-0.04171483985
18.9	-0.04442353519
18.91	-0.04708765359
18.92	-0.04970576014
18.93	-0.05227645789
18.94	-0.05479838853
18.95	-0.05727023303
18.96	-0.05969071222
18.97	-0.06205858742
18.98	-0.06437266093
18.99	-0.0666317766
19	-0.06883482027
19.01	-0.07098072029
19.02	-0.0730684479
19.03	-0.07509701764
19.04	-0.07706548776
19.05	-0.07897296051
19.06	-0.08081858246
19.07	-0.08260154481
19.08	-0.0843210836
19.09	-0.08597647997
19.1	-0.08756706031
19.11	-0.08909219644
19.12	-0.09055130575
19.13	-0.09194385127
19.14	-0.09326934178
19.15	-0.09452733179
19.16	-0.09571742162
19.17	-0.09683925734
19.18	-0.09789253073
19.19	-0.09887697919
19.2	-0.09979238569
19.21	-0.1006385785
19.22	-0.1014154313
19.23	-0.1021228627
19.24	-0.102760836
19.25	-0.1033293594
19.26	-0.1038284851
19.27	-0.1042583095
19.28	-0.1046189727
19.29	-0.104910658
19.3	-0.1051335917
19.31	-0.1052880427
19.32	-0.105374322
19.33	-0.1053927824
19.34	-0.1053438178
19.35	-0.1052278627
19.36	-0.1050453919
19.37	-0.1047969199
19.38	-0.1044830003
19.39	-0.104104225
19.4	-0.1036612239
19.41	-0.1031546642
19.42	-0.1025852496
19.43	-0.1019537198
19.44	-0.1012608497
19.45	-0.1005074489
19.46	-0.09969436058
19.47	-0.09882246116
19.48	-0.09789265932
19.49	-0.09690589531
19.5	-0.09586314012
19.51	-0.09476539471
19.52	-0.09361368916
19.53	-0.09240908186
19.54	-0.09115265866
19.55	-0.089845532
19.56	-0.08848884006
19.57	-0.08708374586
19.58	-0.08563143637
19.59	-0.08413312165
19.6	-0.08259003387
19.61	-0.08100342644
19.62	-0.07937457306
19.63	-0.07770476681
19.64	-0.07599531918
19.65	-0.07424755912
19.66	-0.07246283213
19.67	-0.07064249925
19.68	-0.06878793613
19.69	-0.06690053205
19.7	-0.06498168896
19.71	-0.06303282049
19.72	-0.061055351
19.73	-0.0590507146
19.74	-0.05702035418
19.75	-0.0549657204
19.76	-0.05288827078
19.77	-0.05078946866
19.78	-0.0486707823
19.79	-0.04653368385
19.8	-0.04437964842
19.81	-0.04221015311
19.82	-0.04002667608
19.83	-0.03783069554
19.84	-0.03562368889
19.85	-0.03340713169
19.86	-0.0311824968
19.87	-0.02895125341
19.88	-0.02671486617
19.89	-0.02447479422
19.9	-0.02223249036
19.91	-0.01998940009
19.92	-0.01774696079
19.93	-0.01550660082
19.94	-0.01326973865
19.95	-0.01103778206
19.96	-0.008812127254
19.97	-0.006594158069
19.98	-0.004385245151
19.99	-0.002186745162
20	-1.699933715e-16
20.01	0.002173663974
20.02	0.004332936688
20.03	0.006476525097
20.04	0.008603153911
20.05	0.0107115663
20.06	0.01280052459
20.07	0.01486881092
20.08	0.01691522795
20.09	0.01893859944
20.1	0.02093777091
20.11	0.02291161027
20.12	0.02485900835
20.13	0.02677887951
20.14	0.0286701622
20.15	0.03053181946
20.16	0.03236283947
20.17	0.03416223604
20.18	0.03592904904
20.19	0.03766234493
20.2	0.03936121715
20.21	0.04102478655
20.22	0.04265220179
20.23	0.04424263971
20.24	0.04579530568
20.25	0.04730943398
20.26	0.04878428806
20.27	0.05021916086
20.28	0.0516133751
20.29	0.05296628351
20.3	0.05427726907
20.31	0.05554574525
20.32	0.05677115616
20.33	0.05795297674
20.34	0.05909071291
20.35	0.06018390173
20.36	0.06123211144
20.37	0.06223494162
20.38	0.06319202323
20.39	0.06410301864
20.4	0.06496762169
20.41	0.06578555767
20.42	0.06655658334
20.43	0.06728048684
20.44	0.06795708772
20.45	0.06858623679
20.46	0.06916781606
20.47	0.06970173866
20.48	0.07018794864
20.49	0.07062642088
20.5	0.07101716089
20.51	0.07136020465
20.52	0.07165561837
20.53	0.0719034983
20.54	0.07210397045
20.55	0.0722571904
20.56	0.07236334293
20.57	0.0724226418
20.58	0.07243532943
20.59	0.07240167654
20.6	0.07232198184
20.61	0.07219657164
20.62	0.07202579952
20.63	0.07181004592
20.64	0.0715497177
20.65	0.0712452478
20.66	0.07089709474
20.67	0.07050574219
20.68	0.07007169853
20.69	0.06959549638
20.7	0.06907769206
20.71	0.06851886518
20.72	0.06791961806
20.73	0.06728057522
20.74	0.0666023829
20.75	0.06588570844
20.76	0.06513123978
20.77	0.06433968491
20.78	0.06351177123
20.79	0.06264824503
20.8	0.06174987089
20.81	0.06081743106
20.82	0.05985172488
20.83	0.05885356815
20.84	0.0578237925
20.85	0.05676324482
20.86	0.05567278654
20.87	0.05455329308
20.88	0.05340565314
20.89	0.05223076811
20.9	0.05102955136
20.91	0.04980292763
20.92	0.04855183236
20.93	0.04727721101
20.94	0.04598001843
20.95	0.04466121814
20.96	0.04332178173
20.97	0.04196268815
20.98	0.04058492305
20.99	0.0391894781
21	0.03777735033
21.01	0.03634954148
21.02	0.03490705729
21.03	0.03345090687
21.04	0.03198210201
21.05	0.03050165655
21.06	0.02901058569
21.07	0.02750990533
21.08	0.02600063146
21.09	0.02448377944
21.1	0.02296036344
21.11	0.02143139573
21.12	0.01989788608
21.13	0.0183608411
21.14	0.01682126367
21.15	0.01528015227
21.16	0.01373850037
21.17	0.01219729588
21.18	0.01065752049
21.19	0.009120149106
21.2	0.007586149271
21.21	0.006056480585
21.22	0.004532094144
21.23	0.003013931977
21.24	0.001502926505
21.25	-8.769978179e-17
21.26	-0.001493935945
21.27	-0.002977980931
21.28	-0.004451246263
21.29	-0.005912855447
21.3	-0.007361944676
21.31	-0.00879766331
21.32	-0.01021917433
21.33	-0.01162565482
21.34	-0.01301629635
21.35	-0.01439030547
21.36	-0.0157469041
21.37	-0.01708532992
21.38	-0.01840483678
21.39	-0.0197046951
21.4	-0.02098419218
21.41	-0.0222426326
21.42	-0.02347933857
21.43	-0.0246936502
21.44	-0.02588492589
21.45	-0.02705254255
21.46	-0.02819589596
21.47	-0.02931440101
21.48	-0.03040749194
21.49	-0.03147462261
21.5	-0.03251526676
21.51	-0.03352891815
21.52	-0.03451509085
21.53	-0.03547331935
21.54	-0.03640315879
21.55	-0.03730418512
21.56	-0.0381759952
21.57	-0.03901820697
21.58	-0.03983045959
21.59	-0.04061241346
21.6	-0.04136375041
21.61	-0.04208417371
21.62	-0.04277340814
21.63	-0.04343120007
21.64	-0.04405731745
21.65	-0.04465154986
21.66	-0.04521370849
21.67	-0.04574362616
21.68	-0.04624115728
21.69	-0.04670617781
21.7	-0.04713858522
21.71	-0.04753829842
21.72	-0.04790525769
21.73	-0.0482394246
21.74	-0.04854078187
21.75	-0.04880933329
21.76	-0.04904510359
21.77	-0.04924813827
21.78	-0.04941850349
21.79	-0.04955628585
21.8	-0.04966159227
21.81	-0.04973454977
21.82	-0.04977530525
21.83	-0.04978402533
21.84	-0.04976089605
21.85	-0.04970612274
21.86	-0.04961992965
21.87	-0.04950255981
21.88	-0.04935427467
21.89	-0.04917535388
21.9	-0.04896609498
21.91	-0.04872681311
21.92	-0.0484578407
21.93	-0.04815952715
21.94	-0.04783223851
21.95	-0.04747635716
21.96	-0.04709228143
21.97	-0.04668042531
21.98	-0.04624121802
21.99	-0.04577510371
22	-0.04528254103
22.01	-0.04476400282
22.02	-0.04421997564
22.03	-0.04365095944
22.04	-0.04305746714
22.05	-0.04244002423
22.06	-0.04179916833
22.07	-0.04113544883
22.08	-0.04044942641
22.09	-0.03974167265
22.1	-0.03901276959
22.11	-0.03826330931
22.12	-0.03749389345
22.13	-0.03670513283
22.14	-0.03589764694
22.15	-0.03507206355
22.16	-0.03422901822
22.17	-0.03336915385
22.18	-0.03249312026
22.19	-0.0316015737
22.2	-0.0306951764
22.21	-0.02977459612
22.22	-0.02884050568
22.23	-0.02789358249
22.24	-0.02693450814
22.25	-0.02596396786
22.26	-0.02498265015
22.27	-0.02399124623
22.28	-0.02299044965
22.29	-0.02198095583
22.3	-0.02096346153
22.31	-0.01993866452
22.32	-0.018907263
22.33	-0.01786995524
22.34	-0.01682743912
22.35	-0.01578041163
22.36	-0.01472956852
22.37	-0.01367560377
22.38	-0.01261920924
22.39	-0.01156107418
22.4	-0.01050188483
22.41	-0.009442324013
22.42	-0.00838307069
22.43	-0.007324799572
22.44	-0.006268180702
22.45	-0.005213879061
22.46	-0.004162554173
22.47	-0.003114859715
22.48	-0.002071443135
22.49	-0.001032945274
22.5	-9.033658073e-17
22.51	0.001026766158
22.52	0.002046734366
22.53	0.003059293834
22.54	0.004063842156
22.55	0.005059785647
22.56	0.006046539672
22.57	0.007023528958
22.58	0.007990187914
22.59	0.008945960929
22.6	0.009890302669
22.61	0.01082267836
22.62	0.01174256408
22.63	0.012649447
22.64	0.01354282568
22.65	0.01442221031
22.66	0.01528712292
22.67	0.01613709767
22.68	0.01697168104
22.69	0.01779043204
22.7	0.01859292246
22.71	0.019378737
22.72	0.02014747353
22.73	0.0208987432
22.74	0.02163217068
22.75	0.02234739424
22.76	0.02304406598
22.77	0.0237218519
22.78	0.02438043207
22.79	0.02501950075
22.8	0.02563876648
22.81	0.0262379522
22.82	0.02681679533
22.83	0.02737504784
22.84	0.02791247636
22.85	0.02842886219
22.86	0.0289240014
22.87	0.02939770483
22.88	0.02984979817
22.89	0.03028012194
22.9	0.0306885315
22.91	0.0310748971
22.92	0.03143910383
22.93	0.03178105164
22.94	0.03210065526
22.95	0.03239784424
22.96	0.03267256284
22.97	0.03292477001
22.98	0.03315443934
22.99	0.03336155896
23	0.03354613148
23.01	0.03370817387
23.02	0.03384771743
23.03	0.03396480762
23.04	0.03405950396
23.05	0.03413187994
23.06	0.03418202284
23.07	0.03421003365
23.08	0.03421602686
23.09	0.03420013036
23.1	0.03416248525
23.11	0.03410324567
23.12	0.03402257863
23.13	0.03392066384
23.14	0.0337976935
23.15	0.0336538721
23.16	0.03348941624
23.17	0.03330455439
23.18	0.03309952668
23.19	0.03287458471
23.2	0.03262999127
23.21	0.03236602014
23.22	0.03208295584
23.23	0.03178109338
23.24	0.03146073801
23.25	0.03112220497
23.26	0.03076581921
23.27	0.03039191516
23.28	0.03000083643
23.29	0.02959293554
23.3	0.02916857365
23.31	0.02872812026
23.32	0.02827195296
23.33	0.0278004571
23.34	0.02731402553
23.35	0.02681305828
23.36	0.02629796226
23.37	0.02576915099
23.38	0.02522704427
23.39	0.02467206788
23.4	0.02410465326
23.41	0.02352523724
23.42	0.02293426168
23.43	0.02233217319
23.44	0.0217194228
23.45	0.02109646565
23.46	0.0204637607
23.47	0.01982177035
23.48	0.0191709602
23.49	0.01851179867
23.5	0.01784475675
23.51	0.0171703076
23.52	0.01648892632
23.53	0.01580108956
23.54	0.01510727528
23.55	0.01440796236
23.56	0.01370363035
23.57	0.01299475915
23.58	0.01228182865
23.59	0.01156531849
23.6	0.01084570773
23.61	0.01012347452
23.62	0.009399095853
23.63	0.008673047217
23.64	0.007945802333
23.65	0.007217832851
23.66	0.006489608061
23.67	0.005761594609
23.68	0.005034256215
23.69	0.004308053394
23.7	0.00358344318
23.71	0.002860878856
23.72	0.002140809687
23.73	0.001423680658
23.74	0.0007099322124
23.75	1.656011704e-16
23.76	-0.0007056853724
23.77	-0.001406698587
23.78	-0.002102619853
23.79	-0.002793035144
23.8	-0.003477536428
23.81	-0.00415572189
23.82	-0.004827196152
23.83	-0.005491570489
23.84	-0.006148463035
23.85	-0.006797498988
23.86	-0.007438310806
23.87	-0.008070538396
23.88	-0.008693829306
23.89	-0.009307838897
23.9	-0.009912230521
23.91	-0.01050667569
23.92	-0.01109085422
23.93	-0.01166445442
23.94	-0.01222717321
23.95	-0.01277871627
23.96	-0.01331879818
23.97	-0.01384714255
23.98	-0.01436348214
23.99	-0.01486755898
24	-0.01535912447
24.01	-0.01583793949
24.02	-0.01630377448
24.03	-0.01675640957
24.04	-0.01719563463
24.05	-0.01762124933
24.06	-0.01803306325
24.07	-0.01843089592
24.08	-0.01881457689
24.09	-0.01918394574
24.1	-0.01953885219
24.11	-0.01987915606
24.12	-0.02020472735
24.13	-0.02051544626
24.14	-0.02081120317
24.15	-0.02109189868
24.16	-0.02135744362
24.17	-0.021607759
24.18	-0.02184277606
24.19	-0.0220624362
24.2	-0.022266691
24.21	-0.02245550215
24.22	-0.02262884144
24.23	-0.0227866907
24.24	-0.0229290418
24.25	-0.02305589651
24.26	-0.02316726651
24.27	-0.0232631733
24.28	-0.02334364813
24.29	-0.02340873191
24.3	-0.02345847515
24.31	-0.02349293783
24.32	-0.02351218935
24.33	-0.02351630842
24.34	-0.02350538293
24.35	-0.02347950985
24.36	-0.02343879512
24.37	-0.02338335353
24.38	-0.02331330859
24.39	-0.02322879239
24.4	-0.02312994549
24.41	-0.02301691674
24.42	-0.02288986316
24.43	-0.02274894982
24.44	-0.02259434962
24.45	-0.02242624317
24.46	-0.02224481864
24.47	-0.02205027158
24.48	-0.02184280475
24.49	-0.02162262794
24.5	-0.02138995781
24.51	-0.0211450177
24.52	-0.02088803745
24.53	-0.02061925324
24.54	-0.02033890732
24.55	-0.02004724794
24.56	-0.01974452905
24.57	-0.01943101016
24.58	-0.01910695611
24.59	-0.01877263691
24.6	-0.01842832748
24.61	-0.01807430751
24.62	-0.0177108612
24.63	-0.01733827706
24.64	-0.01695684774
24.65	-0.01656686976
24.66	-0.01616864334
24.67	-0.01576247217
24.68	-0.01534866321
24.69	-0.01492752643
24.7	-0.01449937466
24.71	-0.01406452333
24.72	-0.01362329025
24.73	-0.01317599541
24.74	-0.01272296076
24.75	-0.01226451
24.76	-0.01180096833
24.77	-0.01133266228
24.78	-0.01085991945
24.79	-0.01038306833
24.8	-0.009902438058
24.81	-0.009418358223
24.82	-0.008931158643
24.83	-0.008441169155
24.84	-0.007948719407
24.85	-0.007454138644
24.86	-0.006957755504
24.87	-0.00645989781
24.88	-0.005960892367
24.89	-0.005461064755
24.9	-0.004960739134
24.91	-0.004460238044
24.92	-0.003959882203
24.93	-0.003459990323
24.94	-0.00296087891
24.95	-0.002462862078
24.96	-0.001966251365
24.97	-0.001471355546
24.98	-0.0009784804528
24.99	-0.0004879287983
25	-4.741331025e-17
25.01	0.0004850099906
25.02	0.000966808857
25.03	0.001445108082
25.04	0.00191962311
25.05	0.002390073504
25.06	0.002856183101
25.07	0.003317680162
25.08	0.003774297521
25.09	0.004225772725
25.1	0.004671848177
25.11	0.005112271269
25.12	0.005546794514
25.13	0.005975175673
25.14	0.006397177882
25.15	0.006812569766
25.16	0.007221125555
25.17	0.007622625198
25.18	0.008016854466
25.19	0.008403605056
25.2	0.008782674687
25.21	0.009153867194
25.22	0.009516992617
25.23	0.009871867283
25.24	0.01021831389
25.25	0.01055616158
25.26	0.01088524601
25.27	0.0112054094
25.28	0.01151650065
25.29	0.01181837532
25.3	0.01211089574
25.31	0.01239393103
25.32	0.01266735717
25.33	0.01293105698
25.34	0.01318492024
25.35	0.01342884363
25.36	0.01366273083
25.37	0.01388649249
25.38	0.01410004626
25.39	0.01430331682
25.4	0.01449623583
25.41	0.01467874202
25.42	0.0148507811
25.43	0.0150123058
25.44	0.01516327587
25.45	0.015303658
25.46	0.01543342588
25.47	0.01555256011
25.48	0.01566104822
25.49	0.0157588846
25.5	0.01584607048
25.51	0.01592261389
25.52	0.0159885296
25.53	0.01604383909
25.54	0.01608857047
25.55	0.01612275846
25.56	0.0161464443
25.57	0.01615967566
25.58	0.01616250666
25.59	0.01615499768
25.6	0.01613721539
25.61	0.01610923259
25.62	0.01607112818
25.63	0.01602298705
25.64	0.01596489997
25.65	0.01589696355
25.66	0.0158192801
25.67	0.01573195755
25.68	0.01563510932
25.69	0.01552885425
25.7	0.01541331649
25.71	0.01528862536
25.72	0.01515491525
25.73	0.01501232552
25.74	0.01486100036
25.75	0.01470108867
25.76	0.01453274396
25.77	0.0143561242
25.78	0.01417139169
25.79	0.01397871295
25.8	0.01377825858
25.81	0.01357020313
25.82	0.01335472496
25.83	0.01313200609
25.84	0.01290223208
25.85	0.01266559191
25.86	0.01242227778
25.87	0.01217248502
25.88	0.01191641194
25.89	0.01165425965
25.9	0.01138623197
25.91	0.01111253522
25.92	0.01083337813
25.93	0.01054897166
25.94	0.01025952887
25.95	0.009965264756
25.96	0.009666396096
25.97	0.009363141328
25.98	0.00905572038
25.99	0.008744354524
26	0.00842926623
26.01	0.008110679012
26.02	0.007788817283
26.03	0.007463906206
26.04	0.007136171543
26.05	0.006805839511
26.06	0.006473136631
26.07	0.006138289583
26.08	0.005801525061
26.09	0.005463069628
26.1	0.005123149572
26.11	0.004781990762
26.12	0.004439818507
26.13	0.004096857416
26.14	0.003753331257
26.15	0.003409462822
26.16	0.003065473788
26.17	0.002721584584
26.18	0.002378014254
26.19	0.002034980331
26.2	0.001692698702
26.21	0.001351383483
26.22	0.001011246892
26.23	0.0006724991247
26.24	0.0003353482319
26.25	-1.30511344e-17
26.26	-0.0003333421667
26.27	-0.0006644773621
26.28	-0.0009932072915
26.29	-0.001319336383
26.3	-0.001642671895
26.31	-0.001963024023
26.32	-0.002280206006
26.33	-0.002594034221
26.34	-0.002904328289
26.35	-0.003210911164
26.36	-0.003513609233
26.37	-0.003812252401
26.38	-0.004106674179
26.39	-0.004396711773
26.4	-0.004682206161
26.41	-0.004963002175
26.42	-0.005238948575
26.43	-0.005509898124
26.44	-0.005775707658
26.45	-0.006036238152
26.46	-0.006291354782
26.47	-0.006540926992
26.48	-0.006784828545
26.49	-0.007022937585
26.5	-0.007255136679
26.51	-0.007481312877
26.52	-0.007701357748
26.53	-0.007915167427
26.54	-0.008122642651
26.55	-0.008323688799
26.56	-0.008518215922
26.57	-0.008706138771
26.58	-0.008887376826
26.59	-0.009061854319
26.6	-0.009229500254
26.61	-0.009390248419
26.62	-0.009544037409
26.63	-0.009690810627
26.64	-0.009830516298
26.65	-0.00996310747
26.66	-0.01008854202
26.67	-0.01020678263
26.68	-0.01031779683
26.69	-0.01042155693
26.7	-0.01051804007
26.71	-0.01060722814
26.72	-0.01068910782
26.73	-0.01076367054
26.74	-0.01083091243
26.75	-0.01089083435
26.76	-0.01094344182
26.77	-0.01098874498
26.78	-0.0110267586
26.79	-0.011057502
26.8	-0.01108099904
26.81	-0.01109727806
26.82	-0.01110637183
26.83	-0.01110831754
26.84	-0.01110315671
26.85	-0.01109093513
26.86	-0.01107170285
26.87	-0.0110455141
26.88	-0.01101242721
26.89	-0.01097250459
26.9	-0.01092581261
26.91	-0.01087242161
26.92	-0.01081240576
26.93	-0.01074584301
26.94	-0.01067281504
26.95	-0.01059340718
26.96	-0.0105077083
26.97	-0.01041581078
26.98	-0.01031781038
26.99	-0.01021380622
27	-0.01010390063
27.01	-0.009988199118
27.02	-0.009866810246
27.03	-0.009739845571
27.04	-0.00960741954
27.05	-0.009469649403
27.06	-0.009326655124
27.07	-0.009178559285
27.08	-0.009025486992
27.09	-0.008867565782
27.1	-0.008704925527
27.11	-0.008537698334
27.12	-0.008366018451
27.13	-0.008190022167
27.14	-0.008009847712
27.15	-0.007825635157
27.16	-0.007637526316
27.17	-0.007445664642
27.18	-0.007250195128
27.19	-0.007051264201
27.2	-0.006849019627
27.21	-0.006643610401
27.22	-0.006435186651
27.23	-0.006223899529
27.24	-0.006009901115
27.25	-0.005793344308
27.26	-0.005574382728
27.27	-0.005353170613
27.28	-0.005129862713
27.29	-0.004904614193
27.3	-0.004677580529
27.31	-0.004448917406
27.32	-0.00421878062
27.33	-0.003987325975
27.34	-0.003754709185
27.35	-0.003521085775
27.36	-0.003286610982
27.37	-0.00305143966
27.38	-0.002815726178
27.39	-0.002579624333
27.4	-0.002343287244
27.41	-0.002106867269
27.42	-0.001870515906
27.43	-0.001634383701
27.44	-0.001398620164
27.45	-0.00116337367
27.46	-0.0009287913793
27.47	-0.0006950191471
27.48	-0.0004622014384
27.49	-0.0002304812444
27.5	-8.960848762e-17
27.51	0.0002291024973
27.52	0.000456688167
27.53	0.0006826207231
27.54	0.000906765751
27.55	0.001128990782
27.56	0.001349165365
27.57	0.001567161141
27.58	0.001782851909
27.59	0.001996113695
27.6	0.002206824818
27.61	0.002414865956
27.62	0.002620120203
27.63	0.002822473135
27.64	0.003021812864
27.65	0.003218030096
27.66	0.003411018185
27.67	0.003600673188
27.68	0.003786893908
27.69	0.003969581951
27.7	0.004148641766
27.71	0.004323980691
27.72	0.004495508995
27.73	0.004663139918
27.74	0.004826789707
27.75	0.004986377656
27.76	0.005141826132
27.77	0.005293060612
27.78	0.005440009712
27.79	0.005582605209
27.8	0.005720782072
27.81	0.005854478477
27.82	0.005983635837
27.83	0.006108198809
27.84	0.00622811532
27.85	0.006343336573
27.86	0.006453817064
27.87	0.006559514588
27.88	0.006660390247
27.89	0.006756408457
27.9	0.006847536948
27.91	0.006933746766
27.92	0.007015012273
27.93	0.007091311141
27.94	0.007162624349
27.95	0.007228936173
27.96	0.007290234178
27.97	0.007346509205
27.98	0.00739775536
27.99	0.007443969994
28	0.007485153689
28.01	0.007521310235
28.02	0.007552446612
28.03	0.007578572964
28.04	0.007599702574
28.05	0.007615851837
28.06	0.007627040231
28.07	0.007633290287
28.08	0.007634627553
28.09	0.007631080565
28.1	0.007622680804
28.11	0.007609462667
28.12	0.007591463418
28.13	0.007568723155
28.14	0.007541284764
28.15	0.007509193872
28.16	0.007472498809
28.17	0.007431250554
28.18	0.007385502689
28.19	0.007335311351
28.2	0.007280735178
28.21	0.007221835258
28.22	0.007158675076
28.23	0.007091320456
28.24	0.007019839511
28.25	0.006944302579
28.26	0.006864782168
28.27	0.006781352898
28.28	0.006694091438
28.29	0.006603076446
28.3	0.006508388509
28.31	0.006410110074
28.32	0.006308325391
28.33	0.006203120445
28.34	0.006094582891
28.35	0.005982801987
28.36	0.00586786853
28.37	0.005749874787
28.38	0.005628914428
28.39	0.005505082457
28.4	0.005378475143
28.41	0.005249189954
28.42	0.005117325482
28.43	0.00498298138
28.44	0.004846258287
28.45	0.00470725776
28.46	0.004566082201
28.47	0.004422834792
28.48	0.004277619419
28.49	0.004130540603
28.5	0.003981703431
28.51	0.003831213485
28.52	0.00367917677
28.53	0.003525699644
28.54	0.003370888752
28.55	0.003214850948
28.56	0.003057693236
28.57	0.00289952269
28.58	0.002740446394
28.59	0.002580571368
28.6	0.002420004503
28.61	0.002258852492
28.62	0.002097221763
28.63	0.001935218414
28.64	0.001772948147
28.65	0.0016105162
28.66	0.001448027286
28.67	0.001285585528
28.68	0.001123294395
28.69	0.0009612566437
28.7	0.0007995742505
28.71	0.0006383483572
28.72	0.0004776792084
28.73	0.0003176660933
28.74	0.0001584072883
28.75	4.002918531e-17
28.76	-0.0001574596902
28.77	-0.0003138768809
28.78	-0.0004691579044
28.79	-0.000623210379
28.8	-0.0007759432602
28.81	-0.0009272668909
28.82	-0.00107709305
28.83	-0.001225335003
28.84	-0.001371907542
28.85	-0.001516727038
28.86	-0.001659711481
28.87	-0.001800780525
28.88	-0.001939855525
28.89	-0.002076859584
28.9	-0.002211717583
28.91	-0.002344356228
28.92	-0.002474704078
28.93	-0.002602691583
28.94	-0.002728251116
28.95	-0.002851317007
28.96	-0.00297182557
28.97	-0.003089715135
28.98	-0.003204926071
28.99	-0.003317400817
29	-0.003427083903
29.01	-0.003533921974
29.02	-0.003637863811
29.03	-0.003738860352
29.04	-0.003836864708
29.05	-0.003931832184
29.06	-0.00402372029
29.07	-0.004112488759
29.08	-0.004198099554
29.09	-0.004280516886
29.1	-0.004359707218
29.11	-0.004435639275
29.12	-0.00450828405
29.13	-0.004577614809
29.14	-0.004643607096
29.15	-0.00470623873
29.16	-0.004765489814
29.17	-0.004821342726
29.18	-0.00487378212
29.19	-0.004922794923
29.2	-0.004968370329
29.21	-0.00501049979
29.22	-0.005049177013
29.23	-0.005084397946
29.24	-0.005116160769
29.25	-0.00514446588
29.26	-0.005169315887
29.27	-0.005190715585
29.28	-0.005208671946
29.29	-0.005223194101
29.3	-0.005234293316
29.31	-0.00524198298
29.32	-0.005246278576
29.33	-0.005247197665
29.34	-0.005244759858
29.35	-0.005238986793
29.36	-0.005229902108
29.37	-0.005217531418
29.38	-0.005201902279
29.39	-0.005183044166
29.4	-0.005160988441
29.41	-0.005135768317
29.42	-0.005107418834
29.43	-0.005075976817
29.44	-0.005041480848
29.45	-0.005003971229
29.46	-0.004963489946
29.47	-0.00492008063
29.48	-0.004873788522
29.49	-0.004824660435
29.5	-0.004772744711
29.51	-0.004718091185
29.52	-0.004660751142
29.53	-0.004600777276
29.54	-0.004538223649
29.55	-0.004473145644
29.56	-0.00440559993
29.57	-0.004335644409
29.58	-0.004263338177
29.59	-0.00418874148
29.6	-0.004111915663
29.61	-0.00403292313
29.62	-0.003951827296
29.63	-0.003868692538
29.64	-0.003783584151
29.65	-0.003696568302
29.66	-0.003607711977
29.67	-0.00351708294
29.68	-0.003424749679
29.69	-0.003330781363
29.7	-0.003235247791
29.71	-0.003138219343
29.72	-0.003039766934
29.73	-0.002939961965
29.74	-0.002838876272
29.75	-0.00273658208
29.76	-0.002633151953
29.77	-0.002528658749
29.78	-0.002423175566
29.79	-0.002316775699
29.8	-0.00220953259
29.81	-0.002101519779
29.82	-0.001992810858
29.83	-0.001883479425
29.84	-0.001773599034
29.85	-0.001663243149
29.86	-0.0015524851
29.87	-0.001441398033
29.88	-0.001330054868
29.89	-0.001218528253
29.9	-0.001106890518
29.91	-0.000995213629
29.92	-0.0008835691502
29.93	-0.0007720281949
29.94	-0.0006606613854
29.95	-0.00054953881
29.96	-0.0004387299821
29.97	-0.0003283037986
29.98	-0.0002183285001
29.99	-0.0001088716309
30	-1.269520741e-17
