temps	angle
0	0
0.01	0.3750886546
0.02	0.7463031817
0.03	1.113541663
0.04	1.476704697
0.05	1.835695416
0.06	2.190419493
0.07	2.540785155
0.08	2.88670319
0.09	3.22808696
0.1	3.564852401
0.11	3.896918034
0.12	4.224204972
0.13	4.546636916
0.14	4.864140169
0.15	5.176643627
0.16	5.48407879
0.17	5.786379754
0.18	6.083483216
0.19	6.375328468
0.2	6.661857395
0.21	6.943014475
0.22	7.218746769
0.23	7.489003917
0.24	7.753738133
0.25	8.012904196
0.26	8.266459443
0.27	8.514363756
0.28	8.756579558
0.29	8.993071794
0.3	9.223807928
0.31	9.448757924
0.32	9.667894233
0.33	9.881191783
0.34	10.08862796
0.35	10.29018259
0.36	10.48583792
0.37	10.67557863
0.38	10.85939176
0.39	11.03726674
0.4	11.20919535
0.41	11.3751717
0.42	11.53519221
0.43	11.68925559
0.44	11.83736281
0.45	11.9795171
0.46	12.1157239
0.47	12.24599085
0.48	12.37032775
0.49	12.48874657
0.5	12.60126137
0.51	12.70788834
0.52	12.8086457
0.53	12.90355374
0.54	12.99263474
0.55	13.07591298
0.56	13.15341468
0.57	13.22516799
0.58	13.29120295
0.59	13.35155149
0.6	13.40624734
0.61	13.45532605
0.62	13.49882495
0.63	13.53678309
0.64	13.56924124
0.65	13.59624184
0.66	13.61782899
0.67	13.63404837
0.68	13.64494726
0.69	13.65057448
0.7	13.65098035
0.71	13.64621667
0.72	13.63633668
0.73	13.62139503
0.74	13.60144773
0.75	13.57655215
0.76	13.54676693
0.77	13.512152
0.78	13.47276852
0.79	13.42867883
0.8	13.37994645
0.81	13.32663601
0.82	13.26881325
0.83	13.20654492
0.84	13.13989884
0.85	13.06894378
0.86	12.99374947
0.87	12.91438654
0.88	12.83092649
0.89	12.74344168
0.9	12.65200526
0.91	12.55669115
0.92	12.457574
0.93	12.35472915
0.94	12.24823261
0.95	12.13816101
0.96	12.02459159
0.97	11.90760211
0.98	11.78727087
0.99	11.66367667
1	11.53689873
1.01	11.4070167
1.02	11.27411062
1.03	11.13826088
1.04	10.99954816
1.05	10.85805344
1.06	10.71385795
1.07	10.56704311
1.08	10.41769056
1.09	10.26588204
1.1	10.11169946
1.11	9.955224761
1.12	9.79653997
1.13	9.635727123
1.14	9.472868245
1.15	9.308045321
1.16	9.141340261
1.17	8.972834874
1.18	8.802610836
1.19	8.63074966
1.2	8.457332668
1.21	8.282440962
1.22	8.106155393
1.23	7.928556537
1.24	7.749724666
1.25	7.569739716
1.26	7.388681268
1.27	7.206628516
1.28	7.02366024
1.29	6.839854787
1.3	6.655290037
1.31	6.470043385
1.32	6.284191713
1.33	6.097811367
1.34	5.910978133
1.35	5.723767215
1.36	5.536253212
1.37	5.348510094
1.38	5.160611183
1.39	4.972629129
1.4	4.784635892
1.41	4.59670272
1.42	4.408900129
1.43	4.221297883
1.44	4.033964977
1.45	3.846969619
1.46	3.660379208
1.47	3.47426032
1.48	3.288678691
1.49	3.103699198
1.5	2.919385847
1.51	2.735801754
1.52	2.553009129
1.53	2.371069266
1.54	2.190042525
1.55	2.009988322
1.56	1.830965112
1.57	1.653030377
1.58	1.476240619
1.59	1.300651341
1.6	1.12631704
1.61	0.9532911983
1.62	0.7816262683
1.63	0.6113736666
1.64	0.4425837637
1.65	0.2753058754
1.66	0.1095882545
1.67	-0.0545219166
1.68	-0.2169785332
1.69	-0.377736575
1.7	-0.5367521126
1.71	-0.693982313
1.72	-0.8493854448
1.73	-1.002920883
1.74	-1.154549115
1.75	-1.304231741
1.76	-1.45193148
1.77	-1.597612174
1.78	-1.741238786
1.79	-1.882777408
1.8	-2.022195256
1.81	-2.159460678
1.82	-2.294543149
1.83	-2.427413276
1.84	-2.558042792
1.85	-2.686404564
1.86	-2.812472583
1.87	-2.936221969
1.88	-3.057628966
1.89	-3.17667094
1.9	-3.29332638
1.91	-3.407574888
1.92	-3.519397183
1.93	-3.628775093
1.94	-3.735691552
1.95	-3.840130593
1.96	-3.942077349
1.97	-4.041518041
1.98	-4.138439978
1.99	-4.232831545
2	-4.324682203
2.01	-4.413982478
2.02	-4.500723956
2.03	-4.584899274
2.04	-4.666502115
2.05	-4.745527196
2.06	-4.821970264
2.07	-4.895828084
2.08	-4.967098432
2.09	-5.035780085
2.1	-5.101872813
2.11	-5.165377366
2.12	-5.226295466
2.13	-5.284629799
2.14	-5.340383999
2.15	-5.393562641
2.16	-5.444171231
2.17	-5.492216191
2.18	-5.537704849
2.19	-5.580645427
2.2	-5.621047031
2.21	-5.658919637
2.22	-5.694274076
2.23	-5.727122028
2.24	-5.757476003
2.25	-5.78534933
2.26	-5.810756145
2.27	-5.833711376
2.28	-5.854230731
2.29	-5.872330682
2.3	-5.888028455
2.31	-5.90134201
2.32	-5.912290034
2.33	-5.920891921
2.34	-5.927167762
2.35	-5.931138324
2.36	-5.932825045
2.37	-5.93225001
2.38	-5.929435942
2.39	-5.924406185
2.4	-5.917184687
2.41	-5.907795991
2.42	-5.896265212
2.43	-5.882618028
2.44	-5.866880661
2.45	-5.849079865
2.46	-5.829242906
2.47	-5.807397551
2.48	-5.783572051
2.49	-5.757795122
2.5	-5.730095937
2.51	-5.700504104
2.52	-5.669049651
2.53	-5.635763015
2.54	-5.600675023
2.55	-5.563816874
2.56	-5.52522013
2.57	-5.484916694
2.58	-5.4429388
2.59	-5.399318992
2.6	-5.354090114
2.61	-5.307285291
2.62	-5.258937915
2.63	-5.209081629
2.64	-5.157750312
2.65	-5.104978065
2.66	-5.050799194
2.67	-4.995248197
2.68	-4.938359747
2.69	-4.880168678
2.7	-4.820709971
2.71	-4.760018738
2.72	-4.698130209
2.73	-4.635079716
2.74	-4.570902678
2.75	-4.505634589
2.76	-4.439311002
2.77	-4.371967518
2.78	-4.303639766
2.79	-4.234363396
2.8	-4.16417406
2.81	-4.093107402
2.82	-4.021199043
2.83	-3.948484569
2.84	-3.874999515
2.85	-3.800779354
2.86	-3.725859488
2.87	-3.650275227
2.88	-3.574061782
2.89	-3.497254255
2.9	-3.419887619
2.91	-3.341996713
2.92	-3.263616229
2.93	-3.184780695
2.94	-3.105524471
2.95	-3.025881735
2.96	-2.945886467
2.97	-2.865572446
2.98	-2.784973235
2.99	-2.704122169
3	-2.62305235
3.01	-2.541796629
3.02	-2.460387603
3.03	-2.378857604
3.04	-2.297238686
3.05	-2.215562618
3.06	-2.133860874
3.07	-2.052164627
3.08	-1.970504734
3.09	-1.888911735
3.1	-1.807415839
3.11	-1.726046916
3.12	-1.644834494
3.13	-1.563807747
3.14	-1.482995486
3.15	-1.402426157
3.16	-1.322127831
3.17	-1.242128195
3.18	-1.162454549
3.19	-1.083133798
3.2	-1.004192446
3.21	-0.9256565876
3.22	-0.8475519074
3.23	-0.7699036693
3.24	-0.6927367136
3.25	-0.6160754514
3.26	-0.5399438595
3.27	-0.4643654755
3.28	-0.3893633938
3.29	-0.3149602608
3.3	-0.2411782708
3.31	-0.1680391623
3.32	-0.09556421435
3.33	-0.02377424282
3.34	0.04731040269
3.35	0.117669842
3.36	0.1872846671
3.37	0.2561359448
3.38	0.3242052194
3.39	0.3914745146
3.4	0.4579263358
3.41	0.5235436716
3.42	0.5883099958
3.43	0.6522092687
3.44	0.7152259382
3.45	0.7773449409
3.46	0.8385517029
3.47	0.8988321408
3.48	0.9581726614
3.49	1.016560163
3.5	1.073982034
3.51	1.130426155
3.52	1.185880896
3.53	1.240335117
3.54	1.293778169
3.55	1.346199889
3.56	1.397590605
3.57	1.447941128
3.58	1.497242757
3.59	1.545487271
3.6	1.592666935
3.61	1.63877449
3.62	1.683803157
3.63	1.727746633
3.64	1.770599087
3.65	1.81235516
3.66	1.85300996
3.67	1.892559062
3.68	1.930998503
3.69	1.968324777
3.7	2.004534838
3.71	2.039626089
3.72	2.073596385
3.73	2.106444025
3.74	2.13816775
3.75	2.16876674
3.76	2.198240606
3.77	2.226589391
3.78	2.253813562
3.79	2.279914009
3.8	2.304892036
3.81	2.32874936
3.82	2.351488104
3.83	2.373110794
3.84	2.393620352
3.85	2.413020095
3.86	2.431313724
3.87	2.448505322
3.88	2.464599351
3.89	2.47960064
3.9	2.493514387
3.91	2.506346147
3.92	2.518101831
3.93	2.528787698
3.94	2.53841035
3.95	2.546976724
3.96	2.554494088
3.97	2.560970037
3.98	2.566412481
3.99	2.570829645
4	2.57423006
4.01	2.576622555
4.02	2.578016254
4.03	2.578420568
4.04	2.577845188
4.05	2.576300081
4.06	2.573795479
4.07	2.570341878
4.08	2.565950027
4.09	2.560630924
4.1	2.554395808
4.11	2.547256153
4.12	2.539223661
4.13	2.530310254
4.14	2.520528072
4.15	2.50988946
4.16	2.498406965
4.17	2.486093329
4.18	2.472961482
4.19	2.459024534
4.2	2.444295769
4.21	2.42878864
4.22	2.41251676
4.23	2.395493895
4.24	2.377733958
4.25	2.359251005
4.26	2.340059223
4.27	2.320172927
4.28	2.299606553
4.29	2.278374651
4.3	2.256491875
4.31	2.233972984
4.32	2.210832827
4.33	2.187086342
4.34	2.162748549
4.35	2.13783454
4.36	2.112359476
4.37	2.086338579
4.38	2.059787127
4.39	2.032720445
4.4	2.005153904
4.41	1.977102906
4.42	1.948582888
4.43	1.919609308
4.44	1.890197642
4.45	1.860363379
4.46	1.830122014
4.47	1.799489039
4.48	1.768479943
4.49	1.737110203
4.5	1.705395277
4.51	1.673350601
4.52	1.640991581
4.53	1.60833359
4.54	1.57539196
4.55	1.542181979
4.56	1.508718883
4.57	1.475017854
4.58	1.44109401
4.59	1.406962407
4.6	1.372638026
4.61	1.338135775
4.62	1.303470477
4.63	1.268656874
4.64	1.233709615
4.65	1.198643252
4.66	1.16347224
4.67	1.12821093
4.68	1.092873562
4.69	1.057474265
4.7	1.022027051
4.71	0.986545808
4.72	0.9510443021
4.73	0.9155361683
4.74	0.8800349088
4.75	0.8445538888
4.76	0.8091063328
4.77	0.7737053213
4.78	0.7383637867
4.79	0.7030945105
4.8	0.6679101195
4.81	0.6328230828
4.82	0.5978457086
4.83	0.5629901412
4.84	0.5282683577
4.85	0.4936921658
4.86	0.4592732004
4.87	0.4250229211
4.88	0.3909526096
4.89	0.3570733676
4.9	0.3233961136
4.91	0.2899315812
4.92	0.2566903168
4.93	0.2236826773
4.94	0.190918828
4.95	0.1584087411
4.96	0.1261621934
4.97	0.09418876452
4.98	0.06249783571
4.99	0.03109858782
5	6.031507849e-16
5.01	-0.0307891517
5.02	-0.06126029565
5.03	-0.09140506584
5.04	-0.121215303
5.05	-0.1506830557
5.06	-0.179800581
5.07	-0.2085603459
5.08	-0.2369550274
5.09	-0.2649775137
5.1	-0.2926209044
5.11	-0.3198785115
5.12	-0.3467438593
5.13	-0.373210685
5.14	-0.3992729391
5.15	-0.424924785
5.16	-0.4501605999
5.17	-0.4749749742
5.18	-0.4993627114
5.19	-0.5233188285
5.2	-0.5468385551
5.21	-0.5699173336
5.22	-0.5925508186
5.23	-0.6147348762
5.24	-0.636465584
5.25	-0.6577392299
5.26	-0.678552312
5.27	-0.6989015372
5.28	-0.7187838209
5.29	-0.7381962859
5.3	-0.7571362611
5.31	-0.7756012812
5.32	-0.7935890848
5.33	-0.8110976139
5.34	-0.828125012
5.35	-0.8446696234
5.36	-0.8607299913
5.37	-0.8763048569
5.38	-0.8913931576
5.39	-0.9059940252
5.4	-0.920106785
5.41	-0.9337309533
5.42	-0.9468662365
5.43	-0.9595125286
5.44	-0.9716699098
5.45	-0.9833386446
5.46	-0.9945191796
5.47	-1.005212142
5.48	-1.015418336
5.49	-1.025138745
5.5	-1.034374523
5.51	-1.043126997
5.52	-1.051397665
5.53	-1.059188191
5.54	-1.066500405
5.55	-1.073336299
5.56	-1.079698026
5.57	-1.085587896
5.58	-1.091008376
5.59	-1.095962086
5.6	-1.100451795
5.61	-1.104480421
5.62	-1.108051027
5.63	-1.111166821
5.64	-1.113831148
5.65	-1.116047493
5.66	-1.117819474
5.67	-1.119150842
5.68	-1.120045477
5.69	-1.120507388
5.7	-1.120540703
5.71	-1.120149677
5.72	-1.119338678
5.73	-1.118112192
5.74	-1.116474818
5.75	-1.114431264
5.76	-1.111986345
5.77	-1.109144978
5.78	-1.105912185
5.79	-1.102293083
5.8	-1.098292886
5.81	-1.093916899
5.82	-1.089170517
5.83	-1.084059222
5.84	-1.078588578
5.85	-1.072764233
5.86	-1.066591907
5.87	-1.060077401
5.88	-1.053226583
5.89	-1.046045393
5.9	-1.038539835
5.91	-1.030715976
5.92	-1.022579944
5.93	-1.014137925
5.94	-1.005396157
5.95	-0.99636093
5.96	-0.9870385838
5.97	-0.9774355025
5.98	-0.9675581132
5.99	-0.9574128831
6	-0.947006316
6.01	-0.9363449501
6.02	-0.9254353551
6.03	-0.9142841289
6.04	-0.9028978954
6.05	-0.8912833017
6.06	-0.8794470147
6.07	-0.8673957193
6.08	-0.855136115
6.09	-0.8426749135
6.1	-0.8300188361
6.11	-0.8171746108
6.12	-0.80414897
6.13	-0.7909486476
6.14	-0.7775803769
6.15	-0.7640508873
6.16	-0.7503669027
6.17	-0.7365351383
6.18	-0.7225622983
6.19	-0.708455074
6.2	-0.6942201404
6.21	-0.6798641549
6.22	-0.6653937543
6.23	-0.6508155525
6.24	-0.6361361385
6.25	-0.6213620742
6.26	-0.6064998917
6.27	-0.5915560918
6.28	-0.5765371412
6.29	-0.5614494708
6.3	-0.5462994735
6.31	-0.5310935024
6.32	-0.5158378681
6.33	-0.5005388376
6.34	-0.4852026319
6.35	-0.469835424
6.36	-0.4544433373
6.37	-0.4390324437
6.38	-0.4236087618
6.39	-0.4081782552
6.4	-0.3927468306
6.41	-0.3773203364
6.42	-0.361904561
6.43	-0.3465052309
6.44	-0.3311280096
6.45	-0.3157784959
6.46	-0.3004622222
6.47	-0.2851846536
6.48	-0.2699511858
6.49	-0.2547671444
6.5	-0.2396377833
6.51	-0.2245682832
6.52	-0.2095637508
6.53	-0.1946292174
6.54	-0.1797696377
6.55	-0.1649898887
6.56	-0.1502947687
6.57	-0.1356889962
6.58	-0.1211772092
6.59	-0.1067639635
6.6	-0.09245373269
6.61	-0.0782509067
6.62	-0.06415979115
6.63	-0.05018460658
6.64	-0.03632948763
6.65	-0.0225984824
6.66	-0.008995551717
6.67	0.004475431449
6.68	0.0178106826
6.69	0.03100650624
6.7	0.04405929643
6.71	0.05696553721
6.72	0.06972180307
6.73	0.08232475934
6.74	0.09477116252
6.75	0.1070578607
6.76	0.1191817936
6.77	0.1311399931
6.78	0.1429295834
6.79	0.1545477809
6.8	0.1659918948
6.81	0.1772593268
6.82	0.1883475712
6.83	0.1992542154
6.84	0.2099769391
6.85	0.220513515
6.86	0.2308618081
6.87	0.2410197763
6.88	0.2509854695
6.89	0.2607570298
6.9	0.2703326913
6.91	0.27971078
6.92	0.288889713
6.93	0.2978679986
6.94	0.3066442359
6.95	0.3152171145
6.96	0.3235854138
6.97	0.3317480029
6.98	0.3397038399
6.99	0.3474519715
7	0.3549915327
7.01	0.3623217456
7.02	0.3694419197
7.03	0.3763514506
7.04	0.3830498197
7.05	0.3895365934
7.06	0.3958114225
7.07	0.4018740415
7.08	0.407724268
7.09	0.4133620014
7.1	0.4187872228
7.11	0.423999994
7.12	0.4290004561
7.13	0.4337888297
7.14	0.4383654132
7.15	0.442730582
7.16	0.446884788
7.17	0.4508285585
7.18	0.4545624949
7.19	0.4580872722
7.2	0.4614036378
7.21	0.4645124106
7.22	0.4674144797
7.23	0.4701108038
7.24	0.4726024098
7.25	0.4748903918
7.26	0.4769759102
7.27	0.4788601903
7.28	0.4805445215
7.29	0.482030256
7.3	0.4833188076
7.31	0.4844116508
7.32	0.4853103193
7.33	0.4860164052
7.34	0.4865315575
7.35	0.4868574812
7.36	0.4869959357
7.37	0.4869487339
7.38	0.4867177411
7.39	0.4863048735
7.4	0.4857120969
7.41	0.4849414258
7.42	0.4839949218
7.43	0.4828746927
7.44	0.481582891
7.45	0.4801217127
7.46	0.4784933959
7.47	0.47670022
7.48	0.4747445038
7.49	0.4726286047
7.5	0.4703549171
7.51	0.4679258715
7.52	0.4653439328
7.53	0.4626115994
7.54	0.4597314015
7.55	0.4567059004
7.56	0.4535376867
7.57	0.4502293793
7.58	0.4467836239
7.59	0.443203092
7.6	0.4394904797
7.61	0.4356485058
7.62	0.4316799115
7.63	0.4275874583
7.64	0.4233739273
7.65	0.4190421174
7.66	0.4145948449
7.67	0.4100349414
7.68	0.405365253
7.69	0.4005886392
7.7	0.3957079713
7.71	0.3907261316
7.72	0.3856460118
7.73	0.3804705121
7.74	0.37520254
7.75	0.369845009
7.76	0.3644008375
7.77	0.3588729477
7.78	0.3532642643
7.79	0.3475777135
7.8	0.341816222
7.81	0.3359827155
7.82	0.3300801179
7.83	0.3241113504
7.84	0.3180793298
7.85	0.3119869681
7.86	0.3058371709
7.87	0.299632837
7.88	0.2933768565
7.89	0.2870721107
7.9	0.2807214705
7.91	0.2743277956
7.92	0.2678939336
7.93	0.261422719
7.94	0.254916972
7.95	0.248379498
7.96	0.2418130866
7.97	0.2352205103
7.98	0.2286045242
7.99	0.2219678646
8	0.2153132485
8.01	0.2086433728
8.02	0.201960913
8.03	0.1952685232
8.04	0.1885688344
8.05	0.1818644544
8.06	0.1751579669
8.07	0.1684519306
8.08	0.1617488784
8.09	0.1550513172
8.1	0.1483617266
8.11	0.1416825587
8.12	0.1350162372
8.13	0.1283651567
8.14	0.1217316824
8.15	0.1151181492
8.16	0.1085268612
8.17	0.1019600912
8.18	0.09542008006
8.19	0.08890903633
8.2	0.08242913551
8.21	0.07598251972
8.22	0.06957129715
8.23	0.06319754163
8.24	0.05686329218
8.25	0.05057055258
8.26	0.04432129096
8.27	0.03811743942
8.28	0.03196089365
8.29	0.02585351257
8.3	0.01979711802
8.31	0.01379349441
8.32	0.007844388403
8.33	0.001951508689
8.34	-0.00388347434
8.35	-0.009658928817
8.36	-0.01537326164
8.37	-0.02102491868
8.38	-0.02661238499
8.39	-0.03213418499
8.4	-0.03758888264
8.41	-0.04297508156
8.42	-0.0482914252
8.43	-0.05353659693
8.44	-0.05870932015
8.45	-0.0638083584
8.46	-0.06883251538
8.47	-0.07378063504
8.48	-0.07865160159
8.49	-0.08344433957
8.5	-0.08815781379
8.51	-0.09279102937
8.52	-0.09734303169
8.53	-0.1018129064
8.54	-0.1061997792
8.55	-0.1105028161
8.56	-0.1147212229
8.57	-0.1188542455
8.58	-0.1229011696
8.59	-0.1268613205
8.6	-0.1307340631
8.61	-0.1345188017
8.62	-0.1382149798
8.63	-0.14182208
8.64	-0.1453396236
8.65	-0.1487671708
8.66	-0.15210432
8.67	-0.155350708
8.68	-0.1585060094
8.69	-0.1615699366
8.7	-0.1645422394
8.71	-0.1674227047
8.72	-0.1702111564
8.73	-0.1729074549
8.74	-0.1755114969
8.75	-0.1780232148
8.76	-0.1804425771
8.77	-0.1827695871
8.78	-0.1850042832
8.79	-0.1871467383
8.8	-0.1891970596
8.81	-0.191155388
8.82	-0.1930218978
8.83	-0.1947967962
8.84	-0.1964803233
8.85	-0.1980727512
8.86	-0.1995743837
8.87	-0.200985556
8.88	-0.2023066343
8.89	-0.2035380151
8.9	-0.204680125
8.91	-0.20573342
8.92	-0.2066983853
8.93	-0.2075755347
8.94	-0.2083654101
8.95	-0.2090685808
8.96	-0.2096856437
8.97	-0.2102172219
8.98	-0.210663965
8.99	-0.2110265479
9	-0.2113056709
9.01	-0.2115020589
9.02	-0.2116164607
9.03	-0.2116496488
9.04	-0.2116024187
9.05	-0.2114755886
9.06	-0.2112699984
9.07	-0.2109865095
9.08	-0.2106260045
9.09	-0.2101893859
9.1	-0.2096775764
9.11	-0.2090915178
9.12	-0.2084321707
9.13	-0.2077005137
9.14	-0.2068975433
9.15	-0.2060242728
9.16	-0.2050817323
9.17	-0.2040709675
9.18	-0.2029930398
9.19	-0.2018490255
9.2	-0.2006400149
9.21	-0.1993671122
9.22	-0.1980314349
9.23	-0.196634113
9.24	-0.1951762887
9.25	-0.1936591155
9.26	-0.1920837581
9.27	-0.1904513915
9.28	-0.1887632008
9.29	-0.1870203801
9.3	-0.1852241325
9.31	-0.1833756693
9.32	-0.1814762095
9.33	-0.1795269794
9.34	-0.1775292117
9.35	-0.1754841452
9.36	-0.1733930246
9.37	-0.1712570994
9.38	-0.1690776235
9.39	-0.166855855
9.4	-0.1645930554
9.41	-0.1622904893
9.42	-0.1599494237
9.43	-0.1575711274
9.44	-0.1551568709
9.45	-0.1527079254
9.46	-0.150225563
9.47	-0.1477110553
9.48	-0.1451656737
9.49	-0.1425906886
9.5	-0.139987369
9.51	-0.1373569818
9.52	-0.1347007917
9.53	-0.1320200605
9.54	-0.1293160469
9.55	-0.1265900056
9.56	-0.1238431874
9.57	-0.1210768385
9.58	-0.1182921999
9.59	-0.1154905072
9.6	-0.1126729905
9.61	-0.1098408732
9.62	-0.1069953723
9.63	-0.1041376978
9.64	-0.101269052
9.65	-0.09839062967
9.66	-0.09550361724
9.67	-0.09260919264
9.68	-0.08970852485
9.69	-0.08680277361
9.7	-0.08389308904
9.71	-0.08098061129
9.72	-0.07806647023
9.73	-0.07515178512
9.74	-0.07223766428
9.75	-0.0693252048
9.76	-0.06641549222
9.77	-0.06350960023
9.78	-0.06060859042
9.79	-0.05771351193
9.8	-0.05482540124
9.81	-0.05194528188
9.82	-0.04907416417
9.83	-0.04621304496
9.84	-0.04336290742
9.85	-0.04052472075
9.86	-0.03769944002
9.87	-0.03488800589
9.88	-0.03209134442
9.89	-0.02931036689
9.9	-0.02654596954
9.91	-0.02379903344
9.92	-0.0210704243
9.93	-0.01836099226
9.94	-0.01567157174
9.95	-0.0130029813
9.96	-0.01035602347
9.97	-0.007731484606
9.98	-0.005130134758
9.99	-0.002552727538
10	-9.90192627e-17
10.01	0.002527327475
10.02	0.005028551284
10.03	0.007502984703
10.04	0.009949957981
10.05	0.01236881842
10.06	0.01475893045
10.07	0.01711967571
10.08	0.0194504531
10.09	0.02175067884
10.1	0.02401978654
10.11	0.02625722718
10.12	0.02846246921
10.13	0.03063499857
10.14	0.03277431865
10.15	0.03487995039
10.16	0.03695143223
10.17	0.0389883201
10.18	0.04099018748
10.19	0.04295662532
10.2	0.04488724205
10.21	0.04678166355
10.22	0.04863953313
10.23	0.05046051147
10.24	0.05224427659
10.25	0.05399052378
10.26	0.0556989656
10.27	0.05736933172
10.28	0.05900136895
10.29	0.06059484111
10.3	0.06214952895
10.31	0.0636652301
10.32	0.06514175894
10.33	0.06657894652
10.34	0.06797664047
10.35	0.06933470487
10.36	0.07065302015
10.37	0.07193148298
10.38	0.07317000611
10.39	0.07436851831
10.4	0.07552696418
10.41	0.07664530402
10.42	0.07772351372
10.43	0.07876158459
10.44	0.07975952321
10.45	0.08071735129
10.46	0.08163510549
10.47	0.08251283728
10.48	0.08335061275
10.49	0.08414851246
10.5	0.08490663126
10.51	0.08562507811
10.52	0.08630397589
10.53	0.08694346122
10.54	0.08754368428
10.55	0.08810480862
10.56	0.08862701095
10.57	0.08911048095
10.58	0.08955542106
10.59	0.0899620463
10.6	0.09033058404
10.61	0.09066127381
10.62	0.09095436706
10.63	0.09121012698
10.64	0.09142882828
10.65	0.09161075692
10.66	0.09175620996
10.67	0.0918654953
10.68	0.09193893146
10.69	0.09197684736
10.7	0.09197958209
10.71	0.09194748466
10.72	0.09188091382
10.73	0.09178023775
10.74	0.09164583393
10.75	0.09147808879
10.76	0.09127739756
10.77	0.09104416401
10.78	0.0907788002
10.79	0.09048172623
10.8	0.09015337004
10.81	0.08979416714
10.82	0.08940456039
10.83	0.08898499973
10.84	0.08853594198
10.85	0.08805785055
10.86	0.08755119525
10.87	0.08701645201
10.88	0.08645410265
10.89	0.08586463465
10.9	0.0852485409
10.91	0.08460631946
10.92	0.08393847333
10.93	0.08324551017
10.94	0.08252794214
10.95	0.08178628557
10.96	0.08102106079
10.97	0.08023279187
10.98	0.07942200639
10.99	0.07858923519
11	0.07773501214
11.01	0.07685987394
11.02	0.07596435985
11.03	0.07504901146
11.04	0.07411437251
11.05	0.07316098859
11.06	0.07218940699
11.07	0.07120017643
11.08	0.07019384682
11.09	0.06917096912
11.1	0.06813209502
11.11	0.0670777768
11.12	0.06600856709
11.13	0.06492501865
11.14	0.06382768417
11.15	0.06271711604
11.16	0.06159386618
11.17	0.06045848581
11.18	0.05931152526
11.19	0.05815353377
11.2	0.05698505927
11.21	0.05580664822
11.22	0.0546188454
11.23	0.05342219373
11.24	0.05221723406
11.25	0.05100450501
11.26	0.04978454278
11.27	0.04855788098
11.28	0.04732505044
11.29	0.04608657904
11.3	0.04484299153
11.31	0.04359480941
11.32	0.04234255069
11.33	0.0410867298
11.34	0.03982785737
11.35	0.03856644013
11.36	0.03730298071
11.37	0.03603797754
11.38	0.03477192463
11.39	0.03350531152
11.4	0.03223862305
11.41	0.0309723393
11.42	0.02970693539
11.43	0.0284428814
11.44	0.02718064221
11.45	0.0259206774
11.46	0.0246634411
11.47	0.0234093819
11.48	0.02215894271
11.49	0.0209125607
11.5	0.01967066711
11.51	0.01843368722
11.52	0.0172020402
11.53	0.01597613904
11.54	0.01475639046
11.55	0.01354319478
11.56	0.01233694588
11.57	0.01113803107
11.58	0.009946831048
11.59	0.008763719797
11.6	0.007589064521
11.61	0.006423225569
11.62	0.005266556369
11.63	0.004119403362
11.64	0.002982105943
11.65	0.001854996397
11.66	0.0007383998503
11.67	-0.0003673657843
11.68	-0.001461989856
11.69	-0.002545169022
11.7	-0.003616607287
11.71	-0.004676016043
11.72	-0.005723114109
11.73	-0.006757627757
11.74	-0.007779290745
11.75	-0.008787844345
11.76	-0.00978303736
11.77	-0.01076462615
11.78	-0.01173237465
11.79	-0.01268605438
11.8	-0.01362544446
11.81	-0.01455033159
11.82	-0.01546051013
11.83	-0.016355782
11.84	-0.01723595676
11.85	-0.01810085157
11.86	-0.0189502912
11.87	-0.01978410801
11.88	-0.02060214191
11.89	-0.02140424043
11.9	-0.0221902586
11.91	-0.02296005899
11.92	-0.02371351169
11.93	-0.02445049425
11.94	-0.02517089168
11.95	-0.02587459641
11.96	-0.02656150825
11.97	-0.02723153436
11.98	-0.02788458923
11.99	-0.02852059461
12	-0.02913947947
12.01	-0.02974117999
12.02	-0.03032563947
12.03	-0.03089280831
12.04	-0.03144264392
12.05	-0.03197511073
12.06	-0.03249018007
12.07	-0.03298783015
12.08	-0.03346804597
12.09	-0.03393081931
12.1	-0.03437614861
12.11	-0.03480403892
12.12	-0.03521450185
12.13	-0.03560755549
12.14	-0.03598322434
12.15	-0.03634153921
12.16	-0.03668253721
12.17	-0.0370062616
12.18	-0.03731276177
12.19	-0.03760209311
12.2	-0.03787431698
12.21	-0.03812950058
12.22	-0.03836771692
12.23	-0.03858904468
12.24	-0.03879356816
12.25	-0.03898137716
12.26	-0.03915256693
12.27	-0.03930723806
12.28	-0.03944549639
12.29	-0.0395674529
12.3	-0.03967322366
12.31	-0.03976292969
12.32	-0.03983669689
12.33	-0.03989465595
12.34	-0.03993694223
12.35	-0.03996369567
12.36	-0.03997506071
12.37	-0.03997118615
12.38	-0.03995222511
12.39	-0.03991833487
12.4	-0.03986967681
12.41	-0.03980641627
12.42	-0.03972872249
12.43	-0.03963676849
12.44	-0.03953073095
12.45	-0.03941079012
12.46	-0.03927712975
12.47	-0.0391299369
12.48	-0.03896940194
12.49	-0.03879571837
12.5	-0.03860908272
12.51	-0.03840969452
12.52	-0.03819775608
12.53	-0.0379734725
12.54	-0.03773705146
12.55	-0.03748870321
12.56	-0.03722864039
12.57	-0.03695707798
12.58	-0.03667423315
12.59	-0.0363803252
12.6	-0.03607557542
12.61	-0.035760207
12.62	-0.03543444494
12.63	-0.03509851593
12.64	-0.03475264824
12.65	-0.03439707163
12.66	-0.03403201727
12.67	-0.0336577176
12.68	-0.03327440624
12.69	-0.0328823179
12.7	-0.03248168828
12.71	-0.03207275397
12.72	-0.03165575235
12.73	-0.03123092146
12.74	-0.03079849998
12.75	-0.03035872706
12.76	-0.02991184225
12.77	-0.02945808542
12.78	-0.02899769665
12.79	-0.02853091614
12.8	-0.02805798411
12.81	-0.02757914074
12.82	-0.02709462603
12.83	-0.02660467975
12.84	-0.02610954135
12.85	-0.02560944985
12.86	-0.02510464376
12.87	-0.02459536101
12.88	-0.02408183886
12.89	-0.02356431381
12.9	-0.02304302152
12.91	-0.02251819673
12.92	-0.02199007317
12.93	-0.02145888353
12.94	-0.02092485929
12.95	-0.02038823075
12.96	-0.01984922688
12.97	-0.01930807527
12.98	-0.01876500205
12.99	-0.01822023186
13	-0.01767398771
13.01	-0.01712649097
13.02	-0.01657796127
13.03	-0.01602861646
13.04	-0.01547867251
13.05	-0.01492834349
13.06	-0.01437784147
13.07	-0.01382737649
13.08	-0.01327715646
13.09	-0.01272738716
13.1	-0.01217827213
13.11	-0.01163001264
13.12	-0.01108280765
13.13	-0.01053685371
13.14	-0.009992344985
13.15	-0.009449473119
13.16	-0.008908427251
13.17	-0.008369393944
13.18	-0.007832557141
13.19	-0.007298098125
13.2	-0.006766195475
13.21	-0.006237025027
13.22	-0.005710759831
13.23	-0.005187570118
13.24	-0.004667623261
13.25	-0.004151083739
13.26	-0.003638113107
13.27	-0.003128869962
13.28	-0.002623509911
13.29	-0.002122185544
13.3	-0.001625046406
13.31	-0.001132238969
13.32	-0.0006439066113
13.33	-0.0001601895881
13.34	0.0003187749859
13.35	0.0007928531587
13.36	0.00126191416
13.37	0.001725830421
13.38	0.002184477585
13.39	0.002637734531
13.4	0.00308548338
13.41	0.003527609511
13.42	0.003964001571
13.43	0.004394551485
13.44	0.004819154464
13.45	0.005237709012
13.46	0.00565011693
13.47	0.006056283325
13.48	0.006456116609
13.49	0.006849528499
13.5	0.007236434024
13.51	0.007616751518
13.52	0.007990402622
13.53	0.008357312279
13.54	0.008717408729
13.55	0.009070623504
13.56	0.009416891423
13.57	0.00975615058
13.58	0.01008834234
13.59	0.01041341132
13.6	0.01073130539
13.61	0.01104197565
13.62	0.01134537643
13.63	0.01164146524
13.64	0.0119302028
13.65	0.01221155301
13.66	0.0124854829
13.67	0.01275196265
13.68	0.01301096557
13.69	0.01326246803
13.7	0.01350644949
13.71	0.01374289249
13.72	0.01397178254
13.73	0.0141931082
13.74	0.01440686098
13.75	0.01461303535
13.76	0.01481162869
13.77	0.0150026413
13.78	0.01518607633
13.79	0.01536193976
13.8	0.01553024038
13.81	0.01569098976
13.82	0.01584420221
13.83	0.01598989475
13.84	0.01612808707
13.85	0.01625880151
13.86	0.01638206301
13.87	0.01649789909
13.88	0.0166063398
13.89	0.01670741769
13.9	0.01680116778
13.91	0.0168876275
13.92	0.01696683668
13.93	0.01703883748
13.94	0.0171036744
13.95	0.01716139417
13.96	0.01721204577
13.97	0.01725568037
13.98	0.01729235128
13.99	0.01732211389
14	0.01734502571
14.01	0.01736114621
14.02	0.01737053688
14.03	0.01737326113
14.04	0.01736938425
14.05	0.0173589734
14.06	0.01734209752
14.07	0.01731882734
14.08	0.01728923529
14.09	0.01725339545
14.1	0.01721138357
14.11	0.01716327695
14.12	0.01710915444
14.13	0.01704909638
14.14	0.01698318456
14.15	0.01691150215
14.16	0.01683413371
14.17	0.01675116509
14.18	0.0166626834
14.19	0.01656877698
14.2	0.01646953534
14.21	0.01636504913
14.22	0.01625541006
14.23	0.0161407109
14.24	0.01602104539
14.25	0.01589650823
14.26	0.01576719502
14.27	0.01563320221
14.28	0.01549462708
14.29	0.01535156764
14.3	0.01520412266
14.31	0.01505239156
14.32	0.01489647441
14.33	0.01473647186
14.34	0.01457248509
14.35	0.01440461582
14.36	0.01423296619
14.37	0.01405763877
14.38	0.01387873649
14.39	0.01369636263
14.4	0.01351062073
14.41	0.01332161459
14.42	0.01312944822
14.43	0.01293422578
14.44	0.01273605153
14.45	0.01253502985
14.46	0.01233126513
14.47	0.01212486177
14.48	0.01191592413
14.49	0.01170455648
14.5	0.01149086299
14.51	0.01127494766
14.52	0.0110569143
14.53	0.01083686649
14.54	0.01061490753
14.55	0.01039114044
14.56	0.01016566787
14.57	0.00993859212
14.58	0.009710015062
14.59	0.009480038128
14.6	0.00924876227
14.61	0.009016287927
14.62	0.008782714992
14.63	0.00854814278
14.64	0.008312669995
14.65	0.008076394701
14.66	0.00783941429
14.67	0.00760182545
14.68	0.007363724139
14.69	0.007125205553
14.7	0.006886364099
14.71	0.006647293366
14.72	0.006408086101
14.73	0.006168834178
14.74	0.005929628573
14.75	0.005690559341
14.76	0.005451715587
14.77	0.005213185448
14.78	0.004975056061
14.79	0.004737413547
14.8	0.004500342985
14.81	0.004263928392
14.82	0.004028252698
14.83	0.003793397732
14.84	0.003559444196
14.85	0.003326471647
14.86	0.003094558482
14.87	0.002863781916
14.88	0.002634217963
14.89	0.002405941426
14.9	0.002179025873
14.91	0.001953543628
14.92	0.00172956575
14.93	0.001507162024
14.94	0.001286400944
14.95	0.001067349702
14.96	0.0008500741722
14.97	0.0006346389032
14.98	0.0004211071046
14.99	0.0002095406364
15	1.219199406e-17
15.01	-0.0002074556723
15.02	-0.0004127686252
15.03	-0.0006158824891
15.04	-0.0008167422872
15.05	-0.001015294443
15.06	-0.001211486785
15.07	-0.001405268557
15.08	-0.001596590416
15.09	-0.001785404443
15.1	-0.001971664145
15.11	-0.002155324457
15.12	-0.002336341746
15.13	-0.002514673815
15.14	-0.002690279902
15.15	-0.00286312068
15.16	-0.003033158264
15.17	-0.003200356202
15.18	-0.003364679483
15.19	-0.00352609453
15.2	-0.003684569202
15.21	-0.003840072788
15.22	-0.00399257601
15.23	-0.004142051014
15.24	-0.004288471372
15.25	-0.004431812071
15.26	-0.004572049514
15.27	-0.004709161515
15.28	-0.004843127289
15.29	-0.004973927449
15.3	-0.005101543998
15.31	-0.005225960325
15.32	-0.005347161193
15.33	-0.005465132734
15.34	-0.00557986244
15.35	-0.005691339154
15.36	-0.005799553062
15.37	-0.005904495681
15.38	-0.006006159851
15.39	-0.006104539723
15.4	-0.006199630751
15.41	-0.006291429675
15.42	-0.006379934517
15.43	-0.006465144563
15.44	-0.006547060353
15.45	-0.00662568367
15.46	-0.006701017522
15.47	-0.006773066134
15.48	-0.006841834933
15.49	-0.00690733053
15.5	-0.006969560711
15.51	-0.007028534419
15.52	-0.007084261742
15.53	-0.007136753894
15.54	-0.007186023204
15.55	-0.007232083095
15.56	-0.007274948072
15.57	-0.007314633706
15.58	-0.007351156614
15.59	-0.007384534446
15.6	-0.007414785866
15.61	-0.007441930536
15.62	-0.007465989095
15.63	-0.007486983148
15.64	-0.007504935243
15.65	-0.007519868855
15.66	-0.007531808368
15.67	-0.007540779055
15.68	-0.007546807063
15.69	-0.007549919389
15.7	-0.007550143869
15.71	-0.007547509152
15.72	-0.007542044684
15.73	-0.00753378069
15.74	-0.007522748152
15.75	-0.007508978792
15.76	-0.007492505053
15.77	-0.007473360078
15.78	-0.007451577689
15.79	-0.007427192373
15.8	-0.007400239255
15.81	-0.007370754086
15.82	-0.007338773216
15.83	-0.007304333581
15.84	-0.007267472676
15.85	-0.007228228541
15.86	-0.007186639742
15.87	-0.007142745343
15.88	-0.007096584897
15.89	-0.007048198417
15.9	-0.006997626363
15.91	-0.006944909617
15.92	-0.006890089467
15.93	-0.006833207588
15.94	-0.006774306017
15.95	-0.006713427138
15.96	-0.006650613663
15.97	-0.006585908611
15.98	-0.006519355285
15.99	-0.006450997262
16	-0.006380878365
16.01	-0.006309042647
16.02	-0.006235534373
16.03	-0.006160398002
16.04	-0.006083678165
16.05	-0.006005419648
16.06	-0.005925667374
16.07	-0.005844466384
16.08	-0.00576186182
16.09	-0.005677898905
16.1	-0.005592622926
16.11	-0.005506079216
16.12	-0.005418313139
16.13	-0.005329370067
16.14	-0.005239295367
16.15	-0.005148134384
16.16	-0.00505593242
16.17	-0.004962734725
16.18	-0.00486858647
16.19	-0.00477353274
16.2	-0.004677618512
16.21	-0.004580888642
16.22	-0.00448338785
16.23	-0.004385160699
16.24	-0.004286251586
16.25	-0.004186704723
16.26	-0.004086564126
16.27	-0.003985873594
16.28	-0.0038846767
16.29	-0.003783016777
16.3	-0.003680936898
16.31	-0.00357847987
16.32	-0.003475688215
16.33	-0.003372604159
16.34	-0.003269269617
16.35	-0.003165726185
16.36	-0.003062015121
16.37	-0.002958177336
16.38	-0.002854253385
16.39	-0.00275028345
16.4	-0.002646307329
16.41	-0.002542364429
16.42	-0.002438493751
16.43	-0.002334733881
16.44	-0.002231122979
16.45	-0.002127698769
16.46	-0.002024498529
16.47	-0.001921559081
16.48	-0.001818916782
16.49	-0.001716607516
16.5	-0.001614666683
16.51	-0.00151312919
16.52	-0.001412029446
16.53	-0.001311401351
16.54	-0.001211278291
16.55	-0.001111693125
16.56	-0.001012678186
16.57	-0.0009142652651
16.58	-0.0008164856129
16.59	-0.0007193699275
16.6	-0.0006229483507
16.61	-0.000527250462
16.62	-0.0004323052723
16.63	-0.0003381412193
16.64	-0.0002447861622
16.65	-0.0001522673767
16.66	-6.061155069e-05
16.67	3.01552199e-05
16.68	0.0001200074353
16.69	0.0002089201957
16.7	0.0002968692041
16.71	0.0003838307705
16.72	0.0004697818138
16.73	0.0005546998651
16.74	0.0006385630701
16.75	0.0007213501909
16.76	0.0008030406083
16.77	0.0008836143229
16.78	0.0009630519574
16.79	0.001041334757
16.8	0.00111844459
16.81	0.001194363949
16.82	0.001269075952
16.83	0.001342564343
16.84	0.001414813487
16.85	0.001485808376
16.86	0.001555534627
16.87	0.001623978478
16.88	0.001691126791
16.89	0.001756967046
16.9	0.001821487346
16.91	0.001884676411
16.92	0.001946523574
16.93	0.002007018787
16.94	0.002066152609
16.95	0.002123916211
16.96	0.002180301368
16.97	0.00223530046
16.98	0.002288906468
16.99	0.002341112969
17	0.002391914132
17.01	0.002441304719
17.02	0.002489280074
17.03	0.002535836127
17.04	0.002580969383
17.05	0.00262467692
17.06	0.002666956386
17.07	0.002707805992
17.08	0.002747224508
17.09	0.002785211257
17.1	0.002821766111
17.11	0.002856889487
17.12	0.002890582336
17.13	0.002922846144
17.14	0.00295368292
17.15	0.002983095196
17.16	0.003011086016
17.17	0.003037658933
17.18	0.003062817998
17.19	0.003086567761
17.2	0.003108913257
17.21	0.003129860003
17.22	0.003149413991
17.23	0.00316758168
17.24	0.003184369989
17.25	0.00319978629
17.26	0.003213838403
17.27	0.003226534582
17.28	0.003237883517
17.29	0.003247894317
17.3	0.003256576509
17.31	0.003263940029
17.32	0.00326999521
17.33	0.003274752779
17.34	0.003278223848
17.35	0.003280419904
17.36	0.003281352803
17.37	0.00328103476
17.38	0.003279478343
17.39	0.003276696463
17.4	0.003272702366
17.41	0.003267509624
17.42	0.003261132131
17.43	0.003253584087
17.44	0.003244879995
17.45	0.003235034653
17.46	0.003224063141
17.47	0.003211980817
17.48	0.003198803305
17.49	0.003184546489
17.5	0.003169226502
17.51	0.003152859722
17.52	0.003135462756
17.53	0.003117052438
17.54	0.003097645817
17.55	0.003077260151
17.56	0.003055912895
17.57	0.003033621695
17.58	0.003010404378
17.59	0.002986278944
17.6	0.002961263559
17.61	0.002935376543
17.62	0.002908636365
17.63	0.002881061632
17.64	0.002852671083
17.65	0.002823483578
17.66	0.002793518091
17.67	0.002762793703
17.68	0.00273132959
17.69	0.002699145019
17.7	0.002666259338
17.71	0.002632691966
17.72	0.002598462388
17.73	0.002563590145
17.74	0.002528094828
17.75	0.002491996069
17.76	0.00245531353
17.77	0.002418066901
17.78	0.002380275889
17.79	0.002341960212
17.8	0.002303139587
17.81	0.002263833729
17.82	0.00222406234
17.83	0.002183845101
17.84	0.002143201666
17.85	0.002102151655
17.86	0.002060714648
17.87	0.002018910175
17.88	0.00197675771
17.89	0.001934276667
17.9	0.00189148639
17.91	0.001848406147
17.92	0.001805055126
17.93	0.001761452425
17.94	0.001717617046
17.95	0.001673567893
17.96	0.001629323761
17.97	0.001584903332
17.98	0.001540325168
17.99	0.001495607707
18	0.001450769257
18.01	0.001405827987
18.02	0.001360801928
18.03	0.00131570896
18.04	0.001270566812
18.05	0.001225393055
18.06	0.001180205098
18.07	0.00113502018
18.08	0.00108985537
18.09	0.001044727557
18.1	0.0009996534507
18.11	0.0009546495715
18.12	0.0009097322503
18.13	0.0008649176226
18.14	0.0008202216243
18.15	0.0007756599879
18.16	0.0007312482386
18.17	0.0006870016903
18.18	0.0006429354421
18.19	0.0005990643745
18.2	0.0005554031463
18.21	0.0005119661907
18.22	0.0004687677129
18.23	0.000425821686
18.24	0.0003831418489
18.25	0.000340741703
18.26	0.0002986345094
18.27	0.0002568332865
18.28	0.0002153508074
18.29	0.0001741995975
18.3	0.000133391932
18.31	9.293983424e-05
18.32	5.28550733e-05
18.33	1.314916212e-05
18.34	-2.616664428e-05
18.35	-6.508135044e-05
18.36	-0.0001035842221
18.37	-0.0001416647877
18.38	-0.0001793128396
18.39	-0.0002165184353
18.4	-0.000253271899
18.41	-0.0002895638218
18.42	-0.0003253850635
18.43	-0.0003607267526
18.44	-0.0003955802875
18.45	-0.000429937337
18.46	-0.0004637898404
18.47	-0.0004971300084
18.48	-0.0005299503229
18.49	-0.0005622435374
18.5	-0.0005940026769
18.51	-0.0006252210379
18.52	-0.0006558921883
18.53	-0.0006860099669
18.54	-0.0007155684835
18.55	-0.0007445621179
18.56	-0.0007729855195
18.57	-0.000800833607
18.58	-0.000828101567
18.59	-0.0008547848539
18.6	-0.0008808791883
18.61	-0.0009063805563
18.62	-0.0009312852084
18.63	-0.0009555896581
18.64	-0.0009792906807
18.65	-0.001002385312
18.66	-0.001024870847
18.67	-0.001046744837
18.68	-0.001068005091
18.69	-0.00108864967
18.7	-0.001108676888
18.71	-0.001128085311
18.72	-0.001146873751
18.73	-0.001165041267
18.74	-0.001182587164
18.75	-0.001199510986
18.76	-0.001215812521
18.77	-0.001231491791
18.78	-0.001246549055
18.79	-0.001260984804
18.8	-0.00127479976
18.81	-0.001287994873
18.82	-0.001300571317
18.83	-0.001312530489
18.84	-0.001323874005
18.85	-0.001334603699
18.86	-0.00134472162
18.87	-0.001354230024
18.88	-0.00136313138
18.89	-0.001371428358
18.9	-0.001379123834
18.91	-0.00138622088
18.92	-0.001392722765
18.93	-0.001398632951
18.94	-0.00140395509
18.95	-0.001408693017
18.96	-0.001412850754
18.97	-0.0014164325
18.98	-0.001419442631
18.99	-0.001421885695
19	-0.001423766411
19.01	-0.001425089663
19.02	-0.001425860496
19.03	-0.001426084116
19.04	-0.001425765882
19.05	-0.001424911307
19.06	-0.001423526051
19.07	-0.001421615919
19.08	-0.001419186855
19.09	-0.001416244942
19.1	-0.001412796397
19.11	-0.001408847565
19.12	-0.001404404919
19.13	-0.001399475053
19.14	-0.001394064681
19.15	-0.001388180631
19.16	-0.001381829842
19.17	-0.001375019363
19.18	-0.001367756344
19.19	-0.001360048035
19.2	-0.001351901786
19.21	-0.001343325035
19.22	-0.001334325313
19.23	-0.001324910232
19.24	-0.001315087489
19.25	-0.001304864856
19.26	-0.001294250181
19.27	-0.001283251382
19.28	-0.001271876442
19.29	-0.001260133409
19.3	-0.001248030388
19.31	-0.001235575541
19.32	-0.001222777081
19.33	-0.001209643272
19.34	-0.001196182419
19.35	-0.00118240287
19.36	-0.00116831301
19.37	-0.001153921259
19.38	-0.001139236066
19.39	-0.001124265907
19.4	-0.001109019284
19.41	-0.001093504716
19.42	-0.001077730739
19.43	-0.001061705905
19.44	-0.001045438772
19.45	-0.001028937908
19.46	-0.001012211881
19.47	-0.0009952692617
19.48	-0.0009781186156
19.49	-0.0009607685027
19.5	-0.0009432274728
19.51	-0.0009255040632
19.52	-0.000907606795
19.53	-0.0008895441705
19.54	-0.0008713246699
19.55	-0.0008529567484
19.56	-0.0008344488331
19.57	-0.0008158093205
19.58	-0.000797046573
19.59	-0.0007781689167
19.6	-0.0007591846382
19.61	-0.0007401019821
19.62	-0.000720929148
19.63	-0.0007016742883
19.64	-0.0006823455051
19.65	-0.0006629508479
19.66	-0.0006434983112
19.67	-0.0006239958316
19.68	-0.0006044512858
19.69	-0.000584872488
19.7	-0.0005652671876
19.71	-0.0005456430668
19.72	-0.0005260077388
19.73	-0.000506368745
19.74	-0.0004867335533
19.75	-0.0004671095556
19.76	-0.0004475040665
19.77	-0.0004279243203
19.78	-0.0004083774699
19.79	-0.0003888705845
19.8	-0.0003694106478
19.81	-0.0003500045562
19.82	-0.0003306591172
19.83	-0.0003113810476
19.84	-0.0002921769719
19.85	-0.0002730534206
19.86	-0.0002540168288
19.87	-0.0002350735346
19.88	-0.0002162297779
19.89	-0.0001974916986
19.9	-0.0001788653358
19.91	-0.000160356626
19.92	-0.0001419714022
19.93	-0.0001237153927
19.94	-0.0001055942198
19.95	-8.761339882e-05
19.96	-6.977833726e-05
19.97	-5.20943335e-05
19.98	-3.45665761e-05
19.99	-1.720014285e-05
20	-1.334373088e-18
20.01	1.702899857e-05
20.02	3.388211203e-05
20.03	5.055471327e-05
20.04	6.704228952e-05
20.05	8.334044294e-05
20.06	9.944489112e-05
20.07	0.0001153514676
20.08	0.0001310561221
20.09	0.0001465549212
20.1	0.0001618440486
20.11	0.0001769198051
20.12	0.000191778609
20.13	0.0002064169967
20.14	0.000220831622
20.15	0.0002350192571
20.16	0.0002489767919
20.17	0.0002627012344
20.18	0.0002761897107
20.19	0.0002894394646
20.2	0.0003024478578
20.21	0.0003152123695
20.22	0.0003277305963
20.23	0.0003400002518
20.24	0.0003520191666
20.25	0.0003637852877
20.26	0.0003752966781
20.27	0.0003865515165
20.28	0.0003975480969
20.29	0.0004082848278
20.3	0.0004187602321
20.31	0.0004289729461
20.32	0.0004389217191
20.33	0.0004486054129
20.34	0.0004580230007
20.35	0.0004671735666
20.36	0.0004760563051
20.37	0.0004846705199
20.38	0.0004930156231
20.39	0.0005010911348
20.4	0.0005088966816
20.41	0.0005164319962
20.42	0.000523696916
20.43	0.0005306913825
20.44	0.0005374154401
20.45	0.0005438692349
20.46	0.0005500530141
20.47	0.0005559671243
20.48	0.000561612011
20.49	0.000566988217
20.5	0.0005720963813
20.51	0.0005769372381
20.52	0.0005815116153
20.53	0.0005858204336
20.54	0.0005898647048
20.55	0.0005936455309
20.56	0.0005971641025
20.57	0.0006004216977
20.58	0.0006034196806
20.59	0.0006061594999
20.6	0.0006086426876
20.61	0.0006108708578
20.62	0.0006128457046
20.63	0.0006145690014
20.64	0.0006160425991
20.65	0.0006172684246
20.66	0.0006182484795
20.67	0.0006189848384
20.68	0.0006194796473
20.69	0.0006197351227
20.7	0.0006197535491
20.71	0.0006195372784
20.72	0.0006190887275
20.73	0.0006184103776
20.74	0.0006175047717
20.75	0.0006163745138
20.76	0.000615022267
20.77	0.0006134507517
20.78	0.0006116627444
20.79	0.0006096610757
20.8	0.0006074486291
20.81	0.000605028339
20.82	0.0006024031894
20.83	0.0005995762119
20.84	0.0005965504846
20.85	0.0005933291299
20.86	0.0005899153133
20.87	0.0005863122417
20.88	0.0005825231615
20.89	0.0005785513574
20.9	0.0005744001503
20.91	0.0005700728963
20.92	0.0005655729845
20.93	0.0005609038355
20.94	0.0005560689001
20.95	0.0005510716574
20.96	0.0005459156134
20.97	0.0005406042992
20.98	0.0005351412696
20.99	0.0005295301014
21	0.0005237743918
21.01	0.000517877757
21.02	0.0005118438305
21.03	0.0005056762616
21.04	0.0004993787138
21.05	0.0004929548635
21.06	0.0004864083982
21.07	0.0004797430151
21.08	0.0004729624196
21.09	0.0004660703238
21.1	0.0004590704452
21.11	0.0004519665049
21.12	0.0004447622266
21.13	0.0004374613346
21.14	0.000430067553
21.15	0.0004225846038
21.16	0.0004150162058
21.17	0.000407366073
21.18	0.0003996379137
21.19	0.0003918354284
21.2	0.0003839623091
21.21	0.0003760222379
21.22	0.0003680188855
21.23	0.0003599559099
21.24	0.0003518369555
21.25	0.0003436656514
21.26	0.0003354456106
21.27	0.0003271804284
21.28	0.0003188736816
21.29	0.0003105289269
21.3	0.0003021497002
21.31	0.0002937395152
21.32	0.0002853018624
21.33	0.0002768402077
21.34	0.0002683579921
21.35	0.0002598586295
21.36	0.000251345507
21.37	0.0002428219826
21.38	0.0002342913852
21.39	0.0002257570132
21.4	0.0002172221334
21.41	0.0002086899806
21.42	0.0002001637562
21.43	0.0001916466274
21.44	0.0001831417266
21.45	0.0001746521505
21.46	0.0001661809589
21.47	0.0001577311745
21.48	0.0001493057816
21.49	0.0001409077256
21.5	0.0001325399124
21.51	0.0001242052075
21.52	0.0001159064351
21.53	0.0001076463781
21.54	9.942777683e-05
21.55	9.125332865e-05
21.56	8.312568747e-05
21.57	7.504746303e-05
21.58	6.702122041e-05
21.59	5.904947951e-05
21.6	5.113471451e-05
21.61	4.327935344e-05
21.62	3.548577768e-05
21.63	2.775632152e-05
21.64	2.009327179e-05
21.65	1.24988674e-05
21.66	4.975299055e-06
21.67	-2.475291184e-06
21.68	-9.850810165e-06
21.69	-1.714921397e-05
21.7	-2.436850821e-05
21.71	-3.150674827e-05
21.72	-3.856203954e-05
21.73	-4.553253767e-05
21.74	-5.241644873e-05
21.75	-5.921202943e-05
21.76	-6.591758722e-05
21.77	-7.253148048e-05
21.78	-7.90521186e-05
21.79	-8.547796207e-05
21.8	-9.180752259e-05
21.81	-9.80393631e-05
21.82	-0.0001041720978
21.83	-0.0001102043922
21.84	-0.0001161349631
21.85	-0.0001219625785
21.86	-0.0001276860577
21.87	-0.0001333042712
21.88	-0.0001388161403
21.89	-0.0001442206376
21.9	-0.0001495167863
21.91	-0.0001547036606
21.92	-0.0001597803849
21.93	-0.0001647461344
21.94	-0.0001696001341
21.95	-0.0001743416592
21.96	-0.0001789700348
21.97	-0.0001834846352
21.98	-0.0001878848843
21.99	-0.0001921702548
22	-0.0001963402683
22.01	-0.0002003944945
22.02	-0.0002043325515
22.03	-0.000208154105
22.04	-0.0002118588683
22.05	-0.0002154466014
22.06	-0.0002189171113
22.07	-0.0002222702511
22.08	-0.0002255059199
22.09	-0.0002286240622
22.1	-0.0002316246674
22.11	-0.0002345077696
22.12	-0.0002372734471
22.13	-0.0002399218217
22.14	-0.0002424530584
22.15	-0.0002448673651
22.16	-0.0002471649915
22.17	-0.0002493462293
22.18	-0.0002514114112
22.19	-0.0002533609104
22.2	-0.0002551951404
22.21	-0.000256914554
22.22	-0.0002585196431
22.23	-0.0002600109378
22.24	-0.0002613890062
22.25	-0.0002626544532
22.26	-0.0002638079209
22.27	-0.0002648500867
22.28	-0.000265781664
22.29	-0.0002666034005
22.3	-0.0002673160783
22.31	-0.0002679205128
22.32	-0.0002684175523
22.33	-0.0002688080774
22.34	-0.0002690930001
22.35	-0.0002692732633
22.36	-0.0002693498403
22.37	-0.0002693237338
22.38	-0.0002691959753
22.39	-0.0002689676247
22.4	-0.0002686397692
22.41	-0.000268213523
22.42	-0.0002676900265
22.43	-0.0002670704453
22.44	-0.0002663559699
22.45	-0.000265547815
22.46	-0.0002646472185
22.47	-0.0002636554409
22.48	-0.0002625737649
22.49	-0.0002614034941
22.5	-0.0002601459531
22.51	-0.0002588024859
22.52	-0.000257374456
22.53	-0.0002558632451
22.54	-0.0002542702526
22.55	-0.0002525968953
22.56	-0.0002508446058
22.57	-0.0002490148327
22.58	-0.0002471090392
22.59	-0.000245128703
22.6	-0.0002430753151
22.61	-0.0002409503795
22.62	-0.000238755412
22.63	-0.0002364919401
22.64	-0.0002341615019
22.65	-0.0002317656456
22.66	-0.0002293059287
22.67	-0.0002267839173
22.68	-0.0002242011856
22.69	-0.0002215593152
22.7	-0.0002188598941
22.71	-0.0002161045164
22.72	-0.0002132947815
22.73	-0.0002104322935
22.74	-0.0002075186605
22.75	-0.0002045554939
22.76	-0.0002015444077
22.77	-0.0001984870182
22.78	-0.0001953849431
22.79	-0.0001922398008
22.8	-0.0001890532098
22.81	-0.0001858267886
22.82	-0.0001825621541
22.83	-0.0001792609221
22.84	-0.0001759247058
22.85	-0.0001725551157
22.86	-0.0001691537591
22.87	-0.0001657222389
22.88	-0.0001622621539
22.89	-0.0001587750975
22.9	-0.0001552626577
22.91	-0.0001517264161
22.92	-0.0001481679475
22.93	-0.0001445888199
22.94	-0.0001409905929
22.95	-0.0001373748182
22.96	-0.0001337430387
22.97	-0.0001300967878
22.98	-0.0001264375893
22.99	-0.0001227669566
23	-0.0001190863924
23.01	-0.0001153973884
23.02	-0.0001117014244
23.03	-0.0001079999681
23.04	-0.000104294475
23.05	-0.0001005863872
23.06	-9.687713381e-05
23.07	-9.316812991e-05
23.08	-8.946077653e-05
23.09	-8.575646011e-05
23.1	-8.205655213e-05
23.11	-7.836240876e-05
23.12	-7.467537052e-05
23.13	-7.099676186e-05
23.14	-6.73278909e-05
23.15	-6.367004904e-05
23.16	-6.002451066e-05
23.17	-5.639253281e-05
23.18	-5.277535488e-05
23.19	-4.917419836e-05
23.2	-4.55902665e-05
23.21	-4.202474406e-05
23.22	-3.847879707e-05
23.23	-3.495357251e-05
23.24	-3.145019814e-05
23.25	-2.796978222e-05
23.26	-2.451341329e-05
23.27	-2.108215997e-05
23.28	-1.767707073e-05
23.29	-1.429917372e-05
23.3	-1.094947655e-05
23.31	-7.628966166e-06
23.32	-4.338608619e-06
23.33	-1.079348954e-06
23.34	2.147888959e-06
23.35	5.342202561e-06
23.36	8.50271073e-06
23.37	1.16285539e-05
23.38	1.471889419e-05
23.39	1.777291547e-05
23.4	2.078982348e-05
23.41	2.376884592e-05
23.42	2.670923249e-05
23.43	2.961025499e-05
23.44	3.247120736e-05
23.45	3.529140572e-05
23.46	3.807018841e-05
23.47	4.080691606e-05
23.48	4.350097153e-05
23.49	4.615175999e-05
23.5	4.875870891e-05
23.51	5.132126803e-05
23.52	5.383890937e-05
23.53	5.631112719e-05
23.54	5.873743799e-05
23.55	6.111738042e-05
23.56	6.345051531e-05
23.57	6.573642553e-05
23.58	6.797471599e-05
23.59	7.016501356e-05
23.6	7.230696696e-05
23.61	7.440024672e-05
23.62	7.644454505e-05
23.63	7.843957577e-05
23.64	8.038507417e-05
23.65	8.228079695e-05
23.66	8.412652204e-05
23.67	8.59220485e-05
23.68	8.766719639e-05
23.69	8.936180663e-05
23.7	9.100574084e-05
23.71	9.259888119e-05
23.72	9.414113024e-05
23.73	9.563241079e-05
23.74	9.707266569e-05
23.75	9.846185765e-05
23.76	9.97999691e-05
23.77	0.000101087002
23.78	0.0001023229774
23.79	0.0001035079359
23.8	0.0001046419366
23.81	0.0001057250574
23.82	0.0001067573947
23.83	0.0001077390633
23.84	0.0001086701959
23.85	0.0001095509428
23.86	0.0001103814723
23.87	0.0001111619697
23.88	0.0001118926374
23.89	0.0001125736949
23.9	0.000113205378
23.91	0.000113787939
23.92	0.0001143216463
23.93	0.0001148067839
23.94	0.0001152436516
23.95	0.0001156325644
23.96	0.0001159738522
23.97	0.0001162678598
23.98	0.0001165149464
23.99	0.0001167154853
24	0.0001168698639
24.01	0.000116978483
24.02	0.0001170417569
24.03	0.0001170601127
24.04	0.0001170339905
24.05	0.0001169638427
24.06	0.000116850134
24.07	0.0001166933407
24.08	0.000116493951
24.09	0.0001162524641
24.1	0.0001159693903
24.11	0.0001156452504
24.12	0.0001152805758
24.13	0.0001148759078
24.14	0.0001144317974
24.15	0.0001139488052
24.16	0.0001134275007
24.17	0.0001128684625
24.18	0.0001122722776
24.19	0.0001116395411
24.2	0.0001109708562
24.21	0.0001102668337
24.22	0.0001095280915
24.23	0.0001087552546
24.24	0.0001079489547
24.25	0.0001071098299
24.26	0.0001062385244
24.27	0.0001053356879
24.28	0.000104401976
24.29	0.0001034380491
24.3	0.0001024445726
24.31	0.0001014222165
24.32	0.000100371655
24.33	9.929356632e-05
24.34	9.818863221e-05
24.35	9.705753795e-05
24.36	9.590097182e-05
24.37	9.471962493e-05
24.38	9.351419087e-05
24.39	9.228536545e-05
24.4	9.103384639e-05
24.41	8.976033308e-05
24.42	8.846552626e-05
24.43	8.715012775e-05
24.44	8.581484019e-05
24.45	8.446036676e-05
24.46	8.308741088e-05
24.47	8.169667598e-05
24.48	8.028886522e-05
24.49	7.886468122e-05
24.5	7.742482581e-05
24.51	7.596999975e-05
24.52	7.450090252e-05
24.53	7.301823201e-05
24.54	7.152268433e-05
24.55	7.001495352e-05
24.56	6.849573132e-05
24.57	6.696570695e-05
24.58	6.542556685e-05
24.59	6.387599446e-05
24.6	6.231766998e-05
24.61	6.075127018e-05
24.62	5.917746812e-05
24.63	5.759693299e-05
24.64	5.601032985e-05
24.65	5.441831944e-05
24.66	5.282155799e-05
24.67	5.122069698e-05
24.68	4.961638296e-05
24.69	4.800925737e-05
24.7	4.639995631e-05
24.71	4.478911039e-05
24.72	4.317734452e-05
24.73	4.156527774e-05
24.74	3.995352305e-05
24.75	3.834268723e-05
24.76	3.673337068e-05
24.77	3.512616724e-05
24.78	3.352166406e-05
24.79	3.192044139e-05
24.8	3.032307251e-05
24.81	2.873012351e-05
24.82	2.714215318e-05
24.83	2.555971287e-05
24.84	2.398334634e-05
24.85	2.241358965e-05
24.86	2.085097104e-05
24.87	1.929601076e-05
24.88	1.774922102e-05
24.89	1.621110581e-05
24.9	1.468216084e-05
24.91	1.316287342e-05
24.92	1.165372235e-05
24.93	1.015517784e-05
24.94	8.667701383e-06
24.95	7.191745721e-06
24.96	5.727754718e-06
24.97	4.276163294e-06
24.98	2.837397351e-06
24.99	1.411873703e-06
25	4.017096504e-19
25.01	-1.397825324e-06
25.02	-2.78121312e-06
25.03	-4.149783569e-06
25.04	-5.503166243e-06
25.05	-6.841000144e-06
25.06	-8.16293375e-06
25.07	-9.468625056e-06
25.08	-1.07577416e-05
25.09	-1.202996051e-05
25.1	-1.328496851e-05
25.11	-1.452246195e-05
25.12	-1.574214686e-05
25.13	-1.694373889e-05
25.14	-1.812696339e-05
25.15	-1.929155539e-05
25.16	-2.043725962e-05
25.17	-2.156383047e-05
25.18	-2.267103202e-05
25.19	-2.375863806e-05
25.2	-2.482643199e-05
25.21	-2.587420692e-05
25.22	-2.690176554e-05
25.23	-2.79089202e-05
25.24	-2.889549281e-05
25.25	-2.986131484e-05
25.26	-3.080622731e-05
25.27	-3.17300807e-05
25.28	-3.263273498e-05
25.29	-3.351405953e-05
25.3	-3.437393308e-05
25.31	-3.521224369e-05
25.32	-3.602888871e-05
25.33	-3.68237747e-05
25.34	-3.759681738e-05
25.35	-3.834794157e-05
25.36	-3.907708115e-05
25.37	-3.978417896e-05
25.38	-4.046918674e-05
25.39	-4.113206511e-05
25.4	-4.177278341e-05
25.41	-4.23913197e-05
25.42	-4.298766063e-05
25.43	-4.356180141e-05
25.44	-4.411374566e-05
25.45	-4.46435054e-05
25.46	-4.51511009e-05
25.47	-4.563656063e-05
25.48	-4.609992115e-05
25.49	-4.654122701e-05
25.5	-4.696053067e-05
25.51	-4.73578924e-05
25.52	-4.773338015e-05
25.53	-4.808706949e-05
25.54	-4.841904348e-05
25.55	-4.872939258e-05
25.56	-4.901821453e-05
25.57	-4.928561423e-05
25.58	-4.953170365e-05
25.59	-4.975660171e-05
25.6	-4.996043418e-05
25.61	-5.014333352e-05
25.62	-5.030543882e-05
25.63	-5.044689563e-05
25.64	-5.05678559e-05
25.65	-5.066847779e-05
25.66	-5.074892559e-05
25.67	-5.080936961e-05
25.68	-5.0849986e-05
25.69	-5.087095669e-05
25.7	-5.087246923e-05
25.71	-5.085471664e-05
25.72	-5.081789735e-05
25.73	-5.076221499e-05
25.74	-5.068787833e-05
25.75	-5.059510112e-05
25.76	-5.048410194e-05
25.77	-5.035510411e-05
25.78	-5.020833553e-05
25.79	-5.004402856e-05
25.8	-4.986241988e-05
25.81	-4.966375038e-05
25.82	-4.944826497e-05
25.83	-4.921621253e-05
25.84	-4.89678457e-05
25.85	-4.870342081e-05
25.86	-4.842319768e-05
25.87	-4.812743955e-05
25.88	-4.781641291e-05
25.89	-4.749038737e-05
25.9	-4.714963555e-05
25.91	-4.679443291e-05
25.92	-4.642505765e-05
25.93	-4.604179056e-05
25.94	-4.56449149e-05
25.95	-4.523471624e-05
25.96	-4.481148238e-05
25.97	-4.437550316e-05
25.98	-4.392707038e-05
25.99	-4.346647764e-05
26	-4.299402023e-05
26.01	-4.250999497e-05
26.02	-4.201470012e-05
26.03	-4.150843523e-05
26.04	-4.099150104e-05
26.05	-4.046419929e-05
26.06	-3.99268327e-05
26.07	-3.937970473e-05
26.08	-3.882311956e-05
26.09	-3.825738189e-05
26.1	-3.768279686e-05
26.11	-3.709966993e-05
26.12	-3.650830676e-05
26.13	-3.590901305e-05
26.14	-3.53020945e-05
26.15	-3.468785662e-05
26.16	-3.406660468e-05
26.17	-3.343864355e-05
26.18	-3.280427759e-05
26.19	-3.21638106e-05
26.2	-3.151754561e-05
26.21	-3.086578488e-05
26.22	-3.020882971e-05
26.23	-2.954698037e-05
26.24	-2.888053601e-05
26.25	-2.820979453e-05
26.26	-2.753505249e-05
26.27	-2.685660502e-05
26.28	-2.617474571e-05
26.29	-2.548976654e-05
26.3	-2.480195773e-05
26.31	-2.41116077e-05
26.32	-2.341900298e-05
26.33	-2.272442807e-05
26.34	-2.202816541e-05
26.35	-2.133049525e-05
26.36	-2.063169559e-05
26.37	-1.993204211e-05
26.38	-1.923180803e-05
26.39	-1.853126412e-05
26.4	-1.783067852e-05
26.41	-1.713031677e-05
26.42	-1.643044165e-05
26.43	-1.573131314e-05
26.44	-1.503318838e-05
26.45	-1.433632153e-05
26.46	-1.364096379e-05
26.47	-1.294736324e-05
26.48	-1.225576487e-05
26.49	-1.156641046e-05
26.5	-1.087953853e-05
26.51	-1.019538428e-05
26.52	-9.514179567e-06
26.53	-8.8361528e-06
26.54	-8.161528924e-06
26.55	-7.490529357e-06
26.56	-6.823371942e-06
26.57	-6.160270899e-06
26.58	-5.501436785e-06
26.59	-4.847076444e-06
26.6	-4.19739297e-06
26.61	-3.552585668e-06
26.62	-2.912850012e-06
26.63	-2.278377614e-06
26.64	-1.649356187e-06
26.65	-1.025969514e-06
26.66	-4.083974161e-07
26.67	2.031842734e-07
26.68	8.086037388e-07
26.69	1.407693205e-06
26.7	2.000288963e-06
26.71	2.586231388e-06
26.72	3.165364962e-06
26.73	3.737538292e-06
26.74	4.302604122e-06
26.75	4.860419354e-06
26.76	5.410845057e-06
26.77	5.953746476e-06
26.78	6.488993046e-06
26.79	7.016458399e-06
26.8	7.536020366e-06
26.81	8.047560985e-06
26.82	8.550966505e-06
26.83	9.046127383e-06
26.84	9.532938287e-06
26.85	1.001129809e-05
26.86	1.048110987e-05
26.87	1.094228092e-05
26.88	1.139472268e-05
26.89	1.183835084e-05
26.9	1.22730852e-05
26.91	1.269884977e-05
26.92	1.311557268e-05
26.93	1.352318621e-05
26.94	1.392162677e-05
26.95	1.431083486e-05
26.96	1.469075506e-05
26.97	1.506133603e-05
26.98	1.542253047e-05
26.99	1.57742951e-05
27	1.611659065e-05
27.01	1.64493818e-05
27.02	1.677263721e-05
27.03	1.708632942e-05
27.04	1.739043491e-05
27.05	1.768493398e-05
27.06	1.796981078e-05
27.07	1.824505326e-05
27.08	1.851065313e-05
27.09	1.876660583e-05
27.1	1.90129105e-05
27.11	1.924956994e-05
27.12	1.947659058e-05
27.13	1.96939824e-05
27.14	1.990175897e-05
27.15	2.009993733e-05
27.16	2.028853799e-05
27.17	2.046758489e-05
27.18	2.063710534e-05
27.19	2.079712998e-05
27.2	2.094769275e-05
27.21	2.108883081e-05
27.22	2.122058455e-05
27.23	2.134299747e-05
27.24	2.145611621e-05
27.25	2.155999043e-05
27.26	2.165467282e-05
27.27	2.174021901e-05
27.28	2.181668752e-05
27.29	2.188413977e-05
27.3	2.194263992e-05
27.31	2.199225492e-05
27.32	2.203305441e-05
27.33	2.206511066e-05
27.34	2.208849854e-05
27.35	2.210329545e-05
27.36	2.210958127e-05
27.37	2.210743832e-05
27.38	2.209695126e-05
27.39	2.20782071e-05
27.4	2.205129508e-05
27.41	2.201630667e-05
27.42	2.197333545e-05
27.43	2.192247713e-05
27.44	2.186382943e-05
27.45	2.179749203e-05
27.46	2.172356657e-05
27.47	2.164215651e-05
27.48	2.155336713e-05
27.49	2.145730546e-05
27.5	2.13540802e-05
27.51	2.12438017e-05
27.52	2.112658186e-05
27.53	2.100253412e-05
27.54	2.087177334e-05
27.55	2.07344158e-05
27.56	2.059057912e-05
27.57	2.04403822e-05
27.58	2.028394514e-05
27.59	2.012138925e-05
27.6	1.995283691e-05
27.61	1.977841157e-05
27.62	1.959823766e-05
27.63	1.941244058e-05
27.64	1.922114656e-05
27.65	1.90244827e-05
27.66	1.882257684e-05
27.67	1.861555754e-05
27.68	1.840355401e-05
27.69	1.818669608e-05
27.7	1.79651141e-05
27.71	1.773893893e-05
27.72	1.750830185e-05
27.73	1.727333453e-05
27.74	1.703416896e-05
27.75	1.679093743e-05
27.76	1.654377243e-05
27.77	1.629280662e-05
27.78	1.603817279e-05
27.79	1.578000378e-05
27.8	1.551843247e-05
27.81	1.525359168e-05
27.82	1.498561417e-05
27.83	1.471463254e-05
27.84	1.444077923e-05
27.85	1.416418644e-05
27.86	1.388498608e-05
27.87	1.360330975e-05
27.88	1.331928868e-05
27.89	1.303305366e-05
27.9	1.274473504e-05
27.91	1.245446265e-05
27.92	1.216236577e-05
27.93	1.186857308e-05
27.94	1.157321262e-05
27.95	1.127641176e-05
27.96	1.097829715e-05
27.97	1.067899465e-05
27.98	1.037862934e-05
27.99	1.007732546e-05
28	9.775206359e-06
28.01	9.472394469e-06
28.02	9.169011266e-06
28.03	8.865177237e-06
28.04	8.561011836e-06
28.05	8.256633457e-06
28.06	7.952159395e-06
28.07	7.647705816e-06
28.08	7.343387719e-06
28.09	7.03931891e-06
28.1	6.735611968e-06
28.11	6.432378215e-06
28.12	6.129727686e-06
28.13	5.8277691e-06
28.14	5.526609832e-06
28.15	5.226355888e-06
28.16	4.927111875e-06
28.17	4.628980978e-06
28.18	4.332064933e-06
28.19	4.036464005e-06
28.2	3.742276963e-06
28.21	3.449601059e-06
28.22	3.158532004e-06
28.23	2.869163951e-06
28.24	2.581589471e-06
28.25	2.295899535e-06
28.26	2.012183497e-06
28.27	1.730529072e-06
28.28	1.451022327e-06
28.29	1.173747655e-06
28.3	8.987877678e-07
28.31	6.262236772e-07
28.32	3.561346825e-07
28.33	8.859835742e-08
28.34	-1.763094623e-07
28.35	-4.385146899e-07
28.36	-6.979449985e-07
28.37	-9.545298311e-07
28.38	-1.208200409e-06
28.39	-1.458889742e-06
28.4	-1.706532632e-06
28.41	-1.951065684e-06
28.42	-2.192427312e-06
28.43	-2.43055774e-06
28.44	-2.665399011e-06
28.45	-2.89689499e-06
28.46	-3.124991364e-06
28.47	-3.349635649e-06
28.48	-3.570777188e-06
28.49	-3.788367156e-06
28.5	-4.002358554e-06
28.51	-4.212706216e-06
28.52	-4.419366802e-06
28.53	-4.622298798e-06
28.54	-4.821462516e-06
28.55	-5.016820088e-06
28.56	-5.208335462e-06
28.57	-5.395974399e-06
28.58	-5.579704469e-06
28.59	-5.759495041e-06
28.6	-5.935317284e-06
28.61	-6.10714415e-06
28.62	-6.274950375e-06
28.63	-6.438712469e-06
28.64	-6.598408703e-06
28.65	-6.754019105e-06
28.66	-6.905525446e-06
28.67	-7.052911233e-06
28.68	-7.196161695e-06
28.69	-7.335263774e-06
28.7	-7.470206112e-06
28.71	-7.600979035e-06
28.72	-7.727574547e-06
28.73	-7.849986309e-06
28.74	-7.96820963e-06
28.75	-8.08224145e-06
28.76	-8.192080326e-06
28.77	-8.297726416e-06
28.78	-8.399181462e-06
28.79	-8.496448775e-06
28.8	-8.589533218e-06
28.81	-8.678441189e-06
28.82	-8.763180601e-06
28.83	-8.843760866e-06
28.84	-8.920192879e-06
28.85	-8.992488992e-06
28.86	-9.060663001e-06
28.87	-9.124730126e-06
28.88	-9.184706988e-06
28.89	-9.24061159e-06
28.9	-9.292463298e-06
28.91	-9.340282818e-06
28.92	-9.384092177e-06
28.93	-9.423914698e-06
28.94	-9.459774982e-06
28.95	-9.491698886e-06
28.96	-9.519713496e-06
28.97	-9.543847111e-06
28.98	-9.564129213e-06
28.99	-9.580590453e-06
29	-9.593262619e-06
29.01	-9.602178618e-06
29.02	-9.607372451e-06
29.03	-9.608879189e-06
29.04	-9.606734948e-06
29.05	-9.600976868e-06
29.06	-9.591643086e-06
29.07	-9.578772713e-06
29.08	-9.562405809e-06
29.09	-9.542583357e-06
29.1	-9.519347242e-06
29.11	-9.492740223e-06
29.12	-9.462805909e-06
29.13	-9.429588735e-06
29.14	-9.393133934e-06
29.15	-9.353487516e-06
29.16	-9.31069624e-06
29.17	-9.264807591e-06
29.18	-9.215869751e-06
29.19	-9.163931579e-06
29.2	-9.109042582e-06
29.21	-9.051252891e-06
29.22	-8.990613236e-06
29.23	-8.927174921e-06
29.24	-8.860989797e-06
29.25	-8.792110241e-06
29.26	-8.720589125e-06
29.27	-8.646479799e-06
29.28	-8.569836057e-06
29.29	-8.490712119e-06
29.3	-8.409162604e-06
29.31	-8.325242506e-06
29.32	-8.239007167e-06
29.33	-8.150512255e-06
29.34	-8.05981374e-06
29.35	-7.966967869e-06
29.36	-7.87203114e-06
29.37	-7.775060282e-06
29.38	-7.676112229e-06
29.39	-7.575244096e-06
29.4	-7.472513156e-06
29.41	-7.367976817e-06
29.42	-7.261692601e-06
29.43	-7.153718116e-06
29.44	-7.044111039e-06
29.45	-6.932929089e-06
29.46	-6.820230007e-06
29.47	-6.706071535e-06
29.48	-6.590511391e-06
29.49	-6.473607249e-06
29.5	-6.35541672e-06
29.51	-6.235997325e-06
29.52	-6.115406481e-06
29.53	-5.993701474e-06
29.54	-5.870939445e-06
29.55	-5.747177363e-06
29.56	-5.622472011e-06
29.57	-5.496879963e-06
29.58	-5.370457565e-06
29.59	-5.243260917e-06
29.6	-5.115345855e-06
29.61	-4.986767929e-06
29.62	-4.857582389e-06
29.63	-4.727844165e-06
29.64	-4.597607848e-06
29.65	-4.466927676e-06
29.66	-4.335857515e-06
29.67	-4.204450841e-06
29.68	-4.072760727e-06
29.69	-3.940839825e-06
29.7	-3.80874035e-06
29.71	-3.676514065e-06
29.72	-3.544212265e-06
29.73	-3.411885766e-06
29.74	-3.279584884e-06
29.75	-3.147359429e-06
29.76	-3.015258682e-06
29.77	-2.88333139e-06
29.78	-2.751625748e-06
29.79	-2.620189388e-06
29.8	-2.489069366e-06
29.81	-2.358312149e-06
29.82	-2.227963606e-06
29.83	-2.098068995e-06
29.84	-1.968672951e-06
29.85	-1.839819476e-06
29.86	-1.711551929e-06
29.87	-1.583913017e-06
29.88	-1.456944783e-06
29.89	-1.330688598e-06
29.9	-1.205185152e-06
29.91	-1.080474447e-06
29.92	-9.565957834e-07
29.93	-8.335877588e-07
29.94	-7.114882561e-07
29.95	-5.903344377e-07
29.96	-4.701627381e-07
29.97	-3.510088581e-07
29.98	-2.329077577e-07
29.99	-1.158936509e-07
30	-1.348640272e-20
