temps	angle
0	0
0.01	0.2349039896
0.02	0.4683428818
0.03	0.7002659213
0.04	0.9306230427
0.05	1.15936488
0.06	1.386442772
0.07	1.611808777
0.08	1.835415673
0.09	2.057216971
0.1	2.277166918
0.11	2.495220511
0.12	2.711333494
0.13	2.925462377
0.14	3.13756443
0.15	3.3475977
0.16	3.555521009
0.17	3.761293967
0.18	3.964876969
0.19	4.166231211
0.2	4.365318684
0.21	4.562102187
0.22	4.756545331
0.23	4.948612537
0.24	5.138269047
0.25	5.325480926
0.26	5.510215064
0.27	5.692439182
0.28	5.872121833
0.29	6.049232407
0.3	6.223741133
0.31	6.39561908
0.32	6.564838163
0.33	6.731371141
0.34	6.895191622
0.35	7.056274062
0.36	7.214593771
0.37	7.370126908
0.38	7.522850486
0.39	7.672742373
0.4	7.81978129
0.41	7.963946813
0.42	8.105219373
0.43	8.243580256
0.44	8.379011602
0.45	8.511496405
0.46	8.641018511
0.47	8.767562619
0.48	8.89111428
0.49	9.011659892
0.5	9.129186701
0.51	9.243682802
0.52	9.35513713
0.53	9.463539465
0.54	9.568880424
0.55	9.671151462
0.56	9.770344867
0.57	9.866453758
0.58	9.959472084
0.59	10.04939461
0.6	10.13621694
0.61	10.21993547
0.62	10.30054743
0.63	10.37805084
0.64	10.45244454
0.65	10.52372817
0.66	10.59190215
0.67	10.65696771
0.68	10.71892685
0.69	10.77778235
0.7	10.83353777
0.71	10.88619745
0.72	10.93576647
0.73	10.98225069
0.74	11.02565671
0.75	11.06599186
0.76	11.10326425
0.77	11.13748268
0.78	11.16865671
0.79	11.19679659
0.8	11.2219133
0.81	11.24401852
0.82	11.26312463
0.83	11.2792447
0.84	11.29239248
0.85	11.3025824
0.86	11.30982956
0.87	11.31414971
0.88	11.31555925
0.89	11.31407525
0.9	11.30971539
0.91	11.30249798
0.92	11.29244196
0.93	11.27956688
0.94	11.26389287
0.95	11.24544068
0.96	11.22423164
0.97	11.20028763
0.98	11.17363114
0.99	11.14428517
1	11.11227331
1.01	11.07761966
1.02	11.04034886
1.03	11.00048606
1.04	10.95805695
1.05	10.91308768
1.06	10.86560492
1.07	10.81563581
1.08	10.76320797
1.09	10.70834947
1.1	10.65108884
1.11	10.59145504
1.12	10.52947749
1.13	10.46518599
1.14	10.3986108
1.15	10.32978253
1.16	10.25873222
1.17	10.18549128
1.18	10.11009149
1.19	10.03256498
1.2	9.952944243
1.21	9.871262108
1.22	9.787551733
1.23	9.701846595
1.24	9.614180477
1.25	9.524587464
1.26	9.433101925
1.27	9.339758507
1.28	9.244592124
1.29	9.147637945
1.3	9.048931386
1.31	8.948508097
1.32	8.84640395
1.33	8.742655036
1.34	8.637297646
1.35	8.530368264
1.36	8.421903559
1.37	8.311940369
1.38	8.200515696
1.39	8.087666691
1.4	7.97343065
1.41	7.857844995
1.42	7.740947271
1.43	7.622775132
1.44	7.503366331
1.45	7.382758713
1.46	7.260990199
1.47	7.138098781
1.48	7.01412251
1.49	6.889099487
1.5	6.763067848
1.51	6.636065763
1.52	6.508131418
1.53	6.379303009
1.54	6.249618732
1.55	6.119116772
1.56	5.987835295
1.57	5.855812435
1.58	5.723086291
1.59	5.589694909
1.6	5.455676281
1.61	5.321068329
1.62	5.185908899
1.63	5.050235751
1.64	4.914086552
1.65	4.777498862
1.66	4.640510131
1.67	4.503157685
1.68	4.365478721
1.69	4.227510296
1.7	4.089289319
1.71	3.950852542
1.72	3.812236555
1.73	3.673477771
1.74	3.534612425
1.75	3.395676559
1.76	3.256706021
1.77	3.11773645
1.78	2.978803274
1.79	2.839941699
1.8	2.701186701
1.81	2.562573023
1.82	2.424135159
1.83	2.285907357
1.84	2.147923603
1.85	2.010217618
1.86	1.872822853
1.87	1.735772476
1.88	1.599099372
1.89	1.46283613
1.9	1.327015042
1.91	1.191668093
1.92	1.056826956
1.93	0.9225229849
1.94	0.7887872106
1.95	0.6556503321
1.96	0.5231427128
1.97	0.3912943736
1.98	0.2601349881
1.99	0.1296938763
2	1.00815062e-15
2.01	-0.1289180428
2.02	-0.2570320232
2.03	-0.384314086
2.04	-0.5107367547
2.05	-0.6362729364
2.06	-0.7608959263
2.07	-0.8845794121
2.08	-1.007297479
2.09	-1.129024612
2.1	-1.249735702
2.11	-1.369406051
2.12	-1.488011371
2.13	-1.605527793
2.14	-1.721931868
2.15	-1.837200571
2.16	-1.951311302
2.17	-2.064241896
2.18	-2.175970616
2.19	-2.286476167
2.2	-2.395737689
2.21	-2.503734766
2.22	-2.610447425
2.23	-2.715856143
2.24	-2.819941842
2.25	-2.9226859
2.26	-3.024070144
2.27	-3.124076861
2.28	-3.22268879
2.29	-3.319889134
2.3	-3.415661554
2.31	-3.509990171
2.32	-3.602859573
2.33	-3.694254809
2.34	-3.784161395
2.35	-3.872565313
2.36	-3.959453011
2.37	-4.044811407
2.38	-4.128627884
2.39	-4.210890295
2.4	-4.291586964
2.41	-4.37070668
2.42	-4.448238705
2.43	-4.524172768
2.44	-4.598499066
2.45	-4.671208267
2.46	-4.742291506
2.47	-4.811740386
2.48	-4.879546975
2.49	-4.945703809
2.5	-5.01020389
2.51	-5.073040682
2.52	-5.134208114
2.53	-5.193700577
2.54	-5.251512921
2.55	-5.307640457
2.56	-5.362078952
2.57	-5.41482463
2.58	-5.465874169
2.59	-5.515224699
2.6	-5.562873802
2.61	-5.608819506
2.62	-5.653060286
2.63	-5.69559506
2.64	-5.736423191
2.65	-5.775544475
2.66	-5.812959151
2.67	-5.848667886
2.68	-5.882671781
2.69	-5.914972364
2.7	-5.94557159
2.71	-5.974471834
2.72	-6.00167589
2.73	-6.02718697
2.74	-6.051008696
2.75	-6.0731451
2.76	-6.093600619
2.77	-6.112380093
2.78	-6.129488761
2.79	-6.144932254
2.8	-6.158716597
2.81	-6.170848199
2.82	-6.181333855
2.83	-6.190180737
2.84	-6.197396393
2.85	-6.20298874
2.86	-6.206966064
2.87	-6.209337011
2.88	-6.210110587
2.89	-6.20929615
2.9	-6.206903407
2.91	-6.202942409
2.92	-6.197423549
2.93	-6.190357551
2.94	-6.181755474
2.95	-6.171628698
2.96	-6.159988928
2.97	-6.14684818
2.98	-6.132218786
2.99	-6.116113379
3	-6.098544896
3.01	-6.079526569
3.02	-6.059071919
3.03	-6.037194754
3.04	-6.013909162
3.05	-5.989229505
3.06	-5.963170415
3.07	-5.935746787
3.08	-5.906973777
3.09	-5.876866794
3.1	-5.845441492
3.11	-5.812713772
3.12	-5.778699768
3.13	-5.743415848
3.14	-5.706878605
3.15	-5.669104851
3.16	-5.630111616
3.17	-5.589916136
3.18	-5.548535851
3.19	-5.5059884
3.2	-5.462291614
3.21	-5.417463508
3.22	-5.37152228
3.23	-5.324486303
3.24	-5.276374117
3.25	-5.227204429
3.26	-5.176996101
3.27	-5.125768147
3.28	-5.073539729
3.29	-5.020330147
3.3	-4.966158839
3.31	-4.911045369
3.32	-4.855009426
3.33	-4.798070814
3.34	-4.740249453
3.35	-4.681565364
3.36	-4.622038671
3.37	-4.561689593
3.38	-4.500538436
3.39	-4.438605589
3.4	-4.37591152
3.41	-4.312476768
3.42	-4.248321937
3.43	-4.183467692
3.44	-4.117934752
3.45	-4.051743888
3.46	-3.984915911
3.47	-3.917471671
3.48	-3.849432051
3.49	-3.78081796
3.5	-3.711650331
3.51	-3.641950109
3.52	-3.571738252
3.53	-3.501035722
3.54	-3.429863481
3.55	-3.358242487
3.56	-3.286193685
3.57	-3.213738003
3.58	-3.140896351
3.59	-3.067689608
3.6	-2.994138626
3.61	-2.920264215
3.62	-2.846087147
3.63	-2.771628145
3.64	-2.69690788
3.65	-2.621946967
3.66	-2.546765957
3.67	-2.471385337
3.68	-2.395825519
3.69	-2.320106842
3.7	-2.244249561
3.71	-2.168273848
3.72	-2.092199781
3.73	-2.016047346
3.74	-1.939836428
3.75	-1.863586808
3.76	-1.787318159
3.77	-1.711050042
3.78	-1.634801898
3.79	-1.55859305
3.8	-1.482442693
3.81	-1.406369893
3.82	-1.330393583
3.83	-1.254532557
3.84	-1.178805467
3.85	-1.10323082
3.86	-1.027826974
3.87	-0.9526121327
3.88	-0.8776043426
3.89	-0.8028214899
3.9	-0.7282812963
3.91	-0.6540013158
3.92	-0.5799989306
3.93	-0.5062913487
3.94	-0.4328955996
3.95	-0.3598285315
3.96	-0.2871068081
3.97	-0.2147469054
3.98	-0.1427651084
3.99	-0.07117750843
4	-1.106569583e-15
4.01	0.07075172202
4.02	0.1410621652
4.03	0.2109160423
4.04	0.2802982739
4.05	0.3491939912
4.06	0.4175885382
4.07	0.4854674744
4.08	0.5528165773
4.09	0.6196218442
4.1	0.6858694954
4.11	0.7515459752
4.12	0.8166379551
4.13	0.881132335
4.14	0.9450162459
4.15	1.008277051
4.16	1.070902348
4.17	1.132879972
4.18	1.194197994
4.19	1.254844726
4.2	1.314808721
4.21	1.374078773
4.22	1.432643922
4.23	1.490493453
4.24	1.547616896
4.25	1.60400403
4.26	1.659644884
4.27	1.714529733
4.28	1.768649108
4.29	1.821993788
4.3	1.874554806
4.31	1.926323449
4.32	1.977291257
4.33	2.027450026
4.34	2.076791806
4.35	2.125308905
4.36	2.172993885
4.37	2.219839566
4.38	2.265839024
4.39	2.310985592
4.4	2.355272863
4.41	2.398694684
4.42	2.441245161
4.43	2.482918659
4.44	2.523709796
4.45	2.563613452
4.46	2.60262476
4.47	2.640739114
4.48	2.677952159
4.49	2.714259799
4.5	2.749658194
4.51	2.784143757
4.52	2.817713155
4.53	2.850363311
4.54	2.882091398
4.55	2.912894843
4.56	2.942771322
4.57	2.971718764
4.58	2.999735345
4.59	3.026819491
4.6	3.052969873
4.61	3.07818541
4.62	3.102465264
4.63	3.125808844
4.64	3.148215797
4.65	3.169686013
4.66	3.190219622
4.67	3.209816991
4.68	3.228478725
4.69	3.246205661
4.7	3.262998872
4.71	3.278859662
4.72	3.293789565
4.73	3.307790342
4.74	3.320863982
4.75	3.333012698
4.76	3.344238925
4.77	3.354545319
4.78	3.363934755
4.79	3.372410324
4.8	3.379975332
4.81	3.386633296
4.82	3.392387946
4.83	3.397243218
4.84	3.401203254
4.85	3.404272399
4.86	3.406455201
4.87	3.407756404
4.88	3.408180952
4.89	3.407733979
4.9	3.406420814
4.91	3.404246972
4.92	3.401218157
4.93	3.397340256
4.94	3.392619336
4.95	3.387061643
4.96	3.380673602
4.97	3.373461807
4.98	3.365433025
4.99	3.35659419
5	3.346952402
5.01	3.336514923
5.02	3.325289173
5.03	3.313282731
5.04	3.300503327
5.05	3.286958844
5.06	3.272657312
5.07	3.257606906
5.08	3.241815943
5.09	3.22529288
5.1	3.208046309
5.11	3.190084955
5.12	3.171417674
5.13	3.152053448
5.14	3.132001384
5.15	3.111270709
5.16	3.089870767
5.17	3.06781102
5.18	3.045101038
5.19	3.021750502
5.2	2.997769197
5.21	2.973167011
5.22	2.947953931
5.23	2.922140039
5.24	2.895735512
5.25	2.868750615
5.26	2.8411957
5.27	2.813081203
5.28	2.784417639
5.29	2.755215602
5.3	2.725485758
5.31	2.695238844
5.32	2.664485666
5.33	2.633237094
5.34	2.601504058
5.35	2.569297547
5.36	2.536628605
5.37	2.503508329
5.38	2.469947862
5.39	2.435958395
5.4	2.401551161
5.41	2.366737431
5.42	2.331528513
5.43	2.295935748
5.44	2.259970509
5.45	2.223644192
5.46	2.186968221
5.47	2.149954037
5.48	2.112613102
5.49	2.074956891
5.5	2.036996891
5.51	1.998744598
5.52	1.960211514
5.53	1.921409142
5.54	1.882348989
5.55	1.843042554
5.56	1.803501333
5.57	1.763736812
5.58	1.723760465
5.59	1.683583753
5.6	1.643218118
5.61	1.602674982
5.62	1.561965744
5.63	1.521101777
5.64	1.480094426
5.65	1.438955005
5.66	1.397694792
5.67	1.35632503
5.68	1.314856923
5.69	1.273301632
5.7	1.231670274
5.71	1.189973918
5.72	1.148223585
5.73	1.106430242
5.74	1.064604804
5.75	1.022758125
5.76	0.9809010033
5.77	0.9390441729
5.78	0.8971983045
5.79	0.8553740018
5.8	0.8135817998
5.81	0.771832162
5.82	0.7301354789
5.83	0.6885020649
5.84	0.6469421568
5.85	0.6054659114
5.86	0.5640834033
5.87	0.5228046231
5.88	0.4816394751
5.89	0.4405977754
5.9	0.3996892498
5.91	0.3589235321
5.92	0.3183101621
5.93	0.2778585834
5.94	0.2375781423
5.95	0.1974780851
5.96	0.1575675571
5.97	0.1178556005
5.98	0.07835115272
5.99	0.03906304486
6	9.109473946e-16
6.01	-0.03882936832
6.02	-0.07741655767
6.03	-0.1157531783
6.04	-0.1538309543
6.05	-0.1916417256
6.06	-0.2291774489
6.07	-0.2664301989
6.08	-0.3033921702
6.09	-0.3400556781
6.1	-0.3764131599
6.11	-0.4124571763
6.12	-0.4481804122
6.13	-0.4835756784
6.14	-0.518635912
6.15	-0.553354178
6.16	-0.5877236699
6.17	-0.621737711
6.18	-0.655389755
6.19	-0.6886733872
6.2	-0.7215823251
6.21	-0.7541104195
6.22	-0.7862516549
6.23	-0.8180001505
6.24	-0.8493501608
6.25	-0.8802960762
6.26	-0.9108324239
6.27	-0.940953868
6.28	-0.9706552105
6.29	-0.9999313915
6.3	-1.02877749
6.31	-1.057188723
6.32	-1.08516045
6.33	-1.112688166
6.34	-1.139767509
6.35	-1.166394258
6.36	-1.192564329
6.37	-1.218273784
6.38	-1.243518822
6.39	-1.268295784
6.4	-1.292601153
6.41	-1.316431554
6.42	-1.339783751
6.43	-1.362654651
6.44	-1.385041302
6.45	-1.406940893
6.46	-1.428350753
6.47	-1.449268353
6.48	-1.469691306
6.49	-1.489617361
6.5	-1.509044412
6.51	-1.52797049
6.52	-1.546393767
6.53	-1.564312552
6.54	-1.581725296
6.55	-1.598630584
6.56	-1.615027144
6.57	-1.630913837
6.58	-1.646289663
6.59	-1.661153757
6.6	-1.675505391
6.61	-1.689343971
6.62	-1.702669038
6.63	-1.715480266
6.64	-1.727777462
6.65	-1.739560567
6.66	-1.75082965
6.67	-1.761584915
6.68	-1.771826691
6.69	-1.78155544
6.7	-1.790771749
6.71	-1.799476336
6.72	-1.80767004
6.73	-1.81535383
6.74	-1.822528795
6.75	-1.829196152
6.76	-1.835357236
6.77	-1.841013505
6.78	-1.846166537
6.79	-1.850818028
6.8	-1.854969792
6.81	-1.85862376
6.82	-1.861781979
6.83	-1.864446609
6.84	-1.866619922
6.85	-1.868304305
6.86	-1.869502252
6.87	-1.870216368
6.88	-1.870449364
6.89	-1.87020406
6.9	-1.86948338
6.91	-1.868290351
6.92	-1.866628102
6.93	-1.864499864
6.94	-1.861908968
6.95	-1.858858842
6.96	-1.85535301
6.97	-1.851395093
6.98	-1.846988804
6.99	-1.842137949
7	-1.836846424
7.01	-1.831118214
7.02	-1.824957392
7.03	-1.818368116
7.04	-1.811354631
7.05	-1.803921261
7.06	-1.796072414
7.07	-1.787812576
7.08	-1.779146312
7.09	-1.770078262
7.1	-1.760613143
7.11	-1.750755744
7.12	-1.740510922
7.13	-1.72988361
7.14	-1.718878804
7.15	-1.707501568
7.16	-1.695757031
7.17	-1.683650385
7.18	-1.671186883
7.19	-1.658371837
7.2	-1.645210618
7.21	-1.631708652
7.22	-1.61787142
7.23	-1.603704456
7.24	-1.589213344
7.25	-1.574403719
7.26	-1.559281261
7.27	-1.543851697
7.28	-1.5281208
7.29	-1.512094382
7.3	-1.495778298
7.31	-1.47917844
7.32	-1.462300738
7.33	-1.445151158
7.34	-1.427735698
7.35	-1.41006039
7.36	-1.392131295
7.37	-1.373954502
7.38	-1.355536127
7.39	-1.336882312
7.4	-1.317999222
7.41	-1.298893041
7.42	-1.279569978
7.43	-1.260036254
7.44	-1.240298112
7.45	-1.220361807
7.46	-1.200233607
7.47	-1.179919793
7.48	-1.159426653
7.49	-1.138760486
7.5	-1.117927596
7.51	-1.096934293
7.52	-1.075786888
7.53	-1.054491695
7.54	-1.033055028
7.55	-1.011483199
7.56	-0.9897825171
7.57	-0.9679592852
7.58	-0.9460198011
7.59	-0.923970354
7.6	-0.9018172237
7.61	-0.8795666789
7.62	-0.8572249754
7.63	-0.8347983549
7.64	-0.8122930437
7.65	-0.7897152504
7.66	-0.7670711655
7.67	-0.7443669589
7.68	-0.7216087792
7.69	-0.6988027519
7.7	-0.675954978
7.71	-0.6530715328
7.72	-0.6301584642
7.73	-0.6072217915
7.74	-0.5842675041
7.75	-0.56130156
7.76	-0.5383298845
7.77	-0.5153583689
7.78	-0.4923928694
7.79	-0.4694392054
7.8	-0.4465031586
7.81	-0.4235904716
7.82	-0.4007068467
7.83	-0.3778579447
7.84	-0.3550493835
7.85	-0.3322867374
7.86	-0.3095755355
7.87	-0.2869212606
7.88	-0.2643293483
7.89	-0.241805186
7.9	-0.2193541111
7.91	-0.1969814109
7.92	-0.1746923208
7.93	-0.1524920238
7.94	-0.1303856489
7.95	-0.108378271
7.96	-0.08647490881
7.97	-0.06468052493
7.98	-0.04300002431
7.99	-0.02143825356
8	-6.665847067e-16
8.01	0.02131000915
8.02	0.04248710768
8.03	0.06352669114
8.04	0.08442421772
8.05	0.105175209
8.06	0.1257752507
8.07	0.1462199934
8.08	0.1665051533
8.09	0.1866265131
8.1	0.2065799221
8.11	0.2263612977
8.12	0.2459666253
8.13	0.2653919592
8.14	0.2846334234
8.15	0.3036872118
8.16	0.3225495889
8.17	0.3412168904
8.18	0.3596855237
8.19	0.3779519684
8.2	0.3960127764
8.21	0.4138645731
8.22	0.4315040571
8.23	0.4489280009
8.24	0.4661332514
8.25	0.4831167298
8.26	0.4998754328
8.27	0.5164064318
8.28	0.5327068742
8.29	0.548773983
8.3	0.5646050574
8.31	0.580197473
8.32	0.5955486818
8.33	0.6106562127
8.34	0.6255176715
8.35	0.6401307408
8.36	0.6544931807
8.37	0.6686028286
8.38	0.682457599
8.39	0.6960554842
8.4	0.7093945538
8.41	0.722472955
8.42	0.7352889125
8.43	0.7478407286
8.44	0.7601267831
8.45	0.7721455333
8.46	0.7838955136
8.47	0.7953753362
8.48	0.8065836899
8.49	0.8175193411
8.5	0.8281811327
8.51	0.8385679846
8.52	0.8486788932
8.53	0.8585129311
8.54	0.8680692473
8.55	0.8773470666
8.56	0.8863456893
8.57	0.8950644912
8.58	0.9035029233
8.59	0.9116605111
8.6	0.9195368548
8.61	0.9271316285
8.62	0.9344445803
8.63	0.9414755313
8.64	0.9482243758
8.65	0.9546910807
8.66	0.9608756849
8.67	0.9667782991
8.68	0.9723991051
8.69	0.9777383557
8.7	0.9827963737
8.71	0.9875735519
8.72	0.9920703522
8.73	0.9962873053
8.74	1.00022501
8.75	1.003884133
8.76	1.007265408
8.77	1.010369634
8.78	1.013197678
8.79	1.01575047
8.8	1.018029006
8.81	1.020034347
8.82	1.021767614
8.83	1.023229994
8.84	1.024422734
8.85	1.025347142
8.86	1.02600459
8.87	1.026396505
8.88	1.026524376
8.89	1.02638975
8.9	1.025994232
8.91	1.025339484
8.92	1.024427222
8.93	1.023259221
8.94	1.021837307
8.95	1.020163362
8.96	1.018239321
8.97	1.01606717
8.98	1.013648948
8.99	1.010986742
9	1.008082691
9.01	1.004938983
9.02	1.001557852
9.03	0.9979415809
9.04	0.9940924984
9.05	0.9900129785
9.06	0.9857054398
9.07	0.9811723447
9.08	0.9764161981
9.09	0.9714395472
9.1	0.9662449798
9.11	0.960835124
9.12	0.955212647
9.13	0.9493802542
9.14	0.9433406885
9.15	0.9370967291
9.16	0.9306511907
9.17	0.9240069225
9.18	0.9171668075
9.19	0.9101337612
9.2	0.9029107309
9.21	0.8955006948
9.22	0.8879066609
9.23	0.8801316662
9.24	0.8721787754
9.25	0.8640510806
9.26	0.8557516998
9.27	0.847283776
9.28	0.8386504765
9.29	0.8298549918
9.3	0.8209005348
9.31	0.8117903395
9.32	0.8025276604
9.33	0.7931157712
9.34	0.7835579644
9.35	0.7738575498
9.36	0.7640178537
9.37	0.7540422181
9.38	0.7439339998
9.39	0.7336965691
9.4	0.7233333093
9.41	0.7128476152
9.42	0.7022428929
9.43	0.6915225583
9.44	0.6806900363
9.45	0.66974876
9.46	0.6587021697
9.47	0.6475537118
9.48	0.6363068383
9.49	0.6249650054
9.5	0.6135316732
9.51	0.6020103039
9.52	0.590404362
9.53	0.5787173124
9.54	0.5669526202
9.55	0.5551137495
9.56	0.5432041626
9.57	0.531227319
9.58	0.5191866748
9.59	0.5070856817
9.6	0.494927786
9.61	0.4827164281
9.62	0.4704550412
9.63	0.458147051
9.64	0.4457958743
9.65	0.4334049186
9.66	0.4209775813
9.67	0.4085172486
9.68	0.3960272947
9.69	0.3835110816
9.7	0.3709719574
9.71	0.3584132564
9.72	0.3458382977
9.73	0.3332503849
9.74	0.3206528048
9.75	0.3080488275
9.76	0.2954417046
9.77	0.2828346696
9.78	0.2702309363
9.79	0.2576336984
9.8	0.245046129
9.81	0.2324713798
9.82	0.2199125801
9.83	0.2073728368
9.84	0.1948552331
9.85	0.182362828
9.86	0.1698986561
9.87	0.1574657264
9.88	0.1450670221
9.89	0.1327054997
9.9	0.1203840886
9.91	0.1081056904
9.92	0.0958731784
9.93	0.08368939705
9.94	0.07155716132
9.95	0.0594792562
9.96	0.04745843618
9.97	0.03549742471
9.98	0.0235989137
9.99	0.01176556301
10	4.572868044e-16
10.01	-0.01169518099
10.02	-0.02331741908
10.03	-0.0348641873
10.04	-0.04633299305
10.05	-0.05772137852
10.06	-0.0690269211
10.07	-0.08024723379
10.08	-0.09137996561
10.09	-0.102422802
10.1	-0.113373465
10.11	-0.1242297142
10.12	-0.1349893461
10.13	-0.1456501954
10.14	-0.1562101348
10.15	-0.1666670756
10.16	-0.1770189676
10.17	-0.1872637999
10.18	-0.1973996007
10.19	-0.2074244381
10.2	-0.2173364198
10.21	-0.2271336935
10.22	-0.2368144476
10.23	-0.2463769107
10.24	-0.2558193523
10.25	-0.2651400829
10.26	-0.2743374541
10.27	-0.2834098587
10.28	-0.2923557312
10.29	-0.3011735474
10.3	-0.3098618253
10.31	-0.3184191244
10.32	-0.3268440464
10.33	-0.3351352352
10.34	-0.3432913767
10.35	-0.3513111992
10.36	-0.3591934733
10.37	-0.3669370123
10.38	-0.3745406715
10.39	-0.3820033491
10.4	-0.3893239857
10.41	-0.3965015644
10.42	-0.4035351111
10.43	-0.4104236938
10.44	-0.4171664235
10.45	-0.4237624534
10.46	-0.4302109794
10.47	-0.4365112395
10.48	-0.4426625145
10.49	-0.4486641271
10.5	-0.4545154424
10.51	-0.4602158676
10.52	-0.4657648519
10.53	-0.4711618863
10.54	-0.4764065039
10.55	-0.481498279
10.56	-0.4864368279
10.57	-0.4912218078
10.58	-0.4958529175
10.59	-0.5003298967
10.6	-0.5046525257
10.61	-0.5088206259
10.62	-0.5128340589
10.63	-0.5166927266
10.64	-0.5203965711
10.65	-0.5239455739
10.66	-0.5273397567
10.67	-0.53057918
10.68	-0.5336639438
10.69	-0.5365941866
10.7	-0.5393700858
10.71	-0.5419918568
10.72	-0.5444597531
10.73	-0.546774066
10.74	-0.5489351242
10.75	-0.5509432935
10.76	-0.5527989763
10.77	-0.5545026118
10.78	-0.5560546751
10.79	-0.5574556772
10.8	-0.5587061646
10.81	-0.5598067187
10.82	-0.560757956
10.83	-0.561560527
10.84	-0.5622151165
10.85	-0.5627224428
10.86	-0.5630832574
10.87	-0.5632983449
10.88	-0.5633685222
10.89	-0.5632946381
10.9	-0.5630775733
10.91	-0.5627182398
10.92	-0.56221758
10.93	-0.5615765672
10.94	-0.5607962043
10.95	-0.559877524
10.96	-0.5588215878
10.97	-0.5576294861
10.98	-0.5563023373
10.99	-0.5548412878
11	-0.553247511
11.01	-0.5515222073
11.02	-0.5496666033
11.03	-0.5476819517
11.04	-0.5455695305
11.05	-0.5433306425
11.06	-0.5409666151
11.07	-0.5384787998
11.08	-0.5358685712
11.09	-0.5331373273
11.1	-0.5302864882
11.11	-0.5273174964
11.12	-0.5242318156
11.13	-0.5210309306
11.14	-0.5177163467
11.15	-0.5142895891
11.16	-0.5107522026
11.17	-0.5071057509
11.18	-0.5033518162
11.19	-0.4994919985
11.2	-0.4955279155
11.21	-0.4914612014
11.22	-0.4872935073
11.23	-0.4830264997
11.24	-0.4786618607
11.25	-0.4742012872
11.26	-0.4696464904
11.27	-0.4649991953
11.28	-0.4602611401
11.29	-0.4554340758
11.3	-0.4505197656
11.31	-0.4455199844
11.32	-0.4404365183
11.33	-0.435271164
11.34	-0.4300257284
11.35	-0.424702028
11.36	-0.4193018883
11.37	-0.4138271434
11.38	-0.4082796356
11.39	-0.4026612145
11.4	-0.3969737369
11.41	-0.391219066
11.42	-0.385399071
11.43	-0.3795156266
11.44	-0.3735706125
11.45	-0.3675659128
11.46	-0.3615034154
11.47	-0.355385012
11.48	-0.349212597
11.49	-0.3429880671
11.5	-0.3367133213
11.51	-0.3303902598
11.52	-0.3240207839
11.53	-0.3176067951
11.54	-0.3111501951
11.55	-0.3046528851
11.56	-0.2981167652
11.57	-0.2915437341
11.58	-0.2849356884
11.59	-0.2782945226
11.6	-0.271622128
11.61	-0.2649203927
11.62	-0.2581912009
11.63	-0.2514364326
11.64	-0.2446579631
11.65	-0.2378576625
11.66	-0.2310373952
11.67	-0.2241990196
11.68	-0.2173443876
11.69	-0.2104753441
11.7	-0.2035937269
11.71	-0.1967013656
11.72	-0.189800082
11.73	-0.1828916889
11.74	-0.1759779904
11.75	-0.169060781
11.76	-0.1621418453
11.77	-0.1552229578
11.78	-0.1483058822
11.79	-0.1413923715
11.8	-0.134484167
11.81	-0.1275829983
11.82	-0.1206905829
11.83	-0.1138086259
11.84	-0.1069388193
11.85	-0.100082842
11.86	-0.09324235943
11.87	-0.08641902296
11.88	-0.07961446976
11.89	-0.07283032242
11.9	-0.06606818862
11.91	-0.05932966081
11.92	-0.0526163159
11.93	-0.04592971492
11.94	-0.03927140278
11.95	-0.03264290791
11.96	-0.02604574201
11.97	-0.01948139973
11.98	-0.01295135844
11.99	-0.006457077885
12	-3.011571831e-16
12.01	0.006418451413
12.02	0.01279687091
12.03	0.01913387167
12.04	0.02542808572
12.05	0.03167816418
12.06	0.0378827775
12.07	0.04404061567
12.08	0.05015038843
12.09	0.05621082552
12.1	0.06222067684
12.11	0.06817871267
12.12	0.07408372386
12.13	0.07993452201
12.14	0.08572993965
12.15	0.09146883042
12.16	0.09715006922
12.17	0.1027725524
12.18	0.1083351978
12.19	0.1138369452
12.2	0.1192767561
12.21	0.1246536139
12.22	0.1299665244
12.23	0.1352145154
12.24	0.1403966373
12.25	0.1455119627
12.26	0.150559587
12.27	0.1555386282
12.28	0.1604482271
12.29	0.1652875473
12.3	0.1700557753
12.31	0.1747521206
12.32	0.1793758159
12.33	0.1839261167
12.34	0.1884023021
12.35	0.192803674
12.36	0.1971295578
12.37	0.201379302
12.38	0.2055522787
12.39	0.209647883
12.4	0.2136655336
12.41	0.2176046723
12.42	0.2214647645
12.43	0.2252452989
12.44	0.2289457874
12.45	0.2325657654
12.46	0.2361047915
12.47	0.2395624475
12.48	0.2429383388
12.49	0.2462320937
12.5	0.2494433636
12.51	0.2525718233
12.52	0.2556171704
12.53	0.2585791257
12.54	0.2614574328
12.55	0.2642518583
12.56	0.2669621914
12.57	0.269588244
12.58	0.2721298509
12.59	0.2745868692
12.6	0.2769591783
12.61	0.2792466802
12.62	0.2814492989
12.63	0.2835669807
12.64	0.2855996936
12.65	0.2875474277
12.66	0.2894101947
12.67	0.2911880279
12.68	0.2928809821
12.69	0.2944891335
12.7	0.2960125792
12.71	0.2974514377
12.72	0.2988058479
12.73	0.3000759697
12.74	0.3012619836
12.75	0.3023640903
12.76	0.3033825106
12.77	0.3043174856
12.78	0.305169276
12.79	0.3059381623
12.8	0.3066244443
12.81	0.3072284412
12.82	0.3077504913
12.83	0.3081909516
12.84	0.3085501979
12.85	0.3088286245
12.86	0.3090266438
12.87	0.3091446863
12.88	0.3091832004
12.89	0.3091426519
12.9	0.3090235243
12.91	0.3088263178
12.92	0.3085515499
12.93	0.3081997546
12.94	0.3077714824
12.95	0.3072672999
12.96	0.3066877899
12.97	0.3060335506
12.98	0.3053051959
12.99	0.3045033549
13	0.3036286717
13.01	0.3026818049
13.02	0.3016634279
13.03	0.300574228
13.04	0.2994149066
13.05	0.2981861788
13.06	0.2968887731
13.07	0.2955234311
13.08	0.2940909073
13.09	0.2925919688
13.1	0.2910273952
13.11	0.289397978
13.12	0.2877045204
13.13	0.2859478375
13.14	0.2841287553
13.15	0.2822481108
13.16	0.2803067519
13.17	0.2783055368
13.18	0.2762453338
13.19	0.2741270209
13.2	0.271951486
13.21	0.269719626
13.22	0.267432347
13.23	0.2650905636
13.24	0.2626951989
13.25	0.2602471843
13.26	0.2577474588
13.27	0.2551969692
13.28	0.2525966693
13.29	0.2499475203
13.3	0.2472504896
13.31	0.2445065515
13.32	0.2417166862
13.33	0.2388818797
13.34	0.2360031236
13.35	0.2330814148
13.36	0.2301177553
13.37	0.2271131516
13.38	0.2240686148
13.39	0.2209851599
13.4	0.217863806
13.41	0.2147055757
13.42	0.2115114947
13.43	0.208282592
13.44	0.2050198991
13.45	0.20172445
13.46	0.1983972809
13.47	0.1950394299
13.48	0.1916519367
13.49	0.1882358423
13.5	0.1847921888
13.51	0.1813220191
13.52	0.1778263765
13.53	0.1743063048
13.54	0.1707628476
13.55	0.1671970483
13.56	0.1636099497
13.57	0.1600025937
13.58	0.1563760213
13.59	0.1527312723
13.6	0.1490693845
13.61	0.1453913941
13.62	0.1416983354
13.63	0.13799124
13.64	0.134271137
13.65	0.1305390529
13.66	0.1267960108
13.67	0.1230430307
13.68	0.1192811289
13.69	0.115511318
13.7	0.1117346064
13.71	0.1079519983
13.72	0.1041644935
13.73	0.100373087
13.74	0.09657876885
13.75	0.09278252382
13.76	0.0889853314
13.77	0.08518816542
13.78	0.08139199388
13.79	0.07759777874
13.8	0.07380647571
13.81	0.07001903402
13.82	0.06623639627
13.83	0.06245949816
13.84	0.05868926836
13.85	0.05492662826
13.86	0.05117249183
13.87	0.04742776538
13.88	0.0436933474
13.89	0.03997012841
13.9	0.03625899069
13.91	0.03256080822
13.92	0.02887644641
13.93	0.02520676199
13.94	0.02155260281
13.95	0.0179148077
13.96	0.01429420628
13.97	0.01069161886
13.98	0.007107856213
13.99	0.003543719479
14	1.928249941e-16
14.01	-0.003522520821
14.02	-0.007023071663
14.03	-0.01050089142
14.04	-0.01395522933
14.05	-0.01738534511
14.06	-0.0207905091
14.07	-0.02417000234
14.08	-0.02752311673
14.09	-0.03084915512
14.1	-0.03414743146
14.11	-0.03741727085
14.12	-0.0406580097
14.13	-0.04386899581
14.14	-0.04704958844
14.15	-0.05019915847
14.16	-0.05331708843
14.17	-0.05640277262
14.18	-0.05945561718
14.19	-0.06247504017
14.2	-0.06546047167
14.21	-0.06841135382
14.22	-0.07132714091
14.23	-0.07420729945
14.24	-0.07705130821
14.25	-0.07985865832
14.26	-0.08262885329
14.27	-0.08536140904
14.28	-0.08805585405
14.29	-0.09071172927
14.3	-0.09332858827
14.31	-0.09590599723
14.32	-0.09844353499
14.33	-0.1009407931
14.34	-0.1033973757
14.35	-0.1058128998
14.36	-0.1081869951
14.37	-0.1105193042
14.38	-0.1128094824
14.39	-0.1150571977
14.4	-0.1172621311
14.41	-0.1194239762
14.42	-0.1215424398
14.43	-0.123617241
14.44	-0.1256481122
14.45	-0.1276347982
14.46	-0.1295770569
14.47	-0.1314746588
14.48	-0.1333273872
14.49	-0.1351350382
14.5	-0.1368974205
14.51	-0.1386143556
14.52	-0.1402856775
14.53	-0.141911233
14.54	-0.1434908815
14.55	-0.1450244947
14.56	-0.146511957
14.57	-0.1479531653
14.58	-0.1493480287
14.59	-0.1506964689
14.6	-0.1519984198
14.61	-0.1532538274
14.62	-0.1544626502
14.63	-0.1556248586
14.64	-0.1567404351
14.65	-0.1578093742
14.66	-0.1588316824
14.67	-0.159807378
14.68	-0.160736491
14.69	-0.1616190632
14.7	-0.1624551479
14.71	-0.1632448102
14.72	-0.1639881263
14.73	-0.1646851839
14.74	-0.1653360821
14.75	-0.1659409311
14.76	-0.166499852
14.77	-0.1670129772
14.78	-0.1674804496
14.79	-0.1679024234
14.8	-0.1682790629
14.81	-0.1686105435
14.82	-0.1688970506
14.83	-0.1691387804
14.84	-0.1693359389
14.85	-0.1694887427
14.86	-0.169597418
14.87	-0.1696622011
14.88	-0.1696833381
14.89	-0.1696610846
14.9	-0.1695957059
14.91	-0.1694874768
14.92	-0.1693366809
14.93	-0.1691436116
14.94	-0.1689085708
14.95	-0.1686318696
14.96	-0.1683138277
14.97	-0.1679547736
14.98	-0.1675550441
14.99	-0.1671149844
15	-0.1666349481
15.01	-0.1661152966
15.02	-0.1655563994
15.03	-0.1649586338
15.04	-0.1643223848
15.05	-0.1636480447
15.06	-0.1629360133
15.07	-0.1621866977
15.08	-0.161400512
15.09	-0.1605778771
15.1	-0.1597192209
15.11	-0.1588249778
15.12	-0.1578955886
15.13	-0.1569315005
15.14	-0.155933167
15.15	-0.1549010475
15.16	-0.1538356071
15.17	-0.152737317
15.18	-0.1516066536
15.19	-0.1504440989
15.2	-0.14925014
15.21	-0.1480252693
15.22	-0.1467699839
15.23	-0.1454847859
15.24	-0.1441701819
15.25	-0.142826683
15.26	-0.1414548046
15.27	-0.1400550662
15.28	-0.1386279914
15.29	-0.1371741075
15.3	-0.1356939457
15.31	-0.1341880406
15.32	-0.13265693
15.33	-0.1311011552
15.34	-0.1295212604
15.35	-0.1279177926
15.36	-0.1262913018
15.37	-0.1246423403
15.38	-0.1229714631
15.39	-0.1212792272
15.4	-0.1195661918
15.41	-0.1178329183
15.42	-0.1160799695
15.43	-0.1143079101
15.44	-0.1125173062
15.45	-0.1107087254
15.46	-0.1088827363
15.47	-0.1070399086
15.48	-0.1051808129
15.49	-0.1033060206
15.5	-0.1014161035
15.51	-0.09951163394
15.52	-0.09759318464
15.53	-0.09566132834
15.54	-0.0937166378
15.55	-0.09175968563
15.56	-0.08979104415
15.57	-0.08781128522
15.58	-0.08582098012
15.59	-0.08382069942
15.6	-0.08181101278
15.61	-0.07979248889
15.62	-0.07776569527
15.63	-0.07573119817
15.64	-0.07368956239
15.65	-0.0716413512
15.66	-0.06958712616
15.67	-0.06752744701
15.68	-0.06546287152
15.69	-0.0633939554
15.7	-0.06132125212
15.71	-0.05924531281
15.72	-0.05716668612
15.73	-0.05508591812
15.74	-0.05300355215
15.75	-0.0509201287
15.76	-0.04883618531
15.77	-0.04675225644
15.78	-0.04466887333
15.79	-0.04258656391
15.8	-0.04050585269
15.81	-0.03842726062
15.82	-0.036351305
15.83	-0.03427849938
15.84	-0.03220935339
15.85	-0.03014437272
15.86	-0.02808405896
15.87	-0.02602890951
15.88	-0.02397941748
15.89	-0.02193607156
15.9	-0.019899356
15.91	-0.01786975043
15.92	-0.0158477298
15.93	-0.01383376429
15.94	-0.01182831921
15.95	-0.009831854923
15.96	-0.007844826738
15.97	-0.005867684839
15.98	-0.003900874197
15.99	-0.001944834485
16	-1.209424006e-16
16.01	0.001933200415
16.02	0.00385434345
16.03	0.005763011399
16.04	0.00765879224
16.05	0.009541279696
16.06	0.01141007332
16.07	0.01326477853
16.08	0.01510500672
16.09	0.01693037529
16.1	0.01874050773
16.11	0.02053503363
16.12	0.02231358882
16.13	0.02407581536
16.14	0.02582136161
16.15	0.02754988229
16.16	0.02926103854
16.17	0.03095449792
16.18	0.03262993454
16.19	0.03428702901
16.2	0.03592546855
16.21	0.03754494701
16.22	0.0391451649
16.23	0.04072582942
16.24	0.04228665452
16.25	0.04382736093
16.26	0.04534767616
16.27	0.04684733456
16.28	0.04832607733
16.29	0.04978365255
16.3	0.05121981522
16.31	0.05263432725
16.32	0.0540269575
16.33	0.05539748178
16.34	0.0567456829
16.35	0.05807135064
16.36	0.0593742818
16.37	0.06065428017
16.38	0.06191115659
16.39	0.0631447289
16.4	0.06435482199
16.41	0.06554126778
16.42	0.06670390522
16.43	0.06784258029
16.44	0.068957146
16.45	0.07004746242
16.46	0.07111339659
16.47	0.07215482259
16.48	0.07317162151
16.49	0.0741636814
16.5	0.07513089731
16.51	0.07607317126
16.52	0.07699041219
16.53	0.07788253599
16.54	0.07874946543
16.55	0.0795911302
16.56	0.08040746684
16.57	0.0811984187
16.58	0.08196393599
16.59	0.08270397566
16.6	0.08341850144
16.61	0.08410748377
16.62	0.08477089978
16.63	0.08540873327
16.64	0.08602097463
16.65	0.08660762086
16.66	0.0871686755
16.67	0.08770414858
16.68	0.0882140566
16.69	0.08869842248
16.7	0.08915727552
16.71	0.08959065135
16.72	0.08999859187
16.73	0.09038114522
16.74	0.09073836574
16.75	0.09107031388
16.76	0.09137705619
16.77	0.09165866524
16.78	0.09191521958
16.79	0.09214680367
16.8	0.09235350784
16.81	0.09253542822
16.82	0.09269266668
16.83	0.09282533078
16.84	0.09293353369
16.85	0.09301739417
16.86	0.09307703643
16.87	0.09311259016
16.88	0.09312419037
16.89	0.09311197742
16.9	0.09307609686
16.91	0.09301669941
16.92	0.09293394092
16.93	0.09282798221
16.94	0.09269898909
16.95	0.09254713225
16.96	0.09237258718
16.97	0.09217553409
16.98	0.09195615788
16.99	0.09171464802
17	0.09145119848
17.01	0.09116600769
17.02	0.09085927842
17.03	0.09053121772
17.04	0.09018203683
17.05	0.08981195114
17.06	0.08942118004
17.07	0.08900994693
17.08	0.08857847905
17.09	0.08812700747
17.1	0.08765576694
17.11	0.0871649959
17.12	0.08665493629
17.13	0.08612583356
17.14	0.08557793652
17.15	0.0850114973
17.16	0.08442677125
17.17	0.08382401684
17.18	0.0832034956
17.19	0.08256547203
17.2	0.08191021351
17.21	0.0812379902
17.22	0.08054907499
17.23	0.07984374338
17.24	0.07912227341
17.25	0.07838494557
17.26	0.07763204273
17.27	0.07686385001
17.28	0.07608065475
17.29	0.07528274639
17.3	0.07447041637
17.31	0.0736439581
17.32	0.07280366681
17.33	0.07194983949
17.34	0.07108277481
17.35	0.07020277305
17.36	0.06931013596
17.37	0.06840516672
17.38	0.06748816985
17.39	0.06655945109
17.4	0.06561931736
17.41	0.06466807666
17.42	0.06370603796
17.43	0.06273351114
17.44	0.06175080692
17.45	0.06075823673
17.46	0.05975611266
17.47	0.05874474738
17.48	0.05772445403
17.49	0.05669554617
17.5	0.05565833767
17.51	0.05461314263
17.52	0.05356027533
17.53	0.05250005012
17.54	0.05143278132
17.55	0.0503587832
17.56	0.04927836985
17.57	0.04819185511
17.58	0.04709955251
17.59	0.04600177518
17.6	0.04489883577
17.61	0.04379104638
17.62	0.04267871846
17.63	0.04156216277
17.64	0.0404416893
17.65	0.03931760716
17.66	0.03819022456
17.67	0.03705984867
17.68	0.03592678562
17.69	0.03479134038
17.7	0.0336538167
17.71	0.03251451705
17.72	0.03137374254
17.73	0.03023179285
17.74	0.02908896617
17.75	0.02794555914
17.76	0.02680186676
17.77	0.02565818235
17.78	0.02451479745
17.79	0.02337200181
17.8	0.02223008328
17.81	0.02108932777
17.82	0.01995001917
17.83	0.01881243932
17.84	0.01767686793
17.85	0.01654358251
17.86	0.01541285835
17.87	0.01428496842
17.88	0.01316018334
17.89	0.01203877133
17.9	0.01092099813
17.91	0.009807126971
17.92	0.00869741852
17.93	0.007592130813
17.94	0.006491519218
17.95	0.005395836386
17.96	0.004305332197
17.97	0.003220253717
17.98	0.00214084515
17.99	0.001067347796
18	7.467142133e-17
18.01	-0.001060962883
18.02	-0.002115308535
18.03	-0.003162807715
18.04	-0.0042032343
18.05	-0.005236365321
18.06	-0.006261981004
18.07	-0.007279864807
18.08	-0.008289803452
18.09	-0.009291586965
18.1	-0.01028500871
18.11	-0.01126986541
18.12	-0.01224595719
18.13	-0.01321308762
18.14	-0.01417106371
18.15	-0.01511969597
18.16	-0.01605879843
18.17	-0.01698818865
18.18	-0.01790768776
18.19	-0.01881712049
18.2	-0.01971631518
18.21	-0.0206051038
18.22	-0.02148332199
18.23	-0.02235080907
18.24	-0.02320740805
18.25	-0.02405296566
18.26	-0.02488733235
18.27	-0.02571036232
18.28	-0.02652191356
18.29	-0.02732184781
18.3	-0.02811003059
18.31	-0.02888633125
18.32	-0.02965062294
18.33	-0.03040278261
18.34	-0.03114269107
18.35	-0.03187023296
18.36	-0.03258529674
18.37	-0.03328777474
18.38	-0.03397756314
18.39	-0.03465456198
18.4	-0.03531867515
18.41	-0.0359698104
18.42	-0.03660787936
18.43	-0.03723279748
18.44	-0.03784448412
18.45	-0.03844286245
18.46	-0.03902785953
18.47	-0.03959940624
18.48	-0.04015743732
18.49	-0.04070189133
18.5	-0.04123271068
18.51	-0.04174984158
18.52	-0.04225323408
18.53	-0.042742842
18.54	-0.04321862296
18.55	-0.04368053839
18.56	-0.04412855343
18.57	-0.04456263702
18.58	-0.04498276181
18.59	-0.04538890419
18.6	-0.04578104426
18.61	-0.04615916578
18.62	-0.0465232562
18.63	-0.04687330664
18.64	-0.04720931183
18.65	-0.0475312701
18.66	-0.04783918342
18.67	-0.04813305727
18.68	-0.04841290073
18.69	-0.04867872636
18.7	-0.04893055025
18.71	-0.04916839195
18.72	-0.04939227445
18.73	-0.04960222418
18.74	-0.04979827096
18.75	-0.04998044796
18.76	-0.05014879171
18.77	-0.05030334203
18.78	-0.05044414204
18.79	-0.05057123809
18.8	-0.05068467974
18.81	-0.05078451976
18.82	-0.05087081405
18.83	-0.05094362166
18.84	-0.05100300467
18.85	-0.05104902828
18.86	-0.05108176065
18.87	-0.05110127294
18.88	-0.05110763928
18.89	-0.05110093667
18.9	-0.051081245
18.91	-0.05104864699
18.92	-0.05100322816
18.93	-0.05094507679
18.94	-0.05087428387
18.95	-0.05079094307
18.96	-0.0506951507
18.97	-0.05058700567
18.98	-0.05046660945
18.99	-0.05033406603
19	-0.05018948186
19.01	-0.05003296584
19.02	-0.04986462925
19.03	-0.04968458571
19.04	-0.04949295118
19.05	-0.04928984384
19.06	-0.04907538412
19.07	-0.0488496946
19.08	-0.04861290001
19.09	-0.04836512715
19.1	-0.04810650487
19.11	-0.04783716401
19.12	-0.04755723736
19.13	-0.04726685962
19.14	-0.04696616735
19.15	-0.04665529892
19.16	-0.04633439446
19.17	-0.04600359582
19.18	-0.04566304655
19.19	-0.04531289179
19.2	-0.04495327829
19.21	-0.04458435432
19.22	-0.04420626963
19.23	-0.04381917544
19.24	-0.04342322432
19.25	-0.04301857023
19.26	-0.04260536838
19.27	-0.04218377528
19.28	-0.04175394861
19.29	-0.04131604721
19.3	-0.04087023105
19.31	-0.04041666113
19.32	-0.03995549949
19.33	-0.03948690913
19.34	-0.03901105394
19.35	-0.03852809874
19.36	-0.03803820911
19.37	-0.03754155147
19.38	-0.03703829291
19.39	-0.03652860125
19.4	-0.03601264492
19.41	-0.03549059295
19.42	-0.03496261492
19.43	-0.03442888089
19.44	-0.03388956138
19.45	-0.0333448273
19.46	-0.03279484996
19.47	-0.03223980092
19.48	-0.03167985206
19.49	-0.03111517545
19.5	-0.03054594336
19.51	-0.02997232816
19.52	-0.02939450234
19.53	-0.0288126384
19.54	-0.02822690887
19.55	-0.0276374862
19.56	-0.02704454278
19.57	-0.02644825085
19.58	-0.02584878247
19.59	-0.0252463095
19.6	-0.02464100352
19.61	-0.02403303581
19.62	-0.0234225773
19.63	-0.02280979855
19.64	-0.02219486967
19.65	-0.02157796031
19.66	-0.02095923962
19.67	-0.02033887618
19.68	-0.019717038
19.69	-0.01909389244
19.7	-0.01846960621
19.71	-0.0178443453
19.72	-0.01721827497
19.73	-0.01659155969
19.74	-0.01596436312
19.75	-0.01533684803
19.76	-0.01470917635
19.77	-0.01408150903
19.78	-0.0134540061
19.79	-0.01282682655
19.8	-0.01220012838
19.81	-0.01157406848
19.82	-0.01094880266
19.83	-0.0103244856
19.84	-0.00970127081
19.85	-0.009079310586
19.86	-0.008458756007
19.87	-0.007839756888
19.88	-0.007222461749
19.89	-0.006607017787
19.9	-0.005993570849
19.91	-0.005382265398
19.92	-0.004773244488
19.93	-0.004166649733
19.94	-0.003562621283
19.95	-0.002961297795
19.96	-0.002362816407
19.97	-0.001767312711
19.98	-0.00117492073
19.99	-0.00058577289
20	-4.553393879e-17
20.01	0.0005822687755
20.02	0.001160905938
20.03	0.001735785677
20.04	0.002306783893
20.05	0.002873778219
20.06	0.00343664804
20.07	0.003995274515
20.08	0.004549540595
20.09	0.005099331044
20.1	0.005644532456
20.11	0.006185033272
20.12	0.006720723801
20.13	0.007251496234
20.14	0.007777244661
20.15	0.008297865085
20.16	0.008813255441
20.17	0.009323315607
20.18	0.009827947418
20.19	0.01032705468
20.2	0.01082054319
20.21	0.01130832073
20.22	0.01179029709
20.23	0.0122663841
20.24	0.01273649558
20.25	0.01320054744
20.26	0.01365845758
20.27	0.01411014601
20.28	0.01455553478
20.29	0.014994548
20.3	0.01542711188
20.31	0.01585315472
20.32	0.01627260689
20.33	0.01668540087
20.34	0.01709147124
20.35	0.01749075469
20.36	0.01788319001
20.37	0.01826871812
20.38	0.01864728202
20.39	0.01901882686
20.4	0.01938329989
20.41	0.0197406505
20.42	0.02009083016
20.43	0.0204337925
20.44	0.02076949325
20.45	0.02109789024
20.46	0.02141894344
20.47	0.02173261493
20.48	0.02203886887
20.49	0.02233767157
20.5	0.02262899141
20.51	0.02291279887
20.52	0.02318906652
20.53	0.02345776905
20.54	0.02371888318
20.55	0.02397238774
20.56	0.02421826361
20.57	0.02445649373
20.58	0.02468706311
20.59	0.02490995877
20.6	0.0251251698
20.61	0.02533268729
20.62	0.02553250435
20.63	0.02572461611
20.64	0.02590901966
20.65	0.02608571411
20.66	0.02625470052
20.67	0.02641598191
20.68	0.02656956326
20.69	0.02671545146
20.7	0.02685365534
20.71	0.02698418563
20.72	0.02710705495
20.73	0.02722227781
20.74	0.02732987056
20.75	0.02742985142
20.76	0.02752224043
20.77	0.02760705944
20.78	0.02768433213
20.79	0.02775408391
20.8	0.02781634201
20.81	0.02787113538
20.82	0.02791849469
20.83	0.02795845235
20.84	0.02799104244
20.85	0.02801630073
20.86	0.02803426463
20.87	0.02804497321
20.88	0.02804846713
20.89	0.02804478866
20.9	0.02803398164
20.91	0.02801609147
20.92	0.02799116509
20.93	0.02795925094
20.94	0.02792039897
20.95	0.02787466056
20.96	0.0278220886
20.97	0.02776273735
20.98	0.0276966625
20.99	0.02762392113
21	0.02754457166
21.01	0.02745867384
21.02	0.02736628876
21.03	0.02726747877
21.04	0.02716230751
21.05	0.02705083984
21.06	0.02693314185
21.07	0.02680928082
21.08	0.02667932519
21.09	0.02654334456
21.1	0.02640140964
21.11	0.02625359225
21.12	0.02609996524
21.13	0.02594060256
21.14	0.02577557915
21.15	0.02560497093
21.16	0.02542885483
21.17	0.02524730869
21.18	0.02506041129
21.19	0.02486824228
21.2	0.02467088221
21.21	0.02446841244
21.22	0.02426091516
21.23	0.02404847336
21.24	0.02383117078
21.25	0.02360909191
21.26	0.02338232193
21.27	0.02315094673
21.28	0.02291505285
21.29	0.02267472747
21.3	0.02243005837
21.31	0.02218113392
21.32	0.02192804305
21.33	0.0216708752
21.34	0.02140972034
21.35	0.0211446689
21.36	0.02087581178
21.37	0.02060324028
21.38	0.02032704613
21.39	0.02004732142
21.4	0.01976415858
21.41	0.01947765039
21.42	0.0191878899
21.43	0.01889497045
21.44	0.01859898563
21.45	0.01830002923
21.46	0.01799819526
21.47	0.01769357789
21.48	0.01738627144
21.49	0.01707637035
21.5	0.01676396915
21.51	0.01644916246
21.52	0.01613204492
21.53	0.01581271122
21.54	0.01549125604
21.55	0.01516777402
21.56	0.01484235977
21.57	0.01451510782
21.58	0.0141861126
21.59	0.01385546842
21.6	0.01352326946
21.61	0.0131896097
21.62	0.01285458297
21.63	0.01251828286
21.64	0.01218080274
21.65	0.0118422357
21.66	0.01150267459
21.67	0.01116221191
21.68	0.01082093988
21.69	0.01047895035
21.7	0.0101363348
21.71	0.009793184339
21.72	0.009449589659
21.73	0.009105641021
21.74	0.008761428241
21.75	0.008417040662
21.76	0.008072567137
21.77	0.007728096011
21.78	0.007383715099
21.79	0.007039511667
21.8	0.006695572416
21.81	0.006351983458
21.82	0.006008830303
21.83	0.005666197837
21.84	0.005324170306
21.85	0.004982831297
21.86	0.004642263724
21.87	0.004302549804
21.88	0.003963771049
21.89	0.003626008242
21.9	0.003289341424
21.91	0.002953849879
21.92	0.002619612117
21.93	0.002286705857
21.94	0.001955208015
21.95	0.001625194688
21.96	0.001296741138
21.97	0.0009699217804
21.98	0.0006448101679
21.99	0.0003214789781
22	9.998348301e-17
22.01	-0.0003195558793
22.02	-0.000637118687
22.03	-0.0009526193771
22.04	-0.001265989842
22.05	-0.001577162926
22.06	-0.001886072434
22.07	-0.002192653143
22.08	-0.002496840818
22.09	-0.002798572213
22.1	-0.003097785092
22.11	-0.003394418229
22.12	-0.003688411425
22.13	-0.003979705512
22.14	-0.004268242367
22.15	-0.004553964913
22.16	-0.004836817138
22.17	-0.005116744092
22.18	-0.005393691902
22.19	-0.005667607776
22.2	-0.005938440011
22.21	-0.006206138
22.22	-0.006470652237
22.23	-0.006731934325
22.24	-0.006989936979
22.25	-0.007244614036
22.26	-0.007495920453
22.27	-0.007743812318
22.28	-0.007988246854
22.29	-0.008229182418
22.3	-0.008466578511
22.31	-0.008700395777
22.32	-0.008930596009
22.33	-0.009157142149
22.34	-0.009379998295
22.35	-0.009599129699
22.36	-0.00981450277
22.37	-0.01002608508
22.38	-0.01023384535
22.39	-0.01043775348
22.4	-0.01063778053
22.41	-0.0108338987
22.42	-0.01102608137
22.43	-0.0112143031
22.44	-0.01139853957
22.45	-0.01157876766
22.46	-0.01175496539
22.47	-0.01192711195
22.48	-0.01209518768
22.49	-0.01225917408
22.5	-0.0124190538
22.51	-0.01257481063
22.52	-0.01272642954
22.53	-0.01287389661
22.54	-0.01301719908
22.55	-0.01315632533
22.56	-0.01329126487
22.57	-0.01342200834
22.58	-0.01354854749
22.59	-0.01367087523
22.6	-0.01378898555
22.61	-0.01390287356
22.62	-0.01401253549
22.63	-0.01411796865
22.64	-0.01421917147
22.65	-0.01431614344
22.66	-0.01440888515
22.67	-0.01449739825
22.68	-0.01458168548
22.69	-0.01466175062
22.7	-0.01473759852
22.71	-0.01480923506
22.72	-0.01487666718
22.73	-0.01493990282
22.74	-0.01499895098
22.75	-0.01505382163
22.76	-0.0151045258
22.77	-0.01515107546
22.78	-0.01519348361
22.79	-0.0152317642
22.8	-0.01526593217
22.81	-0.01529600341
22.82	-0.01532199475
22.83	-0.01534392398
22.84	-0.0153618098
22.85	-0.01537567184
22.86	-0.01538553064
22.87	-0.01539140763
22.88	-0.01539332514
22.89	-0.01539130635
22.9	-0.01538537533
22.91	-0.015375557
22.92	-0.01536187711
22.93	-0.01534436225
22.94	-0.01532303984
22.95	-0.01529793807
22.96	-0.01526908596
22.97	-0.01523651331
22.98	-0.01520025066
22.99	-0.01516032935
23	-0.01511678144
23.01	-0.01506963972
23.02	-0.01501893771
23.03	-0.01496470964
23.04	-0.01490699043
23.05	-0.01484581567
23.06	-0.01478122164
23.07	-0.01471324527
23.08	-0.01464192411
23.09	-0.01456729636
23.1	-0.01448940082
23.11	-0.01440827691
23.12	-0.01432396463
23.13	-0.01423650453
23.14	-0.01414593776
23.15	-0.01405230599
23.16	-0.01395565142
23.17	-0.01385601679
23.18	-0.01375344532
23.19	-0.01364798073
23.2	-0.01353966723
23.21	-0.01342854946
23.22	-0.01331467254
23.23	-0.01319808201
23.24	-0.01307882383
23.25	-0.01295694436
23.26	-0.01283249035
23.27	-0.01270550895
23.28	-0.01257604765
23.29	-0.01244415428
23.3	-0.01230987703
23.31	-0.0121732644
23.32	-0.01203436518
23.33	-0.01189322847
23.34	-0.01174990365
23.35	-0.01160444034
23.36	-0.01145688842
23.37	-0.01130729801
23.38	-0.01115571944
23.39	-0.01100220327
23.4	-0.01084680021
23.41	-0.01068956118
23.42	-0.01053053725
23.43	-0.01036977965
23.44	-0.01020733973
23.45	-0.01004326898
23.46	-0.009877618987
23.47	-0.00971044143
23.48	-0.009541788075
23.49	-0.009371710749
23.5	-0.009200261337
23.51	-0.009027491759
23.52	-0.008853453966
23.53	-0.008678199916
23.54	-0.00850178157
23.55	-0.008324250875
23.56	-0.008145659749
23.57	-0.007966060071
23.58	-0.007785503666
23.59	-0.007604042294
23.6	-0.007421727636
23.61	-0.00723861128
23.62	-0.007054744711
23.63	-0.006870179298
23.64	-0.006684966279
23.65	-0.006499156752
23.66	-0.00631280166
23.67	-0.006125951783
23.68	-0.005938657721
23.69	-0.005750969885
23.7	-0.005562938486
23.71	-0.00537461352
23.72	-0.005186044761
23.73	-0.004997281747
23.74	-0.004808373768
23.75	-0.004619369857
23.76	-0.004430318778
23.77	-0.004241269016
23.78	-0.004052268764
23.79	-0.003863365915
23.8	-0.003674608052
23.81	-0.003486042434
23.82	-0.003297715989
23.83	-0.003109675305
23.84	-0.002921966616
23.85	-0.002734635797
23.86	-0.002547728349
23.87	-0.002361289397
23.88	-0.002175363674
23.89	-0.001989995516
23.9	-0.001805228849
23.91	-0.001621107185
23.92	-0.001437673612
23.93	-0.001254970783
23.94	-0.00107304091
23.95	-0.0008919257556
23.96	-0.0007116666256
23.97	-0.0005323043592
23.98	-0.0003538793232
23.99	-0.000176431404
24	-1.645747057e-17
24.01	0.000175375985
24.02	0.000349658149
24.03	0.0005228085989
24.04	0.0006947899567
24.05	0.0008655653658
24.06	0.001035098498
24.07	0.001203353559
24.08	0.001370295294
24.09	0.001535888995
24.1	0.001700100505
24.11	0.001862896222
24.12	0.002024243109
24.13	0.002184108693
24.14	0.002342461076
24.15	0.002499268935
24.16	0.002654501527
24.17	0.002808128697
24.18	0.002960120877
24.19	0.003110449096
24.2	0.003259084978
24.21	0.00340600075
24.22	0.003551169241
24.23	0.003694563891
24.24	0.00383615875
24.25	0.003975928482
24.26	0.004113848368
24.27	0.004249894308
24.28	0.004384042826
24.29	0.004516271067
24.3	0.004646556805
24.31	0.004774878441
24.32	0.004901215007
24.33	0.005025546165
24.34	0.005147852211
24.35	0.005268114075
24.36	0.005386313323
24.37	0.005502432156
24.38	0.005616453412
24.39	0.005728360567
24.4	0.005838137736
24.41	0.005945769669
24.42	0.006051241758
24.43	0.006154540029
24.44	0.00625565115
24.45	0.006354562424
24.46	0.00645126179
24.47	0.006545737826
24.48	0.006637979742
24.49	0.006727977385
24.5	0.006815721233
24.51	0.006901202397
24.52	0.006984412617
24.53	0.007065344262
24.54	0.007143990327
24.55	0.007220344432
24.56	0.007294400821
24.57	0.007366154355
24.58	0.007435600516
24.59	0.007502735401
24.6	0.007567555717
24.61	0.007630058784
24.62	0.007690242527
24.63	0.007748105475
24.64	0.007803646758
24.65	0.007856866104
24.66	0.007907763832
24.67	0.007956340854
24.68	0.008002598666
24.69	0.008046539347
24.7	0.008088165556
24.71	0.008127480524
24.72	0.008164488053
24.73	0.008199192511
24.74	0.008231598825
24.75	0.008261712481
24.76	0.008289539515
24.77	0.008315086512
24.78	0.008338360597
24.79	0.008359369432
24.8	0.008378121211
24.81	0.008394624655
24.82	0.008408889006
24.83	0.008420924022
24.84	0.008430739969
24.85	0.008438347619
24.86	0.008443758243
24.87	0.008446983604
24.88	0.008448035953
24.89	0.008446928018
24.9	0.008443673007
24.91	0.008438284593
24.92	0.008430776911
24.93	0.008421164554
24.94	0.008409462563
24.95	0.008395686421
24.96	0.008379852049
24.97	0.008361975796
24.98	0.008342074435
24.99	0.008320165155
25	0.008296265552
25.01	0.008270393628
25.02	0.008242567776
25.03	0.00821280678
25.04	0.008181129805
25.05	0.008147556388
25.06	0.008112106434
25.07	0.008074800208
25.08	0.008035658325
25.09	0.007994701747
25.1	0.007951951771
25.11	0.007907430026
25.12	0.007861158463
25.13	0.007813159346
25.14	0.007763455248
25.15	0.007712069041
25.16	0.00765902389
25.17	0.007604343244
25.18	0.007548050827
25.19	0.007490170635
25.2	0.007430726923
25.21	0.007369744201
25.22	0.007307247223
25.23	0.007243260983
25.24	0.007177810703
25.25	0.007110921831
25.26	0.007042620026
25.27	0.006972931155
25.28	0.006901881284
25.29	0.00682949667
25.3	0.006755803754
25.31	0.006680829151
25.32	0.006604599645
25.33	0.006527142178
25.34	0.006448483845
25.35	0.006368651886
25.36	0.006287673677
25.37	0.006205576719
25.38	0.00612238864
25.39	0.006038137175
25.4	0.005952850167
25.41	0.005866555558
25.42	0.005779281376
25.43	0.005691055734
25.44	0.005601906818
25.45	0.005511862881
25.46	0.005420952237
25.47	0.005329203249
25.48	0.005236644324
25.49	0.005143303909
25.5	0.005049210477
25.51	0.004954392522
25.52	0.004858878556
25.53	0.004762697094
25.54	0.004665876653
25.55	0.004568445742
25.56	0.004470432854
25.57	0.004371866461
25.58	0.004272775005
25.59	0.004173186892
25.6	0.004073130486
25.61	0.0039726341
25.62	0.003871725987
25.63	0.003770434341
25.64	0.003668787281
25.65	0.00356681285
25.66	0.003464539008
25.67	0.003361993621
25.68	0.00325920446
25.69	0.003156199192
25.7	0.003053005372
25.71	0.002949650439
25.72	0.00284616171
25.73	0.002742566371
25.74	0.002638891474
25.75	0.002535163929
25.76	0.002431410497
25.77	0.002327657788
25.78	0.00222393225
25.79	0.002120260169
25.8	0.002016667657
25.81	0.001913180652
25.82	0.001809824908
25.83	0.001706625992
25.84	0.001603609279
25.85	0.001500799946
25.86	0.001398222964
25.87	0.001295903097
25.88	0.001193864897
25.89	0.001092132695
25.9	0.0009907305979
25.91	0.0008896824865
25.92	0.000789012007
25.93	0.0006887425684
25.94	0.0005888973372
25.95	0.0004894992332
25.96	0.0003905709251
25.97	0.0002921348263
25.98	0.0001942130903
25.99	9.682760746e-05
26	-1.205034367e-17
26.01	-9.624838123e-05
26.02	-0.0001918964608
26.03	-0.0002869234425
26.04	-0.0003813088129
26.05	-0.0004750323446
26.06	-0.0005680741002
26.07	-0.0006604144355
26.08	-0.0007520340023
26.09	-0.0008429137523
26.1	-0.0009330349394
26.11	-0.001022379123
26.12	-0.001110928172
26.13	-0.001198664265
26.14	-0.001285569896
26.15	-0.001371627873
26.16	-0.001456821326
26.17	-0.001541133704
26.18	-0.001624548782
26.19	-0.001707050657
26.2	-0.001788623759
26.21	-0.001869252844
26.22	-0.001948923001
26.23	-0.002027619654
26.24	-0.00210532856
26.25	-0.002182035815
26.26	-0.002257727853
26.27	-0.002332391448
26.28	-0.002406013716
26.29	-0.002478582113
26.3	-0.002550084442
26.31	-0.002620508849
26.32	-0.002689843827
26.33	-0.002758078213
26.34	-0.002825201194
26.35	-0.002891202305
26.36	-0.002956071427
26.37	-0.003019798794
26.38	-0.003082374986
26.39	-0.003143790935
26.4	-0.003204037922
26.41	-0.00326310758
26.42	-0.003320991889
26.43	-0.003377683183
26.44	-0.003433174143
26.45	-0.0034874578
26.46	-0.003540527538
26.47	-0.003592377086
26.48	-0.003643000523
26.49	-0.003692392276
26.5	-0.003740547121
26.51	-0.003787460179
26.52	-0.003833126915
26.53	-0.003877543144
26.54	-0.003920705019
26.55	-0.003962609041
26.56	-0.004003252049
26.57	-0.004042631223
26.58	-0.004080744085
26.59	-0.004117588491
26.6	-0.004153162634
26.61	-0.004187465045
26.62	-0.004220494583
26.63	-0.004252250442
26.64	-0.004282732145
26.65	-0.004311939541
26.66	-0.004339872807
26.67	-0.004366532441
26.68	-0.004391919267
26.69	-0.004416034424
26.7	-0.004438879372
26.71	-0.004460455884
26.72	-0.004480766046
26.73	-0.004499812256
26.74	-0.004517597219
26.75	-0.004534123944
26.76	-0.004549395744
26.77	-0.004563416233
26.78	-0.004576189321
26.79	-0.004587719214
26.8	-0.004598010409
26.81	-0.004607067691
26.82	-0.004614896133
26.83	-0.00462150109
26.84	-0.004626888196
26.85	-0.004631063363
26.86	-0.004634032776
26.87	-0.004635802892
26.88	-0.004636380433
26.89	-0.004635772386
26.9	-0.004633985998
26.91	-0.004631028773
26.92	-0.00462690847
26.93	-0.004621633097
26.94	-0.004615210908
26.95	-0.004607650401
26.96	-0.004598960313
26.97	-0.004589149618
26.98	-0.004578227519
26.99	-0.004566203451
27	-0.004553087071
27.01	-0.004538888258
27.02	-0.004523617107
27.03	-0.004507283926
27.04	-0.004489899233
27.05	-0.004471473752
27.06	-0.004452018404
27.07	-0.004431544313
27.08	-0.004410062793
27.09	-0.004387585346
27.1	-0.004364123662
27.11	-0.00433968961
27.12	-0.004314295238
27.13	-0.004287952764
27.14	-0.004260674576
27.15	-0.004232473228
27.16	-0.004203361432
27.17	-0.004173352057
27.18	-0.004142458124
27.19	-0.004110692801
27.2	-0.0040780694
27.21	-0.004044601372
27.22	-0.004010302304
27.23	-0.00397518591
27.24	-0.003939266036
27.25	-0.003902556644
27.26	-0.003865071819
27.27	-0.003826825755
27.28	-0.00378783276
27.29	-0.003748107241
27.3	-0.003707663711
27.31	-0.003666516777
27.32	-0.003624681137
27.33	-0.003582171578
27.34	-0.003539002969
27.35	-0.003495190262
27.36	-0.003450748478
27.37	-0.003405692712
27.38	-0.003360038126
27.39	-0.003313799942
27.4	-0.00326699344
27.41	-0.003219633954
27.42	-0.003171736867
27.43	-0.003123317608
27.44	-0.003074391646
27.45	-0.003024974486
27.46	-0.002975081666
27.47	-0.002924728754
27.48	-0.002873931339
27.49	-0.002822705033
27.5	-0.002771065463
27.51	-0.002719028266
27.52	-0.00266660909
27.53	-0.002613823584
27.54	-0.0025606874
27.55	-0.002507216182
27.56	-0.002453425569
27.57	-0.002399331185
27.58	-0.002344948641
27.59	-0.002290293526
27.6	-0.002235381406
27.61	-0.00218022782
27.62	-0.002124848274
27.63	-0.002069258239
27.64	-0.00201347315
27.65	-0.001957508396
27.66	-0.001901379321
27.67	-0.00184510122
27.68	-0.001788689332
27.69	-0.001732158842
27.7	-0.001675524873
27.71	-0.001618802483
27.72	-0.001562006665
27.73	-0.001505152337
27.74	-0.001448254348
27.75	-0.001391327464
27.76	-0.001334386373
27.77	-0.001277445679
27.78	-0.001220519897
27.79	-0.001163623452
27.8	-0.001106770676
27.81	-0.001049975804
27.82	-0.0009932529685
27.83	-0.0009366162028
27.84	-0.0008800794322
27.85	-0.0008236564736
27.86	-0.0007673610323
27.87	-0.0007112066992
27.88	-0.0006552069476
27.89	-0.000599375131
27.9	-0.0005437244804
27.91	-0.000488268101
27.92	-0.0004330189705
27.93	-0.0003779899358
27.94	-0.0003231937111
27.95	-0.0002686428751
27.96	-0.0002143498684
27.97	-0.000160326992
27.98	-0.0001065864039
27.99	-5.314011767e-05
28	-5.783044025e-18
28.01	5.282223158e-05
28.02	0.0001053150106
28.03	0.0001574669239
28.04	0.0002092667134
28.05	0.0002607032782
28.06	0.0003117656764
28.07	0.0003624431268
28.08	0.0004127250112
28.09	0.0004626008755
28.1	0.0005120604316
28.11	0.0005610935594
28.12	0.0006096903078
28.13	0.0006578408966
28.14	0.0007055357179
28.15	0.0007527653372
28.16	0.0007995204954
28.17	0.0008457921097
28.18	0.0008915712748
28.19	0.0009368492642
28.2	0.0009816175316
28.21	0.001025867712
28.22	0.001069591621
28.23	0.001112781259
28.24	0.001155428811
28.25	0.001197526646
28.26	0.001239067317
28.27	0.001280043567
28.28	0.001320448324
28.29	0.001360274705
28.3	0.001399516015
28.31	0.001438165749
28.32	0.001476217591
28.33	0.001513665417
28.34	0.00155050329
28.35	0.001586725467
28.36	0.001622326396
28.37	0.001657300717
28.38	0.001691643259
28.39	0.001725349047
28.4	0.001758413294
28.41	0.00179083141
28.42	0.001822598992
28.43	0.001853711834
28.44	0.001884165918
28.45	0.001913957421
28.46	0.001943082711
28.47	0.001971538346
28.48	0.001999321077
28.49	0.002026427846
28.5	0.002052855785
28.51	0.002078602217
28.52	0.002103664654
28.53	0.002128040797
28.54	0.002151728536
28.55	0.002174725951
28.56	0.002197031307
28.57	0.002218643056
28.58	0.002239559838
28.59	0.002259780476
28.6	0.00227930398
28.61	0.002298129542
28.62	0.002316256537
28.63	0.002333684522
28.64	0.002350413235
28.65	0.002366442594
28.66	0.002381772695
28.67	0.002396403813
28.68	0.002410336398
28.69	0.002423571077
28.7	0.002436108651
28.71	0.002447950091
28.72	0.002459096545
28.73	0.002469549327
28.74	0.002479309921
28.75	0.00248837998
28.76	0.002496761321
28.77	0.002504455929
28.78	0.002511465949
28.79	0.002517793688
28.8	0.002523441615
28.81	0.002528412357
28.82	0.002532708697
28.83	0.002536333574
28.84	0.002539290081
28.85	0.002541581461
28.86	0.00254321111
28.87	0.00254418257
28.88	0.002544499531
28.89	0.002544165828
28.9	0.002543185437
28.91	0.002541562478
28.92	0.002539301208
28.93	0.002536406021
28.94	0.002532881449
28.95	0.002528732155
28.96	0.002523962934
28.97	0.00251857871
28.98	0.002512584535
28.99	0.002505985587
29	0.002498787165
29.01	0.002490994691
29.02	0.002482613705
29.03	0.002473649866
29.04	0.002464108944
29.05	0.002453996825
29.06	0.002443319504
29.07	0.002432083085
29.08	0.002420293776
29.09	0.002407957892
29.1	0.002395081847
29.11	0.002381672155
29.12	0.002367735428
29.13	0.002353278372
29.14	0.002338307785
29.15	0.002322830557
29.16	0.002306853665
29.17	0.00229038417
29.18	0.00227342922
29.19	0.002255996042
29.2	0.00223809194
29.21	0.002219724296
29.22	0.002200900568
29.23	0.002181628283
29.24	0.002161915038
29.25	0.002141768497
29.26	0.002121196389
29.27	0.002100206504
29.28	0.002078806694
29.29	0.002057004867
29.3	0.002034808988
29.31	0.002012227071
29.32	0.001989267185
29.33	0.001965937444
29.34	0.00194224601
29.35	0.001918201086
29.36	0.001893810918
29.37	0.001869083789
29.38	0.001844028021
29.39	0.001818651968
29.4	0.001792964015
29.41	0.001766972578
29.42	0.001740686099
29.43	0.001714113047
29.44	0.001687261909
29.45	0.001660141197
29.46	0.001632759437
29.47	0.001605125173
29.48	0.00157724696
29.49	0.001549133368
29.5	0.00152079297
29.51	0.001492234351
29.52	0.001463466097
29.53	0.001434496798
29.54	0.001405335041
29.55	0.001375989415
29.56	0.0013464685
29.57	0.001316780873
29.58	0.0012869351
29.59	0.001256939737
29.6	0.001226803327
29.61	0.001196534397
29.62	0.001166141457
29.63	0.001135633
29.64	0.001105017494
29.65	0.001074303385
29.66	0.001043499096
29.67	0.001012613019
29.68	0.0009816535188
29.69	0.0009506289282
29.7	0.0009195475469
29.71	0.0008884176394
29.72	0.0008572474333
29.73	0.0008260451169
29.74	0.0007948188379
29.75	0.0007635767016
29.76	0.0007323267685
29.77	0.0007010770529
29.78	0.0006698355214
29.79	0.0006386100906
29.8	0.0006074086256
29.81	0.0005762389386
29.82	0.0005451087867
29.83	0.0005140258707
29.84	0.0004829978331
29.85	0.0004520322569
29.86	0.0004211366636
29.87	0.0003903185122
29.88	0.0003595851969
29.89	0.0003289440463
29.9	0.0002984023216
29.91	0.0002679672154
29.92	0.0002376458496
29.93	0.0002074452751
29.94	0.0001773724694
29.95	0.0001474343358
29.96	0.000117637702
29.97	8.798931877e-05
29.98	5.849585869e-05
29.99	2.916391492e-05
30	9.977097471e-18
