temps	angle
0	0
0.01	0.6263333602
0.02	1.248298088
0.03	1.86530277
0.04	2.476764455
0.05	3.082109186
0.06	3.680772508
0.07	4.272199979
0.08	4.85584766
0.09	5.431182587
0.1	5.99768324
0.11	6.554839989
0.12	7.102155531
0.13	7.639145309
0.14	8.165337918
0.15	8.680275491
0.16	9.183514077
0.17	9.674623996
0.18	10.15319018
0.19	10.6188125
0.2	11.07110608
0.21	11.50970156
0.22	11.93424541
0.23	12.34440016
0.24	12.73984463
0.25	13.12027421
0.26	13.48540097
0.27	13.83495393
0.28	14.16867917
0.29	14.48634004
0.3	14.78771721
0.31	15.07260887
0.32	15.34083076
0.33	15.59221629
0.34	15.82661657
0.35	16.04390047
0.36	16.24395465
0.37	16.42668353
0.38	16.59200933
0.39	16.73987201
0.4	16.87022922
0.41	16.98305623
0.42	17.0783459
0.43	17.15610853
0.44	17.21637174
0.45	17.25918038
0.46	17.28459637
0.47	17.29269851
0.48	17.28358233
0.49	17.25735988
0.5	17.21415953
0.51	17.15412573
0.52	17.07741879
0.53	16.98421462
0.54	16.87470443
0.55	16.74909451
0.56	16.60760588
0.57	16.45047402
0.58	16.27794851
0.59	16.09029274
0.6	15.88778355
0.61	15.67071085
0.62	15.43937731
0.63	15.19409791
0.64	14.93519962
0.65	14.66302097
0.66	14.37791165
0.67	14.08023208
0.68	13.77035304
0.69	13.44865518
0.7	13.11552861
0.71	12.77137245
0.72	12.41659441
0.73	12.05161027
0.74	11.67684348
0.75	11.29272466
0.76	10.89969116
0.77	10.49818654
0.78	10.08866012
0.79	9.671566514
0.8	9.247365116
0.81	8.816519632
0.82	8.379497594
0.83	7.936769867
0.84	7.488810165
0.85	7.036094563
0.86	6.579101012
0.87	6.118308848
0.88	5.654198315
0.89	5.187250076
0.9	4.717944738
0.91	4.246762372
0.92	3.774182043
0.93	3.300681335
0.94	2.826735891
0.95	2.352818952
0.96	1.879400895
0.97	1.406948793
0.98	0.9359259618
0.99	0.4667915291
1	1.814481325e-15
1.01	-0.4639991654
1.02	-0.9247619682
1.03	-1.381850279
1.04	-1.834832237
1.05	-2.283282643
1.06	-2.72678334
1.07	-3.164923587
1.08	-3.597300423
1.09	-4.02351902
1.1	-4.443193026
1.11	-4.855944897
1.12	-5.261406223
1.13	-5.659218035
1.14	-6.049031107
1.15	-6.430506244
1.16	-6.803314558
1.17	-7.167137735
1.18	-7.521668285
1.19	-7.866609785
1.2	-8.201677107
1.21	-8.52659663
1.22	-8.841106449
1.23	-9.144956558
1.24	-9.437909034
1.25	-9.719738193
1.26	-9.990230751
1.27	-10.24918595
1.28	-10.49641569
1.29	-10.73174465
1.3	-10.95501035
1.31	-11.16606328
1.32	-11.36476695
1.33	-11.55099793
1.34	-11.72464593
1.35	-11.8856138
1.36	-12.03381758
1.37	-12.16918646
1.38	-12.29166283
1.39	-12.4012022
1.4	-12.49777319
1.41	-12.5813575
1.42	-12.65194982
1.43	-12.70955779
1.44	-12.75420188
1.45	-12.7859153
1.46	-12.80474393
1.47	-12.81074614
1.48	-12.80399271
1.49	-12.78456664
1.5	-12.75256303
1.51	-12.7080889
1.52	-12.65126301
1.53	-12.58221565
1.54	-12.50108851
1.55	-12.40803439
1.56	-12.30321704
1.57	-12.18681089
1.58	-12.05900085
1.59	-11.91998204
1.6	-11.76995954
1.61	-11.60914813
1.62	-11.43777203
1.63	-11.25606458
1.64	-11.06426801
1.65	-10.86263311
1.66	-10.65141892
1.67	-10.43089248
1.68	-10.20132844
1.69	-9.963008801
1.7	-9.716222566
1.71	-9.461265416
1.72	-9.198439374
1.73	-8.928052473
1.74	-8.650418407
1.75	-8.365856192
1.76	-8.074689812
1.77	-7.777247871
1.78	-7.47386324
1.79	-7.164872696
1.8	-6.850616571
1.81	-6.531438387
1.82	-6.207684498
1.83	-5.879703731
1.84	-5.547847021
1.85	-5.212467055
1.86	-4.873917905
1.87	-4.532554675
1.88	-4.188733135
1.89	-3.842809372
1.9	-3.495139426
1.91	-3.146078944
1.92	-2.795982825
1.93	-2.445204873
1.94	-2.094097453
1.95	-1.743011149
1.96	-1.392294427
1.97	-1.042293301
1.98	-0.6933510057
1.99	-0.34580767
2	-2.688401654e-15
2.01	0.3437390361
2.02	0.6850805158
2.03	1.023699865
2.04	1.359277153
2.05	1.691497385
2.06	2.020050782
2.07	2.34463306
2.08	2.664945699
2.09	2.980696201
2.1	3.291598352
2.11	3.597372459
2.12	3.897745597
2.13	4.192451835
2.14	4.481232462
2.15	4.763836194
2.16	5.040019386
2.17	5.309546224
2.18	5.572188915
2.19	5.827727864
2.2	6.075951841
2.21	6.316658144
2.22	6.549652748
2.23	6.774750446
2.24	6.991774977
2.25	7.200559154
2.26	7.400944969
2.27	7.592783699
2.28	7.775935998
2.29	7.950271977
2.3	8.115671277
2.31	8.272023134
2.32	8.419226429
2.33	8.557189732
2.34	8.685831333
2.35	8.805079266
2.36	8.914871326
2.37	9.015155064
2.38	9.105887789
2.39	9.187036547
2.4	9.258578097
2.41	9.320498877
2.42	9.372794957
2.43	9.415471989
2.44	9.44854514
2.45	9.472039022
2.46	9.485987612
2.47	9.490434161
2.48	9.485431095
2.49	9.47103991
2.5	9.447331055
2.51	9.414383809
2.52	9.372286149
2.53	9.321134613
2.54	9.261034148
2.55	9.192097962
2.56	9.114447356
2.57	9.02821156
2.58	8.933527553
2.59	8.830539885
2.6	8.719400483
2.61	8.600268463
2.62	8.473309921
2.63	8.338697734
2.64	8.196611341
2.65	8.04723653
2.66	7.890765215
2.67	7.727395207
2.68	7.557329984
2.69	7.380778453
2.7	7.197954713
2.71	7.009077811
2.72	6.81437149
2.73	6.614063947
2.74	6.408387573
2.75	6.197578699
2.76	5.981877339
2.77	5.76152693
2.78	5.536774067
2.79	5.307868242
2.8	5.075061579
2.81	4.838608564
2.82	4.598765784
2.83	4.355791656
2.84	4.109946159
2.85	3.861490569
2.86	3.61068719
2.87	3.357799089
2.88	3.103089828
2.89	2.846823201
2.9	2.589262971
2.91	2.330672606
2.92	2.071315022
2.93	1.811452324
2.94	1.551345549
2.95	1.291254418
2.96	1.03143708
2.97	0.7721498688
2.98	0.5136470584
2.99	0.2561806228
3	2.987425395e-15
3.01	-0.2546481411
3.02	-0.5075201288
3.03	-0.7583755123
3.04	-1.006977282
3.05	-1.253092083
3.06	-1.496490426
3.07	-1.736946892
3.08	-1.974240331
3.09	-2.208154056
3.1	-2.438476034
3.11	-2.664999064
3.12	-2.887520958
3.13	-3.105844709
3.14	-3.319778659
3.15	-3.529136653
3.16	-3.733738193
3.17	-3.933408586
3.18	-4.127979077
3.19	-4.317286987
3.2	-4.501175832
3.21	-4.679495447
3.22	-4.852102095
3.23	-5.018858571
3.24	-5.179634298
3.25	-5.33430542
3.26	-5.482754883
3.27	-5.62487251
3.28	-5.76055507
3.29	-5.88970634
3.3	-6.012237155
3.31	-6.12806546
3.32	-6.237116343
3.33	-6.339322071
3.34	-6.434622113
3.35	-6.522963155
3.36	-6.604299113
3.37	-6.678591134
3.38	-6.74580759
3.39	-6.805924068
3.4	-6.858923352
3.41	-6.904795394
3.42	-6.943537283
3.43	-6.975153206
3.44	-6.999654398
3.45	-7.017059094
3.46	-7.027392464
3.47	-7.030686548
3.48	-7.026980186
3.49	-7.016318934
3.5	-6.998754982
3.51	-6.974347062
3.52	-6.943160349
3.53	-6.905266358
3.54	-6.860742839
3.55	-6.809673657
3.56	-6.752148673
3.57	-6.688263624
3.58	-6.618119986
3.59	-6.541824845
3.6	-6.459490751
3.61	-6.37123558
3.62	-6.277182379
3.63	-6.177459218
3.64	-6.072199029
3.65	-5.961539448
3.66	-5.845622647
3.67	-5.724595168
3.68	-5.598607752
3.69	-5.467815161
3.7	-5.332376003
3.71	-5.192452552
3.72	-5.048210563
3.73	-4.899819085
3.74	-4.747450279
3.75	-4.591279224
3.76	-4.431483726
3.77	-4.268244128
3.78	-4.101743112
3.79	-3.932165507
3.8	-3.759698089
3.81	-3.584529387
3.82	-3.406849486
3.83	-3.226849824
3.84	-3.044723001
3.85	-2.860662573
3.86	-2.67486286
3.87	-2.487518747
3.88	-2.298825485
3.89	-2.108978499
3.9	-1.918173187
3.91	-1.726604733
3.92	-1.534467909
3.93	-1.341956887
3.94	-1.14926505
3.95	-0.9565848006
3.96	-0.7641073825
3.97	-0.5720226919
3.98	-0.3805190998
3.99	-0.1897832732
4	-2.95085222e-15
4.01	0.1886479828
4.02	0.3759801588
4.03	0.5618183976
4.04	0.7459871182
4.05	0.9283134472
4.06	1.108627375
4.07	1.286761906
4.08	1.462553209
4.09	1.635840759
4.1	1.806467477
4.11	1.974279865
4.12	2.139128138
4.13	2.300866351
4.14	2.459352519
4.15	2.614448736
4.16	2.766021285
4.17	2.91394075
4.18	3.058082115
4.19	3.198324864
4.2	3.334553071
4.21	3.466655491
4.22	3.594525641
4.23	3.718061876
4.24	3.837167464
4.25	3.95175065
4.26	4.061724717
4.27	4.167008045
4.28	4.267524157
4.29	4.363201771
4.3	4.453974831
4.31	4.53978255
4.32	4.620569431
4.33	4.696285297
4.34	4.766885304
4.35	4.832329958
4.36	4.892585118
4.37	4.947622
4.38	4.997417176
4.39	5.041952558
4.4	5.081215393
4.41	5.115198238
4.42	5.143898935
4.43	5.167320587
4.44	5.185471517
4.45	5.198365233
4.46	5.206020381
4.47	5.208460699
4.48	5.205714958
4.49	5.197816908
4.5	5.184805213
4.51	5.166723381
4.52	5.143619695
4.53	5.115547137
4.54	5.082563303
4.55	5.044730322
4.56	5.002114766
4.57	4.954787557
4.58	4.902823873
4.59	4.846303042
4.6	4.785308445
4.61	4.719927406
4.62	4.650251081
4.63	4.576374346
4.64	4.49839568
4.65	4.416417046
4.66	4.330543768
4.67	4.240884406
4.68	4.147550633
4.69	4.050657098
4.7	3.950321303
4.71	3.846663461
4.72	3.739806367
4.73	3.629875256
4.74	3.516997668
4.75	3.401303305
4.76	3.282923889
4.77	3.161993021
4.78	3.038646034
4.79	2.913019854
4.8	2.785252848
4.81	2.655484682
4.82	2.523856174
4.83	2.390509145
4.84	2.255586276
4.85	2.119230957
4.86	1.981587144
4.87	1.842799212
4.88	1.703011806
4.89	1.562369699
4.9	1.421017647
4.91	1.279100246
4.92	1.136761786
4.93	0.9941461134
4.94	0.8513964891
4.95	0.7086554499
4.96	0.5660646715
4.97	0.4237648328
4.98	0.2818954825
4.99	0.1405949067
5	2.732556364e-15
5.01	-0.139753863
5.02	-0.2785329522
5.03	-0.4162053057
5.04	-0.5526408496
5.05	-0.6877115162
5.06	-0.8212913591
5.07	-0.9532566656
5.08	-1.083486066
5.09	-1.21186064
5.1	-1.338264022
5.11	-1.462582496
5.12	-1.584705101
5.13	-1.704523716
5.14	-1.821933157
5.15	-1.93683126
5.16	-2.049118967
5.17	-2.158700402
5.18	-2.265482951
5.19	-2.369377335
5.2	-2.470297673
5.21	-2.568161552
5.22	-2.662890089
5.23	-2.754407984
5.24	-2.842643573
5.25	-2.927528885
5.26	-3.008999678
5.27	-3.086995485
5.28	-3.161459653
5.29	-3.232339372
5.3	-3.29958571
5.31	-3.363153631
5.32	-3.423002025
5.33	-3.479093718
5.34	-3.531395489
5.35	-3.579878081
5.36	-3.624516202
5.37	-3.665288527
5.38	-3.7021777
5.39	-3.735170323
5.4	-3.764256947
5.41	-3.789432057
5.42	-3.810694057
5.43	-3.828045243
5.44	-3.841491782
5.45	-3.851043682
5.46	-3.856714756
5.47	-3.858522587
5.48	-3.856488493
5.49	-3.850637474
5.5	-3.840998172
5.51	-3.827602822
5.52	-3.810487191
5.53	-3.789690528
5.54	-3.765255502
5.55	-3.737228141
5.56	-3.70565776
5.57	-3.670596902
5.58	-3.632101258
5.59	-3.590229596
5.6	-3.545043688
5.61	-3.496608223
5.62	-3.444990732
5.63	-3.3902615
5.64	-3.332493484
5.65	-3.271762218
5.66	-3.208145729
5.67	-3.14172444
5.68	-3.07258108
5.69	-3.000800584
5.7	-2.926469999
5.71	-2.849678381
5.72	-2.770516698
5.73	-2.689077729
5.74	-2.605455955
5.75	-2.519747463
5.76	-2.432049834
5.77	-2.342462043
5.78	-2.251084348
5.79	-2.158018185
5.8	-2.063366059
5.81	-1.967231438
5.82	-1.86971864
5.83	-1.770932731
5.84	-1.670979411
5.85	-1.569964907
5.86	-1.467995862
5.87	-1.365179233
5.88	-1.261622176
5.89	-1.15743194
5.9	-1.052715765
5.91	-0.9475807683
5.92	-0.8421338436
5.93	-0.7364815548
5.94	-0.6307300321
5.95	-0.5249848695
5.96	-0.4193510227
5.97	-0.3139327094
5.98	-0.2088333097
5.99	-0.1041552687
6	-2.429193052e-15
6.01	0.1035322081
6.02	0.2063422861
6.03	0.308332474
6.04	0.4094064109
6.05	0.5094692217
6.06	0.6084276033
6.07	0.7061899068
6.08	0.8026662196
6.09	0.8977684434
6.1	0.9914103714
6.11	1.083507763
6.12	1.173978413
6.13	1.262742227
6.14	1.34972128
6.15	1.434839888
6.16	1.518024667
6.17	1.599204591
6.18	1.678311049
6.19	1.755277901
6.2	1.830041526
6.21	1.902540872
6.22	1.972717498
6.23	2.040515621
6.24	2.105882154
6.25	2.16876674
6.26	2.229121787
6.27	2.286902503
6.28	2.342066915
6.29	2.394575902
6.3	2.444393214
6.31	2.491485489
6.32	2.535822269
6.33	2.577376017
6.34	2.616122123
6.35	2.65203891
6.36	2.685107643
6.37	2.715312525
6.38	2.742640696
6.39	2.767082233
6.4	2.788630133
6.41	2.807280314
6.42	2.823031591
6.43	2.835885666
6.44	2.845847107
6.45	2.852923328
6.46	2.857124563
6.47	2.858463838
6.48	2.856956943
6.49	2.852622402
6.5	2.845481432
6.51	2.835557912
6.52	2.82287834
6.53	2.807471794
6.54	2.789369882
6.55	2.768606702
6.56	2.745218789
6.57	2.719245066
6.58	2.690726791
6.59	2.659707501
6.6	2.626232957
6.61	2.590351082
6.62	2.552111904
6.63	2.511567492
6.64	2.468771893
6.65	2.423781065
6.66	2.37665281
6.67	2.32744671
6.68	2.276224049
6.69	2.223047749
6.7	2.167982297
6.71	2.111093667
6.72	2.052449251
6.73	1.992117778
6.74	1.930169245
6.75	1.866674832
6.76	1.801706831
6.77	1.735338563
6.78	1.667644302
6.79	1.598699192
6.8	1.528579173
6.81	1.457360893
6.82	1.385121636
6.83	1.311939235
6.84	1.237891994
6.85	1.163058609
6.86	1.087518083
6.87	1.01134965
6.88	0.9346326953
6.89	0.8574466705
6.9	0.7798710199
6.91	0.7019850987
6.92	0.6238680956
6.93	0.545598955
6.94	0.4672563001
6.95	0.3889183569
6.96	0.3106628785
6.97	0.2325670712
6.98	0.1547075209
6.99	0.0771601208
7	2.099522221e-15
7.01	-0.07669854618
7.02	-0.1528621252
7.03	-0.2284183148
7.04	-0.3032957288
7.05	-0.3774240823
7.06	-0.4507342545
7.07	-0.5231583503
7.08	-0.5946297606
7.09	-0.6650832208
7.1	-0.7344548673
7.11	-0.8026822928
7.12	-0.8697045992
7.13	-0.9354624495
7.14	-0.9998981169
7.15	-1.062955533
7.16	-1.124580333
7.17	-1.184719899
7.18	-1.243323405
7.19	-1.300341852
7.2	-1.355728107
7.21	-1.409436943
7.22	-1.461425067
7.23	-1.511651152
7.24	-1.56007587
7.25	-1.606661917
7.26	-1.651374036
7.27	-1.694179043
7.28	-1.735045845
7.29	-1.773945459
7.3	-1.810851032
7.31	-1.845737847
7.32	-1.878583342
7.33	-1.909367115
7.34	-1.938070936
7.35	-1.964678747
7.36	-1.989176667
7.37	-2.011552993
7.38	-2.031798201
7.39	-2.049904936
7.4	-2.065868014
7.41	-2.079684407
7.42	-2.09135324
7.43	-2.100875773
7.44	-2.10825539
7.45	-2.113497584
7.46	-2.116609935
7.47	-2.117602094
7.48	-2.116485759
7.49	-2.113274652
7.5	-2.107984491
7.51	-2.100632967
7.52	-2.091239709
7.53	-2.079826259
7.54	-2.066416033
7.55	-2.05103429
7.56	-2.033708098
7.57	-2.014466291
7.58	-1.993339434
7.59	-1.970359779
7.6	-1.945561226
7.61	-1.918979279
7.62	-1.890651
7.63	-1.860614961
7.64	-1.828911201
7.65	-1.795581176
7.66	-1.760667706
7.67	-1.72421493
7.68	-1.68626825
7.69	-1.646874278
7.7	-1.606080788
7.71	-1.563936654
7.72	-1.520491802
7.73	-1.475797148
7.74	-1.429904545
7.75	-1.382866728
7.76	-1.334737249
7.77	-1.285570426
7.78	-1.235421284
7.79	-1.184345491
7.8	-1.132399303
7.81	-1.079639504
7.82	-1.026123346
7.83	-0.9719084898
7.84	-0.9170529446
7.85	-0.8616150091
7.86	-0.805653211
7.87	-0.7492262485
7.88	-0.6923929303
7.89	-0.6352121168
7.9	-0.5777426613
7.91	-0.5200433518
7.92	-0.4621728525
7.93	-0.404189647
7.94	-0.3461519809
7.95	-0.2881178051
7.96	-0.2301447209
7.97	-0.1722899239
7.98	-0.1146101504
7.99	-0.0571616234
8	-1.777559218e-15
8.01	0.05681968051
8.02	0.1132430476
8.03	0.1692164495
8.04	0.2246870022
8.05	0.2796026371
8.06	0.3339121484
8.07	0.3875652382
8.08	0.4405125612
8.09	0.4927057682
8.1	0.544097548
8.11	0.5946416679
8.12	0.6442930137
8.13	0.6930076273
8.14	0.7407427438
8.15	0.7874568265
8.16	0.833109601
8.17	0.8776620878
8.18	0.9210766326
8.19	0.9633169367
8.2	1.004348084
8.21	1.044136569
8.22	1.082650318
8.23	1.119858717
8.24	1.15573263
8.25	1.190244423
8.26	1.223367975
8.27	1.255078704
8.28	1.285353575
8.29	1.314171119
8.3	1.341511439
8.31	1.367356227
8.32	1.391688768
8.33	1.414493949
8.34	1.435758263
8.35	1.455469813
8.36	1.473618319
8.37	1.490195109
8.38	1.505193128
8.39	1.518606927
8.4	1.530432666
8.41	1.540668102
8.42	1.549312586
8.43	1.556367052
8.44	1.561834007
8.45	1.565717519
8.46	1.568023206
8.47	1.568758215
8.48	1.567931214
8.49	1.565552367
8.5	1.56163332
8.51	1.556187177
8.52	1.549228481
8.53	1.540773188
8.54	1.530838648
8.55	1.519443574
8.56	1.506608015
8.57	1.492353334
8.58	1.476702172
8.59	1.459678425
8.6	1.441307206
8.61	1.421614815
8.62	1.40062871
8.63	1.378377465
8.64	1.354890742
8.65	1.330199252
8.66	1.304334717
8.67	1.277329837
8.68	1.249218244
8.69	1.220034472
8.7	1.189813912
8.71	1.15859277
8.72	1.126408031
8.73	1.093297417
8.74	1.059299341
8.75	1.024452869
8.76	0.9887976736
8.77	0.9523739959
8.78	0.9152225976
8.79	0.8773847192
8.8	0.8389020366
8.81	0.7998166162
8.82	0.7601708713
8.83	0.720007518
8.84	0.6793695307
8.85	0.6383000979
8.86	0.5968425783
8.87	0.5550404563
8.88	0.5129372986
8.89	0.4705767101
8.9	0.4280022904
8.91	0.3852575905
8.92	0.3423860702
8.93	0.2994310551
8.94	0.2564356945
8.95	0.2134429197
8.96	0.1704954026
8.97	0.1276355149
8.98	0.08490528769
8.99	0.04234637214
9	1.481454289e-15
9.01	-0.04209305462
9.02	-0.08389251304
9.03	-0.125358629
9.04	-0.1664522252
9.05	-0.2071347281
9.06	-0.2473682036
9.07	-0.2871153901
9.08	-0.3263397318
9.09	-0.3650054105
9.1	-0.4030773774
9.11	-0.4405213824
9.12	-0.477304004
9.13	-0.5133926774
9.14	-0.5487557214
9.15	-0.5833623651
9.16	-0.6171827723
9.17	-0.6501880662
9.18	-0.6823503521
9.19	-0.713642739
9.2	-0.7440393607
9.21	-0.7735153948
9.22	-0.8020470819
9.23	-0.8296117419
9.24	-0.8561877909
9.25	-0.8817547554
9.26	-0.9062932866
9.27	-0.9297851723
9.28	-0.9522133487
9.29	-0.9735619099
9.3	-0.9938161174
9.31	-1.012962407
9.32	-1.030988397
9.33	-1.04788289
9.34	-1.063635881
9.35	-1.078238557
9.36	-1.091683301
9.37	-1.103963689
9.38	-1.115074495
9.39	-1.125011682
9.4	-1.133772404
9.41	-1.141355002
9.42	-1.147758993
9.43	-1.15298507
9.44	-1.15703509
9.45	-1.159912067
9.46	-1.161620161
9.47	-1.16216467
9.48	-1.161552012
9.49	-1.159789719
9.5	-1.156886417
9.51	-1.152851815
9.52	-1.147696686
9.53	-1.141432852
9.54	-1.134073164
9.55	-1.125631485
9.56	-1.116122669
9.57	-1.105562541
9.58	-1.093967876
9.59	-1.081356374
9.6	-1.06774664
9.61	-1.053158158
9.62	-1.037611268
9.63	-1.021127141
9.64	-1.003727749
9.65	-0.9854358428
9.66	-0.9662749244
9.67	-0.9462692168
9.68	-0.9254436369
9.69	-0.903823767
9.7	-0.8814358249
9.71	-0.858306634
9.72	-0.8344635935
9.73	-0.8099346472
9.74	-0.784748253
9.75	-0.7589333512
9.76	-0.7325193332
9.77	-0.7055360091
9.78	-0.6780135763
9.79	-0.6499825866
9.8	-0.6214739141
9.81	-0.5925187225
9.82	-0.5631484323
9.83	-0.5333946884
9.84	-0.5032893269
9.85	-0.4728643428
9.86	-0.4421518569
9.87	-0.4111840833
9.88	-0.3799932969
9.89	-0.3486118011
9.9	-0.3170718952
9.91	-0.2854058427
9.92	-0.2536458393
9.93	-0.2218239815
9.94	-0.189972235
9.95	-0.158122404
9.96	-0.1263061008
9.97	-0.09455471502
9.98	-0.06289938415
9.99	-0.03137096406
10	-1.219431478e-15
10.01	0.03118330182
10.02	0.06214910224
10.03	0.09286795651
10.04	0.1233108413
10.05	0.1534491807
10.06	0.1832548725
10.07	0.2127003125
10.08	0.2417584194
10.09	0.2704026588
10.1	0.2986070655
10.11	0.3263462667
10.12	0.353595503
10.13	0.3803306498
10.14	0.4065282371
10.15	0.4321654693
10.16	0.4572202432
10.17	0.4816711663
10.18	0.5054975737
10.19	0.5286795441
10.2	0.5511979153
10.21	0.5730342985
10.22	0.5941710921
10.23	0.6145914945
10.24	0.6342795158
10.25	0.653219989
10.26	0.67139858
10.27	0.688801797
10.28	0.7054169987
10.29	0.7212324018
10.3	0.7362370878
10.31	0.7504210083
10.32	0.7637749899
10.33	0.7762907384
10.34	0.7879608411
10.35	0.7987787696
10.36	0.8087388805
10.37	0.817836416
10.38	0.8260675031
10.39	0.8334291523
10.4	0.8399192553
10.41	0.8455365817
10.42	0.8502807751
10.43	0.8541523481
10.44	0.8571526766
10.45	0.8592839935
10.46	0.8605493811
10.47	0.8609527629
10.48	0.860498895
10.49	0.8591933561
10.5	0.8570425373
10.51	0.8540536306
10.52	0.8502346171
10.53	0.8455942544
10.54	0.8401420633
10.55	0.8338883136
10.56	0.8268440095
10.57	0.8190208746
10.58	0.8104313353
10.59	0.8010885048
10.6	0.7910061657
10.61	0.7801987527
10.62	0.7686813337
10.63	0.7564695915
10.64	0.7435798048
10.65	0.7300288277
10.66	0.7158340702
10.67	0.7010134774
10.68	0.6855855084
10.69	0.6695691149
10.7	0.6529837194
10.71	0.6358491934
10.72	0.6181858346
10.73	0.6000143442
10.74	0.5813558045
10.75	0.5622316549
10.76	0.542663669
10.77	0.5226739309
10.78	0.5022848112
10.79	0.4815189433
10.8	0.4603991992
10.81	0.4389486657
10.82	0.4171906196
10.83	0.395148504
10.84	0.3728459037
10.85	0.3503065211
10.86	0.3275541519
10.87	0.3046126609
10.88	0.2815059581
10.89	0.2582579742
10.9	0.2348926372
10.91	0.2114338486
10.92	0.1879054594
10.93	0.1643312473
10.94	0.1407348931
10.95	0.117139958
10.96	0.09356986086
10.97	0.07004785573
10.98	0.04659700985
10.99	0.02324018177
11	3.614421431e-15
11.01	-0.02310115817
11.02	-0.04604118733
11.03	-0.0687982743
11.04	-0.09135091802
11.05	-0.113677949
11.06	-0.1357585486
11.07	-0.157572267
11.08	-0.1790990421
11.09	-0.2003192165
11.1	-0.2212135549
11.11	-0.2417632606
11.12	-0.2619499914
11.13	-0.2817558752
11.14	-0.3011635253
11.15	-0.320156054
11.16	-0.338717087
11.17	-0.3568307764
11.18	-0.3744818131
11.19	-0.3916554392
11.2	-0.4083374588
11.21	-0.4245142494
11.22	-0.4401727712
11.23	-0.4553005774
11.24	-0.4698858223
11.25	-0.48391727
11.26	-0.4973843014
11.27	-0.5102769216
11.28	-0.5225857658
11.29	-0.5343021046
11.3	-0.5454178494
11.31	-0.5559255561
11.32	-0.5658184291
11.33	-0.5750903235
11.34	-0.5837357483
11.35	-0.5917498668
11.36	-0.5991284985
11.37	-0.6058681185
11.38	-0.6119658578
11.39	-0.6174195017
11.4	-0.6222274883
11.41	-0.626388906
11.42	-0.6299034909
11.43	-0.6327716227
11.44	-0.6349943207
11.45	-0.6365732391
11.46	-0.6375106613
11.47	-0.6378094939
11.48	-0.6374732603
11.49	-0.6365060933
11.5	-0.6349127276
11.51	-0.632698491
11.52	-0.6298692962
11.53	-0.626431631
11.54	-0.6223925484
11.55	-0.6177596567
11.56	-0.6125411079
11.57	-0.606745587
11.58	-0.6003822998
11.59	-0.5934609607
11.6	-0.5859917803
11.61	-0.5779854517
11.62	-0.5694531379
11.63	-0.5604064568
11.64	-0.5508574679
11.65	-0.5408186572
11.66	-0.5303029222
11.67	-0.519323557
11.68	-0.5078942365
11.69	-0.4960290003
11.7	-0.4837422372
11.71	-0.4710486681
11.72	-0.45796333
11.73	-0.4445015589
11.74	-0.4306789727
11.75	-0.4165114542
11.76	-0.4020151337
11.77	-0.3872063715
11.78	-0.3721017401
11.79	-0.3567180068
11.8	-0.3410721156
11.81	-0.3251811695
11.82	-0.3090624125
11.83	-0.2927332116
11.84	-0.2762110389
11.85	-0.2595134536
11.86	-0.242658084
11.87	-0.2256626095
11.88	-0.208544743
11.89	-0.1913222129
11.9	-0.1740127456
11.91	-0.1566340475
11.92	-0.1392037881
11.93	-0.1217395822
11.94	-0.1042589731
11.95	-0.08677941525
11.96	-0.06931825783
11.97	-0.05189272785
11.98	-0.03451991392
11.99	-0.01721675011
12	-8.030858217e-16
12.01	0.01711375889
12.02	0.03410815048
12.03	0.05096701516
12.04	0.06767442454
12.05	0.08421469594
12.06	0.1005724064
12.07	0.1167324065
12.08	0.1326798337
12.09	0.1484001256
12.1	0.1638790322
12.11	0.1791026285
12.12	0.1940573265
12.13	0.2087298862
12.14	0.2231074269
12.15	0.2371774383
12.16	0.2509277897
12.17	0.2643467409
12.18	0.2774229505
12.19	0.2901454856
12.2	0.3025038297
12.21	0.3144878909
12.22	0.3260880092
12.23	0.3372949636
12.24	0.3480999788
12.25	0.3584947309
12.26	0.3684713532
12.27	0.3780224411
12.28	0.3871410572
12.29	0.3958207344
12.3	0.4040554807
12.31	0.4118397813
12.32	0.4191686018
12.33	0.4260373902
12.34	0.4324420784
12.35	0.4383790834
12.36	0.4438453082
12.37	0.4488381415
12.38	0.4533554579
12.39	0.4573956167
12.4	0.4609574607
12.41	0.4640403148
12.42	0.4666439833
12.43	0.4687687476
12.44	0.4704153628
12.45	0.4715850544
12.46	0.4722795138
12.47	0.4725008944
12.48	0.4722518064
12.49	0.4715353115
12.5	0.4703549171
12.51	0.4687145703
12.52	0.4666186513
12.53	0.4640719662
12.54	0.4610797403
12.55	0.4576476097
12.56	0.4537816137
12.57	0.4494881862
12.58	0.4447741471
12.59	0.439646693
12.6	0.434113388
12.61	0.4281821539
12.62	0.4218612604
12.63	0.4151593142
12.64	0.4080852492
12.65	0.4006483153
12.66	0.3928580672
12.67	0.3847243535
12.68	0.3762573046
12.69	0.3674673214
12.7	0.3583650634
12.71	0.3489614362
12.72	0.3392675793
12.73	0.3292948539
12.74	0.3190548302
12.75	0.3085592744
12.76	0.297820136
12.77	0.2868495351
12.78	0.275659749
12.79	0.2642631991
12.8	0.2526724378
12.81	0.2409001354
12.82	0.2289590665
12.83	0.216862097
12.84	0.2046221704
12.85	0.192252295
12.86	0.17976553
12.87	0.1671749728
12.88	0.1544937454
12.89	0.1417349814
12.9	0.1289118125
12.91	0.1160373564
12.92	0.1031247026
12.93	0.09018690068
12.94	0.07723694693
12.95	0.064287772
12.96	0.05135222843
12.97	0.03844307831
12.98	0.02557298121
12.99	0.01275448218
13	-7.9375532e-16
13.01	-0.01267818441
13.02	-0.02526793935
13.03	-0.03775729348
13.04	-0.05013444678
13.05	-0.0623877812
13.06	-0.07450587115
13.07	-0.08647749366
13.08	-0.09829163833
13.09	-0.109937517
13.1	-0.121404573
13.11	-0.1326824906
13.12	-0.1437612033
13.13	-0.1546309029
13.14	-0.1652820471
13.15	-0.1757053678
13.16	-0.1858918787
13.17	-0.1958328822
13.18	-0.2055199766
13.19	-0.2149450624
13.2	-0.2241003489
13.21	-0.2329783597
13.22	-0.2415719387
13.23	-0.2498742548
13.24	-0.2578788069
13.25	-0.2655794287
13.26	-0.2729702922
13.27	-0.2800459122
13.28	-0.2868011491
13.29	-0.2932312122
13.3	-0.2993316623
13.31	-0.305098414
13.32	-0.3105277378
13.33	-0.3156162614
13.34	-0.3203609711
13.35	-0.3247592126
13.36	-0.3288086915
13.37	-0.3325074734
13.38	-0.3358539837
13.39	-0.3388470069
13.4	-0.3414856859
13.41	-0.3437695203
13.42	-0.3456983654
13.43	-0.3472724295
13.44	-0.3484922721
13.45	-0.3493588009
13.46	-0.349873269
13.47	-0.3500372719
13.48	-0.3498527429
13.49	-0.3493219505
13.5	-0.3484474928
13.51	-0.347232294
13.52	-0.345679599
13.53	-0.3437929683
13.54	-0.3415762728
13.55	-0.3390336879
13.56	-0.3361696876
13.57	-0.3329890383
13.58	-0.3294967922
13.59	-0.3256982808
13.6	-0.3215991077
13.61	-0.3172051414
13.62	-0.3125225083
13.63	-0.3075575844
13.64	-0.3023169882
13.65	-0.2968075721
13.66	-0.2910364144
13.67	-0.285010811
13.68	-0.2787382669
13.69	-0.2722264872
13.7	-0.2654833686
13.71	-0.2585169902
13.72	-0.2513356044
13.73	-0.2439476278
13.74	-0.2363616316
13.75	-0.2285863326
13.76	-0.2206305833
13.77	-0.2125033622
13.78	-0.2042137648
13.79	-0.1957709929
13.8	-0.1871843458
13.81	-0.1784632097
13.82	-0.1696170483
13.83	-0.1606553928
13.84	-0.1515878322
13.85	-0.1424240031
13.86	-0.1331735801
13.87	-0.1238462659
13.88	-0.1144517816
13.89	-0.1049998567
13.9	-0.0955002196
13.91	-0.08596258787
13.92	-0.07639665869
13.93	-0.06681209929
13.94	-0.05721853759
13.95	-0.04762555287
13.96	-0.03804266649
13.97	-0.02847933287
13.98	-0.01894493044
13.99	-0.009448752796
14	-5.141999843e-16
14.01	0.009392230018
14.02	0.01871894987
14.03	0.02797129097
14.04	0.03714051166
14.05	0.04621800506
14.06	0.0551953069
14.07	0.06406410298
14.08	0.07281623661
14.09	0.08144371571
14.1	0.08993871976
14.11	0.0982936066
14.12	0.1065009189
14.13	0.1145533903
14.14	0.122443952
14.15	0.1301657379
14.16	0.1377120908
14.17	0.1450765673
14.18	0.1522529433
14.19	0.1592352186
14.2	0.1660176217
14.21	0.1725946139
14.22	0.1789608938
14.23	0.1851114008
14.24	0.1910413189
14.25	0.1967460798
14.26	0.2022213662
14.27	0.2074631144
14.28	0.212467517
14.29	0.2172310249
14.3	0.2217503494
14.31	0.2260224642
14.32	0.2300446062
14.33	0.2338142772
14.34	0.2373292446
14.35	0.240587542
14.36	0.2435874698
14.37	0.2463275948
14.38	0.2488067506
14.39	0.2510240367
14.4	0.2529788182
14.41	0.2546707244
14.42	0.256099648
14.43	0.2572657433
14.44	0.2581694249
14.45	0.2588113652
14.46	0.2591924926
14.47	0.2593139889
14.48	0.2591772865
14.49	0.2587840658
14.5	0.2581362516
14.51	0.2572360102
14.52	0.2560857454
14.53	0.2546880951
14.54	0.2530459266
14.55	0.2511623334
14.56	0.2490406298
14.57	0.2466843469
14.58	0.2440972273
14.59	0.2412832209
14.6	0.2382464787
14.61	0.2349913485
14.62	0.2315223685
14.63	0.2278442625
14.64	0.2239619333
14.65	0.2198804574
14.66	0.2156050786
14.67	0.2111412019
14.68	0.2064943869
14.69	0.2016703419
14.7	0.1966749168
14.71	0.1915140967
14.72	0.1861939953
14.73	0.1807208475
14.74	0.1751010034
14.75	0.1693409202
14.76	0.1634471561
14.77	0.1574263627
14.78	0.1512852779
14.79	0.1450307186
14.8	0.138669574
14.81	0.1322087974
14.82	0.1256553999
14.83	0.1190164422
14.84	0.1122990281
14.85	0.1055102965
14.86	0.09865741463
14.87	0.09174757035
14.88	0.08478796519
14.89	0.07778580701
14.9	0.07074830276
14.91	0.06368265139
14.92	0.05659603675
14.93	0.04949562051
14.94	0.04238853521
14.95	0.03528187733
14.96	0.0281827005
14.97	0.0210980087
14.98	0.01403474966
14.99	0.006999808234
15	1.197479591e-15
15.01	-0.00695793513
15.02	-0.01386733913
15.03	-0.02072164201
15.04	-0.02751436776
15.05	-0.03423914027
15.06	-0.04088968904
15.07	-0.04745985478
15.08	-0.05394359485
15.09	-0.06033498856
15.1	-0.06662824235
15.11	-0.07281769474
15.12	-0.07889782121
15.13	-0.08486323879
15.14	-0.09070871066
15.15	-0.09642915038
15.16	-0.1020196261
15.17	-0.1074753645
15.18	-0.1127917546
15.19	-0.1179643513
15.2	-0.1229888791
15.21	-0.1278612348
15.22	-0.1325774909
15.23	-0.1371338986
15.24	-0.1415268899
15.25	-0.1457530808
15.26	-0.1498092727
15.27	-0.1536924553
15.28	-0.1573998079
15.29	-0.1609287013
15.3	-0.1642766993
15.31	-0.1674415598
15.32	-0.1704212358
15.33	-0.1732138768
15.34	-0.1758178287
15.35	-0.1782316348
15.36	-0.1804540359
15.37	-0.1824839705
15.38	-0.1843205743
15.39	-0.1859631802
15.4	-0.187411318
15.41	-0.1886647129
15.42	-0.1897232855
15.43	-0.1905871502
15.44	-0.191256614
15.45	-0.1917321751
15.46	-0.1920145212
15.47	-0.1921045279
15.48	-0.1920032562
15.49	-0.1917119512
15.5	-0.1912320386
15.51	-0.1905651234
15.52	-0.1897129863
15.53	-0.1886775814
15.54	-0.1874610331
15.55	-0.186065633
15.56	-0.1844938363
15.57	-0.1827482589
15.58	-0.1808316736
15.59	-0.1787470064
15.6	-0.1764973324
15.61	-0.1740858726
15.62	-0.1715159891
15.63	-0.1687911811
15.64	-0.1659150809
15.65	-0.1628914492
15.66	-0.1597241707
15.67	-0.1564172495
15.68	-0.1529748043
15.69	-0.1494010638
15.7	-0.1457003619
15.71	-0.1418771324
15.72	-0.1379359043
15.73	-0.1338812967
15.74	-0.1297180138
15.75	-0.1254508392
15.76	-0.1210846314
15.77	-0.1166243179
15.78	-0.1120748904
15.79	-0.1074413989
15.8	-0.1027289471
15.81	-0.09794268607
15.82	-0.09308780976
15.83	-0.08816954898
15.84	-0.0831931662
15.85	-0.07816395015
15.86	-0.07308721037
15.87	-0.06796827182
15.88	-0.06281246951
15.89	-0.05762514314
15.9	-0.05241163176
15.91	-0.04717726849
15.92	-0.04192737525
15.93	-0.03666725752
15.94	-0.03140219923
15.95	-0.02613745759
15.96	-0.02087825804
15.97	-0.01562978927
15.98	-0.01039719827
15.99	-0.005185585481
16	-3.225130682e-16
16.01	0.005154565122
16.02	0.0102731775
16.03	0.01535096996
16.04	0.02038314497
16.05	0.02536497897
16.06	0.03029182668
16.07	0.03515912517
16.08	0.03996239795
16.09	0.04469725887
16.1	0.04935941594
16.11	0.05394467505
16.12	0.05844894352
16.13	0.06286823356
16.14	0.06719866563
16.15	0.0714364716
16.16	0.07557799787
16.17	0.07961970828
16.18	0.08355818694
16.19	0.08739014087
16.2	0.09111240259
16.21	0.09472193245
16.22	0.09821582094
16.23	0.1015912907
16.24	0.1048456988
16.25	0.1079765379
16.26	0.1109814388
16.27	0.1138581712
16.28	0.1166046456
16.29	0.1192189142
16.3	0.1216991721
16.31	0.1240437584
16.32	0.1262511567
16.33	0.128319996
16.34	0.130249051
16.35	0.1320372425
16.36	0.1336836378
16.37	0.1351874503
16.38	0.1365480399
16.39	0.1377649123
16.4	0.1388377191
16.41	0.1397662569
16.42	0.1405504668
16.43	0.1411904335
16.44	0.1416863845
16.45	0.1420386888
16.46	0.1422478559
16.47	0.1423145345
16.48	0.1422395107
16.49	0.1420237065
16.5	0.1416681786
16.51	0.1411741156
16.52	0.1405428369
16.53	0.1397757901
16.54	0.138874549
16.55	0.1378408111
16.56	0.1366763955
16.57	0.13538324
16.58	0.1339633987
16.59	0.1324190392
16.6	0.1307524398
16.61	0.1289659864
16.62	0.1270621699
16.63	0.1250435825
16.64	0.122912915
16.65	0.1206729536
16.66	0.118326576
16.67	0.1158767485
16.68	0.1133265223
16.69	0.1106790303
16.7	0.1079374829
16.71	0.1051051647
16.72	0.1021854312
16.73	0.09918170402
16.74	0.09609746814
16.75	0.09293626747
16.76	0.08970170116
16.77	0.08639741968
16.78	0.08302712085
16.79	0.07959454598
16.8	0.07610347577
16.81	0.07255772643
16.82	0.0689611456
16.83	0.06531760839
16.84	0.06163101335
16.85	0.05790527847
16.86	0.05414433714
16.87	0.05035213419
16.88	0.0465326219
16.89	0.04268975601
16.9	0.03882749179
16.91	0.0349497801
16.92	0.03106056353
16.93	0.02716377247
16.94	0.02326332136
16.95	0.01936310482
16.96	0.01546699397
16.97	0.01157883268
16.98	0.007702433922
16.99	0.003841576209
17	-1.793436187e-16
17.01	-0.003818595762
17.02	-0.007610557079
17.03	-0.01137227825
17.04	-0.01510020519
17.05	-0.01879083859
17.06	-0.02244073714
17.07	-0.02604652055
17.08	-0.02960487254
17.09	-0.03311254378
17.1	-0.03656635469
17.11	-0.03996319819
17.12	-0.04330004234
17.13	-0.04657393293
17.14	-0.0497819959
17.15	-0.05292143978
17.16	-0.05598955791
17.17	-0.05898373062
17.18	-0.06190142737
17.19	-0.06474020866
17.2	-0.06749772797
17.21	-0.07017173346
17.22	-0.07276006971
17.23	-0.07526067925
17.24	-0.07767160402
17.25	-0.07999098671
17.26	-0.08221707204
17.27	-0.08434820783
17.28	-0.08638284609
17.29	-0.08831954387
17.3	-0.09015696412
17.31	-0.09189387636
17.32	-0.09352915726
17.33	-0.09506179111
17.34	-0.09649087021
17.35	-0.09781559509
17.36	-0.0990352747
17.37	-0.1001493264
17.38	-0.1011572759
17.39	-0.1020587572
17.4	-0.102853512
17.41	-0.1035413898
17.42	-0.1041223467
17.43	-0.1045964457
17.44	-0.1049638552
17.45	-0.1052248487
17.46	-0.1053798035
17.47	-0.1054292002
17.48	-0.1053736212
17.49	-0.1052137496
17.5	-0.104950368
17.51	-0.1045843571
17.52	-0.1041166944
17.53	-0.1035484521
17.54	-0.1028807963
17.55	-0.1021149844
17.56	-0.1012523641
17.57	-0.100294371
17.58	-0.09924252666
17.59	-0.09809843701
17.6	-0.09686378978
17.61	-0.09554035258
17.62	-0.09412997058
17.63	-0.09263456426
17.64	-0.09105612701
17.65	-0.08939672276
17.66	-0.08765848346
17.67	-0.08584360661
17.68	-0.08395435263
17.69	-0.08199304228
17.7	-0.07996205399
17.71	-0.07786382113
17.72	-0.0757008293
17.73	-0.07347561349
17.74	-0.07119075536
17.75	-0.06884888031
17.76	-0.06645265465
17.77	-0.06400478272
17.78	-0.06150800394
17.79	-0.05896508993
17.8	-0.05637884151
17.81	-0.05375208579
17.82	-0.05108767318
17.83	-0.04838847443
17.84	-0.04565737765
17.85	-0.04289728536
17.86	-0.0401111115
17.87	-0.03730177846
17.88	-0.03447221416
17.89	-0.03162534909
17.9	-0.02876411338
17.91	-0.02589143391
17.92	-0.02301023141
17.93	-0.02012341759
17.94	-0.01723389234
17.95	-0.01434454086
17.96	-0.01145823095
17.97	-0.00857781022
17.98	-0.005706103393
17.99	-0.002845909652
18	-1.991237902e-16
18.01	0.002828885318
18.02	0.005638039354
18.03	0.008424790941
18.04	0.01118650714
18.05	0.01392059561
18.06	0.01662450696
18.07	0.01929573701
18.08	0.021931829
18.09	0.02453037577
18.1	0.02708902182
18.11	0.02960546537
18.12	0.03207746032
18.13	0.03450281812
18.14	0.03687940963
18.15	0.03920516686
18.16	0.04147808467
18.17	0.04369622237
18.18	0.04585770528
18.19	0.04796072619
18.2	0.05000354673
18.21	0.05198449872
18.22	0.05390198538
18.23	0.05575448249
18.24	0.05754053949
18.25	0.05925878045
18.26	0.06090790502
18.27	0.06248668924
18.28	0.06399398633
18.29	0.06542872734
18.3	0.06678992174
18.31	0.06807665798
18.32	0.06928810386
18.33	0.07042350694
18.34	0.07148219478
18.35	0.07246357511
18.36	0.07336713599
18.37	0.07419244578
18.38	0.07493915316
18.39	0.07560698691
18.4	0.07619575577
18.41	0.07670534813
18.42	0.07713573164
18.43	0.07748695282
18.44	0.07775913648
18.45	0.07795248519
18.46	0.07806727855
18.47	0.07810387253
18.48	0.07806269856
18.49	0.07794426275
18.5	0.07774914487
18.51	0.07747799737
18.52	0.07713154428
18.53	0.07671058007
18.54	0.07621596845
18.55	0.07564864108
18.56	0.07500959623
18.57	0.07429989744
18.58	0.07352067202
18.59	0.07267310956
18.6	0.0717584604
18.61	0.070778034
18.62	0.06973319732
18.63	0.06862537307
18.64	0.067456038
18.65	0.06622672109
18.66	0.06493900174
18.67	0.0635945079
18.68	0.06219491413
18.69	0.06074193969
18.7	0.05923734656
18.71	0.05768293743
18.72	0.05608055366
18.73	0.05443207325
18.74	0.05273940872
18.75	0.05100450501
18.76	0.04922933738
18.77	0.04741590925
18.78	0.04556625004
18.79	0.043682413
18.8	0.04176647305
18.81	0.03982052455
18.82	0.03784667914
18.83	0.03584706353
18.84	0.03382381727
18.85	0.03177909062
18.86	0.02971504225
18.87	0.02763383715
18.88	0.02553764436
18.89	0.02342863484
18.9	0.02130897929
18.91	0.019180846
18.92	0.01704639869
18.93	0.01490779441
18.94	0.01276718146
18.95	0.01062669724
18.96	0.008488466267
18.97	0.006354598105
18.98	0.004227185363
18.99	0.002108301725
19	3.934549287e-16
19.01	-0.002095689788
19.02	-0.004176762282
19.03	-0.006241238635
19.04	-0.008287168314
19.05	-0.01031263087
19.06	-0.01231573767
19.07	-0.01429463356
19.08	-0.01624749854
19.09	-0.01817254933
19.1	-0.02006804094
19.11	-0.02193226818
19.12	-0.02376356708
19.13	-0.02556031633
19.14	-0.02732093862
19.15	-0.02904390195
19.16	-0.03072772088
19.17	-0.0323709577
19.18	-0.03397222363
19.19	-0.03553017984
19.2	-0.03704353852
19.21	-0.03851106385
19.22	-0.0399315729
19.23	-0.04130393651
19.24	-0.04262708008
19.25	-0.04389998429
19.26	-0.04512168582
19.27	-0.04629127794
19.28	-0.04740791109
19.29	-0.04847079337
19.3	-0.04947919098
19.31	-0.05043242863
19.32	-0.05132988982
19.33	-0.05217101711
19.34	-0.05295531235
19.35	-0.05368233678
19.36	-0.05435171114
19.37	-0.05496311567
19.38	-0.0555162901
19.39	-0.05601103351
19.4	-0.05644720421
19.41	-0.05682471952
19.42	-0.05714355547
19.43	-0.05740374651
19.44	-0.05760538513
19.45	-0.05774862137
19.46	-0.05783366239
19.47	-0.05786077187
19.48	-0.05783026945
19.49	-0.05774253004
19.5	-0.05759798316
19.51	-0.05739711215
19.52	-0.05714045339
19.53	-0.05682859544
19.54	-0.05646217814
19.55	-0.05604189168
19.56	-0.05556847562
19.57	-0.05504271782
19.58	-0.05446545343
19.59	-0.05383756371
19.6	-0.05315997495
19.61	-0.05243365721
19.62	-0.05165962316
19.63	-0.05083892677
19.64	-0.04997266204
19.65	-0.04906196168
19.66	-0.04810799573
19.67	-0.04711197019
19.68	-0.04607512562
19.69	-0.04499873568
19.7	-0.04388410568
19.71	-0.04273257107
19.72	-0.04154549598
19.73	-0.04032427165
19.74	-0.03907031492
19.75	-0.03778506664
19.76	-0.03646999012
19.77	-0.03512656952
19.78	-0.03375630828
19.79	-0.03236072748
19.8	-0.03094136425
19.81	-0.02949977014
19.82	-0.0280375095
19.83	-0.02655615782
19.84	-0.02505730013
19.85	-0.02354252936
19.86	-0.02201344473
19.87	-0.02047165006
19.88	-0.01891875225
19.89	-0.01735635957
19.9	-0.01578608012
19.91	-0.0142095202
19.92	-0.01262828274
19.93	-0.01104396573
19.94	-0.00945816065
19.95	-0.00787245094
19.96	-0.006288410476
19.97	-0.004707602061
19.98	-0.003131575939
19.99	-0.001561868332
20	-1.214238368e-16
20.01	0.00155252518
20.02	0.003094221602
20.03	0.0046236233
20.04	0.006139285285
20.05	0.007639784852
20.06	0.009123722865
20.07	0.010589725
20.08	0.01203644296
20.09	0.01346255566
20.1	0.01486677039
20.11	0.01624782389
20.12	0.01760448348
20.13	0.01893554806
20.14	0.02023984914
20.15	0.02151625177
20.16	0.02276365551
20.17	0.02398099529
20.18	0.02516724226
20.19	0.02632140461
20.2	0.02744252829
20.21	0.02852969779
20.22	0.02958203678
20.23	0.03059870875
20.24	0.03157891762
20.25	0.03252190825
20.26	0.033426967
20.27	0.03429342216
20.28	0.03512064434
20.29	0.0359080469
20.3	0.03665508623
20.31	0.03736126204
20.32	0.03802611764
20.33	0.03864924007
20.34	0.03923026027
20.35	0.03976885321
20.36	0.04026473794
20.37	0.04071767756
20.38	0.04112747925
20.39	0.04149399419
20.4	0.04181711739
20.41	0.0420967876
20.42	0.04233298708
20.43	0.04252574135
20.44	0.04267511891
20.45	0.04278123093
20.46	0.04284423087
20.47	0.04286431407
20.48	0.04284171732
20.49	0.04277671836
20.5	0.0426696354
20.51	0.0425208265
20.52	0.04233068901
20.53	0.04209965896
20.54	0.04182821034
20.55	0.04151685448
20.56	0.04116613923
20.57	0.04077664828
20.58	0.0403490003
20.59	0.03988384816
20.6	0.03938187805
20.61	0.03884380864
20.62	0.03827039011
20.63	0.03766240327
20.64	0.03702065858
20.65	0.03634599515
20.66	0.03563927979
20.67	0.03490140593
20.68	0.03413329258
20.69	0.0333358833
20.7	0.03251014508
20.71	0.03165706726
20.72	0.03077766041
20.73	0.02987295518
20.74	0.02894400118
20.75	0.02799186584
20.76	0.02701763319
20.77	0.02602240273
20.78	0.02500728823
20.79	0.02397341655
20.8	0.02292192641
20.81	0.02185396723
20.82	0.0207706979
20.83	0.01967328558
20.84	0.0185629045
20.85	0.01744073471
20.86	0.01630796095
20.87	0.01516577138
20.88	0.01401535638
20.89	0.01285790742
20.9	0.01169461579
20.91	0.01052667147
20.92	0.009355261953
20.93	0.008181571043
20.94	0.007006777743
20.95	0.005832055097
20.96	0.00465856906
20.97	0.003487477382
20.98	0.002319928515
20.99	0.001157060519
21	-3.602666176e-17
21.01	-0.001150138941
21.02	-0.002292255742
21.03	-0.003425264386
21.04	-0.004548094401
21.05	-0.005659691821
21.06	-0.006759020139
21.07	-0.007845061231
21.08	-0.008916816255
21.09	-0.009973306529
21.1	-0.01101357438
21.11	-0.01203668398
21.12	-0.01304172213
21.13	-0.01402779902
21.14	-0.01499404902
21.15	-0.01593963135
21.16	-0.01686373077
21.17	-0.01776555826
21.18	-0.01864435163
21.19	-0.01949937613
21.2	-0.02032992498
21.21	-0.02113531996
21.22	-0.02191491185
21.23	-0.02266808097
21.24	-0.02339423756
21.25	-0.0240928222
21.26	-0.02476330622
21.27	-0.02540519198
21.28	-0.02601801325
21.29	-0.02660133541
21.3	-0.02715475576
21.31	-0.02767790367
21.32	-0.02817044081
21.33	-0.02863206126
21.34	-0.02906249161
21.35	-0.02946149108
21.36	-0.02982885151
21.37	-0.03016439744
21.38	-0.030467986
21.39	-0.03073950694
21.4	-0.0309788825
21.41	-0.03118606729
21.42	-0.03136104817
21.43	-0.03150384404
21.44	-0.03161450566
21.45	-0.03169311538
21.46	-0.03173978688
21.47	-0.03175466488
21.48	-0.03173792479
21.49	-0.03168977238
21.5	-0.03161044337
21.51	-0.03150020303
21.52	-0.03135934571
21.53	-0.03118819444
21.54	-0.03098710036
21.55	-0.03075644226
21.56	-0.03049662602
21.57	-0.03020808402
21.58	-0.02989127461
21.59	-0.02954668142
21.6	-0.02917481283
21.61	-0.0287762012
21.62	-0.02835140231
21.63	-0.02790099458
21.64	-0.02742557842
21.65	-0.02692577546
21.66	-0.02640222784
21.67	-0.02585559744
21.68	-0.02528656508
21.69	-0.02469582975
21.7	-0.02408410783
21.71	-0.02345213224
21.72	-0.02280065162
21.73	-0.0221304295
21.74	-0.02144224346
21.75	-0.02073688425
21.76	-0.02001515495
21.77	-0.01927787009
21.78	-0.01852585477
21.79	-0.01775994379
21.8	-0.01698098074
21.81	-0.01618981712
21.82	-0.01538731146
21.83	-0.01457432842
21.84	-0.01375173788
21.85	-0.01292041406
21.86	-0.01208123462
21.87	-0.01123507977
21.88	-0.01038283138
21.89	-0.009525372095
21.9	-0.00866358446
21.91	-0.007798350031
21.92	-0.006930548514
21.93	-0.006061056902
21.94	-0.005190748621
21.95	-0.00432049268
21.96	-0.003451152842
21.97	-0.002583586789
21.98	-0.001718645315
21.99	-0.0008571715148
22	-2.666226214e-16
22.01	0.000852043884
22.02	0.00169814482
22.03	0.002537498268
22.04	0.003369311202
22.05	0.004192802824
22.06	0.005007205273
22.07	0.005811764302
22.08	0.006605739952
22.09	0.007388407197
22.1	0.008159056579
22.11	0.008916994812
22.12	0.009661545382
22.13	0.01039204911
22.14	0.01110786472
22.15	0.01180836933
22.16	0.01249295902
22.17	0.01316104926
22.18	0.0138120754
22.19	0.01444549313
22.2	0.01506077885
22.21	0.01565743012
22.22	0.01623496601
22.23	0.01679292741
22.24	0.01733087744
22.25	0.01784840168
22.26	0.01834510845
22.27	0.01882062912
22.28	0.01927461828
22.29	0.01970675397
22.3	0.02011673784
22.31	0.02050429535
22.32	0.02086917584
22.33	0.02121115267
22.34	0.02153002332
22.35	0.0218256094
22.36	0.0220977567
22.37	0.02234633524
22.38	0.02257123918
22.39	0.02277238684
22.4	0.02294972061
22.41	0.02310320688
22.42	0.0232328359
22.43	0.02333862169
22.44	0.02342060183
22.45	0.02347883734
22.46	0.02351341244
22.47	0.02352443433
22.48	0.02351203297
22.49	0.02347636079
22.5	0.02341759242
22.51	0.02333592436
22.52	0.02323157469
22.53	0.02310478271
22.54	0.02295580855
22.55	0.02278493283
22.56	0.02259245622
22.57	0.02237869906
22.58	0.02214400087
22.59	0.02188871996
22.6	0.02161323293
22.61	0.02131793417
22.62	0.02100323541
22.63	0.02066956516
22.64	0.0203173682
22.65	0.01994710507
22.66	0.01955925145
22.67	0.01915429769
22.68	0.01873274815
22.69	0.01829512066
22.7	0.01784194591
22.71	0.01737376688
22.72	0.01689113816
22.73	0.01639462541
22.74	0.01588480464
22.75	0.01536226169
22.76	0.01482759147
22.77	0.01428139742
22.78	0.01372429077
22.79	0.01315688996
22.8	0.01257981993
22.81	0.01199371151
22.82	0.0113992007
22.83	0.01079692805
22.84	0.01018753799
22.85	0.009571678153
22.86	0.008949998732
22.87	0.008323151801
22.88	0.007691790666
22.89	0.007056569207
22.9	0.006418141225
22.91	0.005777159794
22.92	0.005134276619
22.93	0.00449014139
22.94	0.003845401157
22.95	0.0032006997
22.96	0.002556676908
22.97	0.001913968168
22.98	0.001273203764
22.99	0.0006350082764
23	1.283797968e-16
23.01	-0.0006312096341
23.02	-0.001258016624
23.03	-0.001879824952
23.04	-0.002496047129
23.05	-0.003106104728
23.06	-0.003709428901
23.07	-0.004305460889
23.08	-0.004893652517
23.09	-0.005473466674
23.1	-0.006044377777
23.11	-0.00660587223
23.12	-0.007157448859
23.13	-0.007698619333
23.14	-0.008228908577
23.15	-0.008747855159
23.16	-0.009255011674
23.17	-0.009749945095
23.18	-0.01023223712
23.19	-0.01070148452
23.2	-0.01115729939
23.21	-0.01159930952
23.22	-0.01202715863
23.23	-0.01244050661
23.24	-0.01283902979
23.25	-0.01322242117
23.26	-0.0135903906
23.27	-0.01394266498
23.28	-0.01427898842
23.29	-0.01459912241
23.3	-0.01490284593
23.31	-0.0151899556
23.32	-0.01546026571
23.33	-0.01571360838
23.34	-0.01594983357
23.35	-0.01616880912
23.36	-0.0163704208
23.37	-0.01655457231
23.38	-0.01672118525
23.39	-0.0168701991
23.4	-0.01700157119
23.41	-0.01711527661
23.42	-0.01721130815
23.43	-0.01728967619
23.44	-0.01735040858
23.45	-0.0173935505
23.46	-0.01741916437
23.47	-0.01742732959
23.48	-0.01741814243
23.49	-0.01739171583
23.5	-0.01734817915
23.51	-0.01728767796
23.52	-0.01721037383
23.53	-0.01711644402
23.54	-0.01700608125
23.55	-0.0168794934
23.56	-0.01673690322
23.57	-0.01657854802
23.58	-0.01640467932
23.59	-0.01621556257
23.6	-0.01601147676
23.61	-0.01579271406
23.62	-0.01555957949
23.63	-0.01531239048
23.64	-0.01505147656
23.65	-0.01477717888
23.66	-0.01448984986
23.67	-0.01418985273
23.68	-0.01387756115
23.69	-0.01355335873
23.7	-0.01321763862
23.71	-0.01287080307
23.72	-0.01251326292
23.73	-0.01214543722
23.74	-0.01176775271
23.75	-0.01138064337
23.76	-0.01098454993
23.77	-0.01057991942
23.78	-0.01016720467
23.79	-0.009746863809
23.8	-0.009319359821
23.81	-0.00888516002
23.82	-0.008444735578
23.83	-0.007998561026
23.84	-0.007547113765
23.85	-0.007090873578
23.86	-0.006630322136
23.87	-0.006165942508
23.88	-0.005698218675
23.89	-0.005227635044
23.9	-0.004754675962
23.91	-0.00427982524
23.92	-0.003803565669
23.93	-0.003326378555
23.94	-0.002848743243
23.95	-0.002371136657
23.96	-0.001894032837
23.97	-0.001417902493
23.98	-0.000943212547
23.99	-0.0004704257015
24	-4.388658818e-17
24.01	0.000467611598
24.02	0.0009319616369
24.03	0.001392608576
24.04	0.001849117193
24.05	0.002301058978
24.06	0.002748012518
24.07	0.003189563875
24.08	0.003625306951
24.09	0.004054843842
24.1	0.00447778519
24.11	0.004893750512
24.12	0.005302368528
24.13	0.005703277476
24.14	0.00609612541
24.15	0.006480570494
24.16	0.006856281281
24.17	0.007222936977
24.18	0.007580227699
24.19	0.007927854717
24.2	0.008265530682
24.21	0.008592979843
24.22	0.008909938256
24.23	0.009216153969
24.24	0.009511387205
24.25	0.009795410525
24.26	0.01006800898
24.27	0.01032898026
24.28	0.01057813479
24.29	0.01081529589
24.3	0.01104029981
24.31	0.01125299588
24.32	0.01145324654
24.33	0.0116409274
24.34	0.01181592732
24.35	0.0119781484
24.36	0.01212750601
24.37	0.0122639288
24.38	0.0123873587
24.39	0.01249775088
24.4	0.01259507372
24.41	0.01267930877
24.42	0.01275045068
24.43	0.01280850715
24.44	0.01285349881
24.45	0.01288545914
24.46	0.01290443435
24.47	0.01291048329
24.48	0.01290367728
24.49	0.01288409998
24.5	0.01285184721
24.51	0.01280702683
24.52	0.01274975852
24.53	0.0126801736
24.54	0.01259841485
24.55	0.01250463627
24.56	0.01239900286
24.57	0.01228169044
24.58	0.01215288535
24.59	0.01201278421
24.6	0.01186159372
24.61	0.01169953033
24.62	0.01152681999
24.63	0.01134369787
24.64	0.01115040808
24.65	0.01094720337
24.66	0.01073434479
24.67	0.01051210145
24.68	0.01028075016
24.69	0.0100405751
24.7	0.009791867528
24.71	0.009534925426
24.72	0.009270053171
24.73	0.008997561192
24.74	0.008717765626
24.75	0.008430987972
24.76	0.008137554736
24.77	0.007837797082
24.78	0.007532050471
24.79	0.007220654304
24.8	0.00690395156
24.81	0.006582288437
24.82	0.006256013985
24.83	0.005925479747
24.84	0.005591039391
24.85	0.005253048347
24.86	0.004911863447
24.87	0.004567842558
24.88	0.00422134422
24.89	0.003872727291
24.9	0.003522350586
24.91	0.003170572519
24.92	0.002817750751
24.93	0.002464241842
24.94	0.0021104009
24.95	0.001756581239
24.96	0.001403134037
24.97	0.001050408002
24.98	0.0006987490408
24.99	0.0003484999311
25	-5.432357969e-18
25.01	-0.000346415192
25.02	-0.0006904141616
25.03	-0.001031669807
25.04	-0.001369859709
25.05	-0.001704666418
25.06	-0.002035777744
25.07	-0.002362887035
25.08	-0.002685693445
25.09	-0.0030039022
25.1	-0.003317224857
25.11	-0.003625379547
25.12	-0.003928091218
25.13	-0.004225091872
25.14	-0.004516120779
25.15	-0.004800924702
25.16	-0.005079258099
25.17	-0.005350883319
25.18	-0.005615570797
25.19	-0.005873099226
25.2	-0.006123255733
25.21	-0.006365836038
25.22	-0.006600644605
25.23	-0.006827494785
25.24	-0.007046208945
25.25	-0.007256618596
25.26	-0.007458564501
25.27	-0.007651896778
25.28	-0.007836474996
25.29	-0.008012168255
25.3	-0.00817885526
25.31	-0.008336424383
25.32	-0.008484773719
25.33	-0.008623811125
25.34	-0.008753454256
25.35	-0.008873630586
25.36	-0.008984277424
25.37	-0.009085341914
25.38	-0.009176781032
25.39	-0.009258561568
25.4	-0.0093306601
25.41	-0.00939306296
25.42	-0.009445766187
25.43	-0.009488775478
25.44	-0.009522106117
25.45	-0.009545782909
25.46	-0.009559840095
25.47	-0.009564321262
25.48	-0.009559279246
25.49	-0.009544776019
25.5	-0.00952088258
25.51	-0.009487678826
25.52	-0.009445253418
25.53	-0.009393703645
25.54	-0.009333135273
25.55	-0.009263662389
25.56	-0.00918540724
25.57	-0.009098500061
25.58	-0.009003078898
25.59	-0.008899289426
25.6	-0.008787284757
25.61	-0.008667225243
25.62	-0.008539278275
25.63	-0.008403618074
25.64	-0.008260425477
25.65	-0.008109887719
25.66	-0.007952198208
25.67	-0.007787556294
25.68	-0.00761616704
25.69	-0.00743824098
25.7	-0.007253993879
25.71	-0.007063646489
25.72	-0.006867424296
25.73	-0.006665557273
25.74	-0.006458279619
25.75	-0.006245829508
25.76	-0.00602844882
25.77	-0.005806382889
25.78	-0.005579880228
25.79	-0.005349192274
25.8	-0.00511457311
25.81	-0.004876279208
25.82	-0.004634569149
25.83	-0.004389703363
25.84	-0.004141943853
25.85	-0.00389155393
25.86	-0.003638797939
25.87	-0.003383940996
25.88	-0.003127248714
25.89	-0.002868986941
25.9	-0.002609421494
25.91	-0.002348817892
25.92	-0.002087441098
25.93	-0.001825555257
25.94	-0.00156342344
25.95	-0.001301307388
25.96	-0.00103946726
25.97	-0.0007781613869
25.98	-0.0005176460211
25.99	-0.0002581750989
26	3.213424979e-17
26.01	0.0002566306862
26.02	0.0005114713907
26.03	0.0007642797911
26.04	0.001014817032
26.05	0.001262847942
26.06	0.001508141246
26.07	0.001750469769
26.08	0.001989610639
26.09	0.002225345483
26.1	0.002457460616
26.11	0.002685747225
26.12	0.002910001547
26.13	0.003130025043
26.14	0.00334562456
26.15	0.003556612496
26.16	0.003762806947
26.17	0.00396403186
26.18	0.004160117166
26.19	0.004350898918
26.2	0.004536219417
26.21	0.004715927327
26.22	0.004889877792
26.23	0.005057932538
26.24	0.005219959973
26.25	0.005375835277
26.26	0.005525440482
26.27	0.005668664556
26.28	0.005805403463
26.29	0.005935560231
26.3	0.006059045001
26.31	0.006175775079
26.32	0.00628567497
26.33	0.006388676413
26.34	0.006484718407
26.35	0.006573747222
26.36	0.006655716415
26.37	0.006730586831
26.38	0.006798326596
26.39	0.006858911107
26.4	0.006912323013
26.41	0.006958552188
26.42	0.0069975957
26.43	0.007029457766
26.44	0.007054149711
26.45	0.00707168991
26.46	0.007082103729
26.47	0.00708542346
26.48	0.007081688242
26.49	0.007070943987
26.5	0.007053243293
26.51	0.007028645346
26.52	0.006997215831
26.53	0.00695902682
26.54	0.006914156666
26.55	0.006862689888
26.56	0.006804717048
26.57	0.006740334626
26.58	0.00666964489
26.59	0.006592755758
26.6	0.006509780658
26.61	0.006420838383
26.62	0.006326052937
26.63	0.006225553389
26.64	0.006119473704
26.65	0.00600795259
26.66	0.005891133327
26.67	0.005769163597
26.68	0.005642195315
26.69	0.005510384448
26.7	0.005373890838
26.71	0.005232878023
26.72	0.005087513048
26.73	0.004937966279
26.74	0.004784411216
26.75	0.004627024303
26.76	0.004465984729
26.77	0.00430147424
26.78	0.004133676942
26.79	0.003962779102
26.8	0.003788968951
26.81	0.003612436486
26.82	0.003433373271
26.83	0.003251972235
26.84	0.003068427475
26.85	0.002882934058
26.86	0.002695687815
26.87	0.002506885147
26.88	0.002316722828
26.89	0.002125397801
26.9	0.001933106988
26.91	0.001740047091
26.92	0.0015464144
26.93	0.001352404597
26.94	0.001158212571
26.95	0.0009640322237
26.96	0.0007700562863
26.97	0.000576476134
26.98	0.0003834816043
26.99	0.0001912608174
27	4.164107759e-17
27.01	-0.0001901166883
27.02	-0.0003789073256
27.03	-0.0005661923949
27.04	-0.000751794948
27.05	-0.0009355407656
27.06	-0.001117258514
27.07	-0.001296779899
27.08	-0.001473939813
27.09	-0.001648576481
27.1	-0.001820531601
27.11	-0.00198965048
27.12	-0.002155782168
27.13	-0.002318779583
27.14	-0.002478499634
27.15	-0.002634803341
27.16	-0.002787555947
27.17	-0.002936627029
27.18	-0.003081890597
27.19	-0.003223225195
27.2	-0.003360513997
27.21	-0.003493644891
27.22	-0.003622510565
27.23	-0.003747008583
27.24	-0.003867041459
27.25	-0.003982516724
27.26	-0.004093346987
27.27	-0.00419944999
27.28	-0.004300748664
27.29	-0.004397171169
27.3	-0.004488650937
27.31	-0.004575126705
27.32	-0.004656542547
27.33	-0.004732847893
27.34	-0.004803997552
27.35	-0.00486995172
27.36	-0.004930675992
27.37	-0.00498614136
27.38	-0.005036324212
27.39	-0.005081206322
27.4	-0.005120774835
27.41	-0.005155022251
27.42	-0.005183946395
27.43	-0.005207550395
27.44	-0.005225842637
27.45	-0.005238836736
27.46	-0.005246551483
27.47	-0.0052490108
27.48	-0.005246243683
27.49	-0.005238284143
27.5	-0.005225171146
27.51	-0.005206948539
27.52	-0.005183664982
27.53	-0.005155373866
27.54	-0.005122133239
27.55	-0.005084005712
27.56	-0.005041058375
27.57	-0.004993362704
27.58	-0.00494099446
27.59	-0.00488403359
27.6	-0.004822564124
27.61	-0.004756674066
27.62	-0.004686455281
27.63	-0.004612003384
27.64	-0.004533417621
27.65	-0.004450800748
27.66	-0.004364258909
27.67	-0.004273901511
27.68	-0.004179841094
27.69	-0.004082193202
27.7	-0.003981076249
27.71	-0.003876611386
27.72	-0.003768922364
27.73	-0.003658135392
27.74	-0.003544379004
27.75	-0.003427783911
27.76	-0.00330848286
27.77	-0.003186610493
27.78	-0.003062303197
27.79	-0.002935698964
27.8	-0.002806937237
27.81	-0.00267615877
27.82	-0.002543505477
27.83	-0.002409120285
27.84	-0.002273146983
27.85	-0.002135730079
27.86	-0.00199701465
27.87	-0.001857146194
27.88	-0.001716270483
27.89	-0.001574533417
27.9	-0.001432080879
27.91	-0.00128905859
27.92	-0.001145611964
27.93	-0.001001885967
27.94	-0.000858024976
27.95	-0.0007141726366
27.96	-0.0005704717278
27.97	-0.0004270640239
27.98	-0.0002840901598
27.99	-0.0001416894984
28	-1.542145073e-17
28.01	0.0001408419067
28.02	0.0002807014508
28.03	0.0004194456426
28.04	0.0005569433957
28.05	0.0006930656454
28.06	0.0008276854647
28.07	0.0009606781777
28.08	0.00109192147
28.09	0.001221295495
28.1	0.001348682981
28.11	0.001473969329
28.12	0.00159704271
28.13	0.001717794165
28.14	0.001836117689
28.15	0.001951910323
28.16	0.002065072237
28.17	0.00217550681
28.18	0.002283120708
28.19	0.002387823954
28.2	0.00248953
28.21	0.002588155792
28.22	0.002683621831
28.23	0.002775852231
28.24	0.002864774773
28.25	0.002950320954
28.26	0.003032426031
28.27	0.003111029069
28.28	0.003186072973
28.29	0.003257504521
28.3	0.0033252744
28.31	0.003389337225
28.32	0.003449651564
28.33	0.003506179955
28.34	0.003558888918
28.35	0.003607748968
28.36	0.003652734615
28.37	0.003693824371
28.38	0.003731000742
28.39	0.003764250226
28.4	0.003793563302
28.41	0.003818934411
28.42	0.003840361945
28.43	0.003857848217
28.44	0.003871399444
28.45	0.003881025709
28.46	0.003886740935
28.47	0.003888562841
28.48	0.00388651291
28.49	0.003880616338
28.5	0.003870901991
28.51	0.003857402352
28.52	0.003840153468
28.53	0.003819194895
28.54	0.003794569632
28.55	0.003766324065
28.56	0.003734507896
28.57	0.003699174074
28.58	0.003660378724
28.59	0.003618181074
28.6	0.003572643374
28.61	0.003523830818
28.62	0.003471811463
28.63	0.003416656141
28.64	0.003358438376
28.65	0.003297234291
28.66	0.00323312252
28.67	0.003166184113
28.68	0.003096502442
28.69	0.003024163104
28.7	0.002949253823
28.71	0.002871864349
28.72	0.002792086359
28.73	0.002710013352
28.74	0.002625740547
28.75	0.002539364778
28.76	0.002450984386
28.77	0.002360699115
28.78	0.002268610006
28.79	0.002174819283
28.8	0.002079430249
28.81	0.001982547178
28.82	0.001884275202
28.83	0.001784720203
28.84	0.001683988703
28.85	0.001582187757
28.86	0.00147942484
28.87	0.001375807739
28.88	0.001271444446
28.89	0.001166443045
28.9	0.001060911609
28.91	0.0009549580911
28.92	0.0008486902169
28.93	0.0007422153797
28.94	0.000635640536
28.95	0.0005290721019
28.96	0.0004226158504
28.97	0.0003163768103
28.98	0.0002104591667
28.99	0.0001049661621
29	-4.124535653e-21
29.01	-0.0001043382508
29.02	-0.0002079487493
29.03	-0.0003107329746
29.04	-0.0004125938154
29.05	-0.0005134356582
29.06	-0.0006131644732
29.07	-0.0007116878983
29.08	-0.0008089153205
29.09	-0.0009047579559
29.1	-0.0009991289265
29.11	-0.001091943335
29.12	-0.001183118339
29.13	-0.001272573217
29.14	-0.001360229439
29.15	-0.001446010732
29.16	-0.00152984314
29.17	-0.001611655084
29.18	-0.001691377421
29.19	-0.001768943493
29.2	-0.001844289185
29.21	-0.001917352969
29.22	-0.00198807595
29.23	-0.002056401911
29.24	-0.00212227735
29.25	-0.002185651519
29.26	-0.002246476457
29.27	-0.00230470702
29.28	-0.002360300911
29.29	-0.002413218703
29.3	-0.002463423864
29.31	-0.002510882772
29.32	-0.002555564734
29.33	-0.002597441996
29.34	-0.002636489756
29.35	-0.002672686171
29.36	-0.002706012358
29.37	-0.002736452398
29.38	-0.002763993331
29.39	-0.002788625155
29.4	-0.002810340815
29.41	-0.002829136196
29.42	-0.002845010103
29.43	-0.002857964252
29.44	-0.002868003248
29.45	-0.00287513456
29.46	-0.002879368503
29.47	-0.002880718205
29.48	-0.002879199579
29.49	-0.002874831291
29.5	-0.002867634726
29.51	-0.002857633947
29.52	-0.00284485566
29.53	-0.002829329166
29.54	-0.002811086323
29.55	-0.002790161493
29.56	-0.002766591495
29.57	-0.002740415555
29.58	-0.002711675253
29.59	-0.002680414465
29.6	-0.002646679307
29.61	-0.002610518076
29.62	-0.00257198119
29.63	-0.002531121123
29.64	-0.002487992342
29.65	-0.00244265124
29.66	-0.002395156072
29.67	-0.002345566881
29.68	-0.002293945429
29.69	-0.00224035513
29.7	-0.00218486097
29.71	-0.002127529437
29.72	-0.002068428449
29.73	-0.00200762727
29.74	-0.00194519644
29.75	-0.001881207696
29.76	-0.001815733892
29.77	-0.001748848918
29.78	-0.001680627628
29.79	-0.001611145751
29.8	-0.001540479817
29.81	-0.001468707073
29.82	-0.001395905402
29.83	-0.001322153245
29.84	-0.001247529515
29.85	-0.001172113519
29.86	-0.001095984878
29.87	-0.001019223441
29.88	-0.0009419092118
29.89	-0.0008641222608
29.9	-0.0007859426504
29.91	-0.0007074503539
29.92	-0.0006287251764
29.93	-0.0005498466769
29.94	-0.0004708940909
29.95	-0.0003919462531
29.96	-0.0003130815223
29.97	-0.0002343777057
29.98	-0.0001559119854
29.99	-7.776084544e-05
30	-2.660559326e-17
