temps	angle
0	0
0.01	0.5010963626
0.02	0.9988750972
0.03	1.493038118
0.04	1.98329143
0.05	2.469345296
0.06	2.950914394
0.07	3.427717972
0.08	3.899480001
0.09	4.365929326
0.1	4.826799805
0.11	5.281830451
0.12	5.730765569
0.13	6.173354887
0.14	6.609353682
0.15	7.038522907
0.16	7.460629305
0.17	7.875445524
0.18	8.282750232
0.19	8.682328215
0.2	9.073970484
0.21	9.457474367
0.22	9.832643605
0.23	10.19928843
0.24	10.55722567
0.25	10.90627878
0.26	11.24627798
0.27	11.57706027
0.28	11.89846951
0.29	12.21035649
0.3	12.51257896
0.31	12.80500171
0.32	13.08749659
0.33	13.35994256
0.34	13.62222572
0.35	13.87423935
0.36	14.11588391
0.37	14.34706709
0.38	14.56770382
0.39	14.77771627
0.4	14.97703385
0.41	15.16559323
0.42	15.34333835
0.43	15.51022036
0.44	15.66619766
0.45	15.81123586
0.46	15.94530776
0.47	16.06839333
0.48	16.18047968
0.49	16.28156101
0.5	16.37163859
0.51	16.45072072
0.52	16.51882267
0.53	16.57596661
0.54	16.6221816
0.55	16.65750351
0.56	16.68197493
0.57	16.69564515
0.58	16.69857003
0.59	16.69081201
0.6	16.67243993
0.61	16.64352902
0.62	16.6041608
0.63	16.55442296
0.64	16.49440931
0.65	16.42421964
0.66	16.34395965
0.67	16.25374086
0.68	16.15368046
0.69	16.04390122
0.7	15.92453141
0.71	15.79570464
0.72	15.65755975
0.73	15.51024074
0.74	15.35389656
0.75	15.18868106
0.76	15.01475285
0.77	14.83227512
0.78	14.64141556
0.79	14.44234623
0.8	14.23524338
0.81	14.02028734
0.82	13.79766238
0.83	13.56755657
0.84	13.33016163
0.85	13.08567278
0.86	12.83428863
0.87	12.57621098
0.88	12.31164469
0.89	12.04079758
0.9	11.76388019
0.91	11.48110572
0.92	11.1926898
0.93	10.8988504
0.94	10.59980763
0.95	10.29578363
0.96	9.987002364
0.97	9.673689517
0.98	9.356072309
0.99	9.034379353
1	8.708840495
1.01	8.379686664
1.02	8.047149718
1.03	7.711462284
1.04	7.372857616
1.05	7.03156943
1.06	6.687831762
1.07	6.34187881
1.08	5.993944788
1.09	5.644263772
1.1	5.293069556
1.11	4.940595499
1.12	4.587074385
1.13	4.23273827
1.14	3.877818347
1.15	3.522544796
1.16	3.167146645
1.17	2.811851635
1.18	2.456886076
1.19	2.102474714
1.2	1.748840599
1.21	1.396204946
1.22	1.044787013
1.23	0.6948039664
1.24	0.3464707582
1.25	1.683373231e-15
1.26	-0.3443981576
1.27	-0.6865161452
1.28	-1.026149091
1.29	-1.363094937
1.3	-1.697154548
1.31	-2.028131826
1.32	-2.355833813
1.33	-2.680070798
1.34	-3.000656418
1.35	-3.317407757
1.36	-3.630145441
1.37	-3.938693735
1.38	-4.242880628
1.39	-4.542537926
1.4	-4.837501333
1.41	-5.127610534
1.42	-5.412709274
1.43	-5.692645433
1.44	-5.967271097
1.45	-6.23644263
1.46	-6.500020737
1.47	-6.757870532
1.48	-7.009861591
1.49	-7.255868015
1.5	-7.495768479
1.51	-7.729446285
1.52	-7.956789404
1.53	-8.177690528
1.54	-8.392047103
1.55	-8.599761368
1.56	-8.80074039
1.57	-8.994896093
1.58	-9.182145288
1.59	-9.362409693
1.6	-9.535615956
1.61	-9.701695671
1.62	-9.860585395
1.63	-10.01222665
1.64	-10.15656596
1.65	-10.29355479
1.66	-10.42314964
1.67	-10.54531195
1.68	-10.66000817
1.69	-10.76720969
1.7	-10.86689289
1.71	-10.95903907
1.72	-11.04363446
1.73	-11.12067021
1.74	-11.19014232
1.75	-11.25205168
1.76	-11.30640398
1.77	-11.35320972
1.78	-11.39248414
1.79	-11.42424721
1.8	-11.44852357
1.81	-11.46534252
1.82	-11.47473791
1.83	-11.47674816
1.84	-11.47141615
1.85	-11.45878921
1.86	-11.43891906
1.87	-11.4118617
1.88	-11.37767742
1.89	-11.33643068
1.9	-11.28819007
1.91	-11.23302824
1.92	-11.17102183
1.93	-11.10225139
1.94	-11.0268013
1.95	-10.94475971
1.96	-10.85621845
1.97	-10.76127295
1.98	-10.66002217
1.99	-10.55256849
2	-10.43901765
2.01	-10.31947866
2.02	-10.19406367
2.03	-10.06288794
2.04	-9.926069726
2.05	-9.783730155
2.06	-9.635993171
2.07	-9.482985423
2.08	-9.324836167
2.09	-9.16167717
2.1	-8.99364261
2.11	-8.820868977
2.12	-8.643494971
2.13	-8.461661402
2.14	-8.275511083
2.15	-8.085188734
2.16	-7.890840869
2.17	-7.692615701
2.18	-7.490663031
2.19	-7.285134144
2.2	-7.076181704
2.21	-6.863959652
2.22	-6.648623091
2.23	-6.43032819
2.24	-6.20923207
2.25	-5.985492703
2.26	-5.759268804
2.27	-5.530719726
2.28	-5.300005352
2.29	-5.067285993
2.3	-4.832722282
2.31	-4.596475068
2.32	-4.358705314
2.33	-4.11957399
2.34	-3.879241977
2.35	-3.637869958
2.36	-3.395618317
2.37	-3.152647046
2.38	-2.909115633
2.39	-2.665182975
2.4	-2.421007272
2.41	-2.176745934
2.42	-1.932555482
2.43	-1.688591459
2.44	-1.44500833
2.45	-1.201959394
2.46	-0.9595966903
2.47	-0.7180709125
2.48	-0.477531317
2.49	-0.2381256375
2.5	-2.313928747e-15
2.51	0.2367011614
2.52	0.4718351863
2.53	0.7052612687
2.54	0.9368405359
2.55	1.166436125
2.56	1.39391326
2.57	1.619139322
2.58	1.841983926
2.59	2.062318985
2.6	2.280018785
2.61	2.494960042
2.62	2.707021976
2.63	2.916086367
2.64	3.122037615
2.65	3.324762802
2.66	3.524151746
2.67	3.720097054
2.68	3.912494174
2.69	4.101241449
2.7	4.286240157
2.71	4.467394565
2.72	4.644611964
2.73	4.817802718
2.74	4.986880295
2.75	5.151761312
2.76	5.312365562
2.77	5.468616051
2.78	5.620439025
2.79	5.767764001
2.8	5.910523788
2.81	6.048654515
2.82	6.182095649
2.83	6.310790013
2.84	6.434683806
2.85	6.553726613
2.86	6.667871421
2.87	6.777074624
2.88	6.881296036
2.89	6.980498891
2.9	7.074649849
2.91	7.163718997
2.92	7.247679844
2.93	7.326509324
2.94	7.400187784
2.95	7.468698978
2.96	7.53203006
2.97	7.590171567
2.98	7.643117407
2.99	7.690864847
3	7.733414484
3.01	7.770770238
3.02	7.802939318
3.03	7.829932205
3.04	7.851762623
3.05	7.86844751
3.06	7.880006991
3.07	7.886464343
3.08	7.887845963
3.09	7.884181331
3.1	7.875502975
3.11	7.86184643
3.12	7.843250199
3.13	7.819755708
3.14	7.791407264
3.15	7.758252011
3.16	7.720339879
3.17	7.677723539
3.18	7.630458351
3.19	7.578602312
3.2	7.522216006
3.21	7.461362547
3.22	7.396107525
3.23	7.326518948
3.24	7.252667188
3.25	7.174624915
3.26	7.092467043
3.27	7.006270667
3.28	6.916114998
3.29	6.822081303
3.3	6.724252842
3.31	6.622714797
3.32	6.517554212
3.33	6.408859924
3.34	6.296722495
3.35	6.181234143
3.36	6.062488677
3.37	5.940581425
3.38	5.815609162
3.39	5.687670044
3.4	5.556863534
3.41	5.42329033
3.42	5.287052297
3.43	5.148252392
3.44	5.006994591
3.45	4.86338382
3.46	4.717525879
3.47	4.569527369
3.48	4.419495624
3.49	4.267538631
3.5	4.113764963
3.51	3.958283703
3.52	3.801204372
3.53	3.642636856
3.54	3.482691336
3.55	3.321478212
3.56	3.159108035
3.57	2.995691431
3.58	2.831339037
3.59	2.666161421
3.6	2.500269019
3.61	2.333772064
3.62	2.166780514
3.63	1.999403985
3.64	1.831751685
3.65	1.663932342
3.66	1.496054143
3.67	1.328224664
3.68	1.160550806
3.69	0.9931387331
3.7	0.8260938048
3.71	0.6595205172
3.72	0.4935224396
3.73	0.3282021544
3.74	0.1636611977
3.75	2.38550763e-15
3.76	-0.1626821705
3.77	-0.3242872649
3.78	-0.4847185088
3.79	-0.6438804562
3.8	-0.8016790432
3.81	-0.958021639
3.82	-1.112817097
3.83	-1.265975804
3.84	-1.417409728
3.85	-1.567032466
3.86	-1.714759288
3.87	-1.860507182
3.88	-2.004194896
3.89	-2.145742981
3.9	-2.285073828
3.91	-2.422111712
3.92	-2.556782821
3.93	-2.689015299
3.94	-2.818739277
3.95	-2.945886906
3.96	-3.070392388
3.97	-3.192192007
3.98	-3.311224155
3.99	-3.427429362
4	-3.540750317
4.01	-3.651131896
4.02	-3.758521182
4.03	-3.862867484
4.04	-3.96412236
4.05	-4.062239632
4.06	-4.157175399
4.07	-4.24888806
4.08	-4.337338317
4.09	-4.422489192
4.1	-4.504306037
4.11	-4.58275654
4.12	-4.657810731
4.13	-4.72944099
4.14	-4.797622049
4.15	-4.862330993
4.16	-4.923547263
4.17	-4.981252653
4.18	-5.03543131
4.19	-5.086069725
4.2	-5.133156734
4.21	-5.176683508
4.22	-5.216643542
4.23	-5.253032651
4.24	-5.285848954
4.25	-5.315092864
4.26	-5.340767073
4.27	-5.362876536
4.28	-5.381428458
4.29	-5.39643227
4.3	-5.407899615
4.31	-5.415844322
4.32	-5.420282391
4.33	-5.421231963
4.34	-5.418713301
4.35	-5.41274876
4.36	-5.403362763
4.37	-5.390581773
4.38	-5.374434261
4.39	-5.354950679
4.4	-5.332163429
4.41	-5.306106828
4.42	-5.276817074
4.43	-5.244332217
4.44	-5.208692117
4.45	-5.169938414
4.46	-5.128114484
4.47	-5.083265406
4.48	-5.035437924
4.49	-4.984680401
4.5	-4.931042783
4.51	-4.874576559
4.52	-4.815334714
4.53	-4.753371689
4.54	-4.688743339
4.55	-4.621506886
4.56	-4.551720877
4.57	-4.479445134
4.58	-4.404740715
4.59	-4.327669862
4.6	-4.248295956
4.61	-4.166683471
4.62	-4.082897923
4.63	-3.997005827
4.64	-3.909074643
4.65	-3.81917273
4.66	-3.7273693
4.67	-3.63373436
4.68	-3.538338674
4.69	-3.441253702
4.7	-3.342551558
4.71	-3.242304959
4.72	-3.14058717
4.73	-3.03747196
4.74	-2.933033548
4.75	-2.827346555
4.76	-2.720485951
4.77	-2.612527011
4.78	-2.503545258
4.79	-2.393616416
4.8	-2.282816365
4.81	-2.171221083
4.82	-2.058906603
4.83	-1.945948965
4.84	-1.83242416
4.85	-1.718408091
4.86	-1.603976519
4.87	-1.489205017
4.88	-1.374168923
4.89	-1.258943294
4.9	-1.143602859
4.91	-1.028221973
4.92	-0.9128745712
4.93	-0.7976341266
4.94	-0.6825736036
4.95	-0.5677654153
4.96	-0.4532813806
4.97	-0.3391926816
4.98	-0.225569822
4.99	-0.1124825865
5	-2.186045091e-15
5.01	0.1118097116
5.02	0.2228791604
5.03	0.3331418343
5.04	0.4425321344
5.05	0.5509854114
5.06	0.6584380013
5.07	0.76482726
5.08	0.8700915972
5.09	0.9741705098
5.1	1.077004613
5.11	1.178535674
5.12	1.278706639
5.13	1.377461664
5.14	1.474746146
5.15	1.570506744
5.16	1.664691412
5.17	1.757249421
5.18	1.848131386
5.19	1.937289285
5.2	2.024676487
5.21	2.11024777
5.22	2.193959342
5.23	2.275768861
5.24	2.355635454
5.25	2.433519732
5.26	2.509383808
5.27	2.583191312
5.28	2.654907407
5.29	2.724498798
5.3	2.791933747
5.31	2.857182082
5.32	2.92021521
5.33	2.981006124
5.34	3.039529407
5.35	3.095761248
5.36	3.149679437
5.37	3.201263378
5.38	3.250494087
5.39	3.297354198
5.4	3.341827961
5.41	3.383901247
5.42	3.423561543
5.43	3.460797953
5.44	3.495601193
5.45	3.52796359
5.46	3.557879075
5.47	3.585343178
5.48	3.610353022
5.49	3.632907315
5.5	3.653006341
5.51	3.67065195
5.52	3.685847547
5.53	3.698598084
5.54	3.708910043
5.55	3.716791426
5.56	3.722251738
5.57	3.725301975
5.58	3.725954606
5.59	3.724223556
5.6	3.720124191
5.61	3.713673296
5.62	3.704889059
5.63	3.693791047
5.64	3.68040019
5.65	3.664738758
5.66	3.646830335
5.67	3.626699801
5.68	3.604373307
5.69	3.579878249
5.7	3.553243244
5.71	3.524498105
5.72	3.493673815
5.73	3.460802499
5.74	3.425917398
5.75	3.389052838
5.76	3.350244208
5.77	3.309527922
5.78	3.2669414
5.79	3.222523028
5.8	3.176312135
5.81	3.128348959
5.82	3.078674616
5.83	3.027331069
5.84	2.974361098
5.85	2.919808264
5.86	2.863716878
5.87	2.806131969
5.88	2.747099252
5.89	2.686665092
5.9	2.624876471
5.91	2.561780958
5.92	2.497426668
5.93	2.431862235
5.94	2.365136775
5.95	2.29729985
5.96	2.228401437
5.97	2.158491891
5.98	2.087621913
5.99	2.015842512
6	1.943204974
6.01	1.869760827
6.02	1.795561805
6.03	1.720659815
6.04	1.645106901
6.05	1.568955213
6.06	1.492256972
6.07	1.415064435
6.08	1.33742986
6.09	1.259405479
6.1	1.181043458
6.11	1.102395865
6.12	1.023514642
6.13	0.9444515682
6.14	0.8652582289
6.15	0.7859859844
6.16	0.7066859382
6.17	0.6274089057
6.18	0.5482053836
6.19	0.4691255197
6.2	0.3902190828
6.21	0.3115354332
6.22	0.2331234935
6.23	0.1550317203
6.24	0.07730807576
6.25	1.878056693e-15
6.26	-0.07684561607
6.27	-0.1531824574
6.28	-0.228964811
6.29	-0.3041475915
6.3	-0.378686366
6.31	-0.452537379
6.32	-0.5256575759
6.33	-0.5980046263
6.34	-0.6695369471
6.35	-0.740213724
6.36	-0.8099949336
6.37	-0.8788413638
6.38	-0.946714634
6.39	-1.013577215
6.4	-1.079392447
6.41	-1.14412456
6.42	-1.207738687
6.43	-1.270200887
6.44	-1.331478156
6.45	-1.391538443
6.46	-1.450350668
6.47	-1.507884734
6.48	-1.564111539
6.49	-1.619002992
6.5	-1.672532021
6.51	-1.724672587
6.52	-1.775399694
6.53	-1.824689397
6.54	-1.872518814
6.55	-1.918866131
6.56	-1.963710613
6.57	-2.007032606
6.58	-2.048813549
6.59	-2.089035974
6.6	-2.127683515
6.61	-2.164740909
6.62	-2.200193998
6.63	-2.234029737
6.64	-2.266236188
6.65	-2.296802529
6.66	-2.325719048
6.67	-2.352977144
6.68	-2.378569329
6.69	-2.402489223
6.7	-2.424731551
6.71	-2.445292143
6.72	-2.464167927
6.73	-2.481356925
6.74	-2.496858249
6.75	-2.510672093
6.76	-2.522799731
6.77	-2.533243502
6.78	-2.54200681
6.79	-2.549094109
6.8	-2.554510898
6.81	-2.558263712
6.82	-2.560360108
6.83	-2.560808654
6.84	-2.559618922
6.85	-2.556801473
6.86	-2.552367842
6.87	-2.546330529
6.88	-2.538702985
6.89	-2.529499592
6.9	-2.518735658
6.91	-2.506427391
6.92	-2.492591891
6.93	-2.477247131
6.94	-2.46041194
6.95	-2.442105986
6.96	-2.422349761
6.97	-2.401164557
6.98	-2.378572454
6.99	-2.354596298
7	-2.329259681
7.01	-2.302586925
7.02	-2.274603059
7.03	-2.245333799
7.04	-2.214805528
7.05	-2.183045276
7.06	-2.1500807
7.07	-2.115940056
7.08	-2.080652187
7.09	-2.044246494
7.1	-2.006752916
7.11	-1.968201907
7.12	-1.928624417
7.13	-1.888051864
7.14	-1.846516113
7.15	-1.804049457
7.16	-1.760684587
7.17	-1.716454573
7.18	-1.671392842
7.19	-1.625533148
7.2	-1.578909557
7.21	-1.531556416
7.22	-1.483508335
7.23	-1.434800159
7.24	-1.385466946
7.25	-1.335543945
7.26	-1.285066571
7.27	-1.234070378
7.28	-1.182591043
7.29	-1.130664335
7.3	-1.078326097
7.31	-1.025612218
7.32	-0.9725586147
7.33	-0.9192012042
7.34	-0.8655758836
7.35	-0.8117185062
7.36	-0.757664859
7.37	-0.7034506402
7.38	-0.6491114371
7.39	-0.5946827041
7.4	-0.5401997404
7.41	-0.4856976688
7.42	-0.4312114143
7.43	-0.3767756827
7.44	-0.3224249401
7.45	-0.268193392
7.46	-0.2141149632
7.47	-0.1602232777
7.48	-0.1065516392
7.49	-0.05313301163
7.5	-1.548921876e-15
7.51	0.05281516805
7.52	0.1052806607
7.53	0.1573650598
7.54	0.2090373788
7.55	0.2602670794
7.56	0.3110240889
7.57	0.3612788162
7.58	0.4110021683
7.59	0.4601655655
7.6	0.5087409565
7.61	0.5567008338
7.62	0.6040182471
7.63	0.650666818
7.64	0.696620753
7.65	0.7418548565
7.66	0.7863445435
7.67	0.8300658513
7.68	0.8729954517
7.69	0.9151106612
7.7	0.9563894527
7.71	0.9968104646
7.72	1.036353011
7.73	1.074997092
7.74	1.112723399
7.75	1.149513327
7.76	1.185348979
7.77	1.220213175
7.78	1.25408946
7.79	1.286962105
7.8	1.318816119
7.81	1.349637251
7.82	1.379411992
7.83	1.408127586
7.84	1.435772028
7.85	1.462334069
7.86	1.487803218
7.87	1.512169746
7.88	1.535424687
7.89	1.557559835
7.9	1.578567754
7.91	1.598441767
7.92	1.617175964
7.93	1.634765199
7.94	1.651205085
7.95	1.666491999
7.96	1.680623074
7.97	1.693596197
7.98	1.705410011
7.99	1.716063905
8	1.725558012
8.01	1.733893208
8.02	1.7410711
8.03	1.747094027
8.04	1.751965052
8.05	1.755687953
8.06	1.758267222
8.07	1.759708052
8.08	1.760016333
8.09	1.759198643
8.1	1.75726224
8.11	1.754215053
8.12	1.750065673
8.13	1.744823343
8.14	1.738497951
8.15	1.731100014
8.16	1.722640674
8.17	1.713131683
8.18	1.702585394
8.19	1.691014748
8.2	1.678433262
8.21	1.66485502
8.22	1.650294656
8.23	1.634767346
8.24	1.618288791
8.25	1.600875206
8.26	1.582543307
8.27	1.563310296
8.28	1.543193847
8.29	1.522212094
8.3	1.500383614
8.31	1.477727413
8.32	1.454262915
8.33	1.430009941
8.34	1.404988699
8.35	1.379219764
8.36	1.352724069
8.37	1.325522885
8.38	1.297637804
8.39	1.269090728
8.4	1.23990385
8.41	1.21009964
8.42	1.179700826
8.43	1.148730381
8.44	1.117211505
8.45	1.085167611
8.46	1.052622305
8.47	1.019599374
8.48	0.9861227663
8.49	0.9522165782
8.5	0.917905035
8.51	0.8832124765
8.52	0.8481633402
8.53	0.812782145
8.54	0.7770934755
8.55	0.7411219654
8.56	0.7048922817
8.57	0.6684291088
8.58	0.6317571327
8.59	0.5949010248
8.6	0.5578854267
8.61	0.5207349345
8.62	0.4834740831
8.63	0.4461273315
8.64	0.4087190468
8.65	0.37127349
8.66	0.3338148005
8.67	0.2963669819
8.68	0.2589538873
8.69	0.2215992046
8.7	0.184326443
8.71	0.1471589186
8.72	0.110119741
8.73	0.07323179928
8.74	0.03651774925
8.75	1.241983632e-15
8.76	-0.03629929876
8.77	-0.07235826935
8.78	-0.1081553185
8.79	-0.1436691493
8.8	-0.1788787733
8.81	-0.2137635217
8.82	-0.2483030571
8.83	-0.2824773839
8.84	-0.3162668596
8.85	-0.3496522051
8.86	-0.3826145145
8.87	-0.4151352654
8.88	-0.4471963281
8.89	-0.4787799749
8.9	-0.5098688893
8.91	-0.5404461742
8.92	-0.5704953603
8.93	-0.6000004144
8.94	-0.6289457464
8.95	-0.6573162172
8.96	-0.6850971453
8.97	-0.7122743138
8.98	-0.738833976
8.99	-0.7647628623
9	-0.7900481852
9.01	-0.8146776447
9.02	-0.8386394332
9.03	-0.8619222404
9.04	-0.8845152571
9.05	-0.9064081796
9.06	-0.9275912126
9.07	-0.9480550733
9.08	-0.9677909932
9.09	-0.9867907217
9.1	-1.005046527
9.11	-1.022551201
9.12	-1.039298054
9.13	-1.055280925
9.14	-1.070494176
9.15	-1.084932693
9.16	-1.098591889
9.17	-1.111467702
9.18	-1.123556595
9.19	-1.134855552
9.2	-1.145362084
9.21	-1.15507422
9.22	-1.163990509
9.23	-1.172110017
9.24	-1.179432324
9.25	-1.185957522
9.26	-1.191686212
9.27	-1.1966195
9.28	-1.200758994
9.29	-1.204106797
9.3	-1.206665507
9.31	-1.208438211
9.32	-1.209428478
9.33	-1.209640356
9.34	-1.209078367
9.35	-1.207747498
9.36	-1.205653199
9.37	-1.202801374
9.38	-1.199198377
9.39	-1.194851003
9.4	-1.18976648
9.41	-1.183952466
9.42	-1.177417039
9.43	-1.170168687
9.44	-1.162216306
9.45	-1.153569186
9.46	-1.144237006
9.47	-1.134229824
9.48	-1.12355807
9.49	-1.112232536
9.5	-1.100264366
9.51	-1.087665048
9.52	-1.074446406
9.53	-1.060620586
9.54	-1.046200052
9.55	-1.031197572
9.56	-1.015626208
9.57	-0.9994993102
9.58	-0.9828305012
9.59	-0.9656336694
9.6	-0.947922957
9.61	-0.9297127501
9.62	-0.9110176675
9.63	-0.8918525502
9.64	-0.872232451
9.65	-0.852172623
9.66	-0.8316885088
9.67	-0.8107957298
9.68	-0.7895100749
9.69	-0.7678474896
9.7	-0.7458240645
9.71	-0.7234560247
9.72	-0.7007597182
9.73	-0.6777516049
9.74	-0.6544482453
9.75	-0.6308662895
9.76	-0.607022466
9.77	-0.5829335704
9.78	-0.5586164543
9.79	-0.5340880143
9.8	-0.5093651811
9.81	-0.4844649079
9.82	-0.4594041601
9.83	-0.4341999041
9.84	-0.4088690963
9.85	-0.3834286726
9.86	-0.3578955376
9.87	-0.3322865539
9.88	-0.3066185319
9.89	-0.2809082189
9.9	-0.2551722892
9.91	-0.2294273335
9.92	-0.2036898493
9.93	-0.1779762304
9.94	-0.1523027575
9.95	-0.1266855881
9.96	-0.101140747
9.97	-0.07568411736
9.98	-0.05033143051
9.99	-0.02509825754
10	-9.755451827e-16
10.01	0.02494811886
10.02	0.04973106276
10.03	0.07433399084
10.04	0.09874226602
10.05	0.1229414631
10.06	0.1469173767
10.07	0.170656029
10.08	0.1941436774
10.09	0.2173668219
10.1	0.2403122119
10.11	0.2629668537
10.12	0.2853180172
10.13	0.3073532418
10.14	0.3290603437
10.15	0.3504274212
10.16	0.3714428613
10.17	0.3920953447
10.18	0.4123738521
10.19	0.4322676684
10.2	0.4517663888
10.21	0.4708599229
10.22	0.4895384994
10.23	0.5077926705
10.24	0.5256133161
10.25	0.5429916474
10.26	0.5599192109
10.27	0.5763878912
10.28	0.592389915
10.29	0.6079178532
10.3	0.622964624
10.31	0.6375234956
10.32	0.6515880876
10.33	0.6651523737
10.34	0.6782106834
10.35	0.690757703
10.36	0.7027884772
10.37	0.7142984102
10.38	0.7252832662
10.39	0.7357391702
10.4	0.7456626082
10.41	0.7550504272
10.42	0.7638998355
10.43	0.7722084015
10.44	0.779974054
10.45	0.7871950808
10.46	0.7938701277
10.47	0.7999981974
10.48	0.805578648
10.49	0.810611191
10.5	0.8150958899
10.51	0.8190331573
10.52	0.8224237534
10.53	0.8252687828
10.54	0.8275696919
10.55	0.8293282661
10.56	0.8305466264
10.57	0.8312272263
10.58	0.8313728479
10.59	0.8309865986
10.6	0.8300719066
10.61	0.8286325174
10.62	0.826672489
10.63	0.8241961879
10.64	0.8212082839
10.65	0.8177137459
10.66	0.8137178366
10.67	0.8092261074
10.68	0.8042443932
10.69	0.7987788069
10.7	0.792835734
10.71	0.7864218266
10.72	0.7795439979
10.73	0.7722094159
10.74	0.7644254976
10.75	0.7561999026
10.76	0.7475405266
10.77	0.7384554953
10.78	0.7289531577
10.79	0.7190420793
10.8	0.7087310353
10.81	0.6980290041
10.82	0.68694516
10.83	0.6754888663
10.84	0.6636696682
10.85	0.6514972855
10.86	0.6389816055
10.87	0.6261326756
10.88	0.612960696
10.89	0.5994760122
10.9	0.5856891074
10.91	0.5716105954
10.92	0.5572512124
10.93	0.54262181
10.94	0.5277333473
10.95	0.5125968834
10.96	0.4972235695
10.97	0.4816246413
10.98	0.4658114117
10.99	0.4497952625
11	0.4335876371
11.01	0.4172000329
11.02	0.4006439932
11.03	0.3839311
11.04	0.3670729662
11.05	0.3500812279
11.06	0.3329675372
11.07	0.3157435539
11.08	0.2984209389
11.09	0.2810113463
11.1	0.2635264158
11.11	0.2459777659
11.12	0.228376986
11.13	0.2107356297
11.14	0.1930652072
11.15	0.1753771786
11.16	0.1576829466
11.17	0.1399938496
11.18	0.122321155
11.19	0.1046760524
11.2	0.08706964644
11.21	0.0695129511
11.22	0.05201688244
11.23	0.03459225258
11.24	0.01724976332
11.25	7.542919631e-16
11.26	-0.01714657462
11.27	-0.03417962626
11.28	-0.05108895495
11.29	-0.0678645008
11.3	-0.0844963495
11.31	-0.1009747379
11.32	-0.1172900591
11.33	-0.133432868
11.34	-0.1493938862
11.35	-0.1651640068
11.36	-0.1807342993
11.37	-0.1960960142
11.38	-0.2112405879
11.39	-0.2261596463
11.4	-0.2408450096
11.41	-0.2552886962
11.42	-0.2694829267
11.43	-0.2834201274
11.44	-0.2970929341
11.45	-0.3104941956
11.46	-0.3236169768
11.47	-0.3364545622
11.48	-0.3490004583
11.49	-0.3612483969
11.5	-0.3731923378
11.51	-0.3848264706
11.52	-0.3961452181
11.53	-0.4071432374
11.54	-0.4178154229
11.55	-0.4281569072
11.56	-0.4381630635
11.57	-0.4478295068
11.58	-0.4571520952
11.59	-0.4661269315
11.6	-0.4747503635
11.61	-0.4830189857
11.62	-0.4909296392
11.63	-0.4984794129
11.64	-0.5056656437
11.65	-0.5124859162
11.66	-0.5189380636
11.67	-0.525020167
11.68	-0.5307305554
11.69	-0.5360678051
11.7	-0.5410307394
11.71	-0.5456184275
11.72	-0.5498301841
11.73	-0.553665568
11.74	-0.5571243809
11.75	-0.5602066663
11.76	-0.562912708
11.77	-0.5652430284
11.78	-0.5671983865
11.79	-0.5687797767
11.8	-0.5699884259
11.81	-0.5708257919
11.82	-0.5712935609
11.83	-0.5713936451
11.84	-0.57112818
11.85	-0.570499522
11.86	-0.5695102453
11.87	-0.5681631388
11.88	-0.5664612035
11.89	-0.5644076492
11.9	-0.5620058907
11.91	-0.5592595451
11.92	-0.5561724278
11.93	-0.552748549
11.94	-0.5489921101
11.95	-0.5449074998
11.96	-0.54049929
11.97	-0.5357722321
11.98	-0.5307312525
11.99	-0.5253814489
12	-0.5197280857
12.01	-0.5137765894
12.02	-0.5075325448
12.03	-0.50100169
12.04	-0.4941899121
12.05	-0.4871032421
12.06	-0.4797478508
12.07	-0.4721300436
12.08	-0.4642562558
12.09	-0.4561330476
12.1	-0.4477670995
12.11	-0.4391652068
12.12	-0.4303342751
12.13	-0.4212813147
12.14	-0.4120134361
12.15	-0.4025378442
12.16	-0.3928618338
12.17	-0.3829927838
12.18	-0.3729381524
12.19	-0.3627054717
12.2	-0.3523023423
12.21	-0.3417364285
12.22	-0.3310154524
12.23	-0.3201471892
12.24	-0.3091394616
12.25	-0.2980001344
12.26	-0.2867371097
12.27	-0.2753583211
12.28	-0.2638717288
12.29	-0.2522853142
12.3	-0.2406070747
12.31	-0.2288450185
12.32	-0.2170071594
12.33	-0.2051015119
12.34	-0.1931360855
12.35	-0.1811188803
12.36	-0.1690578813
12.37	-0.156961054
12.38	-0.1448363389
12.39	-0.132691647
12.4	-0.1205348546
12.41	-0.1083737986
12.42	-0.09621627193
12.43	-0.08407001843
12.44	-0.07194272853
12.45	-0.05984203451
12.46	-0.04777550602
12.47	-0.03575064561
12.48	-0.02377488433
12.49	-0.01185557739
12.5	-5.760186437e-16
12.51	0.0117846569
12.52	0.02349129068
12.53	0.035112891
12.54	0.04664254381
12.55	0.05807343511
12.56	0.06939885476
12.57	0.08061220012
12.58	0.09170697964
12.59	0.1026768163
12.6	0.1135154511
12.61	0.1242167462
12.62	0.1347746882
12.63	0.1451833913
12.64	0.1554371002
12.65	0.1655301929
12.66	0.1754571839
12.67	0.1852127263
12.68	0.1947916149
12.69	0.2041887884
12.7	0.2133993317
12.71	0.2224184786
12.72	0.2312416134
12.73	0.2398642733
12.74	0.2482821502
12.75	0.2564910927
12.76	0.2644871074
12.77	0.2722663612
12.78	0.279825182
12.79	0.2871600606
12.8	0.2942676519
12.81	0.3011447759
12.82	0.3077884187
12.83	0.3141957338
12.84	0.3203640426
12.85	0.326290835
12.86	0.3319737703
12.87	0.3374106777
12.88	0.3425995562
12.89	0.3475385755
12.9	0.3522260757
12.91	0.3566605675
12.92	0.3608407319
12.93	0.3647654206
12.94	0.3684336551
12.95	0.3718446267
12.96	0.3749976955
12.97	0.3778923907
12.98	0.3805284089
12.99	0.3829056139
13	0.3850240357
13.01	0.3868838691
13.02	0.3884854733
13.03	0.38982937
13.04	0.3909162425
13.05	0.3917469341
13.06	0.3923224468
13.07	0.3926439394
13.08	0.3927127262
13.09	0.3925302749
13.1	0.392098205
13.11	0.3914182857
13.12	0.3904924339
13.13	0.389322712
13.14	0.3879113261
13.15	0.3862606233
13.16	0.3843730894
13.17	0.3822513468
13.18	0.3798981516
13.19	0.3773163914
13.2	0.3745090826
13.21	0.3714793672
13.22	0.368230511
13.23	0.3647658998
13.24	0.3610890371
13.25	0.3572035412
13.26	0.3531131416
13.27	0.3488216767
13.28	0.3443330902
13.29	0.3396514283
13.3	0.334780836
13.31	0.3297255544
13.32	0.3244899172
13.33	0.3190783472
13.34	0.3134953533
13.35	0.3077455269
13.36	0.3018335383
13.37	0.2957641335
13.38	0.289542131
13.39	0.2831724173
13.4	0.2766599447
13.41	0.2700097264
13.42	0.2632268342
13.43	0.2563163938
13.44	0.249283582
13.45	0.2421336228
13.46	0.2348717834
13.47	0.2275033715
13.48	0.2200337308
13.49	0.2124682376
13.5	0.2048122975
13.51	0.1970713413
13.52	0.1892508219
13.53	0.1813562102
13.54	0.1733929916
13.55	0.1653666628
13.56	0.1572827277
13.57	0.1491466941
13.58	0.1409640702
13.59	0.1327403609
13.6	0.1244810646
13.61	0.1161916693
13.62	0.1078776496
13.63	0.09954446292
13.64	0.09119754637
13.65	0.08284231327
13.66	0.0744841499
13.67	0.06612841214
13.68	0.05778042233
13.69	0.049445466
13.7	0.04112878874
13.71	0.03283559308
13.72	0.02457103544
13.73	0.0163402231
13.74	0.008148211237
13.75	1.583965948e-15
13.76	-0.008099468345
13.77	-0.01614531223
13.78	-0.02413271353
13.79	-0.0320569203
13.8	-0.03991324933
13.81	-0.04769708884
13.82	-0.05540390089
13.83	-0.0630292239
13.84	-0.07056867504
13.85	-0.07801795252
13.86	-0.0853728379
13.87	-0.09262919825
13.88	-0.0997829883
13.89	-0.1068302525
13.9	-0.1137671269
13.91	-0.1205898414
13.92	-0.1272947211
13.93	-0.1338781885
13.94	-0.1403367651
13.95	-0.1466670728
13.96	-0.1528658358
13.97	-0.1589298817
13.98	-0.1648561434
13.99	-0.1706416599
14	-0.1762835781
14.01	-0.1817791533
14.02	-0.187125751
14.03	-0.1923208475
14.04	-0.197362031
14.05	-0.2022470023
14.06	-0.2069735758
14.07	-0.2115396803
14.08	-0.2159433593
14.09	-0.2201827718
14.1	-0.2242561926
14.11	-0.2281620132
14.12	-0.2318987413
14.13	-0.2354650019
14.14	-0.2388595369
14.15	-0.2420812056
14.16	-0.2451289842
14.17	-0.2480019664
14.18	-0.2506993629
14.19	-0.2532205011
14.2	-0.2555648253
14.21	-0.2577318957
14.22	-0.2597213887
14.23	-0.2615330957
14.24	-0.2631669232
14.25	-0.2646228918
14.26	-0.2659011354
14.27	-0.2670019008
14.28	-0.2679255466
14.29	-0.2686725424
14.3	-0.2692434678
14.31	-0.2696390115
14.32	-0.26985997
14.33	-0.2699072464
14.34	-0.2697818496
14.35	-0.2694848926
14.36	-0.2690175913
14.37	-0.2683812633
14.38	-0.267577326
14.39	-0.2666072956
14.4	-0.2654727852
14.41	-0.2641755034
14.42	-0.2627172524
14.43	-0.2610999266
14.44	-0.2593255105
14.45	-0.2573960773
14.46	-0.2553137864
14.47	-0.2530808823
14.48	-0.2506996922
14.49	-0.2481726239
14.5	-0.2455021642
14.51	-0.2426908764
14.52	-0.2397413986
14.53	-0.2366564412
14.54	-0.2334387852
14.55	-0.2300912793
14.56	-0.2266168385
14.57	-0.2230184411
14.58	-0.2192991271
14.59	-0.2154619953
14.6	-0.2115102012
14.61	-0.2074469548
14.62	-0.203275518
14.63	-0.1989992024
14.64	-0.1946213665
14.65	-0.1901454138
14.66	-0.1855747902
14.67	-0.180912981
14.68	-0.1761635094
14.69	-0.1713299333
14.7	-0.166415843
14.71	-0.1614248587
14.72	-0.1563606281
14.73	-0.1512268241
14.74	-0.1460271418
14.75	-0.1407652962
14.76	-0.1354450201
14.77	-0.1300700609
14.78	-0.1246441789
14.79	-0.1191711442
14.8	-0.1136547344
14.81	-0.1080987325
14.82	-0.1025069238
14.83	-0.09688309414
14.84	-0.09123102693
14.85	-0.08555450112
14.86	-0.07985728861
14.87	-0.07414315199
14.88	-0.06841584213
14.89	-0.06267909587
14.9	-0.05693663374
14.91	-0.05119215766
14.92	-0.04544934869
14.93	-0.03971186479
14.94	-0.03398333867
14.95	-0.02826737555
14.96	-0.02256755109
14.97	-0.01688740923
14.98	-0.01123046015
14.99	-0.005600178225
15	-3.265103293e-16
15.01	0.005566677757
15.02	0.0110965
15.03	0.01658615528
15.04	0.02203237763
15.05	0.02743194835
15.06	0.03278169779
15.07	0.03807850708
15.08	0.04331930984
15.09	0.04850109377
15.1	0.05362090232
15.11	0.05867583619
15.12	0.06366305486
15.13	0.06857977806
15.14	0.07342328718
15.15	0.07819092661
15.16	0.08288010512
15.17	0.08748829706
15.18	0.09201304365
15.19	0.09645195408
15.2	0.1008027067
15.21	0.10506305
15.22	0.1092308038
15.23	0.1133038599
15.24	0.1172801834
15.25	0.1211578133
15.26	0.1249348632
15.27	0.1286095225
15.28	0.1321800566
15.29	0.1356448079
15.3	0.1390021963
15.31	0.1422507197
15.32	0.1453889543
15.33	0.1484155557
15.34	0.1513292584
15.35	0.1541288769
15.36	0.1568133055
15.37	0.1593815187
15.38	0.1618325713
15.39	0.1641655989
15.4	0.1663798172
15.41	0.1684745227
15.42	0.1704490926
15.43	0.1723029843
15.44	0.1740357356
15.45	0.1756469644
15.46	0.1771363687
15.47	0.1785037259
15.48	0.1797488927
15.49	0.1808718049
15.5	0.1818724764
15.51	0.1827509996
15.52	0.1835075438
15.53	0.1841423557
15.54	0.1846557579
15.55	0.1850481488
15.56	0.1853200018
15.57	0.1854718641
15.58	0.1855043567
15.59	0.1854181728
15.6	0.1852140775
15.61	0.1848929063
15.62	0.1844555649
15.63	0.1839030274
15.64	0.1832363359
15.65	0.1824565991
15.66	0.1815649912
15.67	0.1805627509
15.68	0.1794511803
15.69	0.1782316431
15.7	0.1769055643
15.71	0.1754744281
15.72	0.1739397771
15.73	0.1723032106
15.74	0.1705663837
15.75	0.1687310054
15.76	0.1667988374
15.77	0.1647716929
15.78	0.1626514348
15.79	0.1604399743
15.8	0.1581392694
15.81	0.1557513235
15.82	0.1532781836
15.83	0.1507219389
15.84	0.1480847194
15.85	0.1453686936
15.86	0.142576068
15.87	0.1397090842
15.88	0.1367700183
15.89	0.1337611786
15.9	0.1306849043
15.91	0.1275435637
15.92	0.1243395523
15.93	0.1210752914
15.94	0.1177532263
15.95	0.1143758247
15.96	0.1109455747
15.97	0.1074649834
15.98	0.1039365749
15.99	0.100362889
16	0.09674647891
16.01	0.09308991015
16.02	0.08939575836
16.03	0.08566660782
16.04	0.08190504973
16.05	0.07811368046
16.06	0.07429509989
16.07	0.07045190975
16.08	0.0665867119
16.09	0.06270210671
16.1	0.05880069137
16.11	0.0548850583
16.12	0.05095779346
16.13	0.04702147479
16.14	0.0430786706
16.15	0.03913193794
16.16	0.03518382112
16.17	0.03123685008
16.18	0.02729353891
16.19	0.02335638432
16.2	0.01942786416
16.21	0.01551043591
16.22	0.01160653531
16.23	0.007718574858
16.24	0.003848942453
16.25	-2.993984373e-16
16.26	-0.003825917941
16.27	-0.00762650548
16.28	-0.0113994867
16.29	-0.01514261693
16.3	-0.018853684
16.31	-0.02253050943
16.32	-0.02617094967
16.33	-0.02977289722
16.34	-0.03333428176
16.35	-0.03685307128
16.36	-0.04032727314
16.37	-0.04375493506
16.38	-0.04713414621
16.39	-0.05046303809
16.4	-0.05373978556
16.41	-0.05696260767
16.42	-0.06012976859
16.43	-0.06323957841
16.44	-0.06629039396
16.45	-0.06928061958
16.46	-0.07220870787
16.47	-0.07507316034
16.48	-0.07787252815
16.49	-0.08060541266
16.5	-0.08327046609
16.51	-0.08586639202
16.52	-0.08839194595
16.53	-0.09084593577
16.54	-0.09322722222
16.55	-0.09553471926
16.56	-0.09776739452
16.57	-0.09992426956
16.58	-0.1020044202
16.59	-0.1040069769
16.6	-0.1059311246
16.61	-0.1077761036
16.62	-0.109541209
16.63	-0.1112257912
16.64	-0.112829256
16.65	-0.1143510646
16.66	-0.1157907332
16.67	-0.1171478339
16.68	-0.1184219938
16.69	-0.1196128952
16.7	-0.1207202755
16.71	-0.1217439271
16.72	-0.122683697
16.73	-0.1235394869
16.74	-0.1243112523
16.75	-0.1249990032
16.76	-0.1256028027
16.77	-0.1261227674
16.78	-0.1265590668
16.79	-0.1269119227
16.8	-0.1271816087
16.81	-0.1273684504
16.82	-0.1274728237
16.83	-0.1274951555
16.84	-0.1274359223
16.85	-0.1272956497
16.86	-0.1270749122
16.87	-0.1267743321
16.88	-0.1263945791
16.89	-0.1259363691
16.9	-0.1254004644
16.91	-0.1247876719
16.92	-0.1240988429
16.93	-0.1233348723
16.94	-0.1224966975
16.95	-0.1215852977
16.96	-0.1206016931
16.97	-0.1195469439
16.98	-0.1184221494
16.99	-0.1172284468
17	-0.115967011
17.01	-0.1146390527
17.02	-0.113245818
17.03	-0.1117885873
17.04	-0.1102686742
17.05	-0.1086874244
17.06	-0.1070462148
17.07	-0.1053464522
17.08	-0.1035895727
17.09	-0.10177704
17.1	-0.09991034462
17.11	-0.09799100293
17.12	-0.09602055571
17.13	-0.09400056722
17.14	-0.09193262398
17.15	-0.08981833365
17.16	-0.0876593239
17.17	-0.08545724119
17.18	-0.08321374968
17.19	-0.08093052998
17.2	-0.07860927806
17.21	-0.07625170401
17.22	-0.0738595309
17.23	-0.0714344936
17.24	-0.06897833757
17.25	-0.06649281772
17.26	-0.06397969721
17.27	-0.06144074629
17.28	-0.05887774111
17.29	-0.05629246256
17.3	-0.0536866951
17.31	-0.05106222562
17.32	-0.04842084224
17.33	-0.0457643332
17.34	-0.0430944857
17.35	-0.04041308476
17.36	-0.03772191213
17.37	-0.03502274512
17.38	-0.0323173555
17.39	-0.02960750845
17.4	-0.02689496141
17.41	-0.02418146304
17.42	-0.02146875216
17.43	-0.01875855668
17.44	-0.01605259254
17.45	-0.01335256274
17.46	-0.01066015631
17.47	-0.007977047281
17.48	-0.005304893747
17.49	-0.002645336883
17.5	-1.799379851e-16
17.51	0.002629512382
17.52	0.005241615451
17.53	0.007834744993
17.54	0.01040735827
17.55	0.01295793488
17.56	0.01548497758
17.57	0.01798701312
17.58	0.02046259305
17.59	0.02291029447
17.6	0.02532872078
17.61	0.02771650247
17.62	0.03007229776
17.63	0.03239479335
17.64	0.03468270506
17.65	0.03693477846
17.66	0.03914978955
17.67	0.04132654529
17.68	0.04346388424
17.69	0.04556067706
17.7	0.04761582707
17.71	0.04962827075
17.72	0.05159697823
17.73	0.05352095371
17.74	0.05539923594
17.75	0.05723089858
17.76	0.05901505064
17.77	0.06075083678
17.78	0.06243743768
17.79	0.06407407032
17.8	0.0656599883
17.81	0.06719448207
17.82	0.06867687916
17.83	0.07010654441
17.84	0.07148288012
17.85	0.07280532626
17.86	0.07407336053
17.87	0.07528649854
17.88	0.07644429385
17.89	0.07754633802
17.9	0.07859226068
17.91	0.07958172954
17.92	0.0805144503
17.93	0.08139016672
17.94	0.08220866047
17.95	0.0829697511
17.96	0.08367329586
17.97	0.08431918966
17.98	0.08490736482
17.99	0.08543779096
18	0.08591047474
18.01	0.08632545967
18.02	0.08668282587
18.03	0.08698268976
18.04	0.0872252038
18.05	0.08741055615
18.06	0.08753897039
18.07	0.08761070509
18.08	0.08762605349
18.09	0.08758534311
18.1	0.08748893529
18.11	0.08733722478
18.12	0.08713063931
18.13	0.08686963909
18.14	0.08655471633
18.15	0.08618639473
18.16	0.08576522899
18.17	0.08529180422
18.18	0.0847667354
18.19	0.08419066685
18.2	0.08356427157
18.21	0.0828882507
18.22	0.08216333289
18.23	0.08139027364
18.24	0.08056985468
18.25	0.07970288334
18.26	0.07879019183
18.27	0.07783263658
18.28	0.07683109757
18.29	0.07578647758
18.3	0.07469970154
18.31	0.07357171576
18.32	0.07240348718
18.33	0.07119600271
18.34	0.06995026839
18.35	0.0686673087
18.36	0.06734816573
18.37	0.06599389848
18.38	0.06460558205
18.39	0.06318430683
18.4	0.06173117776
18.41	0.0602473135
18.42	0.05873384567
18.43	0.057191918
18.44	0.05562268558
18.45	0.05402731402
18.46	0.05240697866
18.47	0.05076286373
18.48	0.04909616159
18.49	0.04740807188
18.5	0.04569980073
18.51	0.04397255995
18.52	0.0422275662
18.53	0.04046604022
18.54	0.03868920599
18.55	0.03689828996
18.56	0.03509452022
18.57	0.03327912574
18.58	0.03145333556
18.59	0.02961837799
18.6	0.02777547988
18.61	0.02592586578
18.62	0.02407075723
18.63	0.02221137195
18.64	0.02034892313
18.65	0.01848461863
18.66	0.0166196603
18.67	0.01475524319
18.68	0.01289255489
18.69	0.01103277475
18.7	0.009177073218
18.71	0.007326611142
18.72	0.005482539073
18.73	0.003645996598
18.74	0.001818111678
18.75	3.887647037e-16
18.76	-0.001807235669
18.77	-0.003602506103
18.78	-0.005384736236
18.79	-0.007152865759
18.8	-0.008905849716
18.81	-0.01064265907
18.82	-0.01236228128
18.83	-0.01406372082
18.84	-0.01574599976
18.85	-0.01740815824
18.86	-0.01904925499
18.87	-0.02066836784
18.88	-0.02226459416
18.89	-0.02383705134
18.9	-0.02538487725
18.91	-0.02690723062
18.92	-0.02840329151
18.93	-0.02987226165
18.94	-0.03131336487
18.95	-0.03272584744
18.96	-0.03410897841
18.97	-0.03546204996
18.98	-0.03678437768
18.99	-0.03807530091
19	-0.03933418301
19.01	-0.04056041159
19.02	-0.0417533988
19.03	-0.04291258151
19.04	-0.04403742158
19.05	-0.04512740601
19.06	-0.04618204712
19.07	-0.04720088275
19.08	-0.04818347634
19.09	-0.04912941713
19.1	-0.05003832018
19.11	-0.05090982654
19.12	-0.05174360329
19.13	-0.05253934358
19.14	-0.05329676673
19.15	-0.05401561816
19.16	-0.0546956695
19.17	-0.05533671848
19.18	-0.05593858899
19.19	-0.05650113097
19.2	-0.05702422039
19.21	-0.05750775917
19.22	-0.05795167505
19.23	-0.05835592153
19.24	-0.05872047773
19.25	-0.05904534822
19.26	-0.05933056292
19.27	-0.05957617688
19.28	-0.05978227011
19.29	-0.05994894741
19.3	-0.0600763381
19.31	-0.06016459582
19.32	-0.06021389831
19.33	-0.06022444711
19.34	-0.0601964673
19.35	-0.06013020724
19.36	-0.06002593823
19.37	-0.05988395425
19.38	-0.0597045716
19.39	-0.05948812856
19.4	-0.05923498508
19.41	-0.05894552238
19.42	-0.05862014261
19.43	-0.05825926844
19.44	-0.0578633427
19.45	-0.05743282794
19.46	-0.05696820605
19.47	-0.0564699778
19.48	-0.05593866247
19.49	-0.05537479732
19.5	-0.05477893721
19.51	-0.05415165412
19.52	-0.05349353666
19.53	-0.05280518964
19.54	-0.05208723352
19.55	-0.051340304
19.56	-0.05056505146
19.57	-0.04976214049
19.58	-0.04893224936
19.59	-0.04807606952
19.6	-0.04719430507
19.61	-0.04628767225
19.62	-0.04535689889
19.63	-0.04440272389
19.64	-0.04342589667
19.65	-0.04242717664
19.66	-0.04140733265
19.67	-0.04036714243
19.68	-0.03930739208
19.69	-0.03822887546
19.7	-0.03713239369
19.71	-0.03601875456
19.72	-0.034888772
19.73	-0.03374326549
19.74	-0.03258305953
19.75	-0.03140898309
19.76	-0.03022186902
19.77	-0.02902255352
19.78	-0.0278118756
19.79	-0.02659067648
19.8	-0.02535979909
19.81	-0.02412008749
19.82	-0.02287238633
19.83	-0.02161754031
19.84	-0.02035639365
19.85	-0.01908978954
19.86	-0.0178185696
19.87	-0.01654357338
19.88	-0.01526563781
19.89	-0.0139855967
19.9	-0.01270428021
19.91	-0.01142251434
19.92	-0.01014112045
19.93	-0.008860914751
19.94	-0.0075827078
19.95	-0.006307304034
19.96	-0.005035501288
19.97	-0.003768090325
19.98	-0.002505854372
19.99	-0.001249568664
20	-9.713906941e-17
20.01	0.001242093699
20.02	0.002475963822
20.03	0.003700871484
20.04	0.004916087949
20.05	0.006120895028
20.06	0.007314585477
20.07	0.008496463383
20.08	0.009665844541
20.09	0.01082205682
20.1	0.01196444052
20.11	0.01309234873
20.12	0.01420514763
20.13	0.01530221686
20.14	0.01638294983
20.15	0.01744675398
20.16	0.01849305113
20.17	0.01952127774
20.18	0.02053088517
20.19	0.02152133996
20.2	0.02249212409
20.21	0.02344273517
20.22	0.02437268674
20.23	0.0252815084
20.24	0.0261687461
20.25	0.02703396227
20.26	0.02787673603
20.27	0.02869666335
20.28	0.0294933572
20.29	0.03026644772
20.3	0.03101558233
20.31	0.03174042586
20.32	0.03244066066
20.33	0.03311598671
20.34	0.03376612166
20.35	0.03439080099
20.36	0.03498977796
20.37	0.03556282378
20.38	0.03610972756
20.39	0.03663029637
20.4	0.03712435525
20.41	0.03759174724
20.42	0.03803233333
20.43	0.03844599248
20.44	0.03883262155
20.45	0.03919213531
20.46	0.03952446632
20.47	0.03982956495
20.48	0.04010739922
20.49	0.04035795479
20.5	0.0405812348
20.51	0.0407772598
20.52	0.04094606764
20.53	0.04108771331
20.54	0.04120226883
20.55	0.04128982308
20.56	0.04135048167
20.57	0.04138436674
20.58	0.04139161682
20.59	0.0413723866
20.6	0.04132684676
20.61	0.04125518379
20.62	0.04115759973
20.63	0.04103431195
20.64	0.04088555297
20.65	0.04071157017
20.66	0.04051262556
20.67	0.04028899554
20.68	0.04004097059
20.69	0.03976885507
20.7	0.03947296689
20.71	0.03915363725
20.72	0.03881121032
20.73	0.03844604298
20.74	0.03805850451
20.75	0.03764897625
20.76	0.03721785131
20.77	0.03676553423
20.78	0.0362924407
20.79	0.03579899716
20.8	0.03528564051
20.81	0.03475281775
20.82	0.03420098565
20.83	0.03363061037
20.84	0.03304216714
20.85	0.03243613989
20.86	0.03181302088
20.87	0.03117331033
20.88	0.03051751608
20.89	0.0298461532
20.9	0.02915974363
20.91	0.02845881579
20.92	0.02774390421
20.93	0.02701554915
20.94	0.02627429624
20.95	0.02552069608
20.96	0.02475530385
20.97	0.02397867895
20.98	0.0231913846
20.99	0.02239398749
21	0.02158705733
21.01	0.02077116656
21.02	0.01994688988
21.03	0.01911480392
21.04	0.01827548686
21.05	0.01742951803
21.06	0.01657747754
21.07	0.0157199459
21.08	0.01485750369
21.09	0.01399073111
21.1	0.01312020768
21.11	0.01224651185
21.12	0.01137022062
21.13	0.0104919092
21.14	0.009612150669
21.15	0.00873151558
21.16	0.007850571641
21.17	0.006969883361
21.18	0.006090011709
21.19	0.005211513775
21.2	0.00433494244
21.21	0.003460846049
21.22	0.002589768082
21.23	0.001722246844
21.24	0.000858815146
21.25	-5.011416102e-17
21.26	-0.0008536776829
21.27	-0.001701703389
21.28	-0.002543569293
21.29	-0.003378774541
21.3	-0.004206825529
21.31	-0.005027236177
21.32	-0.005839528191
21.33	-0.006643231324
21.34	-0.007437883627
21.35	-0.008223031698
21.36	-0.008998230914
21.37	-0.009763045668
21.38	-0.01051704959
21.39	-0.01125982577
21.4	-0.01199096696
21.41	-0.01271007577
21.42	-0.0134167649
21.43	-0.01411065726
21.44	-0.01479138622
21.45	-0.01545859574
21.46	-0.01611194055
21.47	-0.01675108629
21.48	-0.01737570968
21.49	-0.01798549864
21.5	-0.01858015243
21.51	-0.0191593818
21.52	-0.01972290906
21.53	-0.0202704682
21.54	-0.02080180502
21.55	-0.02131667721
21.56	-0.0218148544
21.57	-0.02229611827
21.58	-0.02276026262
21.59	-0.02320709341
21.6	-0.02363642881
21.61	-0.02404809926
21.62	-0.02444194751
21.63	-0.02481782861
21.64	-0.02517560997
21.65	-0.02551517135
21.66	-0.02583640485
21.67	-0.02613921495
21.68	-0.02642351844
21.69	-0.02668924446
21.7	-0.02693633441
21.71	-0.02716474195
21.72	-0.02737443297
21.73	-0.02756538549
21.74	-0.02773758964
21.75	-0.0278910476
21.76	-0.02802577348
21.77	-0.0281417933
21.78	-0.02823914485
21.79	-0.02831787763
21.8	-0.02837805273
21.81	-0.02841974273
21.82	-0.02844303157
21.83	-0.02844801447
21.84	-0.02843479775
21.85	-0.02840349871
21.86	-0.02835424552
21.87	-0.02828717703
21.88	-0.02820244267
21.89	-0.02810020222
21.9	-0.0279806257
21.91	-0.02784389321
21.92	-0.02769019469
21.93	-0.0275197298
21.94	-0.02733270772
21.95	-0.02712934695
21.96	-0.02690987511
21.97	-0.02667452875
21.98	-0.02642355315
21.99	-0.02615720212
22	-0.02587573773
22.01	-0.02557943018
22.02	-0.02526855751
22.03	-0.02494340539
22.04	-0.02460426694
22.05	-0.02425144242
22.06	-0.02388523905
22.07	-0.02350597076
22.08	-0.02311395795
22.09	-0.02270952723
22.1	-0.02229301119
22.11	-0.02186474818
22.12	-0.02142508197
22.13	-0.02097436162
22.14	-0.02051294111
22.15	-0.02004117917
22.16	-0.01955943898
22.17	-0.01906808791
22.18	-0.01856749729
22.19	-0.01805804212
22.2	-0.0175401008
22.21	-0.01701405493
22.22	-0.01648028896
22.23	-0.01593919
22.24	-0.01539114751
22.25	-0.01483655307
22.26	-0.01427580008
22.27	-0.01370928356
22.28	-0.0131373998
22.29	-0.01256054619
22.3	-0.01197912088
22.31	-0.01139352258
22.32	-0.01080415028
22.33	-0.010211403
22.34	-0.009615679495
22.35	-0.009017378076
22.36	-0.008416896295
22.37	-0.007814630727
22.38	-0.007210976708
22.39	-0.006606328101
22.4	-0.006001077046
22.41	-0.005395613721
22.42	-0.004790326109
22.43	-0.004185599755
22.44	-0.003581817544
22.45	-0.002979359463
22.46	-0.002378602385
22.47	-0.001779919837
22.48	-0.001183681791
22.49	-0.0005902544423
22.5	-5.162090327e-17
22.51	0.000586723519
22.52	0.001169562495
22.53	0.001748167905
22.54	0.002322195517
22.55	0.002891306084
22.56	0.003455165527
22.57	0.004013445119
22.58	0.004565821665
22.59	0.005111977674
22.6	0.005651601525
22.61	0.006184387635
22.62	0.006710036616
22.63	0.007228255429
22.64	0.007738757533
22.65	0.008241263033
22.66	0.008735498811
22.67	0.009221198669
22.68	0.00969810345
22.69	0.01016596117
22.7	0.01062452712
22.71	0.011073564
22.72	0.01151284202
22.73	0.01194213897
22.74	0.01236124039
22.75	0.01276993957
22.76	0.0131680377
22.77	0.01355534394
22.78	0.01393167547
22.79	0.01429685757
22.8	0.01465072371
22.81	0.01499311555
22.82	0.01532388305
22.83	0.01564288448
22.84	0.01594998649
22.85	0.01624506411
22.86	0.0165280008
22.87	0.01679868848
22.88	0.01705702753
22.89	0.01730292682
22.9	0.01753630371
22.91	0.01775708406
22.92	0.01796520219
22.93	0.01816060094
22.94	0.01834323158
22.95	0.01851305385
22.96	0.01867003591
22.97	0.01881415429
22.98	0.01894539391
22.99	0.01906374798
23	0.01916921799
23.01	0.01926181364
23.02	0.01934155282
23.03	0.0194084615
23.04	0.01946257369
23.05	0.01950393139
23.06	0.01953258448
23.07	0.01954859066
23.08	0.01955201535
23.09	0.01954293164
23.1	0.01952142014
23.11	0.01948756895
23.12	0.0194414735
23.13	0.01938323648
23.14	0.01931296772
23.15	0.01923078406
23.16	0.01913680928
23.17	0.01903117393
23.18	0.01891401525
23.19	0.01878547698
23.2	0.0186457093
23.21	0.01849486865
23.22	0.01833311763
23.23	0.01816062479
23.24	0.01797756458
23.25	0.01778411712
23.26	0.01758046812
23.27	0.01736680867
23.28	0.0171433351
23.29	0.01691024888
23.3	0.01666775637
23.31	0.01641606872
23.32	0.01615540169
23.33	0.01588597549
23.34	0.01560801459
23.35	0.01532174759
23.36	0.015027407
23.37	0.01472522914
23.38	0.01441545387
23.39	0.0140983245
23.4	0.01377408758
23.41	0.01344299271
23.42	0.01310529239
23.43	0.01276124182
23.44	0.01241109874
23.45	0.01205512323
23.46	0.01169357754
23.47	0.01132672591
23.48	0.0109548344
23.49	0.01057817067
23.5	0.01019700386
23.51	0.009811604344
23.52	0.00942224361
23.53	0.009029194035
23.54	0.008632728729
23.55	0.008233121348
23.56	0.007830645917
23.57	0.007425576656
23.58	0.0070181878
23.59	0.006608753425
23.6	0.006197547274
23.61	0.005784842585
23.62	0.005370911916
23.63	0.004956026981
23.64	0.004540458476
23.65	0.004124475915
23.66	0.003708347463
23.67	0.003292339776
23.68	0.002876717837
23.69	0.002461744796
23.7	0.002047681817
23.71	0.001634787918
23.72	0.001223319821
23.73	0.0008135318047
23.74	0.00040567555
23.75	9.462924025e-17
23.76	-0.0004032487842
23.77	-0.0008038277637
23.78	-0.001201497059
23.79	-0.001596020082
23.8	-0.001987163673
23.81	-0.002374698223
23.82	-0.002758397801
23.83	-0.003138040279
23.84	-0.003513407449
23.85	-0.003884285136
23.86	-0.004250463317
23.87	-0.004611736226
23.88	-0.00496790246
23.89	-0.005318765084
23.9	-0.005664131726
23.91	-0.006003814678
23.92	-0.006337630983
23.93	-0.006665402526
23.94	-0.006986956119
23.95	-0.007302123581
23.96	-0.007610741816
23.97	-0.007912652886
23.98	-0.008207704082
23.99	-0.00849574799
24	-0.008776642555
24.01	-0.009050251135
24.02	-0.00931644256
24.03	-0.009575091185
24.04	-0.00982607693
24.05	-0.01006928533
24.06	-0.01030460757
24.07	-0.01053194053
24.08	-0.01075118679
24.09	-0.01096225471
24.1	-0.01116505839
24.11	-0.01135951775
24.12	-0.01154555849
24.13	-0.01172311215
24.14	-0.0118921161
24.15	-0.01205251353
24.16	-0.01220425349
24.17	-0.01234729086
24.18	-0.01248158632
24.19	-0.0126071064
24.2	-0.01272382343
24.21	-0.01283171551
24.22	-0.01293076653
24.23	-0.01302096612
24.24	-0.0131023096
24.25	-0.013174798
24.26	-0.01323843801
24.27	-0.01329324189
24.28	-0.0133392275
24.29	-0.01337641824
24.3	-0.01340484294
24.31	-0.0134245359
24.32	-0.01343553677
24.33	-0.01343789053
24.34	-0.01343164739
24.35	-0.01341686277
24.36	-0.01339359721
24.37	-0.0133619163
24.38	-0.01332189062
24.39	-0.01327359565
24.4	-0.01321711171
24.41	-0.01315252385
24.42	-0.01307992181
24.43	-0.0129993999
24.44	-0.01291105692
24.45	-0.0128149961
24.46	-0.01271132494
24.47	-0.01260015519
24.48	-0.01248160271
24.49	-0.01235578739
24.5	-0.01222283303
24.51	-0.01208286726
24.52	-0.0119360214
24.53	-0.01178243042
24.54	-0.01162223276
24.55	-0.01145557025
24.56	-0.01128258803
24.57	-0.01110343438
24.58	-0.01091826064
24.59	-0.01072722109
24.6	-0.01053047285
24.61	-0.01032817572
24.62	-0.01012049211
24.63	-0.009907586893
24.64	-0.009689627279
24.65	-0.009466782718
24.66	-0.009239224765
24.67	-0.009007126955
24.68	-0.008770664689
24.69	-0.008530015103
24.7	-0.008285356951
24.71	-0.008036870474
24.72	-0.007784737284
24.73	-0.007529140232
24.74	-0.007270263291
24.75	-0.007008291426
24.76	-0.006743410473
24.77	-0.006475807015
24.78	-0.006205668257
24.79	-0.005933181902
24.8	-0.005658536033
24.81	-0.005381918985
24.82	-0.005103519225
24.83	-0.004823525232
24.84	-0.004542125375
24.85	-0.004259507796
24.86	-0.003975860288
24.87	-0.003691370177
24.88	-0.003406224209
24.89	-0.003120608431
24.9	-0.002834708077
24.91	-0.002548707454
24.92	-0.00226278983
24.93	-0.001977137328
24.94	-0.001691930806
24.95	-0.001407349759
24.96	-0.001123572209
24.97	-0.0008407745977
24.98	-0.0005591316873
24.99	-0.0002788164561
25	-2.709332014e-17
25.01	0.0002771485661
25.02	0.000552462204
25.03	0.0008257760469
25.04	0.001096927491
25.05	0.001365756288
25.06	0.001632104629
25.07	0.001895817235
25.08	0.002156741441
25.09	0.002414727272
25.1	0.00266962753
25.11	0.002921297868
25.12	0.003169596865
25.13	0.003414386099
25.14	0.003655530219
25.15	0.003892897009
25.16	0.00412635746
25.17	0.004355785827
25.18	0.004581059695
25.19	0.004802060032
25.2	0.00501867125
25.21	0.005230781254
25.22	0.005438281495
25.23	0.005641067019
25.24	0.005839036509
25.25	0.006032092332
25.26	0.006220140575
25.27	0.006403091088
25.28	0.006580857515
25.29	0.006753357326
25.3	0.006920511852
25.31	0.007082246305
25.32	0.007238489809
25.33	0.007389175417
25.34	0.007534240134
25.35	0.007673624932
25.36	0.007807274761
25.37	0.007935138566
25.38	0.008057169293
25.39	0.008173323895
25.4	0.008283563333
25.41	0.008387852582
25.42	0.008486160628
25.43	0.008578460459
25.44	0.008664729066
25.45	0.008744947428
25.46	0.0088191005
25.47	0.008887177206
25.48	0.008949170412
25.49	0.009005076915
25.5	0.009054897419
25.51	0.00909863651
25.52	0.00913630263
25.53	0.009167908051
25.54	0.009193468843
25.55	0.009213004837
25.56	0.009226539598
25.57	0.009234100379
25.58	0.00923571809
25.59	0.009231427247
25.6	0.009221265937
25.61	0.009205275767
25.62	0.009183501819
25.63	0.009155992598
25.64	0.009122799983
25.65	0.009083979173
25.66	0.00903958863
25.67	0.008989690026
25.68	0.00893434818
25.69	0.008873631001
25.7	0.008807609424
25.71	0.008736357349
25.72	0.008659951574
25.73	0.008578471728
25.74	0.008492000207
25.75	0.0084006221
25.76	0.008304425122
25.77	0.008203499541
25.78	0.008097938106
25.79	0.00798783597
25.8	0.007873290618
25.81	0.00775440179
25.82	0.007631271405
25.83	0.007504003478
25.84	0.007372704047
25.85	0.007237481089
25.86	0.007098444444
25.87	0.006955705726
25.88	0.00680937825
25.89	0.006659576944
25.9	0.006506418267
25.91	0.006350020125
25.92	0.006190501789
25.93	0.006027983809
25.94	0.005862587928
25.95	0.005694437003
25.96	0.005523654912
25.97	0.005350366473
25.98	0.00517469736
25.99	0.004996774014
26	0.00481672356
26.01	0.004634673721
26.02	0.004450752733
26.03	0.004265089261
26.04	0.004077812311
26.05	0.003889051149
26.06	0.003698935218
26.07	0.003507594047
26.08	0.003315157178
26.09	0.003121754073
26.1	0.002927514041
26.11	0.00273256615
26.12	0.002537039147
26.13	0.00234106138
26.14	0.002144760718
26.15	0.00194826447
26.16	0.001751699308
26.17	0.001555191191
26.18	0.001358865288
26.19	0.001162845903
26.2	0.0009672564009
26.21	0.0007722191331
26.22	0.0005778553669
26.23	0.0003842852141
26.24	0.0001916275611
26.25	-7.457791083e-18
26.26	-0.0001904812381
26.27	-0.0003797013498
26.28	-0.0005675470237
26.29	-0.0007539065044
26.3	-0.0009386696541
26.31	-0.001121728013
26.32	-0.00130297486
26.33	-0.001482305269
26.34	-0.001659616165
26.35	-0.00183480638
26.36	-0.002007776705
26.37	-0.002178429943
26.38	-0.00234667096
26.39	-0.002512406727
26.4	-0.002675546378
26.41	-0.002836001243
26.42	-0.0029936849
26.43	-0.003148513214
26.44	-0.003300404376
26.45	-0.003449278944
26.46	-0.003595059875
26.47	-0.003737672567
26.48	-0.003877044883
26.49	-0.004013107191
26.5	-0.004145792388
26.51	-0.00427503593
26.52	-0.004400775856
26.53	-0.004522952815
26.54	-0.004641510086
26.55	-0.0047563936
26.56	-0.004867551955
26.57	-0.00497493644
26.58	-0.005078501043
26.59	-0.005178202468
26.6	-0.005274000145
26.61	-0.00536585624
26.62	-0.005453735662
26.63	-0.005537606073
26.64	-0.005617437885
26.65	-0.005693204269
26.66	-0.005764881152
26.67	-0.005832447218
26.68	-0.005895883902
26.69	-0.005955175391
26.7	-0.006010308611
26.71	-0.006061273222
26.72	-0.006108061612
26.73	-0.006150668878
26.74	-0.006189092818
26.75	-0.006223333917
26.76	-0.006253395325
26.77	-0.006279282845
26.78	-0.006301004913
26.79	-0.00631857257
26.8	-0.00633199945
26.81	-0.006341301746
26.82	-0.00634649819
26.83	-0.006347610025
26.84	-0.006344660975
26.85	-0.006337677215
26.86	-0.006326687343
26.87	-0.006311722342
26.88	-0.006292815549
26.89	-0.006270002621
26.9	-0.006243321494
26.91	-0.00621281235
26.92	-0.006178517575
26.93	-0.006140481717
26.94	-0.006098751451
26.95	-0.006053375529
26.96	-0.006004404742
26.97	-0.005951891872
26.98	-0.005895891647
26.99	-0.005836460698
27	-0.005773657504
27.01	-0.005707542353
27.02	-0.005638177283
27.03	-0.00556562604
27.04	-0.005489954023
27.05	-0.00541122823
27.06	-0.005329517214
27.07	-0.00524489102
27.08	-0.005157421138
27.09	-0.005067180447
27.1	-0.004974243158
27.11	-0.004878684762
27.12	-0.004780581972
27.13	-0.004680012667
27.14	-0.004577055835
27.15	-0.004471791518
27.16	-0.004364300752
27.17	-0.00425466551
27.18	-0.004142968644
27.19	-0.004029293829
27.2	-0.003913725501
27.21	-0.003796348801
27.22	-0.003677249515
27.23	-0.003556514017
27.24	-0.003434229208
27.25	-0.003310482462
27.26	-0.003185361559
27.27	-0.003058954636
27.28	-0.002931350122
27.29	-0.002802636682
27.3	-0.00267290316
27.31	-0.002542238518
27.32	-0.002410731783
27.33	-0.002278471986
27.34	-0.002145548106
27.35	-0.002012049014
27.36	-0.001878063418
27.37	-0.001743679806
27.38	-0.001608986388
27.39	-0.001474071047
27.4	-0.001339021282
27.41	-0.001203924154
27.42	-0.001068866232
27.43	-0.0009339335437
27.44	-0.0007992115222
27.45	-0.0006647849542
27.46	-0.000530737931
27.47	-0.0003971537984
27.48	-0.0002641151077
27.49	-0.0001317035682
27.5	-5.120485007e-17
27.51	0.0001309157128
27.52	0.0002609646668
27.53	0.0003900689846
27.54	0.0005181518577
27.55	0.0006451375896
27.56	0.0007709516373
27.57	0.0008955206521
27.58	0.001018772519
27.59	0.001140636397
27.6	0.001261042753
27.61	0.001379923403
27.62	0.001497211545
27.63	0.001612841791
27.64	0.001726750208
27.65	0.00183887434
27.66	0.001949153249
27.67	0.002057527536
27.68	0.002163939376
27.69	0.002268332543
27.7	0.002370652438
27.71	0.002470846109
27.72	0.002568862283
27.73	0.002664651382
27.74	0.002758165547
27.75	0.002849358661
27.76	0.002938186361
27.77	0.003024606064
27.78	0.003108576978
27.79	0.00319006012
27.8	0.003269018327
27.81	0.003345416273
27.82	0.003419220478
27.83	0.003490399319
27.84	0.00355892304
27.85	0.003624763756
27.86	0.003687895465
27.87	0.00374829405
27.88	0.003805937284
27.89	0.003860804833
27.9	0.003912878256
27.91	0.003962141009
27.92	0.004008578442
27.93	0.004052177795
27.94	0.004092928199
27.95	0.00413082067
27.96	0.004165848102
27.97	0.00419800526
27.98	0.004227288777
27.99	0.00425369714
28	0.004277230679
28.01	0.004297891563
28.02	0.004315683778
28.03	0.004330613122
28.04	0.004342687185
28.05	0.004351915335
28.06	0.004358308703
28.07	0.004361880164
28.08	0.004362644316
28.09	0.004360617466
28.1	0.004355817603
28.11	0.004348264381
28.12	0.004337979096
28.13	0.00432498466
28.14	0.004309305579
28.15	0.004290967927
28.16	0.004269999319
28.17	0.004246428888
28.18	0.004220287251
28.19	0.004191606486
28.2	0.004160420102
28.21	0.004126763005
28.22	0.004090671472
28.23	0.004052183118
28.24	0.004011336864
28.25	0.003968172902
28.26	0.003922732667
28.27	0.003875058799
28.28	0.003825195107
28.29	0.003773186541
28.3	0.003719079148
28.31	0.003662920042
28.32	0.003604757367
28.33	0.003544640255
28.34	0.003482618795
28.35	0.003418743993
28.36	0.003353067732
28.37	0.003285642736
28.38	0.00321652253
28.39	0.003145761404
28.4	0.003073414367
28.41	0.002999537116
28.42	0.00292418599
28.43	0.002847417932
28.44	0.00276929045
28.45	0.002689861577
28.46	0.002609189829
28.47	0.002527334167
28.48	0.002444353953
28.49	0.002360308916
28.5	0.002275259103
28.51	0.002189264849
28.52	0.002102386726
28.53	0.002014685511
28.54	0.001926222144
28.55	0.001837057685
28.56	0.001747253278
28.57	0.001656870108
28.58	0.001565969368
28.59	0.00147461221
28.6	0.001382859716
28.61	0.001290772852
28.62	0.001198412436
28.63	0.001105839094
28.64	0.001013113227
28.65	0.0009202949714
28.66	0.0008274441634
28.67	0.0007346203016
28.68	0.0006418825117
28.69	0.0005492895107
28.7	0.0004568995717
28.71	0.0003647704899
28.72	0.0002729595477
28.73	0.0001815234819
28.74	9.051845043e-05
28.75	2.287382018e-17
28.76	-8.99769658e-05
28.77	-0.0001793582177
28.78	-0.0002680902311
28.79	-0.0003561202166
28.8	-0.0004433961487
28.81	-0.0005298667948
28.82	-0.0006154817431
28.83	-0.0007001914301
28.84	-0.0007839471667
28.85	-0.0008667011645
28.86	-0.0009484065607
28.87	-0.001029017443
28.88	-0.001108488872
28.89	-0.001186776905
28.9	-0.001263838619
28.91	-0.001339632131
28.92	-0.001414116616
28.93	-0.001487252333
28.94	-0.001559000638
28.95	-0.001629324004
28.96	-0.00169818604
28.97	-0.001765551506
28.98	-0.001831386326
28.99	-0.00189565761
29	-0.001958333659
29.01	-0.002019383985
29.02	-0.002078779321
29.03	-0.00213649163
29.04	-0.002192494119
29.05	-0.002246761248
29.06	-0.002299268737
29.07	-0.002349993576
29.08	-0.002398914031
29.09	-0.002446009649
29.1	-0.002491261268
29.11	-0.002534651014
29.12	-0.002576162314
29.13	-0.002615779891
29.14	-0.002653489769
29.15	-0.002689279274
29.16	-0.002723137037
29.17	-0.002755052986
29.18	-0.002785018354
29.19	-0.00281302567
29.2	-0.002839068759
29.21	-0.002863142737
29.22	-0.002885244008
29.23	-0.002905370255
29.24	-0.002923520439
29.25	-0.002939694789
29.26	-0.002953894792
29.27	-0.002966123191
29.28	-0.002976383969
29.29	-0.002984682343
29.3	-0.002991024752
29.31	-0.002995418846
29.32	-0.002997873472
29.33	-0.002998398666
29.34	-0.002997005633
29.35	-0.002993706739
29.36	-0.00298851549
29.37	-0.002981446524
29.38	-0.002972515588
29.39	-0.002961739524
29.4	-0.002949136252
29.41	-0.002934724753
29.42	-0.002918525048
29.43	-0.002900558181
29.44	-0.002880846199
29.45	-0.002859412131
29.46	-0.002836279969
29.47	-0.002811474646
29.48	-0.002785022013
29.49	-0.00275694882
29.5	-0.002727282692
29.51	-0.002696052106
29.52	-0.002663286367
29.53	-0.002629015587
29.54	-0.002593270656
29.55	-0.002556083225
29.56	-0.002517485674
29.57	-0.002477511091
29.58	-0.002436193244
29.59	-0.00239356656
29.6	-0.002349666093
29.61	-0.002304527503
29.62	-0.002258187026
29.63	-0.00221068145
29.64	-0.002162048087
29.65	-0.002112324744
29.66	-0.002061549701
29.67	-0.00200976168
29.68	-0.001956999817
29.69	-0.001903303636
29.7	-0.001848713023
29.71	-0.001793268196
29.72	-0.001737009677
29.73	-0.001679978266
29.74	-0.001622215012
29.75	-0.001563761188
29.76	-0.001504658259
29.77	-0.001444947856
29.78	-0.001384671752
29.79	-0.001323871828
29.8	-0.001262590051
29.81	-0.001200868445
29.82	-0.001138749062
29.83	-0.001076273957
29.84	-0.001013485162
29.85	-0.0009504246568
29.86	-0.0008871343428
29.87	-0.0008236560188
29.88	-0.0007600313534
29.89	-0.0006963018591
29.9	-0.0006325088672
29.91	-0.0005686935023
29.92	-0.0005048966573
29.93	-0.0004411589685
29.94	-0.0003775207916
29.95	-0.0003140221771
29.96	-0.0002507028469
29.97	-0.0001876021706
29.98	-0.0001247591429
29.99	-6.221236051e-05
30	-7.254404235e-18
