temps	angle
0	0
0.01	0.469338406
0.02	0.9348142642
0.03	1.396336543
0.04	1.853815971
0.05	2.307165046
0.06	2.756298044
0.07	3.201131026
0.08	3.64158185
0.09	4.077570172
0.1	4.509017458
0.11	4.935846988
0.12	5.35798386
0.13	5.775354999
0.14	6.187889159
0.15	6.595516926
0.16	6.998170725
0.17	7.395784819
0.18	7.788295315
0.19	8.175640164
0.2	8.557759165
0.21	8.934593961
0.22	9.306088045
0.23	9.672186757
0.24	10.03283729
0.25	10.38798867
0.26	10.73759178
0.27	11.08159934
0.28	11.41996592
0.29	11.75264792
0.3	12.07960357
0.31	12.40079295
0.32	12.71617794
0.33	13.02572228
0.34	13.32939148
0.35	13.62715291
0.36	13.91897571
0.37	14.20483083
0.38	14.48469103
0.39	14.75853084
0.4	15.02632656
0.41	15.28805628
0.42	15.54369984
0.43	15.79323884
0.44	16.03665662
0.45	16.27393826
0.46	16.50507055
0.47	16.73004201
0.48	16.94884285
0.49	17.16146499
0.5	17.36790202
0.51	17.56814921
0.52	17.76220346
0.53	17.95006335
0.54	18.13172907
0.55	18.30720244
0.56	18.47648689
0.57	18.63958741
0.58	18.79651062
0.59	18.94726466
0.6	19.09185924
0.61	19.2303056
0.62	19.3626165
0.63	19.48880621
0.64	19.60889048
0.65	19.72288653
0.66	19.83081304
0.67	19.93269013
0.68	20.02853935
0.69	20.11838364
0.7	20.20224734
0.71	20.28015615
0.72	20.35213715
0.73	20.41821872
0.74	20.47843058
0.75	20.53280374
0.76	20.5813705
0.77	20.62416442
0.78	20.66122029
0.79	20.69257415
0.8	20.71826321
0.81	20.73832589
0.82	20.75280178
0.83	20.7617316
0.84	20.76515721
0.85	20.76312156
0.86	20.75566872
0.87	20.74284378
0.88	20.72469293
0.89	20.70126333
0.9	20.67260318
0.91	20.63876167
0.92	20.59978893
0.93	20.55573605
0.94	20.50665503
0.95	20.45259878
0.96	20.3936211
0.97	20.32977662
0.98	20.26112084
0.99	20.18771006
1	20.10960138
1.01	20.02685267
1.02	19.93952256
1.03	19.8476704
1.04	19.75135626
1.05	19.65064091
1.06	19.54558577
1.07	19.4362529
1.08	19.32270501
1.09	19.20500539
1.1	19.08321792
1.11	18.95740705
1.12	18.82763777
1.13	18.69397556
1.14	18.55648643
1.15	18.41523684
1.16	18.27029374
1.17	18.12172446
1.18	17.9695968
1.19	17.8139789
1.2	17.65493931
1.21	17.4925469
1.22	17.3268709
1.23	17.15798081
1.24	16.98594644
1.25	16.81083787
1.26	16.63272542
1.27	16.45167962
1.28	16.26777124
1.29	16.0810712
1.3	15.89165061
1.31	15.69958071
1.32	15.50493288
1.33	15.30777859
1.34	15.10818941
1.35	14.90623697
1.36	14.70199295
1.37	14.49552905
1.38	14.28691699
1.39	14.07622848
1.4	13.8635352
1.41	13.64890878
1.42	13.4324208
1.43	13.21414272
1.44	12.99414595
1.45	12.77250174
1.46	12.54928123
1.47	12.32455538
1.48	12.09839499
1.49	11.87087069
1.5	11.64205288
1.51	11.41201175
1.52	11.18081724
1.53	10.94853903
1.54	10.71524656
1.55	10.48100895
1.56	10.24589503
1.57	10.00997331
1.58	9.773311963
1.59	9.535978811
1.6	9.298041315
1.61	9.059566556
1.62	8.820621221
1.63	8.581271587
1.64	8.341583512
1.65	8.101622413
1.66	7.861453263
1.67	7.621140566
1.68	7.380748354
1.69	7.140340168
1.7	6.899979046
1.71	6.659727513
1.72	6.419647565
1.73	6.179800661
1.74	5.94024771
1.75	5.701049056
1.76	5.462264471
1.77	5.223953142
1.78	4.986173662
1.79	4.748984016
1.8	4.512441574
1.81	4.276603079
1.82	4.041524636
1.83	3.807261708
1.84	3.573869098
1.85	3.341400948
1.86	3.109910726
1.87	2.879451217
1.88	2.650074516
1.89	2.42183202
1.9	2.19477442
1.91	1.968951692
1.92	1.744413091
1.93	1.521207144
1.94	1.299381642
1.95	1.078983634
1.96	0.8600594208
1.97	0.642654549
1.98	0.4268138039
1.99	0.2125812049
2	1.650807833e-15
2.01	-0.2108873398
2.02	-0.420039125
2.03	-0.6274144525
2.04	-0.83297321
2.05	-1.03667608
2.06	-1.238484545
2.07	-1.438360888
2.08	-1.6362682
2.09	-1.832170381
2.1	-2.026032144
2.11	-2.217819014
2.12	-2.407497338
2.13	-2.595034279
2.14	-2.780397826
2.15	-2.963556788
2.16	-3.144480802
2.17	-3.323140331
2.18	-3.499506666
2.19	-3.673551926
2.2	-3.845249061
2.21	-4.014571849
2.22	-4.181494901
2.23	-4.345993656
2.24	-4.508044385
2.25	-4.667624187
2.26	-4.82471099
2.27	-4.979283551
2.28	-5.131321456
2.29	-5.280805113
2.3	-5.427715759
2.31	-5.572035449
2.32	-5.713747062
2.33	-5.852834297
2.34	-5.989281667
2.35	-6.123074499
2.36	-6.254198935
2.37	-6.382641923
2.38	-6.508391217
2.39	-6.631435373
2.4	-6.751763748
2.41	-6.869366492
2.42	-6.984234549
2.43	-7.09635965
2.44	-7.205734309
2.45	-7.31235182
2.46	-7.416206252
2.47	-7.517292444
2.48	-7.615606001
2.49	-7.711143288
2.5	-7.803901425
2.51	-7.893878285
2.52	-7.981072482
2.53	-8.065483372
2.54	-8.147111042
2.55	-8.22595631
2.56	-8.302020713
2.57	-8.375306503
2.58	-8.445816644
2.59	-8.5135548
2.6	-8.578525333
2.61	-8.640733294
2.62	-8.700184415
2.63	-8.756885106
2.64	-8.810842445
2.65	-8.862064172
2.66	-8.910558679
2.67	-8.956335008
2.68	-8.999402837
2.69	-9.039772479
2.7	-9.077454868
2.71	-9.112461556
2.72	-9.144804702
2.73	-9.174497065
2.74	-9.201551998
2.75	-9.225983436
2.76	-9.247805889
2.77	-9.267034435
2.78	-9.283684712
2.79	-9.297772906
2.8	-9.309315744
2.81	-9.318330489
2.82	-9.324834925
2.83	-9.328847352
2.84	-9.330386577
2.85	-9.329471904
2.86	-9.326123124
2.87	-9.32036051
2.88	-9.312204804
2.89	-9.301677207
2.9	-9.288799374
2.91	-9.273593402
2.92	-9.256081821
2.93	-9.236287584
2.94	-9.214234061
2.95	-9.189945024
2.96	-9.163444642
2.97	-9.13475747
2.98	-9.10390844
2.99	-9.070922851
3	-9.035826357
3.01	-8.998644965
3.02	-8.959405015
3.03	-8.91813318
3.04	-8.87485645
3.05	-8.829602125
3.06	-8.782397806
3.07	-8.733271381
3.08	-8.682251024
3.09	-8.629365176
3.1	-8.57464254
3.11	-8.518112074
3.12	-8.459802974
3.13	-8.399744673
3.14	-8.337966824
3.15	-8.274499295
3.16	-8.209372158
3.17	-8.142615681
3.18	-8.074260314
3.19	-8.004336686
3.2	-7.932875591
3.21	-7.85990798
3.22	-7.785464951
3.23	-7.709577742
3.24	-7.632277719
3.25	-7.553596366
3.26	-7.473565282
3.27	-7.392216162
3.28	-7.309580799
3.29	-7.225691064
3.3	-7.140578907
3.31	-7.054276339
3.32	-6.96681543
3.33	-6.878228298
3.34	-6.788547098
3.35	-6.697804017
3.36	-6.606031261
3.37	-6.513261051
3.38	-6.419525611
3.39	-6.324857161
3.4	-6.22928791
3.41	-6.132850044
3.42	-6.035575721
3.43	-5.937497062
3.44	-5.83864614
3.45	-5.739054977
3.46	-5.638755534
3.47	-5.5377797
3.48	-5.43615929
3.49	-5.333926032
3.5	-5.231111563
3.51	-5.127747418
3.52	-5.023865026
3.53	-4.919495703
3.54	-4.814670638
3.55	-4.709420896
3.56	-4.603777402
3.57	-4.497770939
3.58	-4.39143214
3.59	-4.284791481
3.6	-4.177879272
3.61	-4.070725656
3.62	-3.963360596
3.63	-3.855813873
3.64	-3.748115078
3.65	-3.640293607
3.66	-3.532378651
3.67	-3.424399196
3.68	-3.316384013
3.69	-3.208361651
3.7	-3.100360437
3.71	-2.992408465
3.72	-2.88453359
3.73	-2.77676343
3.74	-2.66912535
3.75	-2.561646466
3.76	-2.454353636
3.77	-2.347273454
3.78	-2.240432247
3.79	-2.133856069
3.8	-2.027570698
3.81	-1.921601631
3.82	-1.815974078
3.83	-1.710712959
3.84	-1.6058429
3.85	-1.501388227
3.86	-1.397372965
3.87	-1.293820832
3.88	-1.190755237
3.89	-1.088199273
3.9	-0.9861757165
3.91	-0.884707024
3.92	-0.783815327
3.93	-0.68352243
3.94	-0.583849807
3.95	-0.4848185984
3.96	-0.3864496086
3.97	-0.2887633028
3.98	-0.1917798044
3.99	-0.09551889261
4	-1.483511547e-15
4.01	0.09475778993
4.02	0.1887357449
4.03	0.281915486
4.04	0.3742789896
4.05	0.4658085893
4.06	0.5564869776
4.07	0.6462972079
4.08	0.7352226955
4.09	0.8232472196
4.1	0.9103549243
4.11	0.9965303201
4.12	1.081758285
4.13	1.166024065
4.14	1.249313275
4.15	1.331611902
4.16	1.412906302
4.17	1.493183203
4.18	1.572429705
4.19	1.650633282
4.2	1.727781777
4.21	1.80386341
4.22	1.878866772
4.23	1.952780828
4.24	2.025594914
4.25	2.097298741
4.26	2.167882391
4.27	2.23733632
4.28	2.305651354
4.29	2.372818691
4.3	2.438829899
4.31	2.503676916
4.32	2.567352049
4.33	2.629847972
4.34	2.691157727
4.35	2.751274722
4.36	2.810192729
4.37	2.867905884
4.38	2.924408683
4.39	2.979695987
4.4	3.033763011
4.41	3.08660533
4.42	3.138218875
4.43	3.188599931
4.44	3.237745133
4.45	3.285651469
4.46	3.332316273
4.47	3.377737227
4.48	3.421912355
4.49	3.464840026
4.5	3.506518944
4.51	3.546948153
4.52	3.586127031
4.53	3.624055289
4.54	3.660732965
4.55	3.696160428
4.56	3.730338367
4.57	3.763267795
4.58	3.794950044
4.59	3.825386759
4.6	3.854579902
4.61	3.88253174
4.62	3.909244851
4.63	3.934722114
4.64	3.958966709
4.65	3.981982114
4.66	4.003772101
4.67	4.024340731
4.68	4.043692355
4.69	4.061831604
4.7	4.078763393
4.71	4.094492911
4.72	4.109025624
4.73	4.122367263
4.74	4.134523828
4.75	4.14550158
4.76	4.15530704
4.77	4.163946983
4.78	4.171428435
4.79	4.177758668
4.8	4.1829452
4.81	4.186995786
4.82	4.189918417
4.83	4.191721317
4.84	4.192412935
4.85	4.192001946
4.86	4.190497243
4.87	4.187907933
4.88	4.184243338
4.89	4.179512984
4.9	4.173726601
4.91	4.166894117
4.92	4.159025656
4.93	4.150131533
4.94	4.140222246
4.95	4.129308478
4.96	4.117401089
4.97	4.104511112
4.98	4.090649749
4.99	4.075828368
5	4.060058497
5.01	4.04335182
5.02	4.025720175
5.03	4.007175544
5.04	3.987730056
5.05	3.967395977
5.06	3.946185708
5.07	3.924111783
5.08	3.901186859
5.09	3.877423715
5.1	3.85283525
5.11	3.827434474
5.12	3.801234507
5.13	3.774248573
5.14	3.746489996
5.15	3.717972197
5.16	3.688708688
5.17	3.658713069
5.18	3.627999023
5.19	3.596580312
5.2	3.564470772
5.21	3.531684311
5.22	3.498234902
5.23	3.464136581
5.24	3.429403441
5.25	3.394049631
5.26	3.358089346
5.27	3.321536831
5.28	3.284406369
5.29	3.246712281
5.3	3.208468923
5.31	3.16969068
5.32	3.130391961
5.33	3.090587196
5.34	3.050290836
5.35	3.009517341
5.36	2.968281183
5.37	2.926596841
5.38	2.884478793
5.39	2.841941516
5.4	2.798999484
5.41	2.755667158
5.42	2.711958987
5.43	2.667889404
5.44	2.623472822
5.45	2.578723628
5.46	2.533656183
5.47	2.488284816
5.48	2.442623823
5.49	2.396687459
5.5	2.35048994
5.51	2.304045436
5.52	2.257368068
5.53	2.210471908
5.54	2.16337097
5.55	2.116079213
5.56	2.068610531
5.57	2.020978757
5.58	1.973197655
5.59	1.925280918
5.6	1.877242166
5.61	1.829094942
5.62	1.780852711
5.63	1.732528853
5.64	1.684136666
5.65	1.635689355
5.66	1.58720004
5.67	1.538681743
5.68	1.490147393
5.69	1.441609817
5.7	1.393081744
5.71	1.344575796
5.72	1.29610449
5.73	1.247680235
5.74	1.199315329
5.75	1.151021953
5.76	1.102812177
5.77	1.05469795
5.78	1.006691101
5.79	0.9588033369
5.8	0.9110462415
5.81	0.8634312704
5.82	0.8159697515
5.83	0.7686728819
5.84	0.7215517267
5.85	0.6746172167
5.86	0.6278801469
5.87	0.5813511744
5.88	0.5350408172
5.89	0.488959452
5.9	0.4431173131
5.91	0.3975244906
5.92	0.352190929
5.93	0.3071264254
5.94	0.262340629
5.95	0.2178430386
5.96	0.1736430023
5.97	0.1297497157
5.98	0.08617222084
5.99	0.04291940507
6	9.998770601e-16
6.01	-0.04257741959
6.02	-0.08480443676
6.03	-0.1266727933
6.04	-0.1681743907
6.05	-0.2093012909
6.06	-0.2500457172
6.07	-0.2904000549
6.08	-0.3303568522
6.09	-0.3699088204
6.1	-0.4090488351
6.11	-0.4477699365
6.12	-0.4860653295
6.13	-0.5239283851
6.14	-0.5613526397
6.15	-0.5983317964
6.16	-0.6348597249
6.17	-0.6709304617
6.18	-0.7065382106
6.19	-0.7416773425
6.2	-0.7763423962
6.21	-0.8105280776
6.22	-0.8442292605
6.23	-0.8774409865
6.24	-0.9101584643
6.25	-0.9423770706
6.26	-0.9740923492
6.27	-1.005300011
6.28	-1.035995935
6.29	-1.066176165
6.3	-1.095836912
6.31	-1.124974555
6.32	-1.153585637
6.33	-1.181666865
6.34	-1.209215114
6.35	-1.236227421
6.36	-1.262700988
6.37	-1.28863318
6.38	-1.314021524
6.39	-1.338863711
6.4	-1.363157591
6.41	-1.386901176
6.42	-1.410092636
6.43	-1.432730304
6.44	-1.454812667
6.45	-1.476338371
6.46	-1.497306219
6.47	-1.517715169
6.48	-1.537564334
6.49	-1.55685298
6.5	-1.575580525
6.51	-1.593746539
6.52	-1.611350744
6.53	-1.628393009
6.54	-1.644873351
6.55	-1.660791936
6.56	-1.676149074
6.57	-1.69094522
6.58	-1.705180972
6.59	-1.71885707
6.6	-1.731974394
6.61	-1.744533965
6.62	-1.756536939
6.63	-1.767984611
6.64	-1.77887841
6.65	-1.789219899
6.66	-1.799010771
6.67	-1.808252852
6.68	-1.816948097
6.69	-1.825098587
6.7	-1.83270653
6.71	-1.839774258
6.72	-1.846304227
6.73	-1.852299012
6.74	-1.857761309
6.75	-1.862693931
6.76	-1.867099808
6.77	-1.870981985
6.78	-1.874343618
6.79	-1.877187975
6.8	-1.879518434
6.81	-1.881338479
6.82	-1.882651702
6.83	-1.883461797
6.84	-1.883772561
6.85	-1.883587892
6.86	-1.882911785
6.87	-1.881748334
6.88	-1.880101725
6.89	-1.87797624
6.9	-1.87537625
6.91	-1.872306217
6.92	-1.86877069
6.93	-1.864774302
6.94	-1.860321773
6.95	-1.855417901
6.96	-1.850067566
6.97	-1.844275726
6.98	-1.838047414
6.99	-1.831387739
7	-1.824301879
7.01	-1.816795085
7.02	-1.808872676
7.03	-1.800540036
7.04	-1.791802615
7.05	-1.782665924
7.06	-1.773135537
7.07	-1.763217083
7.08	-1.75291625
7.09	-1.742238781
7.1	-1.731190472
7.11	-1.719777168
7.12	-1.708004763
7.13	-1.695879202
7.14	-1.683406469
7.15	-1.670592596
7.16	-1.657443654
7.17	-1.643965753
7.18	-1.630165043
7.19	-1.616047706
7.2	-1.60161996
7.21	-1.586888053
7.22	-1.571858265
7.23	-1.556536901
7.24	-1.540930296
7.25	-1.525044805
7.26	-1.508886807
7.27	-1.492462703
7.28	-1.475778911
7.29	-1.458841866
7.3	-1.441658018
7.31	-1.42423383
7.32	-1.406575777
7.33	-1.388690343
7.34	-1.370584021
7.35	-1.352263309
7.36	-1.333734709
7.37	-1.315004727
7.38	-1.296079868
7.39	-1.276966638
7.4	-1.257671539
7.41	-1.238201069
7.42	-1.218561722
7.43	-1.198759982
7.44	-1.178802325
7.45	-1.158695216
7.46	-1.138445108
7.47	-1.118058439
7.48	-1.097541632
7.49	-1.076901093
7.5	-1.05614321
7.51	-1.035274349
7.52	-1.014300856
7.53	-0.9932290526
7.54	-0.9720652371
7.55	-0.9508156806
7.56	-0.9294866271
7.57	-0.9080842914
7.58	-0.8866148581
7.59	-0.8650844803
7.6	-0.8434992777
7.61	-0.8218653357
7.62	-0.8001887039
7.63	-0.778475395
7.64	-0.7567313834
7.65	-0.7349626037
7.66	-0.7131749499
7.67	-0.6913742739
7.68	-0.6695663845
7.69	-0.6477570458
7.7	-0.6259519768
7.71	-0.6041568494
7.72	-0.5823772879
7.73	-0.5606188677
7.74	-0.5388871143
7.75	-0.5171875019
7.76	-0.4955254531
7.77	-0.4739063371
7.78	-0.4523354694
7.79	-0.4308181102
7.8	-0.409359464
7.81	-0.3879646783
7.82	-0.3666388432
7.83	-0.3453869898
7.84	-0.3242140899
7.85	-0.3031250551
7.86	-0.282124736
7.87	-0.261217921
7.88	-0.2404093361
7.89	-0.2197036441
7.9	-0.1991054433
7.91	-0.1786192676
7.92	-0.1582495853
7.93	-0.1380007986
7.94	-0.1178772431
7.95	-0.09788318688
7.96	-0.07802283036
7.97	-0.05830030536
7.98	-0.03871967473
7.99	-0.01928493182
8	-5.990316315e-16
8.01	0.01913126784
8.02	0.03810508972
8.03	0.056917755
8.04	0.07556562476
8.05	0.09404513223
8.06	0.1123527831
8.07	0.1304851559
8.08	0.1484389022
8.09	0.1662107471
8.1	0.1837974894
8.11	0.2011960017
8.12	0.218403231
8.13	0.2354161985
8.14	0.2522320001
8.15	0.2688478063
8.16	0.2852608626
8.17	0.3014684894
8.18	0.3174680823
8.19	0.333257112
8.2	0.3488331247
8.21	0.3641937415
8.22	0.3793366591
8.23	0.3942596495
8.24	0.4089605599
8.25	0.4234373129
8.26	0.4376879062
8.27	0.4517104126
8.28	0.4655029802
8.29	0.4790638316
8.3	0.4923912647
8.31	0.5054836516
8.32	0.5183394391
8.33	0.5309571484
8.34	0.5433353745
8.35	0.5554727864
8.36	0.5673681269
8.37	0.5790202118
8.38	0.5904279304
8.39	0.6015902444
8.4	0.6125061883
8.41	0.6231748685
8.42	0.6335954636
8.43	0.6437672233
8.44	0.6536894685
8.45	0.6633615908
8.46	0.6727830523
8.47	0.6819533848
8.48	0.6908721894
8.49	0.6995391366
8.5	0.707953965
8.51	0.7161164815
8.52	0.7240265606
8.53	0.7316841438
8.54	0.739089239
8.55	0.7462419203
8.56	0.7531423272
8.57	0.7597906642
8.58	0.7661871998
8.59	0.7723322667
8.6	0.7782262605
8.61	0.7838696393
8.62	0.7892629234
8.63	0.794406694
8.64	0.7993015934
8.65	0.8039483236
8.66	0.808347646
8.67	0.8125003809
8.68	0.8164074062
8.69	0.8200696575
8.7	0.8234881267
8.71	0.8266638618
8.72	0.8295979658
8.73	0.8322915962
8.74	0.8347459644
8.75	0.8369623344
8.76	0.8389420227
8.77	0.840686397
8.78	0.8421968761
8.79	0.8434749282
8.8	0.8445220709
8.81	0.84533987
8.82	0.8459299391
8.83	0.8462939383
8.84	0.8464335736
8.85	0.8463505964
8.86	0.846046802
8.87	0.8455240294
8.88	0.8447841604
8.89	0.8438291184
8.9	0.8426608677
8.91	0.8412814131
8.92	0.8396927983
8.93	0.8378971056
8.94	0.8358964551
8.95	0.8336930034
8.96	0.831288943
8.97	0.8286865015
8.98	0.8258879406
8.99	0.8228955555
9	0.8197116734
9.01	0.8163386536
9.02	0.8127788857
9.03	0.8090347893
9.04	0.8051088129
9.05	0.8010034332
9.06	0.7967211539
9.07	0.7922645052
9.08	0.7876360428
9.09	0.7828383469
9.1	0.7778740214
9.11	0.7727456932
9.12	0.7674560111
9.13	0.7620076449
9.14	0.7564032849
9.15	0.7506456405
9.16	0.74473744
9.17	0.738681429
9.18	0.73248037
9.19	0.7261370416
9.2	0.7196542373
9.21	0.713034765
9.22	0.7062814458
9.23	0.6993971135
9.24	0.6923846136
9.25	0.6852468023
9.26	0.6779865461
9.27	0.6706067205
9.28	0.6631102095
9.29	0.6554999045
9.3	0.6477787037
9.31	0.6399495114
9.32	0.6320152368
9.33	0.6239787935
9.34	0.6158430986
9.35	0.6076110719
9.36	0.5992856353
9.37	0.5908697117
9.38	0.5823662245
9.39	0.5737780965
9.4	0.5651082497
9.41	0.5563596039
9.42	0.5475350764
9.43	0.5386375811
9.44	0.5296700278
9.45	0.5206353213
9.46	0.5115363611
9.47	0.5023760402
9.48	0.4931572446
9.49	0.4838828526
9.5	0.4745557344
9.51	0.4651787507
9.52	0.4557547528
9.53	0.4462865814
9.54	0.4367770661
9.55	0.4272290248
9.56	0.4176452633
9.57	0.408028574
9.58	0.3983817358
9.59	0.3887075134
9.6	0.3790086567
9.61	0.3692878999
9.62	0.3595479614
9.63	0.3497915428
9.64	0.3400213286
9.65	0.3302399854
9.66	0.3204501615
9.67	0.3106544863
9.68	0.3008555699
9.69	0.2910560024
9.7	0.2812583533
9.71	0.2714651713
9.72	0.2616789835
9.73	0.2519022951
9.74	0.2421375888
9.75	0.2323873245
9.76	0.2226539385
9.77	0.2129398436
9.78	0.2032474279
9.79	0.1935790552
9.8	0.1839370639
9.81	0.174323767
9.82	0.1647414516
9.83	0.1551923783
9.84	0.1456787812
9.85	0.136202867
9.86	0.1267668154
9.87	0.1173727778
9.88	0.108022878
9.89	0.0987192108
9.9	0.08946384259
9.91	0.08025881048
9.92	0.07110612223
9.93	0.06200775588
9.94	0.05296565952
9.95	0.04398175097
9.96	0.03505791754
9.97	0.02619601581
9.98	0.01739787134
9.99	0.008665278438
10	3.364528281e-16
10.01	-0.008596232761
10.02	-0.01712172049
10.03	-0.02557479589
10.04	-0.0339538239
10.05	-0.04225720184
10.06	-0.05048335964
10.07	-0.05863075991
10.08	-0.06669789814
10.09	-0.07468330281
10.1	-0.0825855355
10.11	-0.09040319103
10.12	-0.09813489755
10.13	-0.1057793166
10.14	-0.1133351433
10.15	-0.1208011063
10.16	-0.1281759679
10.17	-0.135458524
10.18	-0.1426476045
10.19	-0.1497420729
10.2	-0.1567408266
10.21	-0.1636427966
10.22	-0.1704469481
10.23	-0.1771522799
10.24	-0.1837578248
10.25	-0.1902626492
10.26	-0.1966658535
10.27	-0.2029665718
10.28	-0.2091639719
10.29	-0.2152572552
10.3	-0.2212456569
10.31	-0.2271284455
10.32	-0.2329049232
10.33	-0.2385744255
10.34	-0.244136321
10.35	-0.2495900117
10.36	-0.2549349327
10.37	-0.260170552
10.38	-0.2652963703
10.39	-0.2703119213
10.4	-0.2752167711
10.41	-0.2800105181
10.42	-0.2846927933
10.43	-0.2892632596
10.44	-0.2937216117
10.45	-0.2980675764
10.46	-0.302300912
10.47	-0.306421408
10.48	-0.3104288852
10.49	-0.3143231956
10.5	-0.3181042217
10.51	-0.3217718768
10.52	-0.3253261045
10.53	-0.3287668784
10.54	-0.3320942021
10.55	-0.335308109
10.56	-0.3384086617
10.57	-0.3413959521
10.58	-0.3442701008
10.59	-0.3470312574
10.6	-0.3496795995
10.61	-0.352215333
10.62	-0.3546386918
10.63	-0.3569499369
10.64	-0.359149357
10.65	-0.3612372674
10.66	-0.3632140104
10.67	-0.3650799545
10.68	-0.3668354941
10.69	-0.3684810497
10.7	-0.3700170669
10.71	-0.3714440167
10.72	-0.3727623946
10.73	-0.3739727208
10.74	-0.3750755395
10.75	-0.3760714187
10.76	-0.37696095
10.77	-0.3777447479
10.78	-0.3784234499
10.79	-0.3789977157
10.8	-0.3794682273
10.81	-0.3798356881
10.82	-0.3801008233
10.83	-0.3802643786
10.84	-0.3803271208
10.85	-0.3802898367
10.86	-0.3801533331
10.87	-0.3799184363
10.88	-0.3795859917
10.89	-0.3791568636
10.9	-0.3786319348
10.91	-0.3780121059
10.92	-0.3772982952
10.93	-0.3764914385
10.94	-0.3755924883
10.95	-0.3746024136
10.96	-0.3735221996
10.97	-0.3723528473
10.98	-0.3710953728
10.99	-0.3697508075
11	-0.3683201971
11.01	-0.3668046016
11.02	-0.3652050948
11.03	-0.3635227638
11.04	-0.3617587089
11.05	-0.3599140429
11.06	-0.3579898908
11.07	-0.3559873894
11.08	-0.3539076872
11.09	-0.3517519435
11.1	-0.3495213283
11.11	-0.3472170219
11.12	-0.3448402145
11.13	-0.3423921057
11.14	-0.3398739044
11.15	-0.3372868281
11.16	-0.3346321025
11.17	-0.3319109613
11.18	-0.3291246459
11.19	-0.3262744047
11.2	-0.323361493
11.21	-0.3203871723
11.22	-0.3173527104
11.23	-0.3142593805
11.24	-0.3111084612
11.25	-0.3079012359
11.26	-0.3046389925
11.27	-0.3013230231
11.28	-0.2979546235
11.29	-0.2945350931
11.3	-0.2910657339
11.31	-0.287547851
11.32	-0.2839827517
11.33	-0.2803717449
11.34	-0.2767161415
11.35	-0.2730172535
11.36	-0.2692763937
11.37	-0.2654948755
11.38	-0.2616740124
11.39	-0.2578151177
11.4	-0.2539195044
11.41	-0.2499884845
11.42	-0.2460233687
11.43	-0.2420254663
11.44	-0.2379960849
11.45	-0.2339365296
11.46	-0.2298481032
11.47	-0.2257321057
11.48	-0.2215898338
11.49	-0.2174225809
11.5	-0.2132316366
11.51	-0.2090182862
11.52	-0.204783811
11.53	-0.2005294873
11.54	-0.1962565866
11.55	-0.1919663752
11.56	-0.1876601135
11.57	-0.1833390565
11.58	-0.1790044527
11.59	-0.1746575443
11.6	-0.1702995671
11.61	-0.1659317495
11.62	-0.1615553131
11.63	-0.1571714716
11.64	-0.1527814314
11.65	-0.1483863905
11.66	-0.1439875391
11.67	-0.1395860585
11.68	-0.1351831216
11.69	-0.1307798921
11.7	-0.1263775246
11.71	-0.1219771642
11.72	-0.1175799466
11.73	-0.1131869973
11.74	-0.108799432
11.75	-0.1044183558
11.76	-0.1000448636
11.77	-0.09568003932
11.78	-0.09132495623
11.79	-0.08698067633
11.8	-0.08264825038
11.81	-0.07832871766
11.82	-0.0740231058
11.83	-0.06973243059
11.84	-0.06545769583
11.85	-0.06119989315
11.86	-0.05696000183
11.87	-0.05273898868
11.88	-0.04853780786
11.89	-0.04435740073
11.9	-0.04019869572
11.91	-0.03606260817
11.92	-0.03195004024
11.93	-0.02786188072
11.94	-0.02379900492
11.95	-0.0197622746
11.96	-0.01575253777
11.97	-0.01177062865
11.98	-0.007817367505
11.99	-0.003893560584
12	-1.814136009e-16
12.01	0.003862536362
12.02	0.007693284933
12.03	0.01149149655
12.04	0.01525643652
12.05	0.01898738473
12.06	0.02268363569
12.07	0.02634449862
12.08	0.02996929748
12.09	0.03355737109
12.1	0.03710807312
12.11	0.04062077218
12.12	0.04409485186
12.13	0.04752971076
12.14	0.05092476255
12.15	0.05427943596
12.16	0.05759317487
12.17	0.06086543829
12.18	0.06409570038
12.19	0.06728345052
12.2	0.07042819323
12.21	0.07352944828
12.22	0.07658675062
12.23	0.07959965042
12.24	0.08256771305
12.25	0.08549051907
12.26	0.08836766423
12.27	0.09119875945
12.28	0.09398343081
12.29	0.0967213195
12.3	0.09941208182
12.31	0.1020553892
12.32	0.1046509279
12.33	0.1071983995
12.34	0.1096975202
12.35	0.1121480214
12.36	0.1145496492
12.37	0.1169021646
12.38	0.1192053433
12.39	0.1214589756
12.4	0.1236628667
12.41	0.1258168361
12.42	0.1279207179
12.43	0.1299743608
12.44	0.1319776275
12.45	0.1339303954
12.46	0.1358325556
12.47	0.1376840138
12.48	0.1394846894
12.49	0.1412345159
12.5	0.1429334404
12.51	0.1445814241
12.52	0.1461784415
12.53	0.1477244809
12.54	0.1492195438
12.55	0.1506636453
12.56	0.1520568134
12.57	0.1533990895
12.58	0.1546905278
12.59	0.1559311954
12.6	0.1571211722
12.61	0.1582605507
12.62	0.159349436
12.63	0.1603879454
12.64	0.1613762085
12.65	0.1623143672
12.66	0.1632025751
12.67	0.1640409978
12.68	0.1648298126
12.69	0.1655692084
12.7	0.1662593854
12.71	0.1669005552
12.72	0.1674929406
12.73	0.1680367752
12.74	0.1685323036
12.75	0.168979781
12.76	0.1693794732
12.77	0.1697316563
12.78	0.1700366167
12.79	0.170294651
12.8	0.1705060655
12.81	0.1706711763
12.82	0.1707903092
12.83	0.1708637993
12.84	0.1708919912
12.85	0.1708752384
12.86	0.1708139034
12.87	0.1707083574
12.88	0.1705589804
12.89	0.1703661608
12.9	0.170130295
12.91	0.1698517879
12.92	0.1695310522
12.93	0.1691685081
12.94	0.1687645837
12.95	0.1683197145
12.96	0.167834343
12.97	0.1673089192
12.98	0.1667438995
12.99	0.1661397473
13	0.1654969326
13.01	0.1648159317
13.02	0.1640972269
13.03	0.1633413069
13.04	0.1625486659
13.05	0.1617198041
13.06	0.1608552268
13.07	0.1599554449
13.08	0.1590209745
13.09	0.1580523364
13.1	0.1570500564
13.11	0.1560146648
13.12	0.1549466964
13.13	0.1538466902
13.14	0.1527151894
13.15	0.1515527411
13.16	0.150359896
13.17	0.1491372084
13.18	0.1478852362
13.19	0.1466045403
13.2	0.1452956847
13.21	0.1439592363
13.22	0.1425957646
13.23	0.1412058419
13.24	0.1397900426
13.25	0.1383489434
13.26	0.1368831229
13.27	0.1353931618
13.28	0.1338796423
13.29	0.1323431483
13.3	0.1307842647
13.31	0.129203578
13.32	0.1276016756
13.33	0.1259791457
13.34	0.1243365772
13.35	0.1226745597
13.36	0.1209936831
13.37	0.1192945374
13.38	0.1175777129
13.39	0.1158437998
13.4	0.1140933879
13.41	0.1123270668
13.42	0.1105454254
13.43	0.1087490521
13.44	0.1069385343
13.45	0.1051144585
13.46	0.1032774101
13.47	0.1014279732
13.48	0.0995667305
13.49	0.09769426307
13.5	0.09581115037
13.51	0.09391797002
13.52	0.09201529765
13.53	0.0901037068
13.54	0.08818376878
13.55	0.0862560525
13.56	0.08432112442
13.57	0.08237954833
13.58	0.08043188529
13.59	0.07847869348
13.6	0.07652052807
13.61	0.07455794113
13.62	0.07259148146
13.63	0.07062169452
13.64	0.06864912229
13.65	0.06667430315
13.66	0.06469777179
13.67	0.06272005909
13.68	0.06074169199
13.69	0.05876319343
13.7	0.05678508219
13.71	0.05480787284
13.72	0.0528320756
13.73	0.05085819626
13.74	0.04888673606
13.75	0.04691819164
13.76	0.04495305491
13.77	0.04299181296
13.78	0.04103494798
13.79	0.03908293719
13.8	0.03713625273
13.81	0.03519536157
13.82	0.03326072545
13.83	0.0313328008
13.84	0.02941203866
13.85	0.02749888459
13.86	0.02559377862
13.87	0.02369715515
13.88	0.02180944293
13.89	0.01993106492
13.9	0.0180624383
13.91	0.01620397437
13.92	0.01435607849
13.93	0.01251915
13.94	0.01069358223
13.95	0.008879762375
13.96	0.00707807148
13.97	0.005288884378
13.98	0.003512569643
13.99	0.001749489544
14	9.510011625e-17
14.01	-0.001735549462
14.02	-0.003456815749
14.03	-0.005163462239
14.04	-0.006855158817
14.05	-0.008531581912
14.06	-0.01019241453
14.07	-0.01183734627
14.08	-0.01346607339
14.09	-0.01507829879
14.1	-0.01667373205
14.11	-0.01825208949
14.12	-0.01981309411
14.13	-0.0213564757
14.14	-0.0228819708
14.15	-0.02438932273
14.16	-0.0258782816
14.17	-0.02734860434
14.18	-0.02880005466
14.19	-0.03023240312
14.2	-0.03164542711
14.21	-0.03303891083
14.22	-0.03441264532
14.23	-0.03576642847
14.24	-0.03710006497
14.25	-0.03841336638
14.26	-0.03970615103
14.27	-0.04097824411
14.28	-0.04222947761
14.29	-0.0434596903
14.3	-0.04466872775
14.31	-0.04585644229
14.32	-0.04702269302
14.33	-0.04816734578
14.34	-0.04929027312
14.35	-0.05039135429
14.36	-0.05147047523
14.37	-0.05252752853
14.38	-0.05356241341
14.39	-0.05457503569
14.4	-0.05556530778
14.41	-0.05653314862
14.42	-0.05747848367
14.43	-0.05840124489
14.44	-0.05930137067
14.45	-0.06017880581
14.46	-0.06103350152
14.47	-0.06186541531
14.48	-0.06267451101
14.49	-0.06346075872
14.5	-0.06422413473
14.51	-0.06496462152
14.52	-0.06568220771
14.53	-0.06637688798
14.54	-0.06704866306
14.55	-0.06769753967
14.56	-0.06832353046
14.57	-0.06892665398
14.58	-0.0695069346
14.59	-0.0700644025
14.6	-0.07059909355
14.61	-0.07111104933
14.62	-0.07160031701
14.63	-0.07206694936
14.64	-0.07251100461
14.65	-0.07293254647
14.66	-0.073331644
14.67	-0.0737083716
14.68	-0.07406280894
14.69	-0.07439504088
14.7	-0.07470515741
14.71	-0.0749932536
14.72	-0.07525942951
14.73	-0.07550379015
14.74	-0.0757264454
14.75	-0.07592750996
14.76	-0.07610710322
14.77	-0.0762653493
14.78	-0.07640237686
14.79	-0.07651831913
14.8	-0.07661331378
14.81	-0.07668750284
14.82	-0.0767410327
14.83	-0.07677405396
14.84	-0.0767867214
14.85	-0.07677919387
14.86	-0.07675163426
14.87	-0.07670420941
14.88	-0.07663709
14.89	-0.07655045054
14.9	-0.07644446924
14.91	-0.07631932793
14.92	-0.07617521205
14.93	-0.07601231049
14.94	-0.07583081557
14.95	-0.07563092294
14.96	-0.0754128315
14.97	-0.07517674333
14.98	-0.07492286362
14.99	-0.07465140056
15	-0.0743625653
15.01	-0.07405657184
15.02	-0.07373363699
15.03	-0.07339398022
15.04	-0.07303782368
15.05	-0.07266539204
15.06	-0.07227691242
15.07	-0.07187261438
15.08	-0.07145272974
15.09	-0.07101749259
15.1	-0.07056713914
15.11	-0.0701019077
15.12	-0.06962203856
15.13	-0.06912777394
15.14	-0.06861935786
15.15	-0.06809703616
15.16	-0.06756105629
15.17	-0.06701166737
15.18	-0.06644911999
15.19	-0.06587366622
15.2	-0.06528555949
15.21	-0.0646850545
15.22	-0.06407240721
15.23	-0.06344787467
15.24	-0.06281171503
15.25	-0.0621641874
15.26	-0.06150555182
15.27	-0.06083606915
15.28	-0.06015600101
15.29	-0.05946560971
15.3	-0.05876515819
15.31	-0.05805490988
15.32	-0.05733512873
15.33	-0.05660607904
15.34	-0.05586802545
15.35	-0.05512123284
15.36	-0.05436596627
15.37	-0.05360249091
15.38	-0.05283107195
15.39	-0.05205197456
15.4	-0.0512654638
15.41	-0.05047180456
15.42	-0.04967126148
15.43	-0.04886409892
15.44	-0.04805058084
15.45	-0.04723097076
15.46	-0.04640553171
15.47	-0.04557452615
15.48	-0.04473821588
15.49	-0.04389686202
15.5	-0.04305072495
15.51	-0.04220006418
15.52	-0.04134513838
15.53	-0.04048620524
15.54	-0.03962352148
15.55	-0.03875734272
15.56	-0.03788792349
15.57	-0.03701551711
15.58	-0.0361403757
15.59	-0.03526275005
15.6	-0.03438288961
15.61	-0.03350104245
15.62	-0.03261745517
15.63	-0.03173237284
15.64	-0.03084603901
15.65	-0.02995869557
15.66	-0.02907058278
15.67	-0.02818193918
15.68	-0.02729300154
15.69	-0.02640400483
15.7	-0.02551518216
15.71	-0.02462676473
15.72	-0.0237389818
15.73	-0.02285206064
15.74	-0.02196622647
15.75	-0.02108170245
15.76	-0.0201987096
15.77	-0.01931746678
15.78	-0.01843819067
15.79	-0.01756109568
15.8	-0.01668639397
15.81	-0.01581429535
15.82	-0.01494500731
15.83	-0.01407873493
15.84	-0.01321568086
15.85	-0.01235604533
15.86	-0.01150002604
15.87	-0.01064781818
15.88	-0.009799614398
15.89	-0.008955604754
15.9	-0.008115976693
15.91	-0.00728091502
15.92	-0.006450601875
15.93	-0.005625216702
15.94	-0.004804936226
15.95	-0.00398993443
15.96	-0.003180382526
15.97	-0.002376448939
15.98	-0.001578299279
15.99	-0.0007860963245
16	-4.883569911e-17
16.01	0.0007798326421
16.02	0.00155324744
16.03	0.002320093139
16.04	0.00308022141
16.05	0.003833486863
16.06	0.004579747062
16.07	0.005318862539
16.08	0.006050696808
16.09	0.006775116376
16.1	0.007491990752
16.11	0.008201192461
16.12	0.008902597052
16.13	0.009596083104
16.14	0.01028153224
16.15	0.01095882912
16.16	0.01162786147
16.17	0.01228852006
16.18	0.01294069873
16.19	0.01358429438
16.2	0.01421920698
16.21	0.01484533958
16.22	0.01546259828
16.23	0.01607089225
16.24	0.01667013376
16.25	0.01726023812
16.26	0.01784112371
16.27	0.01841271198
16.28	0.01897492743
16.29	0.01952769762
16.3	0.02007095317
16.31	0.02060462771
16.32	0.02112865795
16.33	0.02164298359
16.34	0.02214754736
16.35	0.02264229502
16.36	0.02312717532
16.37	0.02360213998
16.38	0.02406714373
16.39	0.02452214425
16.4	0.02496710218
16.41	0.02540198111
16.42	0.02582674753
16.43	0.02624137087
16.44	0.02664582345
16.45	0.02704008048
16.46	0.02742412001
16.47	0.02779792297
16.48	0.02816147311
16.49	0.02851475698
16.5	0.02885776393
16.51	0.02919048609
16.52	0.02951291835
16.53	0.02982505832
16.54	0.03012690632
16.55	0.03041846537
16.56	0.03069974117
16.57	0.03097074203
16.58	0.03123147892
16.59	0.03148196539
16.6	0.03172221757
16.61	0.03195225413
16.62	0.03217209627
16.63	0.0323817677
16.64	0.03258129459
16.65	0.03277070555
16.66	0.03295003163
16.67	0.03311930626
16.68	0.03327856522
16.69	0.03342784666
16.7	0.03356719099
16.71	0.03369664096
16.72	0.0338162415
16.73	0.03392603981
16.74	0.03402608527
16.75	0.0341164294
16.76	0.03419712585
16.77	0.0342682304
16.78	0.03432980085
16.79	0.03438189707
16.8	0.03442458092
16.81	0.03445791621
16.82	0.03448196873
16.83	0.03449680614
16.84	0.03450249798
16.85	0.03449911565
16.86	0.03448673232
16.87	0.03446542296
16.88	0.03443526426
16.89	0.03439633465
16.9	0.03434871417
16.91	0.03429248456
16.92	0.03422772912
16.93	0.03415453273
16.94	0.03407298181
16.95	0.03398316426
16.96	0.03388516946
16.97	0.03377908821
16.98	0.0336650127
16.99	0.03354303648
17	0.03341325444
17.01	0.03327576271
17.02	0.03313065873
17.03	0.03297804111
17.04	0.03281800966
17.05	0.03265066533
17.06	0.03247611019
17.07	0.03229444737
17.08	0.03210578104
17.09	0.03191021638
17.1	0.03170785953
17.11	0.03149881757
17.12	0.03128319847
17.13	0.03106111105
17.14	0.03083266499
17.15	0.03059797072
17.16	0.03035713944
17.17	0.03011028308
17.18	0.02985751425
17.19	0.02959894621
17.2	0.02933469282
17.21	0.02906486853
17.22	0.02878958836
17.23	0.0285089678
17.24	0.02822312285
17.25	0.02793216993
17.26	0.02763622589
17.27	0.02733540793
17.28	0.02702983362
17.29	0.02671962081
17.3	0.02640488765
17.31	0.02608575252
17.32	0.025762334
17.33	0.02543475086
17.34	0.025103122
17.35	0.02476756645
17.36	0.02442820331
17.37	0.02408515171
17.38	0.02373853083
17.39	0.02338845981
17.4	0.02303505774
17.41	0.02267844366
17.42	0.02231873647
17.43	0.02195605495
17.44	0.02159051771
17.45	0.02122224317
17.46	0.02085134949
17.47	0.02047795462
17.48	0.0201021762
17.49	0.01972413154
17.5	0.01934393764
17.51	0.01896171112
17.52	0.0185775682
17.53	0.01819162466
17.54	0.01780399586
17.55	0.01741479666
17.56	0.01702414141
17.57	0.01663214396
17.58	0.01623891758
17.59	0.01584457495
17.6	0.01544922817
17.61	0.0150529887
17.62	0.01465596734
17.63	0.01425827422
17.64	0.01386001875
17.65	0.01346130965
17.66	0.01306225485
17.67	0.01266296154
17.68	0.01226353611
17.69	0.01186408414
17.7	0.01146471037
17.71	0.01106551869
17.72	0.0106666121
17.73	0.01026809274
17.74	0.009870061787
17.75	0.009472619523
17.76	0.009075865259
17.77	0.008679897338
17.78	0.008284813114
17.79	0.007890708933
17.8	0.007497680117
17.81	0.00710582095
17.82	0.006715224654
17.83	0.006325983381
17.84	0.005938188193
17.85	0.005551929048
17.86	0.005167294786
17.87	0.004784373112
17.88	0.004403250586
17.89	0.004024012607
17.9	0.0036467434
17.91	0.003271526004
17.92	0.002898442258
17.93	0.002527572793
17.94	0.002158997017
17.95	0.001792793104
17.96	0.001429037986
17.97	0.00106780734
17.98	0.0007091755802
17.99	0.0003532158472
18	2.468620585e-17
18.01	-0.0003504013933
18.02	-0.0006979190632
18.03	-0.001042485047
18.04	-0.001384032695
18.05	-0.001722496681
18.06	-0.002057813003
18.07	-0.002389918995
18.08	-0.002718753329
18.09	-0.003044256023
18.1	-0.003366368444
18.11	-0.003685033313
18.12	-0.004000194711
18.13	-0.004311798081
18.14	-0.00461979023
18.15	-0.004924119336
18.16	-0.005224734948
18.17	-0.005521587987
18.18	-0.005814630753
18.19	-0.006103816921
18.2	-0.006389101544
18.21	-0.006670441055
18.22	-0.006947793266
18.23	-0.007221117369
18.24	-0.007490373936
18.25	-0.007755524916
18.26	-0.008016533636
18.27	-0.0082733648
18.28	-0.008525984486
18.29	-0.008774360145
18.3	-0.009018460595
18.31	-0.009258256026
18.32	-0.009493717988
18.33	-0.009724819395
18.34	-0.009951534514
18.35	-0.01017383897
18.36	-0.01039170973
18.37	-0.01060512511
18.38	-0.01081406476
18.39	-0.01101850968
18.4	-0.01121844216
18.41	-0.01141384586
18.42	-0.01160470571
18.43	-0.01179100799
18.44	-0.01197274025
18.45	-0.01214989135
18.46	-0.01232245144
18.47	-0.01249041193
18.48	-0.01265376554
18.49	-0.01281250621
18.5	-0.01296662917
18.51	-0.01311613088
18.52	-0.01326100903
18.53	-0.01340126256
18.54	-0.01353689161
18.55	-0.01366789754
18.56	-0.0137942829
18.57	-0.01391605144
18.58	-0.01403320807
18.59	-0.0141457589
18.6	-0.01425371116
18.61	-0.01435707325
18.62	-0.01445585469
18.63	-0.01455006614
18.64	-0.01463971935
18.65	-0.01472482718
18.66	-0.01480540358
18.67	-0.01488146357
18.68	-0.01495302324
18.69	-0.01502009971
18.7	-0.01508271116
18.71	-0.01514087677
18.72	-0.01519461676
18.73	-0.01524395233
18.74	-0.01528890565
18.75	-0.01532949988
18.76	-0.01536575914
18.77	-0.01539770847
18.78	-0.01542537386
18.79	-0.0154487822
18.8	-0.01546796128
18.81	-0.0154829398
18.82	-0.01549374729
18.83	-0.01550041417
18.84	-0.01550297168
18.85	-0.0155014519
18.86	-0.01549588771
18.87	-0.01548631279
18.88	-0.01547276162
18.89	-0.01545526942
18.9	-0.01543387216
18.91	-0.01540860657
18.92	-0.01537951007
18.93	-0.01534662081
18.94	-0.01530997762
18.95	-0.01526961999
18.96	-0.01522558809
18.97	-0.01517792271
18.98	-0.01512666528
18.99	-0.01507185784
19	-0.015013543
19.01	-0.01495176399
19.02	-0.01488656457
19.03	-0.01481798905
19.04	-0.01474608228
19.05	-0.01467088963
19.06	-0.01459245695
19.07	-0.01451083058
19.08	-0.01442605734
19.09	-0.01433818447
19.1	-0.01424725968
19.11	-0.01415333107
19.12	-0.01405644716
19.13	-0.01395665685
19.14	-0.01385400942
19.15	-0.01374855449
19.16	-0.01364034202
19.17	-0.01352942231
19.18	-0.01341584595
19.19	-0.01329966384
19.2	-0.01318092714
19.21	-0.01305968727
19.22	-0.01293599591
19.23	-0.01280990497
19.24	-0.01268146655
19.25	-0.01255073298
19.26	-0.01241775675
19.27	-0.01228259053
19.28	-0.01214528714
19.29	-0.01200589954
19.3	-0.01186448082
19.31	-0.01172108416
19.32	-0.01157576285
19.33	-0.01142857026
19.34	-0.01127955981
19.35	-0.01112878498
19.36	-0.01097629929
19.37	-0.01082215627
19.38	-0.01066640947
19.39	-0.01050911242
19.4	-0.01035031863
19.41	-0.0101900816
19.42	-0.01002845474
19.43	-0.009865491427
19.44	-0.009701244959
19.45	-0.009535768538
19.46	-0.009369115268
19.47	-0.009201338138
19.48	-0.009032490007
19.49	-0.008862623593
19.5	-0.008691791464
19.51	-0.008520046017
19.52	-0.008347439474
19.53	-0.008174023865
19.54	-0.007999851017
19.55	-0.007824972542
19.56	-0.007649439826
19.57	-0.007473304017
19.58	-0.007296616012
19.59	-0.007119426449
19.6	-0.006941785691
19.61	-0.006763743821
19.62	-0.006585350625
19.63	-0.006406655585
19.64	-0.006227707869
19.65	-0.006048556319
19.66	-0.005869249439
19.67	-0.00568983539
19.68	-0.005510361977
19.69	-0.005330876637
19.7	-0.005151426434
19.71	-0.004972058049
19.72	-0.004792817767
19.73	-0.004613751472
19.74	-0.004434904638
19.75	-0.004256322318
19.76	-0.004078049135
19.77	-0.00390012928
19.78	-0.003722606494
19.79	-0.003545524071
19.8	-0.00336892484
19.81	-0.003192851167
19.82	-0.003017344938
19.83	-0.00284244756
19.84	-0.00266819995
19.85	-0.002494642528
19.86	-0.002321815213
19.87	-0.002149757414
19.88	-0.001978508025
19.89	-0.001808105416
19.9	-0.001638587434
19.91	-0.00146999139
19.92	-0.001302354057
19.93	-0.001135711665
19.94	-0.0009700998932
19.95	-0.0008055538684
19.96	-0.0006421081579
19.97	-0.000479796766
19.98	-0.0003186531288
19.99	-0.0001587101107
20	-1.2324697e-17
20.01	0.0001574454951
20.02	0.0003135952497
20.03	0.0004684187262
20.04	0.0006218859774
20.05	0.0007739676494
20.06	0.0009246349851
20.07	0.001073859826
20.08	0.001221614617
20.09	0.001367872405
20.1	0.001512606846
20.11	0.001655792201
20.12	0.001797403346
20.13	0.001937415765
20.14	0.002075805558
20.15	0.00221254944
20.16	0.002347624742
20.17	0.002481009411
20.18	0.002612682013
20.19	0.002742621734
20.2	0.002870808378
20.21	0.002997222369
20.22	0.003121844751
20.23	0.003244657187
20.24	0.003365641961
20.25	0.003484781977
20.26	0.003602060754
20.27	0.003717462435
20.28	0.003830971777
20.29	0.003942574155
20.3	0.004052255557
20.31	0.00416000259
20.32	0.004265802469
20.33	0.004369643025
20.34	0.004471512695
20.35	0.004571400525
20.36	0.004669296168
20.37	0.00476518988
20.38	0.004859072518
20.39	0.004950935539
20.4	0.005040770995
20.41	0.005128571535
20.42	0.005214330397
20.43	0.005298041406
20.44	0.005379698974
20.45	0.005459298095
20.46	0.00553683434
20.47	0.005612303856
20.48	0.005685703362
20.49	0.005757030145
20.5	0.005826282054
20.51	0.005893457501
20.52	0.005958555451
20.53	0.006021575423
20.54	0.006082517484
20.55	0.006141382242
20.56	0.006198170845
20.57	0.006252884976
20.58	0.006305526847
20.59	0.006356099193
20.6	0.006404605271
20.61	0.006451048851
20.62	0.006495434214
20.63	0.006537766146
20.64	0.00657804993
20.65	0.006616291344
20.66	0.006652496655
20.67	0.006686672612
20.68	0.006718826442
20.69	0.006748965844
20.7	0.006777098981
20.71	0.006803234477
20.72	0.006827381411
20.73	0.006849549308
20.74	0.006869748137
20.75	0.006887988301
20.76	0.006904280635
20.77	0.006918636395
20.78	0.006931067256
20.79	0.006941585301
20.8	0.00695020302
20.81	0.006956933301
20.82	0.00696178942
20.83	0.006964785041
20.84	0.006965934205
20.85	0.006965251323
20.86	0.006962751172
20.87	0.006958448886
20.88	0.006952359951
20.89	0.006944500197
20.9	0.006934885789
20.91	0.006923533226
20.92	0.006910459329
20.93	0.006895681233
20.94	0.006879216385
20.95	0.006861082535
20.96	0.006841297726
20.97	0.00681988029
20.98	0.006796848842
20.99	0.006772222269
21	0.006746019725
21.01	0.006718260625
21.02	0.006688964636
21.03	0.00665815167
21.04	0.006625841877
21.05	0.00659205564
21.06	0.006556813565
21.07	0.006520136474
21.08	0.006482045399
21.09	0.006442561575
21.1	0.006401706433
21.11	0.006359501589
21.12	0.006315968842
21.13	0.006271130167
21.14	0.006225007702
21.15	0.006177623745
21.16	0.006129000749
21.17	0.00607916131
21.18	0.006028128164
21.19	0.005975924175
21.2	0.005922572336
21.21	0.005868095753
21.22	0.005812517644
21.23	0.005755861331
21.24	0.00569815023
21.25	0.005639407849
21.26	0.005579657777
21.27	0.005518923679
21.28	0.00545722929
21.29	0.005394598404
21.3	0.005331054875
21.31	0.005266622603
21.32	0.00520132553
21.33	0.005135187634
21.34	0.005068232923
21.35	0.005000485426
21.36	0.004931969189
21.37	0.004862708267
21.38	0.004792726717
21.39	0.004722048597
21.4	0.00465069795
21.41	0.004578698808
21.42	0.004506075179
21.43	0.004432851043
21.44	0.004359050348
21.45	0.004284696999
21.46	0.004209814858
21.47	0.004134427734
21.48	0.004058559378
21.49	0.003982233479
21.5	0.003905473655
21.51	0.003828303451
21.52	0.003750746332
21.53	0.003672825676
21.54	0.00359456477
21.55	0.003515986807
21.56	0.003437114873
21.57	0.003357971953
21.58	0.003278580914
21.59	0.003198964511
21.6	0.003119145374
21.61	0.003039146005
21.62	0.002958988774
21.63	0.002878695917
21.64	0.002798289526
21.65	0.002717791545
21.66	0.002637223771
21.67	0.002556607842
21.68	0.002475965239
21.69	0.002395317277
21.7	0.002314685103
21.71	0.002234089693
21.72	0.002153551842
21.73	0.00207309217
21.74	0.001992731107
21.75	0.001912488898
21.76	0.001832385594
21.77	0.001752441049
21.78	0.00167267492
21.79	0.001593106658
21.8	0.001513755509
21.81	0.001434640507
21.82	0.001355780475
21.83	0.001277194018
21.84	0.001198899519
21.85	0.001120915143
21.86	0.001043258825
21.87	0.0009659482721
21.88	0.0008890009612
21.89	0.0008124341338
21.9	0.0007362647945
21.91	0.0006605097087
21.92	0.0005851853996
21.93	0.000510308146
21.94	0.0004358939801
21.95	0.0003619586852
21.96	0.0002885177935
21.97	0.0002155865838
21.98	0.0001431800803
21.99	7.131304965e-05
22	2.21569714e-17
22.01	-7.07448212e-05
22.02	-0.0001409074287
22.03	-0.000210474101
22.04	-0.000279431382
22.05	-0.0003477660822
22.06	-0.00041546528
22.07	-0.0004825163234
22.08	-0.0005489068304
22.09	-0.0006146246909
22.1	-0.0006796580671
22.11	-0.0007439953946
22.12	-0.0008076253835
22.13	-0.0008705370188
22.14	-0.0009327195613
22.15	-0.0009941625481
22.16	-0.001054855793
22.17	-0.001114789388
22.18	-0.001173953703
22.19	-0.001232339383
22.2	-0.001289937355
22.21	-0.001346738822
22.22	-0.001402735268
22.23	-0.001457918453
22.24	-0.001512280416
22.25	-0.001565813476
22.26	-0.001618510227
22.27	-0.001670363545
22.28	-0.00172136658
22.29	-0.001771512761
22.3	-0.001820795792
22.31	-0.001869209654
22.32	-0.001916748605
22.33	-0.001963407174
22.34	-0.002009180167
22.35	-0.002054062662
22.36	-0.00209805001
22.37	-0.002141137832
22.38	-0.002183322021
22.39	-0.002224598737
22.4	-0.00226496441
22.41	-0.002304415735
22.42	-0.002342949676
22.43	-0.002380563457
22.44	-0.002417254567
22.45	-0.002453020758
22.46	-0.002487860038
22.47	-0.002521770678
22.48	-0.002554751202
22.49	-0.002586800391
22.5	-0.00261791728
22.51	-0.002648101154
22.52	-0.002677351548
22.53	-0.002705668247
22.54	-0.00273305128
22.55	-0.002759500921
22.56	-0.002785017685
22.57	-0.002809602329
22.58	-0.002833255846
22.59	-0.002855979466
22.6	-0.002877774652
22.61	-0.002898643098
22.62	-0.002918586727
22.63	-0.00293760769
22.64	-0.002955708361
22.65	-0.002972891336
22.66	-0.002989159431
22.67	-0.003004515678
22.68	-0.003018963325
22.69	-0.003032505831
22.7	-0.003045146865
22.71	-0.0030568903
22.72	-0.003067740217
22.73	-0.003077700895
22.74	-0.003086776814
22.75	-0.003094972648
22.76	-0.003102293266
22.77	-0.003108743725
22.78	-0.00311432927
22.79	-0.003119055333
22.8	-0.003122927524
22.81	-0.003125951634
22.82	-0.003128133629
22.83	-0.003129479648
22.84	-0.003129996
22.85	-0.003129689162
22.86	-0.003128565771
22.87	-0.00312663263
22.88	-0.003123896695
22.89	-0.00312036508
22.9	-0.003116045048
22.91	-0.003110944013
22.92	-0.003105069532
22.93	-0.003098429305
22.94	-0.003091031172
22.95	-0.003082883108
22.96	-0.00307399322
22.97	-0.003064369746
22.98	-0.00305402105
22.99	-0.003042955617
23	-0.003031182055
23.01	-0.003018709087
23.02	-0.003005545551
23.03	-0.002991700393
23.04	-0.002977182667
23.05	-0.002962001532
23.06	-0.002946166247
23.07	-0.002929686168
23.08	-0.002912570745
23.09	-0.002894829519
23.1	-0.00287647212
23.11	-0.002857508261
23.12	-0.002837947737
23.13	-0.002817800422
23.14	-0.002797076262
23.15	-0.002775785278
23.16	-0.002753937558
23.17	-0.002731543254
23.18	-0.002708612583
23.19	-0.002685155819
23.2	-0.002661183293
23.21	-0.002636705386
23.22	-0.002611732532
23.23	-0.002586275209
23.24	-0.00256034394
23.25	-0.002533949287
23.26	-0.002507101849
23.27	-0.00247981226
23.28	-0.002452091184
23.29	-0.002423949313
23.3	-0.002395397365
23.31	-0.002366446079
23.32	-0.002337106212
23.33	-0.00230738854
23.34	-0.002277303849
23.35	-0.002246862937
23.36	-0.002216076607
23.37	-0.002184955668
23.38	-0.002153510931
23.39	-0.002121753204
23.4	-0.002089693292
23.41	-0.002057341992
23.42	-0.002024710092
23.43	-0.001991808367
23.44	-0.001958647577
23.45	-0.001925238464
23.46	-0.001891591749
23.47	-0.001857718131
23.48	-0.001823628281
23.49	-0.001789332844
23.5	-0.001754842432
23.51	-0.001720167624
23.52	-0.001685318964
23.53	-0.001650306956
23.54	-0.001615142065
23.55	-0.00157983471
23.56	-0.001544395266
23.57	-0.001508834059
23.58	-0.001473161366
23.59	-0.00143738741
23.6	-0.00140152236
23.61	-0.001365576326
23.62	-0.001329559361
23.63	-0.001293481455
23.64	-0.001257352534
23.65	-0.00122118246
23.66	-0.001184981025
23.67	-0.001148757953
23.68	-0.001112522896
23.69	-0.001076285431
23.7	-0.00104005506
23.71	-0.001003841207
23.72	-0.0009676532185
23.73	-0.0009315003572
23.74	-0.0008953918041
23.75	-0.0008593366554
23.76	-0.0008233439206
23.77	-0.0007874225213
23.78	-0.0007515812891
23.79	-0.0007158289644
23.8	-0.0006801741947
23.81	-0.000644625533
23.82	-0.0006091914365
23.83	-0.0005738802649
23.84	-0.0005387002791
23.85	-0.0005036596401
23.86	-0.000468766407
23.87	-0.0004340285365
23.88	-0.000399453881
23.89	-0.0003650501877
23.9	-0.0003308250974
23.91	-0.0002967861432
23.92	-0.0002629407494
23.93	-0.0002292962306
23.94	-0.0001958597906
23.95	-0.0001626385211
23.96	-0.0001296394013
23.97	-9.68692964e-05
23.98	-6.433495715e-05
23.99	-3.204301873e-05
24	-2.985976093e-18
24.01	3.178769723e-05
24.02	6.331378897e-05
24.03	9.457210979e-05
24.04	0.0001255566134
24.05	0.0001562613735
24.06	0.0001866805839
24.07	0.0002168085598
24.08	0.0002466397375
24.09	0.0002761686757
24.1	0.0003053900552
24.11	0.00033429868
24.12	0.000362889477
24.13	0.0003911574969
24.14	0.0004190979143
24.15	0.0004467060279
24.16	0.0004739772609
24.17	0.0005009071611
24.18	0.0005274914011
24.19	0.0005537257783
24.2	0.0005796062154
24.21	0.00060512876
24.22	0.0006302895849
24.23	0.0006550849882
24.24	0.0006795113928
24.25	0.000703565347
24.26	0.0007272435239
24.27	0.0007505427215
24.28	0.0007734598624
24.29	0.0007959919937
24.3	0.000818136287
24.31	0.0008398900377
24.32	0.000861250665
24.33	0.0008822157116
24.34	0.0009027828432
24.35	0.0009229498483
24.36	0.0009427146378
24.37	0.0009620752443
24.38	0.000981029822
24.39	0.000999576646
24.4	0.001017714112
24.41	0.001035440735
24.42	0.001052755151
24.43	0.001069656112
24.44	0.001086142491
24.45	0.001102213276
24.46	0.001117867574
24.47	0.001133104606
24.48	0.001147923711
24.49	0.00116232434
24.5	0.00117630606
24.51	0.001189868548
24.52	0.001203011598
24.53	0.001215735111
24.54	0.001228039101
24.55	0.00123992369
24.56	0.001251389112
24.57	0.001262435704
24.58	0.001273063914
24.59	0.001283274295
24.6	0.001293067503
24.61	0.0013024443
24.62	0.001311405551
24.63	0.00131995222
24.64	0.001328085376
24.65	0.001335806184
24.66	0.001343115911
24.67	0.001350015917
24.68	0.001356507664
24.69	0.001362592704
24.7	0.001368272686
24.71	0.001373549352
24.72	0.001378424534
24.73	0.001382900155
24.74	0.001386978228
24.75	0.001390660854
24.76	0.00139395022
24.77	0.001396848597
24.78	0.001399358345
24.79	0.001401481902
24.8	0.001403221789
24.81	0.001404580609
24.82	0.001405561043
24.83	0.001406165848
24.84	0.001406397861
24.85	0.001406259989
24.86	0.001405755217
24.87	0.001404886601
24.88	0.001403657266
24.89	0.001402070409
24.9	0.001400129294
24.91	0.001397837251
24.92	0.001395197676
24.93	0.00139221403
24.94	0.001388889835
24.95	0.001385228673
24.96	0.001381234189
24.97	0.001376910084
24.98	0.001372260115
24.99	0.001367288095
25	0.001361997893
25.01	0.001356393427
25.02	0.001350478669
25.03	0.001344257638
25.04	0.001337734404
25.05	0.00133091308
25.06	0.001323797828
25.07	0.001316392851
25.08	0.001308702396
25.09	0.001300730749
25.1	0.001292482238
25.11	0.001283961227
25.12	0.001275172117
25.13	0.001266119345
25.14	0.001256807379
25.15	0.001247240724
25.16	0.00123742391
25.17	0.001227361501
25.18	0.001217058086
25.19	0.001206518283
25.2	0.001195746732
25.21	0.0011847481
25.22	0.001173527073
25.23	0.001162088361
25.24	0.001150436691
25.25	0.001138576808
25.26	0.001126513477
25.27	0.001114251474
25.28	0.001101795591
25.29	0.001089150634
25.3	0.001076321417
25.31	0.001063312765
25.32	0.001050129513
25.33	0.001036776503
25.34	0.00102325858
25.35	0.001009580596
25.36	0.0009957474061
25.37	0.0009817638671
25.38	0.0009676348359
25.39	0.0009533651695
25.4	0.0009389597224
25.41	0.0009244233463
25.42	0.0009097608885
25.43	0.0008949771905
25.44	0.000880077087
25.45	0.0008650654048
25.46	0.0008499469613
25.47	0.0008347265634
25.48	0.0008194090065
25.49	0.0008039990732
25.5	0.000788501532
25.51	0.0007729211366
25.52	0.0007572626243
25.53	0.0007415307152
25.54	0.0007257301109
25.55	0.0007098654935
25.56	0.0006939415248
25.57	0.0006779628447
25.58	0.0006619340706
25.59	0.0006458597961
25.6	0.0006297445901
25.61	0.000613592996
25.62	0.0005974095304
25.63	0.0005811986821
25.64	0.0005649649116
25.65	0.0005487126496
25.66	0.0005324462965
25.67	0.0005161702212
25.68	0.0004998887604
25.69	0.0004836062177
25.7	0.0004673268626
25.71	0.0004510549298
25.72	0.0004347946183
25.73	0.0004185500906
25.74	0.0004023254718
25.75	0.0003861248492
25.76	0.000369952271
25.77	0.0003538117458
25.78	0.0003377072421
25.79	0.000321642687
25.8	0.0003056219663
25.81	0.000289648923
25.82	0.0002737273571
25.83	0.0002578610249
25.84	0.0002420536384
25.85	0.0002263088643
25.86	0.0002106303241
25.87	0.0001950215927
25.88	0.0001794861986
25.89	0.0001640276227
25.9	0.0001486492983
25.91	0.0001333546103
25.92	0.0001181468946
25.93	0.0001030294378
25.94	8.80054768e-05
25.95	7.30781982e-05
25.96	5.825073788e-05
25.97	4.35261806e-05
25.98	2.890755965e-05
25.99	1.439785641e-05
26	-1.790044287e-18
26.01	-1.428313307e-05
26.02	-2.844871921e-05
26.03	-4.249398812e-05
26.04	-5.641622305e-05
26.05	-7.021276107e-05
26.06	-8.388099339e-05
26.07	-9.741836557e-05
26.08	-0.0001108223778
26.09	-0.000124090585
26.1	-0.0001372205972
26.11	-0.0001502100796
26.12	-0.0001630567528
26.13	-0.0001757583929
26.14	-0.0001883128317
26.15	-0.0002007179568
26.16	-0.0002129717117
26.17	-0.0002250720958
26.18	-0.0002370171648
26.19	-0.0002488050304
26.2	-0.0002604338604
26.21	-0.0002719018789
26.22	-0.0002832073663
26.23	-0.0002943486591
26.24	-0.0003053241502
26.25	-0.0003161322886
26.26	-0.0003267715793
26.27	-0.0003372405836
26.28	-0.0003475379187
26.29	-0.000357662258
26.3	-0.0003676123304
26.31	-0.0003773869206
26.32	-0.0003869848692
26.33	-0.0003964050718
26.34	-0.0004056464798
26.35	-0.0004147080993
26.36	-0.0004235889917
26.37	-0.0004322882729
26.38	-0.0004408051137
26.39	-0.0004491387389
26.4	-0.0004572884277
26.41	-0.000465253513
26.42	-0.0004730333814
26.43	-0.0004806274728
26.44	-0.0004880352802
26.45	-0.0004952563495
26.46	-0.000502290279
26.47	-0.0005091367191
26.48	-0.000515795372
26.49	-0.0005222659918
26.5	-0.0005285483832
26.51	-0.0005346424022
26.52	-0.000540547955
26.53	-0.000546264998
26.54	-0.000551793537
26.55	-0.0005571336273
26.56	-0.0005622853732
26.57	-0.0005672489272
26.58	-0.0005720244899
26.59	-0.0005766123097
26.6	-0.0005810126818
26.61	-0.0005852259483
26.62	-0.0005892524977
26.63	-0.0005930927638
26.64	-0.0005967472262
26.65	-0.0006002164091
26.66	-0.0006035008808
26.67	-0.0006066012537
26.68	-0.0006095181833
26.69	-0.0006122523682
26.7	-0.0006148045488
26.71	-0.0006171755075
26.72	-0.0006193660679
26.73	-0.0006213770942
26.74	-0.0006232094906
26.75	-0.000624864201
26.76	-0.0006263422082
26.77	-0.0006276445333
26.78	-0.0006287722355
26.79	-0.0006297264111
26.8	-0.000630508193
26.81	-0.0006311187502
26.82	-0.0006315592874
26.83	-0.0006318310441
26.84	-0.0006319352938
26.85	-0.0006318733442
26.86	-0.0006316465356
26.87	-0.000631256241
26.88	-0.0006307038653
26.89	-0.0006299908445
26.9	-0.0006291186451
26.91	-0.0006280887638
26.92	-0.0006269027266
26.93	-0.000625562088
26.94	-0.0006240684307
26.95	-0.0006224233649
26.96	-0.0006206285275
26.97	-0.0006186855816
26.98	-0.0006165962158
26.99	-0.0006143621435
27	-0.0006119851023
27.01	-0.0006094668536
27.02	-0.0006068091814
27.03	-0.0006040138922
27.04	-0.0006010828139
27.05	-0.0005980177957
27.06	-0.0005948207067
27.07	-0.0005914934361
27.08	-0.0005880378917
27.09	-0.0005844560001
27.1	-0.0005807497051
27.11	-0.0005769209681
27.12	-0.0005729717664
27.13	-0.0005689040936
27.14	-0.0005647199579
27.15	-0.0005604213823
27.16	-0.0005560104037
27.17	-0.0005514890718
27.18	-0.0005468594492
27.19	-0.0005421236102
27.2	-0.0005372836405
27.21	-0.0005323416364
27.22	-0.0005272997041
27.23	-0.0005221599594
27.24	-0.0005169245264
27.25	-0.0005115955379
27.26	-0.0005061751336
27.27	-0.0005006654606
27.28	-0.0004950686718
27.29	-0.0004893869261
27.3	-0.0004836223872
27.31	-0.0004777772233
27.32	-0.0004718536065
27.33	-0.0004658537119
27.34	-0.0004597797176
27.35	-0.0004536338033
27.36	-0.0004474181505
27.37	-0.0004411349414
27.38	-0.0004347863585
27.39	-0.000428374584
27.4	-0.0004219017994
27.41	-0.0004153701846
27.42	-0.0004087819176
27.43	-0.0004021391739
27.44	-0.0003954441258
27.45	-0.0003886989422
27.46	-0.0003819057877
27.47	-0.0003750668221
27.48	-0.0003681842001
27.49	-0.0003612600707
27.5	-0.0003542965766
27.51	-0.0003472958537
27.52	-0.0003402600305
27.53	-0.0003331912281
27.54	-0.0003260915589
27.55	-0.0003189631269
27.56	-0.0003118080265
27.57	-0.0003046283427
27.58	-0.0002974261503
27.59	-0.0002902035131
27.6	-0.0002829624843
27.61	-0.0002757051053
27.62	-0.0002684334054
27.63	-0.0002611494018
27.64	-0.0002538550985
27.65	-0.0002465524864
27.66	-0.0002392435428
27.67	-0.0002319302308
27.68	-0.0002246144989
27.69	-0.0002172982808
27.7	-0.0002099834951
27.71	-0.0002026720444
27.72	-0.0001953658154
27.73	-0.0001880666786
27.74	-0.0001807764875
27.75	-0.0001734970785
27.76	-0.0001662302707
27.77	-0.0001589778652
27.78	-0.0001517416452
27.79	-0.0001445233754
27.8	-0.0001373248015
27.81	-0.0001301476505
27.82	-0.0001229936298
27.83	-0.0001158644272
27.84	-0.0001087617106
27.85	-0.0001016871276
27.86	-9.464230533e-05
27.87	-8.762885023e-05
27.88	-8.064834767e-05
27.89	-7.37023618e-05
27.9	-6.679243524e-05
27.91	-5.99200889e-05
27.92	-5.308682174e-05
27.93	-4.629411055e-05
27.94	-3.954340973e-05
27.95	-3.28361511e-05
27.96	-2.617374371e-05
27.97	-1.955757364e-05
27.98	-1.298900383e-05
27.99	-6.469373907e-06
28	-7.033345386e-19
28.01	6.417825385e-06
28.02	1.278283353e-05
28.03	1.909377967e-05
28.04	2.534944306e-05
28.05	3.15486272e-05
28.06	3.769015987e-05
28.07	4.377289329e-05
28.08	4.97957042e-05
28.09	5.5757494e-05
28.1	6.165718878e-05
28.11	6.749373946e-05
28.12	7.326612182e-05
28.13	7.897333661e-05
28.14	8.461440959e-05
28.15	9.01883916e-05
28.16	9.569435859e-05
28.17	0.0001011314117
28.18	0.0001064986772
28.19	0.0001117953066
28.2	0.0001170204767
28.21	0.0001221733896
28.22	0.0001272532725
28.23	0.0001322593781
28.24	0.0001371909841
28.25	0.0001420473937
28.26	0.0001468279352
28.27	0.0001515319621
28.28	0.000156158853
28.29	0.0001607080119
28.3	0.0001651788676
28.31	0.0001695708741
28.32	0.0001738835104
28.33	0.0001781162803
28.34	0.0001822687125
28.35	0.0001863403607
28.36	0.0001903308028
28.37	0.0001942396419
28.38	0.0001980665051
28.39	0.0002018110443
28.4	0.0002054729355
28.41	0.000209051879
28.42	0.0002125475992
28.43	0.0002159598445
28.44	0.0002192883869
28.45	0.0002225330225
28.46	0.0002256935707
28.47	0.0002287698746
28.48	0.0002317618002
28.49	0.0002346692371
28.5	0.0002374920975
28.51	0.0002402303168
28.52	0.0002428838527
28.53	0.0002454526857
28.54	0.0002479368184
28.55	0.0002503362756
28.56	0.0002526511043
28.57	0.0002548813729
28.58	0.0002570271715
28.59	0.0002590886118
28.6	0.0002610658264
28.61	0.0002629589691
28.62	0.0002647682144
28.63	0.0002664937572
28.64	0.000268135813
28.65	0.0002696946173
28.66	0.0002711704256
28.67	0.0002725635129
28.68	0.0002738741739
28.69	0.0002751027224
28.7	0.000276249491
28.71	0.0002773148315
28.72	0.0002782991137
28.73	0.0002792027261
28.74	0.0002800260748
28.75	0.0002807695841
28.76	0.0002814336956
28.77	0.000282018868
28.78	0.0002825255773
28.79	0.000282954316
28.8	0.0002833055932
28.81	0.0002835799343
28.82	0.0002837778804
28.83	0.0002838999885
28.84	0.000283946831
28.85	0.0002839189952
28.86	0.0002838170835
28.87	0.0002836417129
28.88	0.0002833935145
28.89	0.0002830731335
28.9	0.0002826812291
28.91	0.0002822184736
28.92	0.0002816855527
28.93	0.000281083165
28.94	0.0002804120215
28.95	0.0002796728458
28.96	0.0002788663734
28.97	0.0002779933515
28.98	0.0002770545389
28.99	0.0002760507055
29	0.0002749826321
29.01	0.00027385111
29.02	0.0002726569409
29.03	0.0002714009365
29.04	0.0002700839181
29.05	0.0002687067167
29.06	0.000267270172
29.07	0.0002657751329
29.08	0.0002642224568
29.09	0.0002626130091
29.1	0.0002609476634
29.11	0.000259227301
29.12	0.0002574528103
29.13	0.000255625087
29.14	0.0002537450337
29.15	0.0002518135592
29.16	0.0002498315787
29.17	0.0002478000133
29.18	0.0002457197898
29.19	0.0002435918402
29.2	0.0002414171016
29.21	0.000239196516
29.22	0.0002369310298
29.23	0.0002346215936
29.24	0.000232269162
29.25	0.0002298746931
29.26	0.0002274391484
29.27	0.0002249634928
29.28	0.0002224486935
29.29	0.0002198957205
29.3	0.0002173055463
29.31	0.0002146791448
29.32	0.0002120174922
29.33	0.0002093215658
29.34	0.0002065923442
29.35	0.0002038308069
29.36	0.0002010379341
29.37	0.0001982147063
29.38	0.0001953621041
29.39	0.0001924811081
29.4	0.0001895726985
29.41	0.0001866378548
29.42	0.0001836775556
29.43	0.0001806927784
29.44	0.0001776844994
29.45	0.0001746536931
29.46	0.000171601332
29.47	0.0001685283866
29.48	0.0001654358252
29.49	0.0001623246133
29.5	0.0001591957137
29.51	0.0001560500862
29.52	0.0001528886871
29.53	0.0001497124694
29.54	0.0001465223824
29.55	0.0001433193714
29.56	0.0001401043776
29.57	0.0001368783377
29.58	0.000133642184
29.59	0.0001303968439
29.6	0.00012714324
29.61	0.0001238822894
29.62	0.000120614904
29.63	0.0001173419902
29.64	0.0001140644484
29.65	0.0001107831733
29.66	0.0001074990533
29.67	0.0001042129703
29.68	0.0001009258001
29.69	9.763841144e-05
29.7	9.435166633e-05
29.71	9.106641975e-05
29.72	8.778351948e-05
29.73	8.450380589e-05
29.74	8.122811186e-05
29.75	7.795726257e-05
29.76	7.469207533e-05
29.77	7.14333595e-05
29.78	6.818191627e-05
29.79	6.493853855e-05
29.8	6.170401082e-05
29.81	5.847910899e-05
29.82	5.526460028e-05
29.83	5.206124306e-05
29.84	4.886978676e-05
29.85	4.56909717e-05
29.86	4.252552901e-05
29.87	3.93741805e-05
29.88	3.623763852e-05
29.89	3.311660588e-05
29.9	3.001177574e-05
29.91	2.692383148e-05
29.92	2.385344662e-05
29.93	2.080128474e-05
29.94	1.776799933e-05
29.95	1.475423376e-05
29.96	1.176062115e-05
29.97	8.787784306e-06
29.98	5.836335638e-06
29.99	2.906877076e-06
30	9.934608678e-19
