temps	angle
0	0
0.01	0.3132053194
0.02	0.6244571758
0.03	0.9336878951
0.04	1.240830724
0.05	1.545819839
0.06	1.848590363
0.07	2.14907837
0.08	2.447220898
0.09	2.742955961
0.1	3.036222558
0.11	3.326960681
0.12	3.615111326
0.13	3.900616502
0.14	4.18341924
0.15	4.4634636
0.16	4.740694679
0.17	5.015058622
0.18	5.286502626
0.19	5.554974947
0.2	5.820424912
0.21	6.082802917
0.22	6.342060441
0.23	6.598150049
0.24	6.851025396
0.25	7.100641234
0.26	7.346953418
0.27	7.589918909
0.28	7.829495777
0.29	8.06564321
0.3	8.298321511
0.31	8.527492107
0.32	8.753117551
0.33	8.975161521
0.34	9.193588829
0.35	9.408365417
0.36	9.619458362
0.37	9.826835877
0.38	10.03046732
0.39	10.23032316
0.4	10.42637505
0.41	10.61859575
0.42	10.80695916
0.43	10.99144034
0.44	11.17201547
0.45	11.34866187
0.46	11.52135801
0.47	11.69008349
0.48	11.85481904
0.49	12.01554652
0.5	12.17224894
0.51	12.3249104
0.52	12.47351617
0.53	12.61805262
0.54	12.75850723
0.55	12.89486862
0.56	13.02712649
0.57	13.15527168
0.58	13.27929611
0.59	13.39919282
0.6	13.51495592
0.61	13.62658063
0.62	13.73406323
0.63	13.83740112
0.64	13.93659272
0.65	14.03163756
0.66	14.12253621
0.67	14.20929028
0.68	14.29190246
0.69	14.37037646
0.7	14.44471703
0.71	14.51492993
0.72	14.58102197
0.73	14.64300092
0.74	14.70087561
0.75	14.75465582
0.76	14.80435233
0.77	14.84997691
0.78	14.89154228
0.79	14.92906212
0.8	14.96255106
0.81	14.99202469
0.82	15.01749951
0.83	15.03899293
0.84	15.05652331
0.85	15.07010987
0.86	15.07977274
0.87	15.08553294
0.88	15.08741234
0.89	15.08543367
0.9	15.07962052
0.91	15.06999731
0.92	15.05658928
0.93	15.0394225
0.94	15.01852382
0.95	14.99392091
0.96	14.96564218
0.97	14.93371684
0.98	14.89817485
0.99	14.8590469
1	14.81636441
1.01	14.77015954
1.02	14.72046514
1.03	14.66731475
1.04	14.6107426
1.05	14.55078357
1.06	14.48747323
1.07	14.42084775
1.08	14.35094396
1.09	14.2777993
1.1	14.20145179
1.11	14.12194006
1.12	14.03930332
1.13	13.95358133
1.14	13.8648144
1.15	13.77304337
1.16	13.67830963
1.17	13.58065505
1.18	13.48012199
1.19	13.37675331
1.2	13.27059232
1.21	13.16168281
1.22	13.05006898
1.23	12.93579546
1.24	12.8189073
1.25	12.69944995
1.26	12.57746923
1.27	12.45301134
1.28	12.32612283
1.29	12.19685059
1.3	12.06524185
1.31	11.93134413
1.32	11.79520527
1.33	11.65687338
1.34	11.51639686
1.35	11.37382435
1.36	11.22920475
1.37	11.08258716
1.38	10.93402093
1.39	10.78355559
1.4	10.63124087
1.41	10.47712666
1.42	10.32126303
1.43	10.16370018
1.44	10.00448844
1.45	9.843678283
1.46	9.681320265
1.47	9.517465041
1.48	9.352163347
1.49	9.185465982
1.5	9.017423798
1.51	8.848087684
1.52	8.677508558
1.53	8.505737346
1.54	8.332824976
1.55	8.158822363
1.56	7.983780393
1.57	7.807749914
1.58	7.630781721
1.59	7.452926546
1.6	7.274235041
1.61	7.094757772
1.62	6.914545198
1.63	6.733647668
1.64	6.552115403
1.65	6.369998483
1.66	6.187346842
1.67	6.004210247
1.68	5.820638295
1.69	5.636680395
1.7	5.452385758
1.71	5.26780339
1.72	5.082982073
1.73	4.897970362
1.74	4.712816566
1.75	4.527568745
1.76	4.342274694
1.77	4.156981933
1.78	3.971737698
1.79	3.786588932
1.8	3.601582269
1.81	3.41676403
1.82	3.232180212
1.83	3.047876476
1.84	2.863898137
1.85	2.680290158
1.86	2.497097137
1.87	2.314363302
1.88	2.132132496
1.89	1.950448173
1.9	1.769353389
1.91	1.588890791
1.92	1.409102608
1.93	1.230030647
1.94	1.051716281
1.95	0.8742004428
1.96	0.6975236171
1.97	0.5217258315
1.98	0.3468466507
1.99	0.1729251684
2	1.344200827e-15
2.01	-0.1718907238
2.02	-0.3427093643
2.03	-0.5124187813
2.04	-0.6809823396
2.05	-0.8483639152
2.06	-1.014527902
2.07	-1.179439216
2.08	-1.343063305
2.09	-1.505366149
2.1	-1.66631427
2.11	-1.825874734
2.12	-1.984015161
2.13	-2.140703724
2.14	-2.295909158
2.15	-2.449600761
2.16	-2.601748403
2.17	-2.752322528
2.18	-2.901294155
2.19	-3.048634889
2.2	-3.194316918
2.21	-3.338313021
2.22	-3.480596567
2.23	-3.621141523
2.24	-3.759922456
2.25	-3.896914533
2.26	-4.032093526
2.27	-4.165435814
2.28	-4.296918387
2.29	-4.426518846
2.3	-4.554215405
2.31	-4.679986895
2.32	-4.803812764
2.33	-4.925673079
2.34	-5.045548527
2.35	-5.163420417
2.36	-5.279270682
2.37	-5.393081876
2.38	-5.504837178
2.39	-5.614520394
2.4	-5.722115951
2.41	-5.827608907
2.42	-5.93098494
2.43	-6.032230357
2.44	-6.131332088
2.45	-6.22827769
2.46	-6.323055342
2.47	-6.415653848
2.48	-6.506062633
2.49	-6.594271745
2.5	-6.680271853
2.51	-6.764054243
2.52	-6.845610819
2.53	-6.924934103
2.54	-7.002017228
2.55	-7.076853942
2.56	-7.149438602
2.57	-7.219766173
2.58	-7.287832225
2.59	-7.353632932
2.6	-7.417165069
2.61	-7.478426008
2.62	-7.537413714
2.63	-7.594126747
2.64	-7.648564254
2.65	-7.700725967
2.66	-7.750612201
2.67	-7.798223847
2.68	-7.843562374
2.69	-7.886629819
2.7	-7.927428787
2.71	-7.965962445
2.72	-8.002234521
2.73	-8.036249294
2.74	-8.068011594
2.75	-8.097526799
2.76	-8.124800825
2.77	-8.149840124
2.78	-8.172651681
2.79	-8.193243006
2.8	-8.211622129
2.81	-8.227797599
2.82	-8.241778474
2.83	-8.253574316
2.84	-8.26319519
2.85	-8.270651653
2.86	-8.275954752
2.87	-8.279116015
2.88	-8.28014745
2.89	-8.279061533
2.9	-8.275871209
2.91	-8.270589879
2.92	-8.263231398
2.93	-8.253810069
2.94	-8.242340632
2.95	-8.228838264
2.96	-8.21331857
2.97	-8.195797574
2.98	-8.176291714
2.99	-8.154817839
3	-8.131393195
3.01	-8.106035425
3.02	-8.078762559
3.03	-8.049593006
3.04	-8.01854555
3.05	-7.98563934
3.06	-7.950893886
3.07	-7.914329049
3.08	-7.875965036
3.09	-7.835822391
3.1	-7.793921989
3.11	-7.750285029
3.12	-7.704933024
3.13	-7.657887797
3.14	-7.609171473
3.15	-7.558806468
3.16	-7.506815488
3.17	-7.453221515
3.18	-7.398047802
3.19	-7.341317867
3.2	-7.283055485
3.21	-7.223284677
3.22	-7.162029707
3.23	-7.09931507
3.24	-7.03516549
3.25	-6.969605906
3.26	-6.902661468
3.27	-6.834357529
3.28	-6.764719638
3.29	-6.69377353
3.3	-6.621545119
3.31	-6.548060492
3.32	-6.473345901
3.33	-6.397427752
3.34	-6.320332603
3.35	-6.242087152
3.36	-6.162718228
3.37	-6.082252791
3.38	-6.000717914
3.39	-5.918140785
3.4	-5.834548694
3.41	-5.749969024
3.42	-5.664429249
3.43	-5.577956922
3.44	-5.49057967
3.45	-5.402325184
3.46	-5.313221214
3.47	-5.223295561
3.48	-5.132576068
3.49	-5.041090614
3.5	-4.948867108
3.51	-4.855933478
3.52	-4.762317669
3.53	-4.668047629
3.54	-4.573151309
3.55	-4.47765665
3.56	-4.38159158
3.57	-4.284984004
3.58	-4.187861801
3.59	-4.090252811
3.6	-3.992184834
3.61	-3.89368562
3.62	-3.794782863
3.63	-3.695504194
3.64	-3.595877174
3.65	-3.495929289
3.66	-3.395687943
3.67	-3.295180449
3.68	-3.194434026
3.69	-3.09347579
3.7	-2.992332749
3.71	-2.891031797
3.72	-2.789599708
3.73	-2.688063128
3.74	-2.58644857
3.75	-2.484782411
3.76	-2.383090879
3.77	-2.281400056
3.78	-2.179735864
3.79	-2.078124067
3.8	-1.976590257
3.81	-1.875159858
3.82	-1.773858111
3.83	-1.672710075
3.84	-1.571740622
3.85	-1.470974427
3.86	-1.370435966
3.87	-1.27014951
3.88	-1.170139123
3.89	-1.070428653
3.9	-0.9710417285
3.91	-0.8720017543
3.92	-0.7733319075
3.93	-0.6750551316
3.94	-0.5771941327
3.95	-0.4797713753
3.96	-0.3828090775
3.97	-0.2863292072
3.98	-0.1903534779
3.99	-0.09490334458
4	-1.47542611e-15
4.01	0.09433562936
4.02	0.1880828869
4.03	0.2812213897
4.04	0.3737310319
4.05	0.4655919883
4.06	0.5567847176
4.07	0.6472899659
4.08	0.7370887697
4.09	0.826162459
4.1	0.9144926605
4.11	1.0020613
4.12	1.088850607
4.13	1.174843113
4.14	1.260021661
4.15	1.344369401
4.16	1.427869798
4.17	1.510506629
4.18	1.592263992
4.19	1.673126301
4.2	1.753078294
4.21	1.832105031
4.22	1.910191896
4.23	1.987324604
4.24	2.063489195
4.25	2.138672041
4.26	2.212859845
4.27	2.286039644
4.28	2.35819881
4.29	2.42932505
4.3	2.499406408
4.31	2.568431265
4.32	2.636388342
4.33	2.703266701
4.34	2.769055742
4.35	2.833745207
4.36	2.89732518
4.37	2.959786088
4.38	3.021118698
4.39	3.081314123
4.4	3.140363817
4.41	3.198259579
4.42	3.254993549
4.43	3.310558211
4.44	3.364946395
4.45	3.418151269
4.46	3.470166347
4.47	3.520985485
4.48	3.570602878
4.49	3.619013065
4.5	3.666210925
4.51	3.712191676
4.52	3.756950874
4.53	3.800484415
4.54	3.842788531
4.55	3.88385979
4.56	3.923695096
4.57	3.962291686
4.58	3.999647127
4.59	4.035759321
4.6	4.070626497
4.61	4.104247213
4.62	4.136620352
4.63	4.167745125
4.64	4.197621062
4.65	4.226248017
4.66	4.253626163
4.67	4.279755988
4.68	4.304638299
4.69	4.328274214
4.7	4.350665163
4.71	4.371812883
4.72	4.39171942
4.73	4.410387123
4.74	4.427818643
4.75	4.444016931
4.76	4.458985234
4.77	4.472727093
4.78	4.48524634
4.79	4.496547099
4.8	4.506633776
4.81	4.515511062
4.82	4.523183929
4.83	4.529657624
4.84	4.534937672
4.85	4.539029865
4.86	4.541940267
4.87	4.543675206
4.88	4.544241269
4.89	4.543645306
4.9	4.541894418
4.91	4.538995963
4.92	4.534957543
4.93	4.529787008
4.94	4.523492447
4.95	4.516082191
4.96	4.507564802
4.97	4.497949075
4.98	4.487244033
4.99	4.47545892
5	4.462603203
5.01	4.448686564
5.02	4.433718897
5.03	4.417710307
5.04	4.400671102
5.05	4.382611791
5.06	4.363543082
5.07	4.343475874
5.08	4.322421257
5.09	4.300390507
5.1	4.277395079
5.11	4.253446607
5.12	4.228556899
5.13	4.202737931
5.14	4.176001845
5.15	4.148360945
5.16	4.11982769
5.17	4.090414694
5.18	4.060134718
5.19	4.02900067
5.2	3.997025596
5.21	3.964222682
5.22	3.930605241
5.23	3.896186719
5.24	3.860980683
5.25	3.82500082
5.26	3.788260933
5.27	3.750774937
5.28	3.712556852
5.29	3.673620802
5.3	3.63398101
5.31	3.593651792
5.32	3.552647555
5.33	3.510982792
5.34	3.468672077
5.35	3.425730062
5.36	3.382171474
5.37	3.338011105
5.38	3.293263816
5.39	3.247944527
5.4	3.202068214
5.41	3.155649907
5.42	3.108704684
5.43	3.061247664
5.44	3.013294012
5.45	2.964858923
5.46	2.915957627
5.47	2.866605383
5.48	2.816817469
5.49	2.766609188
5.5	2.715995854
5.51	2.664992797
5.52	2.613615351
5.53	2.561878857
5.54	2.509798652
5.55	2.457390072
5.56	2.404668444
5.57	2.351649082
5.58	2.298347287
5.59	2.244778337
5.6	2.190957491
5.61	2.136899976
5.62	2.082620992
5.63	2.028135703
5.64	1.973459235
5.65	1.918606673
5.66	1.863593056
5.67	1.808433374
5.68	1.753142564
5.69	1.697735509
5.7	1.642227032
5.71	1.586631891
5.72	1.53096478
5.73	1.475240323
5.74	1.419473072
5.75	1.3636775
5.76	1.307868004
5.77	1.252058897
5.78	1.196264406
5.79	1.140498669
5.8	1.084775733
5.81	1.029109549
5.82	0.9735139718
5.83	0.9180027532
5.84	0.8625895424
5.85	0.8072878818
5.86	0.7521112044
5.87	0.6970728308
5.88	0.6421859668
5.89	0.5874637005
5.9	0.5329189997
5.91	0.4785647095
5.92	0.4244135494
5.93	0.3704781112
5.94	0.3167708563
5.95	0.2633041134
5.96	0.2100900761
5.97	0.1571408007
5.98	0.1044682036
5.99	0.05208405981
6	1.214596526e-15
6.01	-0.05177249109
6.02	-0.1032220769
6.03	-0.154337571
6.04	-0.2051079391
6.05	-0.2555223009
6.06	-0.3055699318
6.07	-0.3552402652
6.08	-0.4045228936
6.09	-0.4534075708
6.1	-0.5018842132
6.11	-0.5499429017
6.12	-0.597573883
6.13	-0.6447675712
6.14	-0.6915145494
6.15	-0.7378055707
6.16	-0.7836315599
6.17	-0.8289836146
6.18	-0.8738530066
6.19	-0.9182311829
6.2	-0.9621097669
6.21	-1.005480559
6.22	-1.04833554
6.23	-1.090666867
6.24	-1.132466881
6.25	-1.173728102
6.26	-1.214443232
6.27	-1.254605157
6.28	-1.294206947
6.29	-1.333241855
6.3	-1.37170332
6.31	-1.409584965
6.32	-1.4468806
6.33	-1.483584221
6.34	-1.519690012
6.35	-1.555192343
6.36	-1.590085772
6.37	-1.624365045
6.38	-1.658025096
6.39	-1.691061045
6.4	-1.723468204
6.41	-1.755242072
6.42	-1.786378335
6.43	-1.816872868
6.44	-1.846721736
6.45	-1.87592119
6.46	-1.904467671
6.47	-1.932357805
6.48	-1.959588407
6.49	-1.986156481
6.5	-2.012059216
6.51	-2.037293987
6.52	-2.061858356
6.53	-2.08575007
6.54	-2.108967061
6.55	-2.131507446
6.56	-2.153369525
6.57	-2.174551783
6.58	-2.195052884
6.59	-2.214871676
6.6	-2.234007188
6.61	-2.252458628
6.62	-2.270225383
6.63	-2.287307021
6.64	-2.303703283
6.65	-2.319414089
6.66	-2.334439534
6.67	-2.348779886
6.68	-2.362435588
6.69	-2.375407253
6.7	-2.387695666
6.71	-2.399301781
6.72	-2.41022672
6.73	-2.420471773
6.74	-2.430038394
6.75	-2.438928203
6.76	-2.447142981
6.77	-2.454684673
6.78	-2.461555382
6.79	-2.46775737
6.8	-2.473293056
6.81	-2.478165014
6.82	-2.482375972
6.83	-2.485928812
6.84	-2.488826563
6.85	-2.491072407
6.86	-2.492669669
6.87	-2.493621823
6.88	-2.493932486
6.89	-2.493605414
6.9	-2.492644507
6.91	-2.491053801
6.92	-2.488837469
6.93	-2.485999819
6.94	-2.482545291
6.95	-2.478478456
6.96	-2.473804014
6.97	-2.468526791
6.98	-2.462651739
6.99	-2.456183932
7	-2.449128565
7.01	-2.441490952
7.02	-2.433276522
7.03	-2.424490822
7.04	-2.415139508
7.05	-2.405228348
7.06	-2.394763218
7.07	-2.383750101
7.08	-2.372195082
7.09	-2.36010435
7.1	-2.347484191
7.11	-2.334340991
7.12	-2.32068123
7.13	-2.30651148
7.14	-2.291838405
7.15	-2.276668757
7.16	-2.261009375
7.17	-2.24486718
7.18	-2.228249177
7.19	-2.211162449
7.2	-2.193614157
7.21	-2.175611536
7.22	-2.157161893
7.23	-2.138272608
7.24	-2.118951125
7.25	-2.099204958
7.26	-2.079041681
7.27	-2.05846893
7.28	-2.0374944
7.29	-2.016125843
7.3	-1.994371064
7.31	-1.972237919
7.32	-1.949734317
7.33	-1.92686821
7.34	-1.903647598
7.35	-1.88008052
7.36	-1.85617506
7.37	-1.831939336
7.38	-1.807381503
7.39	-1.78250975
7.4	-1.757332296
7.41	-1.731857389
7.42	-1.706093304
7.43	-1.680048339
7.44	-1.653730817
7.45	-1.627149076
7.46	-1.600311476
7.47	-1.57322639
7.48	-1.545902204
7.49	-1.518347315
7.5	-1.490570128
7.51	-1.462579057
7.52	-1.434382517
7.53	-1.405988927
7.54	-1.377406704
7.55	-1.348644266
7.56	-1.319710023
7.57	-1.29061238
7.58	-1.261359735
7.59	-1.231960472
7.6	-1.202422965
7.61	-1.172755572
7.62	-1.142966634
7.63	-1.113064473
7.64	-1.083057392
7.65	-1.052953667
7.66	-1.022761554
7.67	-0.9924892785
7.68	-0.9621450389
7.69	-0.9317370025
7.7	-0.901273304
7.71	-0.8707620437
7.72	-0.8402112856
7.73	-0.8096290553
7.74	-0.7790233388
7.75	-0.74840208
7.76	-0.7177731793
7.77	-0.6871444919
7.78	-0.6565238259
7.79	-0.6259189405
7.8	-0.5953375448
7.81	-0.5647872955
7.82	-0.5342757956
7.83	-0.5038105929
7.84	-0.473399178
7.85	-0.4430489832
7.86	-0.4127673806
7.87	-0.3825616808
7.88	-0.3524391311
7.89	-0.3224069146
7.9	-0.2924721481
7.91	-0.2626418812
7.92	-0.2329230944
7.93	-0.2033226984
7.94	-0.1738475319
7.95	-0.1445043613
7.96	-0.1152998784
7.97	-0.08624069991
7.98	-0.05733336575
7.99	-0.02858433808
8	-8.88779609e-16
8.01	0.02841334554
8.02	0.0566494769
8.03	0.08470225485
8.04	0.1125656236
8.05	0.140233612
8.06	0.1677003342
8.07	0.1949599912
8.08	0.2220068711
8.09	0.2488353507
8.1	0.2754398962
8.11	0.3018150636
8.12	0.3279555004
8.13	0.3538559457
8.14	0.3795112312
8.15	0.4049162824
8.16	0.4300661185
8.17	0.4549558538
8.18	0.4795806983
8.19	0.5039359578
8.2	0.5280170352
8.21	0.5518194309
8.22	0.5753387428
8.23	0.5985706679
8.24	0.6215110018
8.25	0.6441556398
8.26	0.666500577
8.27	0.688541909
8.28	0.7102758322
8.29	0.7316986439
8.3	0.7528067432
8.31	0.7735966306
8.32	0.7940649091
8.33	0.8142082836
8.34	0.8340235619
8.35	0.8535076544
8.36	0.8726575743
8.37	0.8914704381
8.38	0.9099434654
8.39	0.9280739789
8.4	0.9458594051
8.41	0.9632972733
8.42	0.9803852166
8.43	0.9971209715
8.44	1.013502377
8.45	1.029527378
8.46	1.045194018
8.47	1.060500448
8.48	1.07544492
8.49	1.090025788
8.5	1.10424151
8.51	1.118090646
8.52	1.131571858
8.53	1.144683908
8.54	1.157425663
8.55	1.169796089
8.56	1.181794252
8.57	1.193419322
8.58	1.204670564
8.59	1.215547348
8.6	1.22604914
8.61	1.236175505
8.62	1.245926107
8.63	1.255300708
8.64	1.264299168
8.65	1.272921441
8.66	1.28116758
8.67	1.289037732
8.68	1.29653214
8.69	1.303651141
8.7	1.310395165
8.71	1.316764736
8.72	1.32276047
8.73	1.328383074
8.74	1.333633347
8.75	1.338512177
8.76	1.343020543
8.77	1.347159512
8.78	1.350930237
8.79	1.35433396
8.8	1.357372008
8.81	1.360045796
8.82	1.362356819
8.83	1.364306658
8.84	1.365896978
8.85	1.367129523
8.86	1.368006119
8.87	1.368528673
8.88	1.368699168
8.89	1.368519667
8.9	1.36799231
8.91	1.367119312
8.92	1.365902963
8.93	1.364345628
8.94	1.362449743
8.95	1.360217816
8.96	1.357652428
8.97	1.354756227
8.98	1.35153193
8.99	1.347982322
9	1.344110255
9.01	1.339918644
9.02	1.335410469
9.03	1.330588775
9.04	1.325456665
9.05	1.320017305
9.06	1.31427392
9.07	1.308229793
9.08	1.301888264
9.09	1.29525273
9.1	1.28832664
9.11	1.281113499
9.12	1.273616863
9.13	1.265840339
9.14	1.257787585
9.15	1.249462306
9.16	1.240868254
9.17	1.23200923
9.18	1.222889077
9.19	1.213511682
9.2	1.203880975
9.21	1.194000926
9.22	1.183875548
9.23	1.173508888
9.24	1.162905034
9.25	1.152068108
9.26	1.141002266
9.27	1.129711701
9.28	1.118200635
9.29	1.106473322
9.3	1.094534046
9.31	1.082387119
9.32	1.07003688
9.33	1.057487695
9.34	1.044743953
9.35	1.031810066
9.36	1.018690472
9.37	1.005389624
9.38	0.9919119998
9.39	0.9782620922
9.4	0.9644444123
9.41	0.950463487
9.42	0.9363238572
9.43	0.9220300778
9.44	0.9075867151
9.45	0.8929983467
9.46	0.8782695596
9.47	0.863404949
9.48	0.8484091177
9.49	0.8332866739
9.5	0.8180422309
9.51	0.8026804052
9.52	0.787205816
9.53	0.7716230832
9.54	0.755936827
9.55	0.740151666
9.56	0.7242722168
9.57	0.708303092
9.58	0.6922488997
9.59	0.6761142422
9.6	0.6599037147
9.61	0.6436219041
9.62	0.6272733883
9.63	0.6108627346
9.64	0.594394499
9.65	0.5778732248
9.66	0.5613034418
9.67	0.5446896647
9.68	0.528036393
9.69	0.5113481087
9.7	0.4946292765
9.71	0.4778843419
9.72	0.4611177303
9.73	0.4443338465
9.74	0.4275370731
9.75	0.41073177
9.76	0.3939222729
9.77	0.3771128928
9.78	0.360307915
9.79	0.3435115978
9.8	0.326728172
9.81	0.3099618397
9.82	0.2932167735
9.83	0.2764971158
9.84	0.2598069774
9.85	0.2431504373
9.86	0.2265315415
9.87	0.2099543019
9.88	0.1934226962
9.89	0.1769406663
9.9	0.1605121181
9.91	0.1441409205
9.92	0.1278309045
9.93	0.1115858627
9.94	0.09540954843
9.95	0.07930567494
9.96	0.06327791491
9.97	0.04732989961
9.98	0.03146521826
9.99	0.01568741735
10	6.097157392e-16
10.01	-0.01559357465
10.02	-0.0310898921
10.03	-0.04648558307
10.04	-0.06177732407
10.05	-0.07696183803
10.06	-0.0920358948
10.07	-0.1069963117
10.08	-0.1218399541
10.09	-0.136563736
10.1	-0.1511646201
10.11	-0.1656396189
10.12	-0.1799857947
10.13	-0.1942002605
10.14	-0.2082801797
10.15	-0.2222227674
10.16	-0.2360252901
10.17	-0.2496850665
10.18	-0.2631994677
10.19	-0.2765659175
10.2	-0.289781893
10.21	-0.3028449247
10.22	-0.3157525968
10.23	-0.3285025476
10.24	-0.3410924698
10.25	-0.3535201106
10.26	-0.3657832721
10.27	-0.3778798116
10.28	-0.3898076415
10.29	-0.4015647299
10.3	-0.4131491004
10.31	-0.4245588325
10.32	-0.4357920619
10.33	-0.4468469803
10.34	-0.4577218356
10.35	-0.4684149322
10.36	-0.4789246311
10.37	-0.4892493497
10.38	-0.499387562
10.39	-0.5093377988
10.4	-0.5190986476
10.41	-0.5286687526
10.42	-0.5380468147
10.43	-0.5472315917
10.44	-0.556221898
10.45	-0.5650166045
10.46	-0.5736146392
10.47	-0.5820149861
10.48	-0.590216686
10.49	-0.5982188362
10.5	-0.6060205899
10.51	-0.6136211568
10.52	-0.6210198025
10.53	-0.6282158485
10.54	-0.6352086718
10.55	-0.6419977054
10.56	-0.6485824372
10.57	-0.6549624104
10.58	-0.6611372234
10.59	-0.6671065289
10.6	-0.6728700343
10.61	-0.6784275012
10.62	-0.6837787452
10.63	-0.6889236355
10.64	-0.6938620947
10.65	-0.6985940986
10.66	-0.7031196756
10.67	-0.7074389067
10.68	-0.7115519251
10.69	-0.7154589155
10.7	-0.7191601144
10.71	-0.722655809
10.72	-0.7259463375
10.73	-0.729032088
10.74	-0.731913499
10.75	-0.7345910579
10.76	-0.7370653017
10.77	-0.7393368157
10.78	-0.7414062335
10.79	-0.7432742363
10.8	-0.7449415527
10.81	-0.7464089583
10.82	-0.7476772746
10.83	-0.7487473693
10.84	-0.7496201553
10.85	-0.7502965903
10.86	-0.7507776766
10.87	-0.7510644599
10.88	-0.7511580296
10.89	-0.7510595175
10.9	-0.7507700978
10.91	-0.7502909863
10.92	-0.74962344
10.93	-0.7487687563
10.94	-0.7477282724
10.95	-0.7465033653
10.96	-0.7450954504
10.97	-0.7435059814
10.98	-0.7417364498
10.99	-0.7397883838
11	-0.737663348
11.01	-0.7353629431
11.02	-0.7328888044
11.03	-0.7302426023
11.04	-0.7274260406
11.05	-0.7244408566
11.06	-0.7212888202
11.07	-0.717971733
11.08	-0.7144914283
11.09	-0.7108497697
11.1	-0.707048651
11.11	-0.7030899952
11.12	-0.6989757541
11.13	-0.6947079075
11.14	-0.6902884622
11.15	-0.6857194521
11.16	-0.6810029368
11.17	-0.6761410012
11.18	-0.6711357549
11.19	-0.6659893314
11.2	-0.6607038873
11.21	-0.6552816019
11.22	-0.6497246764
11.23	-0.6440353329
11.24	-0.6382158143
11.25	-0.632268383
11.26	-0.6261953206
11.27	-0.6199989271
11.28	-0.6136815201
11.29	-0.6072454344
11.3	-0.6006930208
11.31	-0.5940266459
11.32	-0.5872486911
11.33	-0.580361552
11.34	-0.5733676379
11.35	-0.5662693706
11.36	-0.5590691844
11.37	-0.5517695246
11.38	-0.5443728474
11.39	-0.5368816193
11.4	-0.5292983159
11.41	-0.5216254213
11.42	-0.513865428
11.43	-0.5060208355
11.44	-0.49809415
11.45	-0.4900878837
11.46	-0.4820045539
11.47	-0.4738466827
11.48	-0.465616796
11.49	-0.4573174228
11.5	-0.4489510951
11.51	-0.4405203465
11.52	-0.4320277118
11.53	-0.4234757268
11.54	-0.4148669268
11.55	-0.4062038468
11.56	-0.3974890203
11.57	-0.3887249787
11.58	-0.3799142512
11.59	-0.3710593635
11.6	-0.3621628373
11.61	-0.3532271902
11.62	-0.3442549345
11.63	-0.3352485768
11.64	-0.3262106175
11.65	-0.31714355
11.66	-0.3080498602
11.67	-0.2989320261
11.68	-0.2897925167
11.69	-0.2806337922
11.7	-0.2714583025
11.71	-0.2622684875
11.72	-0.253066776
11.73	-0.2438555853
11.74	-0.2346373206
11.75	-0.2254143747
11.76	-0.2161891271
11.77	-0.2069639437
11.78	-0.1977411763
11.79	-0.188523162
11.8	-0.1793122226
11.81	-0.1701106644
11.82	-0.1609207772
11.83	-0.1517448345
11.84	-0.1425850923
11.85	-0.1334437893
11.86	-0.1243231459
11.87	-0.1152253639
11.88	-0.1061526263
11.89	-0.09710709656
11.9	-0.08809091816
11.91	-0.07910621442
11.92	-0.07015508786
11.93	-0.06123961989
11.94	-0.05236187037
11.95	-0.04352387722
11.96	-0.03472765601
11.97	-0.02597519964
11.98	-0.01726847791
11.99	-0.00860943718
12	-4.015429108e-16
12.01	0.008557935217
12.02	0.01706249455
12.03	0.0255118289
12.04	0.0339041143
12.05	0.04223755225
12.06	0.05051037
12.07	0.05872082089
12.08	0.06686718458
12.09	0.07494776736
12.1	0.08296090246
12.11	0.09090495023
12.12	0.09877829849
12.13	0.1065793627
12.14	0.1143065862
12.15	0.1219584406
12.16	0.1295334256
12.17	0.1370300699
12.18	0.1444469305
12.19	0.1517825937
12.2	0.1590356748
12.21	0.1662048186
12.22	0.1732886992
12.23	0.1802860206
12.24	0.1871955164
12.25	0.1940159503
12.26	0.200746116
12.27	0.2073848377
12.28	0.2139309695
12.29	0.2203833964
12.3	0.2267410337
12.31	0.2330028275
12.32	0.2391677545
12.33	0.2452348223
12.34	0.2512030695
12.35	0.2570715653
12.36	0.2628394104
12.37	0.2685057361
12.38	0.2740697049
12.39	0.2795305107
12.4	0.2848873781
12.41	0.2901395631
12.42	0.2952863527
12.43	0.3003270652
12.44	0.3052610499
12.45	0.3100876872
12.46	0.3148063886
12.47	0.3194165967
12.48	0.3239177851
12.49	0.3283094582
12.5	0.3325911515
12.51	0.336762431
12.52	0.3408228939
12.53	0.3447721676
12.54	0.3486099104
12.55	0.352335811
12.56	0.3559495885
12.57	0.359450992
12.58	0.3628398012
12.59	0.3661158256
12.6	0.3692789044
12.61	0.3723289069
12.62	0.3752657319
12.63	0.3780893076
12.64	0.3807995914
12.65	0.3833965702
12.66	0.3858802595
12.67	0.3882507038
12.68	0.3905079762
12.69	0.392652178
12.7	0.394683439
12.71	0.3966019169
12.72	0.3984077972
12.73	0.400101293
12.74	0.4016826448
12.75	0.4031521204
12.76	0.4045100142
12.77	0.4057566475
12.78	0.406892368
12.79	0.4079175497
12.8	0.4088325924
12.81	0.4096379216
12.82	0.4103339883
12.83	0.4109212688
12.84	0.4114002639
12.85	0.4117714993
12.86	0.412035525
12.87	0.4121929151
12.88	0.4122442672
12.89	0.4121902026
12.9	0.4120313657
12.91	0.4117684238
12.92	0.4114020666
12.93	0.4109330062
12.94	0.4103619765
12.95	0.4096897333
12.96	0.4089170532
12.97	0.4080447341
12.98	0.4070735946
12.99	0.4060044733
13	0.4048382289
13.01	0.4035757399
13.02	0.4022179038
13.03	0.4007656373
13.04	0.3992198755
13.05	0.3975815718
13.06	0.3958516975
13.07	0.3940312415
13.08	0.3921212097
13.09	0.3901226251
13.1	0.3880365269
13.11	0.3858639706
13.12	0.3836060272
13.13	0.3812637833
13.14	0.3788383403
13.15	0.3763308144
13.16	0.3737423359
13.17	0.3710740491
13.18	0.3683271117
13.19	0.3655026946
13.2	0.3626019814
13.21	0.3596261681
13.22	0.3565764627
13.23	0.3534540848
13.24	0.3502602652
13.25	0.3469962457
13.26	0.3436632784
13.27	0.3402626256
13.28	0.3367955591
13.29	0.3332633604
13.3	0.3296673195
13.31	0.3260087354
13.32	0.3222889149
13.33	0.3185091729
13.34	0.3146708314
13.35	0.3107752198
13.36	0.3068236738
13.37	0.3028175355
13.38	0.2987581531
13.39	0.2946468799
13.4	0.2904850747
13.41	0.2862741009
13.42	0.2820153263
13.43	0.2777101226
13.44	0.2733598654
13.45	0.2689659333
13.46	0.2645297078
13.47	0.2600525732
13.48	0.2555359156
13.49	0.250981123
13.5	0.246389585
13.51	0.2417626921
13.52	0.2371018354
13.53	0.2324084064
13.54	0.2276837969
13.55	0.2229293977
13.56	0.2181465995
13.57	0.2133367916
13.58	0.2085013618
13.59	0.2036416964
13.6	0.1987591793
13.61	0.1938551922
13.62	0.1889311138
13.63	0.1839883199
13.64	0.1790281827
13.65	0.1740520705
13.66	0.1690613478
13.67	0.1640573743
13.68	0.1590415052
13.69	0.1540150906
13.7	0.1489794751
13.71	0.1439359977
13.72	0.1388859914
13.73	0.1338307827
13.74	0.1287716918
13.75	0.1237100318
13.76	0.1186471085
13.77	0.1135842206
13.78	0.1085226585
13.79	0.103463705
13.8	0.09840863428
13.81	0.09335871203
13.82	0.08831519502
13.83	0.08327933088
13.84	0.07825235781
13.85	0.07323550435
13.86	0.06822998911
13.87	0.0632370205
13.88	0.05825779654
13.89	0.05329350454
13.9	0.04834532092
13.91	0.04341441096
13.92	0.03850192855
13.93	0.03360901599
13.94	0.02873680375
13.95	0.02388641026
13.96	0.01905894171
13.97	0.01425549181
13.98	0.009477141617
13.99	0.004724959305
14	2.570999922e-16
14.01	-0.004696694428
14.02	-0.00936409555
14.03	-0.01400118856
14.04	-0.01860697244
14.05	-0.02318046015
14.06	-0.0277206788
14.07	-0.03222666979
14.08	-0.03669748897
14.09	-0.04113220683
14.1	-0.04552990861
14.11	-0.04988969447
14.12	-0.0542106796
14.13	-0.05849199441
14.14	-0.06273278459
14.15	-0.0669322113
14.16	-0.07108945124
14.17	-0.07520369683
14.18	-0.07927415624
14.19	-0.08330005356
14.2	-0.08728062889
14.21	-0.09121513842
14.22	-0.09510285454
14.23	-0.09894306593
14.24	-0.1027350776
14.25	-0.1064782111
14.26	-0.1101718044
14.27	-0.1138152121
14.28	-0.1174078054
14.29	-0.1209489724
14.3	-0.1244381177
14.31	-0.127874663
14.32	-0.1312580466
14.33	-0.1345877241
14.34	-0.1378631675
14.35	-0.1410838664
14.36	-0.1442493268
14.37	-0.1473590723
14.38	-0.1504126432
14.39	-0.1534095969
14.4	-0.1563495081
14.41	-0.1592319683
14.42	-0.1620565863
14.43	-0.164822988
14.44	-0.1675308162
14.45	-0.1701797309
14.46	-0.1727694092
14.47	-0.175299545
14.48	-0.1777698496
14.49	-0.1801800509
14.5	-0.182529894
14.51	-0.1848191407
14.52	-0.18704757
14.53	-0.1892149774
14.54	-0.1913211753
14.55	-0.1933659929
14.56	-0.195349276
14.57	-0.197270887
14.58	-0.199130705
14.59	-0.2009286252
14.6	-0.2026645597
14.61	-0.2043384366
14.62	-0.2059502003
14.63	-0.2074998115
14.64	-0.2089872468
14.65	-0.210412499
14.66	-0.2117755766
14.67	-0.213076504
14.68	-0.2143153213
14.69	-0.2154920842
14.7	-0.2166068639
14.71	-0.2176597469
14.72	-0.218650835
14.73	-0.2195802452
14.74	-0.2204481095
14.75	-0.2212545748
14.76	-0.2219998027
14.77	-0.2226839695
14.78	-0.2233072662
14.79	-0.2238698978
14.8	-0.2243720839
14.81	-0.224814058
14.82	-0.2251960675
14.83	-0.2255183738
14.84	-0.2257812519
14.85	-0.2259849902
14.86	-0.2261298906
14.87	-0.2262162681
14.88	-0.2262444507
14.89	-0.2262147795
14.9	-0.2261276079
14.91	-0.2259833023
14.92	-0.2257822412
14.93	-0.2255248154
14.94	-0.2252114277
14.95	-0.2248424928
14.96	-0.224418437
14.97	-0.2239396981
14.98	-0.2234067254
14.99	-0.2228199792
15	-0.2221799308
15.01	-0.2214870621
15.02	-0.2207418659
15.03	-0.2199448451
15.04	-0.219096513
15.05	-0.2181973929
15.06	-0.2172480178
15.07	-0.2162489303
15.08	-0.2152006827
15.09	-0.2141038362
15.1	-0.2129589612
15.11	-0.211766637
15.12	-0.2105274514
15.13	-0.2092420007
15.14	-0.2079108894
15.15	-0.20653473
15.16	-0.2051141429
15.17	-0.203649756
15.18	-0.2021422048
15.19	-0.2005921318
15.2	-0.1990001866
15.21	-0.1973670257
15.22	-0.1956933119
15.23	-0.1939797145
15.24	-0.1922269092
15.25	-0.1904355773
15.26	-0.1886064061
15.27	-0.1867400882
15.28	-0.1848373218
15.29	-0.18289881
15.3	-0.180925261
15.31	-0.1789173875
15.32	-0.1768759067
15.33	-0.1748015403
15.34	-0.1726950138
15.35	-0.1705570568
15.36	-0.1683884024
15.37	-0.1661897871
15.38	-0.1639619508
15.39	-0.1617056362
15.4	-0.1594215891
15.41	-0.1571105577
15.42	-0.1547732926
15.43	-0.1524105468
15.44	-0.150023075
15.45	-0.1476116339
15.46	-0.1451769818
15.47	-0.1427198782
15.48	-0.1402410839
15.49	-0.1377413608
15.5	-0.1352214713
15.51	-0.1326821786
15.52	-0.1301242462
15.53	-0.1275484378
15.54	-0.1249555171
15.55	-0.1223462475
15.56	-0.1197213922
15.57	-0.1170817136
15.58	-0.1144279735
15.59	-0.1117609326
15.6	-0.1090813504
15.61	-0.1063899852
15.62	-0.1036875937
15.63	-0.1009749309
15.64	-0.09825274986
15.65	-0.0955218016
15.66	-0.09278283488
15.67	-0.09003659601
15.68	-0.0872838287
15.69	-0.08452527387
15.7	-0.08176166949
15.71	-0.07899375041
15.72	-0.07622224816
15.73	-0.07344789082
15.74	-0.07067140286
15.75	-0.06789350493
15.76	-0.06511491375
15.77	-0.06233634192
15.78	-0.05955849777
15.79	-0.05678208521
15.8	-0.05400780358
15.81	-0.05123634749
15.82	-0.04846840667
15.83	-0.04570466583
15.84	-0.04294580452
15.85	-0.04019249696
15.86	-0.03744541195
15.87	-0.03470521268
15.88	-0.03197255663
15.89	-0.02924809542
15.9	-0.02653247467
15.91	-0.02382633391
15.92	-0.0211303064
15.93	-0.01844501905
15.94	-0.01577109228
15.95	-0.0131091399
15.96	-0.01045976898
15.97	-0.007823579786
15.98	-0.005201165596
15.99	-0.002593112646
16	-1.612565341e-16
16.01	0.002577600553
16.02	0.005139124599
16.03	0.007684015199
16.04	0.01021172299
16.05	0.01272170626
16.06	0.01521343109
16.07	0.01768637137
16.08	0.02014000896
16.09	0.02257383373
16.1	0.02498734364
16.11	0.02738004484
16.12	0.02975145177
16.13	0.03210108715
16.14	0.03442848215
16.15	0.03673317639
16.16	0.03901471805
16.17	0.0412726639
16.18	0.04350657938
16.19	0.04571603868
16.2	0.04790062474
16.21	0.05005992935
16.22	0.0521935532
16.23	0.05430110589
16.24	0.05638220603
16.25	0.05843648124
16.26	0.06046356821
16.27	0.06246311274
16.28	0.06443476977
16.29	0.0663782034
16.3	0.06829308696
16.31	0.070179103
16.32	0.07203594333
16.33	0.07386330904
16.34	0.07566091053
16.35	0.07742846752
16.36	0.07916570906
16.37	0.08087237356
16.38	0.08254820879
16.39	0.08419297187
16.4	0.08580642933
16.41	0.08738835704
16.42	0.08893854029
16.43	0.09045677371
16.44	0.09194286134
16.45	0.09339661656
16.46	0.09481786212
16.47	0.09620643012
16.48	0.09756216201
16.49	0.09888490853
16.5	0.1001745298
16.51	0.101430895
16.52	0.1026538829
16.53	0.1038433813
16.54	0.1049992872
16.55	0.1061215069
16.56	0.1072099558
16.57	0.1082645583
16.58	0.109285248
16.59	0.1102719675
16.6	0.1112246686
16.61	0.1121433117
16.62	0.1130278664
16.63	0.113878311
16.64	0.1146946328
16.65	0.1154768278
16.66	0.1162249007
16.67	0.1169388648
16.68	0.1176187421
16.69	0.1182645633
16.7	0.1188763674
16.71	0.1194542018
16.72	0.1199981225
16.73	0.1205081936
16.74	0.1209844877
16.75	0.1214270852
16.76	0.1218360749
16.77	0.1222115537
16.78	0.1225536261
16.79	0.1228624049
16.8	0.1231380105
16.81	0.123380571
16.82	0.1235902222
16.83	0.1237671077
16.84	0.1239113783
16.85	0.1240231922
16.86	0.1241027152
16.87	0.1241501202
16.88	0.1241655872
16.89	0.1241493032
16.9	0.1241014625
16.91	0.1240222659
16.92	0.1239119212
16.93	0.1237706429
16.94	0.1235986521
16.95	0.1233961763
16.96	0.1231634496
16.97	0.1229007121
16.98	0.1226082105
16.99	0.1222861974
17	0.1219349313
17.01	0.1215546769
17.02	0.1211457046
17.03	0.1207082903
17.04	0.1202427158
17.05	0.1197492682
17.06	0.1192282401
17.07	0.1186799292
17.08	0.1181046387
17.09	0.1175026766
17.1	0.1168743559
17.11	0.1162199945
17.12	0.1155399151
17.13	0.1148344447
17.14	0.1141039154
17.15	0.1133486631
17.16	0.1125690283
17.17	0.1117653558
17.18	0.1109379941
17.19	0.110087296
17.2	0.109213618
17.21	0.1083173203
17.22	0.1073987667
17.23	0.1064583245
17.24	0.1054963645
17.25	0.1045132608
17.26	0.1035093903
17.27	0.1024851333
17.28	0.101440873
17.29	0.1003769952
17.3	0.0992938885
17.31	0.09819194413
17.32	0.09707155574
17.33	0.09593311931
17.34	0.09477703309
17.35	0.0936036974
17.36	0.09241351461
17.37	0.09120688896
17.38	0.08998422646
17.39	0.08874593478
17.4	0.08749242315
17.41	0.08622410221
17.42	0.08494138395
17.43	0.08364468153
17.44	0.08233440923
17.45	0.0810109823
17.46	0.07967481688
17.47	0.07832632984
17.48	0.07696593871
17.49	0.07559406156
17.5	0.07421111689
17.51	0.07281752351
17.52	0.07141370045
17.53	0.07000006682
17.54	0.06857704176
17.55	0.06714504427
17.56	0.06570449313
17.57	0.06425580681
17.58	0.06279940335
17.59	0.06133570025
17.6	0.05986511437
17.61	0.05838806183
17.62	0.05690495794
17.63	0.05541621703
17.64	0.0539222524
17.65	0.05242347622
17.66	0.05092029941
17.67	0.04941313156
17.68	0.04790238083
17.69	0.04638845384
17.7	0.0448717556
17.71	0.0433526894
17.72	0.04183165672
17.73	0.04030905713
17.74	0.03878528823
17.75	0.03726074552
17.76	0.03573582235
17.77	0.0342109098
17.78	0.0326863966
17.79	0.03116266909
17.8	0.02964011105
17.81	0.02811910369
17.82	0.02660002556
17.83	0.02508325243
17.84	0.02356915724
17.85	0.02205811002
17.86	0.0205504778
17.87	0.01904662455
17.88	0.01754691112
17.89	0.0160516951
17.9	0.01456133084
17.91	0.01307616929
17.92	0.01159655803
17.93	0.01012284108
17.94	0.008655358958
17.95	0.007194448515
17.96	0.005740442929
17.97	0.004293671622
17.98	0.0028544602
17.99	0.001423130394
18	9.95618951e-17
18.01	-0.001414617177
18.02	-0.00282041138
18.03	-0.004217076953
18.04	-0.005604312399
18.05	-0.006981820428
18.06	-0.008349308005
18.07	-0.009706486409
18.08	-0.01105307127
18.09	-0.01238878262
18.1	-0.01371334494
18.11	-0.01502648721
18.12	-0.01632794292
18.13	-0.01761745016
18.14	-0.01889475162
18.15	-0.02015959463
18.16	-0.02141173124
18.17	-0.0226509182
18.18	-0.02387691701
18.19	-0.02508949398
18.2	-0.02628842023
18.21	-0.02747347173
18.22	-0.02864442932
18.23	-0.02980107877
18.24	-0.03094321074
18.25	-0.03207062088
18.26	-0.0331831098
18.27	-0.0342804831
18.28	-0.03536255142
18.29	-0.03642913041
18.3	-0.03748004079
18.31	-0.03851510834
18.32	-0.03953416392
18.33	-0.04053704348
18.34	-0.0415235881
18.35	-0.04249364394
18.36	-0.04344706231
18.37	-0.04438369965
18.38	-0.04530341752
18.39	-0.04620608264
18.4	-0.04709156687
18.41	-0.0479597472
18.42	-0.04881050581
18.43	-0.04964372998
18.44	-0.05045931216
18.45	-0.05125714994
18.46	-0.05203714604
18.47	-0.05279920832
18.48	-0.05354324975
18.49	-0.05426918844
18.5	-0.05497694757
18.51	-0.05566645544
18.52	-0.05633764544
18.53	-0.056990456
18.54	-0.05762483062
18.55	-0.05824071785
18.56	-0.05883807124
18.57	-0.05941684936
18.58	-0.05997701575
18.59	-0.06051853893
18.6	-0.06104139234
18.61	-0.06154555437
18.62	-0.06203100827
18.63	-0.06249774219
18.64	-0.0629457491
18.65	-0.0633750268
18.66	-0.06378557789
18.67	-0.0641774097
18.68	-0.0645505343
18.69	-0.06490496848
18.7	-0.06524073366
18.71	-0.06555785593
18.72	-0.06585636593
18.73	-0.06613629891
18.74	-0.06639769461
18.75	-0.06664059728
18.76	-0.06686505561
18.77	-0.06707112271
18.78	-0.06725885606
18.79	-0.06742831745
18.8	-0.06757957299
18.81	-0.06771269301
18.82	-0.06782775207
18.83	-0.06792482887
18.84	-0.06800400623
18.85	-0.06806537104
18.86	-0.0681090142
18.87	-0.06813503059
18.88	-0.06814351904
18.89	-0.06813458222
18.9	-0.06810832666
18.91	-0.06806486265
18.92	-0.06800430422
18.93	-0.06792676905
18.94	-0.06783237849
18.95	-0.06772125742
18.96	-0.06759353426
18.97	-0.0674493409
18.98	-0.06728881261
18.99	-0.06711208804
19	-0.06691930915
19.01	-0.06671062112
19.02	-0.06648617233
19.03	-0.06624611429
19.04	-0.06599060157
19.05	-0.06571979179
19.06	-0.0654338455
19.07	-0.06513292614
19.08	-0.06481720002
19.09	-0.0644868362
19.1	-0.06414200649
19.11	-0.06378288535
19.12	-0.06340964982
19.13	-0.0630224795
19.14	-0.06262155647
19.15	-0.06220706523
19.16	-0.06177919261
19.17	-0.06133812776
19.18	-0.06088406206
19.19	-0.06041718905
19.2	-0.05993770439
19.21	-0.05944580576
19.22	-0.05894169284
19.23	-0.05842556725
19.24	-0.05789763243
19.25	-0.05735809363
19.26	-0.05680715784
19.27	-0.05624503371
19.28	-0.05567193148
19.29	-0.05508806295
19.3	-0.0544936414
19.31	-0.05388888151
19.32	-0.05327399932
19.33	-0.05264921217
19.34	-0.05201473859
19.35	-0.05137079832
19.36	-0.05071761215
19.37	-0.05005540195
19.38	-0.04938439055
19.39	-0.04870480167
19.4	-0.04801685989
19.41	-0.04732079061
19.42	-0.0466168199
19.43	-0.04590517452
19.44	-0.04518608184
19.45	-0.04445976974
19.46	-0.04372646661
19.47	-0.04298640123
19.48	-0.04223980275
19.49	-0.0414869006
19.5	-0.04072792448
19.51	-0.03996310421
19.52	-0.03919266978
19.53	-0.0384168512
19.54	-0.03763587849
19.55	-0.0368499816
19.56	-0.03605939037
19.57	-0.03526433446
19.58	-0.0344650433
19.59	-0.033661746
19.6	-0.03285467136
19.61	-0.03204404774
19.62	-0.03123010307
19.63	-0.03041306473
19.64	-0.02959315956
19.65	-0.02877061375
19.66	-0.02794565283
19.67	-0.02711850158
19.68	-0.026289384
19.69	-0.02545852325
19.7	-0.02462614161
19.71	-0.0237924604
19.72	-0.02295769996
19.73	-0.02212207959
19.74	-0.02128581749
19.75	-0.02044913071
19.76	-0.01961223513
19.77	-0.01877534538
19.78	-0.0179386748
19.79	-0.01710243541
19.8	-0.01626683784
19.81	-0.0154320913
19.82	-0.01459840355
19.83	-0.01376598081
19.84	-0.01293502775
19.85	-0.01210574745
19.86	-0.01127834134
19.87	-0.01045300918
19.88	-0.009629948998
19.89	-0.00880935705
19.9	-0.007991427799
19.91	-0.007176353865
19.92	-0.006364325984
19.93	-0.005555532977
19.94	-0.004750161711
19.95	-0.00394839706
19.96	-0.003150421876
19.97	-0.002356416948
19.98	-0.001566560973
19.99	-0.00078103052
20	-6.071191838e-17
20.01	0.0007763583673
20.02	0.001547874584
20.03	0.002314380902
20.04	0.003075711857
20.05	0.003831704292
20.06	0.004582197387
20.07	0.005327032687
20.08	0.006066054127
20.09	0.006799108059
20.1	0.007526043274
20.11	0.008246711029
20.12	0.008960965068
20.13	0.009668661645
20.14	0.01036965955
20.15	0.01106382011
20.16	0.01175100726
20.17	0.01243108748
20.18	0.01310392989
20.19	0.01376940624
20.2	0.01442739092
20.21	0.01507776097
20.22	0.01572039612
20.23	0.0163551788
20.24	0.01698199411
20.25	0.01760072991
20.26	0.01821127678
20.27	0.01881352802
20.28	0.0194073797
20.29	0.01999273066
20.3	0.02056948251
20.31	0.02113753962
20.32	0.02169680918
20.33	0.02224720116
20.34	0.02278862832
20.35	0.02332100626
20.36	0.02384425335
20.37	0.02435829082
20.38	0.02486304269
20.39	0.02535843581
20.4	0.02584439986
20.41	0.02632086733
20.42	0.02678777355
20.43	0.02724505667
20.44	0.02769265766
20.45	0.02813052032
20.46	0.02855859126
20.47	0.0289768199
20.48	0.0293851585
20.49	0.0297835621
20.5	0.03017198854
20.51	0.03055039849
20.52	0.03091875537
20.53	0.0312770254
20.54	0.03162517757
20.55	0.03196318365
20.56	0.03229101814
20.57	0.03260865831
20.58	0.03291608414
20.59	0.03321327836
20.6	0.0335002264
20.61	0.03377691639
20.62	0.03404333914
20.63	0.03429948814
20.64	0.03454535955
20.65	0.03478095215
20.66	0.03500626736
20.67	0.03522130922
20.68	0.03542608434
20.69	0.03562060194
20.7	0.03580487378
20.71	0.03597891417
20.72	0.03614273993
20.73	0.03629637041
20.74	0.03643982741
20.75	0.03657313522
20.76	0.03669632057
20.77	0.03680941259
20.78	0.03691244283
20.79	0.03700544522
20.8	0.03708845602
20.81	0.03716151384
20.82	0.03722465959
20.83	0.03727793647
20.84	0.03732138992
20.85	0.03735506764
20.86	0.03737901951
20.87	0.03739329761
20.88	0.03739795617
20.89	0.03739305154
20.9	0.03737864219
20.91	0.03735478863
20.92	0.03732155346
20.93	0.03727900126
20.94	0.03722719862
20.95	0.03716621408
20.96	0.03709611813
20.97	0.03701698313
20.98	0.03692888334
20.99	0.03683189484
21	0.03672609554
21.01	0.03661156512
21.02	0.03648838501
21.03	0.03635663837
21.04	0.03621641002
21.05	0.03606778646
21.06	0.0359108558
21.07	0.03574570776
21.08	0.03557243359
21.09	0.03539112608
21.1	0.03520187953
21.11	0.03500478966
21.12	0.03479995366
21.13	0.03458747008
21.14	0.03436743886
21.15	0.03413996124
21.16	0.03390513977
21.17	0.03366307825
21.18	0.03341388171
21.19	0.03315765637
21.2	0.03289450961
21.21	0.03262454992
21.22	0.03234788688
21.23	0.03206463115
21.24	0.03177489438
21.25	0.03147878921
21.26	0.03117642924
21.27	0.03086792897
21.28	0.0305534038
21.29	0.03023296996
21.3	0.02990674449
21.31	0.02957484523
21.32	0.02923739073
21.33	0.02889450027
21.34	0.02854629379
21.35	0.02819289187
21.36	0.0278344157
21.37	0.02747098704
21.38	0.02710272817
21.39	0.02672976189
21.4	0.02635221144
21.41	0.02597020051
21.42	0.0255838532
21.43	0.02519329393
21.44	0.0247986475
21.45	0.02440003897
21.46	0.02399759368
21.47	0.02359143719
21.48	0.02318169525
21.49	0.0227684938
21.5	0.02235195887
21.51	0.02193221661
21.52	0.02150939323
21.53	0.02108361496
21.54	0.02065500805
21.55	0.02022369869
21.56	0.01978981303
21.57	0.01935347709
21.58	0.0189148168
21.59	0.0184739579
21.6	0.01803102594
21.61	0.01758614627
21.62	0.01713944396
21.63	0.01669104381
21.64	0.01624107032
21.65	0.01578964761
21.66	0.01533689945
21.67	0.01488294922
21.68	0.01442791984
21.69	0.0139719338
21.7	0.01351511307
21.71	0.01305757912
21.72	0.01259945288
21.73	0.0121408547
21.74	0.01168190432
21.75	0.01122272088
21.76	0.01076342285
21.77	0.01030412801
21.78	0.009844953465
21.79	0.009386015556
21.8	0.008927429888
21.81	0.008469311277
21.82	0.008011773737
21.83	0.007554930449
21.84	0.007098893741
21.85	0.006643775063
21.86	0.006189684965
21.87	0.005736733072
21.88	0.005285028065
21.89	0.004834677656
21.9	0.004385788565
21.91	0.003938466506
21.92	0.003492816156
21.93	0.003048941143
21.94	0.00260694402
21.95	0.002166926251
21.96	0.001728988184
21.97	0.001293229041
21.98	0.0008597468905
21.99	0.0004286386375
22	1.333113107e-16
22.01	-0.0004260745058
22.02	-0.0008494915827
22.03	-0.00127015917
22.04	-0.001687986456
22.05	-0.002102883901
22.06	-0.002514763245
22.07	-0.002923537524
22.08	-0.00332912109
22.09	-0.003731429618
22.1	-0.004130380123
22.11	-0.004525890972
22.12	-0.0049178819
22.13	-0.005306274016
22.14	-0.005690989822
22.15	-0.006071953218
22.16	-0.006449089517
22.17	-0.006822325456
22.18	-0.007191589203
22.19	-0.007556810368
22.2	-0.007917920015
22.21	-0.008274850666
22.22	-0.008627536316
22.23	-0.008975912433
22.24	-0.009319915973
22.25	-0.009659485381
22.26	-0.009994560604
22.27	-0.01032508309
22.28	-0.01065099581
22.29	-0.01097224322
22.3	-0.01128877135
22.31	-0.0116005277
22.32	-0.01190746134
22.33	-0.01220952287
22.34	-0.01250666439
22.35	-0.0127988396
22.36	-0.01308600369
22.37	-0.01336811344
22.38	-0.01364512714
22.39	-0.01391700465
22.4	-0.01418370737
22.41	-0.01444519826
22.42	-0.01470144183
22.43	-0.01495240413
22.44	-0.01519805276
22.45	-0.01543835688
22.46	-0.01567328719
22.47	-0.01590281594
22.48	-0.01612691691
22.49	-0.01634556544
22.5	-0.0165587384
22.51	-0.01676641418
22.52	-0.01696857272
22.53	-0.01716519548
22.54	-0.01735626545
22.55	-0.01754176711
22.56	-0.0177216865
22.57	-0.01789601112
22.58	-0.01806472999
22.59	-0.01822783364
22.6	-0.01838531406
22.61	-0.01853716474
22.62	-0.01868338065
22.63	-0.0188239582
22.64	-0.01895889529
22.65	-0.01908819125
22.66	-0.01921184686
22.67	-0.01932986434
22.68	-0.01944224731
22.69	-0.01954900083
22.7	-0.01965013136
22.71	-0.01974564675
22.72	-0.01983555624
22.73	-0.01991987043
22.74	-0.0199986013
22.75	-0.02007176218
22.76	-0.02013936773
22.77	-0.02020143395
22.78	-0.02025797814
22.79	-0.02030901893
22.8	-0.02035457623
22.81	-0.02039467121
22.82	-0.02042932633
22.83	-0.0204585653
22.84	-0.02048241306
22.85	-0.02050089579
22.86	-0.02051404085
22.87	-0.02052187684
22.88	-0.02052443351
22.89	-0.0205217418
22.9	-0.02051383377
22.91	-0.02050074267
22.92	-0.02048250282
22.93	-0.02045914967
22.94	-0.02043071978
22.95	-0.02039725076
22.96	-0.02035878128
22.97	-0.02031535107
22.98	-0.02026700088
22.99	-0.02021377247
23	-0.02015570858
23.01	-0.02009285295
23.02	-0.02002525028
23.03	-0.01995294618
23.04	-0.01987598723
23.05	-0.0197944209
23.06	-0.01970829553
23.07	-0.01961766036
23.08	-0.01952256548
23.09	-0.01942306181
23.1	-0.0193192011
23.11	-0.01921103589
23.12	-0.0190986195
23.13	-0.01898200605
23.14	-0.01886125035
23.15	-0.01873640799
23.16	-0.01860753523
23.17	-0.01847468905
23.18	-0.01833792709
23.19	-0.01819730764
23.2	-0.01805288964
23.21	-0.01790473262
23.22	-0.01775289672
23.23	-0.01759744268
23.24	-0.01743843177
23.25	-0.01727592581
23.26	-0.01710998714
23.27	-0.0169406786
23.28	-0.01676806353
23.29	-0.01659220571
23.3	-0.01641316938
23.31	-0.0162310192
23.32	-0.01604582024
23.33	-0.01585763797
23.34	-0.0156665382
23.35	-0.01547258711
23.36	-0.01527585122
23.37	-0.01507639734
23.38	-0.01487429259
23.39	-0.01466960435
23.4	-0.01446240027
23.41	-0.01425274823
23.42	-0.01404071633
23.43	-0.01382637286
23.44	-0.01360978631
23.45	-0.01339102531
23.46	-0.01317015865
23.47	-0.01294725524
23.48	-0.0127223841
23.49	-0.01249561433
23.5	-0.01226701512
23.51	-0.01203665568
23.52	-0.01180460529
23.53	-0.01157093322
23.54	-0.01133570876
23.55	-0.01109900117
23.56	-0.01086087967
23.57	-0.01062141343
23.58	-0.01038067155
23.59	-0.01013872306
23.6	-0.009895636848
23.61	-0.009651481707
23.62	-0.009406326282
23.63	-0.009160239064
23.64	-0.008913288372
23.65	-0.008665542336
23.66	-0.00841706888
23.67	-0.008167935711
23.68	-0.007918210295
23.69	-0.007667959847
23.7	-0.007417251314
23.71	-0.00716615136
23.72	-0.006914726348
23.73	-0.006663042329
23.74	-0.006411165024
23.75	-0.006159159809
23.76	-0.005907091704
23.77	-0.005655025354
23.78	-0.005403025018
23.79	-0.005151154554
23.8	-0.004899477403
23.81	-0.004648056579
23.82	-0.004396954653
23.83	-0.00414623374
23.84	-0.003895955488
23.85	-0.003646181062
23.86	-0.003396971132
23.87	-0.003148385863
23.88	-0.002900484899
23.89	-0.002653327354
23.9	-0.002406971798
23.91	-0.002161476247
23.92	-0.001916898149
23.93	-0.001673294377
23.94	-0.001430721213
23.95	-0.001189234341
23.96	-0.0009488888341
23.97	-0.0007097391456
23.98	-0.0004718390976
23.99	-0.0002352418719
24	-2.194329409e-17
24.01	0.0002338346466
24.02	0.0004662108654
24.03	0.0006970781319
24.04	0.0009263866089
24.05	0.001154087154
24.06	0.001380131331
24.07	0.001604471412
24.08	0.001827060392
24.09	0.002047851994
24.1	0.002266800673
24.11	0.002483861629
24.12	0.002698990812
24.13	0.002912144925
24.14	0.003123281435
24.15	0.00333235858
24.16	0.003539335369
24.17	0.003744171596
24.18	0.003946827836
24.19	0.004147265462
24.2	0.004345446638
24.21	0.004541334333
24.22	0.004734892321
24.23	0.004926085188
24.24	0.005114878333
24.25	0.005301237976
24.26	0.005485131157
24.27	0.005666525744
24.28	0.005845390434
24.29	0.006021694756
24.3	0.006195409073
24.31	0.006366504588
24.32	0.006534953342
24.33	0.00670072822
24.34	0.006863802948
24.35	0.0070241521
24.36	0.007181751097
24.37	0.007336576207
24.38	0.007488604549
24.39	0.007637814089
24.4	0.007784183648
24.41	0.007927692892
24.42	0.008068322344
24.43	0.008206053372
24.44	0.0083408682
24.45	0.008472749898
24.46	0.008601682387
24.47	0.008727650434
24.48	0.008850639656
24.49	0.008970636513
24.5	0.009087628311
24.51	0.009201603196
24.52	0.009312550156
24.53	0.009420459015
24.54	0.009525320435
24.55	0.009627125909
24.56	0.009725867761
24.57	0.00982153914
24.58	0.009914134022
24.59	0.0100036472
24.6	0.01009007429
24.61	0.01017341171
24.62	0.0102536567
24.63	0.0103308073
24.64	0.01040486234
24.65	0.01047582147
24.66	0.01054368511
24.67	0.01060845447
24.68	0.01067013155
24.69	0.01072871913
24.7	0.01078422074
24.71	0.0108366407
24.72	0.01088598407
24.73	0.01093225668
24.74	0.0109754651
24.75	0.01101561664
24.76	0.01105271935
24.77	0.01108678202
24.78	0.01111781413
24.79	0.01114582591
24.8	0.01117082828
24.81	0.01119283287
24.82	0.01121185201
24.83	0.0112278987
24.84	0.01124098662
24.85	0.01125113016
24.86	0.01125834432
24.87	0.01126264481
24.88	0.01126404794
24.89	0.01126257069
24.9	0.01125823068
24.91	0.01125104612
24.92	0.01124103588
24.93	0.01122821941
24.94	0.01121261675
24.95	0.01119424856
24.96	0.01117313606
24.97	0.01114930106
24.98	0.01112276591
24.99	0.01109355354
25	0.0110616874
25.01	0.0110271915
25.02	0.01099009037
25.03	0.01095040904
25.04	0.01090817307
25.05	0.01086340852
25.06	0.01081614191
25.07	0.01076640028
25.08	0.0107142111
25.09	0.01065960233
25.1	0.01060260236
25.11	0.01054324004
25.12	0.01048154462
25.13	0.01041754579
25.14	0.01035127366
25.15	0.01028275872
25.16	0.01021203185
25.17	0.01013912433
25.18	0.01006406777
25.19	0.00998689418
25.2	0.009907635897
25.21	0.009826325601
25.22	0.009742996297
25.23	0.00965768131
25.24	0.009570414271
25.25	0.009481229108
25.26	0.009390160035
25.27	0.00929724154
25.28	0.009202508379
25.29	0.00910599556
25.3	0.009007738339
25.31	0.008907772201
25.32	0.008806132859
25.33	0.008702856237
25.34	0.00859797846
25.35	0.008491535849
25.36	0.008383564902
25.37	0.008274102293
25.38	0.008163184853
25.39	0.008050849566
25.4	0.007937133556
25.41	0.007822074077
25.42	0.007705708501
25.43	0.007588074312
25.44	0.00746920909
25.45	0.007349150509
25.46	0.007227936316
25.47	0.007105604332
25.48	0.006982192433
25.49	0.006857738546
25.5	0.006732280636
25.51	0.006605856696
25.52	0.006478504741
25.53	0.006350262792
25.54	0.006221168871
25.55	0.006091260989
25.56	0.005960577139
25.57	0.005829155281
25.58	0.00569703334
25.59	0.00556424919
25.6	0.005430840649
25.61	0.005296845466
25.62	0.005162301316
25.63	0.005027245788
25.64	0.004891716374
25.65	0.004755750467
25.66	0.004619385343
25.67	0.004482658161
25.68	0.004345605947
25.69	0.004208265589
25.7	0.004070673829
25.71	0.003932867252
25.72	0.00379488228
25.73	0.003656755162
25.74	0.003518521966
25.75	0.003380218572
25.76	0.003241880663
25.77	0.003103543717
25.78	0.002965243
25.79	0.002827013558
25.8	0.002688890209
25.81	0.002550907536
25.82	0.002413099877
25.83	0.002275501323
25.84	0.002138145706
25.85	0.002001066594
25.86	0.001864297285
25.87	0.001727870797
25.88	0.001591819863
25.89	0.001456176926
25.9	0.001320974131
25.91	0.001186243315
25.92	0.001052016009
25.93	0.0009183234246
25.94	0.0007851964496
25.95	0.0006526656443
25.96	0.0005207612335
25.97	0.0003895131017
25.98	0.0002589507871
25.99	0.0001291034766
26	-1.60671249e-17
26.01	-0.000128331175
26.02	-0.0002558619478
26.03	-0.0003825645901
26.04	-0.0005084117505
26.05	-0.0006333764594
26.06	-0.0007574321336
26.07	-0.0008805525806
26.08	-0.001002712003
26.09	-0.001123885003
26.1	-0.001244046586
26.11	-0.001363172165
26.12	-0.001481237563
26.13	-0.001598219021
26.14	-0.001714093194
26.15	-0.001828837164
26.16	-0.001942428435
26.17	-0.002054844939
26.18	-0.002166065042
26.19	-0.002276067543
26.2	-0.002384831679
26.21	-0.002492337125
26.22	-0.002598564001
26.23	-0.002703492872
26.24	-0.002807104746
26.25	-0.002909381087
26.26	-0.003010303804
26.27	-0.003109855265
26.28	-0.003208018288
26.29	-0.003304776151
26.3	-0.00340011259
26.31	-0.003494011799
26.32	-0.003586458436
26.33	-0.003677437617
26.34	-0.003766934926
26.35	-0.003854936406
26.36	-0.00394142857
26.37	-0.004026398392
26.38	-0.004109833315
26.39	-0.004191721247
26.4	-0.004272050563
26.41	-0.004350810107
26.42	-0.004427989186
26.43	-0.004503577577
26.44	-0.004577565523
26.45	-0.004649943734
26.46	-0.004720703384
26.47	-0.004789836114
26.48	-0.00485733403
26.49	-0.004923189702
26.5	-0.004987396162
26.51	-0.005049946905
26.52	-0.005110835887
26.53	-0.005170057525
26.54	-0.005227606692
26.55	-0.005283478721
26.56	-0.005337669398
26.57	-0.005390174964
26.58	-0.005440992113
26.59	-0.005490117987
26.6	-0.005537550179
26.61	-0.005583286726
26.62	-0.005627326111
26.63	-0.005669667257
26.64	-0.005710309527
26.65	-0.005749252721
26.66	-0.005786497075
26.67	-0.005822043255
26.68	-0.005855892356
26.69	-0.005888045899
26.7	-0.005918505829
26.71	-0.005947274512
26.72	-0.005974354728
26.73	-0.005999749675
26.74	-0.006023462958
26.75	-0.006045498591
26.76	-0.006065860992
26.77	-0.006084554977
26.78	-0.006101585762
26.79	-0.006116958953
26.8	-0.006130680545
26.81	-0.006142756922
26.82	-0.006153194844
26.83	-0.006162001453
26.84	-0.006169184261
26.85	-0.00617475115
26.86	-0.006178710368
26.87	-0.006181070523
26.88	-0.006181840577
26.89	-0.006181029848
26.9	-0.006178647997
26.91	-0.006174705031
26.92	-0.006169211293
26.93	-0.006162177462
26.94	-0.006153614544
26.95	-0.006143533868
26.96	-0.006131947084
26.97	-0.006118866157
26.98	-0.006104303359
26.99	-0.006088271268
27	-0.006070782762
27.01	-0.006051851011
27.02	-0.006031489476
27.03	-0.006009711901
27.04	-0.005986532311
27.05	-0.005961965002
27.06	-0.005936024539
27.07	-0.005908725751
27.08	-0.005880083723
27.09	-0.005850113794
27.1	-0.005818831549
27.11	-0.005786252813
27.12	-0.00575239365
27.13	-0.005717270351
27.14	-0.005680899435
27.15	-0.005643297638
27.16	-0.005604481909
27.17	-0.005564469409
27.18	-0.005523277498
27.19	-0.005480923735
27.2	-0.005437425867
27.21	-0.00539280183
27.22	-0.005347069738
27.23	-0.005300247881
27.24	-0.005252354714
27.25	-0.005203408859
27.26	-0.005153429092
27.27	-0.005102434341
27.28	-0.005050443679
27.29	-0.004997476322
27.3	-0.004943551615
27.31	-0.004888689036
27.32	-0.004832908182
27.33	-0.00477622877
27.34	-0.004718670626
27.35	-0.004660253682
27.36	-0.00460099797
27.37	-0.004540923616
27.38	-0.004480050835
27.39	-0.004418399922
27.4	-0.004355991253
27.41	-0.004292845272
27.42	-0.00422898249
27.43	-0.004164423478
27.44	-0.004099188861
27.45	-0.004033299315
27.46	-0.003966775555
27.47	-0.003899638339
27.48	-0.003831908452
27.49	-0.003763606711
27.5	-0.00369475395
27.51	-0.003625371021
27.52	-0.003555478786
27.53	-0.003485098113
27.54	-0.003414249867
27.55	-0.003342954909
27.56	-0.003271234091
27.57	-0.003199108247
27.58	-0.003126598188
27.59	-0.003053724702
27.6	-0.002980508542
27.61	-0.002906970426
27.62	-0.002833131031
27.63	-0.002759010986
27.64	-0.002684630867
27.65	-0.002610011195
27.66	-0.002535172428
27.67	-0.002460134959
27.68	-0.002384919109
27.69	-0.002309545123
27.7	-0.002234033164
27.71	-0.002158403311
27.72	-0.002082675553
27.73	-0.002006869783
27.74	-0.001931005797
27.75	-0.001855103285
27.76	-0.00177918183
27.77	-0.001703260905
27.78	-0.001627359862
27.79	-0.001551497936
27.8	-0.001475694235
27.81	-0.001399967738
27.82	-0.001324337291
27.83	-0.001248821604
27.84	-0.001173439243
27.85	-0.001098208632
27.86	-0.001023148043
27.87	-0.0009482755989
27.88	-0.0008736092634
27.89	-0.0007991668414
27.9	-0.0007249659738
27.91	-0.0006510241347
27.92	-0.0005773586273
27.93	-0.0005039865811
27.94	-0.0004309249482
27.95	-0.0003581905001
27.96	-0.0002857998246
27.97	-0.0002137693226
27.98	-0.0001421152052
27.99	-7.085349023e-05
28	-7.710725366e-18
28.01	7.04296421e-05
28.02	0.0001404200142
28.03	0.0002099558986
28.04	0.0002790222846
28.05	0.000347604371
28.06	0.0004156875685
28.07	0.0004832575024
28.08	0.0005503000149
28.09	0.0006168011673
28.1	0.0006827472422
28.11	0.0007481247459
28.12	0.0008129204105
28.13	0.0008771211955
28.14	0.0009407142905
28.15	0.001003687116
28.16	0.001066027327
28.17	0.001127722813
28.18	0.0011887617
28.19	0.001249132352
28.2	0.001308823375
28.21	0.001367823615
28.22	0.001426122161
28.23	0.001483708346
28.24	0.001540571749
28.25	0.001596702194
28.26	0.001652089756
28.27	0.001706724756
28.28	0.001760597765
28.29	0.001813699606
28.3	0.001866021353
28.31	0.001917554332
28.32	0.001968290122
28.33	0.002018220555
28.34	0.00206733772
28.35	0.002115633956
28.36	0.002163101862
28.37	0.002209734289
28.38	0.002255524345
28.39	0.002300465395
28.4	0.002344551059
28.41	0.002387775213
28.42	0.00243013199
28.43	0.002471615778
28.44	0.002512221224
28.45	0.002551943228
28.46	0.002590776948
28.47	0.002628717794
28.48	0.002665761436
28.49	0.002701903795
28.5	0.002737141047
28.51	0.002771469623
28.52	0.002804886205
28.53	0.002837387729
28.54	0.002868971382
28.55	0.002899634601
28.56	0.002929375075
28.57	0.002958190741
28.58	0.002986079784
28.59	0.003013040635
28.6	0.003039071974
28.61	0.003064172723
28.62	0.00308834205
28.63	0.003111579363
28.64	0.003133884314
28.65	0.003155256792
28.66	0.003175696927
28.67	0.003195205084
28.68	0.003213781864
28.69	0.003231428103
28.7	0.003248144867
28.71	0.003263933455
28.72	0.003278795393
28.73	0.003292732435
28.74	0.003305746561
28.75	0.003317839973
28.76	0.003329015095
28.77	0.003339274572
28.78	0.003348621265
28.79	0.003357058251
28.8	0.003364588821
28.81	0.003371216476
28.82	0.00337694493
28.83	0.003381778099
28.84	0.003385720108
28.85	0.003388775281
28.86	0.003390948146
28.87	0.003392243426
28.88	0.003392666041
28.89	0.003392221103
28.9	0.003390913916
28.91	0.00338874997
28.92	0.003385734943
28.93	0.003381874695
28.94	0.003377175266
28.95	0.003371642873
28.96	0.003365283912
28.97	0.003358104947
28.98	0.003350112714
28.99	0.003341314116
29	0.00333171622
29.01	0.003321326255
29.02	0.003310151607
29.03	0.003298199821
29.04	0.003285478592
29.05	0.003271995767
29.06	0.003257759339
29.07	0.003242777447
29.08	0.003227058369
29.09	0.003210610523
29.1	0.003193442463
29.11	0.003175562873
29.12	0.003156980571
29.13	0.003137704496
29.14	0.003117743713
29.15	0.003097107409
29.16	0.003075804886
29.17	0.003053845561
29.18	0.003031238961
29.19	0.003007994722
29.2	0.002984122586
29.21	0.002959632395
29.22	0.002934534091
29.23	0.002908837711
29.24	0.002882553384
29.25	0.002855691329
29.26	0.002828261851
29.27	0.002800275339
29.28	0.002771742259
29.29	0.002742673156
29.3	0.00271307865
29.31	0.002682969428
29.32	0.002652356247
29.33	0.002621249926
29.34	0.002589661346
29.35	0.002557601448
29.36	0.002525081224
29.37	0.002492111719
29.38	0.002458704028
29.39	0.00242486929
29.4	0.002390618686
29.41	0.002355963437
29.42	0.002320914799
29.43	0.002285484062
29.44	0.002249682546
29.45	0.002213521596
29.46	0.002177012582
29.47	0.002140166897
29.48	0.002102995947
29.49	0.002065511157
29.5	0.00202772396
29.51	0.001989645802
29.52	0.00195128813
29.53	0.001912662397
29.54	0.001873780055
29.55	0.001834652553
29.56	0.001795291334
29.57	0.001755707831
29.58	0.001715913467
29.59	0.00167591965
29.6	0.001635737769
29.61	0.001595379196
29.62	0.001554855277
29.63	0.001514177333
29.64	0.001473356658
29.65	0.001432404514
29.66	0.001391332128
29.67	0.001350150692
29.68	0.001308871358
29.69	0.001267505238
29.7	0.001226063396
29.71	0.001184556853
29.72	0.001142996578
29.73	0.001101393489
29.74	0.001059758451
29.75	0.001018102269
29.76	0.0009764356913
29.77	0.0009347694039
29.78	0.0008931140286
29.79	0.0008514801208
29.8	0.0008098781675
29.81	0.0007683185848
29.82	0.0007268117156
29.83	0.0006853678276
29.84	0.0006439971108
29.85	0.0006027096758
29.86	0.0005615155515
29.87	0.0005204246829
29.88	0.0004794469292
29.89	0.0004385920617
29.9	0.0003978697622
29.91	0.0003572896205
29.92	0.0003168611329
29.93	0.0002765937001
29.94	0.0002364966258
29.95	0.0001965791144
29.96	0.0001568502693
29.97	0.0001173190917
29.98	7.799447825e-05
29.99	3.888521989e-05
30	1.330279663e-17
