temps	angle
0	0
0.01	0.3125795348
0.02	0.6219643361
0.03	0.9281025405
0.04	1.230943679
0.05	1.530438675
0.06	1.826539847
0.07	2.119200903
0.08	2.408376944
0.09	2.694024458
0.1	2.976101323
0.11	3.254566798
0.12	3.529381527
0.13	3.800507529
0.14	4.067908203
0.15	4.331548315
0.16	4.591394
0.17	4.847412758
0.18	5.099573444
0.19	5.347846268
0.2	5.592202786
0.21	5.832615898
0.22	6.069059838
0.23	6.301510169
0.24	6.529943781
0.25	6.754338875
0.26	6.974674963
0.27	7.19093286
0.28	7.403094672
0.29	7.611143791
0.3	7.815064887
0.31	8.014843899
0.32	8.210468024
0.33	8.401925712
0.34	8.589206653
0.35	8.77230177
0.36	8.951203206
0.37	9.125904319
0.38	9.296399667
0.39	9.462684999
0.4	9.624757245
0.41	9.782614506
0.42	9.936256039
0.43	10.08568225
0.44	10.23089468
0.45	10.371896
0.46	10.50868997
0.47	10.64128149
0.48	10.76967651
0.49	10.89388208
0.5	11.0139063
0.51	11.12975832
0.52	11.24144832
0.53	11.34898754
0.54	11.45238818
0.55	11.55166348
0.56	11.64682763
0.57	11.73789582
0.58	11.82488417
0.59	11.90780977
0.6	11.98669061
0.61	12.06154561
0.62	12.1323946
0.63	12.19925827
0.64	12.2621582
0.65	12.32111683
0.66	12.37615743
0.67	12.42730411
0.68	12.47458177
0.69	12.51801614
0.7	12.55763371
0.71	12.59346175
0.72	12.62552827
0.73	12.65386204
0.74	12.67849254
0.75	12.69944995
0.76	12.71676516
0.77	12.73046972
0.78	12.74059585
0.79	12.74717643
0.8	12.75024496
0.81	12.74983554
0.82	12.74598289
0.83	12.73872233
0.84	12.72808971
0.85	12.71412148
0.86	12.69685459
0.87	12.67632653
0.88	12.65257531
0.89	12.62563941
0.9	12.59555782
0.91	12.56236996
0.92	12.52611571
0.93	12.48683539
0.94	12.44456972
0.95	12.39935985
0.96	12.35124728
0.97	12.30027392
0.98	12.246482
0.99	12.18991412
1	12.13061319
1.01	12.06862245
1.02	12.00398541
1.03	11.93674588
1.04	11.86694795
1.05	11.79463593
1.06	11.7198544
1.07	11.64264814
1.08	11.56306217
1.09	11.48114166
1.1	11.39693202
1.11	11.31047877
1.12	11.22182762
1.13	11.13102441
1.14	11.0381151
1.15	10.94314577
1.16	10.8461626
1.17	10.74721184
1.18	10.64633983
1.19	10.54359295
1.2	10.43901765
1.21	10.3326604
1.22	10.22456767
1.23	10.11478597
1.24	10.00336178
1.25	9.890341567
1.26	9.77577178
1.27	9.659698809
1.28	9.542168997
1.29	9.423228616
1.3	9.30292386
1.31	9.181300835
1.32	9.05840554
1.33	8.934283864
1.34	8.80898157
1.35	8.682544283
1.36	8.555017484
1.37	8.426446493
1.38	8.296876465
1.39	8.166352372
1.4	8.034918998
1.41	7.902620929
1.42	7.769502539
1.43	7.635607982
1.44	7.500981183
1.45	7.36566583
1.46	7.22970536
1.47	7.093142953
1.48	6.956021522
1.49	6.818383705
1.5	6.680271853
1.51	6.541728027
1.52	6.402793983
1.53	6.26351117
1.54	6.123920717
1.55	5.984063429
1.56	5.843979773
1.57	5.703709879
1.58	5.563293526
1.59	5.422770137
1.6	5.282178771
1.61	5.141558118
1.62	5.000946491
1.63	4.860381817
1.64	4.719901637
1.65	4.579543091
1.66	4.439342921
1.67	4.299337457
1.68	4.159562616
1.69	4.020053897
1.7	3.880846371
1.71	3.741974681
1.72	3.603473033
1.73	3.465375192
1.74	3.327714481
1.75	3.19052377
1.76	3.053835476
1.77	2.917681559
1.78	2.782093512
1.79	2.647102368
1.8	2.512738685
1.81	2.379032549
1.82	2.246013569
1.83	2.113710874
1.84	1.982153107
1.85	1.851368428
1.86	1.721384506
1.87	1.592228517
1.88	1.463927146
1.89	1.336506578
1.9	1.209992502
1.91	1.084410105
1.92	0.9597840702
1.93	0.8361385792
1.94	0.7134973065
1.95	0.5918834195
1.96	0.4713195776
1.97	0.3518279307
1.98	0.2334301184
1.99	0.1161472692
2	9.010447602e-16
2.01	-0.1149915846
2.02	-0.2288078924
2.03	-0.341429844
2.04	-0.4528388727
2.05	-0.5630169245
2.06	-0.671946458
2.07	-0.7796104438
2.08	-0.8859923642
2.09	-0.9910762123
2.1	-1.094846492
2.11	-1.197288215
2.12	-1.298386904
2.13	-1.398128586
2.14	-1.496499796
2.15	-1.593487573
2.16	-1.689079459
2.17	-1.783263497
2.18	-1.876028229
2.19	-1.967362697
2.2	-2.057256436
2.21	-2.145699477
2.22	-2.232682341
2.23	-2.31819604
2.24	-2.402232069
2.25	-2.484782411
2.26	-2.565839528
2.27	-2.645396362
2.28	-2.723446331
2.29	-2.799983324
2.3	-2.875001703
2.31	-2.948496294
2.32	-3.020462388
2.33	-3.090895736
2.34	-3.159792544
2.35	-3.227149473
2.36	-3.292963633
2.37	-3.357232581
2.38	-3.419954314
2.39	-3.481127269
2.4	-3.540750317
2.41	-3.598822758
2.42	-3.655344319
2.43	-3.71031515
2.44	-3.763735818
2.45	-3.815607303
2.46	-3.865930995
2.47	-3.914708689
2.48	-3.961942578
2.49	-4.007635253
2.5	-4.051789694
2.51	-4.094409269
2.52	-4.135497727
2.53	-4.175059193
2.54	-4.213098164
2.55	-4.249619504
2.56	-4.28462844
2.57	-4.318130553
2.58	-4.35013178
2.59	-4.380638402
2.6	-4.409657041
2.61	-4.437194658
2.62	-4.463258544
2.63	-4.487856314
2.64	-4.510995907
2.65	-4.532685574
2.66	-4.55293388
2.67	-4.57174969
2.68	-4.58914217
2.69	-4.605120782
2.7	-4.619695271
2.71	-4.63287567
2.72	-4.644672286
2.73	-4.655095698
2.74	-4.664156751
2.75	-4.671866551
2.76	-4.67823646
2.77	-4.683278086
2.78	-4.687003283
2.79	-4.689424143
2.8	-4.690552989
2.81	-4.690402372
2.82	-4.688985064
2.83	-4.686314052
2.84	-4.682402532
2.85	-4.677263904
2.86	-4.67091177
2.87	-4.66335992
2.88	-4.654622334
2.89	-4.644713172
2.9	-4.633646772
2.91	-4.62143764
2.92	-4.608100447
2.93	-4.593650024
2.94	-4.578101355
2.95	-4.561469572
2.96	-4.543769948
2.97	-4.525017895
2.98	-4.505228955
2.99	-4.484418795
3	-4.462603203
3.01	-4.439798082
3.02	-4.416019444
3.03	-4.391283406
3.04	-4.36560618
3.05	-4.339004075
3.06	-4.311493487
3.07	-4.283090893
3.08	-4.253812848
3.09	-4.22367598
3.1	-4.192696981
3.11	-4.160892608
3.12	-4.128279673
3.13	-4.094875039
3.14	-4.060695614
3.15	-4.02575835
3.16	-3.990080235
3.17	-3.953678285
3.18	-3.916569546
3.19	-3.878771084
3.2	-3.840299981
3.21	-3.801173333
3.22	-3.761408241
3.23	-3.721021809
3.24	-3.68003114
3.25	-3.638453329
3.26	-3.596305459
3.27	-3.5536046
3.28	-3.510367798
3.29	-3.466612077
3.3	-3.422354431
3.31	-3.37761182
3.32	-3.332401168
3.33	-3.286739355
3.34	-3.240643217
3.35	-3.194129539
3.36	-3.147215051
3.37	-3.099916427
3.38	-3.052250277
3.39	-3.004233147
3.4	-2.955881511
3.41	-2.907211771
3.42	-2.858240252
3.43	-2.808983197
3.44	-2.759456766
3.45	-2.70967703
3.46	-2.659659968
3.47	-2.609421466
3.48	-2.55897731
3.49	-2.508343187
3.5	-2.457534676
3.51	-2.406567251
3.52	-2.355456272
3.53	-2.304216989
3.54	-2.252864531
3.55	-2.20141391
3.56	-2.149880013
3.57	-2.098277603
3.58	-2.046621313
3.59	-1.994925647
3.6	-1.943204974
3.61	-1.891473527
3.62	-1.8397454
3.63	-1.788034547
3.64	-1.736354777
3.65	-1.684719753
3.66	-1.633142993
3.67	-1.581637861
3.68	-1.530217571
3.69	-1.478895181
3.7	-1.427683594
3.71	-1.376595554
3.72	-1.325643645
3.73	-1.274840289
3.74	-1.224197744
3.75	-1.173728102
3.76	-1.123443289
3.77	-1.073355061
3.78	-1.023475007
3.79	-0.9738145399
3.8	-0.9243849033
3.81	-0.8751971648
3.82	-0.8262622168
3.83	-0.777590775
3.84	-0.7291933774
3.85	-0.6810803827
3.86	-0.63326197
3.87	-0.5857481372
3.88	-0.5385487004
3.89	-0.4916732932
3.9	-0.4451313656
3.91	-0.3989321833
3.92	-0.3530848274
3.93	-0.3075981933
3.94	-0.2624809904
3.95	-0.2177417416
3.96	-0.1733887828
3.97	-0.1294302625
3.98	-0.08587414152
3.99	-0.04272819249
4	-6.629516857e-16
4.01	0.04230303988
4.02	0.08417371958
4.03	0.1256050202
4.04	0.1665901114
4.05	0.2071223516
4.06	0.2471952875
4.07	0.2868026544
4.08	0.3259383758
4.09	0.3645965631
4.1	0.4027715155
4.11	0.4404577195
4.12	0.4776498486
4.13	0.5143427629
4.14	0.5505315088
4.15	0.586211318
4.16	0.6213776075
4.17	0.6560259786
4.18	0.6901522165
4.19	0.7237522894
4.2	0.756822348
4.21	0.7893587246
4.22	0.8213579321
4.23	0.8528166636
4.24	0.8837317911
4.25	0.9141003647
4.26	0.9439196116
4.27	0.9731869353
4.28	1.001899914
4.29	1.030056301
4.3	1.05765402
4.31	1.084691169
4.32	1.111166016
4.33	1.137076996
4.34	1.162422715
4.35	1.187201945
4.36	1.211413621
4.37	1.235056846
4.38	1.258130882
4.39	1.280635155
4.4	1.302569248
4.41	1.323932905
4.42	1.344726025
4.43	1.364948664
4.44	1.384601029
4.45	1.403683482
4.46	1.422196534
4.47	1.440140845
4.48	1.457517221
4.49	1.474326617
4.5	1.490570128
4.51	1.506248994
4.52	1.521364593
4.53	1.535918443
4.54	1.549912198
4.55	1.563347648
4.56	1.576226716
4.57	1.588551455
4.58	1.600324048
4.59	1.611546807
4.6	1.622222168
4.61	1.632352691
4.62	1.641941059
4.63	1.650990073
4.64	1.659502653
4.65	1.667481836
4.66	1.674930771
4.67	1.681852721
4.68	1.688251057
4.69	1.69412926
4.7	1.699490915
4.71	1.704339713
4.72	1.708679445
4.73	1.712514004
4.74	1.715847379
4.75	1.718683656
4.76	1.721027014
4.77	1.722881725
4.78	1.724252149
4.79	1.725142733
4.8	1.725558012
4.81	1.725502604
4.82	1.724981205
4.83	1.723998594
4.84	1.722559627
4.85	1.720669231
4.86	1.718332412
4.87	1.715554241
4.88	1.712339863
4.89	1.708694486
4.9	1.704623385
4.91	1.700131896
4.92	1.695225417
4.93	1.689909404
4.94	1.684189368
4.95	1.678070877
4.96	1.671559549
4.97	1.664661055
4.98	1.65738111
4.99	1.64972548
5	1.641699972
5.01	1.633310437
5.02	1.624562765
5.03	1.615462885
5.04	1.606016762
5.05	1.596230395
5.06	1.586109815
5.07	1.575661084
5.08	1.564890293
5.09	1.553803559
5.1	1.542407022
5.11	1.530706848
5.12	1.518709219
5.13	1.506420341
5.14	1.493846433
5.15	1.480993732
5.16	1.467868487
5.17	1.454476958
5.18	1.440825416
5.19	1.426920139
5.2	1.412767411
5.21	1.398373521
5.22	1.383744762
5.23	1.368887424
5.24	1.353807799
5.25	1.338512177
5.26	1.323006843
5.27	1.307298074
5.28	1.291392144
5.29	1.275295314
5.3	1.259013836
5.31	1.242553949
5.32	1.225921879
5.33	1.209123837
5.34	1.192166016
5.35	1.17505459
5.36	1.157795714
5.37	1.140395523
5.38	1.122860126
5.39	1.105195611
5.4	1.087408038
5.41	1.069503442
5.42	1.051487827
5.43	1.033367169
5.44	1.015147413
5.45	0.9968344714
5.46	0.9784342227
5.47	0.9599525106
5.48	0.9413951429
5.49	0.9227678899
5.5	0.9040764833
5.51	0.8853266153
5.52	0.8665239372
5.53	0.8476740583
5.54	0.8287825448
5.55	0.809854919
5.56	0.7908966578
5.57	0.771913192
5.58	0.752909905
5.59	0.7338921324
5.6	0.71486516
5.61	0.6958342242
5.62	0.6768045097
5.63	0.6577811499
5.64	0.6387692249
5.65	0.6197737614
5.66	0.6007997316
5.67	0.5818520524
5.68	0.5629355848
5.69	0.5440551328
5.7	0.5252154428
5.71	0.5064212033
5.72	0.4876770435
5.73	0.4689875332
5.74	0.4503571818
5.75	0.4317904381
5.76	0.4132916892
5.77	0.3948652601
5.78	0.3765154135
5.79	0.3582463488
5.8	0.3400622017
5.81	0.3219670439
5.82	0.3039648826
5.83	0.2860596598
5.84	0.2682552522
5.85	0.2505554706
5.86	0.2329640596
5.87	0.2154846974
5.88	0.198120995
5.89	0.1808764963
5.9	0.163754678
5.91	0.1467589487
5.92	0.129892649
5.93	0.1131590514
5.94	0.09656136006
5.95	0.08010271022
5.96	0.06378616853
5.97	0.04761473266
5.98	0.03159133119
5.99	0.01571882358
6	3.658294435e-16
6.01	-0.01556241867
6.02	-0.03096578092
6.03	-0.04620750464
6.04	-0.06128507709
6.05	-0.07619605495
6.06	-0.09093806422
6.07	-0.1055088002
6.08	-0.1199060275
6.09	-0.1341275799
6.1	-0.14817136
6.11	-0.1620353397
6.12	-0.1757175594
6.13	-0.1892161282
6.14	-0.2025292238
6.15	-0.2156550921
6.16	-0.228592047
6.17	-0.2413384704
6.18	-0.2538928117
6.19	-0.2662535878
6.2	-0.2784193825
6.21	-0.2903888465
6.22	-0.3021606971
6.23	-0.3137337176
6.24	-0.3251067574
6.25	-0.3362787313
6.26	-0.3472486192
6.27	-0.3580154659
6.28	-0.3685783806
6.29	-0.3789365363
6.3	-0.3890891698
6.31	-0.3990355811
6.32	-0.4087751328
6.33	-0.4183072498
6.34	-0.4276314189
6.35	-0.436747188
6.36	-0.445654166
6.37	-0.4543520223
6.38	-0.4628404858
6.39	-0.471119345
6.4	-0.479188447
6.41	-0.4870476972
6.42	-0.4946970587
6.43	-0.5021365517
6.44	-0.5093662529
6.45	-0.5163862951
6.46	-0.5231968662
6.47	-0.5297982092
6.48	-0.5361906209
6.49	-0.542374452
6.5	-0.5483501059
6.51	-0.5541180382
6.52	-0.5596787562
6.53	-0.5650328184
6.54	-0.5701808333
6.55	-0.5751234592
6.56	-0.5798614034
6.57	-0.5843954215
6.58	-0.5887263166
6.59	-0.5928549389
6.6	-0.5967821847
6.61	-0.6005089959
6.62	-0.6040363592
6.63	-0.6073653054
6.64	-0.6104969087
6.65	-0.613432286
6.66	-0.6161725962
6.67	-0.6187190391
6.68	-0.6210728554
6.69	-0.6232353253
6.7	-0.625207768
6.71	-0.626991541
6.72	-0.6285880394
6.73	-0.6299986947
6.74	-0.631224975
6.75	-0.632268383
6.76	-0.6331304563
6.77	-0.6338127662
6.78	-0.6343169168
6.79	-0.6346445446
6.8	-0.6347973173
6.81	-0.6347769336
6.82	-0.6345851218
6.83	-0.6342236395
6.84	-0.6336942728
6.85	-0.6329988353
6.86	-0.6321391674
6.87	-0.6311171356
6.88	-0.6299346319
6.89	-0.6285935727
6.9	-0.6270958983
6.91	-0.6254435719
6.92	-0.6236385791
6.93	-0.6216829271
6.94	-0.6195786436
6.95	-0.6173277764
6.96	-0.6149323929
6.97	-0.6123945785
6.98	-0.6097164366
6.99	-0.6069000877
7	-0.6039476684
7.01	-0.600861331
7.02	-0.5976432423
7.03	-0.5942955835
7.04	-0.5908205489
7.05	-0.5872203455
7.06	-0.5834971923
7.07	-0.5796533191
7.08	-0.5756909666
7.09	-0.571612385
7.1	-0.5674198335
7.11	-0.5631155797
7.12	-0.5587018988
7.13	-0.5541810732
7.14	-0.5495553911
7.15	-0.5448271466
7.16	-0.5399986387
7.17	-0.5350721705
7.18	-0.5300500488
7.19	-0.5249345832
7.2	-0.5197280857
7.21	-0.5144328696
7.22	-0.5090512496
7.23	-0.5035855405
7.24	-0.4980380566
7.25	-0.4924111118
7.26	-0.4867070179
7.27	-0.480928085
7.28	-0.4750766202
7.29	-0.4691549273
7.3	-0.4631653063
7.31	-0.4571100524
7.32	-0.4509914559
7.33	-0.4448118016
7.34	-0.4385733677
7.35	-0.4322784258
7.36	-0.4259292404
7.37	-0.4195280677
7.38	-0.4130771558
7.39	-0.4065787439
7.4	-0.4000350615
7.41	-0.3934483285
7.42	-0.3868207541
7.43	-0.3801545366
7.44	-0.373451863
7.45	-0.3667149083
7.46	-0.3599458351
7.47	-0.3531467932
7.48	-0.3463199191
7.49	-0.3394673357
7.5	-0.3325911515
7.51	-0.3256934605
7.52	-0.3187763418
7.53	-0.3118418589
7.54	-0.3048920594
7.55	-0.297928975
7.56	-0.2909546205
7.57	-0.2839709937
7.58	-0.2769800751
7.59	-0.2699838275
7.6	-0.2629841956
7.61	-0.2559831055
7.62	-0.2489824648
7.63	-0.2419841618
7.64	-0.2349900655
7.65	-0.228002025
7.66	-0.2210218695
7.67	-0.2140514079
7.68	-0.2070924284
7.69	-0.2001466982
7.7	-0.1932159636
7.71	-0.1863019493
7.72	-0.1794063582
7.73	-0.1725308716
7.74	-0.1656771484
7.75	-0.1588468251
7.76	-0.1520415157
7.77	-0.1452628112
7.78	-0.1385122799
7.79	-0.1317914666
7.8	-0.1251018927
7.81	-0.1184450562
7.82	-0.1118224311
7.83	-0.1052354678
7.84	-0.09868559226
7.85	-0.09217420651
7.86	-0.08570268807
7.87	-0.07927239005
7.88	-0.07288464091
7.89	-0.0665407444
7.9	-0.06024197943
7.91	-0.05398960002
7.92	-0.04778483512
7.93	-0.04162888861
7.94	-0.03552293918
7.95	-0.02946814027
7.96	-0.02346562004
7.97	-0.01751648124
7.98	-0.01162180126
7.99	-0.005782632033
8	-1.794415083e-16
8.01	0.005725093883
8.02	0.01139167418
8.03	0.01699879098
8.04	0.02254551991
8.05	0.02803096211
8.06	0.03345424425
8.07	0.03881451847
8.08	0.04411096241
8.09	0.04934277914
8.1	0.05450919713
8.11	0.05960947022
8.12	0.06464287754
8.13	0.0696087235
8.14	0.07450633767
8.15	0.07933507476
8.16	0.08409431451
8.17	0.08878346163
8.18	0.0934019457
8.19	0.09794922108
8.2	0.1024247668
8.21	0.1068280866
8.22	0.1111587084
8.23	0.1154161847
8.24	0.1196000923
8.25	0.1237100318
8.26	0.127745628
8.27	0.1317065295
8.28	0.1355924087
8.29	0.1394029612
8.3	0.1431379064
8.31	0.1467969866
8.32	0.1503799674
8.33	0.1538866373
8.34	0.1573168074
8.35	0.1606703114
8.36	0.1639470055
8.37	0.167146768
8.38	0.1702694993
8.39	0.1733151214
8.4	0.1762835781
8.41	0.1791748347
8.42	0.1819888775
8.43	0.184725714
8.44	0.1873853725
8.45	0.1899679017
8.46	0.1924733708
8.47	0.1949018691
8.48	0.197253506
8.49	0.1995284103
8.5	0.2017267305
8.51	0.2038486342
8.52	0.2058943081
8.53	0.2078639575
8.54	0.2097578063
8.55	0.2115760968
8.56	0.2133190891
8.57	0.2149870611
8.58	0.2165803084
8.59	0.2180991436
8.6	0.2195438966
8.61	0.2209149138
8.62	0.2222125583
8.63	0.2234372091
8.64	0.2245892616
8.65	0.2256691266
8.66	0.2266772303
8.67	0.2276140144
8.68	0.228479935
8.69	0.2292754632
8.7	0.2300010843
8.71	0.2306572977
8.72	0.2312446166
8.73	0.2317635678
8.74	0.232214691
8.75	0.2325985394
8.76	0.2329156785
8.77	0.2331666862
8.78	0.2333521529
8.79	0.2334726804
8.8	0.2335288824
8.81	0.2335213836
8.82	0.23345082
8.83	0.2333178381
8.84	0.233123095
8.85	0.2328672578
8.86	0.2325510036
8.87	0.2321750192
8.88	0.2317400004
8.89	0.2312466523
8.9	0.2306956886
8.91	0.2300878317
8.92	0.229423812
8.93	0.2287043678
8.94	0.2279302452
8.95	0.2271021974
8.96	0.2262209851
8.97	0.2252873753
8.98	0.224302142
8.99	0.2232660651
9	0.2221799308
9.01	0.2210445307
9.02	0.219860662
9.03	0.2186291271
9.04	0.2173507334
9.05	0.2160262926
9.06	0.214656621
9.07	0.2132425391
9.08	0.2117848711
9.09	0.2102844448
9.1	0.2087420913
9.11	0.2071586448
9.12	0.2055349423
9.13	0.2038718235
9.14	0.2021701302
9.15	0.2004307062
9.16	0.1986543974
9.17	0.1968420511
9.18	0.1949945158
9.19	0.1931126411
9.2	0.1911972777
9.21	0.1892492766
9.22	0.1872694892
9.23	0.1852587672
9.24	0.183217962
9.25	0.1811479246
9.26	0.1790495058
9.27	0.1769235552
9.28	0.1747709216
9.29	0.1725924525
9.3	0.170388994
9.31	0.1681613906
9.32	0.1659104848
9.33	0.163637117
9.34	0.1613421254
9.35	0.1590263457
9.36	0.1566906109
9.37	0.1543357511
9.38	0.1519625932
9.39	0.1495719611
9.4	0.1471646749
9.41	0.1447415512
9.42	0.1423034028
9.43	0.1398510385
9.44	0.1373852627
9.45	0.1349068755
9.46	0.1324166727
9.47	0.1299154449
9.48	0.1274039783
9.49	0.1248830537
9.5	0.1223534469
9.51	0.1198159282
9.52	0.1172712625
9.53	0.1147202088
9.54	0.1121635204
9.55	0.1096019448
9.56	0.1070362232
9.57	0.1044670905
9.58	0.1018952753
9.59	0.0993214996
9.6	0.09674647891
9.61	0.09417092181
9.62	0.09159553002
9.63	0.08902099823
9.64	0.08644801397
9.65	0.08387725754
9.66	0.08130940184
9.67	0.07874511232
9.68	0.07618504681
9.69	0.07362985549
9.7	0.07108018071
9.71	0.06853665698
9.72	0.06599991081
9.73	0.06347056064
9.74	0.06094921676
9.75	0.05843648124
9.76	0.05593294781
9.77	0.05343920182
9.78	0.05095582013
9.79	0.04848337108
9.8	0.04602241438
9.81	0.04357350108
9.82	0.04113717348
9.83	0.03871396508
9.84	0.03630440053
9.85	0.03390899558
9.86	0.031528257
9.87	0.02916268255
9.88	0.02681276097
9.89	0.02447897186
9.9	0.02216178573
9.91	0.01986166388
9.92	0.01757905844
9.93	0.01531441228
9.94	0.01306815901
9.95	0.01084072298
9.96	0.008632519185
9.97	0.00644395333
9.98	0.004275421755
9.99	0.002127311441
10	8.251605225e-17
10.01	-0.002106144338
10.02	-0.004190762732
10.03	-0.006253505728
10.04	-0.008294033266
10.05	-0.01031201468
10.06	-0.01230712868
10.07	-0.01427906336
10.08	-0.0162275162
10.09	-0.01815219401
10.1	-0.02005281298
10.11	-0.02192909859
10.12	-0.02378078567
10.13	-0.0256076183
10.14	-0.02740934987
10.15	-0.02918574297
10.16	-0.03093656943
10.17	-0.03266161025
10.18	-0.03436065559
10.19	-0.03603350471
10.2	-0.03767996598
10.21	-0.03929985679
10.22	-0.04089300352
10.23	-0.04245924154
10.24	-0.0439984151
10.25	-0.04551037735
10.26	-0.04699499024
10.27	-0.04845212448
10.28	-0.04988165953
10.29	-0.05128348346
10.3	-0.052657493
10.31	-0.05400359339
10.32	-0.05532169838
10.33	-0.05661173014
10.34	-0.05787361919
10.35	-0.05910730439
10.36	-0.06031273278
10.37	-0.06148985962
10.38	-0.06263864824
10.39	-0.06375906999
10.4	-0.0648511042
10.41	-0.06591473805
10.42	-0.06694996656
10.43	-0.06795679245
10.44	-0.06893522611
10.45	-0.06988528551
10.46	-0.07080699608
10.47	-0.0717003907
10.48	-0.07256550955
10.49	-0.07340240008
10.5	-0.07421111689
10.51	-0.07499172164
10.52	-0.075744283
10.53	-0.07646887652
10.54	-0.07716558457
10.55	-0.07783449625
10.56	-0.07847570727
10.57	-0.07908931989
10.58	-0.07967544281
10.59	-0.08023419107
10.6	-0.08076568599
10.61	-0.08127005504
10.62	-0.08174743175
10.63	-0.08219795563
10.64	-0.08262177206
10.65	-0.08301903218
10.66	-0.08338989283
10.67	-0.08373451641
10.68	-0.0840530708
10.69	-0.08434572927
10.7	-0.08461267037
10.71	-0.08485407779
10.72	-0.08507014034
10.73	-0.08526105179
10.74	-0.08542701077
10.75	-0.08556822069
10.76	-0.08568488963
10.77	-0.08577723023
10.78	-0.0858454596
10.79	-0.0858897992
10.8	-0.08591047474
10.81	-0.0859077161
10.82	-0.08588175719
10.83	-0.08583283589
10.84	-0.0857611939
10.85	-0.08566707666
10.86	-0.08555073326
10.87	-0.0854124163
10.88	-0.08525238183
10.89	-0.08507088921
10.9	-0.08486820101
10.91	-0.08464458295
10.92	-0.08440030375
10.93	-0.08413563502
10.94	-0.08385085121
10.95	-0.08354622948
10.96	-0.08322204956
10.97	-0.08287859373
10.98	-0.08251614665
10.99	-0.08213499527
11	-0.08173542877
11.01	-0.08131773841
11.02	-0.08088221747
11.03	-0.08042916111
11.04	-0.07995886632
11.05	-0.07947163178
11.06	-0.07896775778
11.07	-0.07844754613
11.08	-0.07791130003
11.09	-0.07735932403
11.1	-0.07679192388
11.11	-0.07620940647
11.12	-0.07561207973
11.13	-0.0750002525
11.14	-0.0743742345
11.15	-0.0737343362
11.16	-0.07308086872
11.17	-0.07241414375
11.18	-0.07173447349
11.19	-0.0710421705
11.2	-0.07033754768
11.21	-0.06962091812
11.22	-0.06889259505
11.23	-0.06815289175
11.24	-0.06740212146
11.25	-0.06664059728
11.26	-0.06586863213
11.27	-0.0650865386
11.28	-0.06429462896
11.29	-0.06349321497
11.3	-0.06268260791
11.31	-0.06186311841
11.32	-0.06103505643
11.33	-0.06019873115
11.34	-0.05935445093
11.35	-0.0585025232
11.36	-0.05764325438
11.37	-0.05677694986
11.38	-0.05590391388
11.39	-0.05502444946
11.4	-0.05413885835
11.41	-0.05324744097
11.42	-0.05235049631
11.43	-0.05144832189
11.44	-0.05054121365
11.45	-0.04962946598
11.46	-0.04871337154
11.47	-0.04779322128
11.48	-0.04686930434
11.49	-0.04594190802
11.5	-0.04501131768
11.51	-0.04407781673
11.52	-0.0431416865
11.53	-0.04220320629
11.54	-0.04126265322
11.55	-0.04032030222
11.56	-0.03937642597
11.57	-0.03843129486
11.58	-0.03748517692
11.59	-0.03653833777
11.6	-0.0355910406
11.61	-0.03464354609
11.62	-0.0336961124
11.63	-0.03274899508
11.64	-0.03180244707
11.65	-0.03085671863
11.66	-0.02991205731
11.67	-0.02896870791
11.68	-0.02802691245
11.69	-0.02708691009
11.7	-0.02614893716
11.71	-0.02521322707
11.72	-0.02428001031
11.73	-0.02334951438
11.74	-0.0224219638
11.75	-0.02149758006
11.76	-0.02057658158
11.77	-0.0196591837
11.78	-0.01874559863
11.79	-0.01783603546
11.8	-0.01693070008
11.81	-0.01602979523
11.82	-0.01513352039
11.83	-0.01424207184
11.84	-0.01335564258
11.85	-0.01247442234
11.86	-0.01159859756
11.87	-0.01072835136
11.88	-0.009863863521
11.89	-0.009005310489
11.9	-0.00815286535
11.91	-0.00730669781
11.92	-0.006466974195
11.93	-0.005633857431
11.94	-0.004807507035
11.95	-0.00398807911
11.96	-0.003175726334
11.97	-0.00237059795
11.98	-0.001572839766
11.99	-0.0007825941441
12	-3.642715103e-17
12.01	0.0007748072023
12.02	0.001541695452
12.03	0.002300536193
12.04	0.003051204323
12.05	0.003793578197
12.06	0.004527539621
12.07	0.005252973851
12.08	0.005969769591
12.09	0.00667781899
12.1	0.007377017632
12.11	0.008067264535
12.12	0.008748462142
12.13	0.009420516311
12.14	0.01008333631
12.15	0.01073683481
12.16	0.01138092787
12.17	0.01201553493
12.18	0.01264057878
12.19	0.01325598558
12.2	0.01386168483
12.21	0.01445760935
12.22	0.01504369528
12.23	0.01561988205
12.24	0.01618611236
12.25	0.01674233219
12.26	0.01728849075
12.27	0.01782454048
12.28	0.01835043703
12.29	0.01886613924
12.3	0.0193716091
12.31	0.01986681176
12.32	0.02035171549
12.33	0.02082629165
12.34	0.02129051469
12.35	0.02174436211
12.36	0.02218781443
12.37	0.0226208552
12.38	0.02304347091
12.39	0.02345565104
12.4	0.02385738797
12.41	0.024248677
12.42	0.02462951628
12.43	0.02499990683
12.44	0.02535985246
12.45	0.02570935978
12.46	0.02604843815
12.47	0.02637709966
12.48	0.0266953591
12.49	0.02700323392
12.5	0.02730074421
12.51	0.02758791265
12.52	0.0278647645
12.53	0.02813132756
12.54	0.02838763213
12.55	0.02863371099
12.56	0.02886959934
12.57	0.0290953348
12.58	0.02931095738
12.59	0.02951650937
12.6	0.02971203543
12.61	0.02989758243
12.62	0.03007319951
12.63	0.03023893798
12.64	0.03039485133
12.65	0.03054099516
12.66	0.03067742717
12.67	0.0308042071
12.68	0.03092139672
12.69	0.03102905975
12.7	0.03112726189
12.71	0.03121607072
12.72	0.03129555569
12.73	0.03136578809
12.74	0.03142684098
12.75	0.03147878921
12.76	0.03152170932
12.77	0.03155567952
12.78	0.03158077971
12.79	0.03159709133
12.8	0.03160469744
12.81	0.03160368259
12.82	0.03159413284
12.83	0.0315761357
12.84	0.03154978009
12.85	0.03151515629
12.86	0.03147235594
12.87	0.03142147198
12.88	0.03136259859
12.89	0.03129583118
12.9	0.03122126636
12.91	0.03113900188
12.92	0.03104913658
12.93	0.03095177039
12.94	0.03084700429
12.95	0.03073494021
12.96	0.03061568109
12.97	0.03048933075
12.98	0.03035599392
12.99	0.03021577616
13	0.03006878386
13.01	0.02991512416
13.02	0.02975490496
13.03	0.02958823484
13.04	0.02941522306
13.05	0.02923597949
13.06	0.0290506146
13.07	0.02885923943
13.08	0.02866196552
13.09	0.02845890489
13.1	0.02825017004
13.11	0.02803587386
13.12	0.02781612964
13.13	0.02759105098
13.14	0.02736075183
13.15	0.0271253464
13.16	0.02688494914
13.17	0.02663967474
13.18	0.02638963802
13.19	0.02613495398
13.2	0.02587573773
13.21	0.02561210445
13.22	0.02534416937
13.23	0.02507204773
13.24	0.02479585478
13.25	0.02451570569
13.26	0.02423171558
13.27	0.02394399945
13.28	0.02365267217
13.29	0.02335784844
13.3	0.02305964277
13.31	0.02275816943
13.32	0.02245354245
13.33	0.02214587558
13.34	0.02183528224
13.35	0.02152187554
13.36	0.02120576821
13.37	0.02088707259
13.38	0.0205659006
13.39	0.02024236372
13.4	0.01991657296
13.41	0.01958863883
13.42	0.01925867133
13.43	0.0189267799
13.44	0.01859307344
13.45	0.01825766021
13.46	0.0179206479
13.47	0.01758214354
13.48	0.01724225349
13.49	0.01690108345
13.5	0.0165587384
13.51	0.01621532258
13.52	0.01587093952
13.53	0.01552569195
13.54	0.01517968181
13.55	0.01483301025
13.56	0.01448577758
13.57	0.01413808328
13.58	0.01379002594
13.59	0.01344170328
13.6	0.01309321213
13.61	0.01274464838
13.62	0.012396107
13.63	0.01204768201
13.64	0.01169946646
13.65	0.01135155241
13.66	0.01100403093
13.67	0.01065699208
13.68	0.01031052489
13.69	0.009964717347
13.7	0.00961965639
13.71	0.009275427885
13.72	0.008932116623
13.73	0.008589806301
13.74	0.008248579514
13.75	0.00790851774
13.76	0.007569701335
13.77	0.007232209514
13.78	0.00689612035
13.79	0.006561510757
13.8	0.006228456485
13.81	0.00589703211
13.82	0.005567311024
13.83	0.005239365429
13.84	0.004913266329
13.85	0.004589083521
13.86	0.00426688559
13.87	0.003946739903
13.88	0.0036287126
13.89	0.00331286859
13.9	0.002999271549
13.91	0.002687983907
13.92	0.002379066853
13.93	0.002072580323
13.94	0.001768583001
13.95	0.001467132314
13.96	0.001168284429
13.97	0.0008720942491
13.98	0.0005786154141
13.99	0.0002879002964
14	1.563426662e-17
14.01	-0.0002850356406
14.02	-0.0005671580613
14.03	-0.0008463199689
14.04	-0.001122475341
14.05	-0.001395579427
14.06	-0.001665588745
14.07	-0.001932461085
14.08	-0.002196155501
14.09	-0.002456632318
14.1	-0.002713853124
14.11	-0.002967780769
14.12	-0.003218379364
14.13	-0.003465614276
14.14	-0.003709452128
14.15	-0.003949860791
14.16	-0.004186809386
14.17	-0.004420268274
14.18	-0.004650209056
14.19	-0.004876604567
14.2	-0.005099428869
14.21	-0.005318657249
14.22	-0.005534266214
14.23	-0.005746233479
14.24	-0.00595453797
14.25	-0.006159159809
14.26	-0.006360080315
14.27	-0.006557281991
14.28	-0.00675074852
14.29	-0.00694046476
14.3	-0.00712641673
14.31	-0.007308591608
14.32	-0.00748697772
14.33	-0.007661564533
14.34	-0.007832342645
14.35	-0.00799930378
14.36	-0.008162440774
14.37	-0.008321747568
14.38	-0.008477219201
14.39	-0.008628851796
14.4	-0.008776642555
14.41	-0.008920589744
14.42	-0.009060692687
14.43	-0.009196951754
14.44	-0.009329368351
14.45	-0.009457944908
14.46	-0.00958268487
14.47	-0.009703592683
14.48	-0.009820673789
14.49	-0.009933934606
14.5	-0.01004338252
14.51	-0.01014902589
14.52	-0.01025087399
14.53	-0.01034893706
14.54	-0.01044322624
14.55	-0.0105337536
14.56	-0.01062053207
14.57	-0.01070357551
14.58	-0.01078289862
14.59	-0.01085851697
14.6	-0.01093044699
14.61	-0.01099870592
14.62	-0.01106331183
14.63	-0.01112428361
14.64	-0.01118164092
14.65	-0.01123540423
14.66	-0.01128559476
14.67	-0.01133223449
14.68	-0.01137534614
14.69	-0.01141495316
14.7	-0.01145107971
14.71	-0.01148375065
14.72	-0.01151299154
14.73	-0.01153882859
14.74	-0.0115612887
14.75	-0.01158039938
14.76	-0.01159618881
14.77	-0.01160868575
14.78	-0.01161791959
14.79	-0.0116239203
14.8	-0.01162671843
14.81	-0.01162634509
14.82	-0.01162283193
14.83	-0.01161621116
14.84	-0.01160651547
14.85	-0.01159377808
14.86	-0.01157803272
14.87	-0.01155931355
14.88	-0.01153765524
14.89	-0.01151309289
14.9	-0.01148566202
14.91	-0.01145539861
14.92	-0.01142233901
14.93	-0.01138652
14.94	-0.0113479787
14.95	-0.01130675263
14.96	-0.01126287965
14.97	-0.01121639796
14.98	-0.01116734608
14.99	-0.01111576285
15	-0.0110616874
15.01	-0.01100515916
15.02	-0.01094621781
15.03	-0.0108849033
15.04	-0.01082125582
15.05	-0.0107553158
15.06	-0.01068712387
15.07	-0.01061672087
15.08	-0.01054414786
15.09	-0.01046944603
15.1	-0.01039265677
15.11	-0.01031382161
15.12	-0.01023298223
15.13	-0.01015018041
15.14	-0.01006545809
15.15	-0.009978857274
15.16	-0.009890420067
15.17	-0.009800188655
15.18	-0.009708205287
15.19	-0.009614512267
15.2	-0.009519151937
15.21	-0.009422166673
15.22	-0.009323598864
15.23	-0.009223490909
15.24	-0.009121885198
15.25	-0.009018824108
15.26	-0.008914349985
15.27	-0.008808505137
15.28	-0.00870133182
15.29	-0.008592872232
15.3	-0.008483168495
15.31	-0.008372262652
15.32	-0.008260196649
15.33	-0.008147012331
15.34	-0.008032751428
15.35	-0.007917455547
15.36	-0.007801166158
15.37	-0.007683924591
15.38	-0.007565772019
15.39	-0.007446749452
15.4	-0.007326897729
15.41	-0.007206257506
15.42	-0.007084869246
15.43	-0.006962773214
15.44	-0.006840009465
15.45	-0.006716617835
15.46	-0.006592637934
15.47	-0.006468109138
15.48	-0.006343070578
15.49	-0.006217561135
15.5	-0.006091619428
15.51	-0.005965283811
15.52	-0.005838592362
15.53	-0.005711582877
15.54	-0.005584292861
15.55	-0.005456759521
15.56	-0.005329019762
15.57	-0.005201110175
15.58	-0.005073067035
15.59	-0.004944926291
15.6	-0.00481672356
15.61	-0.004688494123
15.62	-0.004560272915
15.63	-0.004432094525
15.64	-0.004303993182
15.65	-0.004176002756
15.66	-0.004048156749
15.67	-0.003920488291
15.68	-0.003793030134
15.69	-0.003665814649
15.7	-0.003538873817
15.71	-0.003412239227
15.72	-0.003285942072
15.73	-0.003160013142
15.74	-0.003034482822
15.75	-0.002909381087
15.76	-0.002784737497
15.77	-0.002660581194
15.78	-0.002536940901
15.79	-0.00241384491
15.8	-0.002291321091
15.81	-0.002169396877
15.82	-0.002048099268
15.83	-0.001927454826
15.84	-0.001807489671
15.85	-0.001688229481
15.86	-0.001569699487
15.87	-0.00145192447
15.88	-0.001334928763
15.89	-0.001218736246
15.9	-0.001103370341
15.91	-0.0009888540177
15.92	-0.0008752097844
15.93	-0.0007624596911
15.94	-0.0006506253262
15.95	-0.000539727816
15.96	-0.0004297878229
15.97	-0.000320825545
15.98	-0.0002128607152
15.99	-0.0001059126002
16	-6.573171736e-18
16.01	0.0001048587522
16.02	0.0002086457906
16.03	0.0003113437172
16.04	0.0004129356013
16.05	0.0005134049798
16.06	0.0006127358569
16.07	0.0007109127039
16.08	0.0008079204585
16.09	0.0009037445244
16.1	0.0009983707707
16.11	0.001091785531
16.12	0.001183975602
16.13	0.001274928243
16.14	0.001364631176
16.15	0.001453072581
16.16	0.001540241097
16.17	0.001626125822
16.18	0.001710716309
16.19	0.001794002563
16.2	0.001875975042
16.21	0.001956624657
16.22	0.002035942762
16.23	0.002113921161
16.24	0.002190552101
16.25	0.002265828269
16.26	0.002339742792
16.27	0.002412289234
16.28	0.002483461593
16.29	0.002553254297
16.3	0.002621662204
16.31	0.002688680596
16.32	0.00275430518
16.33	0.002818532079
16.34	0.002881357835
16.35	0.002942779404
16.36	0.003002794151
16.37	0.003061399845
16.38	0.003118594662
16.39	0.003174377177
16.4	0.003228746358
16.41	0.00328170157
16.42	0.003333242562
16.43	0.003383369472
16.44	0.003432082815
16.45	0.003479383487
16.46	0.003525272755
16.47	0.003569752254
16.48	0.003612823985
16.49	0.003654490311
16.5	0.00369475395
16.51	0.003733617972
16.52	0.003771085796
16.53	0.003807161183
16.54	0.003841848235
16.55	0.003875151386
16.56	0.003907075403
16.57	0.003937625377
16.58	0.003966806718
16.59	0.003994625156
16.6	0.00402108673
16.61	0.004046197787
16.62	0.004069964974
16.63	0.004092395237
16.64	0.004113495814
16.65	0.004133274231
16.66	0.004151738295
16.67	0.004168896093
16.68	0.004184755983
16.69	0.00419932659
16.7	0.004212616804
16.71	0.004224635772
16.72	0.004235392893
16.73	0.004244897815
16.74	0.004253160426
16.75	0.004260190854
16.76	0.004265999458
16.77	0.004270596826
16.78	0.004273993766
16.79	0.004276201305
16.8	0.004277230679
16.81	0.004277093335
16.82	0.004275800917
16.83	0.004273365269
16.84	0.004269798424
16.85	0.004265112603
16.86	0.004259320206
16.87	0.00425243381
16.88	0.004244466163
16.89	0.004235430177
16.9	0.004225338926
16.91	0.004214205639
16.92	0.004202043693
16.93	0.004188866613
16.94	0.004174688062
16.95	0.004159521839
16.96	0.004143381871
16.97	0.004126282212
16.98	0.004108237035
16.99	0.004089260625
17	0.00406936738
17.01	0.004048571802
17.02	0.004026888491
17.03	0.004004332143
17.04	0.003980917544
17.05	0.003956659565
17.06	0.003931573156
17.07	0.003905673342
17.08	0.003878975221
17.09	0.003851493954
17.1	0.003823244764
17.11	0.00379424293
17.12	0.003764503783
17.13	0.003734042699
17.14	0.003702875098
17.15	0.003671016437
17.16	0.003638482207
17.17	0.003605287926
17.18	0.003571449136
17.19	0.0035369814
17.2	0.003501900295
17.21	0.00346622141
17.22	0.00342996034
17.23	0.003393132681
17.24	0.003355754029
17.25	0.003317839973
17.26	0.003279406091
17.27	0.003240467947
17.28	0.003201041088
17.29	0.003161141035
17.3	0.003120783285
17.31	0.003079983306
17.32	0.003038756527
17.33	0.002997118343
17.34	0.002955084106
17.35	0.002912669122
17.36	0.002869888647
17.37	0.002826757885
17.38	0.002783291982
17.39	0.002739506027
17.4	0.002695415042
17.41	0.002651033984
17.42	0.002606377739
17.43	0.002561461119
17.44	0.00251629886
17.45	0.002470905616
17.46	0.002425295959
17.47	0.002379484375
17.48	0.00233348526
17.49	0.002287312916
17.5	0.002240981551
17.51	0.002194505275
17.52	0.002147898095
17.53	0.002101173917
17.54	0.002054346537
17.55	0.002007429643
17.56	0.001960436812
17.57	0.001913381505
17.58	0.001866277066
17.59	0.001819136721
17.6	0.001771973571
17.61	0.001724800598
17.62	0.001677630652
17.63	0.001630476457
17.64	0.001583350607
17.65	0.00153626556
17.66	0.001489233642
17.67	0.001442267041
17.68	0.001395377806
17.69	0.001348577845
17.7	0.001301878922
17.71	0.00125529266
17.72	0.001208830533
17.73	0.001162503869
17.74	0.001116323845
17.75	0.001070301488
17.76	0.001024447674
17.77	0.000978773123
17.78	0.0009332884008
17.79	0.0008880039167
17.8	0.0008429299225
17.81	0.0007980765109
17.82	0.0007534536143
17.83	0.0007090710043
17.84	0.0006649382902
17.85	0.0006210649181
17.86	0.0005774601699
17.87	0.0005341331626
17.88	0.0004910928475
17.89	0.000448348009
17.9	0.0004059072646
17.91	0.0003637790634
17.92	0.0003219716864
17.93	0.0002804932451
17.94	0.0002393516814
17.95	0.0001985547673
17.96	0.0001581101041
17.97	0.0001180251222
17.98	7.830708096e-05
17.99	3.896306816e-05
18	2.720401588e-18
18.01	-3.857537915e-05
18.02	-7.675649686e-05
18.03	-0.0001145369527
18.04	-0.0001519105182
18.05	-0.0001888711371
18.06	-0.0002254129246
18.07	-0.0002615301682
18.08	-0.0002972173268
18.09	-0.0003324690306
18.1	-0.0003672800812
18.11	-0.000401645451
18.12	-0.0004355602828
18.13	-0.0004690198896
18.14	-0.0005020197543
18.15	-0.0005345555289
18.16	-0.0005666230341
18.17	-0.0005982182588
18.18	-0.0006293373597
18.19	-0.0006599766602
18.2	-0.0006901326503
18.21	-0.0007198019853
18.22	-0.0007489814855
18.23	-0.0007776681354
18.24	-0.0008058590827
18.25	-0.0008335516373
18.26	-0.0008607432708
18.27	-0.0008874316155
18.28	-0.0009136144631
18.29	-0.0009392897641
18.3	-0.0009644556266
18.31	-0.0009891103153
18.32	-0.00101325225
18.33	-0.001036880006
18.34	-0.00105999231
18.35	-0.001082588043
18.36	-0.001104666234
18.37	-0.001126226064
18.38	-0.001147266862
18.39	-0.001167788102
18.4	-0.001187789406
18.41	-0.00120727054
18.42	-0.001226231411
18.43	-0.001244672071
18.44	-0.001262592708
18.45	-0.001279993653
18.46	-0.001296875371
18.47	-0.001313238464
18.48	-0.001329083669
18.49	-0.001344411854
18.5	-0.001359224018
18.51	-0.001373521293
18.52	-0.001387304935
18.53	-0.001400576329
18.54	-0.001413336982
18.55	-0.001425588526
18.56	-0.001437332716
18.57	-0.001448571423
18.58	-0.001459306639
18.59	-0.00146954047
18.6	-0.001479275139
18.61	-0.001488512981
18.62	-0.00149725644
18.63	-0.001505508073
18.64	-0.001513270541
18.65	-0.001520546614
18.66	-0.001527339164
18.67	-0.001533651165
18.68	-0.001539485692
18.69	-0.001544845919
18.7	-0.001549735116
18.71	-0.001554156647
18.72	-0.001558113971
18.73	-0.001561610636
18.74	-0.001564650281
18.75	-0.001567236631
18.76	-0.001569373497
18.77	-0.001571064774
18.78	-0.001572314438
18.79	-0.001573126546
18.8	-0.001573505232
18.81	-0.001573454706
18.82	-0.001572979252
18.83	-0.001572083227
18.84	-0.001570771058
18.85	-0.001569047241
18.86	-0.001566916337
18.87	-0.001564382974
18.88	-0.00156145184
18.89	-0.001558127687
18.9	-0.001554415323
18.91	-0.001550319615
18.92	-0.001545845486
18.93	-0.001540997909
18.94	-0.001535781911
18.95	-0.00153020257
18.96	-0.001524265007
18.97	-0.001517974394
18.98	-0.001511335944
18.99	-0.001504354913
19	-0.001497036598
19.01	-0.001489386332
19.02	-0.001481409488
19.03	-0.001473111471
19.04	-0.001464497722
19.05	-0.00145557371
19.06	-0.001446344935
19.07	-0.001436816927
19.08	-0.001426995237
19.09	-0.001416885444
19.1	-0.001406493147
19.11	-0.001395823969
19.12	-0.001384883548
19.13	-0.001373677541
19.14	-0.001362211622
19.15	-0.001350491476
19.16	-0.001338522801
19.17	-0.001326311307
19.18	-0.001313862712
19.19	-0.001301182741
19.2	-0.001288277124
19.21	-0.001275151595
19.22	-0.001261811893
19.23	-0.001248263755
19.24	-0.001234512917
19.25	-0.001220565115
19.26	-0.00120642608
19.27	-0.001192101538
19.28	-0.001177597206
19.29	-0.001162918797
19.3	-0.001148072011
19.31	-0.001133062537
19.32	-0.001117896053
19.33	-0.001102578221
19.34	-0.00108711469
19.35	-0.001071511089
19.36	-0.001055773032
19.37	-0.001039906111
19.38	-0.001023915899
19.39	-0.001007807946
19.4	-0.0009915877795
19.41	-0.0009752609006
19.42	-0.0009588327861
19.43	-0.0009423088851
19.44	-0.0009256946183
19.45	-0.0009089953771
19.46	-0.0008922165221
19.47	-0.0008753633822
19.48	-0.0008584412533
19.49	-0.0008414553972
19.5	-0.0008244110406
19.51	-0.0008073133741
19.52	-0.000790167551
19.53	-0.0007729786864
19.54	-0.000755751856
19.55	-0.0007384920954
19.56	-0.0007212043989
19.57	-0.0007038937187
19.58	-0.0006865649641
19.59	-0.0006692230002
19.6	-0.0006518726472
19.61	-0.00063451868
19.62	-0.0006171658266
19.63	-0.0005998187679
19.64	-0.0005824821363
19.65	-0.0005651605157
19.66	-0.0005478584401
19.67	-0.0005305803932
19.68	-0.0005133308076
19.69	-0.0004961140638
19.7	-0.0004789344903
19.71	-0.0004617963623
19.72	-0.000444703901
19.73	-0.0004276612736
19.74	-0.0004106725922
19.75	-0.0003937419134
19.76	-0.0003768732379
19.77	-0.0003600705095
19.78	-0.0003433376153
19.79	-0.0003266783847
19.8	-0.0003100965889
19.81	-0.0002935959408
19.82	-0.0002771800946
19.83	-0.0002608526448
19.84	-0.0002446171266
19.85	-0.000228477015
19.86	-0.0002124357246
19.87	-0.0001964966094
19.88	-0.0001806629623
19.89	-0.000164938015
19.9	-0.0001493249377
19.91	-0.0001338268386
19.92	-0.0001184467641
19.93	-0.0001031876983
19.94	-8.805256281e-05
19.95	-7.304421685e-05
19.96	-5.816545674e-05
19.97	-4.3419016e-05
19.98	-2.880756518e-05
19.99	-1.433371174e-05
20	-1.111977573e-18
20.01	1.419108893e-05
20.02	2.823713717e-05
20.03	4.213579015e-05
20.04	5.588475656e-05
20.05	6.948180835e-05
20.06	8.292478074e-05
20.07	9.621157214e-05
20.08	0.0001093401441
20.09	0.0001223085212
20.1	0.000135114791
20.11	0.0001477571041
20.12	0.0001602336734
20.13	0.0001725427749
20.14	0.0001846827467
20.15	0.0001966519892
20.16	0.0002084489651
20.17	0.0002200721988
20.18	0.0002315202762
20.19	0.000242791845
20.2	0.0002538856137
20.21	0.0002648003521
20.22	0.0002755348903
20.23	0.0002860881191
20.24	0.000296458989
20.25	0.0003066465105
20.26	0.0003166497535
20.27	0.0003264678468
20.28	0.0003360999781
20.29	0.0003455453935
20.3	0.000354803397
20.31	0.0003638733501
20.32	0.0003727546716
20.33	0.0003814468372
20.34	0.0003899493788
20.35	0.0003982618842
20.36	0.0004063839969
20.37	0.0004143154151
20.38	0.0004220558919
20.39	0.0004296052343
20.4	0.0004369633029
20.41	0.0004441300114
20.42	0.0004511053263
20.43	0.0004578892658
20.44	0.0004644818999
20.45	0.0004708833498
20.46	0.0004770937867
20.47	0.0004831134323
20.48	0.0004889425573
20.49	0.0004945814814
20.5	0.0005000305723
20.51	0.0005052902458
20.52	0.0005103609643
20.53	0.0005152432371
20.54	0.000519937619
20.55	0.0005244447105
20.56	0.0005287651563
20.57	0.0005328996456
20.58	0.0005368489108
20.59	0.000540613727
20.6	0.0005441949116
20.61	0.0005475933235
20.62	0.0005508098625
20.63	0.0005538454685
20.64	0.0005567011211
20.65	0.0005593778387
20.66	0.0005618766781
20.67	0.0005641987335
20.68	0.0005663451362
20.69	0.0005683170535
20.7	0.0005701156884
20.71	0.0005717422788
20.72	0.0005731980968
20.73	0.0005744844481
20.74	0.0005756026709
20.75	0.0005765541358
20.76	0.000577340245
20.77	0.0005779624311
20.78	0.0005784221569
20.79	0.0005787209147
20.8	0.0005788602254
20.81	0.0005788416379
20.82	0.0005786667281
20.83	0.000578337099
20.84	0.0005778543791
20.85	0.0005772202221
20.86	0.0005764363064
20.87	0.0005755043341
20.88	0.0005744260303
20.89	0.0005732031426
20.9	0.0005718374403
20.91	0.0005703307137
20.92	0.0005686847733
20.93	0.0005669014495
20.94	0.0005649825913
20.95	0.0005629300662
20.96	0.0005607457591
20.97	0.0005584315719
20.98	0.0005559894227
20.99	0.0005534212449
21	0.000550728987
21.01	0.0005479146115
21.02	0.0005449800945
21.03	0.0005419274248
21.04	0.0005387586034
21.05	0.0005354756429
21.06	0.0005320805666
21.07	0.000528575408
21.08	0.0005249622102
21.09	0.0005212430252
21.1	0.0005174199131
21.11	0.0005134949416
21.12	0.0005094701857
21.13	0.0005053477263
21.14	0.0005011296502
21.15	0.0004968180493
21.16	0.00049241502
21.17	0.0004879226626
21.18	0.0004833430804
21.19	0.0004786783795
21.2	0.0004739306683
21.21	0.0004691020563
21.22	0.0004641946541
21.23	0.0004592105725
21.24	0.000454151922
21.25	0.0004490208125
21.26	0.0004438193522
21.27	0.0004385496475
21.28	0.0004332138022
21.29	0.0004278139173
21.3	0.0004223520898
21.31	0.000416830413
21.32	0.0004112509753
21.33	0.0004056158599
21.34	0.0003999271445
21.35	0.0003941869006
21.36	0.0003883971929
21.37	0.0003825600789
21.38	0.0003766776088
21.39	0.0003707518241
21.4	0.0003647847582
21.41	0.0003587784351
21.42	0.0003527348695
21.43	0.0003466560661
21.44	0.0003405440189
21.45	0.0003344007114
21.46	0.0003282281156
21.47	0.0003220281919
21.48	0.0003158028885
21.49	0.0003095541413
21.5	0.0003032838729
21.51	0.0002969939929
21.52	0.0002906863971
21.53	0.0002843629672
21.54	0.0002780255704
21.55	0.0002716760594
21.56	0.0002653162712
21.57	0.0002589480279
21.58	0.0002525731353
21.59	0.0002461933833
21.6	0.0002398105452
21.61	0.0002334263774
21.62	0.0002270426194
21.63	0.0002206609931
21.64	0.0002142832028
21.65	0.0002079109347
21.66	0.0002015458568
21.67	0.0001951896186
21.68	0.0001888438506
21.69	0.0001825101646
21.7	0.0001761901527
21.71	0.0001698853877
21.72	0.0001635974226
21.73	0.0001573277903
21.74	0.0001510780037
21.75	0.0001448495551
21.76	0.0001386439161
21.77	0.0001324625378
21.78	0.0001263068501
21.79	0.0001201782616
21.8	0.0001140781598
21.81	0.0001080079106
21.82	0.0001019688583
21.83	9.596232521e-05
21.84	8.998961185e-05
21.85	8.40519966e-05
21.86	7.815073565e-05
21.87	7.228706285e-05
21.88	6.646218961e-05
21.89	6.067730479e-05
21.9	5.493357462e-05
21.91	4.923214258e-05
21.92	4.357412937e-05
21.93	3.796063277e-05
21.94	3.23927276e-05
21.95	2.687146567e-05
21.96	2.139787572e-05
21.97	1.597296334e-05
21.98	1.059771098e-05
21.99	5.273077865e-06
22	1.636708274e-18
22.01	-5.220609863e-06
22.02	-1.038786224e-05
22.03	-1.550089093e-05
22.04	-2.055885301e-05
22.05	-2.556092883e-05
22.06	-3.0506322e-05
22.07	-3.539425939e-05
22.08	-4.02239911e-05
22.09	-4.499479043e-05
22.1	-4.970595382e-05
22.11	-5.435680087e-05
22.12	-5.894667423e-05
22.13	-6.347493961e-05
22.14	-6.794098564e-05
22.15	-7.234422391e-05
22.16	-7.668408881e-05
22.17	-8.09600375e-05
22.18	-8.517154983e-05
22.19	-8.931812824e-05
22.2	-9.33992977e-05
22.21	-9.741460555e-05
22.22	-0.0001013636215
22.23	-0.0001052459374
22.24	-0.0001090611672
22.25	-0.0001128089469
22.26	-0.0001164889343
22.27	-0.000120100809
22.28	-0.0001236442721
22.29	-0.0001271190463
22.3	-0.0001305248754
22.31	-0.0001338615247
22.32	-0.0001371287803
22.33	-0.0001403264493
22.34	-0.0001434543595
22.35	-0.0001465123594
22.36	-0.0001495003177
22.37	-0.0001524181234
22.38	-0.0001552656857
22.39	-0.0001580429335
22.4	-0.0001607498157
22.41	-0.0001633863004
22.42	-0.0001659523753
22.43	-0.0001684480472
22.44	-0.0001708733418
22.45	-0.0001732283036
22.46	-0.0001755129957
22.47	-0.0001777274995
22.48	-0.0001798719148
22.49	-0.000181946359
22.5	-0.0001839509675
22.51	-0.0001858858932
22.52	-0.0001877513063
22.53	-0.0001895473941
22.54	-0.0001912743607
22.55	-0.000192932427
22.56	-0.0001945218302
22.57	-0.0001960428238
22.58	-0.0001974956773
22.59	-0.0001988806758
22.6	-0.00020019812
22.61	-0.0002014483258
22.62	-0.0002026316244
22.63	-0.0002037483614
22.64	-0.0002047988973
22.65	-0.0002057836067
22.66	-0.0002067028784
22.67	-0.0002075571148
22.68	-0.0002083467322
22.69	-0.00020907216
22.7	-0.0002097338408
22.71	-0.00021033223
22.72	-0.0002108677955
22.73	-0.0002113410177
22.74	-0.0002117523889
22.75	-0.0002121024133
22.76	-0.0002123916067
22.77	-0.0002126204962
22.78	-0.0002127896198
22.79	-0.0002128995267
22.8	-0.0002129507763
22.81	-0.0002129439383
22.82	-0.0002128795926
22.83	-0.0002127583288
22.84	-0.000212580746
22.85	-0.0002123474527
22.86	-0.0002120590663
22.87	-0.0002117162128
22.88	-0.000211319527
22.89	-0.0002108696518
22.9	-0.000210367238
22.91	-0.0002098129442
22.92	-0.0002092074366
22.93	-0.0002085513884
22.94	-0.00020784548
22.95	-0.0002070903982
22.96	-0.0002062868365
22.97	-0.0002054354946
22.98	-0.0002045370781
22.99	-0.0002035922983
23	-0.000202601872
23.01	-0.0002015665211
23.02	-0.0002004869726
23.03	-0.0001993639582
23.04	-0.0001981982139
23.05	-0.0001969904803
23.06	-0.0001957415015
23.07	-0.0001944520257
23.08	-0.0001931228045
23.09	-0.0001917545928
23.1	-0.0001903481485
23.11	-0.0001889042322
23.12	-0.0001874236072
23.13	-0.0001859070391
23.14	-0.0001843552957
23.15	-0.0001827691464
23.16	-0.0001811493624
23.17	-0.0001794967164
23.18	-0.0001778119823
23.19	-0.0001760959348
23.2	-0.0001743493494
23.21	-0.0001725730023
23.22	-0.0001707676699
23.23	-0.0001689341288
23.24	-0.0001670731553
23.25	-0.0001651855256
23.26	-0.0001632720153
23.27	-0.0001613333992
23.28	-0.0001593704515
23.29	-0.0001573839448
23.3	-0.0001553746508
23.31	-0.0001533433394
23.32	-0.000151290779
23.33	-0.0001492177359
23.34	-0.0001471249744
23.35	-0.0001450132567
23.36	-0.0001428833423
23.37	-0.0001407359881
23.38	-0.0001385719482
23.39	-0.0001363919739
23.4	-0.000134196813
23.41	-0.0001319872102
23.42	-0.0001297639067
23.43	-0.0001275276399
23.44	-0.0001252791434
23.45	-0.0001230191468
23.46	-0.0001207483757
23.47	-0.0001184675513
23.48	-0.0001161773902
23.49	-0.0001138786045
23.5	-0.0001115719017
23.51	-0.0001092579841
23.52	-0.0001069375493
23.53	-0.0001046112895
23.54	-0.0001022798915
23.55	-9.994403689e-05
23.56	-9.760440159e-05
23.57	-9.526165579e-05
23.58	-9.291646388e-05
23.59	-9.056948427e-05
23.6	-8.822136935e-05
23.61	-8.587276528e-05
23.62	-8.352431195e-05
23.63	-8.117664284e-05
23.64	-7.88303849e-05
23.65	-7.648615847e-05
23.66	-7.414457717e-05
23.67	-7.18062478e-05
23.68	-6.947177023e-05
23.69	-6.714173735e-05
23.7	-6.48167349e-05
23.71	-6.249734148e-05
23.72	-6.01841284e-05
23.73	-5.787765959e-05
23.74	-5.557849158e-05
23.75	-5.328717338e-05
23.76	-5.100424639e-05
23.77	-4.873024439e-05
23.78	-4.646569342e-05
23.79	-4.421111171e-05
23.8	-4.196700968e-05
23.81	-3.973388981e-05
23.82	-3.751224661e-05
23.83	-3.530256657e-05
23.84	-3.310532812e-05
23.85	-3.092100154e-05
23.86	-2.875004896e-05
23.87	-2.659292429e-05
23.88	-2.445007317e-05
23.89	-2.232193298e-05
23.9	-2.020893273e-05
23.91	-1.81114931e-05
23.92	-1.603002636e-05
23.93	-1.396493637e-05
23.94	-1.191661853e-05
23.95	-9.885459776e-06
23.96	-7.871838562e-06
23.97	-5.876124829e-06
23.98	-3.898679993e-06
23.99	-1.939856938e-06
24	-1.805877598e-19
24.01	1.920555039e-06
24.02	3.821480957e-06
24.03	5.702459095e-06
24.04	7.563179357e-06
24.05	9.403340213e-06
24.06	1.122264869e-05
24.07	1.302082037e-05
24.08	1.479757937e-05
24.09	1.655265836e-05
24.1	1.828579851e-05
24.11	1.999674953e-05
24.12	2.168526958e-05
24.13	2.335112531e-05
24.14	2.499409183e-05
24.15	2.661395266e-05
24.16	2.821049974e-05
24.17	2.978353335e-05
24.18	3.133286215e-05
24.19	3.28583031e-05
24.2	3.435968144e-05
24.21	3.583683065e-05
24.22	3.728959243e-05
24.23	3.871781663e-05
24.24	4.012136124e-05
24.25	4.150009235e-05
24.26	4.285388407e-05
24.27	4.418261851e-05
24.28	4.548618573e-05
24.29	4.67644837e-05
24.3	4.801741822e-05
24.31	4.924490289e-05
24.32	5.044685906e-05
24.33	5.162321575e-05
24.34	5.277390962e-05
24.35	5.38988849e-05
24.36	5.499809332e-05
24.37	5.607149405e-05
24.38	5.711905368e-05
24.39	5.814074607e-05
24.4	5.913655236e-05
24.41	6.010646089e-05
24.42	6.10504671e-05
24.43	6.196857347e-05
24.44	6.286078948e-05
24.45	6.372713151e-05
24.46	6.456762276e-05
24.47	6.53822932e-05
24.48	6.617117948e-05
24.49	6.693432487e-05
24.5	6.767177913e-05
24.51	6.838359853e-05
24.52	6.906984566e-05
24.53	6.973058942e-05
24.54	7.036590493e-05
24.55	7.097587343e-05
24.56	7.15605822e-05
24.57	7.212012448e-05
24.58	7.265459939e-05
24.59	7.316411186e-05
24.6	7.364877249e-05
24.61	7.410869753e-05
24.62	7.454400875e-05
24.63	7.495483335e-05
24.64	7.53413039e-05
24.65	7.570355824e-05
24.66	7.604173938e-05
24.67	7.63559954e-05
24.68	7.664647941e-05
24.69	7.69133494e-05
24.7	7.715676816e-05
24.71	7.737690324e-05
24.72	7.757392679e-05
24.73	7.774801549e-05
24.74	7.789935049e-05
24.75	7.802811727e-05
24.76	7.813450558e-05
24.77	7.821870931e-05
24.78	7.828092644e-05
24.79	7.832135891e-05
24.8	7.834021256e-05
24.81	7.833769701e-05
24.82	7.831402555e-05
24.83	7.82694151e-05
24.84	7.820408606e-05
24.85	7.811826225e-05
24.86	7.80121708e-05
24.87	7.788604206e-05
24.88	7.774010951e-05
24.89	7.757460966e-05
24.9	7.738978195e-05
24.91	7.718586868e-05
24.92	7.696311487e-05
24.93	7.672176823e-05
24.94	7.646207902e-05
24.95	7.618429995e-05
24.96	7.588868613e-05
24.97	7.557549496e-05
24.98	7.524498599e-05
24.99	7.489742093e-05
25	7.453306344e-05
25.01	7.415217914e-05
25.02	7.375503544e-05
25.03	7.334190152e-05
25.04	7.291304819e-05
25.05	7.24687478e-05
25.06	7.200927418e-05
25.07	7.153490255e-05
25.08	7.104590941e-05
25.09	7.054257245e-05
25.1	7.002517049e-05
25.11	6.949398337e-05
25.12	6.894929188e-05
25.13	6.839137767e-05
25.14	6.782052315e-05
25.15	6.723701142e-05
25.16	6.664112621e-05
25.17	6.603315174e-05
25.18	6.541337268e-05
25.19	6.478207407e-05
25.2	6.413954123e-05
25.21	6.348605966e-05
25.22	6.282191499e-05
25.23	6.214739289e-05
25.24	6.1462779e-05
25.25	6.076835883e-05
25.26	6.006441773e-05
25.27	5.935124075e-05
25.28	5.862911263e-05
25.29	5.789831767e-05
25.3	5.715913971e-05
25.31	5.641186201e-05
25.32	5.565676722e-05
25.33	5.489413729e-05
25.34	5.412425338e-05
25.35	5.334739584e-05
25.36	5.256384411e-05
25.37	5.177387664e-05
25.38	5.097777087e-05
25.39	5.017580312e-05
25.4	4.936824857e-05
25.41	4.855538114e-05
25.42	4.773747348e-05
25.43	4.691479689e-05
25.44	4.608762125e-05
25.45	4.525621499e-05
25.46	4.442084499e-05
25.47	4.358177656e-05
25.48	4.273927337e-05
25.49	4.189359739e-05
25.5	4.104500884e-05
25.51	4.019376615e-05
25.52	3.934012589e-05
25.53	3.848434271e-05
25.54	3.762666932e-05
25.55	3.676735644e-05
25.56	3.590665271e-05
25.57	3.50448047e-05
25.58	3.418205681e-05
25.59	3.331865126e-05
25.6	3.245482806e-05
25.61	3.15908249e-05
25.62	3.072687721e-05
25.63	2.9863218e-05
25.64	2.900007794e-05
25.65	2.813768523e-05
25.66	2.727626562e-05
25.67	2.641604231e-05
25.68	2.555723601e-05
25.69	2.470006481e-05
25.7	2.384474421e-05
25.71	2.299148706e-05
25.72	2.214050352e-05
25.73	2.129200107e-05
25.74	2.044618442e-05
25.75	1.960325556e-05
25.76	1.876341366e-05
25.77	1.792685507e-05
25.78	1.709377333e-05
25.79	1.626435907e-05
25.8	1.543880007e-05
25.81	1.461728118e-05
25.82	1.379998432e-05
25.83	1.298708846e-05
25.84	1.217876961e-05
25.85	1.137520077e-05
25.86	1.057655194e-05
25.87	9.782990125e-06
25.88	8.994679255e-06
25.89	8.21178023e-06
25.9	7.43445088e-06
25.91	6.662845961e-06
25.92	5.89711714e-06
25.93	5.137412987e-06
25.94	4.383878964e-06
25.95	3.636657418e-06
25.96	2.895887571e-06
25.97	2.161705518e-06
25.98	1.434244217e-06
25.99	7.136334864e-07
26	-8.863532955e-20
26.01	-7.065327145e-07
26.02	-1.405844279e-06
26.03	-2.097817465e-06
26.04	-2.782338195e-06
26.05	-3.459295543e-06
26.06	-4.128581728e-06
26.07	-4.79009212e-06
26.08	-5.443725229e-06
26.09	-6.089382706e-06
26.1	-6.726969339e-06
26.11	-7.356393041e-06
26.12	-7.977564853e-06
26.13	-8.59039893e-06
26.14	-9.194812535e-06
26.15	-9.790726033e-06
26.16	-1.037806288e-05
26.17	-1.095674961e-05
26.18	-1.152671582e-05
26.19	-1.208789418e-05
26.2	-1.264022041e-05
26.21	-1.318363323e-05
26.22	-1.371807442e-05
26.23	-1.424348874e-05
26.24	-1.475982395e-05
26.25	-1.526703078e-05
26.26	-1.576506292e-05
26.27	-1.625387701e-05
26.28	-1.673343259e-05
26.29	-1.720369213e-05
26.3	-1.766462098e-05
26.31	-1.811618736e-05
26.32	-1.855836232e-05
26.33	-1.899111976e-05
26.34	-1.941443638e-05
26.35	-1.982829166e-05
26.36	-2.023266784e-05
26.37	-2.06275499e-05
26.38	-2.101292555e-05
26.39	-2.138878517e-05
26.4	-2.175512184e-05
26.41	-2.211193124e-05
26.42	-2.245921172e-05
26.43	-2.279696418e-05
26.44	-2.312519211e-05
26.45	-2.344390153e-05
26.46	-2.375310098e-05
26.47	-2.405280149e-05
26.48	-2.434301653e-05
26.49	-2.462376203e-05
26.5	-2.489505629e-05
26.51	-2.515692001e-05
26.52	-2.540937622e-05
26.53	-2.565245027e-05
26.54	-2.588616978e-05
26.55	-2.611056465e-05
26.56	-2.632566699e-05
26.57	-2.653151109e-05
26.58	-2.672813342e-05
26.59	-2.691557258e-05
26.6	-2.709386927e-05
26.61	-2.726306623e-05
26.62	-2.742320828e-05
26.63	-2.75743422e-05
26.64	-2.771651678e-05
26.65	-2.78497827e-05
26.66	-2.797419259e-05
26.67	-2.808980092e-05
26.68	-2.819666401e-05
26.69	-2.829483999e-05
26.7	-2.838438875e-05
26.71	-2.846537192e-05
26.72	-2.853785284e-05
26.73	-2.860189649e-05
26.74	-2.865756953e-05
26.75	-2.870494018e-05
26.76	-2.874407825e-05
26.77	-2.877505507e-05
26.78	-2.879794347e-05
26.79	-2.881281775e-05
26.8	-2.881975362e-05
26.81	-2.88188282e-05
26.82	-2.881011996e-05
26.83	-2.879370869e-05
26.84	-2.876967548e-05
26.85	-2.873810266e-05
26.86	-2.86990738e-05
26.87	-2.865267363e-05
26.88	-2.859898804e-05
26.89	-2.853810405e-05
26.9	-2.847010974e-05
26.91	-2.839509424e-05
26.92	-2.831314769e-05
26.93	-2.822436122e-05
26.94	-2.81288269e-05
26.95	-2.802663769e-05
26.96	-2.791788745e-05
26.97	-2.780267085e-05
26.98	-2.76810834e-05
26.99	-2.755322136e-05
27	-2.741918173e-05
27.01	-2.727906222e-05
27.02	-2.713296122e-05
27.03	-2.698097775e-05
27.04	-2.682321142e-05
27.05	-2.665976244e-05
27.06	-2.649073155e-05
27.07	-2.631621998e-05
27.08	-2.613632945e-05
27.09	-2.595116213e-05
27.1	-2.576082059e-05
27.11	-2.556540777e-05
27.12	-2.536502697e-05
27.13	-2.51597818e-05
27.14	-2.494977615e-05
27.15	-2.473511419e-05
27.16	-2.451590027e-05
27.17	-2.429223896e-05
27.18	-2.406423499e-05
27.19	-2.383199321e-05
27.2	-2.359561858e-05
27.21	-2.335521615e-05
27.22	-2.311089098e-05
27.23	-2.286274817e-05
27.24	-2.261089279e-05
27.25	-2.235542989e-05
27.26	-2.209646443e-05
27.27	-2.183410128e-05
27.28	-2.156844519e-05
27.29	-2.129960075e-05
27.3	-2.102767237e-05
27.31	-2.075276427e-05
27.32	-2.047498042e-05
27.33	-2.019442455e-05
27.34	-1.991120009e-05
27.35	-1.962541017e-05
27.36	-1.93371576e-05
27.37	-1.904654481e-05
27.38	-1.875367386e-05
27.39	-1.845864641e-05
27.4	-1.816156369e-05
27.41	-1.786252648e-05
27.42	-1.756163507e-05
27.43	-1.725898926e-05
27.44	-1.695468835e-05
27.45	-1.664883108e-05
27.46	-1.634151563e-05
27.47	-1.603283961e-05
27.48	-1.57229e-05
27.49	-1.54117932e-05
27.5	-1.509961492e-05
27.51	-1.478646023e-05
27.52	-1.447242353e-05
27.53	-1.415759849e-05
27.54	-1.384207808e-05
27.55	-1.352595454e-05
27.56	-1.320931933e-05
27.57	-1.289226317e-05
27.58	-1.257487596e-05
27.59	-1.225724681e-05
27.6	-1.193946401e-05
27.61	-1.162161501e-05
27.62	-1.130378642e-05
27.63	-1.098606395e-05
27.64	-1.066853247e-05
27.65	-1.035127592e-05
27.66	-1.003437735e-05
27.67	-9.717918884e-06
27.68	-9.401981702e-06
27.69	-9.086646041e-06
27.7	-8.771991176e-06
27.71	-8.458095411e-06
27.72	-8.145036063e-06
27.73	-7.832889454e-06
27.74	-7.5217309e-06
27.75	-7.211634702e-06
27.76	-6.902674132e-06
27.77	-6.594921427e-06
27.78	-6.288447779e-06
27.79	-5.983323326e-06
27.8	-5.679617142e-06
27.81	-5.377397231e-06
27.82	-5.076730519e-06
27.83	-4.777682846e-06
27.84	-4.480318957e-06
27.85	-4.184702501e-06
27.86	-3.890896019e-06
27.87	-3.59896094e-06
27.88	-3.308957578e-06
27.89	-3.020945122e-06
27.9	-2.734981635e-06
27.91	-2.451124049e-06
27.92	-2.169428158e-06
27.93	-1.889948619e-06
27.94	-1.612738944e-06
27.95	-1.337851499e-06
27.96	-1.065337501e-06
27.97	-7.95247018e-07
27.98	-5.276289611e-07
27.99	-2.625310882e-07
28	-2.851321156e-20
28.01	2.599188602e-07
28.02	5.171812077e-07
28.03	7.717439167e-07
28.04	1.023565021e-06
28.05	1.272603711e-06
28.06	1.518820339e-06
28.07	1.762176412e-06
28.08	2.002634595e-06
28.09	2.240158707e-06
28.1	2.474713721e-06
28.11	2.706265761e-06
28.12	2.9347821e-06
28.13	3.160231158e-06
28.14	3.382582497e-06
28.15	3.601806822e-06
28.16	3.817875972e-06
28.17	4.030762922e-06
28.18	4.240441774e-06
28.19	4.446887757e-06
28.2	4.65007722e-06
28.21	4.849987627e-06
28.22	5.046597553e-06
28.23	5.23988668e-06
28.24	5.429835788e-06
28.25	5.616426753e-06
28.26	5.799642538e-06
28.27	5.97946719e-06
28.28	6.15588583e-06
28.29	6.328884647e-06
28.3	6.498450895e-06
28.31	6.664572881e-06
28.32	6.827239959e-06
28.33	6.986442525e-06
28.34	7.142172006e-06
28.35	7.294420854e-06
28.36	7.443182537e-06
28.37	7.588451529e-06
28.38	7.730223307e-06
28.39	7.868494336e-06
28.4	8.003262064e-06
28.41	8.134524909e-06
28.42	8.262282257e-06
28.43	8.386534443e-06
28.44	8.507282749e-06
28.45	8.624529393e-06
28.46	8.738277514e-06
28.47	8.848531169e-06
28.48	8.955295317e-06
28.49	9.058575814e-06
28.5	9.158379396e-06
28.51	9.254713676e-06
28.52	9.347587125e-06
28.53	9.43700907e-06
28.54	9.522989675e-06
28.55	9.605539934e-06
28.56	9.68467166e-06
28.57	9.760397473e-06
28.58	9.832730787e-06
28.59	9.901685801e-06
28.6	9.967277485e-06
28.61	1.002952157e-05
28.62	1.008843454e-05
28.63	1.01440336e-05
28.64	1.01963367e-05
28.65	1.02453625e-05
28.66	1.029113034e-05
28.67	1.033366026e-05
28.68	1.0372973e-05
28.69	1.040908993e-05
28.7	1.044203307e-05
28.71	1.047182512e-05
28.72	1.049848935e-05
28.73	1.05220497e-05
28.74	1.054253066e-05
28.75	1.055995735e-05
28.76	1.057435544e-05
28.77	1.058575118e-05
28.78	1.059417135e-05
28.79	1.059964329e-05
28.8	1.060219486e-05
28.81	1.060185441e-05
28.82	1.059865083e-05
28.83	1.059261346e-05
28.84	1.058377214e-05
28.85	1.057215715e-05
28.86	1.055779923e-05
28.87	1.054072956e-05
28.88	1.052097974e-05
28.89	1.049858177e-05
28.9	1.047356806e-05
28.91	1.04459714e-05
28.92	1.041582495e-05
28.93	1.038316223e-05
28.94	1.034801712e-05
28.95	1.031042381e-05
28.96	1.027041683e-05
28.97	1.022803102e-05
28.98	1.018330149e-05
28.99	1.013626367e-05
29	1.008695325e-05
29.01	1.003540617e-05
29.02	9.981658612e-06
29.03	9.925747016e-06
29.04	9.867708028e-06
29.05	9.807578509e-06
29.06	9.745395517e-06
29.07	9.681196298e-06
29.08	9.615018273e-06
29.09	9.546899022e-06
29.1	9.476876281e-06
29.11	9.404987922e-06
29.12	9.331271946e-06
29.13	9.255766468e-06
29.14	9.178509709e-06
29.15	9.099539985e-06
29.16	9.018895691e-06
29.17	8.936615293e-06
29.18	8.852737319e-06
29.19	8.767300343e-06
29.2	8.680342979e-06
29.21	8.591903865e-06
29.22	8.502021658e-06
29.23	8.410735019e-06
29.24	8.318082604e-06
29.25	8.224103055e-06
29.26	8.128834986e-06
29.27	8.032316978e-06
29.28	7.934587563e-06
29.29	7.835685221e-06
29.3	7.735648362e-06
29.31	7.634515323e-06
29.32	7.532324356e-06
29.33	7.429113618e-06
29.34	7.324921161e-06
29.35	7.219784926e-06
29.36	7.11374273e-06
29.37	7.006832259e-06
29.38	6.899091059e-06
29.39	6.790556528e-06
29.4	6.681265903e-06
29.41	6.571256259e-06
29.42	6.460564494e-06
29.43	6.349227324e-06
29.44	6.237281275e-06
29.45	6.124762673e-06
29.46	6.011707638e-06
29.47	5.898152074e-06
29.48	5.784131667e-06
29.49	5.669681868e-06
29.5	5.554837897e-06
29.51	5.439634727e-06
29.52	5.324107079e-06
29.53	5.20828942e-06
29.54	5.09221595e-06
29.55	4.975920598e-06
29.56	4.859437015e-06
29.57	4.74279857e-06
29.58	4.62603834e-06
29.59	4.509189106e-06
29.6	4.392283347e-06
29.61	4.275353236e-06
29.62	4.15843063e-06
29.63	4.041547067e-06
29.64	3.924733762e-06
29.65	3.808021601e-06
29.66	3.691441133e-06
29.67	3.575022568e-06
29.68	3.458795774e-06
29.69	3.342790268e-06
29.7	3.227035212e-06
29.71	3.111559413e-06
29.72	2.996391315e-06
29.73	2.881558995e-06
29.74	2.76709016e-06
29.75	2.653012144e-06
29.76	2.539351902e-06
29.77	2.426136009e-06
29.78	2.313390655e-06
29.79	2.201141642e-06
29.8	2.08941438e-06
29.81	1.978233888e-06
29.82	1.867624786e-06
29.83	1.757611295e-06
29.84	1.648217234e-06
29.85	1.539466018e-06
29.86	1.431380653e-06
29.87	1.32398374e-06
29.88	1.217297465e-06
29.89	1.111343603e-06
29.9	1.006143516e-06
29.91	9.017181453e-07
29.92	7.980880185e-07
29.93	6.952732418e-07
29.94	5.932935013e-07
29.95	4.921680617e-07
29.96	3.919157647e-07
29.97	2.925550286e-07
29.98	1.941038474e-07
29.99	9.657979e-08
30	3.29743361e-20
