temps	angle
0	0
0.01	0.4692805049
0.02	0.9343529898
0.03	1.394786435
0.04	1.850157889
0.05	2.300052826
0.06	2.744065496
0.07	3.181799253
0.08	3.612866889
0.09	4.036890936
0.1	4.453503971
0.11	4.8623489
0.12	5.263079235
0.13	5.655359355
0.14	6.038864751
0.15	6.413282269
0.16	6.778310323
0.17	7.133659112
0.18	7.479050813
0.19	7.81421976
0.2	8.138912618
0.21	8.452888533
0.22	8.755919275
0.23	9.047789367
0.24	9.328296196
0.25	9.597250112
0.26	9.854474521
0.27	10.09980595
0.28	10.3330941
0.29	10.55420192
0.3	10.76300559
0.31	10.95939459
0.32	11.14327168
0.33	11.31455287
0.34	11.47316744
0.35	11.61905789
0.36	11.75217988
0.37	11.87250218
0.38	11.98000658
0.39	12.07468783
0.4	12.15655355
0.41	12.22562407
0.42	12.28193234
0.43	12.32552382
0.44	12.3564563
0.45	12.37479974
0.46	12.38063612
0.47	12.37405929
0.48	12.35517471
0.49	12.32409932
0.5	12.2809613
0.51	12.22589985
0.52	12.15906497
0.53	12.08061725
0.54	11.99072758
0.55	11.8895769
0.56	11.77735599
0.57	11.65426515
0.58	11.52051394
0.59	11.37632091
0.6	11.2219133
0.61	11.05752672
0.62	10.88340489
0.63	10.6997993
0.64	10.50696894
0.65	10.3051799
0.66	10.09470514
0.67	9.87582411
0.68	9.648822417
0.69	9.413991518
0.7	9.171628364
0.71	8.922035062
0.72	8.665518536
0.73	8.402390179
0.74	8.132965507
0.75	7.857563812
0.76	7.576507811
0.77	7.290123297
0.78	6.998738792
0.79	6.702685193
0.8	6.402295424
0.81	6.097904089
0.82	5.789847121
0.83	5.478461439
0.84	5.164084602
0.85	4.847054468
0.86	4.527708851
0.87	4.206385189
0.88	3.883420205
0.89	3.559149579
0.9	3.23390762
0.91	2.908026945
0.92	2.581838157
0.93	2.255669534
0.94	1.929846716
0.95	1.604692406
0.96	1.280526064
0.97	0.9576636204
0.98	0.6364171855
0.99	0.3170947678
1	1.231357948e-15
1.01	-0.3145681296
1.02	-0.6263155392
1.03	-0.9349533073
1.04	-1.240197921
1.05	-1.541771516
1.06	-1.839402109
1.07	-2.132823822
1.08	-2.4217771
1.09	-2.706008918
1.1	-2.985272987
1.11	-3.259329938
1.12	-3.527947515
1.13	-3.790900743
1.14	-4.047972098
1.15	-4.298951666
1.16	-4.543637288
1.17	-4.781834705
1.18	-5.013357685
1.19	-5.23802815
1.2	-5.455676281
1.21	-5.666140631
1.22	-5.869268212
1.23	-6.064914585
1.24	-6.252943935
1.25	-6.433229137
1.26	-6.605651814
1.27	-6.770102388
1.28	-6.926480113
1.29	-7.074693114
1.3	-7.214658402
1.31	-7.346301887
1.32	-7.469558382
1.33	-7.584371599
1.34	-7.690694128
1.35	-7.788487422
1.36	-7.87772176
1.37	-7.958376205
1.38	-8.03043856
1.39	-8.093905305
1.4	-8.148781535
1.41	-8.195080887
1.42	-8.232825453
1.43	-8.262045697
1.44	-8.282780355
1.45	-8.295076329
1.46	-8.298988576
1.47	-8.294579991
1.48	-8.281921279
1.49	-8.261090823
1.5	-8.232174541
1.51	-8.195265748
1.52	-8.150464994
1.53	-8.097879914
1.54	-8.03762506
1.55	-7.969821734
1.56	-7.894597807
1.57	-7.812087549
1.58	-7.722431435
1.59	-7.625775959
1.6	-7.522273438
1.61	-7.412081818
1.62	-7.295364465
1.63	-7.172289963
1.64	-7.043031902
1.65	-6.907768666
1.66	-6.766683216
1.67	-6.619962872
1.68	-6.467799087
1.69	-6.310387228
1.7	-6.147926347
1.71	-5.980618953
1.72	-5.808670784
1.73	-5.632290572
1.74	-5.451689813
1.75	-5.267082536
1.76	-5.078685064
1.77	-4.886715784
1.78	-4.691394909
1.79	-4.492944247
1.8	-4.291586964
1.81	-4.08754735
1.82	-3.881050589
1.83	-3.672322524
1.84	-3.461589428
1.85	-3.249077774
1.86	-3.035014006
1.87	-2.819624314
1.88	-2.60313441
1.89	-2.385769309
1.9	-2.167753105
1.91	-1.949308756
1.92	-1.730657872
1.93	-1.512020506
1.94	-1.29361494
1.95	-1.075657487
1.96	-0.85836229
1.97	-0.6419411221
1.98	-0.4266031971
1.99	-0.2125549793
2	-1.650807833e-15
2.01	0.2108613231
2.02	0.419831861
2.03	0.626717944
2.04	0.8313295277
2.05	1.033480354
2.06	1.232988107
2.07	1.429674563
2.08	1.623365737
2.09	1.813892023
2.1	2.001088326
2.11	2.184794194
2.12	2.364853941
2.13	2.541116761
2.14	2.713436843
2.15	2.881673478
2.16	3.045691156
2.17	3.205359659
2.18	3.360554154
2.19	3.51115527
2.2	3.657049176
2.21	3.798127648
2.22	3.934288138
2.23	4.065433824
2.24	4.191473667
2.25	4.312322451
2.26	4.427900828
2.27	4.538135344
2.28	4.642958468
2.29	4.742308614
2.3	4.836130152
2.31	4.924373419
2.32	5.006994719
2.33	5.083956319
2.34	5.155226442
2.35	5.220779248
2.36	5.280594813
2.37	5.334659104
2.38	5.382963945
2.39	5.425506976
2.4	5.462291614
2.41	5.493326997
2.42	5.518627937
2.43	5.538214852
2.44	5.552113709
2.45	5.560355946
2.46	5.562978404
2.47	5.560023242
2.48	5.551537853
2.49	5.537574781
2.5	5.518191618
2.51	5.493450913
2.52	5.46342007
2.53	5.428171237
2.54	5.3877812
2.55	5.342331271
2.56	5.291907166
2.57	5.236598886
2.58	5.176500595
2.59	5.111710492
2.6	5.042330677
2.61	4.968467025
2.62	4.890229044
2.63	4.807729738
2.64	4.721085469
2.65	4.63041581
2.66	4.535843405
2.67	4.437493817
2.68	4.335495382
2.69	4.229979057
2.7	4.121078272
2.71	4.008928772
2.72	3.893668467
2.73	3.775437275
2.74	3.654376967
2.75	3.530631008
2.76	3.404344406
2.77	3.275663549
2.78	3.144736052
2.79	3.011710595
2.8	2.876736771
2.81	2.739964928
2.82	2.601546009
2.83	2.461631403
2.84	2.320372785
2.85	2.177921963
2.86	2.034430728
2.87	1.8900507
2.88	1.744933178
2.89	1.599228993
2.9	1.453088361
2.91	1.306660735
2.92	1.160094665
2.93	1.013537655
2.94	0.867136026
2.95	0.7210347764
2.96	0.5753774498
2.97	0.4303060025
2.98	0.2859606747
2.99	0.1424798635
3	1.659854374e-15
3.01	-0.1413445718
3.02	-0.2814217124
3.03	-0.4201016011
3.04	-0.5572568473
3.05	-0.6927625984
3.06	-0.8264966444
3.07	-0.9583395186
3.08	-1.088174595
3.09	-1.215888184
3.1	-1.341369619
3.11	-1.464511345
3.12	-1.585209002
3.13	-1.703361504
3.14	-1.81887111
3.15	-1.931643499
3.16	-2.041587836
3.17	-2.148616834
3.18	-2.252646815
3.19	-2.353597762
3.2	-2.451393372
3.21	-2.5459611
3.22	-2.637232206
3.23	-2.725141788
3.24	-2.809628821
3.25	-2.890636184
3.26	-2.968110687
3.27	-3.042003093
3.28	-3.112268134
3.29	-3.178864529
3.3	-3.241754986
3.31	-3.300906217
3.32	-3.35628893
3.33	-3.407877834
3.34	-3.455651626
3.35	-3.499592986
3.36	-3.539688558
3.37	-3.575928936
3.38	-3.608308639
3.39	-3.636826086
3.4	-3.661483566
3.41	-3.682287206
3.42	-3.699246933
3.43	-3.712376435
3.44	-3.721693117
3.45	-3.727218054
3.46	-3.72897594
3.47	-3.726995035
3.48	-3.721307109
3.49	-3.711947382
3.5	-3.698954459
3.51	-3.682370269
3.52	-3.662239993
3.53	-3.638611993
3.54	-3.611537742
3.55	-3.581071744
3.56	-3.547271455
3.57	-3.510197206
3.58	-3.469912117
3.59	-3.426482012
3.6	-3.379975332
3.61	-3.330463045
3.62	-3.278018558
3.63	-3.222717619
3.64	-3.164638229
3.65	-3.103860539
3.66	-3.04046676
3.67	-2.97454106
3.68	-2.906169464
3.69	-2.835439756
3.7	-2.762441377
3.71	-2.687265319
3.72	-2.610004026
3.73	-2.530751288
3.74	-2.449602137
3.75	-2.36665274
3.76	-2.282000299
3.77	-2.195742941
3.78	-2.107979615
3.79	-2.018809984
3.8	-1.928334325
3.81	-1.836653416
3.82	-1.743868441
3.83	-1.650080876
3.84	-1.555392392
3.85	-1.459904751
3.86	-1.363719699
3.87	-1.266938872
3.88	-1.169663688
3.89	-1.071995252
3.9	-0.974034257
3.91	-0.8758808839
3.92	-0.7776347091
3.93	-0.6793946076
3.94	-0.5812586609
3.95	-0.4833240645
3.96	-0.3856870386
3.97	-0.2884427394
3.98	-0.1916851726
3.99	-0.09550710868
4	-1.483511547e-15
4.01	0.0947460999
4.02	0.1886426152
4.03	0.2816025246
4.04	0.3735404355
4.05	0.4643726568
4.06	0.5540172687
4.07	0.6423941902
4.08	0.7294252449
4.09	0.8150342235
4.1	0.8991469446
4.11	0.9816913122
4.12	1.062597372
4.13	1.141797362
4.14	1.219225766
4.15	1.294819359
4.16	1.368517252
4.17	1.440260935
4.18	1.509994317
4.19	1.57766376
4.2	1.643218118
4.21	1.706608762
4.22	1.767789614
4.23	1.826717169
4.24	1.883350521
4.25	1.93765138
4.26	1.989584092
4.27	2.039115653
4.28	2.086215719
4.29	2.130856617
4.3	2.173013352
4.31	2.212663607
4.32	2.24978775
4.33	2.284368826
4.34	2.316392557
4.35	2.345847331
4.36	2.372724197
4.37	2.397016849
4.38	2.418721613
4.39	2.43783743
4.4	2.454365833
4.41	2.468310929
4.42	2.479679374
4.43	2.488480343
4.44	2.494725502
4.45	2.498428978
4.46	2.499607324
4.47	2.498279484
4.48	2.494466753
4.49	2.48819274
4.5	2.479483323
4.51	2.468366608
4.52	2.45487288
4.53	2.439034559
4.54	2.420886146
4.55	2.400464176
4.56	2.377807165
4.57	2.352955553
4.58	2.32595165
4.59	2.29683958
4.6	2.26566522
4.61	2.232476142
4.62	2.197321551
4.63	2.160252223
4.64	2.121320443
4.65	2.080579939
4.66	2.038085819
4.67	1.9938945
4.68	1.948063649
4.69	1.900652108
4.7	1.851719831
4.71	1.801327812
4.72	1.749538019
4.73	1.69641332
4.74	1.642017417
4.75	1.586414774
4.76	1.529670546
4.77	1.471850509
4.78	1.413020992
4.79	1.353248802
4.8	1.292601153
4.81	1.231145603
4.82	1.168949973
4.83	1.106082289
4.84	1.0426107
4.85	0.9786034196
4.86	0.9141286516
4.87	0.849254523
4.88	0.7840490172
4.89	0.7185799069
4.9	0.652914688
4.91	0.5871205144
4.92	0.521264134
4.93	0.4554118247
4.94	0.3896293323
4.95	0.3239818092
4.96	0.2585337535
4.97	0.1933489504
4.98	0.1284904137
4.99	0.06402032949
5	1.243034411e-15
5.01	-0.06351021005
5.02	-0.1264509265
5.03	-0.1887638172
5.04	-0.2503916419
5.05	-0.3112783007
5.06	-0.3713688811
5.07	-0.4306097032
5.08	-0.4889483638
5.09	-0.5463337782
5.1	-0.6027162213
5.11	-0.6580473656
5.12	-0.712280319
5.13	-0.7653696601
5.14	-0.8172714716
5.15	-0.8679433723
5.16	-0.9173445474
5.17	-0.9654357765
5.18	-1.01217946
5.19	-1.057539645
5.2	-1.101482044
5.21	-1.143974064
5.22	-1.184984815
5.23	-1.224485137
5.24	-1.262447608
5.25	-1.298846562
5.26	-1.3336581
5.27	-1.366860099
5.28	-1.398432217
5.29	-1.428355906
5.3	-1.45661441
5.31	-1.483192771
5.32	-1.508077828
5.33	-1.531258217
5.34	-1.552724365
5.35	-1.572468491
5.36	-1.590484593
5.37	-1.606768445
5.38	-1.621317583
5.39	-1.634131298
5.4	-1.645210618
5.41	-1.654558296
5.42	-1.662178792
5.43	-1.668078258
5.44	-1.672264513
5.45	-1.674747027
5.46	-1.675536896
5.47	-1.674646818
5.48	-1.672091069
5.49	-1.667885472
5.5	-1.662047375
5.51	-1.654595618
5.52	-1.645550502
5.53	-1.634933758
5.54	-1.622768513
5.55	-1.609079257
5.56	-1.593891808
5.57	-1.577233275
5.58	-1.559132017
5.59	-1.539617613
5.6	-1.518720815
5.61	-1.49647351
5.62	-1.472908683
5.63	-1.448060369
5.64	-1.421963617
5.65	-1.394654441
5.66	-1.36616978
5.67	-1.336547453
5.68	-1.305826115
5.69	-1.274045208
5.7	-1.241244922
5.71	-1.207466142
5.72	-1.172750405
5.73	-1.137139855
5.74	-1.100677191
5.75	-1.063405624
5.76	-1.02536883
5.77	-0.9866109012
5.78	-0.9471762967
5.79	-0.9071097991
5.8	-0.8664564646
5.81	-0.825261577
5.82	-0.7835706
5.83	-0.7414291306
5.84	-0.6988828523
5.85	-0.6559774893
5.86	-0.6127587598
5.87	-0.569272331
5.88	-0.5255637733
5.89	-0.4816785163
5.9	-0.4376618037
5.91	-0.3935586503
5.92	-0.3494137983
5.93	-0.3052716753
5.94	-0.261176352
5.95	-0.2171715012
5.96	-0.1733003575
5.97	-0.1296056773
5.98	-0.08612970005
5.99	-0.04291411021
6	-9.998770601e-16
6.01	0.04257216692
6.02	0.08476259089
6.03	0.1265321707
6.04	0.1678425369
6.05	0.2086560849
6.06	0.2489360055
6.07	0.2886463161
6.08	0.3277518897
6.09	0.3662184834
6.1	0.4040127652
6.11	0.4411023404
6.12	0.4774557762
6.13	0.5130426258
6.14	0.5478334504
6.15	0.5817998413
6.16	0.6149144392
6.17	0.6471509541
6.18	0.6784841823
6.19	0.7088900232
6.2	0.7383454947
6.21	0.7668287471
6.22	0.7943190758
6.23	0.8207969332
6.24	0.8462439385
6.25	0.8706428874
6.26	0.8939777593
6.27	0.9162337242
6.28	0.9373971479
6.29	0.9574555964
6.3	0.9763978383
6.31	0.9942138466
6.32	1.010894799
6.33	1.026433078
6.34	1.040822268
6.35	1.054057151
6.36	1.066133706
6.37	1.077049098
6.38	1.086801677
6.39	1.095390967
6.4	1.102817657
6.41	1.109083593
6.42	1.114191765
6.43	1.118146295
6.44	1.120952425
6.45	1.122616504
6.46	1.123145969
6.47	1.122549332
6.48	1.120836162
6.49	1.118017066
6.5	1.114103673
6.51	1.109108611
6.52	1.103045488
6.53	1.095928872
6.54	1.087774264
6.55	1.078598082
6.56	1.06841763
6.57	1.057251081
6.58	1.045117446
6.59	1.032036549
6.6	1.018029006
6.61	1.003116192
6.62	0.9873202162
6.63	0.9706638935
6.64	0.9531707173
6.65	0.9348648289
6.66	0.9157709897
6.67	0.8959145503
6.68	0.8753214213
6.69	0.8540180428
6.7	0.8320313535
6.71	0.80938876
6.72	0.7861181058
6.73	0.7622476398
6.74	0.737805985
6.75	0.7128221069
6.76	0.6873252817
6.77	0.6613450647
6.78	0.6349112588
6.79	0.6080538823
6.8	0.5808031373
6.81	0.5531893783
6.82	0.5252430807
6.83	0.4969948089
6.84	0.4684751857
6.85	0.4397148608
6.86	0.4107444801
6.87	0.3815946551
6.88	0.3522959327
6.89	0.3228787652
6.9	0.2933734804
6.91	0.2638102526
6.92	0.2342190734
6.93	0.2046297234
6.94	0.1750717443
6.95	0.1455744107
6.96	0.1161667036
6.97	0.08687728358
6.98	0.0577344645
6.99	0.02876618833
7	7.819439098e-16
7.01	-0.02853697689
7.02	-0.05681806383
7.03	-0.08481705046
7.04	-0.1125082171
7.05	-0.1398663564
7.06	-0.1668667946
7.07	-0.1934854119
7.08	-0.2196986618
7.09	-0.2454835906
7.1	-0.2708178554
7.11	-0.2956797411
7.12	-0.3200481779
7.13	-0.3439027565
7.14	-0.3672237437
7.15	-0.3899920964
7.16	-0.4121894752
7.17	-0.4337982574
7.18	-0.4548015483
7.19	-0.475183193
7.2	-0.494927786
7.21	-0.5140206811
7.22	-0.5324479995
7.23	-0.550196638
7.24	-0.5672542758
7.25	-0.5836093804
7.26	-0.5992512128
7.27	-0.6141698322
7.28	-0.6283560994
7.29	-0.6418016795
7.3	-0.6544990439
7.31	-0.6664414714
7.32	-0.6776230484
7.33	-0.6880386684
7.34	-0.6976840307
7.35	-0.7065556382
7.36	-0.7146507946
7.37	-0.7219676008
7.38	-0.7285049502
7.39	-0.7342625234
7.4	-0.7392407827
7.41	-0.7434409651
7.42	-0.7468650749
7.43	-0.7495158757
7.44	-0.7513968814
7.45	-0.7525123469
7.46	-0.752867258
7.47	-0.7524673202
7.48	-0.7513189478
7.49	-0.7494292514
7.5	-0.7468060255
7.51	-0.7434577353
7.52	-0.7393935026
7.53	-0.7346230918
7.54	-0.7291568948
7.55	-0.7230059157
7.56	-0.7161817551
7.57	-0.7086965934
7.58	-0.7005631742
7.59	-0.6917947872
7.6	-0.6824052504
7.61	-0.6724088921
7.62	-0.6618205327
7.63	-0.6506554658
7.64	-0.6389294391
7.65	-0.6266586352
7.66	-0.613859652
7.67	-0.6005494826
7.68	-0.5867454954
7.69	-0.5724654138
7.7	-0.5577272952
7.71	-0.5425495109
7.72	-0.5269507249
7.73	-0.510949873
7.74	-0.4945661418
7.75	-0.4778189475
7.76	-0.4607279144
7.77	-0.4433128542
7.78	-0.4255937443
7.79	-0.4075907063
7.8	-0.3893239857
7.81	-0.3708139295
7.82	-0.352080966
7.83	-0.3331455832
7.84	-0.3140283081
7.85	-0.2947496857
7.86	-0.2753302588
7.87	-0.2557905468
7.88	-0.2361510258
7.89	-0.2164321088
7.9	-0.1966541249
7.91	-0.1768373006
7.92	-0.15700174
7.93	-0.1371674056
7.94	-0.1173540997
7.95	-0.09758144568
7.96	-0.07786887013
7.97	-0.05823558473
7.98	-0.0387005689
7.99	-0.01928255269
8	-5.990316315e-16
8.01	0.01912890766
8.02	0.03808628716
8.03	0.05685456917
8.04	0.07541651326
8.05	0.09375522247
8.06	0.1118541575
8.07	0.1296971502
8.08	0.1472684171
8.09	0.1645525718
8.1	0.1815346373
8.11	0.1982000577
8.12	0.2145347093
8.13	0.2305249116
8.14	0.2461574368
8.15	0.26141952
8.16	0.276298868
8.17	0.2907836678
8.18	0.3048625948
8.19	0.3185248198
8.2	0.3317600163
8.21	0.3445583666
8.22	0.3569105675
8.23	0.3688078357
8.24	0.3802419123
8.25	0.3912050667
8.26	0.4016901005
8.27	0.4116903502
8.28	0.4211996895
8.29	0.4302125313
8.3	0.4387238293
8.31	0.4467290778
8.32	0.454224313
8.33	0.4612061119
8.34	0.4676715916
8.35	0.4736184079
8.36	0.4790447536
8.37	0.4839493554
8.38	0.4883314717
8.39	0.4921908885
8.4	0.4955279155
8.41	0.4983433819
8.42	0.5006386314
8.43	0.5024155163
8.44	0.5036763921
8.45	0.504424111
8.46	0.504662015
8.47	0.5043939287
8.48	0.5036241517
8.49	0.5023574503
8.5	0.5005990494
8.51	0.4983546233
8.52	0.4956302867
8.53	0.4924325847
8.54	0.4887684833
8.55	0.4846453587
8.56	0.4800709871
8.57	0.4750535331
8.58	0.4696015392
8.59	0.4637239136
8.6	0.4574299189
8.61	0.4507291595
8.62	0.44363157
8.63	0.4361474018
8.64	0.428287211
8.65	0.4200618452
8.66	0.4114824302
8.67	0.4025603568
8.68	0.3933072675
8.69	0.3837350425
8.7	0.3738557862
8.71	0.3636818131
8.72	0.3532256341
8.73	0.3424999424
8.74	0.331517599
8.75	0.3202916189
8.76	0.3088351568
8.77	0.2971614929
8.78	0.2852840182
8.79	0.273216221
8.8	0.260971672
8.81	0.2485640103
8.82	0.2360069294
8.83	0.2233141627
8.84	0.2104994699
8.85	0.1975766229
8.86	0.1845593918
8.87	0.1714615311
8.88	0.1582967665
8.89	0.1450787811
8.9	0.1318212021
8.91	0.1185375875
8.92	0.1052414136
8.93	0.09194606165
8.94	0.0786648055
8.95	0.06541079916
8.96	0.05219706461
8.97	0.03903647984
8.98	0.02594176713
8.99	0.0129254816
9	4.517357747e-16
9.01	-0.01282249027
9.02	-0.02553000176
9.03	-0.03811075742
9.04	-0.05055320064
9.05	-0.06284600504
9.06	-0.07497808398
9.07	-0.08693859968
9.08	-0.09871697212
9.09	-0.1103028875
9.1	-0.1216863064
9.11	-0.1328574718
9.12	-0.1438069162
9.13	-0.1545254693
9.14	-0.1650042644
9.15	-0.1752347447
9.16	-0.1852086699
9.17	-0.1949181216
9.18	-0.2043555086
9.19	-0.2135135719
9.2	-0.2223853894
9.21	-0.2309643802
9.22	-0.2392443081
9.23	-0.2472192854
9.24	-0.2548837762
9.25	-0.2622325983
9.26	-0.2692609267
9.27	-0.2759642945
9.28	-0.2823385952
9.29	-0.2883800838
9.3	-0.2940853774
9.31	-0.299451456
9.32	-0.3044756624
9.33	-0.3091557021
9.34	-0.3134896428
9.35	-0.317475913
9.36	-0.3211133013
9.37	-0.3244009542
9.38	-0.3273383746
9.39	-0.329925419
9.4	-0.3321622951
9.41	-0.3340495587
9.42	-0.3355881104
9.43	-0.336779192
9.44	-0.3376243823
9.45	-0.3381255933
9.46	-0.3382850651
9.47	-0.3381053615
9.48	-0.3375893645
9.49	-0.3367402692
9.5	-0.3355615778
9.51	-0.3340570941
9.52	-0.3322309166
9.53	-0.3300874328
9.54	-0.3276313122
9.55	-0.3248674992
9.56	-0.3218012062
9.57	-0.3184379062
9.58	-0.3147833254
9.59	-0.3108434351
9.6	-0.3066244443
9.61	-0.302132791
9.62	-0.2973751344
9.63	-0.2923583464
9.64	-0.287089503
9.65	-0.2815758754
9.66	-0.2758249215
9.67	-0.2698442769
9.68	-0.2636417457
9.69	-0.2572252914
9.7	-0.2506030278
9.71	-0.2437832097
9.72	-0.2367742233
9.73	-0.2295845772
9.74	-0.2222228922
9.75	-0.2146978927
9.76	-0.2070183965
9.77	-0.1991933056
9.78	-0.1912315962
9.79	-0.1831423099
9.8	-0.1749345432
9.81	-0.1666174388
9.82	-0.1582001757
9.83	-0.1496919598
9.84	-0.1411020144
9.85	-0.132439571
9.86	-0.12371386
9.87	-0.1149341014
9.88	-0.1061094958
9.89	-0.09724921523
9.9	-0.08836239423
9.91	-0.07945812111
9.92	-0.07054542921
9.93	-0.06163328828
9.94	-0.05273059605
9.95	-0.04384616991
9.96	-0.03498873875
9.97	-0.02616693496
9.98	-0.01738928654
9.99	-0.008664209424
10	-3.364528281e-16
10.01	0.008595172265
10.02	0.01711327196
10.03	0.02554640467
10.04	0.03388682378
10.05	0.04212693699
10.06	0.0502593127
10.07	0.05827668614
10.08	0.0661719653
10.09	0.07393823662
10.1	0.08156877052
10.11	0.0890570266
10.12	0.09639665872
10.13	0.1035815197
10.14	0.1106056661
10.15	0.1174633621
10.16	0.1241490841
10.17	0.1306575243
10.18	0.1369835939
10.19	0.1431224273
10.2	0.1490693845
10.21	0.1548200539
10.22	0.1603702556
10.23	0.1657160428
10.24	0.1708537046
10.25	0.1757797674
10.26	0.1804909968
10.27	0.1849843986
10.28	0.1892572201
10.29	0.1933069511
10.3	0.1971313237
10.31	0.2007283138
10.32	0.20409614
10.33	0.2072332645
10.34	0.2101383918
10.35	0.2128104686
10.36	0.2152486829
10.37	0.2174524626
10.38	0.2194214743
10.39	0.2211556221
10.4	0.2226550449
10.41	0.2239201156
10.42	0.2249514376
10.43	0.2257498435
10.44	0.2263163915
10.45	0.2266523633
10.46	0.2267592604
10.47	0.2266388015
10.48	0.2262929184
10.49	0.2257237528
10.5	0.2249336523
10.51	0.2239251667
10.52	0.2227010433
10.53	0.2212642232
10.54	0.2196178363
10.55	0.217765197
10.56	0.2157097993
10.57	0.2134553119
10.58	0.2110055732
10.59	0.2083645857
10.6	0.2055365116
10.61	0.2025256663
10.62	0.1993365138
10.63	0.1959736602
10.64	0.1924418489
10.65	0.1887459538
10.66	0.1848909741
10.67	0.1808820281
10.68	0.1767243471
10.69	0.1724232691
10.7	0.1679842331
10.71	0.1634127723
10.72	0.1587145083
10.73	0.1538951443
10.74	0.1489604593
10.75	0.1439163013
10.76	0.1387685811
10.77	0.1335232658
10.78	0.1281863724
10.79	0.1227639616
10.8	0.1172621311
10.81	0.1116870093
10.82	0.1060447491
10.83	0.1003415214
10.84	0.09458350877
10.85	0.08877689931
10.86	0.08292788031
10.87	0.07704263215
10.88	0.07112732212
10.89	0.06518809843
10.9	0.05923108417
10.91	0.0532623714
10.92	0.04728801536
10.93	0.04131402864
10.94	0.03534637557
10.95	0.02939096663
10.96	0.02345365297
10.97	0.01754022105
10.98	0.01165638735
10.99	0.00580779326
11	9.023522839e-16
11.01	-0.005761516269
11.02	-0.01147136925
11.03	-0.01712426716
11.04	-0.02271501728
11.05	-0.02823853034
11.06	-0.03368982481
11.07	-0.03906403094
11.08	-0.04435639482
11.09	-0.04956228217
11.1	-0.05467718201
11.11	-0.05969671017
11.12	-0.06461661271
11.13	-0.06943276907
11.14	-0.07414119518
11.15	-0.07873804631
11.16	-0.0832196198
11.17	-0.08758235767
11.18	-0.09182284898
11.19	-0.09593783208
11.2	-0.09992419666
11.21	-0.1037789857
11.22	-0.1074993971
11.23	-0.1110827854
11.24	-0.1145266631
11.25	-0.1178287018
11.26	-0.1209867333
11.27	-0.1239987506
11.28	-0.1268629085
11.29	-0.1295775243
11.3	-0.132141078
11.31	-0.1345522125
11.32	-0.136809734
11.33	-0.1389126114
11.34	-0.1408599765
11.35	-0.1426511231
11.36	-0.144285507
11.37	-0.1457627447
11.38	-0.1470826128
11.39	-0.1482450468
11.4	-0.14925014
11.41	-0.1500981422
11.42	-0.150789458
11.43	-0.1513246455
11.44	-0.151704414
11.45	-0.1519296226
11.46	-0.1520012779
11.47	-0.1519205319
11.48	-0.1516886795
11.49	-0.1513071563
11.5	-0.1507775362
11.51	-0.150101528
11.52	-0.1492809736
11.53	-0.1483178443
11.54	-0.1472142381
11.55	-0.1459723769
11.56	-0.1445946026
11.57	-0.1430833745
11.58	-0.1414412655
11.59	-0.1396709587
11.6	-0.1377752439
11.61	-0.135757014
11.62	-0.1336192611
11.63	-0.131365073
11.64	-0.128997629
11.65	-0.1265201964
11.66	-0.1239361263
11.67	-0.1212488494
11.68	-0.1184618725
11.69	-0.1155787737
11.7	-0.1126031989
11.71	-0.1095388571
11.72	-0.1063895165
11.73	-0.1031590002
11.74	-0.09985118195
11.75	-0.09646998173
11.76	-0.09301936167
11.77	-0.08950332165
11.78	-0.08592589504
11.79	-0.08229114438
11.8	-0.07860315708
11.81	-0.0748660412
11.82	-0.07108392109
11.83	-0.06726093323
11.84	-0.06340122195
11.85	-0.05950893523
11.86	-0.05558822055
11.87	-0.05164322073
11.88	-0.04767806984
11.89	-0.04369688914
11.9	-0.03970378307
11.91	-0.03570283525
11.92	-0.03169810463
11.93	-0.02769362158
11.94	-0.0236933841
11.95	-0.0197013541
11.96	-0.01572145374
11.97	-0.01175756178
11.98	-0.007813510106
11.99	-0.003893080245
12	-1.814136009e-16
12.01	0.00386205985
12.02	0.007689488761
12.03	0.01147873955
12.04	0.01522633143
12.05	0.01892885296
12.06	0.02258296491
12.07	0.02618540302
12.08	0.02973298062
12.09	0.03322259127
12.1	0.03665121116
12.11	0.04001590151
12.12	0.04331381081
12.13	0.04654217696
12.14	0.04969832937
12.15	0.05277969082
12.16	0.05578377938
12.17	0.05870821003
12.18	0.06155069636
12.19	0.06430905201
12.2	0.0669811921
12.21	0.06956513446
12.22	0.07205900082
12.23	0.07446101785
12.24	0.07676951809
12.25	0.07898294079
12.26	0.08109983261
12.27	0.08311884819
12.28	0.08503875068
12.29	0.08685841208
12.3	0.08857681349
12.31	0.0901930453
12.32	0.09170630719
12.33	0.09311590807
12.34	0.0944212659
12.35	0.09562190742
12.36	0.09671746771
12.37	0.09770768975
12.38	0.09859242377
12.39	0.09937162657
12.4	0.1000453607
12.41	0.1006137936
12.42	0.1010771964
12.43	0.1014359433
12.44	0.1016905098
12.45	0.1018414716
12.46	0.1018895036
12.47	0.1018353779
12.48	0.1016799626
12.49	0.10142422
12.5	0.101069205
12.51	0.1006160632
12.52	0.1000660291
12.53	0.0994204242
12.54	0.09868065488
12.55	0.09784821039
12.56	0.09692466068
12.57	0.0959116542
12.58	0.09481091561
12.59	0.09362424347
12.6	0.09235350784
12.61	0.09100064787
12.62	0.08956766925
12.63	0.08805664175
12.64	0.0864696966
12.65	0.08480902388
12.66	0.08307686987
12.67	0.08127553432
12.68	0.07940736781
12.69	0.07747476892
12.7	0.07548018146
12.71	0.07342609172
12.72	0.0713150256
12.73	0.06914954578
12.74	0.06693224888
12.75	0.06466576259
12.76	0.0623527428
12.77	0.05999587069
12.78	0.05759784992
12.79	0.05516140369
12.8	0.05268927188
12.81	0.05018420818
12.82	0.04764897726
12.83	0.04508635186
12.84	0.04249911002
12.85	0.0398900322
12.86	0.03726189856
12.87	0.0346174861
12.88	0.03195956597
12.89	0.02929090074
12.9	0.02661424169
12.91	0.02393232617
12.92	0.02124787496
12.93	0.01856358969
12.94	0.01588215032
12.95	0.01320621259
12.96	0.01053840559
12.97	0.007881329354
12.98	0.005237552454
12.99	0.002609609729
13	-1.622426704e-16
13.01	-0.002588816137
13.02	-0.00515441846
13.03	-0.007694429222
13.04	-0.01020651518
13.05	-0.01268838959
13.06	-0.01513781408
13.07	-0.01755260056
13.08	-0.01993061294
13.09	-0.02226976891
13.1	-0.02456804155
13.11	-0.02682346094
13.12	-0.02903411565
13.13	-0.0311981542
13.14	-0.03331378643
13.15	-0.03537928478
13.16	-0.03739298556
13.17	-0.03935329005
13.18	-0.04125866562
13.19	-0.04310764671
13.2	-0.04489883577
13.21	-0.04663090413
13.22	-0.04830259275
13.23	-0.04991271291
13.24	-0.0514601469
13.25	-0.05294384851
13.26	-0.05436284353
13.27	-0.05571623015
13.28	-0.05700317927
13.29	-0.05822293478
13.3	-0.0593748137
13.31	-0.06045820628
13.32	-0.06147257606
13.33	-0.06241745978
13.34	-0.0632924673
13.35	-0.06409728138
13.36	-0.06483165741
13.37	-0.06549542309
13.38	-0.06608847804
13.39	-0.0666107933
13.4	-0.06706241079
13.41	-0.06744344274
13.42	-0.06775407098
13.43	-0.0679945462
13.44	-0.06816518719
13.45	-0.06826637994
13.46	-0.06829857674
13.47	-0.06826229521
13.48	-0.06815811721
13.49	-0.06798668782
13.5	-0.06774871414
13.51	-0.0674449641
13.52	-0.06707626523
13.53	-0.06664350332
13.54	-0.06614762112
13.55	-0.06558961689
13.56	-0.06497054301
13.57	-0.06429150446
13.58	-0.06355365731
13.59	-0.06275820719
13.6	-0.06190640763
13.61	-0.06099955847
13.62	-0.06003900418
13.63	-0.05902613215
13.64	-0.05796237101
13.65	-0.05684918879
13.66	-0.05568809123
13.67	-0.05448061991
13.68	-0.05322835045
13.69	-0.05193289067
13.7	-0.05059587871
13.71	-0.04921898118
13.72	-0.04780389124
13.73	-0.04635232671
13.74	-0.04486602815
13.75	-0.04334675696
13.76	-0.04179629342
13.77	-0.0402164348
13.78	-0.03860899341
13.79	-0.03697579466
13.8	-0.03531867515
13.81	-0.03363948074
13.82	-0.03194006463
13.83	-0.03022228546
13.84	-0.02848800538
13.85	-0.02673908822
13.86	-0.02497739756
13.87	-0.02320479487
13.88	-0.02142313773
13.89	-0.01963427793
13.9	-0.01784005972
13.91	-0.01604231798
13.92	-0.01424287652
13.93	-0.0124435463
13.94	-0.01064612373
13.95	-0.008852389031
13.96	-0.007064104523
13.97	-0.005283013055
13.98	-0.003510836402
13.99	-0.001749273714
14	-9.510011625e-17
14.01	0.001735335352
14.02	0.003455110019
14.03	0.00515773015
14.04	0.006841631727
14.05	0.008505281893
14.06	0.01014718023
14.07	0.01176586001
14.08	0.01335988938
14.09	0.01492787252
14.1	0.01646845074
14.11	0.01798030357
14.12	0.01946214974
14.13	0.02091274816
14.14	0.02233089885
14.15	0.0237154438
14.16	0.0250652678
14.17	0.0263792992
14.18	0.02765651064
14.19	0.02889591972
14.2	0.03009658966
14.21	0.03125762981
14.22	0.03237819619
14.23	0.03345749202
14.24	0.03449476804
14.25	0.03548932297
14.26	0.03644050378
14.27	0.03734770596
14.28	0.03821037375
14.29	0.03902800032
14.3	0.03980012785
14.31	0.04052634761
14.32	0.04120630001
14.33	0.04183967451
14.34	0.0424262096
14.35	0.04296569261
14.36	0.04345795958
14.37	0.04390289502
14.38	0.04430043164
14.39	0.04465055003
14.4	0.04495327829
14.41	0.04520869164
14.42	0.04541691198
14.43	0.04557810734
14.44	0.04569249141
14.45	0.04576032294
14.46	0.04578190511
14.47	0.04575758486
14.48	0.04568775227
14.49	0.04557283971
14.5	0.04541332118
14.51	0.04520971144
14.52	0.0449625652
14.53	0.04467247622
14.54	0.04434007644
14.55	0.04396603501
14.56	0.04355105738
14.57	0.04309588423
14.58	0.0426012905
14.59	0.04206808433
14.6	0.04149710601
14.61	0.04088922684
14.62	0.04024534804
14.63	0.03956639962
14.64	0.0388533392
14.65	0.03810715085
14.66	0.03732884388
14.67	0.03651945165
14.68	0.03568003032
14.69	0.03481165766
14.7	0.03391543175
14.71	0.03299246973
14.72	0.03204390658
14.73	0.03107089378
14.74	0.03007459806
14.75	0.02905620012
14.76	0.02801689333
14.77	0.02695788243
14.78	0.02588038224
14.79	0.02478561638
14.8	0.02367481595
14.81	0.02254921828
14.82	0.02141006559
14.83	0.02025860378
14.84	0.01909608108
14.85	0.01792374685
14.86	0.01674285028
14.87	0.01555463917
14.88	0.01436035867
14.89	0.01316125009
14.9	0.01195854965
14.91	0.01075348733
14.92	0.009547285644
14.93	0.008341158526
14.94	0.007136310151
14.95	0.005933933823
14.96	0.004735210869
14.97	0.003541309554
14.98	0.002353384019
14.99	0.001172573236
15	2.003953596e-16
15.01	-0.001163230073
15.02	-0.002316029507
15.03	-0.003457329912
15.04	-0.004586082894
15.05	-0.00570126095
15.06	-0.00680185832
15.07	-0.007886891825
15.08	-0.008955401666
15.09	-0.01000645219
15.1	-0.01103913266
15.11	-0.01205255792
15.12	-0.01304586911
15.13	-0.01401823431
15.14	-0.01496884915
15.15	-0.01589693738
15.16	-0.01680175147
15.17	-0.01768257305
15.18	-0.01853871348
15.19	-0.01936951424
15.2	-0.02017434737
15.21	-0.02095261585
15.22	-0.02170375396
15.23	-0.02242722759
15.24	-0.0231225345
15.25	-0.02378920461
15.26	-0.02442680017
15.27	-0.02503491598
15.28	-0.02561317949
15.29	-0.02616125097
15.3	-0.02667882353
15.31	-0.0271656232
15.32	-0.02762140892
15.33	-0.02804597255
15.34	-0.02843913877
15.35	-0.02880076505
15.36	-0.02913074146
15.37	-0.02942899061
15.38	-0.02969546738
15.39	-0.02993015875
15.4	-0.03013308357
15.41	-0.03030429226
15.42	-0.03044386653
15.43	-0.03055191901
15.44	-0.03062859295
15.45	-0.03067406178
15.46	-0.03068852874
15.47	-0.03067222639
15.48	-0.0306254162
15.49	-0.03054838801
15.5	-0.03044145954
15.51	-0.03030497585
15.52	-0.03013930877
15.53	-0.02994485631
15.54	-0.02972204208
15.55	-0.02947131462
15.56	-0.02919314679
15.57	-0.0288880351
15.58	-0.02855649901
15.59	-0.02819908023
15.6	-0.02781634201
15.61	-0.02740886842
15.62	-0.02697726355
15.63	-0.02652215082
15.64	-0.02604417212
15.65	-0.02554398711
15.66	-0.02502227235
15.67	-0.02447972051
15.68	-0.02391703957
15.69	-0.02333495197
15.7	-0.02273419377
15.71	-0.02211551383
15.72	-0.02147967293
15.73	-0.02082744295
15.74	-0.02015960595
15.75	-0.0194769534
15.76	-0.01878028523
15.77	-0.01807040899
15.78	-0.01734813902
15.79	-0.01661429551
15.8	-0.01586970372
15.81	-0.01511519303
15.82	-0.01435159615
15.83	-0.01357974822
15.84	-0.01280048595
15.85	-0.01201464681
15.86	-0.01122306817
15.87	-0.01042658644
15.88	-0.009626036285
15.89	-0.008822249765
15.9	-0.008016055552
15.91	-0.00720827812
15.92	-0.006399736952
15.93	-0.005591245767
15.94	-0.004783611749
15.95	-0.003977634793
15.96	-0.003174106768
15.97	-0.002373810784
15.98	-0.001577520484
15.99	-0.0007859993458
16	-4.883569911e-17
16.01	0.0007797364361
16.02	0.001552481006
16.03	0.002317517546
16.04	0.003074143297
16.05	0.003821669502
16.06	0.004559421982
16.07	0.005286741691
16.08	0.006002985257
16.09	0.006707525496
16.1	0.007399751914
16.11	0.008079071179
16.12	0.008744907583
16.13	0.009396703468
16.14	0.01003391965
16.15	0.0106560358
16.16	0.01126255082
16.17	0.01185298318
16.18	0.01242687127
16.19	0.01298377368
16.2	0.01352326946
16.21	0.01404495842
16.22	0.01454846136
16.23	0.01503342023
16.24	0.01549949839
16.25	0.01594638073
16.26	0.01637377381
16.27	0.01678140603
16.28	0.01716902766
16.29	0.01753641096
16.3	0.01788335022
16.31	0.01820966179
16.32	0.0185151841
16.33	0.01879977761
16.34	0.01906332481
16.35	0.01930573015
16.36	0.01952691996
16.37	0.01972684234
16.38	0.01990546706
16.39	0.02006278539
16.4	0.02019880997
16.41	0.02031357459
16.42	0.02040713401
16.43	0.02047956376
16.44	0.02053095983
16.45	0.02056143851
16.46	0.020571136
16.47	0.02056020821
16.48	0.0205288304
16.49	0.02047719686
16.5	0.02040552056
16.51	0.02031403281
16.52	0.02020298284
16.53	0.02007263746
16.54	0.01992328061
16.55	0.01975521297
16.56	0.0195687515
16.57	0.01936422902
16.58	0.01914199373
16.59	0.01890240876
16.6	0.01864585166
16.61	0.01837271394
16.62	0.01808340055
16.63	0.01777832936
16.64	0.01745793066
16.65	0.01712264662
16.66	0.01677293075
16.67	0.01640924738
16.68	0.01603207106
16.69	0.01564188608
16.7	0.01523918581
16.71	0.01482447225
16.72	0.01439825535
16.73	0.01396105251
16.74	0.01351338799
16.75	0.0130557923
16.76	0.01258880166
16.77	0.01211295739
16.78	0.01162880534
16.79	0.01113689533
16.8	0.01063778053
16.81	0.01013201689
16.82	0.009620162595
16.83	0.00910277745
16.84	0.00858042233
16.85	0.008053658605
16.86	0.007523047573
16.87	0.006989149905
16.88	0.006452525086
16.89	0.005913730868
16.9	0.005373322727
16.91	0.004831853321
16.92	0.004289871968
16.93	0.00374792412
16.94	0.003206550848
16.95	0.002666288338
16.96	0.002127667395
16.97	0.001591212954
16.98	0.001057443603
16.99	0.0005268711177
17	-2.457234321e-17
17.01	-0.0005226729637
17.02	-0.001040659139
17.03	-0.001553478468
17.04	-0.002060659876
17.05	-0.002561741677
17.06	-0.003056271953
17.07	-0.003543808934
17.08	-0.004023921354
17.09	-0.004496188799
17.1	-0.004960202043
17.11	-0.005415563365
17.12	-0.005861886853
17.13	-0.006298798701
17.14	-0.006725937481
17.15	-0.007142954407
17.16	-0.007549513582
17.17	-0.007945292232
17.18	-0.008329980925
17.19	-0.008703283769
17.2	-0.009064918605
17.21	-0.009414617176
17.22	-0.009752125286
17.23	-0.01007720294
17.24	-0.01038962447
17.25	-0.01068917866
17.26	-0.01097566882
17.27	-0.01124891286
17.28	-0.01150874341
17.29	-0.0117550078
17.3	-0.01198756814
17.31	-0.01220630133
17.32	-0.01241109906
17.33	-0.01260186779
17.34	-0.01277852876
17.35	-0.01294101792
17.36	-0.01308928589
17.37	-0.01322329787
17.38	-0.0133430336
17.39	-0.01344848723
17.4	-0.01353966723
17.41	-0.01361659625
17.42	-0.01367931101
17.43	-0.01372786212
17.44	-0.01376231394
17.45	-0.01378274441
17.46	-0.01378924483
17.47	-0.01378191971
17.48	-0.01376088654
17.49	-0.01372627554
17.5	-0.01367822948
17.51	-0.01361690341
17.52	-0.01354246439
17.53	-0.01345509127
17.54	-0.01335497438
17.55	-0.01324231527
17.56	-0.01311732641
17.57	-0.01298023089
17.58	-0.01283126212
17.59	-0.01267066351
17.6	-0.01249868814
17.61	-0.01231559845
17.62	-0.01212166589
17.63	-0.01191717055
17.64	-0.01170240088
17.65	-0.01147765327
17.66	-0.01124323171
17.67	-0.01099944746
17.68	-0.01074661861
17.69	-0.01048506979
17.7	-0.01021513174
17.71	-0.00993714092
17.72	-0.009651439189
17.73	-0.009358373364
17.74	-0.00905829486
17.75	-0.008751559296
17.76	-0.008438526107
17.77	-0.008119558153
17.78	-0.007795021333
17.79	-0.007465284192
17.8	-0.007130717533
17.81	-0.006791694028
17.82	-0.006448587833
17.83	-0.006101774199
17.84	-0.005751629091
17.85	-0.005398528807
17.86	-0.005042849595
17.87	-0.004684967286
17.88	-0.004325256913
17.89	-0.003964092348
17.9	-0.003601845938
17.91	-0.003238888141
17.92	-0.002875587175
17.93	-0.002512308669
17.94	-0.002149415312
17.95	-0.001787266521
17.96	-0.001426218106
17.97	-0.00106662194
17.98	-0.0007088256448
17.99	-0.0003531722718
18	-2.468620585e-17
18.01	0.0003503581651
18.02	0.0006975746822
18.03	0.001041327758
18.04	0.001381301623
18.05	0.001717186799
18.06	0.002048680356
18.07	0.002375486168
18.08	0.002697315147
18.09	0.003013885483
18.1	0.003324922862
18.11	0.003630160684
18.12	0.003929340265
18.13	0.004222211036
18.14	0.004508530722
18.15	0.004788065527
18.16	0.005060590292
18.17	0.005325888655
18.18	0.005583753197
18.19	0.005833985577
18.2	0.006076396656
18.21	0.006310806619
18.22	0.00653704507
18.23	0.006754951139
18.24	0.006964373556
18.25	0.007165170733
18.26	0.007357210826
18.27	0.007540371788
18.28	0.007714541412
18.29	0.007879617369
18.3	0.008035507229
18.31	0.00818212847
18.32	0.008319408492
18.33	0.008447284598
18.34	0.008565703989
18.35	0.00867462373
18.36	0.008774010718
18.37	0.008863841635
18.38	0.008944102894
18.39	0.009014790577
18.4	0.009075910359
18.41	0.009127477426
18.42	0.009169516386
18.43	0.009202061168
18.44	0.009225154915
18.45	0.009238849864
18.46	0.009243207228
18.47	0.009238297056
18.48	0.009224198097
18.49	0.009200997653
18.5	0.009168791417
18.51	0.00912768332
18.52	0.009077785353
18.53	0.009019217398
18.54	0.00895210704
18.55	0.00887658938
18.56	0.00879280684
18.57	0.008700908965
18.58	0.008601052213
18.59	0.008493399746
18.6	0.008378121211
18.61	0.008255392523
18.62	0.008125395635
18.63	0.007988318313
18.64	0.007844353898
18.65	0.007693701067
18.66	0.0075365636
18.67	0.007373150126
18.68	0.007203673884
18.69	0.007028352468
18.7	0.006847407576
18.71	0.006661064759
18.72	0.006469553161
18.73	0.006273105264
18.74	0.006071956628
18.75	0.00586634563
18.76	0.005656513208
18.77	0.005442702595
18.78	0.005225159059
18.79	0.005004129643
18.8	0.004779862905
18.81	0.004552608654
18.82	0.004322617693
18.83	0.004090141562
18.84	0.003855432277
18.85	0.003618742078
18.86	0.003380323173
18.87	0.003140427487
18.88	0.002899306413
18.89	0.002657210565
18.9	0.002414389535
18.91	0.002171091647
18.92	0.001927563728
18.93	0.001684050862
18.94	0.001440796171
18.95	0.001198040577
18.96	0.0009560225865
18.97	0.0007149780682
18.98	0.0004751400389
18.99	0.0002367384535
19	4.413638281e-17
19.01	-0.0002348521014
19.02	-0.0004675982931
19.03	-0.0006980228708
19.04	-0.0009259141676
19.05	-0.001151064734
19.06	-0.001373271511
19.07	-0.001592335997
19.08	-0.001808064414
19.09	-0.002020267856
19.1	-0.002228762446
19.11	-0.002433369477
19.12	-0.002633915548
19.13	-0.002830232696
19.14	-0.003022158521
19.15	-0.003209536304
19.16	-0.003392215117
19.17	-0.003570049928
19.18	-0.0037429017
19.19	-0.00391063748
19.2	-0.004073130486
19.21	-0.004230260183
19.22	-0.004381912352
19.23	-0.004527979158
19.24	-0.004668359203
19.25	-0.004802957576
19.26	-0.0049316859
19.27	-0.005054462364
19.28	-0.005171211754
19.29	-0.005281865478
19.3	-0.005386361575
19.31	-0.005484644733
19.32	-0.005576666283
19.33	-0.005662384201
19.34	-0.005741763093
19.35	-0.005814774178
19.36	-0.005881395268
19.37	-0.005941610733
19.38	-0.005995411464
19.39	-0.006042794835
19.4	-0.00608376465
19.41	-0.006118331088
19.42	-0.006146510646
19.43	-0.006168326066
19.44	-0.006183806267
19.45	-0.006192986266
19.46	-0.006195907095
19.47	-0.006192615708
19.48	-0.006183164893
19.49	-0.00616761317
19.5	-0.006146024685
19.51	-0.006118469103
19.52	-0.006085021496
19.53	-0.006045762222
19.54	-0.006000776803
19.55	-0.005950155802
19.56	-0.005893994686
19.57	-0.005832393698
19.58	-0.005765457716
19.59	-0.005693296109
19.6	-0.005616022596
19.61	-0.005533755096
19.62	-0.005446615576
19.63	-0.0053547299
19.64	-0.005258227666
19.65	-0.005157242054
19.66	-0.005051909659
19.67	-0.004942370332
19.68	-0.00482876701
19.69	-0.00471124555
19.7	-0.004589954562
19.71	-0.004465045236
19.72	-0.004336671173
19.73	-0.00420498821
19.74	-0.004070154246
19.75	-0.003932329073
19.76	-0.003791674194
19.77	-0.003648352654
19.78	-0.003502528861
19.79	-0.003354368413
19.8	-0.003204037922
19.81	-0.003051704842
19.82	-0.002897537291
19.83	-0.00274170388
19.84	-0.002584373542
19.85	-0.002425715356
19.86	-0.002265898385
19.87	-0.002105091497
19.88	-0.001943463208
19.89	-0.001781181508
19.9	-0.001618413704
19.91	-0.001455326253
19.92	-0.001292084607
19.93	-0.001128853052
19.94	-0.0009657945556
19.95	-0.0008030706147
19.96	-0.0006408411042
19.97	-0.0004792641316
19.98	-0.0003184958927
19.99	-0.0001586905311
20	-1.2324697e-17
20.01	0.0001574260714
20.02	0.0003134405094
20.03	0.0004678987229
20.04	0.0006206588275
20.05	0.0007715817655
20.06	0.0009205314223
20.07	0.001067374739
20.08	0.001211981821
20.09	0.001354226042
20.1	0.001493984145
20.11	0.00163113634
20.12	0.001765566391
20.13	0.001897161711
20.14	0.002025813439
20.15	0.002151416523
20.16	0.002273869794
20.17	0.002393076032
20.18	0.00250894204
20.19	0.002621378696
20.2	0.002730301015
20.21	0.002835628201
20.22	0.00293728369
20.23	0.003035195198
20.24	0.003129294756
20.25	0.003219518743
20.26	0.003305807919
20.27	0.003388107444
20.28	0.003466366901
20.29	0.00354054031
20.3	0.003610586139
20.31	0.00367646731
20.32	0.0037381512
20.33	0.003795609638
20.34	0.003848818901
20.35	0.003897759695
20.36	0.003942417147
20.37	0.00398278078
20.38	0.004018844488
20.39	0.004050606512
20.4	0.0040780694
20.41	0.004101239977
20.42	0.004120129299
20.43	0.004134752612
20.44	0.004145129302
20.45	0.004151282839
20.46	0.004153240729
20.47	0.004151034446
20.48	0.004144699376
20.49	0.004134274744
20.5	0.00411980355
20.51	0.004101332491
20.52	0.004078911889
20.53	0.004052595611
20.54	0.004022440983
20.55	0.003988508711
20.56	0.003950862789
20.57	0.003909570412
20.58	0.003864701881
20.59	0.00381633051
20.6	0.003764532525
20.61	0.003709386971
20.62	0.003650975604
20.63	0.003589382793
20.64	0.003524695411
20.65	0.003457002731
20.66	0.003386396315
20.67	0.003312969909
20.68	0.003236819324
20.69	0.003158042334
20.7	0.003076738553
20.71	0.002993009328
20.72	0.00290695762
20.73	0.00281868789
20.74	0.002728305982
20.75	0.002635919005
20.76	0.00254163522
20.77	0.002445563919
20.78	0.002347815307
20.79	0.002248500389
20.8	0.002147730848
20.81	0.00204561893
20.82	0.00194227733
20.83	0.001837819071
20.84	0.001732357391
20.85	0.001626005629
20.86	0.00151887711
20.87	0.001411085029
20.88	0.001302742347
20.89	0.001193961671
20.9	0.001084855149
20.91	0.000975534361
20.92	0.0008661102131
20.93	0.0007566928296
20.94	0.0006473914509
20.95	0.0005383143314
20.96	0.0004295686384
20.97	0.0003212603547
20.98	0.0002134941815
20.99	0.0001063734441
21	-3.308772241e-18
21.01	-0.0001055258514
21.02	-0.0002101054567
21.03	-0.0003136418934
21.04	-0.0004160400538
21.05	-0.0005172067245
21.06	-0.0006170506654
21.07	-0.0007154826842
21.08	-0.00081241571
21.09	-0.0009077648628
21.1	-0.001001447521
21.11	-0.001093383386
21.12	-0.001183494545
21.13	-0.001271705525
21.14	-0.001357943358
21.15	-0.001442137623
21.16	-0.001524220505
21.17	-0.001604126836
21.18	-0.001681794144
21.19	-0.001757162688
21.2	-0.001830175502
21.21	-0.001900778426
21.22	-0.001968920138
21.23	-0.002034552185
21.24	-0.002097629005
21.25	-0.002158107952
21.26	-0.002215949317
21.27	-0.002271116338
21.28	-0.002323575221
21.29	-0.002373295144
21.3	-0.002420248267
21.31	-0.002464409736
21.32	-0.002505757684
21.33	-0.002544273227
21.34	-0.002579940463
21.35	-0.002612746458
21.36	-0.002642681243
21.37	-0.002669737796
21.38	-0.002693912022
21.39	-0.002715202743
21.4	-0.002733611668
21.41	-0.00274914337
21.42	-0.002761805262
21.43	-0.002771607562
21.44	-0.002778563264
21.45	-0.002782688104
21.46	-0.002784000517
21.47	-0.002782521601
21.48	-0.002778275076
21.49	-0.002771287237
21.5	-0.002761586905
21.51	-0.002749205384
21.52	-0.002734176405
21.53	-0.002716536076
21.54	-0.002696322825
21.55	-0.002673577343
21.56	-0.002648342527
21.57	-0.002620663419
21.58	-0.002590587143
21.59	-0.002558162843
21.6	-0.002523441615
21.61	-0.002486476445
21.62	-0.002447322135
21.63	-0.002406035239
21.64	-0.00236267399
21.65	-0.00231729823
21.66	-0.002269969334
21.67	-0.002220750142
21.68	-0.002169704878
21.69	-0.002116899083
21.7	-0.002062399528
21.71	-0.002006274151
21.72	-0.001948591966
21.73	-0.001889422996
21.74	-0.001828838191
21.75	-0.001766909349
21.76	-0.001703709038
21.77	-0.001639310519
21.78	-0.001573787665
21.79	-0.001507214884
21.8	-0.001439667041
21.81	-0.001371219376
21.82	-0.00130194743
21.83	-0.001231926964
21.84	-0.001161233886
21.85	-0.001089944168
21.86	-0.001018133774
21.87	-0.0009458785819
21.88	-0.0008732543101
21.89	-0.0008003364421
21.9	-0.0007272001531
21.91	-0.0006539202378
21.92	-0.0005805710379
21.93	-0.0005072263723
21.94	-0.0004339594672
21.95	-0.0003608428874
21.96	-0.0002879484695
21.97	-0.0002153472558
21.98	-0.0001431094296
21.99	-7.130425194e-05
22	-2.21569714e-17
22.01	7.073609359e-05
22.02	0.0001408378994
22.03	0.0002102404485
22.04	0.000278879988
22.05	0.0003466940354
22.06	0.0004136214304
22.07	0.0004796023858
22.08	0.0005445785361
22.09	0.0006084929846
22.1	0.0006712903485
22.11	0.0007329168019
22.12	0.0007933201176
22.13	0.0008524497063
22.14	0.0009102566541
22.15	0.0009666937578
22.16	0.001021715559
22.17	0.001075278375
22.18	0.001127340328
22.19	0.001177861374
22.2	0.001226803327
22.21	0.001274129882
22.22	0.001319806638
22.23	0.001363801114
22.24	0.001406082771
22.25	0.001446623022
22.26	0.001485395248
22.27	0.001522374808
22.28	0.001557539049
22.29	0.00159086731
22.3	0.00162234093
22.31	0.001651943248
22.32	0.001679659606
22.33	0.001705477347
22.34	0.00172938581
22.35	0.001751376326
22.36	0.001771442213
22.37	0.001789578762
22.38	0.001805783231
22.39	0.001820054828
22.4	0.001832394699
22.41	0.00184280591
22.42	0.00185129343
22.43	0.001857864108
22.44	0.001862526655
22.45	0.001865291618
22.46	0.001866171354
22.47	0.001865180008
22.48	0.001862333477
22.49	0.001857649388
22.5	0.001851147061
22.51	0.00184284748
22.52	0.001832773254
22.53	0.001820948588
22.54	0.00180739924
22.55	0.001792152487
22.56	0.001775237084
22.57	0.001756683223
22.58	0.001736522493
22.59	0.001714787835
22.6	0.0016915135
22.61	0.001666735005
22.62	0.001640489086
22.63	0.001612813652
22.64	0.001583747738
22.65	0.001553331456
22.66	0.001521605948
22.67	0.001488613337
22.68	0.001454396674
22.69	0.00141899989
22.7	0.001382467747
22.71	0.001344845781
22.72	0.001306180256
22.73	0.00126651811
22.74	0.001225906901
22.75	0.001184394756
22.76	0.001142030321
22.77	0.001098862702
22.78	0.00105494142
22.79	0.001010316351
22.8	0.000965037677
22.81	0.000919155835
22.82	0.0008727214609
22.83	0.0008257853395
22.84	0.0007783983522
22.85	0.0007306114251
22.86	0.0006824754783
22.87	0.0006340413746
22.88	0.0005853598693
22.89	0.0005364815607
22.9	0.0004874568401
22.91	0.0004383358439
22.92	0.0003891684048
22.93	0.0003400040053
22.94	0.00029089173
22.95	0.0002418802209
22.96	0.0001930176313
22.97	0.0001443515824
22.98	9.592911941e-05
22.99	4.779666944e-05
23	9.653407487e-18
23.01	-4.741582151e-05
23.02	-9.44064672e-05
23.03	-0.0001409283871
23.04	-0.0001869388464
23.05	-0.0002323959618
23.06	-0.0002772587363
23.07	-0.0003214870933
23.08	-0.0003650419094
23.09	-0.0004078850455
23.1	-0.0004499793773
23.11	-0.0004912888244
23.12	-0.0005317783778
23.13	-0.0005714141264
23.14	-0.0006101632823
23.15	-0.0006479942042
23.16	-0.0006848764205
23.17	-0.0007207806496
23.18	-0.0007556788205
23.19	-0.0007895440904
23.2	-0.0008223508626
23.21	-0.0008540748012
23.22	-0.0008846928461
23.23	-0.0009141832256
23.24	-0.0009425254678
23.25	-0.0009697004106
23.26	-0.000995690211
23.27	-0.001020478352
23.28	-0.001044049647
23.29	-0.001066390248
23.3	-0.001087487647
23.31	-0.001107330674
23.32	-0.001125909505
23.33	-0.001143215654
23.34	-0.001159241976
23.35	-0.00117398266
23.36	-0.001187433226
23.37	-0.001199590518
23.38	-0.001210452698
23.39	-0.001220019236
23.4	-0.001228290899
23.41	-0.001235269743
23.42	-0.001240959097
23.43	-0.001245363555
23.44	-0.001248488953
23.45	-0.001250342363
23.46	-0.001250932068
23.47	-0.001250267549
23.48	-0.001248359462
23.49	-0.001245219623
23.5	-0.001240860983
23.51	-0.001235297607
23.52	-0.001228544652
23.53	-0.001220618341
23.54	-0.001211535942
23.55	-0.001201315738
23.56	-0.001189977004
23.57	-0.001177539979
23.58	-0.001164025837
23.59	-0.00114945666
23.6	-0.001133855407
23.61	-0.001117245885
23.62	-0.00109965272
23.63	-0.001081101322
23.64	-0.001061617857
23.65	-0.001041229213
23.66	-0.001019962969
23.67	-0.0009978473607
23.68	-0.0009749112454
23.69	-0.0009511840719
23.7	-0.0009266958437
23.71	-0.0009014770858
23.72	-0.0008755588095
23.73	-0.0008489724777
23.74	-0.00082174997
23.75	-0.0007939235475
23.76	-0.0007655258172
23.77	-0.0007365896973
23.78	-0.0007071483812
23.79	-0.0006772353026
23.8	-0.0006468841001
23.81	-0.0006161285816
23.82	-0.0005850026898
23.83	-0.0005535404668
23.84	-0.0005217760193
23.85	-0.0004897434841
23.86	-0.000457476994
23.87	-0.0004250106434
23.88	-0.0003923784546
23.89	-0.0003596143445
23.9	-0.0003267520915
23.91	-0.000293825303
23.92	-0.0002608673831
23.93	-0.0002279115005
23.94	-0.0001949905579
23.95	-0.0001621371608
23.96	-0.0001293835875
23.97	-9.676175936e-05
23.98	-6.430321174e-05
23.99	-3.203906566e-05
24	-2.985976093e-18
24.01	3.178377566e-05
24.02	6.328254744e-05
24.03	9.446712292e-05
24.04	0.0001253088561
24.05	0.0001557796718
24.06	0.0001858520889
24.07	0.0002154992432
24.08	0.0002446949095
24.09	0.0002734135225
24.1	0.0003016301969
24.11	0.0003293207474
24.12	0.0003564617067
24.13	0.0003830303435
24.14	0.0004090046795
24.15	0.0004343635048
24.16	0.0004590863937
24.17	0.0004831537182
24.18	0.0005065466617
24.19	0.000529247231
24.2	0.000551238268
24.21	0.00057250346
24.22	0.0005930273493
24.23	0.0006127953419
24.24	0.0006317937149
24.25	0.0006500096239
24.26	0.0006674311081
24.27	0.0006840470956
24.28	0.0006998474075
24.29	0.0007148227605
24.3	0.0007289647694
24.31	0.0007422659484
24.32	0.0007547197109
24.33	0.0007663203696
24.34	0.0007770631344
24.35	0.0007869441104
24.36	0.0007959602945
24.37	0.0008041095714
24.38	0.0008113907086
24.39	0.0008178033505
24.4	0.000823348012
24.41	0.0008280260708
24.42	0.0008318397592
24.43	0.0008347921552
24.44	0.0008368871726
24.45	0.0008381295504
24.46	0.0008385248416
24.47	0.0008380794008
24.48	0.0008368003721
24.49	0.0008346956753
24.5	0.0008317739915
24.51	0.000828044749
24.52	0.0008235181077
24.53	0.0008182049426
24.54	0.0008121168283
24.55	0.0008052660207
24.56	0.0007976654402
24.57	0.0007893286531
24.58	0.0007802698529
24.59	0.0007705038414
24.6	0.0007600460086
24.61	0.0007489123132
24.62	0.0007371192617
24.63	0.0007246838876
24.64	0.0007116237305
24.65	0.000697956814
24.66	0.0006837016246
24.67	0.0006688770888
24.68	0.0006535025509
24.69	0.0006375977509
24.7	0.0006211828006
24.71	0.0006042781617
24.72	0.0005869046215
24.73	0.0005690832703
24.74	0.0005508354777
24.75	0.0005321828689
24.76	0.000513147301
24.77	0.0004937508398
24.78	0.0004740157354
24.79	0.0004539643992
24.8	0.0004336193797
24.81	0.0004130033392
24.82	0.00039213903
24.83	0.0003710492712
24.84	0.0003497569253
24.85	0.0003282848748
24.86	0.0003066559997
24.87	0.000284893154
24.88	0.0002630191437
24.89	0.0002410567039
24.9	0.000219028477
24.91	0.0001969569907
24.92	0.0001748646362
24.93	0.0001527736475
24.94	0.0001307060797
24.95	0.0001086837891
24.96	8.672841234e-05
24.97	6.486134699e-05
24.98	4.310373185e-05
24.99	2.147642797e-05
25	-3.344363223e-19
25.01	-2.130530196e-05
25.02	-4.241956011e-05
25.03	-6.332320618e-05
25.04	-8.399703821e-05
25.05	-0.0001044222368
25.06	-0.0001245803808
25.07	-0.0001444534626
25.08	-0.000164023903
25.09	-0.000183274565
25.1	-0.0002021887675
25.11	-0.0002207502985
25.12	-0.0002389434276
25.13	-0.0002567529175
25.14	-0.0002741640356
25.15	-0.0002911625645
25.16	-0.0003077348126
25.17	-0.0003238676226
25.18	-0.0003395483816
25.19	-0.0003547650283
25.2	-0.0003695060612
25.21	-0.0003837605457
25.22	-0.0003975181201
25.23	-0.0004107690018
25.24	-0.0004235039921
25.25	-0.000435714481
25.26	-0.0004473924511
25.27	-0.0004585304806
25.28	-0.0004691217464
25.29	-0.0004791600257
25.3	-0.0004886396978
25.31	-0.0004975557447
25.32	-0.0005059037514
25.33	-0.0005136799054
25.34	-0.000520880996
25.35	-0.0005275044123
25.36	-0.0005335481412
25.37	-0.0005390107649
25.38	-0.0005438914571
25.39	-0.0005481899796
25.4	-0.0005519066773
25.41	-0.0005550424739
25.42	-0.0005575988657
25.43	-0.0005595779159
25.44	-0.0005609822481
25.45	-0.0005618150388
25.46	-0.0005620800104
25.47	-0.0005617814225
25.48	-0.000560924064
25.49	-0.0005595132435
25.5	-0.0005575547803
25.51	-0.0005550549943
25.52	-0.0005520206958
25.53	-0.0005484591748
25.54	-0.0005443781897
25.55	-0.0005397859561
25.56	-0.0005346911346
25.57	-0.0005291028191
25.58	-0.0005230305237
25.59	-0.0005164841704
25.6	-0.0005094740755
25.61	-0.0005020109363
25.62	-0.0004941058174
25.63	-0.0004857701369
25.64	-0.0004770156518
25.65	-0.0004678544437
25.66	-0.0004582989045
25.67	-0.0004483617209
25.68	-0.00043805586
25.69	-0.0004273945537
25.7	-0.0004163912835
25.71	-0.0004050597652
25.72	-0.0003934139329
25.73	-0.000381467924
25.74	-0.0003692360628
25.75	-0.0003567328452
25.76	-0.0003439729224
25.77	-0.0003309710856
25.78	-0.0003177422496
25.79	-0.000304301437
25.8	-0.0002906637626
25.81	-0.0002768444173
25.82	-0.0002628586526
25.83	-0.0002487217645
25.84	-0.0002344490782
25.85	-0.0002200559324
25.86	-0.0002055576638
25.87	-0.0001909695921
25.88	-0.0001763070045
25.89	-0.0001615851409
25.9	-0.0001468191788
25.91	-0.000132024219
25.92	-0.000117215271
25.93	-0.0001024072384
25.94	-8.761490538e-05
25.95	-7.285292251e-05
25.96	-5.813579335e-05
25.97	-4.34778611e-05
25.98	-2.889329552e-05
25.99	-1.439608018e-05
26	1.790044287e-18
26.01	1.428137099e-05
26.02	2.843468149e-05
26.03	4.244681448e-05
26.04	5.630489852e-05
26.05	6.999631856e-05
26.06	8.350872657e-05
26.07	9.683005172e-05
26.08	0.0001099485102
26.09	0.0001228526148
26.1	0.0001355311839
26.11	0.0001479733503
26.12	0.0001601685694
26.13	0.0001721066275
26.14	0.0001837776489
26.15	0.0001951721037
26.16	0.0002062808137
26.17	0.0002170949597
26.18	0.0002276060868
26.19	0.0002378061101
26.2	0.00024768732
26.21	0.0002572423867
26.22	0.0002664643646
26.23	0.0002753466962
26.24	0.0002838832155
26.25	0.000292068151
26.26	0.0002998961284
26.27	0.0003073621729
26.28	0.0003144617106
26.29	0.0003211905705
26.3	0.0003275449847
26.31	0.0003335215897
26.32	0.0003391174259
26.33	0.0003443299379
26.34	0.0003491569732
26.35	0.0003535967819
26.36	0.0003576480146
26.37	0.0003613097207
26.38	0.0003645813466
26.39	0.0003674627323
26.4	0.0003699541093
26.41	0.0003720560966
26.42	0.0003737696973
26.43	0.0003750962944
26.44	0.0003760376464
26.45	0.0003765958827
26.46	0.0003767734984
26.47	0.000376573349
26.48	0.0003759986444
26.49	0.0003750529431
26.5	0.000373740146
26.51	0.0003720644893
26.52	0.0003700305382
26.53	0.0003676431793
26.54	0.0003649076132
26.55	0.0003618293469
26.56	0.000358414186
26.57	0.000354668226
26.58	0.0003505978448
26.59	0.0003462096929
26.6	0.0003415106857
26.61	0.0003365079939
26.62	0.0003312090343
26.63	0.0003256214605
26.64	0.0003197531537
26.65	0.0003136122123
26.66	0.0003072069428
26.67	0.0003005458494
26.68	0.0002936376243
26.69	0.0002864911369
26.7	0.0002791154243
26.71	0.0002715196804
26.72	0.0002637132456
26.73	0.0002557055964
26.74	0.0002475063346
26.75	0.0002391251772
26.76	0.0002305719452
26.77	0.0002218565534
26.78	0.0002129889994
26.79	0.0002039793532
26.8	0.0001948377467
26.81	0.0001855743626
26.82	0.0001761994241
26.83	0.0001667231847
26.84	0.0001571559169
26.85	0.0001475079027
26.86	0.0001377894227
26.87	0.0001280107458
26.88	0.0001181821194
26.89	0.0001083137591
26.9	9.841583869e-05
26.91	8.849848059e-05
26.92	7.857174585e-05
26.93	6.864562477e-05
26.94	5.873002741e-05
26.95	4.883477437e-05
26.96	3.896958768e-05
26.97	2.914408186e-05
26.98	1.936775518e-05
26.99	9.649981132e-06
27	2.098882478e-18
27.01	-9.57308926e-06
27.02	-1.9060337e-05
27.03	-2.845295064e-05
27.04	-3.774230217e-05
27.05	-4.691993548e-05
27.06	-5.597757344e-05
27.07	-6.490712472e-05
27.08	-7.370069043e-05
27.09	-8.235057042e-05
27.1	-9.084926944e-05
27.11	-9.918950297e-05
27.12	-0.0001073642028
27.13	-0.0001153665224
27.14	-0.0001231898421
27.15	-0.0001308277735
27.16	-0.0001382741646
27.17	-0.0001455231034
27.18	-0.0001525689226
27.19	-0.0001594062027
27.2	-0.0001660297757
27.21	-0.0001724347285
27.22	-0.0001786164051
27.23	-0.0001845704101
27.24	-0.0001902926101
27.25	-0.0001957791364
27.26	-0.0002010263866
27.27	-0.0002060310259
27.28	-0.0002107899884
27.29	-0.000215300478
27.3	-0.0002195599692
27.31	-0.0002235662074
27.32	-0.0002273172086
27.33	-0.0002308112598
27.34	-0.0002340469184
27.35	-0.0002370230111
27.36	-0.0002397386336
27.37	-0.0002421931486
27.38	-0.000244386185
27.39	-0.0002463176357
27.4	-0.0002479876556
27.41	-0.0002493966598
27.42	-0.0002505453207
27.43	-0.0002514345653
27.44	-0.0002520655724
27.45	-0.0002524397694
27.46	-0.0002525588288
27.47	-0.0002524246646
27.48	-0.0002520394286
27.49	-0.0002514055061
27.5	-0.0002505255119
27.51	-0.0002494022856
27.52	-0.0002480388874
27.53	-0.0002464385929
27.54	-0.0002446048881
27.55	-0.0002425414645
27.56	-0.0002402522136
27.57	-0.0002377412216
27.58	-0.0002350127634
27.59	-0.0002320712973
27.6	-0.0002289214586
27.61	-0.000225568054
27.62	-0.0002220160551
27.63	-0.0002182705924
27.64	-0.0002143369487
27.65	-0.0002102205526
27.66	-0.000205926972
27.67	-0.0002014619076
27.68	-0.0001968311858
27.69	-0.0001920407521
27.7	-0.0001870966641
27.71	-0.0001820050847
27.72	-0.0001767722749
27.73	-0.0001714045871
27.74	-0.0001659084576
27.75	-0.0001602903998
27.76	-0.0001545569969
27.77	-0.0001487148951
27.78	-0.0001427707959
27.79	-0.0001367314495
27.8	-0.0001306036473
27.81	-0.0001243942153
27.82	-0.0001181100061
27.83	-0.0001117578928
27.84	-0.0001053447615
27.85	-9.887750415e-05
27.86	-9.236301216e-05
27.87	-8.580816901e-05
27.88	-7.921984371e-05
27.89	-7.260488397e-05
27.9	-6.597010952e-05
27.91	-5.932230558e-05
27.92	-5.26682163e-05
27.93	-4.601453835e-05
27.94	-3.936791468e-05
27.95	-3.27349282e-05
27.96	-2.612209581e-05
27.97	-1.953586229e-05
27.98	-1.298259455e-05
27.99	-6.468575797e-06
28	-7.033345386e-19
28.01	6.417033634e-06
28.02	1.277652598e-05
28.03	1.907258318e-05
28.04	2.529942173e-05
28.05	3.145137331e-05
28.06	3.75228896e-05
28.07	4.350854683e-05
28.08	4.94030502e-05
28.09	5.520123816e-05
28.1	6.089808647e-05
28.11	6.64887122e-05
28.12	7.196837737e-05
28.13	7.733249264e-05
28.14	8.257662062e-05
28.15	8.769647917e-05
28.16	9.268794435e-05
28.17	9.754705337e-05
28.18	0.0001022700072
28.19	0.0001068531731
28.2	0.0001112930869
28.21	0.0001155864551
28.22	0.0001197301569
28.23	0.0001237212458
28.24	0.0001275569511
28.25	0.0001312346797
28.26	0.0001347520167
28.27	0.0001381067267
28.28	0.0001412967547
28.29	0.0001443202263
28.3	0.0001471754487
28.31	0.0001498609104
28.32	0.0001523752817
28.33	0.0001547174143
28.34	0.0001568863411
28.35	0.0001588812757
28.36	0.0001607016119
28.37	0.0001623469225
28.38	0.0001638169588
28.39	0.0001651116489
28.4	0.0001662310967
28.41	0.0001671755805
28.42	0.0001679455509
28.43	0.0001685416294
28.44	0.0001689646061
28.45	0.0001692154379
28.46	0.0001692952458
28.47	0.0001692053128
28.48	0.0001689470814
28.49	0.0001685221504
28.5	0.0001679322726
28.51	0.0001671793516
28.52	0.0001662654384
28.53	0.0001651927289
28.54	0.0001639635598
28.55	0.0001625804056
28.56	0.0001610458749
28.57	0.0001593627066
28.58	0.0001575337664
28.59	0.0001555620427
28.6	0.0001534506427
28.61	0.0001512027883
28.62	0.0001488218123
28.63	0.0001463111536
28.64	0.0001436743533
28.65	0.0001409150505
28.66	0.0001380369774
28.67	0.0001350439552
28.68	0.0001319398895
28.69	0.0001287287658
28.7	0.0001254146445
28.71	0.0001220016567
28.72	0.0001184939995
28.73	0.0001148959307
28.74	0.0001112117649
28.75	0.0001074458682
28.76	0.0001036026533
28.77	9.968657531e-05
28.78	9.570212646e-05
28.79	9.16538315e-05
28.8	8.75462429e-05
28.81	8.33839361e-05
28.82	7.917150472e-05
28.83	7.491355586e-05
28.84	7.061470535e-05
28.85	6.627957314e-05
28.86	6.191277856e-05
28.87	5.75189358e-05
28.88	5.310264928e-05
28.89	4.866850916e-05
28.9	4.422108685e-05
28.91	3.976493061e-05
28.92	3.530456117e-05
28.93	3.084446747e-05
28.94	2.638910238e-05
28.95	2.194287858e-05
28.96	1.751016446e-05
28.97	1.309528011e-05
28.98	8.702493373e-06
28.99	4.336016026e-06
29	-1.702089247e-22
29.01	-4.301466281e-06
29.02	-8.564361481e-06
29.03	-1.278473484e-05
29.04	-1.695870954e-05
29.05	-2.1082486e-05
29.06	-2.515234509e-05
29.07	-2.916465112e-05
29.08	-3.311585489e-05
29.09	-3.70024965e-05
29.1	-4.082120813e-05
29.11	-4.456871662e-05
29.12	-4.824184603e-05
29.13	-5.183752003e-05
29.14	-5.535276414e-05
29.15	-5.878470795e-05
29.16	-6.213058712e-05
29.17	-6.53877453e-05
29.18	-6.855363594e-05
29.19	-7.162582391e-05
29.2	-7.460198714e-05
29.21	-7.747991792e-05
29.22	-8.025752429e-05
29.23	-8.293283116e-05
29.24	-8.550398136e-05
29.25	-8.796923656e-05
29.26	-9.032697805e-05
29.27	-9.257570743e-05
29.28	-9.471404711e-05
29.29	-9.674074075e-05
29.3	-9.865465354e-05
29.31	-0.0001004547724
29.32	-0.0001021402058
29.33	-0.0001037101843
29.34	-0.0001051640594
29.35	-0.0001065013041
29.36	-0.0001077215119
29.37	-0.0001088243966
29.38	-0.0001098097914
29.39	-0.0001106776481
29.4	-0.0001114280364
29.41	-0.0001120611428
29.42	-0.0001125772694
29.43	-0.0001129768328
29.44	-0.0001132603625
29.45	-0.0001134285001
29.46	-0.0001134819969
29.47	-0.0001134217131
29.48	-0.0001132486154
29.49	-0.0001129637756
29.5	-0.0001125683687
29.51	-0.0001120636706
29.52	-0.0001114510564
29.53	-0.0001107319977
29.54	-0.000109908061
29.55	-0.000108980905
29.56	-0.0001079522783
29.57	-0.0001068240168
29.58	-0.0001055980415
29.59	-0.0001042763556
29.6	-0.0001028610419
29.61	-0.00010135426
29.62	-9.975824406e-05
29.63	-9.807529919e-05
29.64	-9.630779912e-05
29.65	-9.445818312e-05
29.66	-9.252895302e-05
29.67	-9.052267026e-05
29.68	-8.844195283e-05
29.69	-8.62894722e-05
29.7	-8.406795027e-05
29.71	-8.178015616e-05
29.72	-7.942890318e-05
29.73	-7.701704558e-05
29.74	-7.45474754e-05
29.75	-7.202311929e-05
29.76	-6.944693533e-05
29.77	-6.682190975e-05
29.78	-6.415105381e-05
29.79	-6.143740055e-05
29.8	-5.868400157e-05
29.81	-5.589392389e-05
29.82	-5.307024669e-05
29.83	-5.021605821e-05
29.84	-4.733445254e-05
29.85	-4.442852652e-05
29.86	-4.150137658e-05
29.87	-3.85560957e-05
29.88	-3.559577031e-05
29.89	-3.26234773e-05
29.9	-2.964228098e-05
29.91	-2.665523012e-05
29.92	-2.366535507e-05
29.93	-2.067566485e-05
29.94	-1.768914432e-05
29.95	-1.470875138e-05
29.96	-1.173741425e-05
29.97	-8.778028766e-06
29.98	-5.833455759e-06
29.99	-2.906518462e-06
30	-9.934608678e-19
