temps	angle
0	0
0.01	0.6564051456
0.02	1.306030568
0.03	1.948697909
0.04	2.58423322
0.05	3.212466977
0.06	3.833234112
0.07	4.44637402
0.08	5.051730583
0.09	5.64915218
0.1	6.238491701
0.11	6.81960656
0.12	7.3923587
0.13	7.956614604
0.14	8.512245295
0.15	9.059126348
0.16	9.597137883
0.17	10.12616457
0.18	10.64609563
0.19	11.15682482
0.2	11.65825044
0.21	12.15027533
0.22	12.63280685
0.23	13.10575685
0.24	13.56904173
0.25	14.02258234
0.26	14.46630403
0.27	14.90013657
0.28	15.32401423
0.29	15.73787564
0.3	16.14166387
0.31	16.53532637
0.32	16.91881491
0.33	17.29208562
0.34	17.65509893
0.35	18.00781952
0.36	18.35021636
0.37	18.6822626
0.38	19.00393558
0.39	19.3152168
0.4	19.61609186
0.41	19.90655047
0.42	20.18658636
0.43	20.45619727
0.44	20.71538491
0.45	20.96415492
0.46	21.20251682
0.47	21.43048398
0.48	21.64807356
0.49	21.85530649
0.5	22.05220741
0.51	22.2388046
0.52	22.41512998
0.53	22.58121905
0.54	22.7371108
0.55	22.88284772
0.56	23.01847569
0.57	23.14404398
0.58	23.25960517
0.59	23.36521511
0.6	23.46093285
0.61	23.54682059
0.62	23.62294366
0.63	23.6893704
0.64	23.74617217
0.65	23.79342322
0.66	23.83120073
0.67	23.85958465
0.68	23.87865771
0.69	23.88850534
0.7	23.88921561
0.71	23.88087917
0.72	23.86358919
0.73	23.8374413
0.74	23.80253353
0.75	23.75896625
0.76	23.70684212
0.77	23.646266
0.78	23.5773449
0.79	23.50018795
0.8	23.41490629
0.81	23.32161302
0.82	23.22042318
0.83	23.11145362
0.84	22.99482298
0.85	22.87065162
0.86	22.73906157
0.87	22.60017644
0.88	22.45412136
0.89	22.30102295
0.9	22.14100921
0.91	21.97420952
0.92	21.80075449
0.93	21.62077601
0.94	21.43440706
0.95	21.24178177
0.96	21.04303527
0.97	20.83830368
0.98	20.62772402
0.99	20.41143417
1	20.18957277
1.01	19.96227923
1.02	19.72969359
1.03	19.49195654
1.04	19.24920928
1.05	19.00159352
1.06	18.7492514
1.07	18.49232545
1.08	18.23095847
1.09	17.96529358
1.1	17.69547405
1.11	17.42164333
1.12	17.14394495
1.13	16.86252247
1.14	16.57751943
1.15	16.28907931
1.16	15.99734546
1.17	15.70246103
1.18	15.40456896
1.19	15.1038119
1.2	14.80033217
1.21	14.49427168
1.22	14.18577194
1.23	13.87497394
1.24	13.56201817
1.25	13.2470445
1.26	12.93019222
1.27	12.6115999
1.28	12.29140542
1.29	11.96974588
1.3	11.64675756
1.31	11.32257592
1.32	10.9973355
1.33	10.67116989
1.34	10.34421173
1.35	10.01659263
1.36	9.688443121
1.37	9.359892664
1.38	9.031069569
1.39	8.702100975
1.4	8.373112811
1.41	8.04422976
1.42	7.715575225
1.43	7.387271295
1.44	7.05943871
1.45	6.732196833
1.46	6.405663613
1.47	6.07995556
1.48	5.755187709
1.49	5.431473597
1.5	5.108925233
1.51	4.787653069
1.52	4.467765975
1.53	4.149371215
1.54	3.832574419
1.55	3.517479564
1.56	3.204188945
1.57	2.89280316
1.58	2.583421083
1.59	2.276139846
1.6	1.97105482
1.61	1.668259597
1.62	1.367845969
1.63	1.069903917
1.64	0.7745215865
1.65	0.4817852819
1.66	0.1917794453
1.67	-0.09541335404
1.68	-0.379712433
1.69	-0.6610390063
1.7	-0.9393161971
1.71	-1.214469048
1.72	-1.486424528
1.73	-1.755111546
1.74	-2.020460951
1.75	-2.282405547
1.76	-2.54088009
1.77	-2.795821304
1.78	-3.047167876
1.79	-3.294860464
1.8	-3.538841698
1.81	-3.779056186
1.82	-4.015450511
1.83	-4.247973232
1.84	-4.476574887
1.85	-4.701207987
1.86	-4.921827021
1.87	-5.138388446
1.88	-5.35085069
1.89	-5.559174146
1.9	-5.763321164
1.91	-5.963256054
1.92	-6.158945071
1.93	-6.350356414
1.94	-6.537460216
1.95	-6.720228538
1.96	-6.898635361
1.97	-7.072656573
1.98	-7.242269961
1.99	-7.407455203
2	-7.568193855
2.01	-7.724469337
2.02	-7.876266923
2.03	-8.02357373
2.04	-8.166378701
2.05	-8.304672593
2.06	-8.438447962
2.07	-8.567699147
2.08	-8.692422256
2.09	-8.81261515
2.1	-8.928277423
2.11	-9.03941039
2.12	-9.146017066
2.13	-9.248102148
2.14	-9.345671997
2.15	-9.438734622
2.16	-9.527299655
2.17	-9.611378334
2.18	-9.690983485
2.19	-9.766129497
2.2	-9.836832305
2.21	-9.903109364
2.22	-9.964979634
2.23	-10.02246355
2.24	-10.07558301
2.25	-10.12436133
2.26	-10.16882325
2.27	-10.20899491
2.28	-10.24490378
2.29	-10.27657869
2.3	-10.3040498
2.31	-10.32734852
2.32	-10.34650756
2.33	-10.36156086
2.34	-10.37254358
2.35	-10.37949207
2.36	-10.38244383
2.37	-10.38143752
2.38	-10.3765129
2.39	-10.36771082
2.4	-10.3550732
2.41	-10.33864298
2.42	-10.31846412
2.43	-10.29458155
2.44	-10.26704116
2.45	-10.23588976
2.46	-10.20117509
2.47	-10.16294572
2.48	-10.12125109
2.49	-10.07614146
2.5	-10.02766789
2.51	-9.975882181
2.52	-9.920836889
2.53	-9.862585277
2.54	-9.80118129
2.55	-9.736679529
2.56	-9.669135227
2.57	-9.598604214
2.58	-9.525142899
2.59	-9.448808236
2.6	-9.3696577
2.61	-9.28774926
2.62	-9.203141352
2.63	-9.115892851
2.64	-9.026063046
2.65	-8.933711614
2.66	-8.83889859
2.67	-8.741684345
2.68	-8.642129557
2.69	-8.540295186
2.7	-8.436242449
2.71	-8.330032792
2.72	-8.221727866
2.73	-8.111389503
2.74	-7.999079686
2.75	-7.88486053
2.76	-7.768794254
2.77	-7.650943157
2.78	-7.531369591
2.79	-7.410135943
2.8	-7.287304605
2.81	-7.162937954
2.82	-7.037098326
2.83	-6.909847995
2.84	-6.78124915
2.85	-6.65136387
2.86	-6.520254104
2.87	-6.387981647
2.88	-6.254608119
2.89	-6.120194946
2.9	-5.984803333
2.91	-5.848494248
2.92	-5.7113284
2.93	-5.573366216
2.94	-5.434667825
2.95	-5.295293036
2.96	-5.155301317
2.97	-5.014751781
2.98	-4.873703161
2.99	-4.732213797
3	-4.590341612
3.01	-4.4481441
3.02	-4.305678306
3.03	-4.163000807
3.04	-4.0201677
3.05	-3.877234581
3.06	-3.73425653
3.07	-3.591288097
3.08	-3.448383285
3.09	-3.305595537
3.1	-3.162977718
3.11	-3.020582103
3.12	-2.878460365
3.13	-2.736663557
3.14	-2.595242101
3.15	-2.454245775
3.16	-2.313723704
3.17	-2.173724341
3.18	-2.034295461
3.19	-1.895484147
3.2	-1.75733678
3.21	-1.619899028
3.22	-1.483215838
3.23	-1.347331421
3.24	-1.212289249
3.25	-1.07813204
3.26	-0.944901754
3.27	-0.8126395821
3.28	-0.6813859392
3.29	-0.5511804564
3.3	-0.4220619738
3.31	-0.294068534
3.32	-0.1672373751
3.33	-0.04160492494
3.34	0.08279320472
3.35	0.2059222235
3.36	0.3277481673
3.37	0.4482379034
3.38	0.5673591339
3.39	0.6850804006
3.4	0.8013710876
3.41	0.9162014253
3.42	1.029542493
3.43	1.14136622
3.44	1.251645392
3.45	1.360353647
3.46	1.46746548
3.47	1.572956246
3.48	1.676802157
3.49	1.778980285
3.5	1.87946856
3.51	1.978245771
3.52	2.075291567
3.53	2.170586455
3.54	2.264111795
3.55	2.355849806
3.56	2.445783559
3.57	2.533896975
3.58	2.620174824
3.59	2.704602725
3.6	2.787167135
3.61	2.867855357
3.62	2.946655524
3.63	3.023556607
3.64	3.098548402
3.65	3.171621529
3.66	3.24276743
3.67	3.311978359
3.68	3.37924738
3.69	3.44456836
3.7	3.507935966
3.71	3.569345656
3.72	3.628793674
3.73	3.686277044
3.74	3.741793563
3.75	3.795341794
3.76	3.84692106
3.77	3.896531434
3.78	3.944173734
3.79	3.989849516
3.8	4.033561064
3.81	4.07531138
3.82	4.115104181
3.83	4.152943889
3.84	4.188835617
3.85	4.222785166
3.86	4.254799017
3.87	4.284884314
3.88	4.313048864
3.89	4.33930112
3.9	4.363650176
3.91	4.386105757
3.92	4.406678205
3.93	4.425378472
3.94	4.442218112
3.95	4.457209266
3.96	4.470364654
3.97	4.481697564
3.98	4.491221842
3.99	4.49895188
4	4.504902605
4.01	4.509089472
4.02	4.511528445
4.03	4.512235994
4.04	4.51122908
4.05	4.508525141
4.06	4.504142088
4.07	4.498098287
4.08	4.490412548
4.09	4.481104118
4.1	4.470192665
4.11	4.457698268
4.12	4.443641406
4.13	4.428042945
4.14	4.410924126
4.15	4.392306554
4.16	4.372212188
4.17	4.350663326
4.18	4.327682593
4.19	4.303292934
4.2	4.277517596
4.21	4.250380121
4.22	4.22190433
4.23	4.192114316
4.24	4.161034427
4.25	4.128689258
4.26	4.09510364
4.27	4.060302623
4.28	4.024311468
4.29	3.987155639
4.3	3.948860782
4.31	3.909452721
4.32	3.868957447
4.33	3.827401099
4.34	3.784809961
4.35	3.741210444
4.36	3.696629082
4.37	3.651092513
4.38	3.604627472
4.39	3.557260779
4.4	3.509019331
4.41	3.459930086
4.42	3.410020054
4.43	3.359316289
4.44	3.307845874
4.45	3.255635914
4.46	3.202713524
4.47	3.149105818
4.48	3.094839901
4.49	3.039942856
4.5	2.984441735
4.51	2.928363552
4.52	2.871735267
4.53	2.814583782
4.54	2.75693593
4.55	2.698818463
4.56	2.640258045
4.57	2.581281244
4.58	2.521914518
4.59	2.462184212
4.6	2.402116546
4.61	2.341737606
4.62	2.281073336
4.63	2.22014953
4.64	2.158991825
4.65	2.097625691
4.66	2.036076421
4.67	1.974369128
4.68	1.912528734
4.69	1.850579964
4.7	1.788547339
4.71	1.726455164
4.72	1.664327529
4.73	1.602188295
4.74	1.54006109
4.75	1.477969305
4.76	1.415936082
4.77	1.353984312
4.78	1.292136627
4.79	1.230415393
4.8	1.168842709
4.81	1.107440395
4.82	1.04622999
4.83	0.985232747
4.84	0.924469626
4.85	0.8639612902
4.86	0.8037281007
4.87	0.7437901119
4.88	0.6841670669
4.89	0.6248783933
4.9	0.5659431987
4.91	0.5073802671
4.92	0.4492080544
4.93	0.3914446852
4.94	0.3341079491
4.95	0.277215297
4.96	0.2207838384
4.97	0.1648303379
4.98	0.1093712125
4.99	0.05442252868
5	1.055513874e-15
5.01	-0.05388101547
5.02	-0.1072055174
5.03	-0.1599588652
5.04	-0.2121267803
5.05	-0.2636953474
5.06	-0.3146510168
5.07	-0.3649806053
5.08	-0.414671298
5.09	-0.4637106489
5.1	-0.5120865827
5.11	-0.5597873951
5.12	-0.6068017537
5.13	-0.6531186988
5.14	-0.6987276434
5.15	-0.7436183738
5.16	-0.7877810499
5.17	-0.8312062048
5.18	-0.873884745
5.19	-0.9158079499
5.2	-0.9569674715
5.21	-0.9973553339
5.22	-1.036963933
5.23	-1.075786033
5.24	-1.113814772
5.25	-1.151043652
5.26	-1.187466546
5.27	-1.22307769
5.28	-1.257871687
5.29	-1.2918435
5.3	-1.324988457
5.31	-1.357302242
5.32	-1.388780898
5.33	-1.419420824
5.34	-1.449218771
5.35	-1.478171841
5.36	-1.506277485
5.37	-1.5335335
5.38	-1.559938026
5.39	-1.585489544
5.4	-1.610186874
5.41	-1.634029168
5.42	-1.657015914
5.43	-1.679146925
5.44	-1.700422342
5.45	-1.720842628
5.46	-1.740408564
5.47	-1.759121248
5.48	-1.776982089
5.49	-1.793992804
5.5	-1.810155415
5.51	-1.825472245
5.52	-1.839945914
5.53	-1.853579335
5.54	-1.866375709
5.55	-1.878338523
5.56	-1.889471545
5.57	-1.899778818
5.58	-1.909264658
5.59	-1.91793365
5.6	-1.92579064
5.61	-1.932840736
5.62	-1.939089298
5.63	-1.944541937
5.64	-1.94920451
5.65	-1.953083113
5.66	-1.956184079
5.67	-1.958513973
5.68	-1.960079585
5.69	-1.960887928
5.7	-1.960946231
5.71	-1.960261934
5.72	-1.958842686
5.73	-1.956696336
5.74	-1.953830932
5.75	-1.950254712
5.76	-1.945976103
5.77	-1.941003712
5.78	-1.935346324
5.79	-1.929012896
5.8	-1.922012551
5.81	-1.914354573
5.82	-1.906048405
5.83	-1.897103638
5.84	-1.887530012
5.85	-1.877337407
5.86	-1.866535838
5.87	-1.855135452
5.88	-1.843146521
5.89	-1.830579438
5.9	-1.817444711
5.91	-1.803752958
5.92	-1.789514903
5.93	-1.774741369
5.94	-1.759443274
5.95	-1.743631627
5.96	-1.727317522
5.97	-1.710512129
5.98	-1.693226698
5.99	-1.675472545
6	-1.657261053
6.01	-1.638603663
6.02	-1.619511871
6.03	-1.599997226
6.04	-1.580071317
6.05	-1.559745778
6.06	-1.539032276
6.07	-1.517942509
6.08	-1.496488201
6.09	-1.474681099
6.1	-1.452532963
6.11	-1.430055569
6.12	-1.407260697
6.13	-1.384160133
6.14	-1.36076566
6.15	-1.337089053
6.16	-1.31314208
6.17	-1.288936492
6.18	-1.264484022
6.19	-1.239796379
6.2	-1.214885246
6.21	-1.189762271
6.22	-1.16443907
6.23	-1.138927217
6.24	-1.113238242
6.25	-1.08738363
6.26	-1.061374811
6.27	-1.035223161
6.28	-1.008939997
6.29	-0.9825365739
6.3	-0.9560240787
6.31	-0.9294136291
6.32	-0.9027162692
6.33	-0.8759429659
6.34	-0.8491046058
6.35	-0.8222119919
6.36	-0.7952758402
6.37	-0.7683067765
6.38	-0.7413153332
6.39	-0.7143119466
6.4	-0.6873069536
6.41	-0.6603105888
6.42	-0.6333329817
6.43	-0.6063841541
6.44	-0.5794740168
6.45	-0.5526123678
6.46	-0.5258088889
6.47	-0.4990731437
6.48	-0.4724145751
6.49	-0.4458425027
6.5	-0.4193661207
6.51	-0.3929944956
6.52	-0.3667365639
6.53	-0.3406011305
6.54	-0.3145968659
6.55	-0.2887323052
6.56	-0.2630158452
6.57	-0.2374557434
6.58	-0.212060116
6.59	-0.1868369361
6.6	-0.1617940322
6.61	-0.1369390867
6.62	-0.1122796345
6.63	-0.08782306152
6.64	-0.06357660336
6.65	-0.0395473442
6.66	-0.0157422155
6.67	0.007832005035
6.68	0.03116869454
6.69	0.05426138592
6.7	0.07710376875
6.71	0.09968969011
6.72	0.1220131554
6.73	0.1440683288
6.74	0.1658495344
6.75	0.1873512561
6.76	0.2085681387
6.77	0.2294949879
6.78	0.2501267709
6.79	0.2704586166
6.8	0.2904858159
6.81	0.3102038219
6.82	0.3296082497
6.83	0.3486948769
6.84	0.3674596434
6.85	0.3858986512
6.86	0.4040081642
6.87	0.4217846085
6.88	0.4392245715
6.89	0.4563248021
6.9	0.4730822099
6.91	0.489493865
6.92	0.5055569977
6.93	0.5212689975
6.94	0.5366274128
6.95	0.5516299503
6.96	0.5662744741
6.97	0.580559005
6.98	0.5944817198
6.99	0.6080409502
7	0.6212351822
7.01	0.6340630549
7.02	0.6465233595
7.03	0.6586150386
7.04	0.6703371845
7.05	0.6816890384
7.06	0.6926699893
7.07	0.7032795727
7.08	0.7135174689
7.09	0.7233835024
7.1	0.73287764
7.11	0.7419999894
7.12	0.7507507983
7.13	0.7591304521
7.14	0.767139473
7.15	0.7747785185
7.16	0.7820483791
7.17	0.7889499773
7.18	0.795484366
7.19	0.8016527263
7.2	0.8074563662
7.21	0.8128967185
7.22	0.8179753395
7.23	0.8226939067
7.24	0.8270542171
7.25	0.8310581857
7.26	0.8347078428
7.27	0.838005333
7.28	0.8409529126
7.29	0.843552948
7.3	0.8458079133
7.31	0.8477203889
7.32	0.8492930588
7.33	0.8505287091
7.34	0.8514302257
7.35	0.8520005921
7.36	0.8522428874
7.37	0.8521602844
7.38	0.851756047
7.39	0.8510335286
7.4	0.8499961696
7.41	0.8486474951
7.42	0.8469911131
7.43	0.8450307122
7.44	0.8427700593
7.45	0.8402129972
7.46	0.8373634429
7.47	0.834225385
7.48	0.8308028817
7.49	0.8271000582
7.5	0.823121105
7.51	0.8188702751
7.52	0.8143518824
7.53	0.8095702989
7.54	0.8045299527
7.55	0.7992353258
7.56	0.7936909518
7.57	0.7879014137
7.58	0.7818713418
7.59	0.7756054111
7.6	0.7691083394
7.61	0.7623848852
7.62	0.7554398452
7.63	0.7482780521
7.64	0.7409043727
7.65	0.7333237055
7.66	0.7255409786
7.67	0.7175611474
7.68	0.7093891928
7.69	0.7010301186
7.7	0.6924889498
7.71	0.6837707303
7.72	0.6748805206
7.73	0.6658233962
7.74	0.656604445
7.75	0.6472287658
7.76	0.6377014657
7.77	0.6280276585
7.78	0.6182124625
7.79	0.6082609987
7.8	0.5981783885
7.81	0.5879697521
7.82	0.5776402064
7.83	0.5671948632
7.84	0.5566388272
7.85	0.5459771941
7.86	0.5352150491
7.87	0.5243574647
7.88	0.5134094989
7.89	0.5023761937
7.9	0.4912625734
7.91	0.4800736423
7.92	0.4688143838
7.93	0.4574897582
7.94	0.4461047009
7.95	0.4346641215
7.96	0.4231729015
7.97	0.411635893
7.98	0.4000579173
7.99	0.388443763
8	0.3767981849
8.01	0.3651259023
8.02	0.3534315978
8.03	0.3417199155
8.04	0.3299954602
8.05	0.3182627952
8.06	0.3065264421
8.07	0.2947908785
8.08	0.2830605372
8.09	0.2713398051
8.1	0.2596330216
8.11	0.2479444778
8.12	0.2362784151
8.13	0.2246390243
8.14	0.2130304443
8.15	0.2014567611
8.16	0.1899220071
8.17	0.1784301596
8.18	0.1669851401
8.19	0.1555908136
8.2	0.1442509871
8.21	0.1329694095
8.22	0.12174977
8.23	0.1105956979
8.24	0.09951076132
8.25	0.08849846702
8.26	0.07756225918
8.27	0.06670551898
8.28	0.05593156388
8.29	0.045243647
8.3	0.03464495654
8.31	0.02413861521
8.32	0.01372767971
8.33	0.003415140206
8.34	-0.006796080095
8.35	-0.01690312543
8.36	-0.02690320787
8.37	-0.03679360768
8.38	-0.04657167373
8.39	-0.05623482374
8.4	-0.06578054462
8.41	-0.07520639273
8.42	-0.0845099941
8.43	-0.09368904462
8.44	-0.1027413103
8.45	-0.1116646272
8.46	-0.1204569019
8.47	-0.1291161113
8.48	-0.1376403028
8.49	-0.1460275943
8.5	-0.1542761741
8.51	-0.1623843014
8.52	-0.1703503055
8.53	-0.1781725861
8.54	-0.1858496136
8.55	-0.1933799281
8.56	-0.2007621401
8.57	-0.2079949297
8.58	-0.2150770468
8.59	-0.2220073109
8.6	-0.2287846105
8.61	-0.235407903
8.62	-0.2418762147
8.63	-0.2481886399
8.64	-0.2543443413
8.65	-0.2603425489
8.66	-0.26618256
8.67	-0.271863739
8.68	-0.2773855165
8.69	-0.2827473891
8.7	-0.2879489189
8.71	-0.2929897333
8.72	-0.2978695237
8.73	-0.3025880461
8.74	-0.3071451195
8.75	-0.311540626
8.76	-0.3157745099
8.77	-0.3198467774
8.78	-0.3237574956
8.79	-0.3275067921
8.8	-0.3310948543
8.81	-0.334521929
8.82	-0.3377883211
8.83	-0.3408943934
8.84	-0.3438405658
8.85	-0.3466273146
8.86	-0.3492551714
8.87	-0.351724723
8.88	-0.35403661
8.89	-0.3561915265
8.9	-0.3581902187
8.91	-0.360033485
8.92	-0.3617221744
8.93	-0.3632571858
8.94	-0.3646394676
8.95	-0.3658700165
8.96	-0.3669498765
8.97	-0.3678801384
8.98	-0.3686619387
8.99	-0.3692964588
9	-0.3697849242
9.01	-0.3701286031
9.02	-0.3703288062
9.03	-0.3703868854
9.04	-0.3703042328
9.05	-0.37008228
9.06	-0.3697224971
9.07	-0.3692263917
9.08	-0.3685955078
9.09	-0.3678314253
9.1	-0.3669357587
9.11	-0.3659101562
9.12	-0.3647562987
9.13	-0.363475899
9.14	-0.3620707008
9.15	-0.3605424775
9.16	-0.3588930315
9.17	-0.3571241931
9.18	-0.3552378197
9.19	-0.3532357946
9.2	-0.351120026
9.21	-0.3488924464
9.22	-0.3465550111
9.23	-0.3441096978
9.24	-0.3415585052
9.25	-0.3389034521
9.26	-0.3361465766
9.27	-0.3332899352
9.28	-0.3303356013
9.29	-0.3272856651
9.3	-0.3241422318
9.31	-0.3209074213
9.32	-0.3175833667
9.33	-0.3141722139
9.34	-0.3106761204
9.35	-0.3070972542
9.36	-0.3034377931
9.37	-0.2996999239
9.38	-0.295885841
9.39	-0.2919977462
9.4	-0.288037847
9.41	-0.2840083564
9.42	-0.2799114915
9.43	-0.2757494729
9.44	-0.271524524
9.45	-0.2672388695
9.46	-0.2628947352
9.47	-0.2584943468
9.48	-0.254039929
9.49	-0.2495337051
9.5	-0.2449778957
9.51	-0.2403747181
9.52	-0.2357263854
9.53	-0.2310351059
9.54	-0.226303082
9.55	-0.2215325098
9.56	-0.216725578
9.57	-0.2118844673
9.58	-0.2070113497
9.59	-0.2021083877
9.6	-0.1971777334
9.61	-0.1922215281
9.62	-0.1872419016
9.63	-0.1822409711
9.64	-0.177220841
9.65	-0.1721836019
9.66	-0.1671313302
9.67	-0.1620660871
9.68	-0.1569899185
9.69	-0.1519048538
9.7	-0.1468129058
9.71	-0.1417160698
9.72	-0.1366163229
9.73	-0.131515624
9.74	-0.1264159125
9.75	-0.1213191084
9.76	-0.1162271114
9.77	-0.1111418004
9.78	-0.1060650332
9.79	-0.1009986459
9.8	-0.09594445217
9.81	-0.09090424329
9.82	-0.0858797873
9.83	-0.08087282868
9.84	-0.07588508798
9.85	-0.07091826132
9.86	-0.06597402004
9.87	-0.06105401031
9.88	-0.05615985274
9.89	-0.05129314205
9.9	-0.04645544669
9.91	-0.04164830853
9.92	-0.03687324253
9.93	-0.03213173645
9.94	-0.02742525054
9.95	-0.02275521727
9.96	-0.01812304107
9.97	-0.01353009806
9.98	-0.008977735827
9.99	-0.004467273192
10	-1.732837097e-16
10.01	0.004422823081
10.02	0.008799964747
10.03	0.01313022323
10.04	0.01741242647
10.05	0.02164543223
10.06	0.02582812828
10.07	0.02995943249
10.08	0.03403829292
10.09	0.03806368798
10.1	0.04203462644
10.11	0.04595014756
10.12	0.04980932112
10.13	0.05361124749
10.14	0.05735505764
10.15	0.06103991319
10.16	0.0646650064
10.17	0.06822956018
10.18	0.07173282809
10.19	0.0751740943
10.2	0.07855267358
10.21	0.08186791121
10.22	0.08511918297
10.23	0.08830589507
10.24	0.09142748402
10.25	0.09448341662
10.26	0.09747318979
10.27	0.1003963305
10.28	0.1032523957
10.29	0.1060409719
10.3	0.1087616757
10.31	0.1114141527
10.32	0.1139980781
10.33	0.1165131564
10.34	0.1189591208
10.35	0.1213357335
10.36	0.1236427853
10.37	0.1258800952
10.38	0.1280475107
10.39	0.130144907
10.4	0.1321721873
10.41	0.134129282
10.42	0.136016149
10.43	0.137832773
10.44	0.1395791656
10.45	0.1412553648
10.46	0.1428614346
10.47	0.1443974652
10.48	0.1458635723
10.49	0.1472598968
10.5	0.1485866047
10.51	0.1498438867
10.52	0.1510319578
10.53	0.1521510571
10.54	0.1532014475
10.55	0.1541834151
10.56	0.1550972692
10.57	0.1559433417
10.58	0.1567219868
10.59	0.157433581
10.6	0.1580785221
10.61	0.1586572292
10.62	0.1591701424
10.63	0.1596177222
10.64	0.1600004495
10.65	0.1603188246
10.66	0.1605733674
10.67	0.1607646168
10.68	0.1608931301
10.69	0.1609594829
10.7	0.1609642687
10.71	0.1609080982
10.72	0.1607915992
10.73	0.1606154161
10.74	0.1603802094
10.75	0.1600866554
10.76	0.1597354457
10.77	0.159327287
10.78	0.1588629003
10.79	0.1583430209
10.8	0.1577683976
10.81	0.1571397925
10.82	0.1564579807
10.83	0.1557237495
10.84	0.1549378985
10.85	0.1541012385
10.86	0.1532145917
10.87	0.152278791
10.88	0.1512946796
10.89	0.1502631106
10.9	0.1491849466
10.91	0.1480610591
10.92	0.1468923283
10.93	0.1456796428
10.94	0.1444238987
10.95	0.1431259997
10.96	0.1417868564
10.97	0.1404073858
10.98	0.1389885112
10.99	0.1375311616
11	0.1360362713
11.01	0.1345047794
11.02	0.1329376297
11.03	0.1313357701
11.04	0.1297001519
11.05	0.12803173
11.06	0.1263314622
11.07	0.1246003087
11.08	0.1228392319
11.09	0.121049196
11.1	0.1192311663
11.11	0.1173861094
11.12	0.1155149924
11.13	0.1136187826
11.14	0.1116984473
11.15	0.1097549531
11.16	0.1077892658
11.17	0.1058023502
11.18	0.1037951692
11.19	0.1017686841
11.2	0.09972385372
11.21	0.09766163439
11.22	0.09558297946
11.23	0.09348883902
11.24	0.0913801596
11.25	0.08925788376
11.26	0.08712294986
11.27	0.08497629172
11.28	0.08281883827
11.29	0.08065151331
11.3	0.07847523518
11.31	0.07629091647
11.32	0.07409946371
11.33	0.07190177715
11.34	0.0696987504
11.35	0.06749127023
11.36	0.06528021625
11.37	0.06306646069
11.38	0.0608508681
11.39	0.05863429515
11.4	0.05641759034
11.41	0.05420159377
11.42	0.05198713693
11.43	0.04977504245
11.44	0.04756612387
11.45	0.04536118545
11.46	0.04316102192
11.47	0.04096641832
11.48	0.03877814975
11.49	0.03659698122
11.5	0.03442366744
11.51	0.03225895263
11.52	0.03010357034
11.53	0.02795824332
11.54	0.02582368331
11.55	0.02370059087
11.56	0.02158965529
11.57	0.01949155437
11.58	0.01740695433
11.59	0.01533650964
11.6	0.01328086291
11.61	0.01124064475
11.62	0.009216473645
11.63	0.007208955884
11.64	0.005218685399
11.65	0.003246243694
11.66	0.001292199738
11.67	-0.0006428901226
11.68	-0.002558482249
11.69	-0.004454045788
11.7	-0.006329062751
11.71	-0.008183028076
11.72	-0.01001544969
11.73	-0.01182584857
11.74	-0.0136137588
11.75	-0.0153787276
11.76	-0.01712031538
11.77	-0.01883809577
11.78	-0.02053165565
11.79	-0.02220059517
11.8	-0.0238445278
11.81	-0.02546308029
11.82	-0.02705589272
11.83	-0.02862261849
11.84	-0.03016292432
11.85	-0.03167649025
11.86	-0.03316300961
11.87	-0.03462218901
11.88	-0.03605374835
11.89	-0.03745742075
11.9	-0.03883295255
11.91	-0.04018010323
11.92	-0.04149864546
11.93	-0.04278836494
11.94	-0.04404906044
11.95	-0.04528054371
11.96	-0.04648263943
11.97	-0.04765518513
11.98	-0.04879803115
11.99	-0.04991104056
12	-0.05099408907
12.01	-0.05204706499
12.02	-0.05306986908
12.03	-0.05406241454
12.04	-0.05502462686
12.05	-0.05595644378
12.06	-0.05685781512
12.07	-0.05772870276
12.08	-0.05856908046
12.09	-0.0593789338
12.1	-0.06015826007
12.11	-0.06090706811
12.12	-0.06162537824
12.13	-0.06231322211
12.14	-0.06297064259
12.15	-0.06359769362
12.16	-0.06419444012
12.17	-0.0647609578
12.18	-0.06529733309
12.19	-0.06580366294
12.2	-0.06628005471
12.21	-0.06672662602
12.22	-0.06714350462
12.23	-0.0675308282
12.24	-0.06788874428
12.25	-0.06821741003
12.26	-0.06851699213
12.27	-0.06878766661
12.28	-0.06902961868
12.29	-0.06924304257
12.3	-0.0694281414
12.31	-0.06958512695
12.32	-0.06971421956
12.33	-0.06981564792
12.34	-0.06988964891
12.35	-0.06993646743
12.36	-0.06995635624
12.37	-0.06994957577
12.38	-0.06991639395
12.39	-0.06985708603
12.4	-0.06977193441
12.41	-0.06966122847
12.42	-0.06952526436
12.43	-0.06936434485
12.44	-0.06917877915
12.45	-0.06896888272
12.46	-0.06873497706
12.47	-0.06847738958
12.48	-0.0681964534
12.49	-0.06789250714
12.5	-0.06756589477
12.51	-0.06721696541
12.52	-0.06684607315
12.53	-0.06645357687
12.54	-0.06603984006
12.55	-0.06560523062
12.56	-0.06515012068
12.57	-0.06467488646
12.58	-0.06417990801
12.59	-0.0636655691
12.6	-0.06313225698
12.61	-0.06258036226
12.62	-0.06201027865
12.63	-0.06142240288
12.64	-0.06081713441
12.65	-0.06019487536
12.66	-0.05955603023
12.67	-0.0589010058
12.68	-0.05823021091
12.69	-0.05754405632
12.7	-0.05684295449
12.71	-0.05612731945
12.72	-0.0553975666
12.73	-0.05465411256
12.74	-0.05389737496
12.75	-0.05312777235
12.76	-0.05234572393
12.77	-0.05155164948
12.78	-0.05074596914
12.79	-0.04992910324
12.8	-0.04910147219
12.81	-0.04826349629
12.82	-0.04741559555
12.83	-0.04655818957
12.84	-0.04569169736
12.85	-0.04481653723
12.86	-0.04393312657
12.87	-0.04304188177
12.88	-0.04214321801
12.89	-0.04123754917
12.9	-0.04032528766
12.91	-0.03940684427
12.92	-0.03848262805
12.93	-0.03755304617
12.94	-0.03661850376
12.95	-0.03567940382
12.96	-0.03473614704
12.97	-0.03378913171
12.98	-0.03283875359
12.99	-0.03188540575
13	-0.03092947849
13.01	-0.02997135919
13.02	-0.02901143222
13.03	-0.0280500788
13.04	-0.02708767689
13.05	-0.02612460111
13.06	-0.02516122258
13.07	-0.02419790885
13.08	-0.02323502381
13.09	-0.02227292753
13.1	-0.02131197622
13.11	-0.02035252212
13.12	-0.01939491338
13.13	-0.018439494
13.14	-0.01748660372
13.15	-0.01653657796
13.16	-0.01558974769
13.17	-0.0146464394
13.18	-0.013706975
13.19	-0.01277167172
13.2	-0.01184084208
13.21	-0.0109147938
13.22	-0.009993829704
13.23	-0.009078247707
13.24	-0.008168340706
13.25	-0.007264396543
13.26	-0.006366697938
13.27	-0.005475522434
13.28	-0.004591142344
13.29	-0.003713824702
13.3	-0.00284383121
13.31	-0.001981418196
13.32	-0.00112683657
13.33	-0.0002803317791
13.34	0.0005578562253
13.35	0.001387493028
13.36	0.002208349781
13.37	0.003020203236
13.38	0.003822835774
13.39	0.004616035429
13.4	0.005399595915
13.41	0.006173316644
13.42	0.006937002749
13.43	0.007690465099
13.44	0.008433520312
13.45	0.00916599077
13.46	0.009887704628
13.47	0.01059849582
13.48	0.01129820407
13.49	0.01198667487
13.5	0.01266375954
13.51	0.01332931516
13.52	0.01398320459
13.53	0.01462529649
13.54	0.01525546528
13.55	0.01587359113
13.56	0.01647955999
13.57	0.01707326352
13.58	0.01765459909
13.59	0.01822346981
13.6	0.01877978444
13.61	0.01932345739
13.62	0.01985440875
13.63	0.02037256417
13.64	0.02087785491
13.65	0.02137021777
13.66	0.02184959508
13.67	0.02231593464
13.68	0.02276918974
13.69	0.02320931904
13.7	0.02363628662
13.71	0.02405006185
13.72	0.02445061945
13.73	0.02483793935
13.74	0.02521200671
13.75	0.02557281185
13.76	0.02592035021
13.77	0.02625462228
13.78	0.02657563358
13.79	0.02688339458
13.8	0.02717792066
13.81	0.02745923208
13.82	0.02772735387
13.83	0.02798231581
13.84	0.02822415237
13.85	0.02845290264
13.86	0.02866861027
13.87	0.02887132341
13.88	0.02906109465
13.89	0.02923798096
13.9	0.02940204361
13.91	0.02955334812
13.92	0.02969196418
13.93	0.0298179656
13.94	0.0299314302
13.95	0.0300324398
13.96	0.03012108011
13.97	0.03019744065
13.98	0.03026161473
13.99	0.03031369932
14	0.03035379499
14.01	0.03038200587
14.02	0.03039843955
14.03	0.03040320698
14.04	0.03039642244
14.05	0.03037820345
14.06	0.03034867067
14.07	0.03030794785
14.08	0.03025616175
14.09	0.03019344204
14.1	0.03011992125
14.11	0.03003573467
14.12	0.02994102028
14.13	0.02983591867
14.14	0.02972057297
14.15	0.02959512877
14.16	0.02945973399
14.17	0.0293145389
14.18	0.02915969594
14.19	0.02899535971
14.2	0.02882168685
14.21	0.02863883598
14.22	0.02844696761
14.23	0.02824624407
14.24	0.02803682943
14.25	0.0278188894
14.26	0.02759259128
14.27	0.02735810387
14.28	0.02711559738
14.29	0.02686524337
14.3	0.02660721465
14.31	0.02634168523
14.32	0.02606883022
14.33	0.02578882575
14.34	0.02550184892
14.35	0.02520807769
14.36	0.02490769083
14.37	0.02460086784
14.38	0.02428778886
14.39	0.02396863459
14.4	0.02364358627
14.41	0.02331282554
14.42	0.02297653439
14.43	0.02263489511
14.44	0.02228809018
14.45	0.02193630224
14.46	0.02157971398
14.47	0.0212185081
14.48	0.02085286722
14.49	0.02048297384
14.5	0.02010901023
14.51	0.01973115841
14.52	0.01934960002
14.53	0.01896451635
14.54	0.01857608818
14.55	0.01818449576
14.56	0.01778991877
14.57	0.01739253621
14.58	0.01699252636
14.59	0.01659006672
14.6	0.01618533397
14.61	0.01577850387
14.62	0.01536975124
14.63	0.01495924986
14.64	0.01454717249
14.65	0.01413369073
14.66	0.01371897501
14.67	0.01330319454
14.68	0.01288651724
14.69	0.01246910972
14.7	0.01205113717
14.71	0.01163276339
14.72	0.01121415068
14.73	0.01079545981
14.74	0.01037685
14.75	0.009958478846
14.76	0.009540502278
14.77	0.009123074534
14.78	0.008706348107
14.79	0.008290473708
14.8	0.007875600224
14.81	0.007461874686
14.82	0.007049442222
14.83	0.006638446031
14.84	0.006229027342
14.85	0.005821325383
14.86	0.005415477344
14.87	0.005011618352
14.88	0.004609881435
14.89	0.004210397495
14.9	0.003813295278
14.91	0.003418701348
14.92	0.003026740062
14.93	0.002637533542
14.94	0.002251201653
14.95	0.001867861978
14.96	0.001487629801
14.97	0.001110618081
14.98	0.000736937433
14.99	0.0003666961138
15	2.133598961e-17
15.01	-0.0003630474265
15.02	-0.0007223450941
15.03	-0.001077794356
15.04	-0.001429299003
15.05	-0.001776765275
15.06	-0.002120101875
15.07	-0.002459219975
15.08	-0.002794033228
15.09	-0.003124457775
15.1	-0.003450412253
15.11	-0.003771817799
15.12	-0.004088598056
15.13	-0.004400679177
15.14	-0.004707989828
15.15	-0.00501046119
15.16	-0.005308026961
15.17	-0.005600623353
15.18	-0.005888189095
15.19	-0.006170665428
15.2	-0.006447996103
15.21	-0.006720127379
15.22	-0.006987008017
15.23	-0.007248589275
15.24	-0.0075048249
15.25	-0.007755671123
15.26	-0.00800108665
15.27	-0.008241032652
15.28	-0.008475472756
15.29	-0.008704373036
15.3	-0.008927701997
15.31	-0.009145430569
15.32	-0.009357532087
15.33	-0.009563982284
15.34	-0.009764759269
15.35	-0.009959843519
15.36	-0.01014921786
15.37	-0.01033286744
15.38	-0.01051077974
15.39	-0.01068294452
15.4	-0.01084935381
15.41	-0.01101000193
15.42	-0.0111648854
15.43	-0.01131400298
15.44	-0.01145735562
15.45	-0.01159494642
15.46	-0.01172678066
15.47	-0.01185286574
15.48	-0.01197321113
15.49	-0.01208782843
15.5	-0.01219673124
15.51	-0.01229993523
15.52	-0.01239745805
15.53	-0.01248931932
15.54	-0.01257554061
15.55	-0.01265614542
15.56	-0.01273115913
15.57	-0.01280060899
15.58	-0.01286452407
15.59	-0.01292293528
15.6	-0.01297587527
15.61	-0.01302337844
15.62	-0.01306548092
15.63	-0.01310222051
15.64	-0.01313363668
15.65	-0.0131597705
15.66	-0.01318066464
15.67	-0.01319636335
15.68	-0.01320691236
15.69	-0.01321235893
15.7	-0.01321275177
15.71	-0.01320814102
15.72	-0.0131985782
15.73	-0.01318411621
15.74	-0.01316480927
15.75	-0.01314071289
15.76	-0.01311188384
15.77	-0.01307838014
15.78	-0.01304026096
15.79	-0.01299758665
15.8	-0.0129504187
15.81	-0.01289881965
15.82	-0.01284285313
15.83	-0.01278258377
15.84	-0.01271807718
15.85	-0.01264939995
15.86	-0.01257661955
15.87	-0.01249980435
15.88	-0.01241902357
15.89	-0.01233434723
15.9	-0.01224584613
15.91	-0.01215359183
15.92	-0.01205765657
15.93	-0.01195811328
15.94	-0.01185503553
15.95	-0.01174849749
15.96	-0.01163857391
15.97	-0.01152534007
15.98	-0.01140887175
15.99	-0.01128924521
16	-0.01116653714
16.01	-0.01104082463
16.02	-0.01091218515
16.03	-0.0107806965
16.04	-0.01064643679
16.05	-0.01050948438
16.06	-0.0103699179
16.07	-0.01022781617
16.08	-0.01008325818
16.09	-0.009936323083
16.1	-0.00978709012
16.11	-0.009635638629
16.12	-0.009482047993
16.13	-0.009326397617
16.14	-0.009168766892
16.15	-0.009009235171
16.16	-0.008847881736
16.17	-0.008684785768
16.18	-0.008520026322
16.19	-0.008353682294
16.2	-0.008185832396
16.21	-0.008016555124
16.22	-0.007845928737
16.23	-0.007674031223
16.24	-0.007500940275
16.25	-0.007326733266
16.26	-0.00715148722
16.27	-0.006975278789
16.28	-0.006798184225
16.29	-0.006620279359
16.3	-0.006441639572
16.31	-0.006262339773
16.32	-0.006082454377
16.33	-0.005902057278
16.34	-0.005721221831
16.35	-0.005540020824
16.36	-0.005358526461
16.37	-0.005176810339
16.38	-0.004994943425
16.39	-0.004812996037
16.4	-0.004631037825
16.41	-0.00444913775
16.42	-0.004267364064
16.43	-0.004085784291
16.44	-0.003904465213
16.45	-0.003723472845
16.46	-0.003542872425
16.47	-0.003362728391
16.48	-0.003183104369
16.49	-0.003004063153
16.5	-0.002825666695
16.51	-0.002647976082
16.52	-0.00247105153
16.53	-0.002294952365
16.54	-0.002119737009
16.55	-0.001945462969
16.56	-0.001772186825
16.57	-0.001599964214
16.58	-0.001428849823
16.59	-0.001258897373
16.6	-0.001090159614
16.61	-0.0009226883084
16.62	-0.0007565342265
16.63	-0.0005917471338
16.64	-0.0004283757838
16.65	-0.0002664679092
16.66	-0.0001060702137
16.67	5.277163483e-05
16.68	0.0002100130119
16.69	0.0003656103424
16.7	0.0005195211072
16.71	0.0006717038483
16.72	0.0008221181741
16.73	0.000970724764
16.74	0.001117485373
16.75	0.001262362834
16.76	0.001405321064
16.77	0.001546325065
16.78	0.001685340925
16.79	0.001822335824
16.8	0.001957278032
16.81	0.002090136911
16.82	0.002220882917
16.83	0.0023494876
16.84	0.002475923602
16.85	0.002600164659
16.86	0.002722185598
16.87	0.002841962337
16.88	0.002959471884
16.89	0.003074692331
16.9	0.003187602856
16.91	0.003298183719
16.92	0.003406416255
16.93	0.003512282877
16.94	0.003615767066
16.95	0.003716853368
16.96	0.003815527394
16.97	0.003911775806
16.98	0.00400558632
16.99	0.004096947696
17	0.004185849731
17.01	0.004272283258
17.02	0.00435624013
17.03	0.004437713223
17.04	0.00451669642
17.05	0.004593184611
17.06	0.004667173676
17.07	0.004738660486
17.08	0.004807642889
17.09	0.004874119699
17.1	0.004938090695
17.11	0.004999556602
17.12	0.005058519088
17.13	0.005114980751
17.14	0.00516894511
17.15	0.005220416594
17.16	0.005269400529
17.17	0.005315903132
17.18	0.005359931497
17.19	0.005401493582
17.2	0.005440598199
17.21	0.005477255005
17.22	0.005511474484
17.23	0.00554326794
17.24	0.005572647481
17.25	0.005599626008
17.26	0.005624217205
17.27	0.005646435519
17.28	0.005666296154
17.29	0.005683815054
17.3	0.005699008891
17.31	0.00571189505
17.32	0.005722491617
17.33	0.005730817363
17.34	0.005736891734
17.35	0.005740734833
17.36	0.005742367406
17.37	0.005741810831
17.38	0.005739087101
17.39	0.00573421881
17.4	0.00572722914
17.41	0.005718141843
17.42	0.005706981229
17.43	0.005693772152
17.44	0.005678539992
17.45	0.005661310643
17.46	0.005642110497
17.47	0.00562096643
17.48	0.005597905784
17.49	0.005572956355
17.5	0.005546146379
17.51	0.005517504513
17.52	0.005487059822
17.53	0.005454841766
17.54	0.00542088018
17.55	0.005385205265
17.56	0.005347847567
17.57	0.005308837966
17.58	0.005268207661
17.59	0.005225988152
17.6	0.005182211228
17.61	0.00513690895
17.62	0.005090113638
17.63	0.005041857856
17.64	0.004992174395
17.65	0.004941096261
17.66	0.004888656659
17.67	0.00483488898
17.68	0.004779826783
17.69	0.004723503784
17.7	0.004665953841
17.71	0.00460721094
17.72	0.004547309178
17.73	0.004486282754
17.74	0.00442416595
17.75	0.00436099312
17.76	0.004296798677
17.77	0.004231617077
17.78	0.004165482807
17.79	0.004098430371
17.8	0.004030494278
17.81	0.003961709027
17.82	0.003892109095
17.83	0.003821728926
17.84	0.003750602915
17.85	0.003678765397
17.86	0.003606250634
17.87	0.003533092806
17.88	0.003459325992
17.89	0.003384984167
17.9	0.003310101182
17.91	0.003234710758
17.92	0.003158846471
17.93	0.003082541743
17.94	0.003005829831
17.95	0.002928743813
17.96	0.002851316582
17.97	0.00277358083
17.98	0.002695569043
17.99	0.002617313487
18	0.002538846199
18.01	0.002460198978
18.02	0.002381403374
18.03	0.00230249068
18.04	0.00222349192
18.05	0.002144437846
18.06	0.002065358921
18.07	0.001986285315
18.08	0.001907246897
18.09	0.001828273225
18.1	0.001749393539
18.11	0.00167063675
18.12	0.001592031438
18.13	0.00151360584
18.14	0.001435387843
18.15	0.001357404979
18.16	0.001279684418
18.17	0.001202252958
18.18	0.001125137024
18.19	0.001048362655
18.2	0.000971955506
18.21	0.0008959408338
18.22	0.0008203434975
18.23	0.0007451879505
18.24	0.0006704982356
18.25	0.0005962979803
18.26	0.0005226103915
18.27	0.0004494582514
18.28	0.000376863913
18.29	0.0003048492955
18.3	0.000233435881
18.31	0.0001626447099
18.32	9.249637828e-05
18.33	2.30110337e-05
18.34	-4.579162748e-05
18.35	-0.0001138923633
18.36	-0.0001812723887
18.37	-0.0002479133785
18.38	-0.0003137974692
18.39	-0.0003789072619
18.4	-0.0004432258232
18.41	-0.0005067366882
18.42	-0.0005694238611
18.43	-0.0006312718171
18.44	-0.0006922655032
18.45	-0.0007523903398
18.46	-0.0008116322208
18.47	-0.0008699775148
18.48	-0.0009274130651
18.49	-0.0009839261905
18.5	-0.001039504685
18.51	-0.001094136816
18.52	-0.001147811329
18.53	-0.001200517442
18.54	-0.001252244846
18.55	-0.001302983706
18.56	-0.001352724659
18.57	-0.001401458812
18.58	-0.001449177742
18.59	-0.001495873494
18.6	-0.00154153858
18.61	-0.001586165974
18.62	-0.001629749115
18.63	-0.001672281902
18.64	-0.001713758691
18.65	-0.001754174296
18.66	-0.001793523982
18.67	-0.001831803465
18.68	-0.001869008909
18.69	-0.001905136922
18.7	-0.001940184554
18.71	-0.001974149294
18.72	-0.002007029064
18.73	-0.002038822217
18.74	-0.002069527536
18.75	-0.002099144226
18.76	-0.002127671911
18.77	-0.002155110634
18.78	-0.002181460846
18.79	-0.002206723407
18.8	-0.00223089958
18.81	-0.002253991028
18.82	-0.002275999804
18.83	-0.002296928355
18.84	-0.002316779509
18.85	-0.002335556474
18.86	-0.002353262834
18.87	-0.002369902542
18.88	-0.002385479914
18.89	-0.002399999627
18.9	-0.002413466709
18.91	-0.00242588654
18.92	-0.002437264839
18.93	-0.002447607665
18.94	-0.002456921407
18.95	-0.00246521278
18.96	-0.002472488819
18.97	-0.002478756874
18.98	-0.002484024604
18.99	-0.002488299967
19	-0.00249159122
19.01	-0.00249390691
19.02	-0.002495255868
19.03	-0.002495647203
19.04	-0.002495090294
19.05	-0.002493594788
19.06	-0.00249117059
19.07	-0.002487827858
19.08	-0.002483576996
19.09	-0.002478428649
19.1	-0.002472393694
19.11	-0.002465483239
19.12	-0.002457708608
19.13	-0.002449081343
19.14	-0.002439613192
19.15	-0.002429316104
19.16	-0.002418202224
19.17	-0.002406283885
19.18	-0.002393573601
19.19	-0.002380084062
19.2	-0.002365828126
19.21	-0.002350818812
19.22	-0.002335069297
19.23	-0.002318592906
19.24	-0.002301403105
19.25	-0.002283513498
19.26	-0.002264937817
19.27	-0.002245689919
19.28	-0.002225783774
19.29	-0.002205233465
19.3	-0.002184053178
19.31	-0.002162257196
19.32	-0.002139859893
19.33	-0.002116875726
19.34	-0.002093319233
19.35	-0.002069205022
19.36	-0.002044547768
19.37	-0.002019362203
19.38	-0.001993663115
19.39	-0.001967465338
19.4	-0.001940783747
19.41	-0.001913633252
19.42	-0.001886028794
19.43	-0.001857985334
19.44	-0.001829517852
19.45	-0.001800641339
19.46	-0.001771370792
19.47	-0.001741721208
19.48	-0.001711707577
19.49	-0.00168134488
19.5	-0.001650648077
19.51	-0.001619632111
19.52	-0.001588311891
19.53	-0.001556702298
19.54	-0.001524818172
19.55	-0.00149267431
19.56	-0.001460285458
19.57	-0.001427666311
19.58	-0.001394831503
19.59	-0.001361795604
19.6	-0.001328573117
19.61	-0.001295178469
19.62	-0.001261626009
19.63	-0.001227930005
19.64	-0.001194104634
19.65	-0.001160163984
19.66	-0.001126122045
19.67	-0.001091992705
19.68	-0.00105778975
19.69	-0.001023526854
19.7	-0.0009892175782
19.71	-0.0009548753669
19.72	-0.0009205135429
19.73	-0.0008861453038
19.74	-0.0008517837182
19.75	-0.0008174417224
19.76	-0.0007831321164
19.77	-0.0007488675605
19.78	-0.0007146605724
19.79	-0.0006805235229
19.8	-0.0006464686336
19.81	-0.0006125079733
19.82	-0.0005786534551
19.83	-0.0005449168333
19.84	-0.0005113097008
19.85	-0.000477843486
19.86	-0.0004445294503
19.87	-0.0004113786855
19.88	-0.0003784021113
19.89	-0.0003456104726
19.9	-0.0003130143376
19.91	-0.0002806240955
19.92	-0.0002484499538
19.93	-0.0002165019372
19.94	-0.0001847898846
19.95	-0.0001533234479
19.96	-0.0001221120902
19.97	-9.116508362e-05
19.98	-6.049150817e-05
19.99	-3.010025e-05
20	-2.335152904e-18
20.01	2.98007475e-05
20.02	5.929369606e-05
20.03	8.847074822e-05
20.04	0.0001173240067
20.05	0.0001458457751
20.06	0.0001740285595
20.07	0.0002018650682
20.08	0.0002293482137
20.09	0.0002564711122
20.1	0.0002832270851
20.11	0.0003096096588
20.12	0.0003356125658
20.13	0.0003612297442
20.14	0.0003864553385
20.15	0.0004112836999
20.16	0.0004357093858
20.17	0.0004597271603
20.18	0.0004833319938
20.19	0.0005065190631
20.2	0.0005292837512
20.21	0.0005516216467
20.22	0.0005735285435
20.23	0.0005950004407
20.24	0.0006160335416
20.25	0.0006366242535
20.26	0.0006567691867
20.27	0.0006764651539
20.28	0.0006957091695
20.29	0.0007144984487
20.3	0.0007328304062
20.31	0.0007507026557
20.32	0.0007681130085
20.33	0.0007850594726
20.34	0.0008015402512
20.35	0.0008175537416
20.36	0.0008330985339
20.37	0.0008481734098
20.38	0.0008627773404
20.39	0.0008769094859
20.4	0.0008905691929
20.41	0.0009037559934
20.42	0.0009164696031
20.43	0.0009287099194
20.44	0.0009404770201
20.45	0.0009517711611
20.46	0.0009625927746
20.47	0.0009729424676
20.48	0.0009828210193
20.49	0.0009922293798
20.5	0.001001168667
20.51	0.001009640167
20.52	0.001017645327
20.53	0.001025185759
20.54	0.001032263233
20.55	0.001038879679
20.56	0.001045037179
20.57	0.001050737971
20.58	0.001055984441
20.59	0.001060779125
20.6	0.001065124703
20.61	0.001069024001
20.62	0.001072479983
20.63	0.001075495752
20.64	0.001078074548
20.65	0.001080219743
20.66	0.001081934839
20.67	0.001083223467
20.68	0.001084089383
20.69	0.001084536465
20.7	0.001084568711
20.71	0.001084190237
20.72	0.001083405273
20.73	0.001082218161
20.74	0.00108063335
20.75	0.001078655399
20.76	0.001076288967
20.77	0.001073538815
20.78	0.001070409803
20.79	0.001066906882
20.8	0.001063035101
20.81	0.001058799593
20.82	0.001054205581
20.83	0.001049258371
20.84	0.001043963348
20.85	0.001038325977
20.86	0.001032351798
20.87	0.001026046423
20.88	0.001019415533
20.89	0.001012464875
20.9	0.001005200263
20.91	0.0009976275686
20.92	0.0009897527228
20.93	0.000981581712
20.94	0.0009731205751
20.95	0.0009643754004
20.96	0.0009553523235
20.97	0.0009460575237
20.98	0.0009364972219
20.99	0.0009266776774
21	0.0009166051856
21.01	0.0009062860747
21.02	0.0008957267033
21.03	0.0008849334577
21.04	0.0008739127492
21.05	0.0008626710112
21.06	0.0008512146969
21.07	0.0008395502764
21.08	0.0008276842342
21.09	0.0008156230666
21.1	0.000803373279
21.11	0.0007909413836
21.12	0.0007783338965
21.13	0.0007655573356
21.14	0.0007526182177
21.15	0.0007395230566
21.16	0.0007262783601
21.17	0.0007128906278
21.18	0.0006993663489
21.19	0.0006857119996
21.2	0.0006719340409
21.21	0.0006580389164
21.22	0.0006440330496
21.23	0.0006299228424
21.24	0.0006157146721
21.25	0.00060141489
21.26	0.0005870298186
21.27	0.0005725657498
21.28	0.0005580289428
21.29	0.0005434256221
21.3	0.0005287619754
21.31	0.0005140441517
21.32	0.0004992782592
21.33	0.0004844703636
21.34	0.0004696264861
21.35	0.0004547526017
21.36	0.0004398546372
21.37	0.0004249384695
21.38	0.0004100099241
21.39	0.0003950747731
21.4	0.0003801387335
21.41	0.0003652074661
21.42	0.0003502865733
21.43	0.0003353815979
21.44	0.0003204980216
21.45	0.0003056412634
21.46	0.0002908166781
21.47	0.0002760295554
21.48	0.0002612851177
21.49	0.0002465885198
21.5	0.0002319448467
21.51	0.0002173591131
21.52	0.0002028362615
21.53	0.0001883811617
21.54	0.0001739986094
21.55	0.0001596933251
21.56	0.0001454699531
21.57	0.0001313330603
21.58	0.0001172871357
21.59	0.0001033365891
21.6	8.94857504e-05
21.61	7.573886853e-05
21.62	6.210011094e-05
21.63	4.857356266e-05
21.64	3.516322563e-05
21.65	2.187301796e-05
21.66	8.706773347e-06
21.67	-4.331759572e-06
21.68	-1.723891779e-05
21.69	-3.001112445e-05
21.7	-4.264488937e-05
21.71	-5.513680947e-05
21.72	-6.748356919e-05
21.73	-7.968194091e-05
21.74	-9.172878528e-05
21.75	-0.0001036210515
21.76	-0.0001153557776
21.77	-0.0001269300908
21.78	-0.0001383412075
21.79	-0.0001495864336
21.8	-0.0001606631645
21.81	-0.0001715688854
21.82	-0.0001823011712
21.83	-0.0001928576864
21.84	-0.0002032361854
21.85	-0.0002134345124
21.86	-0.000223450601
21.87	-0.0002332824745
21.88	-0.0002429282455
21.89	-0.0002523861157
21.9	-0.0002616543761
21.91	-0.000270731406
21.92	-0.0002796156736
21.93	-0.0002883057351
21.94	-0.0002968002346
21.95	-0.0003050979036
21.96	-0.0003131975609
21.97	-0.0003210981116
21.98	-0.0003287985476
21.99	-0.000336297946
22	-0.0003435954694
22.01	-0.0003506903653
22.02	-0.0003575819651
22.03	-0.0003642696838
22.04	-0.0003707530195
22.05	-0.0003770315524
22.06	-0.0003831049448
22.07	-0.0003889729395
22.08	-0.0003946353599
22.09	-0.0004000921088
22.1	-0.0004053431679
22.11	-0.0004103885968
22.12	-0.0004152285324
22.13	-0.0004198631879
22.14	-0.0004242928523
22.15	-0.0004285178889
22.16	-0.0004325387352
22.17	-0.0004363559013
22.18	-0.0004399699695
22.19	-0.0004433815932
22.2	-0.0004465914957
22.21	-0.0004496004696
22.22	-0.0004524093755
22.23	-0.0004550191412
22.24	-0.0004574307608
22.25	-0.0004596452932
22.26	-0.0004616638615
22.27	-0.0004634876518
22.28	-0.000465117912
22.29	-0.0004665559509
22.3	-0.000467803137
22.31	-0.0004688608973
22.32	-0.0004697307165
22.33	-0.0004704141354
22.34	-0.0004709127501
22.35	-0.0004712282108
22.36	-0.0004713622206
22.37	-0.0004713165341
22.38	-0.0004710929568
22.39	-0.0004706933432
22.4	-0.0004701195961
22.41	-0.0004693736653
22.42	-0.0004684575463
22.43	-0.0004673732792
22.44	-0.0004661229474
22.45	-0.0004647086763
22.46	-0.0004631326324
22.47	-0.0004613970216
22.48	-0.0004595040885
22.49	-0.0004574561147
22.5	-0.0004552554179
22.51	-0.0004529043503
22.52	-0.000450405298
22.53	-0.0004477606788
22.54	-0.0004449729421
22.55	-0.0004420445667
22.56	-0.0004389780602
22.57	-0.0004357759571
22.58	-0.0004324408186
22.59	-0.0004289752303
22.6	-0.0004253818015
22.61	-0.0004216631641
22.62	-0.000417821971
22.63	-0.0004138608951
22.64	-0.0004097826283
22.65	-0.0004055898798
22.66	-0.0004012853752
22.67	-0.0003968718553
22.68	-0.0003923520749
22.69	-0.0003877288016
22.7	-0.0003830048146
22.71	-0.0003781829037
22.72	-0.0003732658677
22.73	-0.0003682565137
22.74	-0.0003631576559
22.75	-0.0003579721143
22.76	-0.0003527027135
22.77	-0.0003473522819
22.78	-0.0003419236504
22.79	-0.0003364196513
22.8	-0.0003308431172
22.81	-0.00032519688
22.82	-0.0003194837697
22.83	-0.0003137066137
22.84	-0.0003078682351
22.85	-0.0003019714525
22.86	-0.0002960190783
22.87	-0.0002900139181
22.88	-0.0002839587693
22.89	-0.0002778564207
22.9	-0.000271709651
22.91	-0.0002655212281
22.92	-0.0002592939082
22.93	-0.0002530304347
22.94	-0.0002467335375
22.95	-0.0002404059319
22.96	-0.0002340503177
22.97	-0.0002276693786
22.98	-0.0002212657812
22.99	-0.000214842174
23	-0.0002084011868
23.01	-0.0002019454297
23.02	-0.0001954774927
23.03	-0.0001889999443
23.04	-0.0001825153312
23.05	-0.0001760261776
23.06	-0.0001695349842
23.07	-0.0001630442273
23.08	-0.0001565563589
23.09	-0.0001500738052
23.1	-0.0001435989662
23.11	-0.0001371342153
23.12	-0.0001306818984
23.13	-0.0001242443333
23.14	-0.0001178238091
23.15	-0.0001114225858
23.16	-0.0001050428937
23.17	-9.868693241e-05
23.18	-9.235687104e-05
23.19	-8.605484713e-05
23.2	-7.978296637e-05
23.21	-7.354330211e-05
23.22	-6.733789486e-05
23.23	-6.116875189e-05
23.24	-5.503784675e-05
23.25	-4.894711889e-05
23.26	-4.289847327e-05
23.27	-3.689377995e-05
23.28	-3.093487378e-05
23.29	-2.5023554e-05
23.3	-1.916158397e-05
23.31	-1.335069079e-05
23.32	-7.592565084e-06
23.33	-1.88886067e-06
23.34	3.758805679e-06
23.35	9.348854482e-06
23.36	1.487974378e-05
23.37	2.034996933e-05
23.38	2.575806483e-05
23.39	3.110260207e-05
23.4	3.638219109e-05
23.41	4.159548036e-05
23.42	4.674115686e-05
23.43	5.181794623e-05
23.44	5.682461288e-05
23.45	6.175996e-05
23.46	6.662282973e-05
23.47	7.14121031e-05
23.48	7.612670018e-05
23.49	8.076557999e-05
23.5	8.53277406e-05
23.51	8.981221906e-05
23.52	9.42180914e-05
23.53	9.854447259e-05
23.54	0.0001027905165
23.55	0.0001069554157
23.56	0.0001110384018
23.57	0.0001150387447
23.58	0.000118955753
23.59	0.0001227887737
23.6	0.0001265371922
23.61	0.0001302004318
23.62	0.0001337779538
23.63	0.0001372692576
23.64	0.0001406738798
23.65	0.0001439913947
23.66	0.0001472214136
23.67	0.0001503635849
23.68	0.0001534175937
23.69	0.0001563831616
23.7	0.0001592600465
23.71	0.0001620480421
23.72	0.0001647469779
23.73	0.0001673567189
23.74	0.000169877165
23.75	0.0001723082509
23.76	0.0001746499459
23.77	0.0001769022534
23.78	0.0001790652105
23.79	0.0001811388878
23.8	0.000183123389
23.81	0.0001850188504
23.82	0.0001868254408
23.83	0.0001885433609
23.84	0.0001901728428
23.85	0.00019171415
23.86	0.0001931675765
23.87	0.0001945334469
23.88	0.0001958121155
23.89	0.0001970039661
23.9	0.0001981094115
23.91	0.0001991288933
23.92	0.000200062881
23.93	0.0002009118718
23.94	0.0002016763903
23.95	0.0002023569876
23.96	0.0002029542413
23.97	0.0002034687546
23.98	0.0002039011562
23.99	0.0002042520993
24	0.0002045222619
24.01	0.0002047123453
24.02	0.0002048230745
24.03	0.0002048551972
24.04	0.0002048094834
24.05	0.0002046867248
24.06	0.0002044877345
24.07	0.0002042133463
24.08	0.0002038644143
24.09	0.0002034418122
24.1	0.000202946433
24.11	0.0002023791883
24.12	0.0002017410077
24.13	0.0002010328387
24.14	0.0002002556455
24.15	0.0001994104091
24.16	0.0001984981263
24.17	0.0001975198094
24.18	0.0001964764858
24.19	0.000195369197
24.2	0.0001941989984
24.21	0.0001929669589
24.22	0.00019167416
24.23	0.0001903216955
24.24	0.0001889106707
24.25	0.0001874422023
24.26	0.0001859174176
24.27	0.0001843374539
24.28	0.000182703458
24.29	0.0001810165859
24.3	0.0001792780021
24.31	0.000177488879
24.32	0.0001756503963
24.33	0.0001737637411
24.34	0.0001718301064
24.35	0.0001698506914
24.36	0.0001678267007
24.37	0.0001657593436
24.38	0.000163649834
24.39	0.0001614993895
24.4	0.0001593092312
24.41	0.0001570805829
24.42	0.0001548146709
24.43	0.0001525127236
24.44	0.0001501759703
24.45	0.0001478056418
24.46	0.000145402969
24.47	0.000142969183
24.48	0.0001405055141
24.49	0.0001380131921
24.5	0.0001354934452
24.51	0.0001329474996
24.52	0.0001303765794
24.53	0.000127781906
24.54	0.0001251646976
24.55	0.0001225261687
24.56	0.0001198675298
24.57	0.0001171899872
24.58	0.000114494742
24.59	0.0001117829903
24.6	0.0001090559225
24.61	0.0001063147228
24.62	0.0001035605692
24.63	0.0001007946327
24.64	9.801807723e-05
24.65	9.523205902e-05
24.66	9.243772648e-05
24.67	8.963621971e-05
24.68	8.682867019e-05
24.69	8.40162004e-05
24.7	8.119992355e-05
24.71	7.838094318e-05
24.72	7.55603529e-05
24.73	7.273923604e-05
24.74	6.991866534e-05
24.75	6.709970266e-05
24.76	6.428339869e-05
24.77	6.147079268e-05
24.78	5.86629121e-05
24.79	5.586077244e-05
24.8	5.30653769e-05
24.81	5.027771615e-05
24.82	4.749876806e-05
24.83	4.472949751e-05
24.84	4.197085609e-05
24.85	3.922378189e-05
24.86	3.648919932e-05
24.87	3.376801884e-05
24.88	3.106113678e-05
24.89	2.836943516e-05
24.9	2.569378147e-05
24.91	2.303502849e-05
24.92	2.039401412e-05
24.93	1.777156122e-05
24.94	1.516847742e-05
24.95	1.258555501e-05
24.96	1.002357076e-05
24.97	7.483285764e-06
24.98	4.965445365e-06
24.99	2.470778979e-06
25	7.029918882e-19
25.01	-2.446194318e-06
25.02	-4.867122959e-06
25.03	-7.262121246e-06
25.04	-9.630540925e-06
25.05	-1.197175025e-05
25.06	-1.428513406e-05
25.07	-1.657009385e-05
25.08	-1.88260478e-05
25.09	-2.105243089e-05
25.1	-2.324869489e-05
25.11	-2.541430842e-05
25.12	-2.7548757e-05
25.13	-2.965154305e-05
25.14	-3.172218593e-05
25.15	-3.376022194e-05
25.16	-3.576520433e-05
25.17	-3.773670332e-05
25.18	-3.967430604e-05
25.19	-4.15776166e-05
25.2	-4.344625599e-05
25.21	-4.527986211e-05
25.22	-4.70780897e-05
25.23	-4.884061035e-05
25.24	-5.056711242e-05
25.25	-5.225730097e-05
25.26	-5.391089778e-05
25.27	-5.552764123e-05
25.28	-5.710728622e-05
25.29	-5.864960418e-05
25.3	-6.015438288e-05
25.31	-6.162142646e-05
25.32	-6.305055525e-05
25.33	-6.444160573e-05
25.34	-6.579443041e-05
25.35	-6.710889775e-05
25.36	-6.838489201e-05
25.37	-6.962231317e-05
25.38	-7.08210768e-05
25.39	-7.198111394e-05
25.4	-7.310237097e-05
25.41	-7.418480947e-05
25.42	-7.522840611e-05
25.43	-7.623315246e-05
25.44	-7.71990549e-05
25.45	-7.812613445e-05
25.46	-7.901442658e-05
25.47	-7.986398111e-05
25.48	-8.067486202e-05
25.49	-8.144714727e-05
25.5	-8.218092868e-05
25.51	-8.287631169e-05
25.52	-8.353341525e-05
25.53	-8.41523716e-05
25.54	-8.473332609e-05
25.55	-8.527643702e-05
25.56	-8.578187543e-05
25.57	-8.62498249e-05
25.58	-8.668048138e-05
25.59	-8.7074053e-05
25.6	-8.743075981e-05
25.61	-8.775083366e-05
25.62	-8.803451793e-05
25.63	-8.828206736e-05
25.64	-8.849374783e-05
25.65	-8.866983613e-05
25.66	-8.881061979e-05
25.67	-8.891639681e-05
25.68	-8.89874755e-05
25.69	-8.902417421e-05
25.7	-8.902682115e-05
25.71	-8.899575412e-05
25.72	-8.893132036e-05
25.73	-8.883387623e-05
25.74	-8.870378708e-05
25.75	-8.854142696e-05
25.76	-8.834717839e-05
25.77	-8.812143219e-05
25.78	-8.786458718e-05
25.79	-8.757704998e-05
25.8	-8.72592348e-05
25.81	-8.691156316e-05
25.82	-8.65344637e-05
25.83	-8.612837193e-05
25.84	-8.569372998e-05
25.85	-8.523098642e-05
25.86	-8.474059594e-05
25.87	-8.422301921e-05
25.88	-8.367872259e-05
25.89	-8.31081779e-05
25.9	-8.251186221e-05
25.91	-8.189025759e-05
25.92	-8.124385089e-05
25.93	-8.057313348e-05
25.94	-7.987860107e-05
25.95	-7.916075342e-05
25.96	-7.842009416e-05
25.97	-7.765713053e-05
25.98	-7.687237317e-05
25.99	-7.606633588e-05
26	-7.52395354e-05
26.01	-7.43924912e-05
26.02	-7.352572521e-05
26.03	-7.263976166e-05
26.04	-7.173512681e-05
26.05	-7.081234877e-05
26.06	-6.987195722e-05
26.07	-6.891448328e-05
26.08	-6.794045923e-05
26.09	-6.69504183e-05
26.1	-6.59448945e-05
26.11	-6.492442238e-05
26.12	-6.388953682e-05
26.13	-6.284077284e-05
26.14	-6.177866537e-05
26.15	-6.070374909e-05
26.16	-5.961655819e-05
26.17	-5.85176262e-05
26.18	-5.740748579e-05
26.19	-5.628666855e-05
26.2	-5.515570483e-05
26.21	-5.401512354e-05
26.22	-5.286545199e-05
26.23	-5.170721565e-05
26.24	-5.054093801e-05
26.25	-4.936714042e-05
26.26	-4.818634185e-05
26.27	-4.699905878e-05
26.28	-4.5805805e-05
26.29	-4.460709144e-05
26.3	-4.340342602e-05
26.31	-4.219531348e-05
26.32	-4.098325522e-05
26.33	-3.976774913e-05
26.34	-3.854928946e-05
26.35	-3.732836668e-05
26.36	-3.610546729e-05
26.37	-3.488107369e-05
26.38	-3.365566406e-05
26.39	-3.24297122e-05
26.4	-3.120368742e-05
26.41	-2.997805435e-05
26.42	-2.875327289e-05
26.43	-2.7529798e-05
26.44	-2.630807966e-05
26.45	-2.508856268e-05
26.46	-2.387168662e-05
26.47	-2.265788567e-05
26.48	-2.144758853e-05
26.49	-2.024121831e-05
26.5	-1.903919243e-05
26.51	-1.78419225e-05
26.52	-1.664981424e-05
26.53	-1.54632674e-05
26.54	-1.428267562e-05
26.55	-1.310842637e-05
26.56	-1.19409009e-05
26.57	-1.078047407e-05
26.58	-9.627514374e-06
26.59	-8.482383777e-06
26.6	-7.345437698e-06
26.61	-6.217024919e-06
26.62	-5.097487521e-06
26.63	-3.987160824e-06
26.64	-2.886373327e-06
26.65	-1.795446649e-06
26.66	-7.146954782e-07
26.67	3.555724785e-07
26.68	1.415056543e-06
26.69	2.46346311e-06
26.7	3.500505686e-06
26.71	4.525904929e-06
26.72	5.539388684e-06
26.73	6.54069201e-06
26.74	7.529557214e-06
26.75	8.50573387e-06
26.76	9.468978849e-06
26.77	1.041905633e-05
26.78	1.135573783e-05
26.79	1.22788022e-05
26.8	1.318803564e-05
26.81	1.408323172e-05
26.82	1.496419138e-05
26.83	1.583072292e-05
26.84	1.6682642e-05
26.85	1.751977166e-05
26.86	1.834194228e-05
26.87	1.91489916e-05
26.88	1.99407647e-05
26.89	2.071711396e-05
26.9	2.14778991e-05
26.91	2.222298709e-05
26.92	2.295225219e-05
26.93	2.366557587e-05
26.94	2.436284685e-05
26.95	2.5043961e-05
26.96	2.570882135e-05
26.97	2.635733805e-05
26.98	2.698942832e-05
26.99	2.760501643e-05
27	2.820403364e-05
27.01	2.878641816e-05
27.02	2.935211511e-05
27.03	2.990107649e-05
27.04	3.043326109e-05
27.05	3.094863446e-05
27.06	3.144716886e-05
27.07	3.19288432e-05
27.08	3.239364297e-05
27.09	3.28415602e-05
27.1	3.327259338e-05
27.11	3.36867474e-05
27.12	3.408403351e-05
27.13	3.44644692e-05
27.14	3.482807819e-05
27.15	3.517489032e-05
27.16	3.550494148e-05
27.17	3.581827356e-05
27.18	3.611493434e-05
27.19	3.639497747e-05
27.2	3.665846231e-05
27.21	3.690545393e-05
27.22	3.713602296e-05
27.23	3.735024558e-05
27.24	3.754820337e-05
27.25	3.772998326e-05
27.26	3.789567744e-05
27.27	3.804538326e-05
27.28	3.817920317e-05
27.29	3.829724459e-05
27.3	3.839961986e-05
27.31	3.848644611e-05
27.32	3.855784522e-05
27.33	3.861394366e-05
27.34	3.865487244e-05
27.35	3.868076704e-05
27.36	3.869176723e-05
27.37	3.868801706e-05
27.38	3.866966471e-05
27.39	3.863686243e-05
27.4	3.85897664e-05
27.41	3.852853667e-05
27.42	3.845333705e-05
27.43	3.836433498e-05
27.44	3.82617015e-05
27.45	3.814561106e-05
27.46	3.801624149e-05
27.47	3.787377389e-05
27.48	3.771839248e-05
27.49	3.755028455e-05
27.5	3.736964035e-05
27.51	3.717665298e-05
27.52	3.697151826e-05
27.53	3.675443471e-05
27.54	3.652560334e-05
27.55	3.628522765e-05
27.56	3.603351346e-05
27.57	3.577066884e-05
27.58	3.5496904e-05
27.59	3.521243119e-05
27.6	3.491746459e-05
27.61	3.461222024e-05
27.62	3.429691591e-05
27.63	3.397177101e-05
27.64	3.363700648e-05
27.65	3.329284472e-05
27.66	3.293950947e-05
27.67	3.257722569e-05
27.68	3.220621953e-05
27.69	3.182671815e-05
27.7	3.143894968e-05
27.71	3.104314313e-05
27.72	3.063952823e-05
27.73	3.022833542e-05
27.74	2.980979568e-05
27.75	2.938414051e-05
27.76	2.895160175e-05
27.77	2.851241158e-05
27.78	2.806680238e-05
27.79	2.761500662e-05
27.8	2.715725682e-05
27.81	2.669378545e-05
27.82	2.62248248e-05
27.83	2.575060695e-05
27.84	2.527136366e-05
27.85	2.478732627e-05
27.86	2.429872564e-05
27.87	2.380579207e-05
27.88	2.330875519e-05
27.89	2.280784391e-05
27.9	2.230328633e-05
27.91	2.179530964e-05
27.92	2.12841401e-05
27.93	2.077000289e-05
27.94	2.025312209e-05
27.95	1.973372059e-05
27.96	1.921202001e-05
27.97	1.868824063e-05
27.98	1.816260135e-05
27.99	1.763531956e-05
28	1.710661113e-05
28.01	1.657669032e-05
28.02	1.604576972e-05
28.03	1.551406016e-05
28.04	1.498177071e-05
28.05	1.444910855e-05
28.06	1.391627894e-05
28.07	1.338348518e-05
28.08	1.285092851e-05
28.09	1.231880809e-05
28.1	1.178732094e-05
28.11	1.125666188e-05
28.12	1.072702345e-05
28.13	1.019859592e-05
28.14	9.671567206e-06
28.15	9.146122804e-06
28.16	8.622445782e-06
28.17	8.100716711e-06
28.18	7.581113632e-06
28.19	7.063812008e-06
28.2	6.548984685e-06
28.21	6.036801852e-06
28.22	5.527431007e-06
28.23	5.021036915e-06
28.24	4.517781575e-06
28.25	4.017824187e-06
28.26	3.521321119e-06
28.27	3.028425877e-06
28.28	2.539289072e-06
28.29	2.054058396e-06
28.3	1.572878594e-06
28.31	1.095891435e-06
28.32	6.232356944e-07
28.33	1.550471255e-07
28.34	-3.08541559e-07
28.35	-7.674007073e-07
28.36	-1.221403747e-06
28.37	-1.670427204e-06
28.38	-2.114350716e-06
28.39	-2.553057048e-06
28.4	-2.986432106e-06
28.41	-3.414364948e-06
28.42	-3.836747796e-06
28.43	-4.253476045e-06
28.44	-4.66444827e-06
28.45	-5.069566232e-06
28.46	-5.468734886e-06
28.47	-5.861862385e-06
28.48	-6.248860079e-06
28.49	-6.629642522e-06
28.5	-7.00412747e-06
28.51	-7.372235878e-06
28.52	-7.733891903e-06
28.53	-8.089022897e-06
28.54	-8.437559403e-06
28.55	-8.779435154e-06
28.56	-9.114587058e-06
28.57	-9.442955198e-06
28.58	-9.76448282e-06
28.59	-1.007911632e-05
28.6	-1.038680525e-05
28.61	-1.068750226e-05
28.62	-1.098116316e-05
28.63	-1.126774682e-05
28.64	-1.154721523e-05
28.65	-1.181953343e-05
28.66	-1.208466953e-05
28.67	-1.234259466e-05
28.68	-1.259328297e-05
28.69	-1.283671161e-05
28.7	-1.30728607e-05
28.71	-1.330171331e-05
28.72	-1.352325546e-05
28.73	-1.373747604e-05
28.74	-1.394436685e-05
28.75	-1.414392254e-05
28.76	-1.433614057e-05
28.77	-1.452102123e-05
28.78	-1.469856756e-05
28.79	-1.486878536e-05
28.8	-1.503168313e-05
28.81	-1.518727208e-05
28.82	-1.533556605e-05
28.83	-1.547658152e-05
28.84	-1.561033754e-05
28.85	-1.573685574e-05
28.86	-1.585616025e-05
28.87	-1.596827772e-05
28.88	-1.607323723e-05
28.89	-1.617107028e-05
28.9	-1.626181077e-05
28.91	-1.634549493e-05
28.92	-1.642216131e-05
28.93	-1.649185072e-05
28.94	-1.655460622e-05
28.95	-1.661047305e-05
28.96	-1.665949862e-05
28.97	-1.670173244e-05
28.98	-1.673722612e-05
28.99	-1.676603329e-05
29	-1.678820958e-05
29.01	-1.680381258e-05
29.02	-1.681290179e-05
29.03	-1.681553858e-05
29.04	-1.681178616e-05
29.05	-1.680170952e-05
29.06	-1.67853754e-05
29.07	-1.676285225e-05
29.08	-1.673421017e-05
29.09	-1.669952087e-05
29.1	-1.665885767e-05
29.11	-1.661229539e-05
29.12	-1.655991034e-05
29.13	-1.650178029e-05
29.14	-1.643798438e-05
29.15	-1.636860315e-05
29.16	-1.629371842e-05
29.17	-1.621341328e-05
29.18	-1.612777206e-05
29.19	-1.603688026e-05
29.2	-1.594082452e-05
29.21	-1.583969256e-05
29.22	-1.573357316e-05
29.23	-1.562255611e-05
29.24	-1.550673215e-05
29.25	-1.538619292e-05
29.26	-1.526103097e-05
29.27	-1.513133965e-05
29.28	-1.49972131e-05
29.29	-1.485874621e-05
29.3	-1.471603456e-05
29.31	-1.456917439e-05
29.32	-1.441826254e-05
29.33	-1.426339645e-05
29.34	-1.410467405e-05
29.35	-1.394219377e-05
29.36	-1.37760545e-05
29.37	-1.360635549e-05
29.38	-1.34331964e-05
29.39	-1.325667717e-05
29.4	-1.307689802e-05
29.41	-1.289395943e-05
29.42	-1.270796205e-05
29.43	-1.25190067e-05
29.44	-1.232719432e-05
29.45	-1.213262591e-05
29.46	-1.193540251e-05
29.47	-1.173562519e-05
29.48	-1.153339493e-05
29.49	-1.132881269e-05
29.5	-1.112197926e-05
29.51	-1.091299532e-05
29.52	-1.070196134e-05
29.53	-1.048897758e-05
29.54	-1.027414403e-05
29.55	-1.005756039e-05
29.56	-9.83932602e-06
29.57	-9.619539935e-06
29.58	-9.398300738e-06
29.59	-9.175706605e-06
29.6	-8.951855246e-06
29.61	-8.726843876e-06
29.62	-8.500769182e-06
29.63	-8.273727289e-06
29.64	-8.045813735e-06
29.65	-7.817123434e-06
29.66	-7.587750651e-06
29.67	-7.357788972e-06
29.68	-7.127331273e-06
29.69	-6.896469694e-06
29.7	-6.665295613e-06
29.71	-6.433899613e-06
29.72	-6.202371464e-06
29.73	-5.97080009e-06
29.74	-5.739273548e-06
29.75	-5.507879e-06
29.76	-5.276702693e-06
29.77	-5.045829932e-06
29.78	-4.815345059e-06
29.79	-4.585331429e-06
29.8	-4.35587139e-06
29.81	-4.127046261e-06
29.82	-3.898936311e-06
29.83	-3.671620742e-06
29.84	-3.445177664e-06
29.85	-3.219684083e-06
29.86	-2.995215876e-06
29.87	-2.77184778e-06
29.88	-2.54965337e-06
29.89	-2.328705046e-06
29.9	-2.109074017e-06
29.91	-1.890830282e-06
29.92	-1.674042621e-06
29.93	-1.458778578e-06
29.94	-1.245104448e-06
29.95	-1.033085266e-06
29.96	-8.227847917e-07
29.97	-6.142655016e-07
29.98	-4.07588576e-07
29.99	-2.028138891e-07
30	-2.360120475e-20
