temps	angle
0	0
0.01	0.4384701364
0.02	0.8741019891
0.03	1.306698591
0.04	1.736065645
0.05	2.162011601
0.06	2.584347735
0.07	3.002888226
0.08	3.417450227
0.09	3.827853941
0.1	4.233922686
0.11	4.635482968
0.12	5.032364544
0.13	5.424400487
0.14	5.81142725
0.15	6.193284722
0.16	6.569816291
0.17	6.940868895
0.18	7.306293081
0.19	7.665943051
0.2	8.019676719
0.21	8.36735575
0.22	8.708845615
0.23	9.044015625
0.24	9.372738979
0.25	9.694892801
0.26	10.01035817
0.27	10.31902018
0.28	10.62076792
0.29	10.91549458
0.3	11.2030974
0.31	11.48347775
0.32	11.75654115
0.33	12.02219725
0.34	12.28035989
0.35	12.53094713
0.36	12.77388119
0.37	13.00908857
0.38	13.23649996
0.39	13.45605031
0.4	13.66767884
0.41	13.87132898
0.42	14.06694845
0.43	14.25448923
0.44	14.43390752
0.45	14.60516381
0.46	14.76822282
0.47	14.9230535
0.48	15.06962903
0.49	15.20792682
0.5	15.33792845
0.51	15.45961971
0.52	15.57299055
0.53	15.67803506
0.54	15.77475147
0.55	15.86314209
0.56	15.94321331
0.57	16.01497559
0.58	16.07844338
0.59	16.13363513
0.6	16.18057324
0.61	16.21928403
0.62	16.24979771
0.63	16.27214833
0.64	16.28637374
0.65	16.29251556
0.66	16.29061913
0.67	16.28073347
0.68	16.26291123
0.69	16.23720862
0.7	16.20368543
0.71	16.16240489
0.72	16.11343369
0.73	16.05684187
0.74	15.99270283
0.75	15.92109319
0.76	15.84209284
0.77	15.75578477
0.78	15.66225508
0.79	15.56159292
0.8	15.45389038
0.81	15.33924247
0.82	15.21774706
0.83	15.08950475
0.84	14.95461891
0.85	14.81319552
0.86	14.66534313
0.87	14.51117282
0.88	14.3507981
0.89	14.18433485
0.9	14.01190124
0.91	13.83361767
0.92	13.6496067
0.93	13.45999295
0.94	13.26490306
0.95	13.06446561
0.96	12.85881102
0.97	12.6480715
0.98	12.43238097
0.99	12.21187497
1	11.98669061
1.01	11.75696645
1.02	11.52284248
1.03	11.28446001
1.04	11.04196157
1.05	10.79549088
1.06	10.54519276
1.07	10.29121303
1.08	10.03369843
1.09	9.772796592
1.1	9.508655904
1.11	9.241425466
1.12	8.971255002
1.13	8.698294785
1.14	8.422695557
1.15	8.144608457
1.16	7.86418494
1.17	7.581576703
1.18	7.296935608
1.19	7.010413607
1.2	6.722162668
1.21	6.432334698
1.22	6.14108147
1.23	5.848554548
1.24	5.554905216
1.25	5.260284405
1.26	4.964842618
1.27	4.668729863
1.28	4.37209558
1.29	4.075088569
1.3	3.777856925
1.31	3.480547968
1.32	3.183308172
1.33	2.886283102
1.34	2.589617349
1.35	2.29345446
1.36	1.997936876
1.37	1.703205872
1.38	1.409401488
1.39	1.116662473
1.4	0.8251262234
1.41	0.5349287217
1.42	0.24620448
1.43	-0.0409135177
1.44	-0.326293872
1.45	-0.6098068227
1.46	-0.8913243032
1.47	-1.170719993
1.48	-1.447869368
1.49	-1.722649755
1.5	-1.994940376
1.51	-2.264622398
1.52	-2.531578981
1.53	-2.795695323
1.54	-3.056858701
1.55	-3.31495852
1.56	-3.569886349
1.57	-3.821535963
1.58	-4.069803385
1.59	-4.314586918
1.6	-4.555787186
1.61	-4.793307168
1.62	-5.027052229
1.63	-5.256930155
1.64	-5.482851182
1.65	-5.704728029
1.66	-5.922475919
1.67	-6.136012613
1.68	-6.345258432
1.69	-6.55013628
1.7	-6.750571666
1.71	-6.946492731
1.72	-7.137830258
1.73	-7.324517697
1.74	-7.50649118
1.75	-7.683689537
1.76	-7.856054308
1.77	-8.023529755
1.78	-8.186062878
1.79	-8.343603419
1.8	-8.496103873
1.81	-8.643519495
1.82	-8.785808305
1.83	-8.92293109
1.84	-9.054851412
1.85	-9.181535603
1.86	-9.302952769
1.87	-9.419074789
1.88	-9.529876308
1.89	-9.635334738
1.9	-9.735430249
1.91	-9.830145763
1.92	-9.919466948
1.93	-10.00338221
1.94	-10.08188266
1.95	-10.15496216
1.96	-10.22261723
1.97	-10.2848471
1.98	-10.34165366
1.99	-10.39304145
2	-10.43901765
2.01	-10.47959206
2.02	-10.51477707
2.03	-10.54458762
2.04	-10.56904123
2.05	-10.58815794
2.06	-10.60196028
2.07	-10.61047328
2.08	-10.61372437
2.09	-10.61174345
2.1	-10.60456279
2.11	-10.59221702
2.12	-10.5747431
2.13	-10.55218029
2.14	-10.52457011
2.15	-10.49195632
2.16	-10.45438485
2.17	-10.41190383
2.18	-10.36456349
2.19	-10.31241614
2.2	-10.25551615
2.21	-10.19391989
2.22	-10.12768571
2.23	-10.05687388
2.24	-9.981546563
2.25	-9.901767764
2.26	-9.817603291
2.27	-9.729120716
2.28	-9.636389324
2.29	-9.539480074
2.3	-9.438465551
2.31	-9.333419923
2.32	-9.224418894
2.33	-9.111539658
2.34	-8.99486085
2.35	-8.874462502
2.36	-8.750425995
2.37	-8.622834008
2.38	-8.491770474
2.39	-8.357320525
2.4	-8.21957045
2.41	-8.078607642
2.42	-7.934520549
2.43	-7.787398623
2.44	-7.637332274
2.45	-7.484412813
2.46	-7.328732411
2.47	-7.17038404
2.48	-7.009461427
2.49	-6.846059004
2.5	-6.680271853
2.51	-6.512195662
2.52	-6.341926667
2.53	-6.169561609
2.54	-5.995197677
2.55	-5.818932462
2.56	-5.640863903
2.57	-5.46109024
2.58	-5.279709964
2.59	-5.096821763
2.6	-4.912524477
2.61	-4.726917047
2.62	-4.540098464
2.63	-4.352167724
2.64	-4.163223776
2.65	-3.973365472
2.66	-3.782691526
2.67	-3.59130046
2.68	-3.399290559
2.69	-3.206759823
2.7	-3.013805923
2.71	-2.820526153
2.72	-2.627017386
2.73	-2.433376026
2.74	-2.239697966
2.75	-2.046078545
2.76	-1.852612502
2.77	-1.659393932
2.78	-1.466516249
2.79	-1.274072138
2.8	-1.082153517
2.81	-0.8908514987
2.82	-0.7002563446
2.83	-0.5104574308
2.84	-0.3215432073
2.85	-0.1336011606
2.86	0.05328222363
2.87	0.239021497
2.88	0.4235322842
2.89	0.6067313179
2.9	0.7885364732
2.91	0.968866801
2.92	1.147642561
2.93	1.324785252
2.94	1.500217647
2.95	1.673863819
2.96	1.845649173
2.97	2.015500473
2.98	2.183345873
2.99	2.349114941
3	2.512738685
3.01	2.674149581
3.02	2.833281595
3.03	2.990070207
3.04	3.144452433
3.05	3.29636685
3.06	3.445753612
3.07	3.592554474
3.08	3.736712809
3.09	3.878173625
3.1	4.016883586
3.11	4.152791025
3.12	4.285845961
3.13	4.416000112
3.14	4.543206909
3.15	4.667421511
3.16	4.788600813
3.17	4.90670346
3.18	5.021689854
3.19	5.133522166
3.2	5.242164339
3.21	5.347582103
3.22	5.449742973
3.23	5.54861626
3.24	5.644173071
3.25	5.736386317
3.26	5.82523071
3.27	5.910682772
3.28	5.992720829
3.29	6.071325012
3.3	6.14647726
3.31	6.218161314
3.32	6.286362715
3.33	6.351068802
3.34	6.412268707
3.35	6.469953346
3.36	6.524115419
3.37	6.574749398
3.38	6.621851521
3.39	6.665419783
3.4	6.705453926
3.41	6.741955431
3.42	6.774927503
3.43	6.804375063
3.44	6.830304732
3.45	6.852724819
3.46	6.871645309
3.47	6.887077844
3.48	6.899035709
3.49	6.907533819
3.5	6.912588695
3.51	6.914218452
3.52	6.91244278
3.53	6.907282922
3.54	6.898761656
3.55	6.886903275
3.56	6.871733566
3.57	6.853279787
3.58	6.831570647
3.59	6.806636282
3.6	6.778508229
3.61	6.747219408
3.62	6.712804094
3.63	6.675297891
3.64	6.634737709
3.65	6.591161735
3.66	6.544609413
3.67	6.495121409
3.68	6.442739589
3.69	6.387506989
3.7	6.329467788
3.71	6.268667279
3.72	6.205151841
3.73	6.138968908
3.74	6.070166941
3.75	5.998795395
3.76	5.924904696
3.77	5.8485462
3.78	5.769772171
3.79	5.688635746
3.8	5.605190904
3.81	5.519492437
3.82	5.431595911
3.83	5.341557645
3.84	5.249434668
3.85	5.155284696
3.86	5.059166091
3.87	4.961137836
3.88	4.861259498
3.89	4.759591195
3.9	4.656193566
3.91	4.551127736
3.92	4.444455284
3.93	4.33623821
3.94	4.226538899
3.95	4.115420095
3.96	4.002944861
3.97	3.889176549
3.98	3.774178768
3.99	3.65801535
4	3.540750317
4.01	3.42244785
4.02	3.303172255
4.03	3.182987932
4.04	3.061959341
4.05	2.940150972
4.06	2.81762731
4.07	2.694452809
4.08	2.570691855
4.09	2.446408736
4.1	2.321667613
4.11	2.19653249
4.12	2.071067178
4.13	1.945335271
4.14	1.819400112
4.15	1.693324765
4.16	1.567171988
4.17	1.441004199
4.18	1.314883451
4.19	1.188871401
4.2	1.063029287
4.21	0.9374178952
4.22	0.8120975344
4.23	0.6871280106
4.24	0.5625685998
4.25	0.4384780217
4.26	0.3149144145
4.27	0.1919353098
4.28	0.06959760817
4.29	-0.05204244542
4.3	-0.172929285
4.31	-0.2930080469
4.32	-0.4122245924
4.33	-0.5305255305
4.34	-0.6478582387
4.35	-0.7641708851
4.36	-0.8794124489
4.37	-0.9935327404
4.38	-1.106482421
4.39	-1.218213021
4.4	-1.328676962
4.41	-1.43782757
4.42	-1.545619095
4.43	-1.652006729
4.44	-1.756946623
4.45	-1.860395899
4.46	-1.962312668
4.47	-2.062656045
4.48	-2.161386162
4.49	-2.258464181
4.5	-2.35385231
4.51	-2.447513809
4.52	-2.53941301
4.53	-2.629515321
4.54	-2.717787241
4.55	-2.804196368
4.56	-2.888711407
4.57	-2.971302184
4.58	-3.051939647
4.59	-3.130595878
4.6	-3.207244101
4.61	-3.281858683
4.62	-3.354415147
4.63	-3.424890169
4.64	-3.493261591
4.65	-3.559508417
4.66	-3.623610823
4.67	-3.685550153
4.68	-3.74530893
4.69	-3.802870847
4.7	-3.858220778
4.71	-3.911344772
4.72	-3.962230053
4.73	-4.010865024
4.74	-4.057239261
4.75	-4.101343512
4.76	-4.143169696
4.77	-4.182710899
4.78	-4.219961371
4.79	-4.25491652
4.8	-4.287572911
4.81	-4.317928256
4.82	-4.345981412
4.83	-4.371732375
4.84	-4.395182268
4.85	-4.416333341
4.86	-4.435188957
4.87	-4.451753588
4.88	-4.466032803
4.89	-4.478033261
4.9	-4.4877627
4.91	-4.495229927
4.92	-4.500444807
4.93	-4.503418253
4.94	-4.504162214
4.95	-4.502689659
4.96	-4.499014572
4.97	-4.493151934
4.98	-4.48511771
4.99	-4.474928835
5	-4.462603203
5.01	-4.44815965
5.02	-4.431617938
5.03	-4.412998742
5.04	-4.392323635
5.05	-4.369615069
5.06	-4.34489636
5.07	-4.318191672
5.08	-4.289526003
5.09	-4.258925159
5.1	-4.226415746
5.11	-4.192025147
5.12	-4.155781505
5.13	-4.117713704
5.14	-4.077851354
5.15	-4.036224765
5.16	-3.992864934
5.17	-3.947803526
5.18	-3.901072849
5.19	-3.852705839
5.2	-3.802736038
5.21	-3.751197576
5.22	-3.698125147
5.23	-3.643553992
5.24	-3.587519878
5.25	-3.530059075
5.26	-3.471208337
5.27	-3.411004883
5.28	-3.34948637
5.29	-3.286690878
5.3	-3.222656885
5.31	-3.15742325
5.32	-3.091029184
5.33	-3.023514238
5.34	-2.954918274
5.35	-2.885281447
5.36	-2.814644183
5.37	-2.743047158
5.38	-2.670531276
5.39	-2.597137647
5.4	-2.522907567
5.41	-2.447882494
5.42	-2.372104031
5.43	-2.2956139
5.44	-2.218453925
5.45	-2.140666005
5.46	-2.062292102
5.47	-1.98337421
5.48	-1.903954342
5.49	-1.824074504
5.5	-1.74377668
5.51	-1.663102804
5.52	-1.582094746
5.53	-1.50079429
5.54	-1.419243113
5.55	-1.337482765
5.56	-1.255554653
5.57	-1.173500014
5.58	-1.091359906
5.59	-1.009175178
5.6	-0.9269864614
5.61	-0.8448341428
5.62	-0.762758351
5.63	-0.6807989371
5.64	-0.5989954564
5.65	-0.5173871511
5.66	-0.4360129326
5.67	-0.354911365
5.68	-0.2741206473
5.69	-0.1936785977
5.7	-0.1136226367
5.71	-0.03398977159
5.72	0.04518341982
5.73	0.1238608041
5.74	0.2020067074
5.75	0.2795859305
5.76	0.3565637629
5.77	0.4329059971
5.78	0.5085789424
5.79	0.5835494385
5.8	0.6577848681
5.81	0.7312531703
5.82	0.8039228527
5.83	0.8757630033
5.84	0.9467433028
5.85	1.016834035
5.86	1.086006099
5.87	1.154231019
5.88	1.221480954
5.89	1.287728709
5.9	1.352947744
5.91	1.417112183
5.92	1.480196822
5.93	1.542177139
5.94	1.6030293
5.95	1.662730168
5.96	1.721257311
5.97	1.778589007
5.98	1.834704249
5.99	1.889582756
6	1.943204974
6.01	1.995552084
6.02	2.046606006
6.03	2.0963494
6.04	2.144765678
6.05	2.191839
6.06	2.237554282
6.07	2.281897196
6.08	2.324854173
6.09	2.366412408
6.1	2.406559858
6.11	2.445285246
6.12	2.482578059
6.13	2.518428553
6.14	2.552827748
6.15	2.585767433
6.16	2.61724016
6.17	2.647239249
6.18	2.675758782
6.19	2.702793604
6.2	2.728339318
6.21	2.752392287
6.22	2.774949627
6.23	2.796009207
6.24	2.815569645
6.25	2.833630302
6.26	2.850191278
6.27	2.865253414
6.28	2.878818276
6.29	2.89088816
6.3	2.901466082
6.31	2.910555771
6.32	2.918161666
6.33	2.924288908
6.34	2.928943332
6.35	2.932131464
6.36	2.933860509
6.37	2.934138346
6.38	2.93297352
6.39	2.930375232
6.4	2.926353336
6.41	2.92091832
6.42	2.914081309
6.43	2.905854046
6.44	2.896248888
6.45	2.885278797
6.46	2.872957323
6.47	2.859298602
6.48	2.844317343
6.49	2.828028813
6.5	2.810448833
6.51	2.791593762
6.52	2.771480488
6.53	2.750126414
6.54	2.727549452
6.55	2.703768004
6.56	2.678800954
6.57	2.652667658
6.58	2.625387925
6.59	2.596982012
6.6	2.567470606
6.61	2.536874813
6.62	2.505216146
6.63	2.472516513
6.64	2.438798198
6.65	2.404083856
6.66	2.368396493
6.67	2.331759456
6.68	2.294196421
6.69	2.255731373
6.7	2.2163886
6.71	2.176192674
6.72	2.135168439
6.73	2.093340998
6.74	2.050735698
6.75	2.007378116
6.76	1.963294046
6.77	1.918509484
6.78	1.873050615
6.79	1.826943799
6.8	1.780215554
6.81	1.732892548
6.82	1.68500158
6.83	1.636569566
6.84	1.58762353
6.85	1.538190584
6.86	1.488297918
6.87	1.437972786
6.88	1.38724249
6.89	1.336134367
6.9	1.284675779
6.91	1.232894094
6.92	1.180816675
6.93	1.128470868
6.94	1.075883986
6.95	1.023083297
6.96	0.9700960108
6.97	0.9169492678
6.98	0.8636701223
6.99	0.8102855328
7	0.756822348
7.01	0.7033072946
7.02	0.6497669651
7.03	0.596227805
7.04	0.5427161014
7.05	0.4892579704
7.06	0.4358793456
7.07	0.3826059665
7.08	0.329463367
7.09	0.2764768638
7.1	0.2236715457
7.11	0.1710722623
7.12	0.1187036135
7.13	0.06658993856
7.14	0.0147553062
7.15	-0.0367764961
7.16	-0.08798197179
7.17	-0.1388379252
7.18	-0.1893214709
7.19	-0.2394100436
7.2	-0.2890814066
7.21	-0.3383136614
7.22	-0.3870852559
7.23	-0.4353749934
7.24	-0.4831620405
7.25	-0.5304259354
7.26	-0.5771465955
7.27	-0.6233043253
7.28	-0.6688798234
7.29	-0.71385419
7.3	-0.7582089333
7.31	-0.8019259768
7.32	-0.844987665
7.33	-0.8873767701
7.34	-0.9290764974
7.35	-0.9700704916
7.36	-1.010342841
7.37	-1.049878086
7.38	-1.088661217
7.39	-1.126677688
7.4	-1.163913414
7.41	-1.200354778
7.42	-1.235988636
7.43	-1.270802318
7.44	-1.304783632
7.45	-1.33792087
7.46	-1.370202805
7.47	-1.401618701
7.48	-1.432158308
7.49	-1.461811872
7.5	-1.490570128
7.51	-1.51842431
7.52	-1.545366144
7.53	-1.571387859
7.54	-1.596482177
7.55	-1.620642323
7.56	-1.643862019
7.57	-1.666135489
7.58	-1.687457452
7.59	-1.70782313
7.6	-1.727228241
7.61	-1.745669002
7.62	-1.763142124
7.63	-1.779644814
7.64	-1.795174774
7.65	-1.809730195
7.66	-1.823309757
7.67	-1.835912631
7.68	-1.847538468
7.69	-1.858187405
7.7	-1.867860054
7.71	-1.876557506
7.72	-1.884281323
7.73	-1.891033535
7.74	-1.89681664
7.75	-1.901633594
7.76	-1.905487811
7.77	-1.908383157
7.78	-1.910323946
7.79	-1.911314936
7.8	-1.911361321
7.81	-1.910468729
7.82	-1.908643215
7.83	-1.905891258
7.84	-1.90221975
7.85	-1.897635995
7.86	-1.892147702
7.87	-1.885762977
7.88	-1.878490318
7.89	-1.870338608
7.9	-1.86131711
7.91	-1.851435457
7.92	-1.840703648
7.93	-1.829132038
7.94	-1.816731335
7.95	-1.803512588
7.96	-1.789487183
7.97	-1.774666834
7.98	-1.759063574
7.99	-1.74268975
8	-1.725558012
8.01	-1.707681309
8.02	-1.689072876
8.03	-1.669746229
8.04	-1.649715157
8.05	-1.62899371
8.06	-1.607596196
8.07	-1.585537167
8.08	-1.562831414
8.09	-1.539493956
8.1	-1.515540035
8.11	-1.490985101
8.12	-1.46584481
8.13	-1.44013501
8.14	-1.413871734
8.15	-1.387071191
8.16	-1.359749758
8.17	-1.331923969
8.18	-1.303610506
8.19	-1.274826191
8.2	-1.245587979
8.21	-1.215912943
8.22	-1.18581827
8.23	-1.15532125
8.24	-1.124439269
8.25	-1.093189795
8.26	-1.061590374
8.27	-1.029658619
8.28	-0.9974121988
8.29	-0.9648688334
8.3	-0.9320462814
8.31	-0.8989623327
8.32	-0.8656347989
8.33	-0.8320815049
8.34	-0.7983202797
8.35	-0.7643689479
8.36	-0.7302453207
8.37	-0.6959671873
8.38	-0.6615523067
8.39	-0.6270183985
8.4	-0.5923831349
8.41	-0.5576641321
8.42	-0.522878942
8.43	-0.4880450442
8.44	-0.4531798376
8.45	-0.4183006322
8.46	-0.3834246414
8.47	-0.3485689743
8.48	-0.3137506274
8.49	-0.2789864773
8.5	-0.244293273
8.51	-0.2096876284
8.52	-0.1751860152
8.53	-0.1408047553
8.54	-0.106560014
8.55	-0.07246779258
8.56	-0.03854392203
8.57	-0.004804055776
8.58	0.02873633674
8.59	0.06206197655
8.6	0.09515778159
8.61	0.1280088729
8.62	0.1606005806
8.63	0.1929184501
8.64	0.2249482477
8.65	0.2566759663
8.66	0.2880878309
8.67	0.3191703043
8.68	0.3499100917
8.69	0.3802941462
8.7	0.4103096739
8.71	0.4399441382
8.72	0.4691852646
8.73	0.4980210453
8.74	0.5264397435
8.75	0.5544298972
8.76	0.5819803237
8.77	0.6090801229
8.78	0.6357186815
8.79	0.6618856758
8.8	0.6875710759
8.81	0.7127651482
8.82	0.7374584585
8.83	0.7616418753
8.84	0.7853065718
8.85	0.8084440289
8.86	0.8310460375
8.87	0.8531047004
8.88	0.8746124346
8.89	0.8955619729
8.9	0.9159463659
8.91	0.9357589833
8.92	0.954993515
8.93	0.9736439729
8.94	0.9917046914
8.95	1.009170328
8.96	1.026035866
8.97	1.042296611
8.98	1.057948196
8.99	1.072986577
9	1.087408038
9.01	1.101209187
9.02	1.114386955
9.03	1.126938601
9.04	1.138861705
9.05	1.150154172
9.06	1.160814228
9.07	1.170840422
9.08	1.180231621
9.09	1.188987011
9.1	1.197106096
9.11	1.204588694
9.12	1.21143494
9.13	1.217645276
9.14	1.223220457
9.15	1.228161545
9.16	1.232469906
9.17	1.236147209
9.18	1.239195423
9.19	1.241616814
9.2	1.243413943
9.21	1.244589661
9.22	1.245147109
9.23	1.245089711
9.24	1.244421174
9.25	1.243145481
9.26	1.241266892
9.27	1.238789934
9.28	1.235719405
9.29	1.232060363
9.3	1.227818125
9.31	1.222998264
9.32	1.217606602
9.33	1.211649208
9.34	1.205132391
9.35	1.198062698
9.36	1.19044691
9.37	1.182292032
9.38	1.173605295
9.39	1.164394147
9.4	1.154666248
9.41	1.144429467
9.42	1.133691876
9.43	1.122461744
9.44	1.110747532
9.45	1.09855789
9.46	1.085901648
9.47	1.072787812
9.48	1.059225561
9.49	1.045224238
9.5	1.030793346
9.51	1.015942541
9.52	1.000681628
9.53	0.9850205571
9.54	0.968969412
9.55	0.9525384095
9.56	0.9357378913
9.57	0.918578319
9.58	0.9010702678
9.59	0.8832244207
9.6	0.8650515629
9.61	0.8465625754
9.62	0.8277684297
9.63	0.8086801812
9.64	0.7893089639
9.65	0.769665984
9.66	0.7497625142
9.67	0.7296098876
9.68	0.7092194919
9.69	0.6886027636
9.7	0.6677711818
9.71	0.6467362624
9.72	0.6255095524
9.73	0.6041026238
9.74	0.5825270681
9.75	0.56079449
9.76	0.5389165021
9.77	0.5169047187
9.78	0.4947707507
9.79	0.4725261993
9.8	0.4501826506
9.81	0.4277516701
9.82	0.405244797
9.83	0.3826735389
9.84	0.3600493658
9.85	0.3373837055
9.86	0.3146879377
9.87	0.2919733886
9.88	0.269251326
9.89	0.2465329541
9.9	0.2238294082
9.91	0.2011517496
9.92	0.1785109608
9.93	0.1559179405
9.94	0.1333834987
9.95	0.1109183521
9.96	0.08853311904
9.97	0.06623831526
9.98	0.04404434913
9.99	0.02196151724
10	8.536020348e-16
10.01	-0.02183014266
10.02	-0.04351897549
10.03	-0.0650566921
10.04	-0.08643361896
10.05	-0.1076402194
10.06	-0.1286670974
10.07	-0.1495050014
10.08	-0.1701448281
10.09	-0.1905776258
10.1	-0.2107945982
10.11	-0.2307871074
10.12	-0.2505466776
10.13	-0.2700649979
10.14	-0.2893339258
10.15	-0.3083454899
10.16	-0.3270918928
10.17	-0.3455655142
10.18	-0.3637589131
10.19	-0.3816648308
10.2	-0.3992761931
10.21	-0.4165861128
10.22	-0.433587892
10.23	-0.4502750242
10.24	-0.4666411964
10.25	-0.4826802907
10.26	-0.4983863868
10.27	-0.5137537631
10.28	-0.5287768987
10.29	-0.5434504749
10.3	-0.5577693762
10.31	-0.5717286921
10.32	-0.585323718
10.33	-0.5985499563
10.34	-0.6114031177
10.35	-0.6238791213
10.36	-0.6359740963
10.37	-0.647684382
10.38	-0.6590065284
10.39	-0.669937297
10.4	-0.6804736606
10.41	-0.6906128042
10.42	-0.7003521243
10.43	-0.7096892296
10.44	-0.7186219406
10.45	-0.7271482894
10.46	-0.7352665194
10.47	-0.742975085
10.48	-0.750272651
10.49	-0.7571580922
10.5	-0.7636304923
10.51	-0.7696891434
10.52	-0.7753335451
10.53	-0.7805634035
10.54	-0.7853786298
10.55	-0.7897793395
10.56	-0.7937658512
10.57	-0.7973386846
10.58	-0.8004985597
10.59	-0.803246395
10.6	-0.8055833059
10.61	-0.8075106028
10.62	-0.8090297895
10.63	-0.8101425612
10.64	-0.8108508027
10.65	-0.8111565859
10.66	-0.8110621684
10.67	-0.8105699904
10.68	-0.809682673
10.69	-0.8084030159
10.7	-0.8067339944
10.71	-0.8046787574
10.72	-0.8022406247
10.73	-0.7994230841
10.74	-0.7962297889
10.75	-0.7926645554
10.76	-0.7887313593
10.77	-0.7844343334
10.78	-0.7797777646
10.79	-0.7747660906
10.8	-0.7694038969
10.81	-0.7636959138
10.82	-0.7576470131
10.83	-0.7512622048
10.84	-0.7445466342
10.85	-0.7375055779
10.86	-0.730144441
10.87	-0.7224687533
10.88	-0.7144841663
10.89	-0.706196449
10.9	-0.6976114851
10.91	-0.6887352689
10.92	-0.6795739019
10.93	-0.6701335892
10.94	-0.6604206357
10.95	-0.6504414426
10.96	-0.6402025035
10.97	-0.6297104007
10.98	-0.6189718014
10.99	-0.6079934541
11	-0.5967821847
11.01	-0.5853448924
11.02	-0.5736885464
11.03	-0.5618201818
11.04	-0.5497468954
11.05	-0.5374758427
11.06	-0.5250142331
11.07	-0.5123693265
11.08	-0.4995484298
11.09	-0.4865588921
11.1	-0.4734081016
11.11	-0.4601034815
11.12	-0.4466524861
11.13	-0.4330625971
11.14	-0.4193413195
11.15	-0.4054961781
11.16	-0.3915347133
11.17	-0.3774644776
11.18	-0.363293032
11.19	-0.3490279415
11.2	-0.3346767724
11.21	-0.3202470874
11.22	-0.305746443
11.23	-0.2911823851
11.24	-0.2765624458
11.25	-0.2618941393
11.26	-0.2471849589
11.27	-0.2324423729
11.28	-0.2176738215
11.29	-0.2028867132
11.3	-0.188088421
11.31	-0.1732862796
11.32	-0.1584875816
11.33	-0.1436995741
11.34	-0.128929456
11.35	-0.114184374
11.36	-0.09947141986
11.37	-0.08479762719
11.38	-0.07016996823
11.39	-0.05559535089
11.4	-0.0410806157
11.41	-0.02663253284
11.42	-0.01225779928
11.43	0.002036964103
11.44	0.01624521531
11.45	0.03036049397
11.46	0.04437642402
11.47	0.05828671632
11.48	0.07208517123
11.49	0.08576568114
11.5	0.09932223288
11.51	0.1127489102
11.52	0.1260398958
11.53	0.1391894742
11.54	0.1521920331
11.55	0.1650420665
11.56	0.1777341757
11.57	0.1902630723
11.58	0.2026235794
11.59	0.2148106339
11.6	0.2268192881
11.61	0.2386447117
11.62	0.250282193
11.63	0.261727141
11.64	0.2729750867
11.65	0.2840216844
11.66	0.2948627135
11.67	0.3054940795
11.68	0.3159118154
11.69	0.3261120828
11.7	0.3360911731
11.71	0.3458455085
11.72	0.355371643
11.73	0.3646662633
11.74	0.3737261896
11.75	0.3825483763
11.76	0.3911299129
11.77	0.3994680245
11.78	0.4075600722
11.79	0.4154035539
11.8	0.4229961044
11.81	0.4303354961
11.82	0.4374196387
11.83	0.4442465802
11.84	0.4508145063
11.85	0.4571217408
11.86	0.4631667455
11.87	0.4689481205
11.88	0.4744646033
11.89	0.4797150693
11.9	0.4846985314
11.91	0.4894141392
11.92	0.4938611791
11.93	0.4980390738
11.94	0.5019473814
11.95	0.5055857952
11.96	0.5089541428
11.97	0.5120523856
11.98	0.5148806176
11.99	0.5174390652
12	0.5197280857
12.01	0.5217481666
12.02	0.5234999246
12.03	0.5249841046
12.04	0.5262015783
12.05	0.5271533433
12.06	0.5278405215
12.07	0.5282643584
12.08	0.5284262209
12.09	0.5283275969
12.1	0.5279700929
12.11	0.5273554332
12.12	0.5264854579
12.13	0.5253621216
12.14	0.5239874917
12.15	0.5223637464
12.16	0.5204931735
12.17	0.5183781681
12.18	0.5160212311
12.19	0.5134249674
12.2	0.5105920836
12.21	0.5075253864
12.22	0.5042277808
12.23	0.5007022674
12.24	0.4969519411
12.25	0.4929799886
12.26	0.4887896863
12.27	0.4843843983
12.28	0.4797675741
12.29	0.4749427466
12.3	0.4699135297
12.31	0.4646836158
12.32	0.4592567741
12.33	0.4536368479
12.34	0.4478277521
12.35	0.4418334713
12.36	0.4356580573
12.37	0.4293056263
12.38	0.4227803571
12.39	0.4160864883
12.4	0.409228316
12.41	0.402210191
12.42	0.395036517
12.43	0.3877117477
12.44	0.3802403841
12.45	0.3726269724
12.46	0.3648761016
12.47	0.3569924004
12.48	0.3489805353
12.49	0.3408452077
12.5	0.3325911515
12.51	0.3242231306
12.52	0.3157459366
12.53	0.3071643856
12.54	0.2984833166
12.55	0.2897075883
12.56	0.2808420768
12.57	0.2718916731
12.58	0.2628612809
12.59	0.2537558135
12.6	0.244580192
12.61	0.2353393422
12.62	0.2260381926
12.63	0.216681672
12.64	0.2072747067
12.65	0.1978222184
12.66	0.1883291216
12.67	0.1788003215
12.68	0.1692407115
12.69	0.1596551705
12.7	0.1500485615
12.71	0.1404257284
12.72	0.1307914942
12.73	0.1211506586
12.74	0.1115079958
12.75	0.1018682524
12.76	0.09223614529
12.77	0.08261635915
12.78	0.07301354474
12.79	0.06343231662
12.8	0.05387725115
12.81	0.04435288447
12.82	0.0348637105
12.83	0.02541417901
12.84	0.01600869364
12.85	0.006651610117
12.86	-0.002652765711
12.87	-0.01190017961
12.88	-0.02108643079
12.89	-0.03020737361
12.9	-0.0392589193
12.91	-0.04823703766
12.92	-0.05713775863
12.93	-0.06595717393
12.94	-0.07469143857
12.95	-0.0833367724
12.96	-0.09188946154
12.97	-0.1003458598
12.98	-0.1087023903
12.99	-0.1169555462
13	-0.1251018927
13.01	-0.133138068
13.02	-0.1410607845
13.03	-0.1488668298
13.04	-0.1565530683
13.05	-0.1641164417
13.06	-0.1715539707
13.07	-0.1788627552
13.08	-0.1860399761
13.09	-0.1930828954
13.1	-0.1999888577
13.11	-0.2067552907
13.12	-0.2133797059
13.13	-0.2198596995
13.14	-0.226192953
13.15	-0.2323772339
13.16	-0.2384103961
13.17	-0.2442903806
13.18	-0.2500152161
13.19	-0.255583019
13.2	-0.2609919944
13.21	-0.2662404358
13.22	-0.271326726
13.23	-0.2762493371
13.24	-0.2810068306
13.25	-0.2855978577
13.26	-0.2900211596
13.27	-0.2942755673
13.28	-0.2983600016
13.29	-0.3022734735
13.3	-0.3060150836
13.31	-0.3095840224
13.32	-0.3129795703
13.33	-0.3162010967
13.34	-0.3192480605
13.35	-0.3221200096
13.36	-0.3248165804
13.37	-0.3273374978
13.38	-0.3296825744
13.39	-0.3318517104
13.4	-0.3338448931
13.41	-0.335662196
13.42	-0.3373037788
13.43	-0.3387698865
13.44	-0.3400608486
13.45	-0.3411770791
13.46	-0.3421190748
13.47	-0.3428874155
13.48	-0.3434827625
13.49	-0.3439058585
13.5	-0.3441575259
13.51	-0.3442386668
13.52	-0.3441502613
13.53	-0.3438933671
13.54	-0.3434691182
13.55	-0.3428787242
13.56	-0.3421234689
13.57	-0.3412047093
13.58	-0.3401238749
13.59	-0.3388824659
13.6	-0.3374820526
13.61	-0.335924274
13.62	-0.3342108364
13.63	-0.3323435125
13.64	-0.3303241399
13.65	-0.3281546199
13.66	-0.3258369163
13.67	-0.3233730537
13.68	-0.3207651164
13.69	-0.3180152471
13.7	-0.3151256455
13.71	-0.3120985664
13.72	-0.3089363189
13.73	-0.3056412647
13.74	-0.3022158165
13.75	-0.2986624365
13.76	-0.2949836352
13.77	-0.2911819695
13.78	-0.2872600415
13.79	-0.2832204968
13.8	-0.2790660228
13.81	-0.2747993473
13.82	-0.270423237
13.83	-0.2659404957
13.84	-0.2613539627
13.85	-0.2566665116
13.86	-0.2518810481
13.87	-0.2470005086
13.88	-0.242027859
13.89	-0.2369660922
13.9	-0.2318182274
13.91	-0.2265873077
13.92	-0.2212763991
13.93	-0.2158885882
13.94	-0.2104269811
13.95	-0.2048947016
13.96	-0.1992948895
13.97	-0.1936306987
13.98	-0.1879052963
13.99	-0.1821218603
14	-0.1762835781
14.01	-0.1703936451
14.02	-0.1644552629
14.03	-0.1584716378
14.04	-0.1524459791
14.05	-0.1463814974
14.06	-0.1402814035
14.07	-0.1341489062
14.08	-0.1279872111
14.09	-0.121799519
14.1	-0.1155890242
14.11	-0.1093589133
14.12	-0.1031123632
14.13	-0.09685254012
14.14	-0.09058259774
14.15	-0.08430567587
14.16	-0.07802489893
14.17	-0.07174337459
14.18	-0.06546419226
14.19	-0.05919042175
14.2	-0.05292511181
14.21	-0.04667128884
14.22	-0.04043195546
14.23	-0.03421008924
14.24	-0.02800864134
14.25	-0.02183053524
14.26	-0.01567866548
14.27	-0.009555896392
14.28	-0.003465060876
14.29	0.002591040788
14.3	0.008609642134
14.31	0.01458801166
14.32	0.02052345397
14.33	0.02641331086
14.34	0.03225496242
14.35	0.0380458281
14.36	0.04378336772
14.37	0.04946508247
14.38	0.05508851593
14.39	0.06065125498
14.4	0.06615093075
14.41	0.07158521951
14.42	0.07695184354
14.43	0.08224857199
14.44	0.08747322166
14.45	0.09262365782
14.46	0.09769779498
14.47	0.1026935975
14.48	0.1076090806
14.49	0.1124423106
14.5	0.1171914059
14.51	0.1218545373
14.52	0.1264299291
14.53	0.1309158591
14.54	0.1353106592
14.55	0.1396127163
14.56	0.1438204723
14.57	0.147932425
14.58	0.1519471278
14.59	0.155863191
14.6	0.1596792813
14.61	0.1633941226
14.62	0.1670064962
14.63	0.170515241
14.64	0.1739192537
14.65	0.1772174889
14.66	0.1804089598
14.67	0.1834927375
14.68	0.1864679517
14.69	0.1893337909
14.7	0.1920895017
14.71	0.1947343896
14.72	0.1972678186
14.73	0.1996892112
14.74	0.2019980485
14.75	0.2041938698
14.76	0.2062762729
14.77	0.2082449135
14.78	0.2100995053
14.79	0.2118398197
14.8	0.2134656856
14.81	0.2149769893
14.82	0.2163736737
14.83	0.2176557386
14.84	0.2188232401
14.85	0.21987629
14.86	0.2208150558
14.87	0.2216397602
14.88	0.2223506805
14.89	0.2229481481
14.9	0.2234325484
14.91	0.2238043197
14.92	0.2240639533
14.93	0.2242119925
14.94	0.2242490321
14.95	0.2241757179
14.96	0.2239927461
14.97	0.2237008625
14.98	0.223300862
14.99	0.2227935878
15	0.2221799308
15.01	0.2214608286
15.02	0.2206372652
15.03	0.2197102701
15.04	0.2186809171
15.05	0.2175503242
15.06	0.2163196521
15.07	0.214990104
15.08	0.2135629244
15.09	0.2120393981
15.1	0.2104208497
15.11	0.2087086426
15.12	0.2069041779
15.13	0.2050088937
15.14	0.2030242641
15.15	0.2009517983
15.16	0.1987930395
15.17	0.1965495641
15.18	0.1942229807
15.19	0.191814929
15.2	0.1893270791
15.21	0.1867611302
15.22	0.1841188095
15.23	0.1814018717
15.24	0.1786120974
15.25	0.1757512925
15.26	0.1728212868
15.27	0.1698239333
15.28	0.1667611069
15.29	0.1636347034
15.3	0.1604466387
15.31	0.1571988472
15.32	0.1538932813
15.33	0.1505319101
15.34	0.1471167181
15.35	0.1436497046
15.36	0.1401328824
15.37	0.1365682764
15.38	0.1329579232
15.39	0.1293038696
15.4	0.1256081715
15.41	0.1218728931
15.42	0.1181001056
15.43	0.1142918862
15.44	0.1104503172
15.45	0.1065774848
15.46	0.1026754779
15.47	0.09874638739
15.48	0.09479230498
15.49	0.09081532206
15.5	0.08681752878
15.51	0.08280101299
15.52	0.07876785929
15.53	0.07472014793
15.54	0.0706599539
15.55	0.06658934589
15.56	0.06251038534
15.57	0.05842512545
15.58	0.05433561025
15.59	0.05024387361
15.6	0.04615193833
15.61	0.04206181523
15.62	0.03797550217
15.63	0.03389498323
15.64	0.02982222774
15.65	0.02575918946
15.66	0.02170780569
15.67	0.01766999639
15.68	0.01364766341
15.69	0.009642689585
15.7	0.005656937984
15.71	0.001692251082
15.72	-0.002249550012
15.73	-0.00616666632
15.74	-0.01005732175
15.75	-0.01391976384
15.76	-0.01775226444
15.77	-0.02155312047
15.78	-0.02532065458
15.79	-0.02905321579
15.8	-0.0327491802
15.81	-0.03640695158
15.82	-0.04002496203
15.83	-0.04360167252
15.84	-0.04713557354
15.85	-0.05062518563
15.86	-0.05406905991
15.87	-0.05746577866
15.88	-0.06081395577
15.89	-0.06411223729
15.9	-0.06735930185
15.91	-0.07055386115
15.92	-0.07369466038
15.93	-0.07678047864
15.94	-0.07981012934
15.95	-0.08278246056
15.96	-0.08569635544
15.97	-0.08855073247
15.98	-0.09134454588
15.99	-0.09407678586
16	-0.09674647891
16.01	-0.09935268806
16.02	-0.1018945131
16.03	-0.1043710909
16.04	-0.1067815955
16.05	-0.1091252382
16.06	-0.111401268
16.07	-0.1136089717
16.08	-0.1157476737
16.09	-0.1178167363
16.1	-0.1198155602
16.11	-0.1217435837
16.12	-0.1236002836
16.13	-0.1253851745
16.14	-0.1270978096
16.15	-0.12873778
16.16	-0.1303047148
16.17	-0.1317982815
16.18	-0.1332181854
16.19	-0.1345641699
16.2	-0.1358360161
16.21	-0.1370335429
16.22	-0.1381566068
16.23	-0.1392051016
16.24	-0.1401789584
16.25	-0.1410781456
16.26	-0.141902668
16.27	-0.1426525676
16.28	-0.1433279223
16.29	-0.1439288465
16.3	-0.1444554902
16.31	-0.1449080392
16.32	-0.1452867144
16.33	-0.1455917718
16.34	-0.1458235019
16.35	-0.1459822297
16.36	-0.1460683137
16.37	-0.1460821464
16.38	-0.1460241531
16.39	-0.145894792
16.4	-0.1456945536
16.41	-0.1454239601
16.42	-0.1450835653
16.43	-0.144673954
16.44	-0.1441957414
16.45	-0.1436495727
16.46	-0.1430361226
16.47	-0.142356095
16.48	-0.141610222
16.49	-0.1407992639
16.5	-0.1399240082
16.51	-0.1389852695
16.52	-0.1379838885
16.53	-0.1369207318
16.54	-0.135796691
16.55	-0.1346126824
16.56	-0.1333696462
16.57	-0.132068546
16.58	-0.1307103681
16.59	-0.129296121
16.6	-0.1278268346
16.61	-0.1263035597
16.62	-0.1247273676
16.63	-0.1230993487
16.64	-0.1214206126
16.65	-0.1196922873
16.66	-0.1179155181
16.67	-0.1160914675
16.68	-0.1142213141
16.69	-0.1123062521
16.7	-0.1103474907
16.71	-0.1083462534
16.72	-0.106303777
16.73	-0.1042213114
16.74	-0.1021001184
16.75	-0.09994147148
16.76	-0.09774665488
16.77	-0.09551696285
16.78	-0.09325369904
16.79	-0.09095817581
16.8	-0.08863171352
16.81	-0.08627563978
16.82	-0.08389128886
16.83	-0.08148000089
16.84	-0.07904312123
16.85	-0.07658199977
16.86	-0.07409799021
16.87	-0.07159244941
16.88	-0.06906673668
16.89	-0.0665222131
16.9	-0.06396024086
16.91	-0.06138218255
16.92	-0.05878940054
16.93	-0.05618325626
16.94	-0.05356510955
16.95	-0.05093631803
16.96	-0.04829823641
16.97	-0.04565221588
16.98	-0.04299960343
16.99	-0.04034174122
17	-0.03767996598
17.01	-0.03501560836
17.02	-0.03234999231
17.03	-0.02968443449
17.04	-0.02702024364
17.05	-0.02435872002
17.06	-0.02170115478
17.07	-0.01904882941
17.08	-0.01640301518
17.09	-0.01376497252
17.1	-0.01113595054
17.11	-0.008517186418
17.12	-0.005909904919
17.13	-0.003315317824
17.14	-0.0007346234384
17.15	0.001830993926
17.16	0.004380364445
17.17	0.006912333272
17.18	0.009425761017
17.19	0.01191952421
17.2	0.01439251576
17.21	0.01684364539
17.22	0.0192718401
17.23	0.02167604456
17.24	0.02405522154
17.25	0.02640835231
17.26	0.02873443701
17.27	0.03103249506
17.28	0.0333015655
17.29	0.03554070736
17.3	0.037749
17.31	0.03992554343
17.32	0.04206945865
17.33	0.04417988792
17.34	0.0462559951
17.35	0.04829696589
17.36	0.05030200812
17.37	0.05227035202
17.38	0.05420125044
17.39	0.05609397907
17.4	0.0579478367
17.41	0.05976214541
17.42	0.06153625074
17.43	0.06326952189
17.44	0.06496135191
17.45	0.0666111578
17.46	0.06821838072
17.47	0.06978248607
17.48	0.07130296362
17.49	0.07277932761
17.5	0.07421111689
17.51	0.07559789491
17.52	0.07693924988
17.53	0.07823479475
17.54	0.07948416729
17.55	0.08068703014
17.56	0.08184307075
17.57	0.08295200148
17.58	0.08401355953
17.59	0.08502750694
17.6	0.08599363054
17.61	0.08691174194
17.62	0.08778167746
17.63	0.08860329805
17.64	0.08937648921
17.65	0.09010116092
17.66	0.09077724754
17.67	0.09140470767
17.68	0.09198352403
17.69	0.09251370336
17.7	0.0929952762
17.71	0.09342829684
17.72	0.09381284304
17.73	0.09414901592
17.74	0.09443693975
17.75	0.09467676176
17.76	0.09486865192
17.77	0.09501280271
17.78	0.09510942892
17.79	0.09515876738
17.8	0.09516107675
17.81	0.09511663721
17.82	0.09502575025
17.83	0.09488873836
17.84	0.09470594474
17.85	0.09447773303
17.86	0.09420448701
17.87	0.09388661026
17.88	0.09352452589
17.89	0.09311867616
17.9	0.09266952222
17.91	0.09217754368
17.92	0.09164323835
17.93	0.09106712183
17.94	0.09044972718
17.95	0.08979160453
17.96	0.08909332075
17.97	0.088355459
17.98	0.08757861843
17.99	0.08676341372
18	0.08591047474
18.01	0.08502044609
18.02	0.08409398676
18.03	0.08313176968
18.04	0.08213448131
18.05	0.08110282123
18.06	0.08003750172
18.07	0.07893924732
18.08	0.07780879443
18.09	0.07664689084
18.1	0.07545429531
18.11	0.07423177716
18.12	0.07298011577
18.13	0.07170010019
18.14	0.07039252868
18.15	0.06905820824
18.16	0.06769795419
18.17	0.06631258971
18.18	0.06490294538
18.19	0.06346985875
18.2	0.06201417386
18.21	0.0605367408
18.22	0.05903841526
18.23	0.05752005808
18.24	0.05598253477
18.25	0.05442671508
18.26	0.05285347255
18.27	0.05126368405
18.28	0.04965822933
18.29	0.04803799057
18.3	0.04640385193
18.31	0.04475669912
18.32	0.04309741891
18.33	0.04142689877
18.34	0.03974602635
18.35	0.03805568907
18.36	0.03635677371
18.37	0.03465016594
18.38	0.03293674992
18.39	0.03121740787
18.4	0.02949301964
18.41	0.02776446227
18.42	0.02603260963
18.43	0.02429833198
18.44	0.02256249556
18.45	0.02082596217
18.46	0.01908958884
18.47	0.01735422736
18.48	0.01562072394
18.49	0.01388991882
18.5	0.01216264588
18.51	0.01043973229
18.52	0.008721998118
18.53	0.007010255981
18.54	0.005305310701
18.55	0.003607958944
18.56	0.001918988881
18.57	0.0002391798534
18.58	-0.001430697962
18.59	-0.00308988387
18.6	-0.004737626978
18.61	-0.006373186505
18.62	-0.007995832085
18.63	-0.009604844063
18.64	-0.01119951379
18.65	-0.01277914388
18.66	-0.01434304854
18.67	-0.01589055376
18.68	-0.01742099766
18.69	-0.01893373066
18.7	-0.02042811579
18.71	-0.02190352889
18.72	-0.02335935884
18.73	-0.02479500783
18.74	-0.0262098915
18.75	-0.0276034392
18.76	-0.02897509417
18.77	-0.03032431372
18.78	-0.03165056946
18.79	-0.03295334739
18.8	-0.03423214817
18.81	-0.03548648716
18.82	-0.03671589469
18.83	-0.03791991612
18.84	-0.03909811198
18.85	-0.04025005814
18.86	-0.04137534588
18.87	-0.04247358204
18.88	-0.04354438907
18.89	-0.04458740517
18.9	-0.04560228434
18.91	-0.04658869648
18.92	-0.04754632742
18.93	-0.04847487904
18.94	-0.04937406927
18.95	-0.05024363213
18.96	-0.05108331781
18.97	-0.05189289264
18.98	-0.05267213916
18.99	-0.05342085609
19	-0.05413885835
19.01	-0.05482597707
19.02	-0.05548205952
19.03	-0.05610696916
19.04	-0.05670058556
19.05	-0.05726280439
19.06	-0.05779353735
19.07	-0.05829271214
19.08	-0.05876027238
19.09	-0.05919617759
19.1	-0.05960040302
19.11	-0.05997293968
19.12	-0.06031379417
19.13	-0.06062298861
19.14	-0.06090056054
19.15	-0.06114656281
19.16	-0.06136106346
19.17	-0.06154414559
19.18	-0.06169590722
19.19	-0.06181646119
19.2	-0.06190593498
19.21	-0.06196447056
19.22	-0.06199222426
19.23	-0.06198936659
19.24	-0.06195608207
19.25	-0.06189256906
19.26	-0.06179903959
19.27	-0.06167571915
19.28	-0.0615228465
19.29	-0.06134067352
19.3	-0.06112946494
19.31	-0.06088949818
19.32	-0.06062106314
19.33	-0.06032446193
19.34	-0.06000000872
19.35	-0.05964802947
19.36	-0.05926886169
19.37	-0.05886285424
19.38	-0.05843036708
19.39	-0.05797177101
19.4	-0.05748744744
19.41	-0.05697778813
19.42	-0.05644319494
19.43	-0.05588407958
19.44	-0.05530086332
19.45	-0.05469397677
19.46	-0.05406385957
19.47	-0.05341096015
19.48	-0.05273573544
19.49	-0.05203865061
19.5	-0.05132017878
19.51	-0.05058080073
19.52	-0.04982100465
19.53	-0.04904128582
19.54	-0.04824214636
19.55	-0.04742409492
19.56	-0.04658764637
19.57	-0.04573332157
19.58	-0.04486164703
19.59	-0.04397315462
19.6	-0.0430683813
19.61	-0.04214786882
19.62	-0.0412121634
19.63	-0.04026181547
19.64	-0.03929737935
19.65	-0.03831941297
19.66	-0.03732847755
19.67	-0.03632513736
19.68	-0.03530995933
19.69	-0.03428351287
19.7	-0.03324636948
19.71	-0.03219910251
19.72	-0.03114228685
19.73	-0.03007649863
19.74	-0.02900231497
19.75	-0.02792031361
19.76	-0.02683107273
19.77	-0.02573517057
19.78	-0.02463318519
19.79	-0.02352569419
19.8	-0.0224132744
19.81	-0.02129650164
19.82	-0.02017595042
19.83	-0.01905219364
19.84	-0.01792580239
19.85	-0.01679734561
19.86	-0.01566738987
19.87	-0.01453649906
19.88	-0.01340523418
19.89	-0.01227415304
19.9	-0.01114381005
19.91	-0.01001475591
19.92	-0.00888753741
19.93	-0.007762697164
19.94	-0.006640773371
19.95	-0.005522299579
19.96	-0.004407804451
19.97	-0.003297811531
19.98	-0.002192839022
19.99	-0.00109339956
20	-8.499668573e-17
20.01	0.001086858805
20.02	0.002166682208
20.03	0.003238981977
20.04	0.004303276497
20.05	0.005359090961
20.06	0.006405957573
20.07	0.007443415726
20.08	0.008471012189
20.09	0.009488301287
20.1	0.01049484507
20.11	0.0114902135
20.12	0.01247398457
20.13	0.01344574451
20.14	0.01440508795
20.15	0.01535161799
20.16	0.01628494643
20.17	0.01720469388
20.18	0.01811048988
20.19	0.01900197302
20.2	0.01987879112
20.21	0.02074060128
20.22	0.02158707002
20.23	0.02241787342
20.24	0.02323269715
20.25	0.02403123663
20.26	0.02481319711
20.27	0.02557829373
20.28	0.02632625161
20.29	0.02705680595
20.3	0.02776970207
20.31	0.02846469548
20.32	0.02914155196
20.33	0.0298000476
20.34	0.03043996882
20.35	0.03106111247
20.36	0.03166328581
20.37	0.03224630661
20.38	0.03281000308
20.39	0.03335421401
20.4	0.03387878866
20.41	0.0343835869
20.42	0.03486847909
20.43	0.03533334619
20.44	0.03577807969
20.45	0.0362025816
20.46	0.03660676447
20.47	0.03699055135
20.48	0.03735387577
20.49	0.0376966817
20.5	0.03801892353
20.51	0.038320566
20.52	0.03860158422
20.53	0.03886196353
20.54	0.03910169954
20.55	0.03932079797
20.56	0.0395192747
20.57	0.0396971556
20.58	0.03985447652
20.59	0.03999128319
20.6	0.04010763113
20.61	0.04020358559
20.62	0.04027922144
20.63	0.04033462308
20.64	0.04036988435
20.65	0.0403851084
20.66	0.04038040763
20.67	0.04035590353
20.68	0.0403117266
20.69	0.04024801622
20.7	0.04016492053
20.71	0.04006259631
20.72	0.03994120883
20.73	0.03980093174
20.74	0.03964194694
20.75	0.03946444441
20.76	0.03926862211
20.77	0.03905468579
20.78	0.03882284888
20.79	0.03857333232
20.8	0.03830636442
20.81	0.03802218067
20.82	0.03772102364
20.83	0.03740314275
20.84	0.03706879418
20.85	0.03671824063
20.86	0.0363517512
20.87	0.03596960122
20.88	0.03557207203
20.89	0.03515945089
20.9	0.0347320307
20.91	0.03429010992
20.92	0.03383399231
20.93	0.03336398682
20.94	0.03288040734
20.95	0.03238357257
20.96	0.03187380581
20.97	0.03135143477
20.98	0.0308167914
20.99	0.03027021167
21	0.02971203543
21.01	0.02914260618
21.02	0.02856227088
21.03	0.0279713798
21.04	0.02737028627
21.05	0.02675934653
21.06	0.02613891952
21.07	0.02550936669
21.08	0.02487105183
21.09	0.02422434082
21.1	0.02356960152
21.11	0.02290720349
21.12	0.02223751786
21.13	0.02156091713
21.14	0.02087777495
21.15	0.02018846594
21.16	0.01949336554
21.17	0.01879284975
21.18	0.01808729502
21.19	0.01737707799
21.2	0.01666257535
21.21	0.01594416363
21.22	0.01522221906
21.23	0.01449711732
21.24	0.0137692334
21.25	0.01303894142
21.26	0.01230661445
21.27	0.01157262431
21.28	0.01083734144
21.29	0.01010113466
21.3	0.009364371077
21.31	0.008627415851
21.32	0.007890632059
21.33	0.007154380523
21.34	0.006419019641
21.35	0.005684905235
21.36	0.004952390381
21.37	0.004221825262
21.38	0.003493557006
21.39	0.002767929536
21.4	0.002045283422
21.41	0.001325955733
21.42	0.0006102798908
21.43	-0.000101414471
21.44	-0.0008088016454
21.45	-0.001511559989
21.46	-0.002209372057
21.47	-0.00290192473
21.48	-0.003588909348
21.49	-0.00427002183
21.5	-0.004944962799
21.51	-0.005613437698
21.52	-0.00627515691
21.53	-0.006929835866
21.54	-0.007577195159
21.55	-0.008216960647
21.56	-0.008848863557
21.57	-0.009472640587
21.58	-0.010088034
21.59	-0.01069479171
21.6	-0.0112926674
21.61	-0.01188142058
21.62	-0.01246081665
21.63	-0.01303062706
21.64	-0.0135906293
21.65	-0.01414060702
21.66	-0.01468035007
21.67	-0.01520965462
21.68	-0.01572832315
21.69	-0.01623616456
21.7	-0.01673299421
21.71	-0.01721863398
21.72	-0.01769291229
21.73	-0.01815566418
21.74	-0.01860673135
21.75	-0.01904596217
21.76	-0.01947321172
21.77	-0.01988834185
21.78	-0.02029122118
21.79	-0.02068172514
21.8	-0.02105973597
21.81	-0.02142514276
21.82	-0.02177784146
21.83	-0.02211773486
21.84	-0.02244473265
21.85	-0.02275875136
21.86	-0.02305971443
21.87	-0.02334755214
21.88	-0.02362220164
21.89	-0.02388360695
21.9	-0.02413171892
21.91	-0.02436649521
21.92	-0.02458790029
21.93	-0.02479590542
21.94	-0.0249904886
21.95	-0.02517163455
21.96	-0.02533933471
21.97	-0.02549358713
21.98	-0.02563439651
21.99	-0.02576177412
22	-0.02587573773
22.01	-0.02597631164
22.02	-0.02606352654
22.03	-0.02613741951
22.04	-0.02619803396
22.05	-0.02624541954
22.06	-0.02627963213
22.07	-0.02630073373
22.08	-0.02630879239
22.09	-0.02630388219
22.1	-0.02628608311
22.11	-0.026255481
22.12	-0.02621216749
22.13	-0.02615623987
22.14	-0.02608780107
22.15	-0.02600695956
22.16	-0.02591382921
22.17	-0.02580852929
22.18	-0.02569118431
22.19	-0.02556192395
22.2	-0.02542088297
22.21	-0.02526820111
22.22	-0.025104023
22.23	-0.02492849802
22.24	-0.02474178027
22.25	-0.0245440284
22.26	-0.02433540553
22.27	-0.02411607915
22.28	-0.02388622101
22.29	-0.023646007
22.3	-0.02339561703
22.31	-0.02313523495
22.32	-0.02286504841
22.33	-0.02258524876
22.34	-0.02229603091
22.35	-0.02199759324
22.36	-0.02169013748
22.37	-0.02137386857
22.38	-0.02104899455
22.39	-0.02071572644
22.4	-0.02037427814
22.41	-0.02002486628
22.42	-0.01966771008
22.43	-0.01930303129
22.44	-0.018931054
22.45	-0.01855200455
22.46	-0.01816611142
22.47	-0.01777360505
22.48	-0.01737471777
22.49	-0.01696968366
22.5	-0.0165587384
22.51	-0.01614211917
22.52	-0.01572006453
22.53	-0.01529281427
22.54	-0.01486060929
22.55	-0.01442369151
22.56	-0.01398230368
22.57	-0.01353668932
22.58	-0.01308709256
22.59	-0.01263375804
22.6	-0.01217693074
22.61	-0.01171685592
22.62	-0.01125377895
22.63	-0.01078794522
22.64	-0.0103196
22.65	-0.009848988313
22.66	-0.009376354855
22.67	-0.008901943833
22.68	-0.008425998872
22.69	-0.007948762891
22.7	-0.007470477992
22.71	-0.006991385342
22.72	-0.006511725064
22.73	-0.006031736121
22.74	-0.005551656209
22.75	-0.005071721648
22.76	-0.004592167271
22.77	-0.004113226321
22.78	-0.003635130344
22.79	-0.003158109084
22.8	-0.002682390386
22.81	-0.002208200091
22.82	-0.001735761938
22.83	-0.001265297468
22.84	-0.000797025925
22.85	-0.0003311641676
22.86	0.0001320734278
22.87	0.000592475056
22.88	0.001049831571
22.89	0.001503936575
22.9	0.001954586499
22.91	0.002401580692
22.92	0.002844721496
22.93	0.003283814328
22.94	0.003718667759
22.95	0.004149093585
22.96	0.004574906904
22.97	0.004995926185
22.98	0.005411973335
22.99	0.005822873773
23	0.006228456485
23.01	0.006628554095
23.02	0.007023002921
23.03	0.007411643033
23.04	0.007794318313
23.05	0.008170876504
23.06	0.008541169267
23.07	0.008905052223
23.08	0.009262385008
23.09	0.009613031315
23.1	0.009956858933
23.11	0.01029373979
23.12	0.01062355
23.13	0.01094616989
23.14	0.01126148401
23.15	0.01156938123
23.16	0.01186975469
23.17	0.01216250188
23.18	0.01244752466
23.19	0.01272472924
23.2	0.01299402627
23.21	0.01325533078
23.22	0.01350856226
23.23	0.01375364463
23.24	0.01399050629
23.25	0.01421908007
23.26	0.0144393033
23.27	0.01465111779
23.28	0.0148544698
23.29	0.01504931009
23.3	0.01523559389
23.31	0.01541328089
23.32	0.01558233526
23.33	0.01574272562
23.34	0.01589442501
23.35	0.01603741094
23.36	0.0161716653
23.37	0.01629717438
23.38	0.01641392887
23.39	0.01652192379
23.4	0.01662115851
23.41	0.0167116367
23.42	0.0167933663
23.43	0.0168663595
23.44	0.01693063272
23.45	0.01698620656
23.46	0.01703310577
23.47	0.0170713592
23.48	0.01710099978
23.49	0.01712206449
23.5	0.01713459427
23.51	0.01713863404
23.52	0.01713423259
23.53	0.01712144258
23.54	0.01710032047
23.55	0.01707092648
23.56	0.01703332453
23.57	0.01698758219
23.58	0.01693377061
23.59	0.0168719645
23.6	0.01680224203
23.61	0.0167246848
23.62	0.01663937776
23.63	0.01654640918
23.64	0.01644587054
23.65	0.0163378565
23.66	0.01622246483
23.67	0.01609979633
23.68	0.01596995478
23.69	0.01583304685
23.7	0.01568918206
23.71	0.01553847266
23.72	0.01538103363
23.73	0.01521698254
23.74	0.01504643952
23.75	0.01486952714
23.76	0.01468637041
23.77	0.01449709662
23.78	0.01430183533
23.79	0.01410071824
23.8	0.01389387916
23.81	0.01368145389
23.82	0.01346358019
23.83	0.01324039764
23.84	0.01301204761
23.85	0.01277867316
23.86	0.01254041896
23.87	0.01229743121
23.88	0.01204985756
23.89	0.01179784703
23.9	0.01154154994
23.91	0.01128111778
23.92	0.01101670321
23.93	0.0107484599
23.94	0.0104765425
23.95	0.01020110652
23.96	0.009922308287
23.97	0.009640304836
23.98	0.009355253836
23.99	0.00906731351
24	0.008776642555
24.01	0.008483400058
24.02	0.008187745418
24.03	0.007889838266
24.04	0.007589838382
24.05	0.007287905621
24.06	0.006984199829
24.07	0.006678880766
24.08	0.00637210803
24.09	0.006064040979
24.1	0.00575483865
24.11	0.005444659691
24.12	0.005133662275
24.13	0.004822004036
24.14	0.004509841987
24.15	0.004197332448
24.16	0.003884630978
24.17	0.003571892296
24.18	0.003259270216
24.19	0.002946917574
24.2	0.00263498616
24.21	0.002323626648
24.22	0.002012988531
24.23	0.001703220052
24.24	0.001394468141
24.25	0.001086878351
24.26	0.0007805947904
24.27	0.000475760067
24.28	0.0001725152228
24.29	-0.0001290003249
24.3	-0.0004286488415
24.31	-0.0007262943339
24.32	-0.001021802606
24.33	-0.001315041313
24.34	-0.001605880019
24.35	-0.001894190245
24.36	-0.002179845522
24.37	-0.002462721443
24.38	-0.002742695709
24.39	-0.003019648178
24.4	-0.003293460912
24.41	-0.003564018218
24.42	-0.003831206695
24.43	-0.004094915277
24.44	-0.004355035267
24.45	-0.004611460385
24.46	-0.004864086798
24.47	-0.005112813162
24.48	-0.005357540654
24.49	-0.005598173006
24.5	-0.005834616536
24.51	-0.006066780182
24.52	-0.006294575526
24.53	-0.006517916826
24.54	-0.00673672104
24.55	-0.006950907851
24.56	-0.007160399689
24.57	-0.007365121756
24.58	-0.007565002042
24.59	-0.007759971347
24.6	-0.007949963295
24.61	-0.008134914354
24.62	-0.008314763846
24.63	-0.008489453962
24.64	-0.008658929773
24.65	-0.008823139237
24.66	-0.008982033214
24.67	-0.009135565465
24.68	-0.009283692662
24.69	-0.00942637439
24.7	-0.009563573153
24.71	-0.009695254367
24.72	-0.009821386369
24.73	-0.00994194041
24.74	-0.01005689065
24.75	-0.01016621416
24.76	-0.0102698909
24.77	-0.01036790375
24.78	-0.01046023843
24.79	-0.01054688359
24.8	-0.01062783069
24.81	-0.01070307406
24.82	-0.01077261089
24.83	-0.01083644114
24.84	-0.01089456761
24.85	-0.01094699588
24.86	-0.01099373428
24.87	-0.0110347939
24.88	-0.01107018853
24.89	-0.01109993469
24.9	-0.01112405156
24.91	-0.01114256097
24.92	-0.01115548736
24.93	-0.0111628578
24.94	-0.01116470189
24.95	-0.01116105179
24.96	-0.01115194216
24.97	-0.01113741014
24.98	-0.01111749529
24.99	-0.01109223959
25	-0.0110616874
25.01	-0.01102588541
25.02	-0.01098488261
25.03	-0.01093873024
25.04	-0.01088748177
25.05	-0.01083119286
25.06	-0.01076992131
25.07	-0.01070372701
25.08	-0.01063267192
25.09	-0.01055682001
25.1	-0.01047623723
25.11	-0.01039099146
25.12	-0.01030115245
25.13	-0.01020679181
25.14	-0.01010798292
25.15	-0.01000480092
25.16	-0.009897322647
25.17	-0.009785626584
25.18	-0.009669792816
25.19	-0.009549902985
25.2	-0.009426040233
25.21	-0.009298289157
25.22	-0.009166735757
25.23	-0.009031467389
25.24	-0.008892572706
25.25	-0.008750141615
25.26	-0.008604265222
25.27	-0.008455035778
25.28	-0.008302546629
25.29	-0.008146892167
25.3	-0.007988167769
25.31	-0.007826469753
25.32	-0.007661895319
25.33	-0.007494542499
25.34	-0.007324510103
25.35	-0.007151897666
25.36	-0.006976805394
25.37	-0.006799334113
25.38	-0.006619585213
25.39	-0.006437660596
25.4	-0.006253662623
25.41	-0.006067694061
25.42	-0.005879858031
25.43	-0.005690257952
25.44	-0.005498997495
25.45	-0.00530618052
25.46	-0.005111911036
25.47	-0.00491629314
25.48	-0.004719430969
25.49	-0.004521428648
25.5	-0.004322390241
25.51	-0.004122419695
25.52	-0.003921620796
25.53	-0.003720097113
25.54	-0.003517951955
25.55	-0.003315288316
25.56	-0.003112208828
25.57	-0.002908815715
25.58	-0.002705210742
25.59	-0.00250149517
25.6	-0.002297769709
25.61	-0.00209413447
25.62	-0.001890688923
25.63	-0.001687531847
25.64	-0.001484761291
25.65	-0.001282474527
25.66	-0.001080768006
25.67	-0.0008797373185
25.68	-0.0006794771512
25.69	-0.0004800812456
25.7	-0.0002816423582
25.71	-8.42522203e-05
25.72	0.0001119985002
25.73	0.0003070202377
25.74	0.0005007245657
25.75	0.0006930242338
25.76	0.0008838332034
25.77	0.001073066683
25.78	0.001260641161
25.79	0.001446474441
25.8	0.001630485674
25.81	0.001812595388
25.82	0.001992725521
25.83	0.002170799451
25.84	0.002346742023
25.85	0.002520479578
25.86	0.002691939982
25.87	0.002861052651
25.88	0.003027748574
25.89	0.003191960341
25.9	0.003353622166
25.91	0.003512669909
25.92	0.003669041095
25.93	0.003822674939
25.94	0.003973512366
25.95	0.004121496024
25.96	0.004266570307
25.97	0.004408681372
25.98	0.004547777151
25.99	0.004683807369
26	0.00481672356
26.01	0.004946479073
26.02	0.005073029091
26.03	0.005196330639
26.04	0.005316342593
26.05	0.005433025693
26.06	0.005546342547
26.07	0.00565625764
26.08	0.005762737341
26.09	0.005865749907
26.1	0.005965265487
26.11	0.006061256126
26.12	0.006153695768
26.13	0.006242560257
26.14	0.006327827337
26.15	0.006409476652
26.16	0.006487489744
26.17	0.006561850051
26.18	0.006632542906
26.19	0.006699555528
26.2	0.006762877023
26.21	0.006822498371
26.22	0.006878412428
26.23	0.006930613909
26.24	0.006979099387
26.25	0.007023867278
26.26	0.007064917835
26.27	0.007102253136
26.28	0.007135877068
26.29	0.00716579532
26.3	0.007192015367
26.31	0.007214546453
26.32	0.007233399582
26.33	0.007248587495
26.34	0.00726012466
26.35	0.007268027248
26.36	0.007272313122
26.37	0.007273001811
26.38	0.007270114496
26.39	0.007263673986
26.4	0.0072537047
26.41	0.007240232644
26.42	0.007223285387
26.43	0.007202892041
26.44	0.007179083236
26.45	0.007151891097
26.46	0.007121349217
26.47	0.007087492635
26.48	0.007050357805
26.49	0.007009982577
26.5	0.006966406163
26.51	0.006919669115
26.52	0.006869813292
26.53	0.006816881836
26.54	0.006760919141
26.55	0.006701970824
26.56	0.006640083696
26.57	0.00657530573
26.58	0.006507686034
26.59	0.006437274815
26.6	0.006364123352
26.61	0.006288283964
26.62	0.006209809976
26.63	0.006128755687
26.64	0.006045176341
26.65	0.00595912809
26.66	0.005870667961
26.67	0.005779853828
26.68	0.005686744372
26.69	0.005591399051
26.7	0.005493878066
26.71	0.005394242326
26.72	0.005292553415
26.73	0.005188873554
26.74	0.005083265574
26.75	0.004975792874
26.76	0.004866519389
26.77	0.004755509559
26.78	0.00464282829
26.79	0.004528540918
26.8	0.00441271318
26.81	0.004295411176
26.82	0.004176701334
26.83	0.004056650375
26.84	0.003935325281
26.85	0.003812793258
26.86	0.003689121705
26.87	0.003564378173
26.88	0.003438630341
26.89	0.003311945971
26.9	0.003184392884
26.91	0.003056038919
26.92	0.002926951904
26.93	0.00279719962
26.94	0.002666849771
26.95	0.002535969948
26.96	0.002404627598
26.97	0.002272889993
26.98	0.002140824196
26.99	0.002008497028
27	0.001875975042
27.01	0.001743324487
27.02	0.001610611279
27.03	0.00147790097
27.04	0.001345258718
27.05	0.001212749259
27.06	0.001080436877
27.07	0.0009483853723
27.08	0.000816658038
27.09	0.0006853176279
27.1	0.0005544263307
27.11	0.0004240457425
27.12	0.0002942368402
27.13	0.0001650599552
27.14	3.657474735e-05
27.15	-9.115981975e-05
27.16	-0.0002180855041
27.17	-0.0003441448092
27.18	-0.0004692810082
27.19	-0.0005934381667
27.2	-0.0007165611659
27.21	-0.0008385957245
27.22	-0.0009594884206
27.23	-0.001079186713
27.24	-0.00119763896
27.25	-0.001314794442
27.26	-0.00143060338
27.27	-0.001545016953
27.28	-0.001657987318
27.29	-0.001769467627
27.3	-0.001879412044
27.31	-0.001987775761
27.32	-0.002094515014
27.33	-0.0021995871
27.34	-0.00230295039
27.35	-0.002404564343
27.36	-0.002504389517
27.37	-0.00260238759
27.38	-0.002698521361
27.39	-0.002792754771
27.4	-0.002885052908
27.41	-0.002975382019
27.42	-0.003063709523
27.43	-0.003150004012
27.44	-0.003234235269
27.45	-0.003316374268
27.46	-0.003396393185
27.47	-0.003474265405
27.48	-0.003549965524
27.49	-0.00362346936
27.5	-0.00369475395
27.51	-0.003763797563
27.52	-0.003830579694
27.53	-0.003895081075
27.54	-0.003957283671
27.55	-0.004017170686
27.56	-0.004074726559
27.57	-0.004129936969
27.58	-0.004182788832
27.59	-0.004233270301
27.6	-0.004281370763
27.61	-0.004327080838
27.62	-0.004370392377
27.63	-0.004411298457
27.64	-0.004449793379
27.65	-0.004485872659
27.66	-0.00451953303
27.67	-0.00455077243
27.68	-0.00457959
27.69	-0.004605986074
27.7	-0.004629962174
27.71	-0.004651521002
27.72	-0.00467066643
27.73	-0.004687403492
27.74	-0.004701738376
27.75	-0.004713678411
27.76	-0.004723232059
27.77	-0.004730408904
27.78	-0.00473521964
27.79	-0.004737676057
27.8	-0.004737791034
27.81	-0.00473557852
27.82	-0.004731053525
27.83	-0.004724232104
27.84	-0.004715131345
27.85	-0.004703769354
27.86	-0.004690165235
27.87	-0.004674339084
27.88	-0.004656311964
27.89	-0.004636105896
27.9	-0.004613743838
27.91	-0.004589249669
27.92	-0.004562648173
27.93	-0.00453396502
27.94	-0.004503226751
27.95	-0.004470460754
27.96	-0.004435695251
27.97	-0.004398959278
27.98	-0.004360282663
27.99	-0.004319696011
28	-0.004277230679
28.01	-0.004232918762
28.02	-0.004186793068
28.03	-0.004138887101
28.04	-0.004089235036
28.05	-0.004037871705
28.06	-0.00398483257
28.07	-0.003930153703
28.08	-0.003873871768
28.09	-0.003816023994
28.1	-0.003756648159
28.11	-0.003695782565
28.12	-0.003633466013
28.13	-0.00356973779
28.14	-0.003504637638
28.15	-0.003438205735
28.16	-0.003370482674
28.17	-0.003301509437
28.18	-0.003231327379
28.19	-0.003159978197
28.2	-0.003087503914
28.21	-0.003013946853
28.22	-0.002939349617
28.23	-0.002863755064
28.24	-0.002787206286
28.25	-0.002709746585
28.26	-0.002631419451
28.27	-0.002552268543
28.28	-0.002472337659
28.29	-0.002391670721
28.3	-0.002310311749
28.31	-0.002228304839
28.32	-0.002145694142
28.33	-0.002062523841
28.34	-0.001978838131
28.35	-0.001894681193
28.36	-0.001810097178
28.37	-0.001725130181
28.38	-0.00163982422
28.39	-0.00155422322
28.4	-0.001468370985
28.41	-0.001382311181
28.42	-0.001296087316
28.43	-0.001209742716
28.44	-0.001123320509
28.45	-0.001036863602
28.46	-0.0009504146646
28.47	-0.0008640161039
28.48	-0.0007777100507
28.49	-0.0006915383379
28.5	-0.0006055424822
28.51	-0.0005197636654
28.52	-0.0004342427166
28.53	-0.0003490200938
28.54	-0.0002641358666
28.55	-0.0001796296986
28.56	-9.554083064e-05
28.57	-1.190806371e-05
28.58	7.123025723e-05
28.59	0.0001538362595
28.6	0.0002358725582
28.61	0.0003173022722
28.62	0.0003980890387
28.63	0.000478197028
28.64	0.0005575909585
28.65	0.0006362361101
28.66	0.000714098338
28.67	0.0007911440865
28.68	0.0008673404014
28.69	0.0009426549428
28.7	0.001017055997
28.71	0.00109051249
28.72	0.001162993996
28.73	0.00123447075
28.74	0.00130491366
28.75	0.001374294315
28.76	0.001442584994
28.77	0.001509758681
28.78	0.001575789065
28.79	0.00164065056
28.8	0.001704318301
28.81	0.001766768163
28.82	0.001827976759
28.83	0.001887921456
28.84	0.001946580374
28.85	0.002003932396
28.86	0.002059957174
28.87	0.002114635133
28.88	0.002167947476
28.89	0.00221987619
28.9	0.002270404048
28.91	0.002319514617
28.92	0.002367192254
28.93	0.002413422117
28.94	0.002458190162
28.95	0.002501483148
28.96	0.002543288636
28.97	0.002583594994
28.98	0.002622391393
28.99	0.002659667814
29	0.002695415042
29.01	0.002729624669
29.02	0.00276228909
29.03	0.002793401509
29.04	0.00282295593
29.05	0.002850947157
29.06	0.002877370795
29.07	0.002902223244
29.08	0.002925501699
29.09	0.002947204141
29.1	0.00296732934
29.11	0.002985876848
29.12	0.003002846994
29.13	0.003018240878
29.14	0.003032060371
29.15	0.003044308103
29.16	0.003054987462
29.17	0.003064102584
29.18	0.003071658351
29.19	0.00307766038
29.2	0.003082115017
29.21	0.003085029332
29.22	0.003086411107
29.23	0.003086268832
29.24	0.003084611694
29.25	0.003081449567
29.26	0.003076793009
29.27	0.003070653246
29.28	0.003063042165
29.29	0.003053972306
29.3	0.00304345685
29.31	0.003031509609
29.32	0.003018145015
29.33	0.00300337811
29.34	0.002987224536
29.35	0.002969700521
29.36	0.002950822869
29.37	0.002930608948
29.38	0.002909076681
29.39	0.002886244527
29.4	0.002862131476
29.41	0.002836757033
29.42	0.002810141206
29.43	0.002782304491
29.44	0.002753267863
29.45	0.002723052761
29.46	0.002691681072
29.47	0.002659175124
29.48	0.002625557666
29.49	0.002590851856
29.5	0.002555081249
29.51	0.002518269784
29.52	0.002480441765
29.53	0.00244162185
29.54	0.002401835039
29.55	0.002361106656
29.56	0.002319462335
29.57	0.002276928008
29.58	0.002233529888
29.59	0.002189294455
29.6	0.002144248444
29.61	0.002098418827
29.62	0.002051832797
29.63	0.002004517759
29.64	0.001956501312
29.65	0.001907811233
29.66	0.001858475464
29.67	0.001808522097
29.68	0.001757979359
29.69	0.001706875599
29.7	0.00165523927
29.71	0.001603098918
29.72	0.001550483165
29.73	0.001497420694
29.74	0.001443940238
29.75	0.001390070563
29.76	0.001335840453
29.77	0.001281278697
29.78	0.001226414075
29.79	0.001171275345
29.8	0.001115891225
29.81	0.001060290383
29.82	0.001004501423
29.83	0.0009485528674
29.84	0.0008924731492
29.85	0.0008362905945
29.86	0.0007800334105
29.87	0.0007237296724
29.88	0.0006674073104
29.89	0.0006110940967
29.9	0.0005548176328
29.91	0.0004986053371
29.92	0.0004424844326
29.93	0.0003864819344
29.94	0.0003306246378
29.95	0.0002749391067
29.96	0.0002194516615
29.97	0.0001641883681
29.98	0.0001091750263
29.99	5.443715866e-05
30	-2.421190276e-18
