temps	angle
0	0
0.01	0.5637176432
0.02	1.123608772
0.03	1.679245024
0.04	2.23020403
0.05	2.776069718
0.06	3.316432607
0.07	3.850890104
0.08	4.379046781
0.09	4.900514655
0.1	5.414913455
0.11	5.921870882
0.12	6.421022862
0.13	6.912013789
0.14	7.394496761
0.15	7.868133811
0.16	8.332596121
0.17	8.787564235
0.18	9.23272826
0.19	9.667788059
0.2	10.09245343
0.21	10.5064443
0.22	10.90949085
0.23	11.30133371
0.24	11.68172409
0.25	12.05042393
0.26	12.40720599
0.27	12.75185402
0.28	13.08416283
0.29	13.4039384
0.3	13.71099798
0.31	14.00517016
0.32	14.28629494
0.33	14.55422379
0.34	14.80881971
0.35	15.04995727
0.36	15.27752263
0.37	15.49141355
0.38	15.69153947
0.39	15.87782142
0.4	16.05019209
0.41	16.20859577
0.42	16.35298834
0.43	16.48333724
0.44	16.59962142
0.45	16.70183131
0.46	16.78996871
0.47	16.86404677
0.48	16.9240899
0.49	16.97013365
0.5	17.00222466
0.51	17.02042054
0.52	17.02478973
0.53	17.01541144
0.54	16.99237545
0.55	16.95578203
0.56	16.90574178
0.57	16.84237547
0.58	16.76581388
0.59	16.67619766
0.6	16.57367713
0.61	16.4584121
0.62	16.33057172
0.63	16.19033424
0.64	16.03788686
0.65	15.87342547
0.66	15.6971545
0.67	15.50928667
0.68	15.31004275
0.69	15.09965138
0.7	14.87834882
0.71	14.6463787
0.72	14.40399179
0.73	14.15144576
0.74	13.88900493
0.75	13.61694
0.76	13.33552782
0.77	13.04505111
0.78	12.74579822
0.79	12.43806282
0.8	12.12214368
0.81	11.79834438
0.82	11.46697304
0.83	11.128342
0.84	10.78276764
0.85	10.43057
0.86	10.07207257
0.87	9.707601956
0.88	9.337487652
0.89	8.962061714
0.9	8.581658495
0.91	8.196614362
0.92	7.807267407
0.93	7.413957169
0.94	7.017024351
0.95	6.616810535
0.96	6.213657908
0.97	5.807908974
0.98	5.399906285
0.99	4.989992156
1	4.578508399
1.01	4.165796043
1.02	3.752195068
1.03	3.338044139
1.04	2.923680335
1.05	2.509438891
1.06	2.095652939
1.07	1.68265325
1.08	1.270767984
1.09	0.860322438
1.1	0.4516388037
1.11	0.04503592544
1.12	-0.3591709371
1.13	-0.7606703411
1.14	-1.159154889
1.15	-1.554321452
1.16	-1.945871388
1.17	-2.333510758
1.18	-2.716950531
1.19	-3.095906792
1.2	-3.470100936
1.21	-3.839259864
1.22	-4.203116167
1.23	-4.561408312
1.24	-4.913880814
1.25	-5.260284405
1.26	-5.600376202
1.27	-5.93391986
1.28	-6.260685727
1.29	-6.580450987
1.3	-6.892999799
1.31	-7.198123428
1.32	-7.495620374
1.33	-7.785296489
1.34	-8.066965088
1.35	-8.340447059
1.36	-8.605570957
1.37	-8.862173102
1.38	-9.110097657
1.39	-9.349196716
1.4	-9.579330368
1.41	-9.800366764
1.42	-10.01218218
1.43	-10.21466105
1.44	-10.40769605
1.45	-10.59118809
1.46	-10.76504636
1.47	-10.92918838
1.48	-11.08353997
1.49	-11.22803529
1.5	-11.36261686
1.51	-11.48723551
1.52	-11.60185039
1.53	-11.70642898
1.54	-11.80094702
1.55	-11.88538853
1.56	-11.95974572
1.57	-12.02401898
1.58	-12.07821684
1.59	-12.1223559
1.6	-12.15646073
1.61	-12.1805639
1.62	-12.19470579
1.63	-12.1989346
1.64	-12.19330621
1.65	-12.17788415
1.66	-12.15273941
1.67	-12.11795043
1.68	-12.07360293
1.69	-12.01978985
1.7	-11.95661116
1.71	-11.88417383
1.72	-11.80259161
1.73	-11.71198497
1.74	-11.61248091
1.75	-11.50421285
1.76	-11.38732049
1.77	-11.26194962
1.78	-11.128252
1.79	-10.98638521
1.8	-10.83651244
1.81	-10.6788024
1.82	-10.51342905
1.83	-10.34057154
1.84	-10.16041395
1.85	-9.973145153
1.86	-9.778958613
1.87	-9.578052223
1.88	-9.370628105
1.89	-9.156892425
1.9	-8.9370552
1.91	-8.711330113
1.92	-8.479934309
1.93	-8.243088209
1.94	-8.001015305
1.95	-7.753941966
1.96	-7.502097237
1.97	-7.245712637
1.98	-6.985021963
1.99	-6.720261078
2	-6.45166772
2.01	-6.17948129
2.02	-5.903942654
2.03	-5.625293941
2.04	-5.343778334
2.05	-5.059639874
2.06	-4.773123258
2.07	-4.484473633
2.08	-4.1939364
2.09	-3.901757013
2.1	-3.60818078
2.11	-3.313452671
2.12	-3.017817114
2.13	-2.721517811
2.14	-2.424797537
2.15	-2.127897958
2.16	-1.831059435
2.17	-1.534520844
2.18	-1.23851939
2.19	-0.9432904267
2.2	-0.6490672762
2.21	-0.3560810549
2.22	-0.06456049945
2.23	0.2252682029
2.24	0.5131815817
2.25	0.7989590469
2.26	1.082383049
2.27	1.363239238
2.28	1.641316615
2.29	1.916407682
2.3	2.18830859
2.31	2.456819281
2.32	2.721743626
2.33	2.982889558
2.34	3.240069207
2.35	3.493099022
2.36	3.741799894
2.37	3.985997275
2.38	4.225521292
2.39	4.460206853
2.4	4.689893754
2.41	4.914426778
2.42	5.13365579
2.43	5.347435829
2.44	5.555627191
2.45	5.758095514
2.46	5.954711852
2.47	6.145352745
2.48	6.329900289
2.49	6.508242197
2.5	6.680271853
2.51	6.845888368
2.52	7.004996626
2.53	7.157507323
2.54	7.303337008
2.55	7.442408113
2.56	7.574648984
2.57	7.699993896
2.58	7.81838308
2.59	7.929762726
2.6	8.034084998
2.61	8.131308033
2.62	8.221395942
2.63	8.3043188
2.64	8.380052635
2.65	8.448579413
2.66	8.509887018
2.67	8.563969222
2.68	8.610825661
2.69	8.650461795
2.7	8.68288887
2.71	8.708123877
2.72	8.726189499
2.73	8.737114065
2.74	8.740931487
2.75	8.737681205
2.76	8.727408116
2.77	8.710162512
2.78	8.686000001
2.79	8.654981435
2.8	8.617172827
2.81	8.572645267
2.82	8.521474836
2.83	8.463742513
2.84	8.399534082
2.85	8.328940034
2.86	8.252055462
2.87	8.168979964
2.88	8.079817529
2.89	7.984676431
2.9	7.883669116
2.91	7.776912083
2.92	7.66452577
2.93	7.54663443
2.94	7.423366011
2.95	7.294852028
2.96	7.161227438
2.97	7.02263051
2.98	6.879202691
2.99	6.73108848
3	6.578435283
3.01	6.421393286
3.02	6.260115313
3.03	6.094756689
3.04	5.925475097
3.05	5.752430438
3.06	5.575784691
3.07	5.395701769
3.08	5.212347372
3.09	5.025888847
3.1	4.836495043
3.11	4.644336162
3.12	4.449583618
3.13	4.252409891
3.14	4.052988378
3.15	3.851493253
3.16	3.648099317
3.17	3.442981857
3.18	3.2363165
3.19	3.028279071
3.2	2.819045448
3.21	2.608791421
3.22	2.397692551
3.23	2.18592403
3.24	1.973660542
3.25	1.761076124
3.26	1.548344032
3.27	1.335636602
3.28	1.123125121
3.29	0.9109796944
3.3	0.6993691132
3.31	0.4884607284
3.32	0.2784203237
3.33	0.0694119917
3.34	-0.1384019884
3.35	-0.3448612709
3.36	-0.5498075611
3.37	-0.7530847306
3.38	-0.9545389301
3.39	-1.1540187
3.4	-1.351375078
3.41	-1.546461705
3.42	-1.739134926
3.43	-1.929253889
3.44	-2.116680647
3.45	-2.301280244
3.46	-2.482920812
3.47	-2.661473658
3.48	-2.836813344
3.49	-3.008817774
3.5	-3.177368272
3.51	-3.342349653
3.52	-3.503650298
3.53	-3.661162224
3.54	-3.814781146
3.55	-3.96440654
3.56	-4.109941705
3.57	-4.251293811
3.58	-4.388373958
3.59	-4.521097218
3.6	-4.649382685
3.61	-4.773153513
3.62	-4.892336953
3.63	-5.00686439
3.64	-5.116671371
3.65	-5.221697634
3.66	-5.321887131
3.67	-5.417188045
3.68	-5.507552811
3.69	-5.592938127
3.7	-5.673304963
3.71	-5.748618567
3.72	-5.818848467
3.73	-5.883968472
3.74	-5.943956665
3.75	-5.998795395
3.76	-6.048471271
3.77	-6.092975138
3.78	-6.132302068
3.79	-6.166451333
3.8	-6.195426383
3.81	-6.219234818
3.82	-6.237888355
3.83	-6.251402798
3.84	-6.259797997
3.85	-6.263097808
3.86	-6.261330054
3.87	-6.254526473
3.88	-6.242722673
3.89	-6.225958079
3.9	-6.204275878
3.91	-6.177722964
3.92	-6.146349872
3.93	-6.110210724
3.94	-6.069363156
3.95	-6.023868257
3.96	-5.973790494
3.97	-5.919197643
3.98	-5.860160713
3.99	-5.796753869
4	-5.729054358
4.01	-5.657142421
4.02	-5.581101215
4.03	-5.501016728
4.04	-5.416977692
4.05	-5.329075497
4.06	-5.237404097
4.07	-5.142059923
4.08	-5.043141791
4.09	-4.940750804
4.1	-4.83499026
4.11	-4.725965556
4.12	-4.613784087
4.13	-4.498555151
4.14	-4.380389849
4.15	-4.259400983
4.16	-4.135702957
4.17	-4.009411672
4.18	-3.880644429
4.19	-3.749519819
4.2	-3.616157626
4.21	-3.48067872
4.22	-3.343204956
4.23	-3.203859064
4.24	-3.062764552
4.25	-2.920045597
4.26	-2.775826942
4.27	-2.630233795
4.28	-2.483391719
4.29	-2.335426535
4.3	-2.186464217
4.31	-2.036630787
4.32	-1.886052217
4.33	-1.734854324
4.34	-1.583162674
4.35	-1.431102478
4.36	-1.278798495
4.37	-1.126374936
4.38	-0.9739553637
4.39	-0.8216625983
4.4	-0.6696186239
4.41	-0.5179444941
4.42	-0.3667602401
4.43	-0.2161847806
4.44	-0.06633583185
4.45	0.0826701793
4.46	0.230718202
4.47	0.3776946458
4.48	0.5234874632
4.49	0.6679862311
4.5	0.8110822298
4.51	0.9526685208
4.52	1.092640022
4.53	1.23089358
4.54	1.367328046
4.55	1.501844341
4.56	1.634345522
4.57	1.764736854
4.58	1.892925868
4.59	2.018822422
4.6	2.142338762
4.61	2.263389576
4.62	2.381892052
4.63	2.497765924
4.64	2.610933526
4.65	2.72131984
4.66	2.828852536
4.67	2.933462016
4.68	3.035081456
4.69	3.133646841
4.7	3.229097
4.71	3.321373639
4.72	3.410421372
4.73	3.496187744
4.74	3.578623259
4.75	3.657681404
4.76	3.733318664
4.77	3.805494541
4.78	3.874171571
4.79	3.939315333
4.8	4.00089446
4.81	4.058880644
4.82	4.113248645
4.83	4.163976287
4.84	4.211044463
4.85	4.254437129
4.86	4.294141298
4.87	4.330147036
4.88	4.362447447
4.89	4.391038664
4.9	4.415919832
4.91	4.437093091
4.92	4.454563557
4.93	4.4683393
4.94	4.478431319
4.95	4.484853516
4.96	4.487622669
4.97	4.486758397
4.98	4.482283134
4.99	4.474222087
5	4.462603203
5.01	4.44745713
5.02	4.428817174
5.03	4.40671926
5.04	4.381201882
5.05	4.352306063
5.06	4.320075302
5.07	4.284555524
5.08	4.245795033
5.09	4.203844454
5.1	4.158756681
5.11	4.11058682
5.12	4.059392131
5.13	4.00523197
5.14	3.948167728
5.15	3.888262768
5.16	3.825582365
5.17	3.760193639
5.18	3.692165494
5.19	3.621568547
5.2	3.548475061
5.21	3.472958884
5.22	3.39509537
5.23	3.314961316
5.24	3.23263489
5.25	3.14819556
5.26	3.061724018
5.27	2.973302116
5.28	2.883012785
5.29	2.790939965
5.3	2.697168534
5.31	2.601784228
5.32	2.504873572
5.33	2.406523803
5.34	2.306822797
5.35	2.205858991
5.36	2.103721313
5.37	2.000499105
5.38	1.896282047
5.39	1.791160085
5.4	1.685223358
5.41	1.57856212
5.42	1.471266671
5.43	1.36342728
5.44	1.255134116
5.45	1.146477173
5.46	1.037546202
5.47	0.9284306361
5.48	0.8192195224
5.49	0.7100014527
5.5	0.6008644943
5.51	0.4918961225
5.52	0.3831831533
5.53	0.2748116774
5.54	0.1668669955
5.55	0.05943355395
5.56	-0.04740511818
5.57	-0.1535664708
5.58	-0.2589689934
5.59	-0.3635322749
5.6	-0.4671770614
5.61	-0.5698253136
5.62	-0.671400262
5.63	-0.7718264615
5.64	-0.8710298442
5.65	-0.9689377707
5.66	-1.06547908
5.67	-1.160584139
5.68	-1.254184888
5.69	-1.346214888
5.7	-1.436609361
5.71	-1.525305236
5.72	-1.61224119
5.73	-1.697357683
5.74	-1.780596998
5.75	-1.861903276
5.76	-1.941222553
5.77	-2.018502784
5.78	-2.093693884
5.79	-2.166747747
5.8	-2.237618281
5.81	-2.306261427
5.82	-2.372635185
5.83	-2.436699636
5.84	-2.498416961
5.85	-2.557751459
5.86	-2.614669562
5.87	-2.669139852
5.88	-2.72113307
5.89	-2.770622129
5.9	-2.817582124
5.91	-2.861990335
5.92	-2.903826236
5.93	-2.943071496
5.94	-2.979709982
5.95	-3.013727758
5.96	-3.045113086
5.97	-3.073856416
5.98	-3.099950387
5.99	-3.123389818
6	-3.144171696
6.01	-3.162295169
6.02	-3.177761533
6.03	-3.190574219
6.04	-3.200738773
6.05	-3.208262844
6.06	-3.213156165
6.07	-3.215430528
6.08	-3.215099767
6.09	-3.212179732
6.1	-3.206688267
6.11	-3.198645179
6.12	-3.188072215
6.13	-3.174993031
6.14	-3.159433158
6.15	-3.141419979
6.16	-3.120982686
6.17	-3.098152253
6.18	-3.072961395
6.19	-3.045444536
6.2	-3.015637768
6.21	-2.983578813
6.22	-2.94930698
6.23	-2.91286313
6.24	-2.874289627
6.25	-2.833630302
6.26	-2.7909304
6.27	-2.746236543
6.28	-2.699596681
6.29	-2.651060044
6.3	-2.600677099
6.31	-2.548499497
6.32	-2.494580026
6.33	-2.438972563
6.34	-2.381732024
6.35	-2.322914312
6.36	-2.262576266
6.37	-2.200775611
6.38	-2.137570906
6.39	-2.073021491
6.4	-2.007187433
6.41	-1.940129477
6.42	-1.871908992
6.43	-1.802587915
6.44	-1.732228699
6.45	-1.660894262
6.46	-1.58864793
6.47	-1.515553387
6.48	-1.441674618
6.49	-1.367075858
6.5	-1.291821537
6.51	-1.21597623
6.52	-1.1396046
6.53	-1.062771348
6.54	-0.9855411617
6.55	-0.9079786588
6.56	-0.8301483401
6.57	-0.7521145363
6.58	-0.6739413568
6.59	-0.5956926402
6.6	-0.5174319038
6.61	-0.439222295
6.62	-0.3611265418
6.63	-0.2832069055
6.64	-0.205525133
6.65	-0.1281424099
6.66	-0.05111931501
6.67	0.02548422526
6.68	0.1016089811
6.69	0.1771964627
6.7	0.2521889635
6.71	0.3265296015
6.72	0.4001623602
6.73	0.473032129
6.74	0.5450847418
6.75	0.616267015
6.76	0.6865267847
6.77	0.7558129427
6.78	0.824075471
6.79	0.8912654759
6.8	0.9573352206
6.81	1.022238157
6.82	1.085928955
6.83	1.148363534
6.84	1.209499088
6.85	1.269294115
6.86	1.327708442
6.87	1.384703248
6.88	1.44024109
6.89	1.49428592
6.9	1.546803114
6.91	1.597759481
6.92	1.64712329
6.93	1.694864282
6.94	1.740953687
6.95	1.78536424
6.96	1.828070189
6.97	1.869047312
6.98	1.908272926
6.99	1.945725892
7	1.981386631
7.01	2.01523712
7.02	2.047260908
7.03	2.077443112
7.04	2.105770422
7.05	2.132231103
7.06	2.156814996
7.07	2.179513514
7.08	2.20031964
7.09	2.219227927
7.1	2.236234488
7.11	2.251336993
7.12	2.264534659
7.13	2.275828244
7.14	2.285220038
7.15	2.292713845
7.16	2.298314982
7.17	2.302030255
7.18	2.303867952
7.19	2.303837823
7.2	2.301951065
7.21	2.298220306
7.22	2.292659584
7.23	2.285284327
7.24	2.276111335
7.25	2.265158753
7.26	2.252446055
7.27	2.237994017
7.28	2.221824691
7.29	2.203961381
7.3	2.184428618
7.31	2.163252132
7.32	2.140458823
7.33	2.116076734
7.34	2.090135019
7.35	2.062663916
7.36	2.033694715
7.37	2.003259726
7.38	1.971392247
7.39	1.93812653
7.4	1.903497752
7.41	1.867541975
7.42	1.830296116
7.43	1.791797913
7.44	1.752085883
7.45	1.711199296
7.46	1.669178131
7.47	1.626063041
7.48	1.581895321
7.49	1.536716864
7.5	1.490570128
7.51	1.4434981
7.52	1.395544252
7.53	1.346752508
7.54	1.297167205
7.55	1.246833055
7.56	1.195795103
7.57	1.144098696
7.58	1.091789436
7.59	1.038913151
7.6	0.9855158478
7.61	0.9316436795
7.62	0.8773429061
7.63	0.8226598557
7.64	0.7676408877
7.65	0.7123323549
7.66	0.656780566
7.67	0.601031749
7.68	0.545132014
7.69	0.4891273169
7.7	0.4330634232
7.71	0.3769858726
7.72	0.3209399432
7.73	0.2649706168
7.74	0.2091225443
7.75	0.1534400119
7.76	0.0979669075
7.77	0.04274668743
7.78	-0.01217765555
7.79	-0.0667636244
7.8	-0.120969249
7.81	-0.1747531168
7.82	-0.2280744031
7.83	-0.2808928999
7.84	-0.3331690452
7.85	-0.3848639507
7.86	-0.4359394293
7.87	-0.4863580215
7.88	-0.5360830211
7.89	-0.5850785008
7.9	-0.633309336
7.91	-0.6807412287
7.92	-0.7273407297
7.93	-0.773075261
7.94	-0.8179131364
7.95	-0.8618235822
7.96	-0.904776756
7.97	-0.9467437657
7.98	-0.9876966866
7.99	-1.027608578
8	-1.066453501
8.01	-1.10420653
8.02	-1.140843769
8.03	-1.176342365
8.04	-1.210680518
8.05	-1.243837495
8.06	-1.275793639
8.07	-1.306530377
8.08	-1.336030231
8.09	-1.364276826
8.1	-1.391254891
8.11	-1.416950272
8.12	-1.441349933
8.13	-1.464441959
8.14	-1.486215561
8.15	-1.506661078
8.16	-1.525769976
8.17	-1.543534849
8.18	-1.55994942
8.19	-1.575008536
8.2	-1.58870817
8.21	-1.601045411
8.22	-1.612018467
8.23	-1.621626654
8.24	-1.629870393
8.25	-1.636751203
8.26	-1.64227169
8.27	-1.646435542
8.28	-1.64924752
8.29	-1.650713444
8.3	-1.650840184
8.31	-1.64963565
8.32	-1.647108776
8.33	-1.643269508
8.34	-1.638128792
8.35	-1.631698557
8.36	-1.623991699
8.37	-1.615022066
8.38	-1.604804441
8.39	-1.593354525
8.4	-1.580688918
8.41	-1.5668251
8.42	-1.551781413
8.43	-1.535577038
8.44	-1.51823198
8.45	-1.499767042
8.46	-1.480203805
8.47	-1.459564606
8.48	-1.437872516
8.49	-1.415151317
8.5	-1.391425477
8.51	-1.366720127
8.52	-1.341061041
8.53	-1.314474601
8.54	-1.286987785
8.55	-1.258628131
8.56	-1.229423718
8.57	-1.199403136
8.58	-1.168595464
8.59	-1.137030239
8.6	-1.104737434
8.61	-1.071747428
8.62	-1.038090981
8.63	-1.003799204
8.64	-0.9689035373
8.65	-0.9334357168
8.66	-0.8974277513
8.67	-0.860911893
8.68	-0.8239206105
8.69	-0.7864865616
8.7	-0.7486425653
8.71	-0.7104215747
8.72	-0.6718566499
8.73	-0.6329809301
8.74	-0.593827607
8.75	-0.5544298972
8.76	-0.5148210159
8.77	-0.4750341495
8.78	-0.4351024296
8.79	-0.3950589061
8.8	-0.3549365215
8.81	-0.3147680846
8.82	-0.2745862453
8.83	-0.2344234688
8.84	-0.1943120108
8.85	-0.1542838926
8.86	-0.114370877
8.87	-0.07460444369
8.88	-0.03501576621
8.89	0.004364311804
8.9	0.0435052993
8.91	0.08237708033
8.92	0.1209499361
8.93	0.1591945664
8.94	0.197082111
8.95	0.2345841701
8.96	0.2716728242
8.97	0.3083206545
8.98	0.3445007609
8.99	0.3801867818
9	0.415352911
9.01	0.4499739161
9.02	0.4840251546
9.03	0.517482591
9.04	0.5503228118
9.05	0.5825230413
9.06	0.6140611558
9.07	0.6449156975
9.08	0.6750658878
9.09	0.7044916404
9.1	0.7331735728
9.11	0.7610930178
9.12	0.7882320349
9.13	0.8145734193
9.14	0.8401007124
9.15	0.8647982101
9.16	0.888650971
9.17	0.9116448238
9.18	0.9337663744
9.19	0.9550030118
9.2	0.9753429136
9.21	0.9947750509
9.22	1.013289192
9.23	1.030875908
9.24	1.047526571
9.25	1.063233361
9.26	1.077989266
9.27	1.091788081
9.28	1.104624409
9.29	1.116493664
9.3	1.127392064
9.31	1.137316632
9.32	1.146265196
9.33	1.154236382
9.34	1.161229612
9.35	1.1672451
9.36	1.172283846
9.37	1.176347633
9.38	1.179439018
9.39	1.181561325
9.4	1.182718641
9.41	1.182915807
9.42	1.182158406
9.43	1.18045276
9.44	1.177805916
9.45	1.174225638
9.46	1.169720393
9.47	1.164299348
9.48	1.15797235
9.49	1.150749917
9.5	1.142643226
9.51	1.133664102
9.52	1.123824999
9.53	1.113138993
9.54	1.101619762
9.55	1.089281574
9.56	1.076139273
9.57	1.062208261
9.58	1.047504484
9.59	1.032044416
9.6	1.01584504
9.61	0.9989238359
9.62	0.9812987593
9.63	0.9629882258
9.64	0.9440110936
9.65	0.924386645
9.66	0.904134569
9.67	0.8832749425
9.68	0.8618282119
9.69	0.8398151746
9.7	0.81725696
9.71	0.7941750104
9.72	0.7705910621
9.73	0.7465271257
9.74	0.7220054673
9.75	0.6970485885
9.76	0.6716792072
9.77	0.6459202377
9.78	0.6197947713
9.79	0.5933260567
9.8	0.5665374799
9.81	0.539452545
9.82	0.5120948542
9.83	0.4844880885
9.84	0.4566559879
9.85	0.4286223321
9.86	0.4004109207
9.87	0.3720455546
9.88	0.3435500161
9.89	0.3149480502
9.9	0.2862633459
9.91	0.2575195167
9.92	0.2287400829
9.93	0.1999484526
9.94	0.1711679038
9.95	0.1424215662
9.96	0.1137324038
9.97	0.08512319675
9.98	0.05661652489
9.99	0.02823475013
10	1.09748833e-15
10.01	-0.02806584884
10.02	-0.05594118673
10.03	-0.0836046868
10.04	-0.1110353205
10.05	-0.1382123728
10.06	-0.1651154569
10.07	-0.1917245289
10.08	-0.2180199015
10.09	-0.2439822582
10.1	-0.2695926664
10.11	-0.2948325905
10.12	-0.3196839042
10.13	-0.3441289031
10.14	-0.3681503158
10.15	-0.391731316
10.16	-0.4148555328
10.17	-0.4375070614
10.18	-0.4596704731
10.19	-0.4813308251
10.2	-0.5024736691
10.21	-0.5230850606
10.22	-0.5431515667
10.23	-0.562660274
10.24	-0.5815987961
10.25	-0.5999552801
10.26	-0.6177184131
10.27	-0.634877428
10.28	-0.6514221093
10.29	-0.6673427975
10.3	-0.6826303938
10.31	-0.6972763642
10.32	-0.7112727427
10.33	-0.7246121348
10.34	-0.7372877195
10.35	-0.7492932516
10.36	-0.7606230634
10.37	-0.7712720657
10.38	-0.7812357484
10.39	-0.7905101807
10.4	-0.7990920109
10.41	-0.8069784656
10.42	-0.8141673483
10.43	-0.8206570379
10.44	-0.8264464866
10.45	-0.8315352171
10.46	-0.8359233199
10.47	-0.8396114495
10.48	-0.8426008207
10.49	-0.8448932041
10.5	-0.8464909215
10.51	-0.8473968409
10.52	-0.8476143703
10.53	-0.8471474525
10.54	-0.8460005581
10.55	-0.8441786792
10.56	-0.8416873219
10.57	-0.838532499
10.58	-0.834720722
10.59	-0.8302589931
10.6	-0.8251547962
10.61	-0.8194160884
10.62	-0.8130512905
10.63	-0.8060692777
10.64	-0.7984793694
10.65	-0.7902913192
10.66	-0.7815153045
10.67	-0.7721619157
10.68	-0.7622421451
10.69	-0.7517673758
10.7	-0.7407493701
10.71	-0.7292002579
10.72	-0.7171325242
10.73	-0.7045589978
10.74	-0.691492838
10.75	-0.6779475227
10.76	-0.6639368353
10.77	-0.6494748516
10.78	-0.6345759272
10.79	-0.6192546838
10.8	-0.6035259962
10.81	-0.5874049785
10.82	-0.5709069705
10.83	-0.5540475241
10.84	-0.5368423897
10.85	-0.5193075018
10.86	-0.5014589654
10.87	-0.4833130422
10.88	-0.4648861361
10.89	-0.4461947793
10.9	-0.4272556182
10.91	-0.4080853996
10.92	-0.3887009561
10.93	-0.3691191924
10.94	-0.3493570711
10.95	-0.3294315985
10.96	-0.3093598111
10.97	-0.2891587612
10.98	-0.2688455034
10.99	-0.2484370806
11	-0.2279505107
11.01	-0.2074027724
11.02	-0.1868107924
11.03	-0.1661914318
11.04	-0.1455614727
11.05	-0.1249376056
11.06	-0.1043364161
11.07	-0.08377437241
11.08	-0.0632678125
11.09	-0.04283293204
11.1	-0.022485772
11.11	-0.002242206699
11.12	0.017882068
11.13	0.03787154628
11.14	0.05771092371
11.15	0.07738510838
11.16	0.09687923184
11.17	0.1161786596
11.18	0.1352690019
11.19	0.1541361231
11.2	0.1727661526
11.21	0.1911454933
11.22	0.209260832
11.23	0.2270991475
11.24	0.24464772
11.25	0.2618941393
11.26	0.2788263128
11.27	0.2954324738
11.28	0.3117011883
11.29	0.3276213632
11.3	0.3431822522
11.31	0.3583734632
11.32	0.373184964
11.33	0.3876070885
11.34	0.4016305424
11.35	0.4152464079
11.36	0.4284461496
11.37	0.4412216181
11.38	0.4535650549
11.39	0.4654690961
11.4	0.4769267759
11.41	0.4879315301
11.42	0.4984771986
11.43	0.5085580282
11.44	0.5181686749
11.45	0.5273042055
11.46	0.5359600992
11.47	0.544132249
11.48	0.5518169621
11.49	0.5590109608
11.5	0.5657113825
11.51	0.5719157795
11.52	0.5776221186
11.53	0.5828287799
11.54	0.5875345562
11.55	0.5917386512
11.56	0.5954406776
11.57	0.598640655
11.58	0.6013390078
11.59	0.6035365618
11.6	0.6052345417
11.61	0.6064345675
11.62	0.6071386507
11.63	0.6073491907
11.64	0.6070689701
11.65	0.6063011506
11.66	0.6050492678
11.67	0.6033172264
11.68	0.6011092946
11.69	0.5984300988
11.7	0.5952846174
11.71	0.591678175
11.72	0.5876164355
11.73	0.5831053963
11.74	0.5781513808
11.75	0.5727610317
11.76	0.5669413036
11.77	0.5606994554
11.78	0.5540430431
11.79	0.5469799114
11.8	0.539518186
11.81	0.531666265
11.82	0.5234328111
11.83	0.5148267424
11.84	0.5058572242
11.85	0.4965336596
11.86	0.486865681
11.87	0.4768631409
11.88	0.4665361021
11.89	0.4558948292
11.9	0.4449497783
11.91	0.4337115879
11.92	0.4221910692
11.93	0.4103991962
11.94	0.398347096
11.95	0.3860460388
11.96	0.373507428
11.97	0.3607427905
11.98	0.347763766
11.99	0.3345820977
12	0.3212096218
12.01	0.3076582574
12.02	0.2939399966
12.03	0.280066894
12.04	0.2660510572
12.05	0.2519046363
12.06	0.237639814
12.07	0.2232687954
12.08	0.2088037983
12.09	0.1942570431
12.1	0.1796407432
12.11	0.1649670946
12.12	0.150248267
12.13	0.1354963933
12.14	0.1207235608
12.15	0.1059418011
12.16	0.09116308126
12.17	0.07639929416
12.18	0.06166224955
12.19	0.04696366497
12.2	0.03231515686
12.21	0.01772823183
12.22	0.003214278
12.23	-0.01121544342
12.24	-0.0255498065
12.25	-0.03977782869
12.26	-0.05388867888
12.27	-0.06787168517
12.28	-0.08171634253
12.29	-0.09541232028
12.3	-0.1089494694
12.31	-0.1223178295
12.32	-0.135507636
12.33	-0.1485093264
12.34	-0.1613135471
12.35	-0.1739111598
12.36	-0.1862932471
12.37	-0.1984511189
12.38	-0.2103763175
12.39	-0.2220606235
12.4	-0.233496061
12.41	-0.244674902
12.42	-0.2555896718
12.43	-0.2662331532
12.44	-0.2765983908
12.45	-0.286678695
12.46	-0.2964676461
12.47	-0.3059590973
12.48	-0.3151471785
12.49	-0.3240262992
12.5	-0.3325911515
12.51	-0.3408367122
12.52	-0.3487582459
12.53	-0.3563513064
12.54	-0.3636117389
12.55	-0.3705356816
12.56	-0.3771195668
12.57	-0.3833601226
12.58	-0.3892543729
12.59	-0.394799639
12.6	-0.399993539
12.61	-0.404833989
12.62	-0.4093192019
12.63	-0.4134476878
12.64	-0.4172182534
12.65	-0.4206300008
12.66	-0.4236823267
12.67	-0.4263749212
12.68	-0.4287077659
12.69	-0.4306811328
12.7	-0.4322955818
12.71	-0.4335519588
12.72	-0.4344513932
12.73	-0.4349952953
12.74	-0.4351853536
12.75	-0.4350235315
12.76	-0.4345120645
12.77	-0.4336534565
12.78	-0.4324504759
12.79	-0.4309061524
12.8	-0.4290237727
12.81	-0.426806876
12.82	-0.4242592502
12.83	-0.4213849271
12.84	-0.4181881776
12.85	-0.4146735069
12.86	-0.4108456495
12.87	-0.4067095639
12.88	-0.4022704277
12.89	-0.3975336314
12.9	-0.3925047733
12.91	-0.3871896536
12.92	-0.3815942685
12.93	-0.3757248043
12.94	-0.3695876311
12.95	-0.3631892966
12.96	-0.3565365201
12.97	-0.3496361853
12.98	-0.3424953347
12.99	-0.3351211623
13	-0.3275210072
13.01	-0.3197023465
13.02	-0.3116727891
13.03	-0.303440068
13.04	-0.2950120337
13.05	-0.2863966475
13.06	-0.2776019736
13.07	-0.2686361728
13.08	-0.2595074949
13.09	-0.2502242716
13.1	-0.2407949093
13.11	-0.231227882
13.12	-0.2215317238
13.13	-0.211715022
13.14	-0.2017864095
13.15	-0.1917545579
13.16	-0.1816281701
13.17	-0.1714159731
13.18	-0.1611267108
13.19	-0.1507691371
13.2	-0.1403520084
13.21	-0.1298840768
13.22	-0.119374083
13.23	-0.1088307491
13.24	-0.09826277236
13.25	-0.08767881741
13.26	-0.07708751016
13.27	-0.0664974308
13.28	-0.05591710719
13.29	-0.04535500833
13.3	-0.03481953785
13.31	-0.02431902768
13.32	-0.01386173169
13.33	-0.003455819576
13.34	0.00689062926
13.35	0.01716963167
13.36	0.02737330663
13.37	0.03749388097
13.38	0.04752369497
13.39	0.05745520792
13.4	0.06728100342
13.41	0.07699379465
13.42	0.08658642944
13.43	0.09605189528
13.44	0.1053833241
13.45	0.1145739968
13.46	0.1236173482
13.47	0.132506971
13.48	0.1412366199
13.49	0.1498002162
13.5	0.1581918514
13.51	0.1664057907
13.52	0.1744364769
13.53	0.1822785339
13.54	0.1899267697
13.55	0.1973761795
13.56	0.2046219487
13.57	0.2116594556
13.58	0.2184842743
13.59	0.2250921763
13.6	0.2314791336
13.61	0.2376413203
13.62	0.2435751144
13.63	0.2492770997
13.64	0.2547440674
13.65	0.2599730171
13.66	0.2649611584
13.67	0.2697059115
13.68	0.2742049083
13.69	0.2784559929
13.7	0.2824572221
13.71	0.2862068656
13.72	0.2897034065
13.73	0.2929455406
13.74	0.2959321768
13.75	0.2986624365
13.76	0.3011356527
13.77	0.3033513698
13.78	0.3053093423
13.79	0.3070095341
13.8	0.3084521169
13.81	0.3096374691
13.82	0.310566174
13.83	0.3112390185
13.84	0.3116569908
13.85	0.3118212788
13.86	0.3117332675
13.87	0.3113945371
13.88	0.3108068605
13.89	0.3099722005
13.9	0.3088927073
13.91	0.3075707155
13.92	0.3060087413
13.93	0.304209479
13.94	0.3021757984
13.95	0.2999107408
13.96	0.2974175157
13.97	0.2946994977
13.98	0.291760222
13.99	0.2886033812
14	0.285232821
14.01	0.2816525365
14.02	0.2778666678
14.03	0.2738794959
14.04	0.2696954387
14.05	0.2653190461
14.06	0.2607549958
14.07	0.2560080889
14.08	0.2510832451
14.09	0.2459854981
14.1	0.2407199906
14.11	0.2352919702
14.12	0.2297067837
14.13	0.2239698729
14.14	0.2180867689
14.15	0.212063088
14.16	0.2059045259
14.17	0.1996168531
14.18	0.1932059095
14.19	0.1866775996
14.2	0.1800378869
14.21	0.1732927894
14.22	0.1664483737
14.23	0.1595107503
14.24	0.1524860681
14.25	0.1453805098
14.26	0.1382002857
14.27	0.1309516298
14.28	0.1236407933
14.29	0.1162740406
14.3	0.1088576435
14.31	0.1013978762
14.32	0.09390101066
14.33	0.08637331084
14.34	0.07882102828
14.35	0.0712503969
14.36	0.06366762812
14.37	0.05607890596
14.38	0.04849038228
14.39	0.04090817196
14.4	0.03333834821
14.41	0.02578693794
14.42	0.01825991715
14.43	0.01076320645
14.44	0.003302666596
14.45	-0.004115905869
14.46	-0.0114867829
14.47	-0.01880430915
14.48	-0.02606290612
14.49	-0.03325707615
14.5	-0.04038140643
14.51	-0.04743057277
14.52	-0.05439934346
14.53	-0.06128258284
14.54	-0.06807525493
14.55	-0.07477242686
14.56	-0.08136927224
14.57	-0.08786107442
14.58	-0.09424322962
14.59	-0.10051125
14.6	-0.1066607664
14.61	-0.1126875316
14.62	-0.1185874224
14.63	-0.1243564428
14.64	-0.129990726
14.65	-0.1354865369
14.66	-0.1408402746
14.67	-0.1460484739
14.68	-0.1511078079
14.69	-0.1560150895
14.7	-0.1607672731
14.71	-0.1653614565
14.72	-0.169794882
14.73	-0.1740649382
14.74	-0.1781691609
14.75	-0.1821052341
14.76	-0.1858709915
14.77	-0.1894644169
14.78	-0.1928836449
14.79	-0.1961269618
14.8	-0.199192806
14.81	-0.2020797681
14.82	-0.2047865915
14.83	-0.2073121721
14.84	-0.2096555586
14.85	-0.2118159522
14.86	-0.2137927064
14.87	-0.2155853265
14.88	-0.2171934693
14.89	-0.2186169422
14.9	-0.2198557026
14.91	-0.2209098571
14.92	-0.2217796604
14.93	-0.2224655142
14.94	-0.2229679662
14.95	-0.2232877086
14.96	-0.2234255766
14.97	-0.2233825471
14.98	-0.2231597368
14.99	-0.2227584009
15	-0.2221799308
15.01	-0.2214258522
15.02	-0.2204978234
15.03	-0.2193976331
15.04	-0.2181271976
15.05	-0.2166885595
15.06	-0.2150838844
15.07	-0.2133154588
15.08	-0.2113856876
15.09	-0.2092970912
15.1	-0.2070523032
15.11	-0.204654067
15.12	-0.2021052336
15.13	-0.1994087579
15.14	-0.1965676966
15.15	-0.1935852042
15.16	-0.1904645307
15.17	-0.1872090178
15.18	-0.1838220959
15.19	-0.1803072808
15.2	-0.1766681705
15.21	-0.1729084414
15.22	-0.1690318453
15.23	-0.1650422057
15.24	-0.1609434143
15.25	-0.1567394276
15.26	-0.152434263
15.27	-0.1480319957
15.28	-0.1435367546
15.29	-0.1389527189
15.3	-0.1342841142
15.31	-0.1295352092
15.32	-0.1247103118
15.33	-0.1198137651
15.34	-0.1148499443
15.35	-0.1098232524
15.36	-0.1047381168
15.37	-0.09959898569
15.38	-0.0944103239
15.39	-0.08917660962
15.4	-0.08390233054
15.41	-0.0785919802
15.42	-0.07325005432
15.43	-0.06788104719
15.44	-0.06248944802
15.45	-0.05707973741
15.46	-0.0516563837
15.47	-0.04622383956
15.48	-0.04078653837
15.49	-0.03534889086
15.5	-0.02991528166
15.51	-0.02449006588
15.52	-0.01907756585
15.53	-0.01368206777
15.54	-0.008307818515
15.55	-0.002959022414
15.56	0.00236016186
15.57	0.007645624379
15.58	0.01289330698
15.59	0.01809920622
15.6	0.0232593763
15.61	0.02836993184
15.62	0.03342705075
15.63	0.03842697681
15.64	0.0433660224
15.65	0.04824057103
15.66	0.05304707981
15.67	0.05778208189
15.68	0.06244218879
15.69	0.06702409265
15.7	0.07152456845
15.71	0.07594047607
15.72	0.08026876235
15.73	0.08450646299
15.74	0.08865070446
15.75	0.09269870572
15.76	0.09664777995
15.77	0.1004953361
15.78	0.1042388805
15.79	0.1078760182
15.8	0.1114044543
15.81	0.1148219953
15.82	0.1181265501
15.83	0.1213161314
15.84	0.1243888561
15.85	0.1273429468
15.86	0.1301767323
15.87	0.1328886483
15.88	0.1354772382
15.89	0.1379411534
15.9	0.1402791539
15.91	0.1424901085
15.92	0.1445729953
15.93	0.1465269018
15.94	0.1483510246
15.95	0.1500446699
15.96	0.1516072534
15.97	0.1530382995
15.98	0.1543374419
15.99	0.1555044224
16	0.1565390912
16.01	0.1574414058
16.02	0.1582114307
16.03	0.1588493368
16.04	0.1593554001
16.05	0.1597300016
16.06	0.1599736257
16.07	0.1600868595
16.08	0.1600703919
16.09	0.159925012
16.1	0.159651608
16.11	0.1592511662
16.12	0.1587247694
16.13	0.1580735951
16.14	0.1572989146
16.15	0.1564020913
16.16	0.1553845784
16.17	0.154247918
16.18	0.1529937391
16.19	0.1516237553
16.2	0.1501397638
16.21	0.1485436423
16.22	0.1468373482
16.23	0.1450229158
16.24	0.1431024542
16.25	0.1410781456
16.26	0.1389522426
16.27	0.1367270665
16.28	0.1344050045
16.29	0.1319885077
16.3	0.1294800885
16.31	0.1268823187
16.32	0.1241978263
16.33	0.1214292937
16.34	0.1185794551
16.35	0.1156510937
16.36	0.1126470392
16.37	0.1095701658
16.38	0.1064233889
16.39	0.1032096627
16.4	0.09993197794
16.41	0.09659335893
16.42	0.09319686098
16.43	0.08974556775
16.44	0.08624258866
16.45	0.08269105617
16.46	0.07909412313
16.47	0.07545496011
16.48	0.07177675278
16.49	0.0680626992
16.5	0.06431600719
16.51	0.06053989169
16.52	0.05673757213
16.53	0.05291226979
16.54	0.0490672052
16.55	0.04520559556
16.56	0.04133065217
16.57	0.03744557784
16.58	0.03355356441
16.59	0.0296577902
16.6	0.02576141757
16.61	0.02186759043
16.62	0.01797943183
16.63	0.01410004157
16.64	0.01023249385
16.65	0.006379834923
16.66	0.002545080831
16.67	-0.001268784865
16.68	-0.005058813287
16.69	-0.008822092404
16.7	-0.01255574917
16.71	-0.01625695159
16.72	-0.01992291079
16.73	-0.02355088295
16.74	-0.02713817131
16.75	-0.03068212801
16.76	-0.03418015597
16.77	-0.03762971065
16.78	-0.04102830181
16.79	-0.04437349518
16.8	-0.04766291408
16.81	-0.050894241
16.82	-0.05406521912
16.83	-0.05717365376
16.84	-0.06021741377
16.85	-0.06319443288
16.86	-0.06610271097
16.87	-0.06894031529
16.88	-0.0717053816
16.89	-0.07439611528
16.9	-0.07701079237
16.91	-0.0795477605
16.92	-0.08200543983
16.93	-0.08438232387
16.94	-0.08667698025
16.95	-0.08888805147
16.96	-0.09101425548
16.97	-0.09305438632
16.98	-0.09500731462
16.99	-0.09687198803
17	-0.09864743164
17.01	-0.1003327483
17.02	-0.1019271188
17.03	-0.1034298022
17.04	-0.1048401359
17.05	-0.1061575357
17.06	-0.1073814957
17.07	-0.1085115883
17.08	-0.1095474644
17.09	-0.1104888525
17.1	-0.1113355594
17.11	-0.1120874688
17.12	-0.1127445419
17.13	-0.1133068164
17.14	-0.1137744062
17.15	-0.114147501
17.16	-0.1144263651
17.17	-0.1146113377
17.18	-0.1147028312
17.19	-0.1147013312
17.2	-0.1146073951
17.21	-0.1144216515
17.22	-0.1141447995
17.23	-0.1137776071
17.24	-0.1133209106
17.25	-0.1127756137
17.26	-0.1121426858
17.27	-0.1114231611
17.28	-0.1106181378
17.29	-0.109728776
17.3	-0.108756297
17.31	-0.1077019818
17.32	-0.1065671698
17.33	-0.105353257
17.34	-0.1040616951
17.35	-0.1026939894
17.36	-0.1012516978
17.37	-0.09973642894
17.38	-0.09814984056
17.39	-0.09649363806
17.4	-0.09476957269
17.41	-0.09297943996
17.42	-0.09112507787
17.43	-0.08920836517
17.44	-0.08723121967
17.45	-0.08519559636
17.46	-0.08310348572
17.47	-0.0809569118
17.48	-0.07875793048
17.49	-0.07650862755
17.5	-0.07421111689
17.51	-0.0718675386
17.52	-0.06948005708
17.53	-0.0670508592
17.54	-0.06458215234
17.55	-0.06207616254
17.56	-0.05953513255
17.57	-0.05696131998
17.58	-0.05435699532
17.59	-0.05172444008
17.6	-0.04906594489
17.61	-0.04638380757
17.62	-0.04368033125
17.63	-0.04095782248
17.64	-0.03821858936
17.65	-0.03546493965
17.66	-0.03269917894
17.67	-0.02992360878
17.68	-0.02714052485
17.69	-0.02435221516
17.7	-0.02156095826
17.71	-0.01876902141
17.72	-0.01597865889
17.73	-0.01319211021
17.74	-0.01041159841
17.75	-0.007639328365
17.76	-0.004877485121
17.77	-0.00212823225
17.78	0.0006062897695
17.79	0.003323965132
17.8	0.00602270427
17.81	0.008700445375
17.82	0.0113551559
17.83	0.01398483401
17.84	0.01658751003
17.85	0.01916124783
17.86	0.02170414617
17.87	0.02421434007
17.88	0.02669000202
17.89	0.02912934332
17.9	0.03153061521
17.91	0.03389211009
17.92	0.03621216264
17.93	0.03848915087
17.94	0.04072149724
17.95	0.04290766961
17.96	0.04504618221
17.97	0.04713559659
17.98	0.04917452246
17.99	0.05116161855
18	0.05309559338
18.01	0.054975206
18.02	0.05679926673
18.03	0.05856663774
18.04	0.06027623372
18.05	0.06192702241
18.06	0.06351802512
18.07	0.0650483172
18.08	0.06651702848
18.09	0.06792334359
18.1	0.06926650236
18.11	0.07054580006
18.12	0.07176058764
18.13	0.07291027192
18.14	0.07399431575
18.15	0.0750122381
18.16	0.0759636141
18.17	0.07684807505
18.18	0.07766530841
18.19	0.07841505767
18.2	0.07909712226
18.21	0.07971135734
18.22	0.08025767362
18.23	0.0807360371
18.24	0.08114646871
18.25	0.08148904403
18.26	0.08176389289
18.27	0.08197119891
18.28	0.08211119904
18.29	0.08218418309
18.3	0.08219049311
18.31	0.08213052288
18.32	0.08200471722
18.33	0.08181357134
18.34	0.08155763018
18.35	0.08123748762
18.36	0.08085378574
18.37	0.08040721401
18.38	0.07989850843
18.39	0.07932845068
18.4	0.07869786724
18.41	0.07800762838
18.42	0.07725864728
18.43	0.07645187898
18.44	0.0755883194
18.45	0.07466900427
18.46	0.07369500804
18.47	0.07266744283
18.48	0.07158745726
18.49	0.07045623536
18.5	0.06927499533
18.51	0.06804498843
18.52	0.06676749771
18.53	0.06544383685
18.54	0.06407534885
18.55	0.06266340482
18.56	0.06120940269
18.57	0.05971476594
18.58	0.05818094225
18.59	0.05660940225
18.6	0.05500163816
18.61	0.05335916248
18.62	0.05168350663
18.63	0.04997621961
18.64	0.04823886665
18.65	0.04647302785
18.66	0.04468029681
18.67	0.04286227927
18.68	0.04102059177
18.69	0.03915686021
18.7	0.03727271858
18.71	0.03536980751
18.72	0.03344977296
18.73	0.03151426484
18.74	0.02956493567
18.75	0.0276034392
18.76	0.02563142912
18.77	0.02365055768
18.78	0.02166247441
18.79	0.01966882477
18.8	0.01767124886
18.81	0.01567138015
18.82	0.01367084417
18.83	0.01167125727
18.84	0.009674225366
18.85	0.00768134271
18.86	0.005694190671
18.87	0.003714336538
18.88	0.001743332346
18.89	-0.0002172862901
18.9	-0.00216600131
18.91	-0.00410131333
18.92	-0.006021742736
18.93	-0.007925830761
18.94	-0.009812140536
18.95	-0.01167925811
18.96	-0.01352579347
18.97	-0.0153503815
18.98	-0.01715168294
18.99	-0.0189283853
19	-0.02067920378
19.01	-0.02240288212
19.02	-0.02409819346
19.03	-0.02576394114
19.04	-0.02739895946
19.05	-0.02900211448
19.06	-0.03057230475
19.07	-0.03210846192
19.08	-0.03360955151
19.09	-0.03507457347
19.1	-0.03650256279
19.11	-0.03789259011
19.12	-0.03924376221
19.13	-0.04055522252
19.14	-0.04182615161
19.15	-0.04305576761
19.16	-0.04424332665
19.17	-0.04538812317
19.18	-0.04648949032
19.19	-0.04754680024
19.2	-0.04855946432
19.21	-0.04952693347
19.22	-0.05044869829
19.23	-0.0513242893
19.24	-0.05215327699
19.25	-0.05293527204
19.26	-0.05366992528
19.27	-0.05435692781
19.28	-0.05499601099
19.29	-0.05558694638
19.3	-0.05612954575
19.31	-0.05662366093
19.32	-0.0570691837
19.33	-0.05746604567
19.34	-0.05781421809
19.35	-0.0581137116
19.36	-0.05836457601
19.37	-0.05856690004
19.38	-0.058720811
19.39	-0.05882647445
19.4	-0.05888409384
19.41	-0.05889391013
19.42	-0.05885620139
19.43	-0.05877128228
19.44	-0.05863950368
19.45	-0.05846125209
19.46	-0.0582369492
19.47	-0.05796705126
19.48	-0.05765204855
19.49	-0.05729246477
19.5	-0.05688885641
19.51	-0.05644181213
19.52	-0.05595195206
19.53	-0.05541992714
19.54	-0.05484641839
19.55	-0.05423213619
19.56	-0.05357781955
19.57	-0.05288423531
19.58	-0.05215217736
19.59	-0.05138246587
19.6	-0.05057594645
19.61	-0.04973348931
19.62	-0.04885598842
19.63	-0.04794436064
19.64	-0.04699954486
19.65	-0.04602250109
19.66	-0.0450142096
19.67	-0.04397566995
19.68	-0.04290790011
19.69	-0.04181193552
19.7	-0.04068882814
19.71	-0.03953964554
19.72	-0.03836546989
19.73	-0.03716739705
19.74	-0.03594653556
19.75	-0.03470400573
19.76	-0.03344093861
19.77	-0.03215847503
19.78	-0.03085776465
19.79	-0.02953996495
19.8	-0.02820624024
19.81	-0.02685776074
19.82	-0.02549570152
19.83	-0.02412124159
19.84	-0.02273556289
19.85	-0.02133984935
19.86	-0.01993528589
19.87	-0.01852305746
19.88	-0.01710434814
19.89	-0.01568034011
19.9	-0.01425221277
19.91	-0.01282114178
19.92	-0.01138829814
19.93	-0.00995484728
19.94	-0.008521948128
19.95	-0.007090752255
19.96	-0.005662402962
19.97	-0.004238034417
19.98	-0.002818770796
19.99	-0.001405725435
20	-1.092814531e-16
20.01	0.001397316335
20.02	0.002785147688
20.03	0.004162432258
20.04	0.005528123094
20.05	0.006881188855
20.06	0.008220614544
20.07	0.009545402227
20.08	0.01085457174
20.09	0.01214716137
20.1	0.01342222851
20.11	0.01467885034
20.12	0.0159161244
20.13	0.01713316922
20.14	0.01832912494
20.15	0.01950315381
20.16	0.02065444077
20.17	0.02178219398
20.18	0.02288564527
20.19	0.02396405069
20.2	0.02501669092
20.21	0.02604287167
20.22	0.02704192418
20.23	0.02801320553
20.24	0.02895609903
20.25	0.02987001455
20.26	0.03075438886
20.27	0.03160868591
20.28	0.03243239709
20.29	0.03322504148
20.3	0.03398616608
20.31	0.03471534601
20.32	0.03541218467
20.33	0.0360763139
20.34	0.0367073941
20.35	0.03730511435
20.36	0.03786919246
20.37	0.03839937507
20.38	0.03889543762
20.39	0.03935718441
20.4	0.03978444858
20.41	0.04017709204
20.42	0.04053500543
20.43	0.04085810805
20.44	0.04114634773
20.45	0.0413997007
20.46	0.04161817148
20.47	0.04180179264
20.48	0.04195062467
20.49	0.04206475571
20.5	0.04214430138
20.51	0.04218940445
20.52	0.0422002346
20.53	0.04217698813
20.54	0.04211988763
20.55	0.04202918162
20.56	0.04190514424
20.57	0.04174807486
20.58	0.04155829766
20.59	0.04133616125
20.6	0.04108203825
20.61	0.04079632481
20.62	0.04047944019
20.63	0.04013182624
20.64	0.03975394695
20.65	0.03934628794
20.66	0.0389093559
20.67	0.03844367809
20.68	0.03794980179
20.69	0.03742829374
20.7	0.03687973953
20.71	0.03630474309
20.72	0.03570392601
20.73	0.03507792699
20.74	0.0344274012
20.75	0.03375301966
20.76	0.03305546861
20.77	0.03233544884
20.78	0.03159367507
20.79	0.03083087528
20.8	0.03004779004
20.81	0.02924517182
20.82	0.02842378437
20.83	0.02758440196
20.84	0.02672780876
20.85	0.02585479809
20.86	0.0249661718
20.87	0.02406273948
20.88	0.02314531784
20.89	0.02221472998
20.9	0.02127180467
20.91	0.02031737569
20.92	0.01935228108
20.93	0.01837736247
20.94	0.01739346438
20.95	0.01640143352
20.96	0.01540211806
20.97	0.01439636701
20.98	0.01338502946
20.99	0.01236895392
21	0.01134898766
21.01	0.01032597601
21.02	0.009300761693
21.03	0.008274184176
21.04	0.007247078994
21.05	0.006220277113
21.06	0.005194604284
21.07	0.004170880407
21.08	0.003149918906
21.09	0.002132526116
21.1	0.001119500668
21.11	0.0001116328982
21.12	-0.0008902957421
21.13	-0.001885513264
21.14	-0.002873257704
21.15	-0.003852777682
21.16	-0.004823332939
21.17	-0.005784194871
21.18	-0.006734647044
21.19	-0.0076739857
21.2	-0.008601520249
21.21	-0.009516573744
21.22	-0.01041848335
21.23	-0.01130660078
21.24	-0.01218029276
21.25	-0.01303894142
21.26	-0.0138819447
21.27	-0.01470871677
21.28	-0.01551868837
21.29	-0.01631130721
21.3	-0.01708603825
21.31	-0.01784236411
21.32	-0.01857978532
21.33	-0.01929782062
21.34	-0.01999600727
21.35	-0.0206739013
21.36	-0.02133107774
21.37	-0.02196713087
21.38	-0.0225816744
21.39	-0.02317434171
21.4	-0.023744786
21.41	-0.02429268045
21.42	-0.02481771837
21.43	-0.02531961332
21.44	-0.02579809924
21.45	-0.02625293053
21.46	-0.0266838821
21.47	-0.02709074948
21.48	-0.02747334882
21.49	-0.02783151693
21.5	-0.02816511128
21.51	-0.02847401002
21.52	-0.02875811191
21.53	-0.02901733631
21.54	-0.02925162312
21.55	-0.02946093268
21.56	-0.02964524572
21.57	-0.02980456322
21.58	-0.02993890629
21.59	-0.03004831606
21.6	-0.03013285351
21.61	-0.03019259927
21.62	-0.03022765351
21.63	-0.03023813568
21.64	-0.03022418432
21.65	-0.03018595684
21.66	-0.03012362926
21.67	-0.030037396
21.68	-0.02992746955
21.69	-0.02979408024
21.7	-0.02963747595
21.71	-0.02945792175
21.72	-0.02925569965
21.73	-0.02903110823
21.74	-0.02878446233
21.75	-0.02851609265
21.76	-0.02822634544
21.77	-0.02791558212
21.78	-0.02758417887
21.79	-0.02723252625
21.8	-0.02686102881
21.81	-0.02647010469
21.82	-0.02606018515
21.83	-0.02563171422
21.84	-0.0251851482
21.85	-0.02472095526
21.86	-0.02423961495
21.87	-0.0237416178
21.88	-0.02322746481
21.89	-0.02269766703
21.9	-0.02215274503
21.91	-0.02159322848
21.92	-0.02101965563
21.93	-0.02043257284
21.94	-0.0198325341
21.95	-0.01922010053
21.96	-0.01859583985
21.97	-0.01796032597
21.98	-0.01731413839
21.99	-0.01665786177
22	-0.0159920854
22.01	-0.0153174027
22.02	-0.01463441071
22.03	-0.0139437096
22.04	-0.01324590218
22.05	-0.01254159335
22.06	-0.01183138967
22.07	-0.01111589878
22.08	-0.01039572898
22.09	-0.009671488688
22.1	-0.008943785963
22.11	-0.00821322802
22.12	-0.007480420741
22.13	-0.006745968197
22.14	-0.006010472174
22.15	-0.005274531695
22.16	-0.004538742559
22.17	-0.003803696882
22.18	-0.003069982634
22.19	-0.002338183198
22.2	-0.001608876924
22.21	-0.0008826366899
22.22	-0.0001600294786
22.23	0.0005583840484
22.24	0.001272049963
22.25	0.001980421477
22.26	0.00268295934
22.27	0.00337913223
22.28	0.004068417132
22.29	0.004750299713
22.3	0.005424274681
22.31	0.006089846141
22.32	0.006746527937
22.33	0.007393843986
22.34	0.0080313286
22.35	0.008658526804
22.36	0.009274994631
22.37	0.009880299422
22.38	0.0104740201
22.39	0.01105574744
22.4	0.01162508435
22.41	0.01218164607
22.42	0.01272506046
22.43	0.0132549682
22.44	0.01377102299
22.45	0.01427289179
22.46	0.01476025496
22.47	0.01523280649
22.48	0.01569025412
22.49	0.01613231951
22.5	0.0165587384
22.51	0.01696926069
22.52	0.01736365063
22.53	0.01774168686
22.54	0.0181031625
22.55	0.01844788531
22.56	0.01877567766
22.57	0.01908637663
22.58	0.01937983408
22.59	0.01965591662
22.6	0.01991450568
22.61	0.02015549749
22.62	0.02037880309
22.63	0.0205843483
22.64	0.02077207371
22.65	0.02094193461
22.66	0.02109390097
22.67	0.02122795735
22.68	0.02134410285
22.69	0.021442351
22.7	0.02152272969
22.71	0.02158528101
22.72	0.02163006122
22.73	0.02165714051
22.74	0.02166660295
22.75	0.02165854631
22.76	0.02163308186
22.77	0.02159033429
22.78	0.02153044141
22.79	0.02145355407
22.8	0.0213598359
22.81	0.02124946311
22.82	0.0211226243
22.83	0.02097952018
22.84	0.02082036339
22.85	0.02064537824
22.86	0.02045480044
22.87	0.02024887687
22.88	0.02002786529
22.89	0.01979203408
22.9	0.01954166198
22.91	0.01927703775
22.92	0.01899845994
22.93	0.01870623652
22.94	0.01840068466
22.95	0.01808213034
22.96	0.0177509081
22.97	0.01740736066
22.98	0.01705183865
22.99	0.01668470022
23	0.01630631078
23.01	0.01591704258
23.02	0.01551727446
23.03	0.01510739141
23.04	0.01468778429
23.05	0.01425884947
23.06	0.01382098844
23.07	0.0133746075
23.08	0.01292011739
23.09	0.01245793292
23.1	0.01198847261
23.11	0.01151215837
23.12	0.01102941508
23.13	0.01054067027
23.14	0.01004635377
23.15	0.009546897284
23.16	0.009042734122
23.17	0.008534298771
23.18	0.008022026568
23.19	0.007506353338
23.2	0.006987715039
23.21	0.006466547412
23.22	0.005943285629
23.23	0.005418363948
23.24	0.004892215365
23.25	0.004365271277
23.26	0.003837961139
23.27	0.003310712133
23.28	0.002783948839
23.29	0.0022580929
23.3	0.001733562712
23.31	0.001210773094
23.32	0.0006901349833
23.33	0.0001720551255
23.34	-0.0003430642301
23.35	-0.000854825626
23.36	-0.001362836689
23.37	-0.001866710415
23.38	-0.002366065451
23.39	-0.002860526365
23.4	-0.003349723917
23.41	-0.003833295318
23.42	-0.004310884482
23.43	-0.004782142277
23.44	-0.00524672676
23.45	-0.005704303413
23.46	-0.006154545368
23.47	-0.006597133622
23.48	-0.007031757251
23.49	-0.007458113607
23.5	-0.00787590852
23.51	-0.008284856476
23.52	-0.008684680802
23.53	-0.009075113831
23.54	-0.009455897068
23.55	-0.009826781341
23.56	-0.01018752695
23.57	-0.01053790379
23.58	-0.0108776915
23.59	-0.01120667957
23.6	-0.01152466745
23.61	-0.01183146466
23.62	-0.01212689087
23.63	-0.012410776
23.64	-0.0126829603
23.65	-0.01294329438
23.66	-0.01319163931
23.67	-0.01342786666
23.68	-0.01365185852
23.69	-0.01386350756
23.7	-0.01406271703
23.71	-0.01424940079
23.72	-0.0144234833
23.73	-0.01458489966
23.74	-0.01473359552
23.75	-0.01486952714
23.76	-0.01499266133
23.77	-0.01510297539
23.78	-0.0152004571
23.79	-0.01528510466
23.8	-0.01535692663
23.81	-0.01541594184
23.82	-0.01546217934
23.83	-0.01549567829
23.84	-0.01551648791
23.85	-0.01552466732
23.86	-0.0155202855
23.87	-0.01550342111
23.88	-0.01547416241
23.89	-0.01543260714
23.9	-0.01537886234
23.91	-0.01531304424
23.92	-0.01523527812
23.93	-0.01514569813
23.94	-0.01504444713
23.95	-0.01493167655
23.96	-0.01480754619
23.97	-0.01467222404
23.98	-0.01452588612
23.99	-0.01436871627
24	-0.01420090596
24.01	-0.01402265409
24.02	-0.01383416678
24.03	-0.01363565719
24.04	-0.01342734525
24.05	-0.01320945749
24.06	-0.0129822268
24.07	-0.01274589223
24.08	-0.01250069869
24.09	-0.01224689681
24.1	-0.01198474263
24.11	-0.01171449741
24.12	-0.01143642735
24.13	-0.01115080337
24.14	-0.01085790087
24.15	-0.01055799946
24.16	-0.01025138271
24.17	-0.00993833791
24.18	-0.009619155824
24.19	-0.009294130412
24.2	-0.008963558586
24.21	-0.008627739954
24.22	-0.008286976561
24.23	-0.007941572628
24.24	-0.007591834299
24.25	-0.007238069379
24.26	-0.006880587075
24.27	-0.006519697744
24.28	-0.006155712629
24.29	-0.005788943608
24.3	-0.005419702937
24.31	-0.005048302997
24.32	-0.004675056038
24.33	-0.004300273932
24.34	-0.003924267924
24.35	-0.003547348382
24.36	-0.003169824554
24.37	-0.002792004325
24.38	-0.002414193978
24.39	-0.002036697954
24.4	-0.001659818622
24.41	-0.001283856042
24.42	-0.0009091077435
24.43	-0.0005358684954
24.44	-0.0001644300876
24.45	0.0002049188869
24.46	0.0005718932454
24.47	0.0009362114253
24.48	0.001297595689
24.49	0.001655772324
24.5	0.002010471843
24.51	0.002361429169
24.52	0.002708383832
24.53	0.003051080142
24.54	0.003389267371
24.55	0.003722699928
24.56	0.00405113752
24.57	0.004374345319
24.58	0.004692094116
24.59	0.005004160473
24.6	0.005310326869
24.61	0.005610381839
24.62	0.005904120107
24.63	0.00619134272
24.64	0.006471857162
24.65	0.006745477478
24.66	0.007012024381
24.67	0.007271325357
24.68	0.007523214765
24.69	0.007767533927
24.7	0.008004131217
24.71	0.008232862138
24.72	0.008453589399
24.73	0.00866618298
24.74	0.008870520193
24.75	0.009066485742
24.76	0.009253971764
24.77	0.009432877877
24.78	0.009603111215
24.79	0.009764586456
24.8	0.00991722585
24.81	0.01006095923
24.82	0.01019572403
24.83	0.01032146528
24.84	0.01043813563
24.85	0.01054569529
24.86	0.01064411209
24.87	0.01073336139
24.88	0.01081342611
24.89	0.01088429665
24.9	0.0109459709
24.91	0.01099845416
24.92	0.01104175911
24.93	0.01107590577
24.94	0.01110092138
24.95	0.01111684041
24.96	0.01112370446
24.97	0.01112156214
24.98	0.01111046908
24.99	0.01109048774
25	0.0110616874
25.01	0.01102414404
25.02	0.01097794021
25.03	0.01092316496
25.04	0.0108599137
25.05	0.01078828813
25.06	0.01070839606
25.07	0.01062035133
25.08	0.01052427368
25.09	0.01042028859
25.1	0.01030852718
25.11	0.01018912603
25.12	0.01006222708
25.13	0.009927977464
25.14	0.009786529348
25.15	0.009638039799
25.16	0.009482670613
25.17	0.009320588168
25.18	0.009151963256
25.19	0.008976970918
25.2	0.008795790282
25.21	0.008608604393
25.22	0.008415600038
25.23	0.008216967578
25.24	0.008012900771
25.25	0.007803596596
25.26	0.007589255075
25.27	0.007370079092
25.28	0.007146274215
25.29	0.006918048514
25.3	0.006685612374
25.31	0.006449178318
25.32	0.006208960818
25.33	0.005965176115
25.34	0.005718042028
25.35	0.005467777775
25.36	0.005214603784
25.37	0.00495874151
25.38	0.00470041325
25.39	0.00443984196
25.4	0.004177251067
25.41	0.003912864291
25.42	0.003646905462
25.43	0.003379598337
25.44	0.003111166421
25.45	0.002841832789
25.46	0.002571819907
25.47	0.00230134946
25.48	0.002030642174
25.49	0.001759917646
25.5	0.001489394173
25.51	0.001219288584
25.52	0.0009498160753
25.53	0.0006811900436
25.54	0.0004136219284
25.55	0.0001473210512
25.56	-0.0001175055399
25.57	-0.0003806532237
25.58	-0.000641919956
25.59	-0.0009011064176
25.6	-0.001158016158
25.61	-0.001412455736
25.62	-0.001664234861
25.63	-0.001913166521
25.64	-0.002159067122
25.65	-0.002401756608
25.66	-0.002641058589
25.67	-0.002876800462
25.68	-0.003108813522
25.69	-0.003336933083
25.7	-0.003560998579
25.71	-0.003780853674
25.72	-0.003996346359
25.73	-0.00420732905
25.74	-0.004413658684
25.75	-0.004615196799
25.76	-0.004811809628
25.77	-0.00500336817
25.78	-0.005189748272
25.79	-0.005370830695
25.8	-0.005546501184
25.81	-0.005716650531
25.82	-0.005881174628
25.83	-0.006039974526
25.84	-0.00619295648
25.85	-0.006340031996
25.86	-0.006481117868
25.87	-0.006616136218
25.88	-0.00674501452
25.89	-0.006867685634
25.9	-0.006984087824
25.91	-0.007094164773
25.92	-0.007197865603
25.93	-0.007295144876
25.94	-0.007385962603
25.95	-0.007470284241
25.96	-0.007548080689
25.97	-0.007619328282
25.98	-0.00768400877
25.99	-0.007742109309
26	-0.007793622434
26.01	-0.007838546033
26.02	-0.007876883317
26.03	-0.007908642789
26.04	-0.007933838199
26.05	-0.007952488508
26.06	-0.007964617837
26.07	-0.00797025542
26.08	-0.007969435545
26.09	-0.007962197504
26.1	-0.007948585522
26.11	-0.007928648701
26.12	-0.007902440944
26.13	-0.007870020885
26.14	-0.007831451818
26.15	-0.00778680161
26.16	-0.007736142626
26.17	-0.00767955164
26.18	-0.007617109747
26.19	-0.007548902274
26.2	-0.007475018683
26.21	-0.007395552476
26.22	-0.007310601096
26.23	-0.007220265823
26.24	-0.00712465167
26.25	-0.007023867278
26.26	-0.006918024803
26.27	-0.006807239808
26.28	-0.006691631148
26.29	-0.006571320856
26.3	-0.00644643402
26.31	-0.006317098674
26.32	-0.006183445668
26.33	-0.006045608549
26.34	-0.005903723439
26.35	-0.005757928907
26.36	-0.005608365845
26.37	-0.005455177337
26.38	-0.005298508537
26.39	-0.005138506532
26.4	-0.004975320218
26.41	-0.004809100165
26.42	-0.004639998489
26.43	-0.004468168717
26.44	-0.004293765658
26.45	-0.004116945267
26.46	-0.003937864516
26.47	-0.003756681258
26.48	-0.003573554098
26.49	-0.003388642258
26.5	-0.003202105447
26.51	-0.003014103727
26.52	-0.002824797383
26.53	-0.002634346793
26.54	-0.0024429123
26.55	-0.002250654077
26.56	-0.002057732005
26.57	-0.001864305544
26.58	-0.001670533605
26.59	-0.001476574428
26.6	-0.001282585458
26.61	-0.00108872322
26.62	-0.0008951432015
26.63	-0.0007019997335
26.64	-0.0005094458708
26.65	-0.0003176332775
26.66	-0.0001267121133
26.67	6.316907884e-05
26.68	0.000251863483
26.69	0.0004392261177
26.7	0.0006251139423
26.71	0.0008093859604
26.72	0.0009919033215
26.73	0.00117252942
26.74	0.00135112999
26.75	0.001527573205
26.76	0.001701729762
26.77	0.001873472977
26.78	0.002042678867
26.79	0.002209226238
26.8	0.002372996762
26.81	0.002533875056
26.82	0.002691748761
26.83	0.002846508609
26.84	0.002998048496
26.85	0.00314626555
26.86	0.003291060191
26.87	0.003432336191
26.88	0.003570000736
26.89	0.003703964478
26.9	0.003834141585
26.91	0.00396044979
26.92	0.004082810439
26.93	0.004201148527
26.94	0.004315392742
26.95	0.004425475496
26.96	0.00453133296
26.97	0.004632905094
26.98	0.004730135668
26.99	0.004822972291
27	0.004911366423
27.01	0.004995273398
27.02	0.005074652432
27.03	0.005149466635
27.04	0.005219683016
27.05	0.005285272488
27.06	0.005346209866
27.07	0.005402473866
27.08	0.005454047098
27.09	0.005500916056
27.1	0.005543071106
27.11	0.005580506472
27.12	0.005613220215
27.13	0.005641214215
27.14	0.005664494142
27.15	0.005683069435
27.16	0.005696953264
27.17	0.005706162506
27.18	0.0057107177
27.19	0.005710643017
27.2	0.005705966213
27.21	0.005696718587
27.22	0.005682934935
27.23	0.005664653501
27.24	0.005641915925
27.25	0.005614767189
27.26	0.005583255563
27.27	0.005547432542
27.28	0.005507352789
27.29	0.00546307407
27.3	0.005414657192
27.31	0.005362165932
27.32	0.005305666967
27.33	0.005245229809
27.34	0.005180926727
27.35	0.005112832671
27.36	0.005041025202
27.37	0.004965584406
27.38	0.004886592822
27.39	0.004804135355
27.4	0.004718299195
27.41	0.004629173734
27.42	0.004536850482
27.43	0.004441422976
27.44	0.004342986697
27.45	0.004241638981
27.46	0.004137478925
27.47	0.004030607303
27.48	0.003921126469
27.49	0.00380914027
27.5	0.00369475395
27.51	0.003578074057
27.52	0.003459208352
27.53	0.003338265711
27.54	0.003215356034
27.55	0.003090590148
27.56	0.002964079715
27.57	0.002835937132
27.58	0.002706275442
27.59	0.002575208235
27.6	0.002442849553
27.61	0.002309313799
27.62	0.002174715638
27.63	0.002039169908
27.64	0.001902791521
27.65	0.001765695375
27.66	0.001627996258
27.67	0.001489808756
27.68	0.001351247166
27.69	0.001212425401
27.7	0.001073456903
27.71	0.0009344545523
27.72	0.0007955305828
27.73	0.0006567964931
27.74	0.0005183629619
27.75	0.0003803397636
27.76	0.0002428356852
27.77	0.0001059584445
27.78	-3.01853902e-05
27.79	-0.0001654904793
27.8	-0.0002998527892
27.81	-0.0004331696687
27.82	-0.000565339923
27.83	-0.0006962638869
27.84	-0.0008258434959
27.85	-0.0009539823556
27.86	-0.001080585809
27.87	-0.001205561004
27.88	-0.001328816955
27.89	-0.001450264607
27.9	-0.001569816895
27.91	-0.001687388802
27.92	-0.001802897417
27.93	-0.001916261986
27.94	-0.002027403967
27.95	-0.00213624708
27.96	-0.002242717353
27.97	-0.00234674317
27.98	-0.002448255312
27.99	-0.002547187001
28	-0.002643473937
28.01	-0.00273705434
28.02	-0.002827868976
28.03	-0.002915861197
28.04	-0.003000976969
28.05	-0.003083164898
28.06	-0.003162376259
28.07	-0.003238565016
28.08	-0.003311687844
28.09	-0.003381704151
28.1	-0.003448576089
28.11	-0.003512268571
28.12	-0.003572749283
28.13	-0.003629988693
28.14	-0.003683960057
28.15	-0.003734639427
28.16	-0.003782005649
28.17	-0.003826040367
28.18	-0.00386672802
28.19	-0.003904055838
28.2	-0.003938013834
28.21	-0.003968594798
28.22	-0.003995794284
28.23	-0.004019610599
28.24	-0.004040044785
28.25	-0.004057100606
28.26	-0.004070784525
28.27	-0.004081105684
28.28	-0.00408807588
28.29	-0.004091709542
28.3	-0.0040920237
28.31	-0.004089037958
28.32	-0.004082774463
28.33	-0.00407325787
28.34	-0.00406051531
28.35	-0.00404457635
28.36	-0.004025472959
28.37	-0.004003239461
28.38	-0.003977912502
28.39	-0.003949530998
28.4	-0.003918136097
28.41	-0.003883771127
28.42	-0.003846481554
28.43	-0.003806314926
28.44	-0.003763320826
28.45	-0.00371755082
28.46	-0.003669058404
28.47	-0.003617898944
28.48	-0.003564129629
28.49	-0.003507809407
28.5	-0.003448998929
28.51	-0.003387760491
28.52	-0.003324157973
28.53	-0.003258256779
28.54	-0.003190123774
28.55	-0.00311982722
28.56	-0.003047436717
28.57	-0.002973023134
28.58	-0.002896658549
28.59	-0.00281841618
28.6	-0.00273837032
28.61	-0.002656596271
28.62	-0.002573170278
28.63	-0.002488169463
28.64	-0.002401671752
28.65	-0.002313755815
28.66	-0.002224500992
28.67	-0.002133987229
28.68	-0.002042295007
28.69	-0.001949505276
28.7	-0.001855699388
28.71	-0.001760959025
28.72	-0.001665366133
28.73	-0.001569002858
28.74	-0.001471951473
28.75	-0.001374294315
28.76	-0.001276113714
28.77	-0.001177491932
28.78	-0.001078511094
28.79	-0.0009792531234
28.8	-0.0008797996752
28.81	-0.0007802320749
28.82	-0.0006806312533
28.83	-0.0005810776836
28.84	-0.0004816513197
28.85	-0.0003824315347
28.86	-0.0002834970602
28.87	-0.0001849259272
28.88	-8.67954067e-05
28.89	1.081804738e-05
28.9	0.0001078388553
28.91	0.0002041923672
28.92	0.0002998049173
28.93	0.000394603878
28.94	0.0004885177117
28.95	0.0005814760222
28.96	0.0006734096044
28.97	0.0007642504934
28.98	0.0008539320111
28.99	0.0009423888129
29	0.001029556932
29.01	0.001115373824
29.02	0.001199778406
29.03	0.001282711099
29.04	0.001364113868
29.05	0.001443930257
29.06	0.001522105427
29.07	0.001598586189
29.08	0.001673321039
29.09	0.001746260187
29.1	0.001817355589
29.11	0.001886560975
29.12	0.001953831872
29.13	0.002019125636
29.14	0.00208240147
29.15	0.002143620446
29.16	0.002202745529
29.17	0.002259741591
29.18	0.002314575433
29.19	0.002367215794
29.2	0.00241763337
29.21	0.002465800823
29.22	0.002511692791
29.23	0.0025552859
29.24	0.002596558767
29.25	0.002635492008
29.26	0.002672068239
29.27	0.002706272081
29.28	0.002738090159
29.29	0.0027675111
29.3	0.002794525532
29.31	0.002819126078
29.32	0.00284130735
29.33	0.002861065945
29.34	0.002878400429
29.35	0.002893311332
29.36	0.002905801136
29.37	0.002915874257
29.38	0.002923537032
29.39	0.002928797705
29.4	0.002931666406
29.41	0.00293215513
29.42	0.002930277722
29.43	0.002926049849
29.44	0.002919488979
29.45	0.002910614355
29.46	0.002899446971
29.47	0.002886009544
29.48	0.002870326483
29.49	0.00285242386
29.5	0.002832329383
29.51	0.002810072359
29.52	0.002785683663
29.53	0.002759195701
29.54	0.002730642382
29.55	0.002700059072
29.56	0.002667482565
29.57	0.002632951039
29.58	0.00259650402
29.59	0.002558182341
29.6	0.002518028104
29.61	0.002476084633
29.62	0.002432396435
29.63	0.002387009161
29.64	0.002339969553
29.65	0.002291325408
29.66	0.002241125531
29.67	0.002189419686
29.68	0.002136258556
29.69	0.002081693692
29.7	0.002025777469
29.71	0.001968563036
29.72	0.001910104272
29.73	0.001850455738
29.74	0.001789672624
29.75	0.001727810706
29.76	0.001664926297
29.77	0.001601076195
29.78	0.001536317639
29.79	0.001470708254
29.8	0.001404306011
29.81	0.00133716917
29.82	0.001269356234
29.83	0.001200925904
29.84	0.001131937024
29.85	0.001062448539
29.86	0.0009925194413
29.87	0.0009222087283
29.88	0.0008515753502
29.89	0.0007806781651
29.9	0.0007095758916
29.91	0.0006383270625
29.92	0.0005669899783
29.93	0.0004956226621
29.94	0.0004242828141
29.95	0.0003530277673
29.96	0.0002819144434
29.97	0.0002109993092
29.98	0.0001403383343
29.99	6.998694835e-05
30	1.692999875e-17
