temps	angle
0	0
0.01	0.8760637708
0.02	1.744711064
0.03	2.60556874
0.04	3.458270505
0.05	4.302457046
0.06	5.137776148
0.07	5.963882815
0.08	6.780439385
0.09	7.587115638
0.1	8.383588902
0.11	9.169544152
0.12	9.944674109
0.13	10.70867933
0.14	11.46126828
0.15	12.20215745
0.16	12.9310714
0.17	13.64774284
0.18	14.35191271
0.19	15.04333023
0.2	15.72175296
0.21	16.38694687
0.22	17.03868636
0.23	17.67675435
0.24	18.30094225
0.25	18.91105009
0.26	19.50688646
0.27	20.08826858
0.28	20.65502235
0.29	21.2069823
0.3	21.74399167
0.31	22.26590235
0.32	22.77257497
0.33	23.26387882
0.34	23.73969188
0.35	24.19990083
0.36	24.64440101
0.37	25.07309639
0.38	25.4858996
0.39	25.88273186
0.4	26.26352297
0.41	26.62821125
0.42	26.97674355
0.43	27.30907518
0.44	27.62516985
0.45	27.92499966
0.46	28.20854501
0.47	28.47579456
0.48	28.72674518
0.49	28.96140187
0.5	29.1797777
0.51	29.38189373
0.52	29.56777894
0.53	29.73747017
0.54	29.89101202
0.55	30.02845677
0.56	30.14986428
0.57	30.25530192
0.58	30.3448445
0.59	30.41857409
0.6	30.47658001
0.61	30.51895869
0.62	30.54581356
0.63	30.55725495
0.64	30.55339998
0.65	30.53437245
0.66	30.50030273
0.67	30.45132763
0.68	30.38759029
0.69	30.30924004
0.7	30.21643231
0.71	30.10932849
0.72	29.98809577
0.73	29.85290706
0.74	29.70394084
0.75	29.54138101
0.76	29.36541678
0.77	29.1762425
0.78	28.97405758
0.79	28.75906629
0.8	28.53147765
0.81	28.29150528
0.82	28.03936727
0.83	27.77528602
0.84	27.4994881
0.85	27.21220411
0.86	26.91366851
0.87	26.60411951
0.88	26.2837989
0.89	25.95295191
0.9	25.61182702
0.91	25.26067588
0.92	24.89975312
0.93	24.52931618
0.94	24.1496252
0.95	23.76094286
0.96	23.36353421
0.97	22.95766652
0.98	22.54360916
0.99	22.12163341
1	21.69201236
1.01	21.25502068
1.02	20.81093456
1.03	20.3600315
1.04	19.90259019
1.05	19.43889035
1.06	18.96921258
1.07	18.49383822
1.08	18.01304921
1.09	17.52712794
1.1	17.03635708
1.11	16.54101949
1.12	16.04139803
1.13	15.53777546
1.14	15.03043424
1.15	14.51965647
1.16	14.00572368
1.17	13.48891675
1.18	12.96951574
1.19	12.44779977
1.2	11.9240469
1.21	11.39853396
1.22	10.87153649
1.23	10.34332853
1.24	9.814182572
1.25	9.284369388
1.26	8.754157928
1.27	8.223815198
1.28	7.69360614
1.29	7.163793519
1.3	6.63463781
1.31	6.106397084
1.32	5.579326901
1.33	5.053680204
1.34	4.52970721
1.35	4.007655309
1.36	3.487768966
1.37	2.970289619
1.38	2.455455584
1.39	1.943501965
1.4	1.434660555
1.41	0.9291597546
1.42	0.4272244806
1.43	-0.07092391587
1.44	-0.565067732
1.45	-1.054992992
1.46	-1.540489525
1.47	-2.021351038
1.48	-2.497375187
1.49	-2.96836365
1.5	-3.434122188
1.51	-3.894460714
1.52	-4.349193353
1.53	-4.798138499
1.54	-5.241118873
1.55	-5.677961578
1.56	-6.108498148
1.57	-6.532564597
1.58	-6.950001465
1.59	-7.360653863
1.6	-7.764371509
1.61	-8.161008773
1.62	-8.550424706
1.63	-8.932483075
1.64	-9.307052396
1.65	-9.674005958
1.66	-10.03322185
1.67	-10.38458298
1.68	-10.7279771
1.69	-11.06329681
1.7	-11.39043961
1.71	-11.70930787
1.72	-12.01980884
1.73	-12.32185469
1.74	-12.6153625
1.75	-12.90025426
1.76	-13.17645684
1.77	-13.44390206
1.78	-13.70252661
1.79	-13.95227208
1.8	-14.19308496
1.81	-14.42491658
1.82	-14.64772316
1.83	-14.86146574
1.84	-15.06611018
1.85	-15.26162714
1.86	-15.44799208
1.87	-15.62518517
1.88	-15.79319133
1.89	-15.95200017
1.9	-16.10160593
1.91	-16.24200752
1.92	-16.37320841
1.93	-16.49521662
1.94	-16.60804469
1.95	-16.71170963
1.96	-16.80623286
1.97	-16.8916402
1.98	-16.96796178
1.99	-17.03523202
2	-17.09348957
2.01	-17.14277725
2.02	-17.18314202
2.03	-17.21463487
2.04	-17.23731085
2.05	-17.2512289
2.06	-17.25645191
2.07	-17.25304654
2.08	-17.24108324
2.09	-17.22063616
2.1	-17.19178307
2.11	-17.15460531
2.12	-17.10918771
2.13	-17.05561853
2.14	-16.99398937
2.15	-16.92439511
2.16	-16.84693387
2.17	-16.76170687
2.18	-16.66881839
2.19	-16.5683757
2.2	-16.46048898
2.21	-16.34527122
2.22	-16.22283818
2.23	-16.09330826
2.24	-15.95680246
2.25	-15.81344431
2.26	-15.66335972
2.27	-15.50667698
2.28	-15.34352664
2.29	-15.1740414
2.3	-14.99835607
2.31	-14.81660749
2.32	-14.6289344
2.33	-14.4354774
2.34	-14.23637883
2.35	-14.03178272
2.36	-13.82183468
2.37	-13.60668182
2.38	-13.38647268
2.39	-13.16135712
2.4	-12.93148624
2.41	-12.69701234
2.42	-12.45808875
2.43	-12.21486981
2.44	-11.96751079
2.45	-11.71616775
2.46	-11.46099751
2.47	-11.20215752
2.48	-10.93980584
2.49	-10.67410099
2.5	-10.4052019
2.51	-10.13326783
2.52	-9.858458263
2.53	-9.580932869
2.54	-9.30085138
2.55	-9.01837353
2.56	-8.733658975
2.57	-8.446867208
2.58	-8.158157489
2.59	-7.867688761
2.6	-7.575619576
2.61	-7.282108019
2.62	-6.987311634
2.63	-6.691387348
2.64	-6.394491399
2.65	-6.096779264
2.66	-5.798405586
2.67	-5.499524108
2.68	-5.200287597
2.69	-4.900847782
2.7	-4.601355283
2.71	-4.301959546
2.72	-4.002808779
2.73	-3.704049886
2.74	-3.405828405
2.75	-3.10828845
2.76	-2.811572644
2.77	-2.515822065
2.78	-2.221176188
2.79	-1.927772823
2.8	-1.635748068
2.81	-1.345236248
2.82	-1.056369866
2.83	-0.7692795499
2.84	-0.4840940026
2.85	-0.2009399543
2.86	0.08005788542
2.87	0.3587768739
2.88	0.6350964795
2.89	0.908898325
2.9	1.180066229
2.91	1.448486247
2.92	1.71404671
2.93	1.97663826
2.94	2.236153889
2.95	2.492488973
2.96	2.745541302
2.97	2.995211117
2.98	3.241401134
2.99	3.484016576
3	3.722965204
3.01	3.958157332
3.02	4.189505863
3.03	4.416926305
3.04	4.640336794
3.05	4.859658111
3.06	5.074813708
3.07	5.285729716
3.08	5.492334964
3.09	5.694560997
3.1	5.89234208
3.11	6.085615216
3.12	6.274320153
3.13	6.458399391
3.14	6.637798192
3.15	6.81246458
3.16	6.982349352
3.17	7.147406073
3.18	7.307591081
3.19	7.462863488
3.2	7.613185175
3.21	7.758520789
3.22	7.898837741
3.23	8.0341062
3.24	8.164299083
3.25	8.28939205
3.26	8.40936349
3.27	8.524194515
3.28	8.633868945
3.29	8.738373295
3.3	8.837696758
3.31	8.931831195
3.32	9.02077111
3.33	9.104513637
3.34	9.183058521
3.35	9.256408091
3.36	9.324567247
3.37	9.387543431
3.38	9.445346604
3.39	9.497989222
3.4	9.54548621
3.41	9.587854936
3.42	9.625115178
3.43	9.657289101
3.44	9.684401223
3.45	9.706478387
3.46	9.723549726
3.47	9.735646632
3.48	9.742802723
3.49	9.745053806
3.5	9.742437844
3.51	9.734994922
3.52	9.722767203
3.53	9.705798898
3.54	9.684136224
3.55	9.657827365
3.56	9.626922433
3.57	9.591473429
3.58	9.551534199
3.59	9.507160396
3.6	9.458409435
3.61	9.405340451
3.62	9.348014259
3.63	9.286493305
3.64	9.220841626
3.65	9.151124804
3.66	9.077409922
3.67	8.999765516
3.68	8.918261533
3.69	8.832969283
3.7	8.743961391
3.71	8.651311755
3.72	8.555095494
3.73	8.455388905
3.74	8.352269412
3.75	8.245815522
3.76	8.136106774
3.77	8.023223694
3.78	7.907247746
3.79	7.788261284
3.8	7.666347502
3.81	7.541590389
3.82	7.414074681
3.83	7.283885809
3.84	7.151109855
3.85	7.015833502
3.86	6.878143987
3.87	6.73812905
3.88	6.595876894
3.89	6.451476128
3.9	6.305015725
3.91	6.156584977
3.92	6.00627344
3.93	5.854170896
3.94	5.700367301
3.95	5.544952743
3.96	5.38801739
3.97	5.229651451
3.98	5.069945128
3.99	4.90898857
4	4.746871831
4.01	4.583684823
4.02	4.419517277
4.03	4.254458694
4.04	4.088598308
4.05	3.922025037
4.06	3.75482745
4.07	3.587093717
4.08	3.418911575
4.09	3.250368282
4.1	3.081550585
4.11	2.912544671
4.12	2.743436139
4.13	2.574309952
4.14	2.405250409
4.15	2.236341102
4.16	2.067664883
4.17	1.899303826
4.18	1.731339198
4.19	1.563851417
4.2	1.396920025
4.21	1.230623655
4.22	1.065039993
4.23	0.900245756
4.24	0.7363166539
4.25	0.5733273641
4.26	0.4113515009
4.27	0.2504615881
4.28	0.0907290309
4.29	-0.06777591014
4.3	-0.2249841452
4.31	-0.3808277804
4.32	-0.5352401414
4.33	-0.6881557979
4.34	-0.8395105853
4.35	-0.9892416271
4.36	-1.137287356
4.37	-1.283587533
4.38	-1.428083269
4.39	-1.570717041
4.4	-1.711432711
4.41	-1.850175543
4.42	-1.986892219
4.43	-2.121530854
4.44	-2.25404101
4.45	-2.38437371
4.46	-2.512481452
4.47	-2.638318217
4.48	-2.761839486
4.49	-2.883002244
4.5	-3.001764995
4.51	-3.118087765
4.52	-3.231932115
4.53	-3.343261145
4.54	-3.452039499
4.55	-3.558233375
4.56	-3.661810523
4.57	-3.762740254
4.58	-3.860993442
4.59	-3.956542522
4.6	-4.049361496
4.61	-4.139425931
4.62	-4.22671296
4.63	-4.31120128
4.64	-4.39287115
4.65	-4.471704388
4.66	-4.547684372
4.67	-4.620796027
4.68	-4.691025829
4.69	-4.758361795
4.7	-4.822793476
4.71	-4.884311954
4.72	-4.94290983
4.73	-4.998581216
4.74	-5.051321731
4.75	-5.101128483
4.76	-5.148000066
4.77	-5.191936543
4.78	-5.232939441
4.79	-5.271011729
4.8	-5.306157817
4.81	-5.33838353
4.82	-5.367696103
4.83	-5.394104163
4.84	-5.417617713
4.85	-5.438248116
4.86	-5.456008079
4.87	-5.470911637
4.88	-5.482974134
4.89	-5.492212206
4.9	-5.498643761
4.91	-5.502287962
4.92	-5.503165205
4.93	-5.5012971
4.94	-5.496706453
4.95	-5.489417241
4.96	-5.479454594
4.97	-5.466844772
4.98	-5.451615141
4.99	-5.433794155
5	-5.413411329
5.01	-5.39049722
5.02	-5.365083399
5.03	-5.337202428
5.04	-5.306887841
5.05	-5.274174113
5.06	-5.239096638
5.07	-5.201691706
5.08	-5.161996475
5.09	-5.120048946
5.1	-5.075887939
5.11	-5.029553065
5.12	-4.981084702
5.13	-4.930523967
5.14	-4.877912692
5.15	-4.823293394
5.16	-4.766709252
5.17	-4.708204078
5.18	-4.647822291
5.19	-4.58560889
5.2	-4.521609427
5.21	-4.455869978
5.22	-4.388437121
5.23	-4.319357902
5.24	-4.248679813
5.25	-4.176450764
5.26	-4.102719055
5.27	-4.027533345
5.28	-3.950942635
5.29	-3.872996229
5.3	-3.793743716
5.31	-3.71323494
5.32	-3.631519971
5.33	-3.548649081
5.34	-3.464672717
5.35	-3.379641473
5.36	-3.293606068
5.37	-3.206617311
5.38	-3.118726087
5.39	-3.029983319
5.4	-2.940439951
5.41	-2.850146919
5.42	-2.759155125
5.43	-2.667515415
5.44	-2.575278551
5.45	-2.482495188
5.46	-2.389215849
5.47	-2.295490902
5.48	-2.201370534
5.49	-2.106904731
5.5	-2.01214325
5.51	-1.9171356
5.52	-1.821931019
5.53	-1.726578449
5.54	-1.631126517
5.55	-1.535623511
5.56	-1.440117359
5.57	-1.344655611
5.58	-1.249285414
5.59	-1.154053495
5.6	-1.059006138
5.61	-0.9641891682
5.62	-0.869647931
5.63	-0.7754272723
5.64	-0.6815715219
5.65	-0.5881244742
5.66	-0.4951293717
5.67	-0.4026288874
5.68	-0.310665108
5.69	-0.2192795178
5.7	-0.128512983
5.71	-0.03840573603
5.72	0.05100263928
5.73	0.1396732223
5.74	0.2275677696
5.75	0.3146487287
5.76	0.4008792511
5.77	0.4862232051
5.78	0.5706451881
5.79	0.6541105384
5.8	0.7365853464
5.81	0.8180364656
5.82	0.898431523
5.83	0.9777389291
5.84	1.055927887
5.85	1.132968403
5.86	1.208831292
5.87	1.283488188
5.88	1.356911552
5.89	1.429074678
5.9	1.499951699
5.91	1.569517595
5.92	1.637748196
5.93	1.704620193
5.94	1.770111134
5.95	1.834199436
5.96	1.896864385
5.97	1.958086141
5.98	2.01784574
5.99	2.076125095
6	2.132907002
6.01	2.188175139
6.02	2.241914066
6.03	2.294109227
6.04	2.344746951
6.05	2.393814451
6.06	2.441299822
6.07	2.487192044
6.08	2.531480973
6.09	2.574157348
6.1	2.615212781
6.11	2.654639759
6.12	2.69243164
6.13	2.728582647
6.14	2.763087865
6.15	2.79594324
6.16	2.827145567
6.17	2.856692493
6.18	2.884582506
6.19	2.91081493
6.2	2.93538992
6.21	2.958308453
6.22	2.979572325
6.23	2.999184139
6.24	3.0171473
6.25	3.033466006
6.26	3.048145241
6.27	3.061190763
6.28	3.072609098
6.29	3.082407531
6.3	3.090594093
6.31	3.097177554
6.32	3.102167412
6.33	3.105573881
6.34	3.107407885
6.35	3.107681038
6.36	3.106405643
6.37	3.103594673
6.38	3.099261763
6.39	3.093421194
6.4	3.086087888
6.41	3.077277386
6.42	3.067005844
6.43	3.055290015
6.44	3.042147235
6.45	3.027595416
6.46	3.011653025
6.47	2.994339076
6.48	2.975673112
6.49	2.955675195
6.5	2.934365889
6.51	2.911766246
6.52	2.887897793
6.53	2.862782517
6.54	2.836442851
6.55	2.808901657
6.56	2.780182213
6.57	2.750308198
6.58	2.719303678
6.59	2.687193087
6.6	2.654001217
6.61	2.619753201
6.62	2.584474495
6.63	2.548190867
6.64	2.510928378
6.65	2.472713371
6.66	2.433572449
6.67	2.393532468
6.68	2.352620514
6.69	2.310863894
6.7	2.268290116
6.71	2.224926876
6.72	2.180802041
6.73	2.135943637
6.74	2.09037983
6.75	2.044138912
6.76	1.99724929
6.77	1.949739463
6.78	1.901638014
6.79	1.852973593
6.8	1.8037749
6.81	1.754070674
6.82	1.703889676
6.83	1.653260674
6.84	1.602212431
6.85	1.550773689
6.86	1.498973156
6.87	1.446839489
6.88	1.394401285
6.89	1.341687064
6.9	1.288725255
6.91	1.235544184
6.92	1.182172063
6.93	1.128636969
6.94	1.074966842
6.95	1.021189463
6.96	0.9673324459
6.97	0.9134232248
6.98	0.8594890404
6.99	0.8055569292
7	0.7516537112
7.01	0.6978059781
7.02	0.6440400824
7.03	0.5903821256
7.04	0.5368579478
7.05	0.4834931164
7.06	0.4303129159
7.07	0.3773423374
7.08	0.3246060687
7.09	0.2721284841
7.1	0.2199336351
7.11	0.1680452409
7.12	0.1164866791
7.13	0.06528097682
7.14	0.01445080238
7.15	-0.03598154358
7.16	-0.08599413601
7.17	-0.1355654334
7.18	-0.1846742856
7.19	-0.233299941
7.2	-0.2814220537
7.21	-0.3290206905
7.22	-0.3760763378
7.23	-0.4225699073
7.24	-0.4684827426
7.25	-0.5137966251
7.26	-0.5584937791
7.27	-0.6025568777
7.28	-0.6459690474
7.29	-0.6887138732
7.3	-0.7307754027
7.31	-0.7721381509
7.32	-0.8127871037
7.33	-0.852707722
7.34	-0.8918859448
7.35	-0.9303081926
7.36	-0.9679613703
7.37	-1.00483287
7.38	-1.040910572
7.39	-1.076182851
7.4	-1.110638572
7.41	-1.144267097
7.42	-1.177058283
7.43	-1.209002486
7.44	-1.240090559
7.45	-1.270313855
7.46	-1.299664224
7.47	-1.328134019
7.48	-1.355716089
7.49	-1.382403782
7.5	-1.408190946
7.51	-1.433071925
7.52	-1.457041557
7.53	-1.480095179
7.54	-1.502228617
7.55	-1.523438189
7.56	-1.543720704
7.57	-1.563073455
7.58	-1.581494222
7.59	-1.598981264
7.6	-1.615533321
7.61	-1.631149604
7.62	-1.645829801
7.63	-1.659574066
7.64	-1.672383016
7.65	-1.684257731
7.66	-1.695199746
7.67	-1.705211048
7.68	-1.714294072
7.69	-1.722451694
7.7	-1.729687229
7.71	-1.736004425
7.72	-1.741407454
7.73	-1.745900912
7.74	-1.749489811
7.75	-1.752179574
7.76	-1.753976025
7.77	-1.754885389
7.78	-1.754914282
7.79	-1.754069705
7.8	-1.752359038
7.81	-1.749790034
7.82	-1.74637081
7.83	-1.742109842
7.84	-1.737015958
7.85	-1.731098328
7.86	-1.724366462
7.87	-1.716830197
7.88	-1.708499692
7.89	-1.699385422
7.9	-1.689498166
7.91	-1.678849003
7.92	-1.667449304
7.93	-1.655310722
7.94	-1.642445184
7.95	-1.628864884
7.96	-1.614582275
7.97	-1.59961006
7.98	-1.583961184
7.99	-1.567648825
8	-1.550686388
8.01	-1.533087493
8.02	-1.514865968
8.03	-1.496035841
8.04	-1.476611331
8.05	-1.456606841
8.06	-1.436036945
8.07	-1.414916384
8.08	-1.393260056
8.09	-1.371083006
8.1	-1.348400418
8.11	-1.325227607
8.12	-1.30158001
8.13	-1.277473177
8.14	-1.252922763
8.15	-1.227944518
8.16	-1.202554281
8.17	-1.176767968
8.18	-1.150601567
8.19	-1.124071127
8.2	-1.097192749
8.21	-1.06998258
8.22	-1.042456805
8.23	-1.014631634
8.24	-0.9865232994
8.25	-0.9581480434
8.26	-0.9295221124
8.27	-0.9006617481
8.28	-0.8715831793
8.29	-0.842302614
8.3	-0.8128362316
8.31	-0.7832001753
8.32	-0.7534105436
8.33	-0.7234833837
8.34	-0.6934346829
8.35	-0.6632803618
8.36	-0.6330362667
8.37	-0.6027181624
8.38	-0.5723417247
8.39	-0.5419225337
8.4	-0.5114760665
8.41	-0.4810176904
8.42	-0.4505626565
8.43	-0.4201260923
8.44	-0.3897229958
8.45	-0.359368229
8.46	-0.329076511
8.47	-0.2988624126
8.48	-0.2687403497
8.49	-0.2387245777
8.5	-0.2088291853
8.51	-0.1790680892
8.52	-0.1494550284
8.53	-0.1200035586
8.54	-0.09072704726
8.55	-0.06163866816
8.56	-0.03275139654
8.57	-0.004078004171
8.58	0.02436894537
8.59	0.05257710128
8.6	0.08053433001
8.61	0.1082287195
8.62	0.1356485835
8.63	0.1627824655
8.64	0.1896191422
8.65	0.2161476282
8.66	0.2423571786
8.67	0.2682372929
8.68	0.2937777183
8.69	0.3189684525
8.7	0.3437997471
8.71	0.3682621102
8.72	0.3923463091
8.73	0.4160433728
8.74	0.4393445944
8.75	0.4622415335
8.76	0.4847260178
8.77	0.5067901458
8.78	0.5284262879
8.79	0.549627088
8.8	0.5703854657
8.81	0.590694617
8.82	0.6105480154
8.83	0.6299394136
8.84	0.6488628436
8.85	0.6673126181
8.86	0.6852833305
8.87	0.7027698561
8.88	0.7197673515
8.89	0.7362712555
8.9	0.7522772888
8.91	0.7677814539
8.92	0.7827800349
8.93	0.7972695971
8.94	0.8112469865
8.95	0.824709329
8.96	0.8376540296
8.97	0.8500787719
8.98	0.8619815163
8.99	0.8733604994
9	0.8842142324
9.01	0.8945414998
9.02	0.9043413577
9.03	0.9136131321
9.04	0.9223564173
9.05	0.9305710737
9.06	0.9382572258
9.07	0.9454152603
9.08	0.9520458233
9.09	0.9581498186
9.1	0.9637284044
9.11	0.9687829914
9.12	0.9733152398
9.13	0.9773270562
9.14	0.9808205914
9.15	0.9837982367
9.16	0.986262621
9.17	0.9882166077
9.18	0.9896632916
9.19	0.9906059949
9.2	0.9910482642
9.21	0.9909938672
9.22	0.9904467882
9.23	0.9894112253
9.24	0.9878915859
9.25	0.9858924836
9.26	0.9834187333
9.27	0.9804753481
9.28	0.9770675347
9.29	0.9732006893
9.3	0.9688803938
9.31	0.964112411
9.32	0.9589026807
9.33	0.9532573151
9.34	0.9471825945
9.35	0.9406849627
9.36	0.9337710228
9.37	0.9264475324
9.38	0.9187213988
9.39	0.910599675
9.4	0.9020895542
9.41	0.893198366
9.42	0.8839335709
9.43	0.8743027559
9.44	0.8643136299
9.45	0.8539740184
9.46	0.8432918592
9.47	0.8322751969
9.48	0.8209321789
9.49	0.8092710499
9.5	0.797300147
9.51	0.7850278953
9.52	0.7724628027
9.53	0.7596134547
9.54	0.7464885103
9.55	0.7330966962
9.56	0.7194468028
9.57	0.7055476784
9.58	0.6914082252
9.59	0.6770373938
9.6	0.6624441789
9.61	0.6476376138
9.62	0.6326267663
9.63	0.6174207335
9.64	0.6020286371
9.65	0.5864596187
9.66	0.5707228351
9.67	0.5548274538
9.68	0.5387826478
9.69	0.5225975918
9.7	0.5062814567
9.71	0.489843406
9.72	0.4732925906
9.73	0.4566381446
9.74	0.439889181
9.75	0.4230547871
9.76	0.4061440204
9.77	0.3891659042
9.78	0.3721294234
9.79	0.3550435203
9.8	0.3379170906
9.81	0.3207589793
9.82	0.3035779766
9.83	0.2863828143
9.84	0.2691821613
9.85	0.2519846204
9.86	0.2347987242
9.87	0.2176329316
9.88	0.2004956241
9.89	0.1833951021
9.9	0.1663395817
9.91	0.1493371911
9.92	0.1323959673
9.93	0.1155238529
9.94	0.09872869254
9.95	0.0820182304
9.96	0.06540010664
9.97	0.04888185462
9.98	0.03247089799
9.99	0.01617454784
10	6.280452791e-16
10.01	-0.01604566767
10.02	-0.03195549782
10.03	-0.04772265613
10.04	-0.06334043375
10.05	-0.07880224959
10.06	-0.09410165261
10.07	-0.109232324
10.08	-0.1241880793
10.09	-0.1389628702
10.1	-0.1535507869
10.11	-0.1679460595
10.12	-0.1821430598
10.13	-0.1961363035
10.14	-0.209920451
10.15	-0.2234903095
10.16	-0.2368408342
10.17	-0.2499671295
10.18	-0.2628644506
10.19	-0.2755282041
10.2	-0.2879539499
10.21	-0.3001374013
10.22	-0.3120744266
10.23	-0.3237610493
10.24	-0.3351934496
10.25	-0.3463679644
10.26	-0.3572810882
10.27	-0.3679294733
10.28	-0.3783099306
10.29	-0.3884194298
10.3	-0.3982550994
10.31	-0.4078142271
10.32	-0.4170942597
10.33	-0.4260928036
10.34	-0.4348076238
10.35	-0.4432366448
10.36	-0.4513779495
10.37	-0.4592297794
10.38	-0.4667905339
10.39	-0.4740587703
10.4	-0.4810332026
10.41	-0.4877127015
10.42	-0.4940962933
10.43	-0.5001831593
10.44	-0.5059726352
10.45	-0.5114642097
10.46	-0.5166575239
10.47	-0.5215523702
10.48	-0.5261486912
10.49	-0.5304465785
10.5	-0.5344462712
10.51	-0.5381481554
10.52	-0.5415527618
10.53	-0.5446607652
10.54	-0.5474729822
10.55	-0.5499903705
10.56	-0.5522140266
10.57	-0.5541451845
10.58	-0.5557852139
10.59	-0.5571356185
10.6	-0.5581980341
10.61	-0.5589742267
10.62	-0.5594660907
10.63	-0.559675647
10.64	-0.5596050408
10.65	-0.5592565395
10.66	-0.5586325308
10.67	-0.5577355206
10.68	-0.5565681304
10.69	-0.5551330955
10.7	-0.5534332627
10.71	-0.5514715877
10.72	-0.5492511331
10.73	-0.5467750656
10.74	-0.5440466541
10.75	-0.5410692669
10.76	-0.5378463695
10.77	-0.5343815218
10.78	-0.5306783758
10.79	-0.526740673
10.8	-0.5225722416
10.81	-0.5181769944
10.82	-0.5135589257
10.83	-0.5087221088
10.84	-0.5036706937
10.85	-0.4984089038
10.86	-0.4929410336
10.87	-0.4872714459
10.88	-0.4814045694
10.89	-0.4753448952
10.9	-0.469096975
10.91	-0.4626654175
10.92	-0.4560548865
10.93	-0.4492700973
10.94	-0.4423158145
10.95	-0.4351968491
10.96	-0.4279180557
10.97	-0.4204843297
10.98	-0.4129006046
10.99	-0.4051718493
11	-0.3973030651
11.01	-0.3892992833
11.02	-0.3811655624
11.03	-0.3729069848
11.04	-0.3645286549
11.05	-0.3560356961
11.06	-0.3474332476
11.07	-0.3387264625
11.08	-0.3299205047
11.09	-0.321020546
11.1	-0.3120317642
11.11	-0.3029593398
11.12	-0.2938084537
11.13	-0.2845842844
11.14	-0.2752920059
11.15	-0.2659367847
11.16	-0.2565237773
11.17	-0.2470581282
11.18	-0.2375449669
11.19	-0.2279894056
11.2	-0.2183965371
11.21	-0.2087714319
11.22	-0.1991191365
11.23	-0.1894446703
11.24	-0.179753024
11.25	-0.170049157
11.26	-0.1603379954
11.27	-0.1506244295
11.28	-0.1409133118
11.29	-0.1312094552
11.3	-0.1215176303
11.31	-0.1118425639
11.32	-0.1021889368
11.33	-0.09256138168
11.34	-0.08296448152
11.35	-0.07340276743
11.36	-0.0638807169
11.37	-0.05440275205
11.38	-0.04497323779
11.39	-0.03559648017
11.4	-0.02627672466
11.41	-0.01701815454
11.42	-0.007824889312
11.43	0.001299016832
11.44	0.01034957653
11.45	0.01932287068
11.46	0.02821504986
11.47	0.03702233568
11.48	0.0457410221
11.49	0.0543674767
11.5	0.0628981419
11.51	0.07132953611
11.52	0.07965825491
11.53	0.08788097208
11.54	0.09599444066
11.55	0.1039954939
11.56	0.1118810462
11.57	0.1196480942
11.58	0.1272937171
11.59	0.1348150781
11.6	0.1422094248
11.61	0.1494740897
11.62	0.1566064913
11.63	0.1636041344
11.64	0.1704646108
11.65	0.1771855997
11.66	0.1837648683
11.67	0.1902002718
11.68	0.1964897545
11.69	0.2026313493
11.7	0.2086231788
11.71	0.2144634545
11.72	0.2201504782
11.73	0.225682641
11.74	0.231058424
11.75	0.2362763985
11.76	0.2413352253
11.77	0.2462336554
11.78	0.2509705292
11.79	0.2555447771
11.8	0.2599554188
11.81	0.2642015631
11.82	0.2682824079
11.83	0.2721972398
11.84	0.2759454334
11.85	0.2795264516
11.86	0.2829398445
11.87	0.2861852492
11.88	0.2892623894
11.89	0.2921710746
11.9	0.2949111998
11.91	0.2974827446
11.92	0.2998857727
11.93	0.302120431
11.94	0.3041869492
11.95	0.3060856388
11.96	0.3078168922
11.97	0.3093811822
11.98	0.3107790607
11.99	0.3120111581
12	0.3130781823
12.01	0.3139809177
12.02	0.3147202241
12.03	0.3152970359
12.04	0.3157123609
12.05	0.315967279
12.06	0.3160629416
12.07	0.3160005701
12.08	0.3157814547
12.09	0.3154069534
12.1	0.3148784906
12.11	0.3141975562
12.12	0.3133657038
12.13	0.31238455
12.14	0.3112557725
12.15	0.3099811093
12.16	0.3085623572
12.17	0.3070013702
12.18	0.3053000583
12.19	0.3034603863
12.2	0.3014843721
12.21	0.2993740853
12.22	0.2971316458
12.23	0.2947592226
12.24	0.2922590318
12.25	0.2896333355
12.26	0.2868844404
12.27	0.284014696
12.28	0.2810264932
12.29	0.2779222627
12.3	0.2747044738
12.31	0.2713756324
12.32	0.2679382799
12.33	0.2643949912
12.34	0.2607483738
12.35	0.2570010653
12.36	0.2531557328
12.37	0.2492150707
12.38	0.2451817996
12.39	0.2410586642
12.4	0.2368484323
12.41	0.2325538929
12.42	0.2281778547
12.43	0.2237231446
12.44	0.219192606
12.45	0.2145890977
12.46	0.2099154916
12.47	0.205174672
12.48	0.2003695333
12.49	0.1955029792
12.5	0.1905779206
12.51	0.1855972743
12.52	0.1805639615
12.53	0.1754809066
12.54	0.1703510352
12.55	0.1651772729
12.56	0.159962544
12.57	0.1547097695
12.58	0.1494218666
12.59	0.1441017462
12.6	0.1387523125
12.61	0.1333764608
12.62	0.1279770767
12.63	0.1225570343
12.64	0.1171191953
12.65	0.1116664074
12.66	0.1062015028
12.67	0.1007272976
12.68	0.09524658975
12.69	0.08976215823
12.7	0.08427676177
12.71	0.07879313757
12.72	0.07331400014
12.73	0.06784204013
12.74	0.06237992319
12.75	0.05693028881
12.76	0.05149574926
12.77	0.04607888846
12.78	0.04068226096
12.79	0.03530839089
12.8	0.02995977093
12.81	0.02463886135
12.82	0.019348089
12.83	0.01408984644
12.84	0.008866490939
12.85	0.003680343642
12.86	-0.00146631132
12.87	-0.006571227664
12.88	-0.01163219778
12.89	-0.01664705351
12.9	-0.02161366692
12.91	-0.02652995104
12.92	-0.03139386058
12.93	-0.03620339258
12.94	-0.04095658713
12.95	-0.04565152796
12.96	-0.05028634305
12.97	-0.05485920521
12.98	-0.05936833266
12.99	-0.0638119895
13	-0.06818848626
13.01	-0.07249618036
13.02	-0.07673347652
13.03	-0.08089882721
13.04	-0.08499073303
13.05	-0.08900774309
13.06	-0.0929484553
13.07	-0.09681151673
13.08	-0.1005956239
13.09	-0.1042995228
13.1	-0.1079220097
13.11	-0.1114619307
13.12	-0.1149181822
13.13	-0.118289711
13.14	-0.1215755147
13.15	-0.1247746412
13.16	-0.1278861893
13.17	-0.1309093086
13.18	-0.1338431994
13.19	-0.1366871127
13.2	-0.1394403505
13.21	-0.1421022651
13.22	-0.1446722597
13.23	-0.147149788
13.24	-0.1495343538
13.25	-0.1518255114
13.26	-0.154022865
13.27	-0.1561260686
13.28	-0.1581348258
13.29	-0.1600488897
13.3	-0.1618680624
13.31	-0.1635921948
13.32	-0.1652211861
13.33	-0.166754984
13.34	-0.1681935838
13.35	-0.169537028
13.36	-0.1707854065
13.37	-0.1719388555
13.38	-0.1729975576
13.39	-0.1739617408
13.4	-0.1748316784
13.41	-0.1756076887
13.42	-0.1762901339
13.43	-0.1768794198
13.44	-0.1773759957
13.45	-0.177780353
13.46	-0.1780930255
13.47	-0.1783145881
13.48	-0.1784456564
13.49	-0.1784868865
13.5	-0.1784389735
13.51	-0.1783026516
13.52	-0.1780786931
13.53	-0.1777679077
13.54	-0.177371142
13.55	-0.1768892785
13.56	-0.1763232349
13.57	-0.1756739637
13.58	-0.1749424512
13.59	-0.1741297167
13.6	-0.1732368117
13.61	-0.1722648193
13.62	-0.1712148535
13.63	-0.1700880579
13.64	-0.1688856055
13.65	-0.1676086973
13.66	-0.1662585622
13.67	-0.1648364553
13.68	-0.1633436578
13.69	-0.1617814757
13.7	-0.1601512393
13.71	-0.158454302
13.72	-0.1566920397
13.73	-0.1548658498
13.74	-0.1529771505
13.75	-0.1510273794
13.76	-0.1490179936
13.77	-0.1469504679
13.78	-0.1448262943
13.79	-0.1426469812
13.8	-0.1404140524
13.81	-0.1381290462
13.82	-0.1357935146
13.83	-0.1334090222
13.84	-0.1309771458
13.85	-0.1284994729
13.86	-0.1259776015
13.87	-0.1234131385
13.88	-0.1208076993
13.89	-0.1181629071
13.9	-0.1154803912
13.91	-0.1127617872
13.92	-0.1100087354
13.93	-0.1072228801
13.94	-0.104405869
13.95	-0.1015593521
13.96	-0.09868498083
13.97	-0.09578440749
13.98	-0.09285928415
13.99	-0.08991126195
14	-0.0869419903
14.01	-0.083953116
14.02	-0.08094628251
14.03	-0.07792312912
14.04	-0.07488529017
14.05	-0.0718343943
14.06	-0.06877206366
14.07	-0.06569991318
14.08	-0.06261954979
14.09	-0.05953257172
14.1	-0.05644056773
14.11	-0.05334511645
14.12	-0.05024778563
14.13	-0.04715013147
14.14	-0.04405369793
14.15	-0.04096001606
14.16	-0.03787060333
14.17	-0.03478696302
14.18	-0.03171058354
14.19	-0.02864293783
14.2	-0.02558548274
14.21	-0.02253965847
14.22	-0.01950688792
14.23	-0.01648857618
14.24	-0.01348610994
14.25	-0.01050085697
14.26	-0.007534165547
14.27	-0.004587364003
14.28	-0.001661760167
14.29	0.001241359096
14.3	0.00412072836
14.31	0.006975104104
14.32	0.009803265149
14.33	0.01260401309
14.34	0.01537617272
14.35	0.01811859242
14.36	0.02083014452
14.37	0.02350972573
14.38	0.02615625745
14.39	0.02876868611
14.4	0.03134598351
14.41	0.03388714713
14.42	0.0363912004
14.43	0.03885719302
14.44	0.04128420118
14.45	0.04367132786
14.46	0.04601770299
14.47	0.04832248374
14.48	0.05058485469
14.49	0.05280402802
14.5	0.05497924367
14.51	0.05710976953
14.52	0.05919490153
14.53	0.06123396384
14.54	0.0632263089
14.55	0.06517131757
14.56	0.06706839922
14.57	0.06891699173
14.58	0.07071656163
14.59	0.07246660408
14.6	0.07416664288
14.61	0.07581623055
14.62	0.07741494826
14.63	0.07896240581
14.64	0.08045824166
14.65	0.08190212279
14.66	0.08329374473
14.67	0.0846328314
14.68	0.0859191351
14.69	0.08715243633
14.7	0.08833254374
14.71	0.08945929397
14.72	0.0905325515
14.73	0.09155220851
14.74	0.09251818473
14.75	0.09343042722
14.76	0.0942889102
14.77	0.09509363486
14.78	0.09584462912
14.79	0.09654194741
14.8	0.09718567046
14.81	0.09777590498
14.82	0.09831278349
14.83	0.09879646398
14.84	0.09922712967
14.85	0.09960498867
14.86	0.09993027374
14.87	0.1002032419
14.88	0.1004241743
14.89	0.1005933755
14.9	0.1007111735
14.91	0.1007779194
14.92	0.1007939866
14.93	0.1007597711
14.94	0.1006756905
14.95	0.1005421839
14.96	0.1003597117
14.97	0.1001287547
14.98	0.09984981428
14.99	0.09952341153
15	0.09915008707
15.01	0.09873040052
15.02	0.09826493013
15.03	0.09775427235
15.04	0.09719904132
15.05	0.09659986848
15.06	0.09595740213
15.07	0.09527230691
15.08	0.09454526339
15.09	0.0937769676
15.1	0.09296813053
15.11	0.09211947771
15.12	0.09123174867
15.13	0.09030569651
15.14	0.08934208739
15.15	0.08834170005
15.16	0.08730532534
15.17	0.08623376571
15.18	0.0851278347
15.19	0.08398835652
15.2	0.08281616546
15.21	0.08161210546
15.22	0.08037702959
15.23	0.07911179956
15.24	0.07781728521
15.25	0.07649436404
15.26	0.07514392066
15.27	0.07376684636
15.28	0.07236403857
15.29	0.07093640035
15.3	0.06948483995
15.31	0.06801027027
15.32	0.0665136084
15.33	0.06499577511
15.34	0.06345769434
15.35	0.0619002928
15.36	0.06032449938
15.37	0.05873124473
15.38	0.0571214608
15.39	0.05549608031
15.4	0.05385603631
15.41	0.05220226174
15.42	0.05053568891
15.43	0.04885724907
15.44	0.04716787198
15.45	0.04546848541
15.46	0.04376001472
15.47	0.04204338243
15.48	0.04031950776
15.49	0.03858930622
15.5	0.03685368915
15.51	0.03511356335
15.52	0.03336983063
15.53	0.03162338739
15.54	0.02987512427
15.55	0.0281259257
15.56	0.02637666951
15.57	0.02462822661
15.58	0.02288146052
15.59	0.02113722706
15.6	0.019396374
15.61	0.01765974062
15.62	0.01592815746
15.63	0.0142024459
15.64	0.01248341787
15.65	0.01077187549
15.66	0.009068610776
15.67	0.007374405308
15.68	0.005690029933
15.69	0.004016244463
15.7	0.002353797389
15.71	0.0007034255924
15.72	-0.0009341459234
15.73	-0.002558204302
15.74	-0.004168049091
15.75	-0.005762992491
15.76	-0.007342359601
15.77	-0.008905488644
15.78	-0.0104517312
15.79	-0.01198045241
15.8	-0.01349103122
15.81	-0.0149828605
15.82	-0.01645534734
15.83	-0.01790791315
15.84	-0.01933999388
15.85	-0.02075104014
15.86	-0.02214051742
15.87	-0.02350790617
15.88	-0.024852702
15.89	-0.02617441575
15.9	-0.02747257367
15.91	-0.02874671749
15.92	-0.02999640456
15.93	-0.03122120789
15.94	-0.03242071632
15.95	-0.03359453452
15.96	-0.0347422831
15.97	-0.03586359867
15.98	-0.0369581339
15.99	-0.03802555753
16	-0.03906555444
16.01	-0.04007782567
16.02	-0.04106208845
16.03	-0.04201807617
16.04	-0.04294553844
16.05	-0.04384424105
16.06	-0.04471396597
16.07	-0.04555451132
16.08	-0.04636569135
16.09	-0.04714733642
16.1	-0.04789929291
16.11	-0.04862142321
16.12	-0.04931360566
16.13	-0.04997573444
16.14	-0.05060771956
16.15	-0.05120948673
16.16	-0.0517809773
16.17	-0.05232214813
16.18	-0.05283297153
16.19	-0.05331343513
16.2	-0.05376354177
16.21	-0.05418330935
16.22	-0.05457277075
16.23	-0.05493197365
16.24	-0.05526098042
16.25	-0.05555986795
16.26	-0.05582872751
16.27	-0.05606766458
16.28	-0.05627679868
16.29	-0.05645626324
16.3	-0.05660620535
16.31	-0.05672678565
16.32	-0.05681817808
16.33	-0.05688056975
16.34	-0.05691416069
16.35	-0.05691916368
16.36	-0.056895804
16.37	-0.05684431929
16.38	-0.05676495927
16.39	-0.05665798553
16.4	-0.05652367133
16.41	-0.05636230137
16.42	-0.05617417152
16.43	-0.05595958861
16.44	-0.05571887021
16.45	-0.05545234434
16.46	-0.05516034927
16.47	-0.05484323323
16.48	-0.05450135417
16.49	-0.05413507955
16.5	-0.05374478598
16.51	-0.05333085908
16.52	-0.05289369312
16.53	-0.05243369081
16.54	-0.05195126299
16.55	-0.05144682842
16.56	-0.05092081346
16.57	-0.05037365179
16.58	-0.04980578419
16.59	-0.0492176582
16.6	-0.04860972791
16.61	-0.04798245361
16.62	-0.04733630158
16.63	-0.04667174374
16.64	-0.04598925746
16.65	-0.04528932517
16.66	-0.04457243418
16.67	-0.04383907634
16.68	-0.04308974778
16.69	-0.04232494861
16.7	-0.04154518267
16.71	-0.04075095722
16.72	-0.03994278268
16.73	-0.03912117234
16.74	-0.0382866421
16.75	-0.03743971016
16.76	-0.03658089676
16.77	-0.03571072392
16.78	-0.03482971516
16.79	-0.03393839519
16.8	-0.0330372897
16.81	-0.03212692505
16.82	-0.03120782801
16.83	-0.03028052549
16.84	-0.02934554431
16.85	-0.02840341089
16.86	-0.02745465102
16.87	-0.02649978961
16.88	-0.02553935041
16.89	-0.02457385576
16.9	-0.02360382639
16.91	-0.02262978111
16.92	-0.0216522366
16.93	-0.02067170717
16.94	-0.0196887045
16.95	-0.01870373744
16.96	-0.01771731176
16.97	-0.01672992994
16.98	-0.01574209089
16.99	-0.01475428982
17	-0.01376701794
17.01	-0.01278076231
17.02	-0.01179600558
17.03	-0.01081322582
17.04	-0.009832896306
17.05	-0.008855485325
17.06	-0.007881455976
17.07	-0.006911265989
17.08	-0.005945367535
17.09	-0.004984207046
17.1	-0.004028225041
17.11	-0.003077855949
17.12	-0.002133527949
17.13	-0.001195662798
17.14	-0.000264675678
17.15	0.0006590249589
17.16	0.001575037542
17.17	0.002482967525
17.18	0.003382427528
17.19	0.004273037472
17.2	0.00515442471
17.21	0.006026224155
17.22	0.006888078398
17.23	0.007739637827
17.24	0.008580560739
17.25	0.009410513447
17.26	0.01022917038
17.27	0.01103621418
17.28	0.01183133581
17.29	0.0126142346
17.3	0.01338461838
17.31	0.01414220354
17.32	0.01488671509
17.33	0.01561788671
17.34	0.01633546089
17.35	0.01703918891
17.36	0.01772883092
17.37	0.01840415599
17.38	0.01906494216
17.39	0.01971097648
17.4	0.02034205503
17.41	0.02095798294
17.42	0.02155857447
17.43	0.02214365295
17.44	0.02271305087
17.45	0.02326660984
17.46	0.02380418061
17.47	0.02432562309
17.48	0.02483080632
17.49	0.02531960848
17.5	0.02579191686
17.51	0.02624762788
17.52	0.02668664701
17.53	0.02710888882
17.54	0.02751427687
17.55	0.02790274374
17.56	0.02827423096
17.57	0.02862868897
17.58	0.02896607708
17.59	0.02928636343
17.6	0.02958952491
17.61	0.02987554712
17.62	0.03014442431
17.63	0.0303961593
17.64	0.0306307634
17.65	0.03084825639
17.66	0.03104866639
17.67	0.03123202979
17.68	0.03139839117
17.69	0.03154780323
17.7	0.03168032669
17.71	0.03179603015
17.72	0.03189499008
17.73	0.03197729064
17.74	0.03204302363
17.75	0.03209228834
17.76	0.03212519149
17.77	0.03214184708
17.78	0.03214237627
17.79	0.0321269073
17.8	0.03209557535
17.81	0.0320485224
17.82	0.03198589712
17.83	0.03190785477
17.84	0.03181455703
17.85	0.03170617186
17.86	0.03158287343
17.87	0.03144484192
17.88	0.0312922634
17.89	0.03112532971
17.9	0.0309442383
17.91	0.03074919209
17.92	0.03054039933
17.93	0.03031807343
17.94	0.03008243288
17.95	0.02983370101
17.96	0.0295721059
17.97	0.02929788021
17.98	0.02901126106
17.99	0.02871248979
18	0.02840181192
18.01	0.02807947691
18.02	0.02774573803
18.03	0.02740085222
18.04	0.02704507992
18.05	0.0266786849
18.06	0.02630193411
18.07	0.02591509755
18.08	0.02551844807
18.09	0.02511226123
18.1	0.02469681514
18.11	0.0242723903
18.12	0.02383926945
18.13	0.0233977374
18.14	0.02294808088
18.15	0.02249058837
18.16	0.02202554996
18.17	0.02155325717
18.18	0.02107400281
18.19	0.02058808084
18.2	0.02009578618
18.21	0.01959741456
18.22	0.0190932624
18.23	0.01858362662
18.24	0.01806880451
18.25	0.01754909356
18.26	0.01702479135
18.27	0.01649619534
18.28	0.01596360277
18.29	0.01542731051
18.3	0.01488761489
18.31	0.01434481159
18.32	0.01379919545
18.33	0.0132510604
18.34	0.01270069924
18.35	0.01214840359
18.36	0.01159446367
18.37	0.01103916821
18.38	0.01048280435
18.39	0.009925657433
18.4	0.009368010933
18.41	0.008810146317
18.42	0.008252342912
18.43	0.007694877794
18.44	0.007138025659
18.45	0.00658205871
18.46	0.006027246542
18.47	0.005473856027
18.48	0.004922151201
18.49	0.004372393159
18.5	0.003824839948
18.51	0.003279746459
18.52	0.00273736433
18.53	0.002197941845
18.54	0.001661723835
18.55	0.001128951588
18.56	0.0005998627521
18.57	7.469125179e-05
18.58	-0.0004463328035
18.59	-0.0009629832009
18.6	-0.001475037707
18.61	-0.001982278144
18.62	-0.002484490472
18.63	-0.002981464855
18.64	-0.003472995736
18.65	-0.003958881905
18.66	-0.004438926566
18.67	-0.004912937394
18.68	-0.005380726602
18.69	-0.005842110993
18.7	-0.006296912018
18.71	-0.006744955828
18.72	-0.007186073317
18.73	-0.007620100178
18.74	-0.008046876939
18.75	-0.008466249006
18.76	-0.008878066703
18.77	-0.009282185304
18.78	-0.009678465068
18.79	-0.01006677127
18.8	-0.01044697422
18.81	-0.0108189493
18.82	-0.01118257697
18.83	-0.01153774282
18.84	-0.01188433753
18.85	-0.01222225694
18.86	-0.01255140202
18.87	-0.01287167891
18.88	-0.01318299889
18.89	-0.01348527844
18.9	-0.01377843917
18.91	-0.01406240785
18.92	-0.01433711645
18.93	-0.01460250204
18.94	-0.01485850685
18.95	-0.01510507826
18.96	-0.01534216872
18.97	-0.01556973581
18.98	-0.01578774218
18.99	-0.01599615553
19	-0.01619494858
19.01	-0.01638409908
19.02	-0.01656358974
19.03	-0.01673340821
19.04	-0.01689354707
19.05	-0.01704400375
19.06	-0.01718478053
19.07	-0.01731588451
19.08	-0.01743732751
19.09	-0.01754912608
19.1	-0.01765130144
19.11	-0.01774387943
19.12	-0.01782689046
19.13	-0.01790036944
19.14	-0.01796435577
19.15	-0.01801889324
19.16	-0.01806403002
19.17	-0.01809981853
19.18	-0.01812631547
19.19	-0.01814358168
19.2	-0.01815168213
19.21	-0.01815068581
19.22	-0.01814066571
19.23	-0.01812169871
19.24	-0.01809386555
19.25	-0.01805725071
19.26	-0.0180119424
19.27	-0.01795803242
19.28	-0.01789561613
19.29	-0.01782479239
19.3	-0.01774566342
19.31	-0.01765833477
19.32	-0.01756291523
19.33	-0.01745951675
19.34	-0.01734825436
19.35	-0.01722924609
19.36	-0.01710261286
19.37	-0.01696847845
19.38	-0.01682696938
19.39	-0.01667821482
19.4	-0.01652234652
19.41	-0.01635949873
19.42	-0.01618980809
19.43	-0.01601341356
19.44	-0.01583045633
19.45	-0.01564107974
19.46	-0.01544542917
19.47	-0.01524365196
19.48	-0.01503589734
19.49	-0.01482231631
19.5	-0.01460306158
19.51	-0.01437828745
19.52	-0.01414814975
19.53	-0.01391280573
19.54	-0.01367241399
19.55	-0.01342713436
19.56	-0.01317712784
19.57	-0.0129225565
19.58	-0.01266358338
19.59	-0.01240037242
19.6	-0.01213308836
19.61	-0.01186189666
19.62	-0.0115869634
19.63	-0.0113084552
19.64	-0.01102653912
19.65	-0.0107413826
19.66	-0.01045315335
19.67	-0.01016201929
19.68	-0.009868148417
19.69	-0.009571708775
19.7	-0.009272868337
19.71	-0.008971794936
19.72	-0.008668656178
19.73	-0.008363619359
19.74	-0.00805685139
19.75	-0.007748518711
19.76	-0.007438787215
19.77	-0.007127822169
19.78	-0.006815788138
19.79	-0.006502848907
19.8	-0.006189167405
19.81	-0.005874905635
19.82	-0.005560224595
19.83	-0.00524528421
19.84	-0.004930243261
19.85	-0.004615259312
19.86	-0.004300488644
19.87	-0.003986086185
19.88	-0.003672205449
19.89	-0.003358998464
19.9	-0.003046615711
19.91	-0.002735206065
19.92	-0.002424916728
19.93	-0.002115893172
19.94	-0.001808279081
19.95	-0.00150221629
19.96	-0.001197844736
19.97	-0.0008953023975
19.98	-0.000594725242
19.99	-0.0002962471775
20	-2.300610108e-17
20.01	0.0002938866547
20.02	0.0005852853585
20.03	0.0008740709366
20.04	0.001160120512
20.05	0.001443313547
20.06	0.001723531888
20.07	0.002000659802
20.08	0.002274584015
20.09	0.00254519375
20.1	0.002812380764
20.11	0.003076039378
20.12	0.00333606651
20.13	0.003592361708
20.14	0.003844827176
20.15	0.004093367805
20.16	0.004337891193
20.17	0.004578307678
20.18	0.004814530353
20.19	0.005046475091
20.2	0.005274060563
20.21	0.00549720826
20.22	0.005715842503
20.23	0.005929890466
20.24	0.006139282182
20.25	0.006343950559
20.26	0.006543831393
20.27	0.006738863369
20.28	0.006928988077
20.29	0.007114150014
20.3	0.007294296586
20.31	0.007469378116
20.32	0.007639347844
20.33	0.007804161923
20.34	0.007963779424
20.35	0.008118162329
20.36	0.008267275525
20.37	0.008411086806
20.38	0.008549566856
20.39	0.008682689248
20.4	0.008810430432
20.41	0.008932769721
20.42	0.009049689284
20.43	0.009161174124
20.44	0.009267212074
20.45	0.009367793769
20.46	0.009462912637
20.47	0.009552564875
20.48	0.00963674943
20.49	0.009715467981
20.5	0.009788724909
20.51	0.009856527283
20.52	0.009918884825
20.53	0.009975809892
20.54	0.01002731744
20.55	0.01007342502
20.56	0.0101141527
20.57	0.01014952309
20.58	0.01017956128
20.59	0.0102042948
20.6	0.01022375362
20.61	0.01023797008
20.62	0.01024697889
20.63	0.01025081705
20.64	0.01024952385
20.65	0.01024314082
20.66	0.01023171171
20.67	0.01021528239
20.68	0.01019390089
20.69	0.01016761731
20.7	0.01013648379
20.71	0.01010055446
20.72	0.01005988541
20.73	0.01001453465
20.74	0.009964562054
20.75	0.009910029307
20.76	0.009850999882
20.77	0.009787538983
20.78	0.009719713498
20.79	0.009647591954
20.8	0.00957124447
20.81	0.009490742709
20.82	0.00940615983
20.83	0.00931757044
20.84	0.009225050545
20.85	0.0091286775
20.86	0.009028529964
20.87	0.008924687844
20.88	0.008817232252
20.89	0.008706245448
20.9	0.008591810797
20.91	0.008474012714
20.92	0.008352936615
20.93	0.008228668865
20.94	0.008101296733
20.95	0.007970908334
20.96	0.007837592582
20.97	0.007701439141
20.98	0.007562538371
20.99	0.007420981279
21	0.00727685947
21.01	0.007130265093
21.02	0.006981290797
21.03	0.006830029672
21.04	0.006676575209
21.05	0.006521021241
21.06	0.006363461901
21.07	0.00620399157
21.08	0.006042704825
21.09	0.005879696397
21.1	0.005715061115
21.11	0.005548893866
21.12	0.00538128954
21.13	0.005212342987
21.14	0.005042148969
21.15	0.004870802115
21.16	0.004698396872
21.17	0.004525027461
21.18	0.004350787833
21.19	0.004175771624
21.2	0.004000072108
21.21	0.003823782158
21.22	0.003646994199
21.23	0.00346980017
21.24	0.003292291476
21.25	0.003114558953
21.26	0.002936692824
21.27	0.002758782658
21.28	0.002580917334
21.29	0.002403185
21.3	0.002225673035
21.31	0.002048468013
21.32	0.001871655664
21.33	0.001695320842
21.34	0.001519547484
21.35	0.001344418582
21.36	0.001170016143
21.37	0.0009964211611
21.38	0.000823713583
21.39	0.0006519722765
21.4	0.000481275
21.41	0.000311698373
21.42	0.000143317847
21.43	-2.37923232e-05
21.44	-0.0001895591063
21.45	-0.0003539107216
21.46	-0.0005167766644
21.47	-0.0006780877311
21.48	-0.0008377760432
21.49	-0.0009957750705
21.5	-0.001152019654
21.51	-0.001306446026
21.52	-0.001458991831
21.53	-0.00160959615
21.54	-0.00175819951
21.55	-0.001904743912
21.56	-0.002049172841
21.57	-0.002191431287
21.58	-0.002331465756
21.59	-0.002469224288
21.6	-0.002604656471
21.61	-0.002737713449
21.62	-0.002868347941
21.63	-0.002996514246
21.64	-0.003122168255
21.65	-0.003245267461
21.66	-0.003365770968
21.67	-0.003483639495
21.68	-0.003598835388
21.69	-0.003711322622
21.7	-0.003821066806
21.71	-0.003928035188
21.72	-0.004032196659
21.73	-0.004133521755
21.74	-0.004231982657
21.75	-0.004327553193
21.76	-0.004420208838
21.77	-0.004509926714
21.78	-0.004596685585
21.79	-0.004680465858
21.8	-0.004761249578
21.81	-0.004839020424
21.82	-0.004913763704
21.83	-0.00498546635
21.84	-0.005054116912
21.85	-0.005119705548
21.86	-0.005182224019
21.87	-0.005241665679
21.88	-0.005298025468
21.89	-0.005351299896
21.9	-0.00540148704
21.91	-0.005448586526
21.92	-0.00549259952
21.93	-0.005533528715
21.94	-0.005571378316
21.95	-0.005606154029
21.96	-0.005637863042
21.97	-0.005666514012
21.98	-0.00569211705
21.99	-0.005714683701
22	-0.005734226932
22.01	-0.005750761107
22.02	-0.005764301976
22.03	-0.005774866653
22.04	-0.005782473594
22.05	-0.005787142583
22.06	-0.005788894705
22.07	-0.00578775233
22.08	-0.005783739092
22.09	-0.005776879861
22.1	-0.005767200728
22.11	-0.005754728979
22.12	-0.005739493072
22.13	-0.005721522612
22.14	-0.005700848331
22.15	-0.005677502061
22.16	-0.005651516709
22.17	-0.005622926234
22.18	-0.005591765621
22.19	-0.005558070853
22.2	-0.00552187889
22.21	-0.005483227639
22.22	-0.005442155928
22.23	-0.00539870348
22.24	-0.005352910888
22.25	-0.005304819583
22.26	-0.005254471814
22.27	-0.005201910611
22.28	-0.005147179767
22.29	-0.005090323802
22.3	-0.005031387942
22.31	-0.004970418086
22.32	-0.004907460779
22.33	-0.004842563184
22.34	-0.004775773055
22.35	-0.004707138706
22.36	-0.004636708984
22.37	-0.004564533241
22.38	-0.004490661303
22.39	-0.004415143445
22.4	-0.004338030358
22.41	-0.004259373125
22.42	-0.004179223189
22.43	-0.004097632327
22.44	-0.004014652619
22.45	-0.003930336422
22.46	-0.003844736342
22.47	-0.003757905201
22.48	-0.003669896017
22.49	-0.003580761969
22.5	-0.003490556373
22.51	-0.003399332654
22.52	-0.003307144316
22.53	-0.003214044918
22.54	-0.003120088046
22.55	-0.003025327284
22.56	-0.002929816191
22.57	-0.002833608271
22.58	-0.00273675695
22.59	-0.002639315547
22.6	-0.002541337251
22.61	-0.002442875093
22.62	-0.002343981923
22.63	-0.002244710384
22.64	-0.002145112889
22.65	-0.002045241593
22.66	-0.001945148376
22.67	-0.001844884809
22.68	-0.001744502143
22.69	-0.001644051276
22.7	-0.001543582735
22.71	-0.001443146655
22.72	-0.001342792752
22.73	-0.001242570309
22.74	-0.001142528147
22.75	-0.001042714612
22.76	-0.0009431775477
22.77	-0.0008439642814
22.78	-0.000745121601
22.79	-0.0006466957373
22.8	-0.0005487323456
22.81	-0.0004512764871
22.82	-0.0003543726114
22.83	-0.0002580645394
22.84	-0.0001623954463
22.85	-6.740784513e-05
22.86	2.685642863e-05
22.87	0.0001203562329
22.88	0.000213051134
22.89	0.0003049014206
22.9	0.0003958681184
22.91	0.000485913003
22.92	0.0005749986136
22.93	0.0006630882651
22.94	0.00075014606
22.95	0.0008361369009
22.96	0.0009210265003
22.97	0.001004781392
22.98	0.001087368942
22.99	0.001168757356
23	0.001248915691
23.01	0.00132781386
23.02	0.001405422647
23.03	0.001481713706
23.04	0.001556659575
23.05	0.001630233681
23.06	0.001702410343
23.07	0.001773164781
23.08	0.00184247312
23.09	0.001910312397
23.1	0.001976660559
23.11	0.002041496473
23.12	0.002104799927
23.13	0.002166551632
23.14	0.002226733225
23.15	0.002285327271
23.16	0.002342317262
23.17	0.002397687624
23.18	0.002451423708
23.19	0.002503511797
23.2	0.002553939105
23.21	0.002602693772
23.22	0.002649764866
23.23	0.002695142379
23.24	0.002738817225
23.25	0.002780781241
23.26	0.002821027175
23.27	0.002859548693
23.28	0.002896340365
23.29	0.002931397669
23.3	0.002964716979
23.31	0.002996295565
23.32	0.003026131582
23.33	0.003054224071
23.34	0.003080572943
23.35	0.003105178983
23.36	0.003128043833
23.37	0.003149169989
23.38	0.003168560793
23.39	0.003186220424
23.4	0.003202153889
23.41	0.003216367013
23.42	0.003228866431
23.43	0.00323965958
23.44	0.003248754684
23.45	0.003256160747
23.46	0.003261887544
23.47	0.003265945604
23.48	0.003268346204
23.49	0.003269101359
23.5	0.003268223801
23.51	0.003265726979
23.52	0.003261625036
23.53	0.003255932804
23.54	0.003248665787
23.55	0.003239840148
23.56	0.003229472698
23.57	0.003217580882
23.58	0.003204182763
23.59	0.00318929701
23.6	0.003172942885
23.61	0.003155140224
23.62	0.003135909429
23.63	0.003115271448
23.64	0.003093247763
23.65	0.003069860375
23.66	0.003045131787
23.67	0.00301908499
23.68	0.00299174345
23.69	0.002963131088
23.7	0.002933272267
23.71	0.002902191776
23.72	0.002869914816
23.73	0.002836466982
23.74	0.002801874246
23.75	0.002766162944
23.76	0.002729359759
23.77	0.002691491705
23.78	0.002652586108
23.79	0.002612670597
23.8	0.002571773079
23.81	0.002529921731
23.82	0.002487144976
23.83	0.002443471475
23.84	0.002398930104
23.85	0.002353549944
23.86	0.002307360257
23.87	0.002260390478
23.88	0.002212670196
23.89	0.002164229136
23.9	0.002115097144
23.91	0.002065304175
23.92	0.002014880272
23.93	0.001963855553
23.94	0.001912260195
23.95	0.001860124419
23.96	0.001807478473
23.97	0.001754352619
23.98	0.001700777116
23.99	0.001646782206
24	0.001592398099
24.01	0.001537654956
24.02	0.00148258288
24.03	0.001427211894
24.04	0.001371571933
24.05	0.001315692826
24.06	0.001259604284
24.07	0.001203335885
24.08	0.001146917061
24.09	0.001090377086
24.1	0.001033745057
24.11	0.0009770498893
24.12	0.0009203202965
24.13	0.0008635847815
24.14	0.000806871623
24.15	0.0007502088629
24.16	0.0006936242951
24.17	0.0006371454527
24.18	0.000580799597
24.19	0.0005246137059
24.2	0.0004686144627
24.21	0.0004128282451
24.22	0.0003572811149
24.23	0.0003019988071
24.24	0.0002470067197
24.25	0.0001923299042
24.26	0.0001379930555
24.27	8.402050253e-05
24.28	3.043619913e-05
24.29	-2.273628492e-05
24.3	-7.54737726e-05
24.31	-0.000127753488
24.32	-0.0001795530644
24.33	-0.0002308505524
24.34	-0.0002816244271
24.35	-0.0003318535959
24.36	-0.000381517405
24.37	-0.0004305956469
24.38	-0.0004790685662
24.39	-0.0005269168662
24.4	-0.0005741217147
24.41	-0.0006206647498
24.42	-0.0006665280853
24.43	-0.0007116943156
24.44	-0.0007561465207
24.45	-0.0007998682708
24.46	-0.0008428436304
24.47	-0.0008850571624
24.48	-0.0009264939318
24.49	-0.0009671395091
24.5	-0.001006979974
24.51	-0.001046001916
24.52	-0.001084192441
24.53	-0.001121539169
24.54	-0.001158030242
24.55	-0.001193654319
24.56	-0.001228400581
24.57	-0.001262258734
24.58	-0.001295219006
24.59	-0.001327272152
24.6	-0.001358409449
24.61	-0.001388622701
24.62	-0.001417904237
24.63	-0.001446246911
24.64	-0.0014736441
24.65	-0.001500089705
24.66	-0.00152557815
24.67	-0.001550104378
24.68	-0.001573663852
24.69	-0.001596252552
24.7	-0.001617866973
24.71	-0.001638504124
24.72	-0.001658161521
24.73	-0.001676837191
24.74	-0.001694529662
24.75	-0.001711237966
24.76	-0.00172696163
24.77	-0.001741700677
24.78	-0.001755455616
24.79	-0.001768227446
24.8	-0.001780017645
24.81	-0.001790828168
24.82	-0.001800661441
24.83	-0.001809520358
24.84	-0.001817408275
24.85	-0.001824329004
24.86	-0.001830286808
24.87	-0.001835286395
24.88	-0.001839332912
24.89	-0.00184243194
24.9	-0.001844589486
24.91	-0.001845811979
24.92	-0.001846106261
24.93	-0.001845479582
24.94	-0.001843939592
24.95	-0.001841494333
24.96	-0.001838152238
24.97	-0.001833922113
24.98	-0.001828813141
24.99	-0.001822834867
25	-0.00181599719
25.01	-0.001808310363
25.02	-0.001799784976
25.03	-0.001790431952
25.04	-0.001780262541
25.05	-0.001769288308
25.06	-0.001757521126
25.07	-0.001744973169
25.08	-0.001731656903
25.09	-0.001717585075
25.1	-0.001702770707
25.11	-0.001687227088
25.12	-0.001670967764
25.13	-0.001654006527
25.14	-0.00163635741
25.15	-0.001618034677
25.16	-0.001599052812
25.17	-0.001579426513
25.18	-0.00155917068
25.19	-0.001538300409
25.2	-0.001516830981
25.21	-0.001494777852
25.22	-0.001472156649
25.23	-0.001448983153
25.24	-0.001425273295
25.25	-0.001401043149
25.26	-0.001376308916
25.27	-0.00135108692
25.28	-0.001325393599
25.29	-0.001299245493
25.3	-0.001272659237
25.31	-0.001245651551
25.32	-0.001218239233
25.33	-0.001190439146
25.34	-0.001162268214
25.35	-0.00113374341
25.36	-0.001104881747
25.37	-0.00107570027
25.38	-0.001046216049
25.39	-0.001016446167
25.4	-0.0009864077131
25.41	-0.0009561177752
25.42	-0.000925593429
25.43	-0.0008948517311
25.44	-0.0008639097104
25.45	-0.0008327843596
25.46	-0.0008014926274
25.47	-0.0007700514103
25.48	-0.0007384775444
25.49	-0.0007067877976
25.5	-0.0006749988622
25.51	-0.0006431273464
25.52	-0.0006111897675
25.53	-0.0005792025439
25.54	-0.0005471819879
25.55	-0.0005151442985
25.56	-0.0004831055539
25.57	-0.000451081705
25.58	-0.000419088568
25.59	-0.000387141818
25.6	-0.0003552569819
25.61	-0.0003234494322
25.62	-0.0002917343803
25.63	-0.0002601268705
25.64	-0.0002286417738
25.65	-0.0001972937817
25.66	-0.0001660974002
25.67	-0.0001350669446
25.68	-0.0001042165335
25.69	-7.356008328e-05
25.7	-4.311130299e-05
25.71	-1.288368913e-05
25.72	1.71094794e-05
25.73	4.68551462e-05
25.74	7.634048202e-05
25.75	0.0001055528894
25.76	0.000134480007
25.77	0.0001631097141
25.78	0.0001914301344
25.79	0.0002194296402
25.8	0.000247096856
25.81	0.0002744206625
25.82	0.0003013901997
25.83	0.0003279948706
25.84	0.000354224344
25.85	0.0003800685578
25.86	0.0004055177218
25.87	0.0004305623205
25.88	0.0004551931152
25.89	0.000479401147
25.9	0.0005031777387
25.91	0.0005265144968
25.92	0.0005494033138
25.93	0.0005718363694
25.94	0.0005938061326
25.95	0.0006153053628
25.96	0.0006363271114
25.97	0.0006568647226
25.98	0.0006769118345
25.99	0.0006964623802
26	0.0007155105881
26.01	0.0007340509825
26.02	0.000752078384
26.03	0.0007695879099
26.04	0.0007865749739
26.05	0.0008030352864
26.06	0.0008189648539
26.07	0.0008343599791
26.08	0.0008492172597
26.09	0.0008635335885
26.1	0.000877306152
26.11	0.0008905324298
26.12	0.0009032101935
26.13	0.0009153375052
26.14	0.0009269127164
26.15	0.0009379344667
26.16	0.0009484016814
26.17	0.000958313571
26.18	0.000967669628
26.19	0.0009764696258
26.2	0.0009847136164
26.21	0.0009924019279
26.22	0.0009995351622
26.23	0.001006114193
26.24	0.001012140162
26.25	0.001017614478
26.26	0.001022538813
26.27	0.001026915098
26.28	0.001030745522
26.29	0.00103403253
26.3	0.001036778816
26.31	0.001038987321
26.32	0.001040661232
26.33	0.001041803975
26.34	0.001042419215
26.35	0.001042510848
26.36	0.001042083
26.37	0.001041140025
26.38	0.001039686495
26.39	0.001037727203
26.4	0.001035267153
26.41	0.001032311559
26.42	0.00102886584
26.43	0.001024935617
26.44	0.001020526706
26.45	0.001015645115
26.46	0.001010297038
26.47	0.001004488855
26.48	0.000998227122
26.49	0.0009915185682
26.5	0.0009843700922
26.51	0.0009767887566
26.52	0.0009687817827
26.53	0.0009603565464
26.54	0.0009515205728
26.55	0.0009422815314
26.56	0.0009326472312
26.57	0.0009226256157
26.58	0.0009122247577
26.59	0.0009014528546
26.6	0.0008903182229
26.61	0.0008788292934
26.62	0.000866994606
26.63	0.0008548228047
26.64	0.0008423226323
26.65	0.0008295029253
26.66	0.0008163726089
26.67	0.0008029406915
26.68	0.0007892162602
26.69	0.0007752084747
26.7	0.0007609265633
26.71	0.0007463798168
26.72	0.0007315775838
26.73	0.0007165292656
26.74	0.000701244311
26.75	0.0006857322113
26.76	0.0006700024953
26.77	0.0006540647238
26.78	0.0006379284854
26.79	0.0006216033908
26.8	0.000605099068
26.81	0.0005884251578
26.82	0.0005715913083
26.83	0.0005546071703
26.84	0.0005374823926
26.85	0.0005202266171
26.86	0.000502849474
26.87	0.0004853605772
26.88	0.0004677695195
26.89	0.0004500858683
26.9	0.0004323191606
26.91	0.000414478899
26.92	0.0003965745467
26.93	0.0003786155236
26.94	0.0003606112017
26.95	0.0003425709008
26.96	0.0003245038844
26.97	0.0003064193554
26.98	0.0002883264521
26.99	0.0002702342444
27	0.0002521517292
27.01	0.0002340878272
27.02	0.0002160513785
27.03	0.0001980511393
27.04	0.000180095778
27.05	0.0001621938714
27.06	0.0001443539016
27.07	0.0001265842521
27.08	0.0001088932048
27.09	9.12889364e-05
27.1	7.377951521e-05
27.11	5.637289812e-05
27.12	3.907692747e-05
27.13	2.189932804e-05
27.14	4.84770414e-06
27.15	-1.207046317e-05
27.16	-2.884781885e-05
27.17	-4.547713656e-05
27.18	-6.195132116e-05
27.19	-7.826341129e-05
27.2	-9.440658167e-05
27.21	-0.0001103741455
27.22	-0.0001261595566
27.23	-0.0001417564116
27.24	-0.000157158452
27.25	-0.0001723595661
27.26	-0.0001873537908
27.27	-0.0002021353137
27.28	-0.0002166984742
27.29	-0.0002310377658
27.3	-0.000245147837
27.31	-0.0002590234932
27.32	-0.0002726596977
27.33	-0.0002860515733
27.34	-0.0002991944028
27.35	-0.000312083631
27.36	-0.000324714865
27.37	-0.0003370838751
27.38	-0.0003491865961
27.39	-0.0003610191274
27.4	-0.0003725777341
27.41	-0.0003838588474
27.42	-0.0003948590649
27.43	-0.0004055751512
27.44	-0.0004160040378
27.45	-0.000426142824
27.46	-0.0004359887761
27.47	-0.0004455393282
27.48	-0.0004547920818
27.49	-0.0004637448056
27.5	-0.0004723954354
27.51	-0.0004807420739
27.52	-0.0004887829898
27.53	-0.0004965166183
27.54	-0.0005039415594
27.55	-0.0005110565783
27.56	-0.000517860604
27.57	-0.0005243527289
27.58	-0.0005305322078
27.59	-0.0005363984569
27.6	-0.0005419510532
27.61	-0.0005471897327
27.62	-0.0005521143902
27.63	-0.0005567250773
27.64	-0.0005610220014
27.65	-0.0005650055245
27.66	-0.0005686761616
27.67	-0.0005720345793
27.68	-0.0005750815944
27.69	-0.0005778181718
27.7	-0.0005802454234
27.71	-0.0005823646063
27.72	-0.0005841771206
27.73	-0.000585684508
27.74	-0.0005868884496
27.75	-0.0005877907644
27.76	-0.0005883934066
27.77	-0.0005886984643
27.78	-0.0005887081568
27.79	-0.0005884248328
27.8	-0.000587850968
27.81	-0.0005869891631
27.82	-0.0005858421412
27.83	-0.0005844127457
27.84	-0.0005827039379
27.85	-0.0005807187944
27.86	-0.0005784605049
27.87	-0.0005759323696
27.88	-0.0005731377965
27.89	-0.0005700802993
27.9	-0.0005667634945
27.91	-0.0005631910985
27.92	-0.0005593669256
27.93	-0.0005552948848
27.94	-0.0005509789775
27.95	-0.0005464232943
27.96	-0.0005416320128
27.97	-0.0005366093942
27.98	-0.0005313597812
27.99	-0.0005258875946
28	-0.0005201973309
28.01	-0.0005142935592
28.02	-0.0005081809185
28.03	-0.0005018641146
28.04	-0.0004953479175
28.05	-0.0004886371586
28.06	-0.0004817367273
28.07	-0.0004746515685
28.08	-0.0004673866799
28.09	-0.0004599471083
28.1	-0.0004523379477
28.11	-0.0004445643357
28.12	-0.0004366314506
28.13	-0.0004285445091
28.14	-0.0004203087627
28.15	-0.000411929495
28.16	-0.0004034120194
28.17	-0.0003947616751
28.18	-0.0003859838254
28.19	-0.0003770838541
28.2	-0.0003680671628
28.21	-0.0003589391682
28.22	-0.0003497052993
28.23	-0.0003403709944
28.24	-0.0003309416985
28.25	-0.0003214228606
28.26	-0.0003118199305
28.27	-0.0003021383569
28.28	-0.0002923835838
28.29	-0.0002825610484
28.3	-0.0002726761783
28.31	-0.000262734389
28.32	-0.0002527410809
28.33	-0.0002427016371
28.34	-0.000232621421
28.35	-0.0002225057732
28.36	-0.0002123600096
28.37	-0.0002021894187
28.38	-0.000191999259
28.39	-0.0001817947573
28.4	-0.0001715811054
28.41	-0.0001613634585
28.42	-0.0001511469328
28.43	-0.000140936603
28.44	-0.0001307375003
28.45	-0.0001205546105
28.46	-0.0001103928712
28.47	-0.0001002571703
28.48	-9.015234394e-05
28.49	-8.008317418e-05
28.5	-7.005438729e-05
28.51	-6.007065179e-05
28.52	-5.013657658e-05
28.53	-4.025670913e-05
28.54	-3.04355337e-05
28.55	-2.06774696e-05
28.56	-1.098686955e-05
28.57	-1.368017996e-06
28.58	8.174870452e-06
28.59	1.763765256e-05
28.6	2.701625798e-05
28.61	3.630669067e-05
28.62	4.550503031e-05
28.63	5.460743364e-05
28.64	6.361013576e-05
28.65	7.250945138e-05
28.66	8.130177603e-05
28.67	8.998358719e-05
28.68	9.855144539e-05
28.69	0.0001070019953
28.7	0.0001153319666
28.71	0.0001235381753
28.72	0.0001316175239
28.73	0.0001395670032
28.74	0.0001473836922
28.75	0.0001550647595
28.76	0.0001626074638
28.77	0.0001700091541
28.78	0.0001772672712
28.79	0.0001843793473
28.8	0.0001913430073
28.81	0.0001981559685
28.82	0.0002048160417
28.83	0.0002113211311
28.84	0.0002176692347
28.85	0.0002238584445
28.86	0.0002298869469
28.87	0.0002357530227
28.88	0.0002414550472
28.89	0.0002469914902
28.9	0.0002523609162
28.91	0.0002575619842
28.92	0.0002625934476
28.93	0.0002674541542
28.94	0.000272143046
28.95	0.0002766591587
28.96	0.0002810016221
28.97	0.0002851696587
28.98	0.0002891625847
28.99	0.0002929798082
29	0.00029662083
29.01	0.0003000852423
29.02	0.0003033727284
29.03	0.0003064830622
29.04	0.0003094161076
29.05	0.0003121718178
29.06	0.0003147502346
29.07	0.0003171514877
29.08	0.0003193757938
29.09	0.0003214234561
29.1	0.0003232948631
29.11	0.0003249904882
29.12	0.0003265108881
29.13	0.0003278567026
29.14	0.0003290286531
29.15	0.0003300275418
29.16	0.0003308542506
29.17	0.0003315097402
29.18	0.0003319950485
29.19	0.0003323112902
29.2	0.0003324596551
29.21	0.0003324414069
29.22	0.0003322578824
29.23	0.0003319104897
29.24	0.0003314007075
29.25	0.0003307300834
29.26	0.0003299002326
29.27	0.0003289128369
29.28	0.0003277696428
29.29	0.0003264724607
29.3	0.000325023163
29.31	0.000323423683
29.32	0.0003216760132
29.33	0.000319782204
29.34	0.0003177443622
29.35	0.0003155646496
29.36	0.0003132452812
29.37	0.0003107885238
29.38	0.0003081966948
29.39	0.0003054721599
29.4	0.0003026173325
29.41	0.0002996346711
29.42	0.0002965266786
29.43	0.0002932959001
29.44	0.0002899449216
29.45	0.0002864763684
29.46	0.0002828929032
29.47	0.0002791972247
29.48	0.0002753920661
29.49	0.0002714801931
29.5	0.0002674644025
29.51	0.0002633475207
29.52	0.0002591324017
29.53	0.0002548219257
29.54	0.0002504189974
29.55	0.0002459265442
29.56	0.0002413475151
29.57	0.0002366848783
29.58	0.0002319416202
29.59	0.0002271207433
29.6	0.0002222252651
29.61	0.0002172582158
29.62	0.0002122226375
29.63	0.0002071215818
29.64	0.0002019581087
29.65	0.0001967352848
29.66	0.0001914561821
29.67	0.0001861238757
29.68	0.0001807414429
29.69	0.0001753119615
29.7	0.0001698385079
29.71	0.0001643241562
29.72	0.0001587719762
29.73	0.000153185032
29.74	0.0001475663806
29.75	0.0001419190706
29.76	0.0001362461404
29.77	0.0001305506169
29.78	0.0001248355143
29.79	0.0001191038323
29.8	0.0001133585552
29.81	0.0001076026501
29.82	0.0001018390658
29.83	9.607073146e-05
29.84	9.03005552e-05
29.85	8.453142294e-05
29.86	7.876619704e-05
29.87	7.300771515e-05
29.88	6.725878893e-05
29.89	6.152220289e-05
29.9	5.58007132e-05
29.91	5.009704658e-05
29.92	4.441389913e-05
29.93	3.875393527e-05
29.94	3.311978665e-05
29.95	2.751405111e-05
29.96	2.193929164e-05
29.97	1.639803541e-05
29.98	1.089277277e-05
29.99	5.425956325e-06
30	-2.410879316e-19
