temps	angle
0	0
0.01	0.4698079792
0.02	0.9366857636
0.03	1.400531843
0.04	1.861246085
0.05	2.318729759
0.06	2.772885545
0.07	3.223617555
0.08	3.670831347
0.09	4.114433942
0.1	4.554333837
0.11	4.990441021
0.12	5.422666989
0.13	5.850924753
0.14	6.27512886
0.15	6.6951954
0.16	7.111042019
0.17	7.522587933
0.18	7.929753939
0.19	8.332462421
0.2	8.730637367
0.21	9.124204375
0.22	9.513090661
0.23	9.897225073
0.24	10.27653809
0.25	10.65096185
0.26	11.02043013
0.27	11.38487836
0.28	11.74424367
0.29	12.09846481
0.3	12.44748227
0.31	12.79123816
0.32	13.12967633
0.33	13.46274228
0.34	13.79038324
0.35	14.11254812
0.36	14.42918754
0.37	14.74025382
0.38	15.04570097
0.39	15.34548475
0.4	15.63956258
0.41	15.92789363
0.42	16.21043875
0.43	16.48716051
0.44	16.7580232
0.45	17.02299281
0.46	17.28203702
0.47	17.53512524
0.48	17.78222856
0.49	18.02331978
0.5	18.2583734
0.51	18.4873656
0.52	18.71027426
0.53	18.92707893
0.54	19.13776085
0.55	19.34230292
0.56	19.54068973
0.57	19.73290752
0.58	19.91894417
0.59	20.09878923
0.6	20.27243388
0.61	20.43987094
0.62	20.60109485
0.63	20.75610168
0.64	20.90488909
0.65	21.04745634
0.66	21.18380431
0.67	21.31393542
0.68	21.4378537
0.69	21.5555647
0.7	21.66707555
0.71	21.7723949
0.72	21.87153295
0.73	21.96450138
0.74	22.05131341
0.75	22.13198373
0.76	22.2065285
0.77	22.27496537
0.78	22.33731342
0.79	22.39359318
0.8	22.44382659
0.81	22.48803704
0.82	22.52624926
0.83	22.5584894
0.84	22.58478496
0.85	22.6051648
0.86	22.61965912
0.87	22.62829941
0.88	22.63111851
0.89	22.6281505
0.9	22.61943078
0.91	22.60499596
0.92	22.58488392
0.93	22.55913375
0.94	22.52778574
0.95	22.49088136
0.96	22.44846327
0.97	22.40057526
0.98	22.34726227
0.99	22.28857035
1	22.22454662
1.01	22.15523932
1.02	22.08069771
1.03	22.00097213
1.04	21.9161139
1.05	21.82617536
1.06	21.73120984
1.07	21.63127163
1.08	21.52641595
1.09	21.41669894
1.1	21.30217768
1.11	21.18291009
1.12	21.05895498
1.13	20.93037199
1.14	20.79722159
1.15	20.65956506
1.16	20.51746445
1.17	20.37098257
1.18	20.22018298
1.19	20.06512996
1.2	19.90588849
1.21	19.74252422
1.22	19.57510347
1.23	19.40369319
1.24	19.22836095
1.25	19.04917493
1.26	18.86620385
1.27	18.67951701
1.28	18.48918425
1.29	18.29527589
1.3	18.09786277
1.31	17.89701619
1.32	17.6928079
1.33	17.48531007
1.34	17.27459529
1.35	17.06073653
1.36	16.84380712
1.37	16.62388074
1.38	16.40103139
1.39	16.17533338
1.4	15.9468613
1.41	15.71568999
1.42	15.48189454
1.43	15.24555026
1.44	15.00673266
1.45	14.76551743
1.46	14.5219804
1.47	14.27619756
1.48	14.02824502
1.49	13.77819897
1.5	13.5261357
1.51	13.27213153
1.52	13.01626284
1.53	12.75860602
1.54	12.49923746
1.55	12.23823354
1.56	11.97567059
1.57	11.71162487
1.58	11.44617258
1.59	11.17938982
1.6	10.91135256
1.61	10.64213666
1.62	10.3718178
1.63	10.1004715
1.64	9.828173104
1.65	9.554997725
1.66	9.281020262
1.67	9.006315371
1.68	8.730957443
1.69	8.455020592
1.7	8.178578637
1.71	7.901705085
1.72	7.62447311
1.73	7.346955543
1.74	7.069224849
1.75	6.791353118
1.76	6.513412041
1.77	6.235472899
1.78	5.957606548
1.79	5.679883397
1.8	5.402373403
1.81	5.125146045
1.82	4.848270319
1.83	4.571814714
1.84	4.295847205
1.85	4.020435237
1.86	3.745645706
1.87	3.471544953
1.88	3.198198744
1.89	2.92567226
1.9	2.654030084
1.91	2.383336186
1.92	2.113653911
1.93	1.84504597
1.94	1.577574421
1.95	1.311300664
1.96	1.046285426
1.97	0.7825887473
1.98	0.5202699761
1.99	0.2593877526
2	2.01630124e-15
2.01	-0.2578360857
2.02	-0.5140640465
2.03	-0.7686281719
2.04	-1.021473509
2.05	-1.272545873
2.06	-1.521791853
2.07	-1.769158824
2.08	-2.014594957
2.09	-2.258049223
2.1	-2.499471404
2.11	-2.738812102
2.12	-2.976022742
2.13	-3.211055587
2.14	-3.443863737
2.15	-3.674401141
2.16	-3.902622605
2.17	-4.128483791
2.18	-4.351941233
2.19	-4.572952334
2.2	-4.791475378
2.21	-5.007469531
2.22	-5.22089485
2.23	-5.431712285
2.24	-5.639883684
2.25	-5.845371799
2.26	-6.048140289
2.27	-6.248153721
2.28	-6.445377581
2.29	-6.639778269
2.3	-6.831323108
2.31	-7.019980343
2.32	-7.205719146
2.33	-7.388509618
2.34	-7.56832279
2.35	-7.745130626
2.36	-7.918906023
2.37	-8.089622813
2.38	-8.257255767
2.39	-8.42178059
2.4	-8.583173927
2.41	-8.74141336
2.42	-8.89647741
2.43	-9.048345535
2.44	-9.196998132
2.45	-9.342416535
2.46	-9.484583013
2.47	-9.623480771
2.48	-9.759093949
2.49	-9.891407618
2.5	-10.02040778
2.51	-10.14608136
2.52	-10.26841623
2.53	-10.38740115
2.54	-10.50302584
2.55	-10.61528091
2.56	-10.7241579
2.57	-10.82964926
2.58	-10.93174834
2.59	-11.0304494
2.6	-11.1257476
2.61	-11.21763901
2.62	-11.30612057
2.63	-11.39119012
2.64	-11.47284638
2.65	-11.55108895
2.66	-11.6259183
2.67	-11.69733577
2.68	-11.76534356
2.69	-11.82994473
2.7	-11.89114318
2.71	-11.94894367
2.72	-12.00335178
2.73	-12.05437394
2.74	-12.10201739
2.75	-12.1462902
2.76	-12.18720124
2.77	-12.22476019
2.78	-12.25897752
2.79	-12.28986451
2.8	-12.31743319
2.81	-12.3416964
2.82	-12.36266771
2.83	-12.38036147
2.84	-12.39479279
2.85	-12.40597748
2.86	-12.41393213
2.87	-12.41867402
2.88	-12.42022117
2.89	-12.4185923
2.9	-12.41380681
2.91	-12.40588482
2.92	-12.3948471
2.93	-12.3807151
2.94	-12.36351095
2.95	-12.3432574
2.96	-12.31997786
2.97	-12.29369636
2.98	-12.26443757
2.99	-12.23222676
3	-12.19708979
3.01	-12.15905314
3.02	-12.11814384
3.03	-12.07438951
3.04	-12.02781832
3.05	-11.97845901
3.06	-11.92634083
3.07	-11.87149357
3.08	-11.81394755
3.09	-11.75373359
3.1	-11.69088298
3.11	-11.62542754
3.12	-11.55739954
3.13	-11.4868317
3.14	-11.41375721
3.15	-11.3382097
3.16	-11.26022323
3.17	-11.17983227
3.18	-11.0970717
3.19	-11.0119768
3.2	-10.92458323
3.21	-10.83492702
3.22	-10.74304456
3.23	-10.64897261
3.24	-10.55274823
3.25	-10.45440886
3.26	-10.3539922
3.27	-10.25153629
3.28	-10.14707946
3.29	-10.04066029
3.3	-9.932317678
3.31	-9.822090738
3.32	-9.710018851
3.33	-9.596141629
3.34	-9.480498905
3.35	-9.363130727
3.36	-9.244077342
3.37	-9.123379186
3.38	-9.001076871
3.39	-8.877211178
3.4	-8.751823041
3.41	-8.624953536
3.42	-8.496643873
3.43	-8.366935383
3.44	-8.235869505
3.45	-8.103487776
3.46	-7.969831821
3.47	-7.834943341
3.48	-7.698864101
3.49	-7.561635921
3.5	-7.423300662
3.51	-7.283900218
3.52	-7.143476503
3.53	-7.002071443
3.54	-6.859726963
3.55	-6.716484975
3.56	-6.572387369
3.57	-6.427476006
3.58	-6.281792701
3.59	-6.135379217
3.6	-5.988277252
3.61	-5.840528431
3.62	-5.692174295
3.63	-5.543256291
3.64	-5.393815761
3.65	-5.243893934
3.66	-5.093531915
3.67	-4.942770674
3.68	-4.791651039
3.69	-4.640213684
3.7	-4.488499123
3.71	-4.336547696
3.72	-4.184399562
3.73	-4.032094692
3.74	-3.879672856
3.75	-3.727173616
3.76	-3.574636319
3.77	-3.422100084
3.78	-3.269603797
3.79	-3.1171861
3.8	-2.964885386
3.81	-2.812739786
3.82	-2.660787166
3.83	-2.509065113
3.84	-2.357610933
3.85	-2.20646164
3.86	-2.055653948
3.87	-1.905224265
3.88	-1.755208685
3.89	-1.60564298
3.9	-1.456562593
3.91	-1.308002632
3.92	-1.159997861
3.93	-1.012582697
3.94	-0.8657911991
3.95	-0.719657063
3.96	-0.5742136162
3.97	-0.4294938108
3.98	-0.2855302168
3.99	-0.1423550169
4	-2.213139165e-15
4.01	0.141503444
4.02	0.2821243304
4.03	0.4218320846
4.04	0.5605965479
4.05	0.6983879824
4.06	0.8351770764
4.07	0.9709349488
4.08	1.105633155
4.09	1.239243688
4.1	1.371738991
4.11	1.50309195
4.12	1.63327591
4.13	1.76226467
4.14	1.890032492
4.15	2.016554102
4.16	2.141804697
4.17	2.265759944
4.18	2.388395988
4.19	2.509689452
4.2	2.629617441
4.21	2.748157546
4.22	2.865287845
4.23	2.980986906
4.24	3.095233792
4.25	3.208008061
4.26	3.319289767
4.27	3.429059466
4.28	3.537298215
4.29	3.643987575
4.3	3.749109611
4.31	3.852646897
4.32	3.954582514
4.33	4.054900052
4.34	4.153583613
4.35	4.250617811
4.36	4.34598777
4.37	4.439679132
4.38	4.531678047
4.39	4.621971185
4.4	4.710545726
4.41	4.797389368
4.42	4.882490323
4.43	4.965837317
4.44	5.047419592
4.45	5.127226904
4.46	5.205249521
4.47	5.281478227
4.48	5.355904317
4.49	5.428519598
4.5	5.499316388
4.51	5.568287513
4.52	5.635426311
4.53	5.700726622
4.54	5.764182796
4.55	5.825789686
4.56	5.885542645
4.57	5.943437528
4.58	5.999470691
4.59	6.053638981
4.6	6.105939745
4.61	6.156370819
4.62	6.204930529
4.63	6.251617687
4.64	6.296431593
4.65	6.339372026
4.66	6.380439244
4.67	6.419633982
4.68	6.456957449
4.69	6.492411321
4.7	6.525997744
4.71	6.557719324
4.72	6.58757913
4.73	6.615580684
4.74	6.641727965
4.75	6.666025397
4.76	6.688477851
4.77	6.709090639
4.78	6.727869511
4.79	6.744820648
4.8	6.759950664
4.81	6.773266593
4.82	6.784775893
4.83	6.794486436
4.84	6.802406508
4.85	6.808544798
4.86	6.812910401
4.87	6.815512808
4.88	6.816361903
4.89	6.815467958
4.9	6.812841628
4.91	6.808493945
4.92	6.802436315
4.93	6.794680512
4.94	6.785238671
4.95	6.774123287
4.96	6.761347203
4.97	6.746923613
4.98	6.730866049
4.99	6.71318838
5	6.693904804
5.01	6.673029846
5.02	6.650578346
5.03	6.626565461
5.04	6.601006653
5.05	6.573917687
5.06	6.545314623
5.07	6.515213811
5.08	6.483631886
5.09	6.45058576
5.1	6.416092618
5.11	6.38016991
5.12	6.342835348
5.13	6.304106896
5.14	6.264002768
5.15	6.222541417
5.16	6.179741535
5.17	6.13562204
5.18	6.090202077
5.19	6.043501005
5.2	5.995538395
5.21	5.946334022
5.22	5.895907862
5.23	5.844280078
5.24	5.791471024
5.25	5.73750123
5.26	5.6823914
5.27	5.626162406
5.28	5.568835278
5.29	5.510431204
5.3	5.450971515
5.31	5.390477688
5.32	5.328971332
5.33	5.266474187
5.34	5.203008115
5.35	5.138595093
5.36	5.07325721
5.37	5.007016658
5.38	4.939895724
5.39	4.871916791
5.4	4.803102322
5.41	4.733474861
5.42	4.663057025
5.43	4.591871497
5.44	4.519941018
5.45	4.447288384
5.46	4.373936441
5.47	4.299908074
5.48	4.225226204
5.49	4.149913781
5.5	4.073993781
5.51	3.997489196
5.52	3.920423027
5.53	3.842818285
5.54	3.764697978
5.55	3.686085108
5.56	3.607002665
5.57	3.527473623
5.58	3.44752093
5.59	3.367167506
5.6	3.286436236
5.61	3.205349964
5.62	3.123931488
5.63	3.042203554
5.64	2.960188853
5.65	2.877910009
5.66	2.795389584
5.67	2.71265006
5.68	2.629713846
5.69	2.546603264
5.7	2.463340547
5.71	2.379947836
5.72	2.29644717
5.73	2.212860485
5.74	2.129209607
5.75	2.04551625
5.76	1.961802007
5.77	1.878088346
5.78	1.794396609
5.79	1.710748004
5.8	1.6271636
5.81	1.543664324
5.82	1.460270958
5.83	1.37700413
5.84	1.293884314
5.85	1.210931823
5.86	1.128166807
5.87	1.045609246
5.88	0.9632789502
5.89	0.8811955507
5.9	0.7993784996
5.91	0.7178470642
5.92	0.6366203241
5.93	0.5557171668
5.94	0.4751562845
5.95	0.3949561702
5.96	0.3151351142
5.97	0.235711201
5.98	0.1567023054
5.99	0.07812608971
6	1.821894789e-15
6.01	-0.07765873663
6.02	-0.1548331153
6.03	-0.2315063565
6.04	-0.3076619086
6.05	-0.3832834513
6.06	-0.4583548977
6.07	-0.5328603978
6.08	-0.6067843404
6.09	-0.6801113562
6.1	-0.7528263198
6.11	-0.8249143525
6.12	-0.8963608245
6.13	-0.9671513568
6.14	-1.037271824
6.15	-1.106708356
6.16	-1.17544734
6.17	-1.243475422
6.18	-1.31077951
6.19	-1.377346774
6.2	-1.44316465
6.21	-1.508220839
6.22	-1.57250331
6.23	-1.636000301
6.24	-1.698700322
6.25	-1.760592152
6.26	-1.821664848
6.27	-1.881907736
6.28	-1.941310421
6.29	-1.999862783
6.3	-2.05755498
6.31	-2.114377447
6.32	-2.170320899
6.33	-2.225376332
6.34	-2.279535018
6.35	-2.332788515
6.36	-2.385128659
6.37	-2.436547568
6.38	-2.487037643
6.39	-2.536591568
6.4	-2.585202307
6.41	-2.632863108
6.42	-2.679567502
6.43	-2.725309303
6.44	-2.770082604
6.45	-2.813881786
6.46	-2.856701506
6.47	-2.898536707
6.48	-2.939382611
6.49	-2.979234722
6.5	-3.018088824
6.51	-3.05594098
6.52	-3.092787534
6.53	-3.128625104
6.54	-3.163450591
6.55	-3.197261169
6.56	-3.230054288
6.57	-3.261827674
6.58	-3.292579325
6.59	-3.322307514
6.6	-3.351010782
6.61	-3.378687942
6.62	-3.405338075
6.63	-3.430960531
6.64	-3.455554924
6.65	-3.479121133
6.66	-3.5016593
6.67	-3.523169829
6.68	-3.543653382
6.69	-3.563110879
6.7	-3.581543499
6.71	-3.598952671
6.72	-3.61534008
6.73	-3.630707659
6.74	-3.645057591
6.75	-3.658392304
6.76	-3.670714472
6.77	-3.68202701
6.78	-3.692333073
6.79	-3.701636055
6.8	-3.709939584
6.81	-3.717247521
6.82	-3.723563958
6.83	-3.728893217
6.84	-3.733239845
6.85	-3.73660861
6.86	-3.739004504
6.87	-3.740432735
6.88	-3.740898728
6.89	-3.740408121
6.9	-3.73896676
6.91	-3.736580701
6.92	-3.733256203
6.93	-3.728999728
6.94	-3.723817936
6.95	-3.717717684
6.96	-3.710706021
6.97	-3.702790187
6.98	-3.693977609
6.99	-3.684275898
7	-3.673692848
7.01	-3.662236427
7.02	-3.649914783
7.03	-3.636736232
7.04	-3.622709261
7.05	-3.607842521
7.06	-3.592144827
7.07	-3.575625151
7.08	-3.558292623
7.09	-3.540156525
7.1	-3.521226287
7.11	-3.501511487
7.12	-3.481021845
7.13	-3.45976722
7.14	-3.437757608
7.15	-3.415003136
7.16	-3.391514062
7.17	-3.36730077
7.18	-3.342373766
7.19	-3.316743674
7.2	-3.290421236
7.21	-3.263417304
7.22	-3.23574284
7.23	-3.207408912
7.24	-3.178426688
7.25	-3.148807437
7.26	-3.118562521
7.27	-3.087703395
7.28	-3.0562416
7.29	-3.024188764
7.3	-2.991556596
7.31	-2.958356879
7.32	-2.924601476
7.33	-2.890302315
7.34	-2.855471396
7.35	-2.82012078
7.36	-2.78426259
7.37	-2.747909004
7.38	-2.711072255
7.39	-2.673764625
7.4	-2.635998443
7.41	-2.597786083
7.42	-2.559139955
7.43	-2.520072509
7.44	-2.480596225
7.45	-2.440723614
7.46	-2.400467214
7.47	-2.359839585
7.48	-2.318853306
7.49	-2.277520972
7.5	-2.235855193
7.51	-2.193868586
7.52	-2.151573776
7.53	-2.10898339
7.54	-2.066110057
7.55	-2.022966399
7.56	-1.979565034
7.57	-1.93591857
7.58	-1.892039602
7.59	-1.847940708
7.6	-1.803634447
7.61	-1.759133358
7.62	-1.714449951
7.63	-1.66959671
7.64	-1.624586087
7.65	-1.579430501
7.66	-1.534142331
7.67	-1.488733918
7.68	-1.443217558
7.69	-1.397605504
7.7	-1.351909956
7.71	-1.306143066
7.72	-1.260316928
7.73	-1.214443583
7.74	-1.168535008
7.75	-1.12260312
7.76	-1.076659769
7.77	-1.030716738
7.78	-0.9847857388
7.79	-0.9388784108
7.8	-0.8930063172
7.81	-0.8471809433
7.82	-0.8014136935
7.83	-0.7557158894
7.84	-0.710098767
7.85	-0.6645734748
7.86	-0.6191510709
7.87	-0.5738425211
7.88	-0.5286586967
7.89	-0.4836103719
7.9	-0.4387082222
7.91	-0.3939628218
7.92	-0.3493846416
7.93	-0.3049840475
7.94	-0.2607712979
7.95	-0.2167565419
7.96	-0.1729498176
7.97	-0.1293610499
7.98	-0.08600004863
7.99	-0.04287650712
8	-1.333169413e-15
8.01	0.04262001831
8.02	0.08497421535
8.03	0.1270533823
8.04	0.1688484354
8.05	0.210350418
8.06	0.2515505013
8.07	0.2924399867
8.08	0.3330103066
8.09	0.3732530261
8.1	0.4131598443
8.11	0.4527225954
8.12	0.4919332506
8.13	0.5307839185
8.14	0.5692668468
8.15	0.6073744235
8.16	0.6450991777
8.17	0.6824337807
8.18	0.7193710474
8.19	0.7559039367
8.2	0.7920255529
8.21	0.8277291463
8.22	0.8630081143
8.23	0.8978560019
8.24	0.9322665027
8.25	0.9662334597
8.26	0.9997508655
8.27	1.032812864
8.28	1.065413748
8.29	1.097547966
8.3	1.129210115
8.31	1.160394946
8.32	1.191097364
8.33	1.221312425
8.34	1.251035343
8.35	1.280261482
8.36	1.308986361
8.37	1.337205657
8.38	1.364915198
8.39	1.392110968
8.4	1.418789108
8.41	1.44494591
8.42	1.470577825
8.43	1.495681457
8.44	1.520253566
8.45	1.544291067
8.46	1.567791027
8.47	1.590750672
8.48	1.61316738
8.49	1.635038682
8.5	1.656362265
8.51	1.677135969
8.52	1.697357786
8.53	1.717025862
8.54	1.736138495
8.55	1.754694133
8.56	1.772691379
8.57	1.790128982
8.58	1.807005847
8.59	1.823321022
8.6	1.83907371
8.61	1.854263257
8.62	1.868889161
8.63	1.882951063
8.64	1.896448752
8.65	1.909382161
8.66	1.92175137
8.67	1.933556598
8.68	1.94479821
8.69	1.955476711
8.7	1.965592747
8.71	1.975147104
8.72	1.984140704
8.73	1.992574611
8.74	2.00045002
8.75	2.007768266
8.76	2.014530815
8.77	2.020739268
8.78	2.026395355
8.79	2.03150094
8.8	2.036058013
8.81	2.040068693
8.82	2.043535228
8.83	2.046459988
8.84	2.048845467
8.85	2.050694285
8.86	2.052009179
8.87	2.052793009
8.88	2.053048752
8.89	2.052779501
8.9	2.051988465
8.91	2.050678968
8.92	2.048854445
8.93	2.046518442
8.94	2.043674614
8.95	2.040326725
8.96	2.036478642
8.97	2.03213434
8.98	2.027297895
8.99	2.021973484
9	2.016165382
9.01	2.009877965
9.02	2.003115704
9.03	1.995883162
9.04	1.988184997
9.05	1.980025957
9.06	1.97141088
9.07	1.962344689
9.08	1.952832396
9.09	1.942879094
9.1	1.93248996
9.11	1.921670248
9.12	1.910425294
9.13	1.898760508
9.14	1.886681377
9.15	1.874193458
9.16	1.861302381
9.17	1.848013845
9.18	1.834333615
9.19	1.820267522
9.2	1.805821462
9.21	1.79100139
9.22	1.775813322
9.23	1.760263332
9.24	1.744357551
9.25	1.728102161
9.26	1.7115034
9.27	1.694567552
9.28	1.677300953
9.29	1.659709984
9.3	1.64180107
9.31	1.623580679
9.32	1.605055321
9.33	1.586231542
9.34	1.567115929
9.35	1.5477151
9.36	1.528035707
9.37	1.508084436
9.38	1.487868
9.39	1.467393138
9.4	1.446666619
9.41	1.42569523
9.42	1.404485786
9.43	1.383045117
9.44	1.361380073
9.45	1.33949752
9.46	1.317404339
9.47	1.295107424
9.48	1.272613677
9.49	1.249930011
9.5	1.227063346
9.51	1.204020608
9.52	1.180808724
9.53	1.157434625
9.54	1.13390524
9.55	1.110227499
9.56	1.086408325
9.57	1.062454638
9.58	1.03837335
9.59	1.014171363
9.6	0.989855572
9.61	0.9654328562
9.62	0.9409100825
9.63	0.916294102
9.64	0.8915917486
9.65	0.8668098373
9.66	0.8419551626
9.67	0.8170344971
9.68	0.7920545894
9.69	0.7670221631
9.7	0.7419439148
9.71	0.7168265128
9.72	0.6916765954
9.73	0.6665007697
9.74	0.6413056097
9.75	0.6160976549
9.76	0.5908834093
9.77	0.5656693392
9.78	0.5404618725
9.79	0.5152673967
9.8	0.490092258
9.81	0.4649427595
9.82	0.4398251603
9.83	0.4147456737
9.84	0.3897104661
9.85	0.364725656
9.86	0.3397973122
9.87	0.3149314529
9.88	0.2901340443
9.89	0.2654109994
9.9	0.2407681772
9.91	0.2162113808
9.92	0.1917463568
9.93	0.1673787941
9.94	0.1431143226
9.95	0.1189585124
9.96	0.09491687237
9.97	0.07099484942
9.98	0.04719782739
9.99	0.02353112602
10	9.145736087e-16
10.01	-0.02339036198
10.02	-0.04663483815
10.03	-0.0697283746
10.04	-0.09266598611
10.05	-0.115442757
10.06	-0.1380538422
10.07	-0.1604944676
10.08	-0.1827599312
10.09	-0.2048456039
10.1	-0.2267469301
10.11	-0.2484594283
10.12	-0.2699786921
10.13	-0.2913003907
10.14	-0.3124202696
10.15	-0.3333341511
10.16	-0.3540379352
10.17	-0.3745275997
10.18	-0.3947992015
10.19	-0.4148488762
10.2	-0.4346728395
10.21	-0.454267387
10.22	-0.4736288952
10.23	-0.4927538214
10.24	-0.5116387046
10.25	-0.5302801659
10.26	-0.5486749082
10.27	-0.5668197174
10.28	-0.5847114623
10.29	-0.6023470949
10.3	-0.6197236506
10.31	-0.6368382488
10.32	-0.6536880929
10.33	-0.6702704704
10.34	-0.6865827534
10.35	-0.7026223983
10.36	-0.7183869467
10.37	-0.7338740245
10.38	-0.749081343
10.39	-0.7640066982
10.4	-0.7786479714
10.41	-0.7930031289
10.42	-0.8070702221
10.43	-0.8208473876
10.44	-0.834332847
10.45	-0.8475249068
10.46	-0.8604219587
10.47	-0.8730224791
10.48	-0.885325029
10.49	-0.8973282543
10.5	-0.9090308849
10.51	-0.9204317353
10.52	-0.9315297038
10.53	-0.9423237727
10.54	-0.9528130077
10.55	-0.962996558
10.56	-0.9728736557
10.57	-0.9824436156
10.58	-0.9917058351
10.59	-1.000659793
10.6	-1.009305051
10.61	-1.017641252
10.62	-1.025668118
10.63	-1.033385453
10.64	-1.040793142
10.65	-1.047891148
10.66	-1.054679513
10.67	-1.06115836
10.68	-1.067327888
10.69	-1.073188373
10.7	-1.078740172
10.71	-1.083983714
10.72	-1.088919506
10.73	-1.093548132
10.74	-1.097870248
10.75	-1.101886587
10.76	-1.105597953
10.77	-1.109005224
10.78	-1.11210935
10.79	-1.114911354
10.8	-1.117412329
10.81	-1.119613437
10.82	-1.121515912
10.83	-1.123121054
10.84	-1.124430233
10.85	-1.125444886
10.86	-1.126166515
10.87	-1.12659669
10.88	-1.126737044
10.89	-1.126589276
10.9	-1.126155147
10.91	-1.12543648
10.92	-1.12443516
10.93	-1.123153134
10.94	-1.121592409
10.95	-1.119755048
10.96	-1.117643176
10.97	-1.115258972
10.98	-1.112604675
10.99	-1.109682576
11	-1.106495022
11.01	-1.103044415
11.02	-1.099333207
11.03	-1.095363903
11.04	-1.091139061
11.05	-1.086661285
11.06	-1.08193323
11.07	-1.0769576
11.08	-1.071737142
11.09	-1.066274655
11.1	-1.060572976
11.11	-1.054634993
11.12	-1.048463631
11.13	-1.042061861
11.14	-1.035432693
11.15	-1.028579178
11.16	-1.021504405
11.17	-1.014211502
11.18	-1.006703632
11.19	-0.9989839971
11.2	-0.9910558309
11.21	-0.9829224029
11.22	-0.9745870146
11.23	-0.9660529994
11.24	-0.9573237214
11.25	-0.9484025745
11.26	-0.9392929809
11.27	-0.9299983906
11.28	-0.9205222802
11.29	-0.9108681516
11.3	-0.9010395312
11.31	-0.8910399688
11.32	-0.8808730366
11.33	-0.870542328
11.34	-0.8600514568
11.35	-0.849404056
11.36	-0.8386037765
11.37	-0.8276542868
11.38	-0.8165592712
11.39	-0.805322429
11.4	-0.7939474738
11.41	-0.782438132
11.42	-0.770798142
11.43	-0.7590312533
11.44	-0.747141225
11.45	-0.7351318255
11.46	-0.7230068309
11.47	-0.710770024
11.48	-0.6984251939
11.49	-0.6859761343
11.5	-0.6734266427
11.51	-0.6607805197
11.52	-0.6480415677
11.53	-0.6352135901
11.54	-0.6223003902
11.55	-0.6093057702
11.56	-0.5962335304
11.57	-0.5830874681
11.58	-0.5698713769
11.59	-0.5565890452
11.6	-0.543244256
11.61	-0.5298407853
11.62	-0.5163824018
11.63	-0.5028728652
11.64	-0.4893159262
11.65	-0.475715325
11.66	-0.4620747903
11.67	-0.4483980391
11.68	-0.4346887751
11.69	-0.4209506883
11.7	-0.4071874538
11.71	-0.3934027313
11.72	-0.379600164
11.73	-0.3657833779
11.74	-0.3519559809
11.75	-0.338121562
11.76	-0.3242836906
11.77	-0.3104459156
11.78	-0.2966117645
11.79	-0.282784743
11.8	-0.268968334
11.81	-0.2551659966
11.82	-0.2413811658
11.83	-0.2276172517
11.84	-0.2138776385
11.85	-0.200165684
11.86	-0.1864847189
11.87	-0.1728380459
11.88	-0.1592289395
11.89	-0.1456606448
11.9	-0.1321363772
11.91	-0.1186593216
11.92	-0.1052326318
11.93	-0.09185942984
11.94	-0.07854280556
11.95	-0.06528581582
11.96	-0.05209148402
11.97	-0.03896279947
11.98	-0.02590271687
11.99	-0.01291415577
12	-6.023143662e-16
12.01	0.01283690283
12.02	0.02559374183
12.03	0.03826774335
12.04	0.05085617145
12.05	0.06335632837
12.06	0.07576555501
12.07	0.08808123134
12.08	0.1003007769
12.09	0.112421651
12.1	0.1244413537
12.11	0.1363574253
12.12	0.1481674477
12.13	0.159869044
12.14	0.1714598793
12.15	0.1829376608
12.16	0.1943001384
12.17	0.2055451048
12.18	0.2166703957
12.19	0.2276738905
12.2	0.2385535122
12.21	0.2493072279
12.22	0.2599330488
12.23	0.2704290309
12.24	0.2807932746
12.25	0.2910239254
12.26	0.3011191741
12.27	0.3110772565
12.28	0.3208964543
12.29	0.3305750946
12.3	0.3401115506
12.31	0.3495042413
12.32	0.3587516318
12.33	0.3678522335
12.34	0.3768046042
12.35	0.385607348
12.36	0.3942591155
12.37	0.4027586041
12.38	0.4111045574
12.39	0.419295766
12.4	0.4273310671
12.41	0.4352093446
12.42	0.442929529
12.43	0.4504905978
12.44	0.4578915748
12.45	0.4651315307
12.46	0.4722095829
12.47	0.4791248951
12.48	0.4858766777
12.49	0.4924641873
12.5	0.4988867272
12.51	0.5051436465
12.52	0.5112343408
12.53	0.5171582514
12.54	0.5229148657
12.55	0.5285037166
12.56	0.5339243827
12.57	0.5391764881
12.58	0.5442597019
12.59	0.5491737383
12.6	0.5539183566
12.61	0.5584933604
12.62	0.5628985979
12.63	0.5671339613
12.64	0.5711993872
12.65	0.5750948553
12.66	0.5788203893
12.67	0.5823760558
12.68	0.5857619643
12.69	0.588978267
12.7	0.5920251585
12.71	0.5949028753
12.72	0.5976116958
12.73	0.6001519395
12.74	0.6025239673
12.75	0.6047281806
12.76	0.6067650212
12.77	0.6086349712
12.78	0.610338552
12.79	0.6118763245
12.8	0.6132488885
12.81	0.6144568824
12.82	0.6155009825
12.83	0.6163819031
12.84	0.6171003958
12.85	0.617657249
12.86	0.6180532875
12.87	0.6182893726
12.88	0.6183664008
12.89	0.6182853039
12.9	0.6180470486
12.91	0.6176526356
12.92	0.6171030999
12.93	0.6163995093
12.94	0.6155429648
12.95	0.6145345999
12.96	0.6133755798
12.97	0.6120671012
12.98	0.6106103918
12.99	0.6090067099
13	0.6072573434
13.01	0.6053636099
13.02	0.6033268558
13.03	0.601148456
13.04	0.5988298132
13.05	0.5963723577
13.06	0.5937775462
13.07	0.5910468622
13.08	0.5881818146
13.09	0.5851839377
13.1	0.5820547904
13.11	0.5787959559
13.12	0.5754090408
13.13	0.571895675
13.14	0.5682575105
13.15	0.5644962216
13.16	0.5606135039
13.17	0.5566110737
13.18	0.5524906675
13.19	0.5482540419
13.2	0.543902972
13.21	0.5394392521
13.22	0.534864694
13.23	0.5301811272
13.24	0.5253903978
13.25	0.5204943686
13.26	0.5154949176
13.27	0.5103939383
13.28	0.5051933387
13.29	0.4998950405
13.3	0.4945009793
13.31	0.4890131031
13.32	0.4834333724
13.33	0.4777637593
13.34	0.4720062472
13.35	0.4661628297
13.36	0.4602355106
13.37	0.4542263033
13.38	0.4481372296
13.39	0.4419703198
13.4	0.4357276121
13.41	0.4294111514
13.42	0.4230229894
13.43	0.4165651839
13.44	0.4100397981
13.45	0.4034488999
13.46	0.3967945618
13.47	0.3900788598
13.48	0.3833038734
13.49	0.3764716846
13.5	0.3695843776
13.51	0.3626440381
13.52	0.355652753
13.53	0.3486126097
13.54	0.3415256953
13.55	0.3343940966
13.56	0.3272198993
13.57	0.3200051874
13.58	0.3127520427
13.59	0.3054625445
13.6	0.2981387689
13.61	0.2907827883
13.62	0.2833966708
13.63	0.2759824799
13.64	0.2685422741
13.65	0.2610781058
13.66	0.2535920217
13.67	0.2460860615
13.68	0.2385622579
13.69	0.2310226359
13.7	0.2234692127
13.71	0.2159039966
13.72	0.2083289871
13.73	0.2007461741
13.74	0.1931575377
13.75	0.1855650476
13.76	0.1779706628
13.77	0.1703763308
13.78	0.1627839878
13.79	0.1551955575
13.8	0.1476129514
13.81	0.140038068
13.82	0.1324727925
13.83	0.1249189963
13.84	0.1173785367
13.85	0.1098532565
13.86	0.1023449837
13.87	0.09485553076
13.88	0.08738669481
13.89	0.07994025681
13.9	0.07251798138
13.91	0.06512161644
13.92	0.05775289282
13.93	0.05041352398
13.94	0.04310520562
13.95	0.0358296154
13.96	0.02858841257
13.97	0.02138323772
13.98	0.01421571243
13.99	0.007087438957
14	3.856499882e-16
14.01	-0.007045041642
14.02	-0.01404614333
14.03	-0.02100178284
14.04	-0.02791045866
14.05	-0.03477069023
14.06	-0.0415810182
14.07	-0.04834000468
14.08	-0.05504623345
14.09	-0.06169831024
14.1	-0.06829486291
14.11	-0.0748345417
14.12	-0.0813160194
14.13	-0.08773799161
14.14	-0.09409917688
14.15	-0.1003983169
14.16	-0.1066341769
14.17	-0.1128055452
14.18	-0.1189112344
14.19	-0.1249500803
14.2	-0.1309209433
14.21	-0.1368227076
14.22	-0.1426542818
14.23	-0.1484145989
14.24	-0.1541026164
14.25	-0.1597173166
14.26	-0.1652577066
14.27	-0.1707228181
14.28	-0.1761117081
14.29	-0.1814234585
14.3	-0.1866571765
14.31	-0.1918119945
14.32	-0.19688707
14.33	-0.2018815861
14.34	-0.2067947513
14.35	-0.2116257995
14.36	-0.2163739902
14.37	-0.2210386085
14.38	-0.2256189648
14.39	-0.2301143954
14.4	-0.2345242621
14.41	-0.2388479525
14.42	-0.2430848795
14.43	-0.247234482
14.44	-0.2512962243
14.45	-0.2552695964
14.46	-0.2591541138
14.47	-0.2629493176
14.48	-0.2666547744
14.49	-0.2702700764
14.5	-0.273794841
14.51	-0.2772287111
14.52	-0.280571355
14.53	-0.2838224661
14.54	-0.286981763
14.55	-0.2900489894
14.56	-0.293023914
14.57	-0.2959063306
14.58	-0.2986960574
14.59	-0.3013929378
14.6	-0.3039968396
14.61	-0.3065076549
14.62	-0.3089253004
14.63	-0.3112497172
14.64	-0.3134808702
14.65	-0.3156187485
14.66	-0.3176633649
14.67	-0.319614756
14.68	-0.321472982
14.69	-0.3232381263
14.7	-0.3249102958
14.71	-0.3264896203
14.72	-0.3279762525
14.73	-0.3293703678
14.74	-0.3306721643
14.75	-0.3318818622
14.76	-0.332999704
14.77	-0.3340259543
14.78	-0.3349608993
14.79	-0.3358048467
14.8	-0.3365581259
14.81	-0.3372210869
14.82	-0.3377941012
14.83	-0.3382775607
14.84	-0.3386718779
14.85	-0.3389774853
14.86	-0.3391948359
14.87	-0.3393244022
14.88	-0.3393666761
14.89	-0.3393221692
14.9	-0.3391914119
14.91	-0.3389749535
14.92	-0.3386733619
14.93	-0.3382872232
14.94	-0.3378171416
14.95	-0.3372637392
14.96	-0.3366276555
14.97	-0.3359095472
14.98	-0.3351100882
14.99	-0.3342299688
15	-0.3332698961
15.01	-0.3322305932
15.02	-0.3311127988
15.03	-0.3299172677
15.04	-0.3286447695
15.05	-0.3272960893
15.06	-0.3258720266
15.07	-0.3243733955
15.08	-0.322801024
15.09	-0.3211557543
15.1	-0.3194384418
15.11	-0.3176499555
15.12	-0.3157911771
15.13	-0.313863001
15.14	-0.3118663341
15.15	-0.309802095
15.16	-0.3076712143
15.17	-0.305474634
15.18	-0.3032133072
15.19	-0.3008881977
15.2	-0.29850028
15.21	-0.2960505385
15.22	-0.2935399678
15.23	-0.2909695718
15.24	-0.2883403638
15.25	-0.285653366
15.26	-0.2829096091
15.27	-0.2801101323
15.28	-0.2772559827
15.29	-0.2743482151
15.3	-0.2713878915
15.31	-0.2683760812
15.32	-0.26531386
15.33	-0.2622023104
15.34	-0.2590425207
15.35	-0.2558355852
15.36	-0.2525826036
15.37	-0.2492846807
15.38	-0.2459429262
15.39	-0.2425584543
15.4	-0.2391323837
15.41	-0.2356658365
15.42	-0.2321599389
15.43	-0.2286158201
15.44	-0.2250346125
15.45	-0.2214174508
15.46	-0.2177654726
15.47	-0.2140798172
15.48	-0.2103616259
15.49	-0.2066120412
15.5	-0.2028322069
15.51	-0.1990232679
15.52	-0.1951863693
15.53	-0.1913226567
15.54	-0.1874332756
15.55	-0.1835193713
15.56	-0.1795820883
15.57	-0.1756225704
15.58	-0.1716419602
15.59	-0.1676413988
15.6	-0.1636220256
15.61	-0.1595849778
15.62	-0.1555313905
15.63	-0.1514623963
15.64	-0.1473791248
15.65	-0.1432827024
15.66	-0.1391742523
15.67	-0.135054894
15.68	-0.130925743
15.69	-0.1267879108
15.7	-0.1226425042
15.71	-0.1184906256
15.72	-0.1143333722
15.73	-0.1101718362
15.74	-0.1060071043
15.75	-0.1018402574
15.76	-0.09767237063
15.77	-0.09350451288
15.78	-0.08933774665
15.79	-0.08517312782
15.8	-0.08101170537
15.81	-0.07685452124
15.82	-0.07270261001
15.83	-0.06855699875
15.84	-0.06441870678
15.85	-0.06028874545
15.86	-0.05616811793
15.87	-0.05205781903
15.88	-0.04795883495
15.89	-0.04387214313
15.9	-0.03979871201
15.91	-0.03573950086
15.92	-0.0316954596
15.93	-0.02766752858
15.94	-0.02365663842
15.95	-0.01966370985
15.96	-0.01568965348
15.97	-0.01173536968
15.98	-0.007801748394
15.99	-0.00388966897
16	-2.418848012e-16
16.01	0.00386640083
16.02	0.007708686899
16.03	0.0115260228
16.04	0.01531758448
16.05	0.01908255939
16.06	0.02282014663
16.07	0.02652955706
16.08	0.03021001344
16.09	0.03386075059
16.1	0.03748101545
16.11	0.04107006727
16.12	0.04462717765
16.13	0.04815163072
16.14	0.05164272322
16.15	0.05509976458
16.16	0.05852207707
16.17	0.06190899585
16.18	0.06525986908
16.19	0.06857405802
16.2	0.07185093711
16.21	0.07508989403
16.22	0.0782903298
16.23	0.08145165884
16.24	0.08457330905
16.25	0.08765472186
16.26	0.09069535232
16.27	0.09369466911
16.28	0.09665215465
16.29	0.0995673051
16.3	0.1024396304
16.31	0.1052686545
16.32	0.108053915
16.33	0.1107949636
16.34	0.1134913658
16.35	0.1161427013
16.36	0.1187485636
16.37	0.1213085603
16.38	0.1238223132
16.39	0.1262894578
16.4	0.128709644
16.41	0.1310825356
16.42	0.1334078104
16.43	0.1356851606
16.44	0.137914292
16.45	0.1400949248
16.46	0.1422267932
16.47	0.1443096452
16.48	0.146343243
16.49	0.1483273628
16.5	0.1502617946
16.51	0.1521463425
16.52	0.1539808244
16.53	0.155765072
16.54	0.1574989309
16.55	0.1591822604
16.56	0.1608149337
16.57	0.1623968374
16.58	0.163927872
16.59	0.1654079513
16.6	0.1668370029
16.61	0.1682149675
16.62	0.1695417996
16.63	0.1708174665
16.64	0.1720419493
16.65	0.1732152417
16.66	0.174337351
16.67	0.1754082972
16.68	0.1764281132
16.69	0.177396845
16.7	0.178314551
16.71	0.1791813027
16.72	0.1799971837
16.73	0.1807622904
16.74	0.1814767315
16.75	0.1821406278
16.76	0.1827541124
16.77	0.1833173305
16.78	0.1838304392
16.79	0.1842936073
16.8	0.1847070157
16.81	0.1850708564
16.82	0.1853853334
16.83	0.1856506616
16.84	0.1858670674
16.85	0.1860347883
16.86	0.1861540729
16.87	0.1862251803
16.88	0.1862483807
16.89	0.1862239548
16.9	0.1861521937
16.91	0.1860333988
16.92	0.1858678818
16.93	0.1856559644
16.94	0.1853979782
16.95	0.1850942645
16.96	0.1847451744
16.97	0.1843510682
16.98	0.1839123158
16.99	0.183429296
17	0.182902397
17.01	0.1823320154
17.02	0.1817185568
17.03	0.1810624354
17.04	0.1803640737
17.05	0.1796239023
17.06	0.1788423601
17.07	0.1780198939
17.08	0.1771569581
17.09	0.1762540149
17.1	0.1753115339
17.11	0.1743299918
17.12	0.1733098726
17.13	0.1722516671
17.14	0.171155873
17.15	0.1700229946
17.16	0.1688535425
17.17	0.1676480337
17.18	0.1664069912
17.19	0.1651309441
17.2	0.163820427
17.21	0.1624759804
17.22	0.16109815
17.23	0.1596874868
17.24	0.1582445468
17.25	0.1567698911
17.26	0.1552640855
17.27	0.1537277
17.28	0.1521613095
17.29	0.1505654928
17.3	0.1489408327
17.31	0.1472879162
17.32	0.1456073336
17.33	0.143899679
17.34	0.1421655496
17.35	0.1404055461
17.36	0.1386202719
17.37	0.1368103334
17.38	0.1349763397
17.39	0.1331189022
17.4	0.1312386347
17.41	0.1293361533
17.42	0.1274120759
17.43	0.1254670223
17.44	0.1235016138
17.45	0.1215164735
17.46	0.1195122253
17.47	0.1174894948
17.48	0.1154489081
17.49	0.1133910923
17.5	0.1113166753
17.51	0.1092262853
17.52	0.1071205507
17.53	0.1050001002
17.54	0.1028655626
17.55	0.1007175664
17.56	0.09855673969
17.57	0.09638371022
17.58	0.09419910502
17.59	0.09200355037
17.6	0.08979767155
17.61	0.08758209275
17.62	0.08535743691
17.63	0.08312432554
17.64	0.0808833786
17.65	0.07863521433
17.66	0.07638044912
17.67	0.07411969734
17.68	0.07185357125
17.69	0.06958268077
17.7	0.06730763341
17.71	0.0650290341
17.72	0.06274748508
17.73	0.0604635857
17.74	0.05817793234
17.75	0.05589111828
17.76	0.05360373352
17.77	0.05131636469
17.78	0.0490295949
17.79	0.04674400363
17.8	0.04446016657
17.81	0.04217865554
17.82	0.03990003835
17.83	0.03762487865
17.84	0.03535373586
17.85	0.03308716503
17.86	0.0308257167
17.87	0.02856993683
17.88	0.02632036667
17.89	0.02407754265
17.9	0.02184199625
17.91	0.01961425394
17.92	0.01739483704
17.93	0.01518426163
17.94	0.01298303844
17.95	0.01079167277
17.96	0.008610664394
17.97	0.006440507434
17.98	0.004281690301
17.99	0.002134695591
18	1.493428427e-16
18.01	-0.002121925765
18.02	-0.004230617069
18.03	-0.00632561543
18.04	-0.008406468599
18.05	-0.01047273064
18.06	-0.01252396201
18.07	-0.01455972961
18.08	-0.0165796069
18.09	-0.01858317393
18.1	-0.02057001741
18.11	-0.02253973081
18.12	-0.02449191438
18.13	-0.02642617524
18.14	-0.02834212742
18.15	-0.03023939195
18.16	-0.03211759686
18.17	-0.0339763773
18.18	-0.03581537552
18.19	-0.03763424098
18.2	-0.03943263035
18.21	-0.0412102076
18.22	-0.04296664399
18.23	-0.04470161815
18.24	-0.04641481611
18.25	-0.04810593132
18.26	-0.04977466469
18.27	-0.05142072465
18.28	-0.05304382713
18.29	-0.05464369562
18.3	-0.05622006119
18.31	-0.05777266251
18.32	-0.05930124588
18.33	-0.06080556523
18.34	-0.06228538215
18.35	-0.06374046591
18.36	-0.06517059347
18.37	-0.06657554948
18.38	-0.06795512628
18.39	-0.06930912396
18.4	-0.0706373503
18.41	-0.07193962081
18.42	-0.07321575871
18.43	-0.07446559497
18.44	-0.07568896824
18.45	-0.07688572491
18.46	-0.07805571906
18.47	-0.07919881248
18.48	-0.08031487463
18.49	-0.08140378266
18.5	-0.08246542135
18.51	-0.08349968317
18.52	-0.08450646816
18.53	-0.08548568399
18.54	-0.08643724593
18.55	-0.08736107677
18.56	-0.08825710686
18.57	-0.08912527403
18.58	-0.08996552362
18.59	-0.09077780839
18.6	-0.09156208851
18.61	-0.09231833155
18.62	-0.09304651241
18.63	-0.09374661328
18.64	-0.09441862365
18.65	-0.09506254021
18.66	-0.09567836683
18.67	-0.09626611454
18.68	-0.09682580145
18.69	-0.09735745272
18.7	-0.0978611005
18.71	-0.09833678389
18.72	-0.0987845489
18.73	-0.09920444836
18.74	-0.09959654192
18.75	-0.09996089592
18.76	-0.1002975834
18.77	-0.1006066841
18.78	-0.1008882841
18.79	-0.1011424762
18.8	-0.1013693595
18.81	-0.1015690395
18.82	-0.1017416281
18.83	-0.1018872433
18.84	-0.1020060093
18.85	-0.1020980566
18.86	-0.1021635213
18.87	-0.1022025459
18.88	-0.1022152786
18.89	-0.1022018733
18.9	-0.10216249
18.91	-0.102097294
18.92	-0.1020064563
18.93	-0.1018901536
18.94	-0.1017485677
18.95	-0.1015818861
18.96	-0.1013903014
18.97	-0.1011740113
18.98	-0.1009332189
18.99	-0.1006681321
19	-0.1003789637
19.01	-0.1000659317
19.02	-0.09972925849
19.03	-0.09936917143
19.04	-0.09898590236
19.05	-0.09857968769
19.06	-0.09815076824
19.07	-0.09769938921
19.08	-0.09722580002
19.09	-0.0967302543
19.1	-0.09621300974
19.11	-0.09567432802
19.12	-0.09511447472
19.13	-0.09453371925
19.14	-0.09393233471
19.15	-0.09331059784
19.16	-0.09266878892
19.17	-0.09200719165
19.18	-0.0913260931
19.19	-0.09062578358
19.2	-0.08990655658
19.21	-0.08916870863
19.22	-0.08841253927
19.23	-0.08763835087
19.24	-0.08684644864
19.25	-0.08603714045
19.26	-0.08521073677
19.27	-0.08436755056
19.28	-0.08350789722
19.29	-0.08263209443
19.3	-0.0817404621
19.31	-0.08083332227
19.32	-0.07991099899
19.33	-0.07897381825
19.34	-0.07802210789
19.35	-0.07705619747
19.36	-0.07607641823
19.37	-0.07508310293
19.38	-0.07407658582
19.39	-0.0730572025
19.4	-0.07202528984
19.41	-0.07098118591
19.42	-0.06992522984
19.43	-0.06885776178
19.44	-0.06777912275
19.45	-0.06668965461
19.46	-0.06558969991
19.47	-0.06447960184
19.48	-0.06335970412
19.49	-0.06223035091
19.5	-0.06109188671
19.51	-0.05994465632
19.52	-0.05878900467
19.53	-0.0576252768
19.54	-0.05645381773
19.55	-0.0552749724
19.56	-0.05408908556
19.57	-0.0528965017
19.58	-0.05169756495
19.59	-0.050492619
19.6	-0.04928200704
19.61	-0.04806607162
19.62	-0.0468451546
19.63	-0.0456195971
19.64	-0.04438973934
19.65	-0.04315592063
19.66	-0.04191847924
19.67	-0.04067775237
19.68	-0.039434076
19.69	-0.03818778487
19.7	-0.03693921241
19.71	-0.0356886906
19.72	-0.03443654995
19.73	-0.03318311939
19.74	-0.03192872623
19.75	-0.03067369607
19.76	-0.0294183527
19.77	-0.02816301807
19.78	-0.0269080122
19.79	-0.02565365311
19.8	-0.02440025676
19.81	-0.02314813696
19.82	-0.02189760533
19.83	-0.02064897121
19.84	-0.01940254162
19.85	-0.01815862117
19.86	-0.01691751201
19.87	-0.01567951378
19.88	-0.0144449235
19.89	-0.01321403557
19.9	-0.0119871417
19.91	-0.0107645308
19.92	-0.009546488976
19.93	-0.008333299466
19.94	-0.007125242566
19.95	-0.00592259559
19.96	-0.004725632814
19.97	-0.003534625422
19.98	-0.002349841459
19.99	-0.00117154578
20	-9.106787757e-17
20.01	0.001164537551
20.02	0.002321811875
20.03	0.003471571353
20.04	0.004613567786
20.05	0.005747556438
20.06	0.00687329608
20.07	0.00799054903
20.08	0.009099081191
20.09	0.01019866209
20.1	0.01128906491
20.11	0.01237006654
20.12	0.0134414476
20.13	0.01450299247
20.14	0.01555448932
20.15	0.01659573017
20.16	0.01762651088
20.17	0.01864663121
20.18	0.01965589484
20.19	0.02065410936
20.2	0.02164108638
20.21	0.02261664145
20.22	0.02358059418
20.23	0.02453276819
20.24	0.02547299117
20.25	0.02640109487
20.26	0.02731691517
20.27	0.02822029202
20.28	0.02911106955
20.29	0.02998909599
20.3	0.03085422376
20.31	0.03170630943
20.32	0.03254521377
20.33	0.03337080173
20.34	0.03418294248
20.35	0.03498150938
20.36	0.03576638003
20.37	0.03653743623
20.38	0.03729456404
20.39	0.03803765372
20.4	0.03876659979
20.41	0.03948130099
20.42	0.04018166033
20.43	0.04086758501
20.44	0.04153898649
20.45	0.04219578048
20.46	0.04283788688
20.47	0.04346522985
20.48	0.04407773775
20.49	0.04467534314
20.5	0.04525798281
20.51	0.04582559773
20.52	0.04637813305
20.53	0.0469155381
20.54	0.04743776636
20.55	0.04794477547
20.56	0.04843652721
20.57	0.04891298746
20.58	0.04937412621
20.59	0.04981991754
20.6	0.0502503396
20.61	0.05066537458
20.62	0.05106500871
20.63	0.05144923221
20.64	0.05181803932
20.65	0.05217142822
20.66	0.05250940104
20.67	0.05283196382
20.68	0.05313912651
20.69	0.05343090291
20.7	0.05370731067
20.71	0.05396837126
20.72	0.0542141099
20.73	0.05444455561
20.74	0.05465974112
20.75	0.05485970284
20.76	0.05504448085
20.77	0.05521411889
20.78	0.05536866425
20.79	0.05550816783
20.8	0.05563268403
20.81	0.05574227075
20.82	0.05583698938
20.83	0.0559169047
20.84	0.05598208488
20.85	0.05603260146
20.86	0.05606852927
20.87	0.05608994642
20.88	0.05609693426
20.89	0.05608957732
20.9	0.05606796328
20.91	0.05603218295
20.92	0.05598233019
20.93	0.05591850189
20.94	0.05584079793
20.95	0.05574932113
20.96	0.05564417719
20.97	0.0555254747
20.98	0.05539332501
20.99	0.05524784226
21	0.05508914331
21.01	0.05491734768
21.02	0.05473257752
21.03	0.05453495755
21.04	0.05432461503
21.05	0.05410167969
21.06	0.0538662837
21.07	0.05361856164
21.08	0.05335865038
21.09	0.05308668912
21.1	0.05280281929
21.11	0.05250718449
21.12	0.05219993049
21.13	0.05188120513
21.14	0.05155115829
21.15	0.05120994187
21.16	0.05085770966
21.17	0.05049461738
21.18	0.05012082257
21.19	0.04973648456
21.2	0.04934176441
21.21	0.04893682487
21.22	0.04852183033
21.23	0.04809694673
21.24	0.04766234157
21.25	0.04721818382
21.26	0.04676464386
21.27	0.04630189346
21.28	0.0458301057
21.29	0.04534945494
21.3	0.04486011674
21.31	0.04436226784
21.32	0.0438560861
21.33	0.0433417504
21.34	0.04281944068
21.35	0.04228933781
21.36	0.04175162356
21.37	0.04120648056
21.38	0.04065409226
21.39	0.04009464283
21.4	0.03952831716
21.41	0.03895530077
21.42	0.03837577979
21.43	0.0377899409
21.44	0.03719797125
21.45	0.03660005846
21.46	0.03599639052
21.47	0.03538715578
21.48	0.03477254288
21.49	0.0341527407
21.5	0.0335279383
21.51	0.03289832491
21.52	0.03226408984
21.53	0.03162542244
21.54	0.03098251207
21.55	0.03033554804
21.56	0.02968471954
21.57	0.02903021564
21.58	0.0283722252
21.59	0.02771093685
21.6	0.02704653891
21.61	0.0263792194
21.62	0.02570916594
21.63	0.02503656572
21.64	0.02436160547
21.65	0.02368447141
21.66	0.02300534918
21.67	0.02232442383
21.68	0.02164187976
21.69	0.0209579007
21.7	0.0202726696
21.71	0.01958636868
21.72	0.01889917932
21.73	0.01821128204
21.74	0.01752285648
21.75	0.01683408132
21.76	0.01614513427
21.77	0.01545619202
21.78	0.0147674302
21.79	0.01407902333
21.8	0.01339114483
21.81	0.01270396692
21.82	0.01201766061
21.83	0.01133239567
21.84	0.01064834061
21.85	0.009965662594
21.86	0.009284527447
21.87	0.008605099608
21.88	0.007927542098
21.89	0.007252016483
21.9	0.006578682848
21.91	0.005907699758
21.92	0.005239224234
21.93	0.004573411714
21.94	0.00391041603
21.95	0.003250389376
21.96	0.002593482276
21.97	0.001939843561
21.98	0.001289620336
21.99	0.0006429579562
22	1.99966966e-16
22.01	-0.0006391117586
22.02	-0.001274237374
22.03	-0.001905238754
22.04	-0.002531979685
22.05	-0.003154325852
22.06	-0.003772144867
22.07	-0.004385306286
22.08	-0.004993681635
22.09	-0.005597144427
22.1	-0.006195570184
22.11	-0.006788836458
22.12	-0.00737682285
22.13	-0.007959411025
22.14	-0.008536484733
22.15	-0.009107929827
22.16	-0.009673634276
22.17	-0.01023348818
22.18	-0.0107873838
22.19	-0.01133521555
22.2	-0.01187688002
22.21	-0.012412276
22.22	-0.01294130447
22.23	-0.01346386865
22.24	-0.01397987396
22.25	-0.01448922807
22.26	-0.01499184091
22.27	-0.01548762464
22.28	-0.01597649371
22.29	-0.01645836484
22.3	-0.01693315702
22.31	-0.01740079155
22.32	-0.01786119202
22.33	-0.0183142843
22.34	-0.01875999659
22.35	-0.0191982594
22.36	-0.01962900554
22.37	-0.02005217016
22.38	-0.02046769071
22.39	-0.02087550697
22.4	-0.02127556105
22.41	-0.02166779739
22.42	-0.02205216274
22.43	-0.02242860619
22.44	-0.02279707914
22.45	-0.02315753532
22.46	-0.02350993079
22.47	-0.02385422391
22.48	-0.02419037537
22.49	-0.02451834816
22.5	-0.02483810759
22.51	-0.02514962127
22.52	-0.02545285908
22.53	-0.02574779322
22.54	-0.02603439817
22.55	-0.02631265067
22.56	-0.02658252975
22.57	-0.02684401667
22.58	-0.02709709499
22.59	-0.02734175046
22.6	-0.02757797109
22.61	-0.02780574712
22.62	-0.02802507098
22.63	-0.02823593731
22.64	-0.02843834294
22.65	-0.02863228688
22.66	-0.02881777029
22.67	-0.0289947965
22.68	-0.02916337096
22.69	-0.02932350125
22.7	-0.02947519704
22.71	-0.02961847013
22.72	-0.02975333435
22.73	-0.02987980564
22.74	-0.02999790195
22.75	-0.03010764327
22.76	-0.0302090516
22.77	-0.03030215092
22.78	-0.03038696722
22.79	-0.0304635284
22.8	-0.03053186434
22.81	-0.03059200681
22.82	-0.0306439895
22.83	-0.03068784795
22.84	-0.0307236196
22.85	-0.03075134368
22.86	-0.03077106128
22.87	-0.03078281526
22.88	-0.03078665027
22.89	-0.0307826127
22.9	-0.03077075066
22.91	-0.030751114
22.92	-0.03072375422
22.93	-0.03068872451
22.94	-0.03064607967
22.95	-0.03059587614
22.96	-0.03053817192
22.97	-0.03047302661
22.98	-0.03040050132
22.99	-0.0303206587
23	-0.03023356287
23.01	-0.03013927943
23.02	-0.03003787542
23.03	-0.02992941928
23.04	-0.02981398085
23.05	-0.02969163134
23.06	-0.02956244329
23.07	-0.02942649054
23.08	-0.02928384822
23.09	-0.02913459271
23.1	-0.02897880164
23.11	-0.02881655383
23.12	-0.02864792926
23.13	-0.02847300907
23.14	-0.02829187553
23.15	-0.02810461198
23.16	-0.02791130285
23.17	-0.02771203358
23.18	-0.02750689064
23.19	-0.02729596146
23.2	-0.02707933445
23.21	-0.02685709892
23.22	-0.02662934509
23.23	-0.02639616402
23.24	-0.02615764766
23.25	-0.02591388871
23.26	-0.02566498071
23.27	-0.0254110179
23.28	-0.02515209529
23.29	-0.02488830856
23.3	-0.02461975406
23.31	-0.0243465288
23.32	-0.02406873036
23.33	-0.02378645695
23.34	-0.0234998073
23.35	-0.02320888067
23.36	-0.02291377683
23.37	-0.02261459602
23.38	-0.02231143889
23.39	-0.02200440653
23.4	-0.02169360041
23.41	-0.02137912235
23.42	-0.0210610745
23.43	-0.02073955929
23.44	-0.02041467946
23.45	-0.02008653796
23.46	-0.01975523797
23.47	-0.01942088286
23.48	-0.01908357615
23.49	-0.0187434215
23.5	-0.01840052267
23.51	-0.01805498352
23.52	-0.01770690793
23.53	-0.01735639983
23.54	-0.01700356314
23.55	-0.01664850175
23.56	-0.0162913195
23.57	-0.01593212014
23.58	-0.01557100733
23.59	-0.01520808459
23.6	-0.01484345527
23.61	-0.01447722256
23.62	-0.01410948942
23.63	-0.0137403586
23.64	-0.01336993256
23.65	-0.0129983135
23.66	-0.01262560332
23.67	-0.01225190357
23.68	-0.01187731544
23.69	-0.01150193977
23.7	-0.01112587697
23.71	-0.01074922704
23.72	-0.01037208952
23.73	-0.009994563493
23.74	-0.009616747535
23.75	-0.009238739714
23.76	-0.008860637556
23.77	-0.008482538031
23.78	-0.008104537528
23.79	-0.007726731831
23.8	-0.007349216104
23.81	-0.006972084868
23.82	-0.006595431979
23.83	-0.00621935061
23.84	-0.005843933233
23.85	-0.005469271593
23.86	-0.005095456699
23.87	-0.004722578795
23.88	-0.004350727349
23.89	-0.003979991031
23.9	-0.003610457697
23.91	-0.00324221437
23.92	-0.002875347224
23.93	-0.002509941565
23.94	-0.002146081819
23.95	-0.001783851511
23.96	-0.001423333251
23.97	-0.001064608718
23.98	-0.0007077586464
23.99	-0.0003528628079
24	-3.291494114e-17
24.01	0.0003507519699
24.02	0.000699316298
24.03	0.001045617198
24.04	0.001389579913
24.05	0.001731130732
24.06	0.002070196996
24.07	0.002406707118
24.08	0.002740590588
24.09	0.00307177799
24.1	0.003400201009
24.11	0.003725792444
24.12	0.004048486217
24.13	0.004368217387
24.14	0.004684922153
24.15	0.00499853787
24.16	0.005309003054
24.17	0.005616257393
24.18	0.005920241755
24.19	0.006220898192
24.2	0.006518169957
24.21	0.006812001499
24.22	0.007102338482
24.23	0.007389127782
24.24	0.0076723175
24.25	0.007951856964
24.26	0.008227696735
24.27	0.008499788616
24.28	0.008768085651
24.29	0.009032542134
24.3	0.00929311361
24.31	0.009549756882
24.32	0.009802430014
24.33	0.01005109233
24.34	0.01029570442
24.35	0.01053622815
24.36	0.01077262665
24.37	0.01100486431
24.38	0.01123290682
24.39	0.01145672113
24.4	0.01167627547
24.41	0.01189153934
24.42	0.01210248352
24.43	0.01230908006
24.44	0.0125113023
24.45	0.01270912485
24.46	0.01290252358
24.47	0.01309147565
24.48	0.01327595948
24.49	0.01345595477
24.5	0.01363144247
24.51	0.01380240479
24.52	0.01396882523
24.53	0.01413068852
24.54	0.01428798065
24.55	0.01444068886
24.56	0.01458880164
24.57	0.01473230871
24.58	0.01487120103
24.59	0.0150054708
24.6	0.01513511143
24.61	0.01526011757
24.62	0.01538048505
24.63	0.01549621095
24.64	0.01560729352
24.65	0.01571373221
24.66	0.01581552766
24.67	0.01591268171
24.68	0.01600519733
24.69	0.01609307869
24.7	0.01617633111
24.71	0.01625496105
24.72	0.01632897611
24.73	0.01639838502
24.74	0.01646319765
24.75	0.01652342496
24.76	0.01657907903
24.77	0.01663017302
24.78	0.01667672119
24.79	0.01671873886
24.8	0.01675624242
24.81	0.01678924931
24.82	0.01681777801
24.83	0.01684184804
24.84	0.01686147994
24.85	0.01687669524
24.86	0.01688751649
24.87	0.01689396721
24.88	0.01689607191
24.89	0.01689385604
24.9	0.01688734601
24.91	0.01687656919
24.92	0.01686155382
24.93	0.01684232911
24.94	0.01681892513
24.95	0.01679137284
24.96	0.0167597041
24.97	0.01672395159
24.98	0.01668414887
24.99	0.01664033031
25	0.0165925311
25.01	0.01654078726
25.02	0.01648513555
25.03	0.01642561356
25.04	0.01636225961
25.05	0.01629511278
25.06	0.01622421287
25.07	0.01614960042
25.08	0.01607131665
25.09	0.01598940349
25.1	0.01590390354
25.11	0.01581486005
25.12	0.01572231693
25.13	0.01562631869
25.14	0.0155269105
25.15	0.01542413808
25.16	0.01531804778
25.17	0.01520868649
25.18	0.01509610165
25.19	0.01498034127
25.2	0.01486145385
25.21	0.0147394884
25.22	0.01461449445
25.23	0.01448652197
25.24	0.01435562141
25.25	0.01422184366
25.26	0.01408524005
25.27	0.01394586231
25.28	0.01380376257
25.29	0.01365899334
25.3	0.01351160751
25.31	0.0133616583
25.32	0.01320919929
25.33	0.01305428436
25.34	0.01289696769
25.35	0.01273730377
25.36	0.01257534735
25.37	0.01241115344
25.38	0.01224477728
25.39	0.01207627435
25.4	0.01190570033
25.41	0.01173311112
25.42	0.01155856275
25.43	0.01138211147
25.44	0.01120381364
25.45	0.01102372576
25.46	0.01084190447
25.47	0.0106584065
25.48	0.01047328865
25.49	0.01028660782
25.5	0.01009842095
25.51	0.009908785045
25.52	0.009717757112
25.53	0.009525394188
25.54	0.009331753307
25.55	0.009136891484
25.56	0.008940865708
25.57	0.008743732921
25.58	0.00854555001
25.59	0.008346373785
25.6	0.008146260973
25.61	0.007945268199
25.62	0.007743451975
25.63	0.007540868682
25.64	0.007337574562
25.65	0.0071336257
25.66	0.006929078015
25.67	0.006723987242
25.68	0.00651840892
25.69	0.006312398383
25.7	0.006106010743
25.71	0.005899300878
25.72	0.00569232342
25.73	0.005485132743
25.74	0.005277782949
25.75	0.005070327858
25.76	0.004862820994
25.77	0.004655315575
25.78	0.0044478645
25.79	0.004240520338
25.8	0.004033335314
25.81	0.003826361303
25.82	0.003619649815
25.83	0.003413251984
25.84	0.003207218559
25.85	0.003001599891
25.86	0.002796445927
25.87	0.002591806195
25.88	0.002387729795
25.89	0.002184265389
25.9	0.001981461196
25.91	0.001779364973
25.92	0.001578024014
25.93	0.001377485137
25.94	0.001177794674
25.95	0.0009789984665
25.96	0.0007811418503
25.97	0.0005842696525
25.98	0.0003884261807
25.99	0.0001936552149
26	-2.410068735e-17
26.01	-0.0001924967625
26.02	-0.0003837929217
26.03	-0.0005738468851
26.04	-0.0007626176257
26.05	-0.0009500646891
26.06	-0.0011361482
26.07	-0.001320828871
26.08	-0.001504068005
26.09	-0.001685827505
26.1	-0.001866069879
26.11	-0.002044758247
26.12	-0.002221856345
26.13	-0.002397328531
26.14	-0.002571139792
26.15	-0.002743255746
26.16	-0.002913642652
26.17	-0.003082267409
26.18	-0.003249097563
26.19	-0.003414101315
26.2	-0.003577247518
26.21	-0.003738505688
26.22	-0.003897846002
26.23	-0.004055239307
26.24	-0.00421065712
26.25	-0.00436407163
26.26	-0.004515455707
26.27	-0.004664782897
26.28	-0.004812027432
26.29	-0.004957164226
26.3	-0.005100168885
26.31	-0.005241017699
26.32	-0.005379687653
26.33	-0.005516156426
26.34	-0.005650402388
26.35	-0.005782404609
26.36	-0.005912142854
26.37	-0.006039597588
26.38	-0.006164749972
26.39	-0.00628758187
26.4	-0.006408075845
26.41	-0.00652621516
26.42	-0.006641983779
26.43	-0.006755366366
26.44	-0.006866348285
26.45	-0.006974915601
26.46	-0.007081055076
26.47	-0.007184754171
26.48	-0.007286001045
26.49	-0.007384784552
26.5	-0.007481094242
26.51	-0.007574920357
26.52	-0.007666253831
26.53	-0.007755086287
26.54	-0.007841410039
26.55	-0.007925218082
26.56	-0.008006504097
26.57	-0.008085262447
26.58	-0.00816148817
26.59	-0.008235176981
26.6	-0.008306325269
26.61	-0.00837493009
26.62	-0.008440989166
26.63	-0.008504500885
26.64	-0.00856546429
26.65	-0.008623879082
26.66	-0.008679745613
26.67	-0.008733064883
26.68	-0.008783838533
26.69	-0.008832068848
26.7	-0.008877758744
26.71	-0.008920911768
26.72	-0.008961532093
26.73	-0.008999624513
26.74	-0.009035194437
26.75	-0.009068247887
26.76	-0.009098791488
26.77	-0.009126832466
26.78	-0.009152378643
26.79	-0.009175438429
26.8	-0.009196020818
26.81	-0.009214135383
26.82	-0.009229792266
26.83	-0.009243002179
26.84	-0.009253776391
26.85	-0.009262126725
26.86	-0.009268065553
26.87	-0.009271605784
26.88	-0.009272760866
26.89	-0.009271544771
26.9	-0.009267971995
26.91	-0.009262057546
26.92	-0.00925381694
26.93	-0.009243266193
26.94	-0.009230421815
26.95	-0.009215300801
26.96	-0.009197920626
26.97	-0.009178299235
26.98	-0.009156455038
26.99	-0.009132406902
27	-0.009106174142
27.01	-0.009077776516
27.02	-0.009047234213
27.03	-0.009014567852
27.04	-0.008979798467
27.05	-0.008942947503
27.06	-0.008904036809
27.07	-0.008863088627
27.08	-0.008820125585
27.09	-0.008775170692
27.1	-0.008728247323
27.11	-0.00867937922
27.12	-0.008628590475
27.13	-0.008575905527
27.14	-0.008521349153
27.15	-0.008464946456
27.16	-0.008406722864
27.17	-0.008346704114
27.18	-0.008284916248
27.19	-0.008221385602
27.2	-0.0081561388
27.21	-0.008089202745
27.22	-0.008020604607
27.23	-0.007950371821
27.24	-0.007878532071
27.25	-0.007805113289
27.26	-0.007730143638
27.27	-0.007653651511
27.28	-0.007575665519
27.29	-0.007496214483
27.3	-0.007415327423
27.31	-0.007333033554
27.32	-0.007249362273
27.33	-0.007164343155
27.34	-0.007078005939
27.35	-0.006990380523
27.36	-0.006901496955
27.37	-0.006811385425
27.38	-0.006720076252
27.39	-0.006627599884
27.4	-0.00653398688
27.41	-0.006439267908
27.42	-0.006343473735
27.43	-0.006246635217
27.44	-0.006148783292
27.45	-0.006049948972
27.46	-0.005950163333
27.47	-0.005849457508
27.48	-0.005747862679
27.49	-0.005645410067
27.5	-0.005542130925
27.51	-0.005438056532
27.52	-0.00533321818
27.53	-0.005227647169
27.54	-0.0051213748
27.55	-0.005014432364
27.56	-0.004906851137
27.57	-0.00479866237
27.58	-0.004689897282
27.59	-0.004580587052
27.6	-0.004470762813
27.61	-0.00436045564
27.62	-0.004249696547
27.63	-0.004138516479
27.64	-0.0040269463
27.65	-0.003915016792
27.66	-0.003802758642
27.67	-0.003690202439
27.68	-0.003577378664
27.69	-0.003464317685
27.7	-0.003351049746
27.71	-0.003237604967
27.72	-0.003124013329
27.73	-0.003010304675
27.74	-0.002896508695
27.75	-0.002782654927
27.76	-0.002668772746
27.77	-0.002554891357
27.78	-0.002441039794
27.79	-0.002327246904
27.8	-0.002213541353
27.81	-0.002099951607
27.82	-0.001986505937
27.83	-0.001873232406
27.84	-0.001760158864
27.85	-0.001647312947
27.86	-0.001534722065
27.87	-0.001422413398
27.88	-0.001310413895
27.89	-0.001198750262
27.9	-0.001087448961
27.91	-0.000976536202
27.92	-0.000866037941
27.93	-0.0007559798717
27.94	-0.0006463874223
27.95	-0.0005372857501
27.96	-0.0004286997369
27.97	-0.0003206539839
27.98	-0.0002131728077
27.99	-0.0001062802353
28	-1.156608805e-17
28.01	0.0001056444632
28.02	0.0002106300213
28.03	0.0003149338479
28.04	0.0004185334269
28.05	0.0005214065564
28.06	0.0006235313527
28.07	0.0007248862537
28.08	0.0008254500224
28.09	0.0009252017509
28.1	0.001024120863
28.11	0.001122187119
28.12	0.001219380616
28.13	0.001315681793
28.14	0.001411071436
28.15	0.001505530674
28.16	0.001599040991
28.17	0.001691584219
28.18	0.00178314255
28.19	0.001873698528
28.2	0.001963235063
28.21	0.002051735423
28.22	0.002139183242
28.23	0.002225562519
28.24	0.002310857623
28.25	0.002395053291
28.26	0.002478134634
28.27	0.002560087134
28.28	0.002640896648
28.29	0.002720549409
28.3	0.00279903203
28.31	0.002876331498
28.32	0.002952435183
28.33	0.003027330833
28.34	0.003101006579
28.35	0.003173450934
28.36	0.003244652793
28.37	0.003314601433
28.38	0.003383286518
28.39	0.003450698093
28.4	0.003516826589
28.41	0.003581662819
28.42	0.003645197985
28.43	0.003707423668
28.44	0.003768331836
28.45	0.003827914843
28.46	0.003886165421
28.47	0.003943076692
28.48	0.003998642154
28.49	0.004052855692
28.5	0.004105711571
28.51	0.004157204434
28.52	0.004207329308
28.53	0.004256081593
28.54	0.004303457073
28.55	0.004349451902
28.56	0.004394062613
28.57	0.004437286112
28.58	0.004479119675
28.59	0.004519560953
28.6	0.004558607961
28.61	0.004596259085
28.62	0.004632513075
28.63	0.004667369045
28.64	0.004700826471
28.65	0.004732885188
28.66	0.004763545391
28.67	0.004792807626
28.68	0.004820672797
28.69	0.004847142155
28.7	0.004872217301
28.71	0.004895900183
28.72	0.00491819309
28.73	0.004939098653
28.74	0.004958619842
28.75	0.004976759959
28.76	0.004993522643
28.77	0.005008911858
28.78	0.005022931897
28.79	0.005035587376
28.8	0.005046883231
28.81	0.005056824715
28.82	0.005065417395
28.83	0.005072667149
28.84	0.005078580161
28.85	0.005083162922
28.86	0.005086422219
28.87	0.00508836514
28.88	0.005088999062
28.89	0.005088331655
28.9	0.005086370874
28.91	0.005083124956
28.92	0.005078602415
28.93	0.005072812042
28.94	0.005065762898
28.95	0.00505746431
28.96	0.005047925867
28.97	0.00503715742
28.98	0.00502516907
28.99	0.005011971173
29	0.00499757433
29.01	0.004981989382
29.02	0.004965227411
29.03	0.004947299732
29.04	0.004928217888
29.05	0.004907993651
29.06	0.004886639009
29.07	0.00486416617
29.08	0.004840587553
29.09	0.004815915784
29.1	0.004790163694
29.11	0.00476334431
29.12	0.004735470856
29.13	0.004706556743
29.14	0.00467661557
29.15	0.004645661114
29.16	0.004613707329
29.17	0.004580768341
29.18	0.004546858441
29.19	0.004511992083
29.2	0.004476183879
29.21	0.004439448593
29.22	0.004401801137
29.23	0.004363256567
29.24	0.004323830076
29.25	0.004283536994
29.26	0.004242392777
29.27	0.004200413008
29.28	0.004157613388
29.29	0.004114009735
29.3	0.004069617975
29.31	0.004024454142
29.32	0.00397853437
29.33	0.003931874888
29.34	0.00388449202
29.35	0.003836402172
29.36	0.003787621836
29.37	0.003738167579
29.38	0.003688056043
29.39	0.003637303936
29.4	0.00358592803
29.41	0.003533945156
29.42	0.003481372199
29.43	0.003428226093
29.44	0.003374523818
29.45	0.003320282393
29.46	0.003265518874
29.47	0.003210250345
29.48	0.003154493921
29.49	0.003098266735
29.5	0.003041585941
29.51	0.002984468703
29.52	0.002926932195
29.53	0.002868993596
29.54	0.002810670083
29.55	0.00275197883
29.56	0.002692937001
29.57	0.002633561746
29.58	0.0025738702
29.59	0.002513879474
29.6	0.002453606654
29.61	0.002393068794
29.62	0.002332282915
29.63	0.002271266
29.64	0.002210034987
29.65	0.002148606771
29.66	0.002086998192
29.67	0.002025226038
29.68	0.001963307038
29.69	0.001901257856
29.7	0.001839095094
29.71	0.001776835279
29.72	0.001714494867
29.73	0.001652090234
29.74	0.001589637676
29.75	0.001527153403
29.76	0.001464653537
29.77	0.001402154106
29.78	0.001339671043
29.79	0.001277220181
29.8	0.001214817251
29.81	0.001152477877
29.82	0.001090217573
29.83	0.001028051741
29.84	0.0009659956662
29.85	0.0009040645137
29.86	0.0008422733273
29.87	0.0007806370243
29.88	0.0007191703937
29.89	0.0006578880926
29.9	0.0005968046433
29.91	0.0005359344307
29.92	0.0004752916993
29.93	0.0004148905502
29.94	0.0003547449388
29.95	0.0002948686716
29.96	0.000235275404
29.97	0.0001759786375
29.98	0.0001169917174
29.99	5.832782984e-05
30	1.995419494e-17
