temps	angle
0	0
0.01	0.6257073399
0.02	1.245803986
0.03	1.859715247
0.04	2.466877185
0.05	3.066737102
0.06	3.658753994
0.07	4.242399005
0.08	4.817155852
0.09	5.382521248
0.1	5.938005294
0.11	6.483131866
0.12	7.01743898
0.13	7.54047914
0.14	8.051819669
0.15	8.551043025
0.16	9.037747097
0.17	9.511545483
0.18	9.972067751
0.19	10.41895968
0.2	10.85188349
0.21	11.27051804
0.22	11.67455903
0.23	12.06371916
0.24	12.43772826
0.25	12.79633348
0.26	13.13929936
0.27	13.46640793
0.28	13.7774588
0.29	14.07226922
0.3	14.35067412
0.31	14.61252612
0.32	14.85769557
0.33	15.08607049
0.34	15.29755659
0.35	15.49207719
0.36	15.66957318
0.37	15.8300029
0.38	15.9733421
0.39	16.09958378
0.4	16.20873807
0.41	16.30083209
0.42	16.37590979
0.43	16.43403177
0.44	16.47527507
0.45	16.49973298
0.46	16.50751483
0.47	16.49874572
0.48	16.47356628
0.49	16.43213243
0.5	16.37461506
0.51	16.30119979
0.52	16.21208663
0.53	16.10748967
0.54	15.98763677
0.55	15.8527692
0.56	15.70314132
0.57	15.5390202
0.58	15.36068525
0.59	15.16842788
0.6	14.96255106
0.61	14.74336896
0.62	14.51120652
0.63	14.26639907
0.64	14.00929192
0.65	13.74023987
0.66	13.45960686
0.67	13.16776548
0.68	12.86509656
0.69	12.55198869
0.7	12.22883782
0.71	11.89604675
0.72	11.55402471
0.73	11.20318691
0.74	10.84395401
0.75	10.47675175
0.76	10.10201041
0.77	9.720164396
0.78	9.331651723
0.79	8.936913591
0.8	8.536393899
0.81	8.130538785
0.82	7.719796161
0.83	7.304615252
0.84	6.885446136
0.85	6.462739291
0.86	6.036945135
0.87	5.608513585
0.88	5.177893606
0.89	4.745532771
0.9	4.311876827
0.91	3.87736926
0.92	3.442450876
0.93	3.007559379
0.94	2.573128955
0.95	2.139589874
0.96	1.707368085
0.97	1.276884827
0.98	0.8485562473
0.99	0.4227930237
1	1.641810598e-15
1.01	-0.4194241729
1.02	-0.8350873855
1.03	-1.24660441
1.04	-1.653597228
1.05	-2.055695355
1.06	-2.452536146
1.07	-2.843765096
1.08	-3.229036133
1.09	-3.608011891
1.1	-3.980363982
1.11	-4.345773251
1.12	-4.70393002
1.13	-5.054534324
1.14	-5.397296131
1.15	-5.731935554
1.16	-6.05818305
1.17	-6.375779606
1.18	-6.684476914
1.19	-6.984037533
1.2	-7.274235041
1.21	-7.554854174
1.22	-7.825690949
1.23	-8.08655278
1.24	-8.33725858
1.25	-8.57763885
1.26	-8.807535753
1.27	-9.026803183
1.28	-9.235306817
1.29	-9.432924153
1.3	-9.619544536
1.31	-9.795069183
1.32	-9.959411177
1.33	-10.11249546
1.34	-10.25425884
1.35	-10.3846499
1.36	-10.50362901
1.37	-10.61116827
1.38	-10.70725141
1.39	-10.79187374
1.4	-10.86504205
1.41	-10.92677452
1.42	-10.9771006
1.43	-11.01606093
1.44	-11.04370714
1.45	-11.06010177
1.46	-11.0653181
1.47	-11.05943999
1.48	-11.04256171
1.49	-11.01478776
1.5	-10.97623272
1.51	-10.927021
1.52	-10.86728666
1.53	-10.79717322
1.54	-10.71683341
1.55	-10.62642898
1.56	-10.52613041
1.57	-10.41611673
1.58	-10.29657525
1.59	-10.16770128
1.6	-10.02969792
1.61	-9.882775757
1.62	-9.72715262
1.63	-9.563053283
1.64	-9.390709202
1.65	-9.210358221
1.66	-9.022244289
1.67	-8.826617162
1.68	-8.623732116
1.69	-8.413849637
1.7	-8.197235129
1.71	-7.974158605
1.72	-7.744894379
1.73	-7.509720762
1.74	-7.268919751
1.75	-7.022776715
1.76	-6.771580086
1.77	-6.515621046
1.78	-6.255193212
1.79	-5.99059233
1.8	-5.722115951
1.81	-5.450063133
1.82	-5.174734118
1.83	-4.896430032
1.84	-4.615452571
1.85	-4.332103699
1.86	-4.046685341
1.87	-3.759499085
1.88	-3.470845881
1.89	-3.181025746
1.9	-2.890337473
1.91	-2.599078341
1.92	-2.30754383
1.93	-2.016027341
1.94	-1.72481992
1.95	-1.434209983
1.96	-1.144483053
1.97	-0.8559214961
1.98	-0.5688042627
1.99	-0.2834066391
2	-2.201077111e-15
2.01	0.2811484309
2.02	0.5597758147
2.03	0.8356239254
2.04	1.10843937
2.05	1.377973805
2.06	1.643984142
2.07	1.90623275
2.08	2.164487649
2.09	2.418522697
2.1	2.668117768
2.11	2.913058926
2.12	3.153138588
2.13	3.388155681
2.14	3.617915791
2.15	3.842231304
2.16	4.060921541
2.17	4.273812879
2.18	4.480738872
2.19	4.68154036
2.2	4.876065568
2.21	5.064170198
2.22	5.245717517
2.23	5.420578432
2.24	5.588631555
2.25	5.749763269
2.26	5.903867771
2.27	6.050847125
2.28	6.190611291
2.29	6.323078152
2.3	6.448173536
2.31	6.565831226
2.32	6.675992958
2.33	6.778608425
2.34	6.873635256
2.35	6.961038997
2.36	7.040793084
2.37	7.112878806
2.38	7.17728526
2.39	7.234009302
2.4	7.283055485
2.41	7.324435996
2.42	7.358170582
2.43	7.38428647
2.44	7.402818279
2.45	7.413807929
2.46	7.417304539
2.47	7.413364322
2.48	7.402050471
2.49	7.383433041
2.5	7.357588823
2.51	7.324601218
2.52	7.284560093
2.53	7.237561649
2.54	7.183708267
2.55	7.123108362
2.56	7.055876221
2.57	6.982131848
2.58	6.902000793
2.59	6.815613989
2.6	6.72310757
2.61	6.624622701
2.62	6.520305392
2.63	6.410306317
2.64	6.294780625
2.65	6.173887747
2.66	6.047791207
2.67	5.916658423
2.68	5.780660509
2.69	5.639972076
2.7	5.494771029
2.71	5.345238363
2.72	5.191557957
2.73	5.033916367
2.74	4.872502622
2.75	4.707508011
2.76	4.539125875
2.77	4.367551399
2.78	4.192981402
2.79	4.015614126
2.8	3.835649028
2.81	3.65328657
2.82	3.468728012
2.83	3.282175205
2.84	3.09383038
2.85	2.903895951
2.86	2.712574304
2.87	2.5200676
2.88	2.32657757
2.89	2.132305324
2.9	1.937451148
2.91	1.742214313
2.92	1.546792886
2.93	1.35138354
2.94	1.156181368
2.95	0.9613797018
2.96	0.767169933
2.97	0.5737413367
2.98	0.3812808996
2.99	0.1899731514
3	2.213139165e-15
3.01	-0.1884594291
3.02	-0.3752289499
3.03	-0.5601354681
3.04	-0.7430091297
3.05	-0.9236834645
3.06	-1.101995526
3.07	-1.277786025
3.08	-1.450899461
3.09	-1.621184245
3.1	-1.788492825
3.11	-1.952681793
3.12	-2.113612003
3.13	-2.271148672
3.14	-2.42516148
3.15	-2.575524665
3.16	-2.722117114
3.17	-2.864822446
3.18	-3.003529087
3.19	-3.13813035
3.2	-3.268524496
3.21	-3.3946148
3.22	-3.516309608
3.23	-3.633522384
3.24	-3.746171761
3.25	-3.854181579
3.26	-3.957480916
3.27	-4.056004124
3.28	-4.149690846
3.29	-4.238486038
3.3	-4.322339982
3.31	-4.401208289
3.32	-4.475051907
3.33	-4.543837112
3.34	-4.607535501
3.35	-4.666123981
3.36	-4.719584744
3.37	-4.767905248
3.38	-4.811078186
3.39	-4.849101448
3.4	-4.881978088
3.41	-4.909716274
3.42	-4.932329243
3.43	-4.949835246
3.44	-4.962257489
3.45	-4.969624072
3.46	-4.97196792
3.47	-4.969326714
3.48	-4.961742813
3.49	-4.949263176
3.5	-4.931939279
3.51	-4.909827025
3.52	-4.882986657
3.53	-4.851482658
3.54	-4.815383656
3.55	-4.774762325
3.56	-4.729695273
3.57	-4.680262942
3.58	-4.62654949
3.59	-4.568642683
3.6	-4.506633776
3.61	-4.440617394
3.62	-4.37069141
3.63	-4.296956826
3.64	-4.219517638
3.65	-4.138480719
3.66	-4.05395568
3.67	-3.966054746
3.68	-3.874892618
3.69	-3.780586342
3.7	-3.683255169
3.71	-3.583020426
3.72	-3.480005368
3.73	-3.374335051
3.74	-3.266136182
3.75	-3.155536987
3.76	-3.042667065
3.77	-2.927657255
3.78	-2.810639487
3.79	-2.691746646
3.8	-2.571112433
3.81	-2.448871222
3.82	-2.325157921
3.83	-2.200107834
3.84	-2.073856523
3.85	-1.946539667
3.86	-1.818292932
3.87	-1.689251829
3.88	-1.559551584
3.89	-1.429327003
3.9	-1.298712343
3.91	-1.167841179
3.92	-1.036846279
3.93	-0.9058594768
3.94	-0.7750115478
3.95	-0.644432086
3.96	-0.5142493848
3.97	-0.3845903192
3.98	-0.2555802302
3.99	-0.1273428116
4	-1.978015396e-15
4.01	0.1263281332
4.02	0.251523487
4.03	0.3754700328
4.04	0.498053914
4.05	0.6191635425
4.06	0.7386896916
4.07	0.856525587
4.08	0.9725669932
4.09	1.086712298
4.1	1.198862593
4.11	1.30892175
4.12	1.416796495
4.13	1.522396482
4.14	1.625634355
4.15	1.726425812
4.16	1.824689669
4.17	1.920347914
4.18	2.013325756
4.19	2.103551681
4.2	2.190957491
4.21	2.275478349
4.22	2.357052818
4.23	2.435622892
4.24	2.511134028
4.25	2.583535173
4.26	2.65277879
4.27	2.718820871
4.28	2.781620959
4.29	2.841142156
4.3	2.897351136
4.31	2.950218143
4.32	2.999717
4.33	3.045825102
4.34	3.088523409
4.35	3.127796442
4.36	3.163632263
4.37	3.196022466
4.38	3.224962151
4.39	3.250449906
4.4	3.272487777
4.41	3.291081239
4.42	3.306239165
4.43	3.31797379
4.44	3.326300669
4.45	3.331238637
4.46	3.332809765
4.47	3.331039311
4.48	3.325955671
4.49	3.31759032
4.5	3.305977764
4.51	3.291155478
4.52	3.273163841
4.53	3.252046078
4.54	3.227848194
4.55	3.200618901
4.56	3.170409553
4.57	3.13727407
4.58	3.101268867
4.59	3.062452773
4.6	3.02088696
4.61	2.976634856
4.62	2.929762067
4.63	2.880336297
4.64	2.828427257
4.65	2.774106586
4.66	2.717447758
4.67	2.658526
4.68	2.597418198
4.69	2.534202811
4.7	2.468959775
4.71	2.401770417
4.72	2.332717359
4.73	2.261884427
4.74	2.189356556
4.75	2.115219698
4.76	2.039560727
4.77	1.962467346
4.78	1.88402799
4.79	1.804331736
4.8	1.723468204
4.81	1.64152747
4.82	1.558599965
4.83	1.474776385
4.84	1.3901476
4.85	1.304804559
4.86	1.218838202
4.87	1.132339364
4.88	1.04539869
4.89	0.9581065426
4.9	0.8705529173
4.91	0.7828273526
4.92	0.6950188453
4.93	0.6072157662
4.94	0.5195057764
4.95	0.4319757455
4.96	0.3447116713
4.97	0.2577986005
4.98	0.1713205516
4.99	0.08536043931
5	1.657379214e-15
5.01	-0.08468028006
5.02	-0.1686012354
5.03	-0.2516850897
5.04	-0.3338555226
5.05	-0.4150377343
5.06	-0.4951585081
5.07	-0.5741462709
5.08	-0.6519311517
5.09	-0.7284450376
5.1	-0.8036216284
5.11	-0.8773964874
5.12	-0.949707092
5.13	-1.02049288
5.14	-1.089695295
5.15	-1.15725783
5.16	-1.223126063
5.17	-1.287247702
5.18	-1.349572613
5.19	-1.410052859
5.2	-1.468642726
5.21	-1.525298752
5.22	-1.579979754
5.23	-1.632646849
5.24	-1.683263477
5.25	-1.731795416
5.26	-1.778210801
5.27	-1.822480131
5.28	-1.864576289
5.29	-1.904474541
5.3	-1.942152547
5.31	-1.977590362
5.32	-2.010770438
5.33	-2.041677623
5.34	-2.070299154
5.35	-2.096624655
5.36	-2.120646124
5.37	-2.142357926
5.38	-2.161756778
5.39	-2.178841731
5.4	-2.193614157
5.41	-2.206077728
5.42	-2.21623839
5.43	-2.224104344
5.44	-2.229686017
5.45	-2.232996036
5.46	-2.234049195
5.47	-2.232862425
5.48	-2.229454758
5.49	-2.223847296
5.5	-2.216063167
5.51	-2.206127491
5.52	-2.194067336
5.53	-2.179911677
5.54	-2.16369135
5.55	-2.145439009
5.56	-2.125189078
5.57	-2.102977699
5.58	-2.07884269
5.59	-2.052823484
5.6	-2.024961086
5.61	-1.995298013
5.62	-1.963878244
5.63	-1.930747159
5.64	-1.895951489
5.65	-1.859539254
5.66	-1.821559706
5.67	-1.782063271
5.68	-1.741101486
5.69	-1.698726945
5.7	-1.65499323
5.71	-1.609954856
5.72	-1.563667207
5.73	-1.516186473
5.74	-1.467569587
5.75	-1.417874165
5.76	-1.367158441
5.77	-1.315481202
5.78	-1.262901729
5.79	-1.209479732
5.8	-1.155275286
5.81	-1.100348769
5.82	-1.0447608
5.83	-0.9885721741
5.84	-0.9318438031
5.85	-0.8746366524
5.86	-0.8170116797
5.87	-0.7590297746
5.88	-0.7007516978
5.89	-0.6422380217
5.9	-0.5835490716
5.91	-0.524744867
5.92	-0.4658850644
5.93	-0.4070289004
5.94	-0.348235136
5.95	-0.2895620016
5.96	-0.2310671434
5.97	-0.1728075697
5.98	-0.1148396001
5.99	-0.05721881361
6	-1.333169413e-15
6.01	0.05676288923
6.02	0.1130167879
6.03	0.1687095609
6.04	0.2237900493
6.05	0.2782081132
6.06	0.3319146739
6.07	0.3848617547
6.08	0.4370025196
6.09	0.4882913112
6.1	0.5386836869
6.11	0.5881364538
6.12	0.6366077016
6.13	0.6840568344
6.14	0.7304446006
6.15	0.7757331217
6.16	0.819885919
6.17	0.8628679388
6.18	0.9046455764
6.19	0.9451866976
6.2	0.9844606596
6.21	1.022438329
6.22	1.059092101
6.23	1.094395911
6.24	1.128325251
6.25	1.160857183
6.26	1.191970346
6.27	1.221644966
6.28	1.249862864
6.29	1.276607462
6.3	1.301863784
6.31	1.325618462
6.32	1.347859732
6.33	1.368577438
6.34	1.387763024
6.35	1.405409535
6.36	1.421511608
6.37	1.436065464
6.38	1.449068903
6.39	1.460521289
6.4	1.470423543
6.41	1.478778124
6.42	1.485589019
6.43	1.490861726
6.44	1.494603234
6.45	1.496822006
6.46	1.497527959
6.47	1.496732443
6.48	1.494448216
6.49	1.490689422
6.5	1.485471564
6.51	1.478811482
6.52	1.470727318
6.53	1.461238496
6.54	1.450365685
6.55	1.438130776
6.56	1.42455684
6.57	1.409668108
6.58	1.393489927
6.59	1.376048732
6.6	1.357372008
6.61	1.337488256
6.62	1.316426955
6.63	1.294218525
6.64	1.27089429
6.65	1.246486439
6.66	1.221027986
6.67	1.194552734
6.68	1.167095228
6.69	1.138690724
6.7	1.109375138
6.71	1.079185013
6.72	1.048157474
6.73	1.016330186
6.74	0.9837413133
6.75	0.9504294758
6.76	0.9164337089
6.77	0.8817934197
6.78	0.8465483451
6.79	0.8107385097
6.8	0.774404183
6.81	0.7375858378
6.82	0.7003241076
6.83	0.6626597452
6.84	0.624633581
6.85	0.5862864811
6.86	0.5476593068
6.87	0.5087928735
6.88	0.4697279103
6.89	0.4305050203
6.9	0.3911646405
6.91	0.3517470034
6.92	0.3122920978
6.93	0.2728396312
6.94	0.2334289924
6.95	0.1940992143
6.96	0.1548889382
6.97	0.1158363781
6.98	0.076979286
6.99	0.03835491777
7	1.04259188e-15
7.01	-0.03804930252
7.02	-0.07575741843
7.03	-0.1130894006
7.04	-0.1500109561
7.05	-0.1864884752
7.06	-0.2224890595
7.07	-0.2579805492
7.08	-0.2929315491
7.09	-0.3273114542
7.1	-0.3610904738
7.11	-0.3942396548
7.12	-0.4267309039
7.13	-0.4585370087
7.14	-0.4896316583
7.15	-0.5199894618
7.16	-0.549585967
7.17	-0.5783976765
7.18	-0.6064020644
7.19	-0.6335775907
7.2	-0.6599037147
7.21	-0.6853609081
7.22	-0.709930666
7.23	-0.7335955174
7.24	-0.7563390345
7.25	-0.7781458405
7.26	-0.799001617
7.27	-0.8188931095
7.28	-0.8378081325
7.29	-0.8557355727
7.3	-0.8726653919
7.31	-0.8885886286
7.32	-0.9034973979
7.33	-0.9173848912
7.34	-0.9302453742
7.35	-0.9420741842
7.36	-0.9528677262
7.37	-0.9626234678
7.38	-0.9713399335
7.39	-0.9790166978
7.4	-0.9856543769
7.41	-0.9912546201
7.42	-0.9958200998
7.43	-0.9993545009
7.44	-1.001862508
7.45	-1.003349796
7.46	-1.003823011
7.47	-1.00328976
7.48	-1.001758597
7.49	-0.9992390018
7.5	-0.9957413674
7.51	-0.9912769804
7.52	-0.9858580034
7.53	-0.9794974557
7.54	-0.972209193
7.55	-0.9640078877
7.56	-0.9549090068
7.57	-0.9449287912
7.58	-0.9340842323
7.59	-0.9223930496
7.6	-0.9098736672
7.61	-0.8965451895
7.62	-0.882427377
7.63	-0.8675406211
7.64	-0.8519059188
7.65	-0.8355448469
7.66	-0.8184795359
7.67	-0.8007326434
7.68	-0.7823273273
7.69	-0.7632872184
7.7	-0.7436363936
7.71	-0.7233993478
7.72	-0.7026009665
7.73	-0.6812664973
7.74	-0.6594215224
7.75	-0.63709193
7.76	-0.6143038859
7.77	-0.5910838057
7.78	-0.5674583257
7.79	-0.5434542751
7.8	-0.5190986476
7.81	-0.4944185727
7.82	-0.469441288
7.83	-0.4441941109
7.84	-0.4187044108
7.85	-0.392999581
7.86	-0.3671070117
7.87	-0.3410540624
7.88	-0.3148680345
7.89	-0.288576145
7.9	-0.2622054999
7.91	-0.2357830675
7.92	-0.2093356534
7.93	-0.1828898742
7.94	-0.1564721329
7.95	-0.1301085942
7.96	-0.1038251602
7.97	-0.07764744631
7.98	-0.05160075854
7.99	-0.02571007025
8	-7.987088421e-16
8.01	0.02550521022
8.02	0.05078171621
8.03	0.07580609223
8.04	0.100555351
8.05	0.1250069633
8.06	0.1491388766
8.07	0.1729295336
8.08	0.1963578894
8.09	0.219403429
8.1	0.242046183
8.11	0.2642667436
8.12	0.2860462791
8.13	0.3073665488
8.14	0.3282099157
8.15	0.34855936
8.16	0.3683984907
8.17	0.3877115571
8.18	0.4064834597
8.19	0.4246997597
8.2	0.4423466884
8.21	0.4594111555
8.22	0.4758807567
8.23	0.491743781
8.24	0.5069892164
8.25	0.5216067556
8.26	0.5355868007
8.27	0.5489204669
8.28	0.5615995859
8.29	0.5736167085
8.3	0.5849651057
8.31	0.5956387704
8.32	0.6056324174
8.33	0.6149414825
8.34	0.6235621221
8.35	0.6314912105
8.36	0.6387263381
8.37	0.6452658072
8.38	0.651108629
8.39	0.6562545179
8.4	0.6607038873
8.41	0.6644578426
8.42	0.6675181752
8.43	0.669887355
8.44	0.6715685228
8.45	0.6725654814
8.46	0.6728826867
8.47	0.6725252383
8.48	0.6714988689
8.49	0.6698099337
8.5	0.6674653992
8.51	0.6644728311
8.52	0.6608403823
8.53	0.6565767796
8.54	0.651691311
8.55	0.6461938116
8.56	0.6400946494
8.57	0.6334047108
8.58	0.6261353856
8.59	0.6182985515
8.6	0.6099065585
8.61	0.6009722127
8.62	0.59150876
8.63	0.5815298691
8.64	0.5710496147
8.65	0.5600824602
8.66	0.5486432402
8.67	0.5367471424
8.68	0.52440969
8.69	0.5116467233
8.7	0.4984743816
8.71	0.4849090841
8.72	0.4709675122
8.73	0.4566665899
8.74	0.4420234653
8.75	0.4270554918
8.76	0.4117802091
8.77	0.3962153238
8.78	0.380378691
8.79	0.3642882947
8.8	0.3479622294
8.81	0.3314186804
8.82	0.3146759058
8.83	0.2977522169
8.84	0.2806659599
8.85	0.2634354972
8.86	0.246079189
8.87	0.2286153748
8.88	0.2110623554
8.89	0.1934383748
8.9	0.1757616027
8.91	0.1580501167
8.92	0.1403218848
8.93	0.1225947489
8.94	0.1048864073
8.95	0.08721439888
8.96	0.06959608615
8.97	0.05204863978
8.98	0.03458902284
8.99	0.01723397547
9	6.023143662e-16
9.01	-0.01709665369
9.02	-0.03404000235
9.03	-0.05081434323
9.04	-0.06740426752
9.05	-0.08379467339
9.06	-0.09997077864
9.07	-0.1159181329
9.08	-0.1316226295
9.09	-0.1470705167
9.1	-0.1622484086
9.11	-0.1771432957
9.12	-0.191742555
9.13	-0.2060339591
9.14	-0.2200056858
9.15	-0.2336463262
9.16	-0.2469448932
9.17	-0.2598908288
9.18	-0.2724740114
9.19	-0.2846847625
9.2	-0.2965138525
9.21	-0.3079525069
9.22	-0.3189924107
9.23	-0.3296257139
9.24	-0.3398450349
9.25	-0.3496434644
9.26	-0.3590145689
9.27	-0.3679523926
9.28	-0.3764514603
9.29	-0.3845067784
9.3	-0.3921138366
9.31	-0.399268608
9.32	-0.4059675499
9.33	-0.4122076029
9.34	-0.4179861904
9.35	-0.4233012173
9.36	-0.4281510684
9.37	-0.4325346056
9.38	-0.4364511661
9.39	-0.4399005587
9.4	-0.4428830601
9.41	-0.4453994116
9.42	-0.4474508139
9.43	-0.4490389227
9.44	-0.4501658431
9.45	-0.4508341244
9.46	-0.4510467535
9.47	-0.4508071487
9.48	-0.4501191527
9.49	-0.4489870256
9.5	-0.4474154371
9.51	-0.4454094587
9.52	-0.4429745555
9.53	-0.4401165771
9.54	-0.4368417496
9.55	-0.4331566656
9.56	-0.4290682749
9.57	-0.4245838749
9.58	-0.4197111005
9.59	-0.4144579135
9.6	-0.4088325924
9.61	-0.4028437213
9.62	-0.3965001792
9.63	-0.3898111286
9.64	-0.382786004
9.65	-0.3754345005
9.66	-0.367766562
9.67	-0.3597923692
9.68	-0.3515223276
9.69	-0.3429670551
9.7	-0.3341373704
9.71	-0.3250442796
9.72	-0.3156989645
9.73	-0.3061127695
9.74	-0.2962971896
9.75	-0.286263857
9.76	-0.2760245287
9.77	-0.2655910741
9.78	-0.2549754617
9.79	-0.2441897465
9.8	-0.2332460576
9.81	-0.2221565851
9.82	-0.2109335677
9.83	-0.1995892797
9.84	-0.1881360192
9.85	-0.1765860946
9.86	-0.1649518133
9.87	-0.1532454685
9.88	-0.1414793278
9.89	-0.1296656203
9.9	-0.1178165256
9.91	-0.1059441615
9.92	-0.09406057228
9.93	-0.08217771771
9.94	-0.07030746139
9.95	-0.05846155987
9.96	-0.04665165167
9.97	-0.03488924662
9.98	-0.02318571538
9.99	-0.01155227923
10	-4.486037708e-16
10.01	0.01146022969
10.02	0.02281769594
10.03	0.03406187289
10.04	0.04518243171
10.05	0.05616924932
10.06	0.06701241694
10.07	0.07770224819
10.08	0.08822928706
10.09	0.09858431549
10.1	0.1087583607
10.11	0.1187427021
10.12	0.1285288783
10.13	0.138108693
10.14	0.1474742214
10.15	0.1566178162
10.16	0.1655321122
10.17	0.1742100323
10.18	0.1826447919
10.19	0.1908299031
10.2	0.1987591793
10.21	0.2064267386
10.22	0.2138270075
10.23	0.2209547237
10.24	0.2278049394
10.25	0.2343730232
10.26	0.2406546624
10.27	0.2466458648
10.28	0.2523429602
10.29	0.2577426014
10.3	0.262841765
10.31	0.2676377517
10.32	0.2721281867
10.33	0.2763110193
10.34	0.2801845224
10.35	0.2837472915
10.36	0.2869982438
10.37	0.2899366168
10.38	0.2925619658
10.39	0.2948741627
10.4	0.2968733933
10.41	0.2985601541
10.42	0.2999352502
10.43	0.3009997913
10.44	0.3017551887
10.45	0.302203151
10.46	0.3023456806
10.47	0.3021850687
10.48	0.3017238912
10.49	0.3009650037
10.5	0.2999115364
10.51	0.2985668889
10.52	0.2969347244
10.53	0.2950189642
10.54	0.2928237817
10.55	0.290353596
10.56	0.2876130658
10.57	0.2846070826
10.58	0.2813407642
10.59	0.2778194477
10.6	0.2740486821
10.61	0.2700342218
10.62	0.2657820184
10.63	0.2612982137
10.64	0.2565891318
10.65	0.2516612717
10.66	0.2465212988
10.67	0.2411760375
10.68	0.2356324628
10.69	0.2298976922
10.7	0.2239789775
10.71	0.2178836965
10.72	0.2116193444
10.73	0.2051935258
10.74	0.1986139458
10.75	0.1918884018
10.76	0.1850247748
10.77	0.178031021
10.78	0.1709151632
10.79	0.1636852821
10.8	0.1563495081
10.81	0.1489160124
10.82	0.1413929988
10.83	0.1337886952
10.84	0.126111345
10.85	0.1183691991
10.86	0.1105705071
10.87	0.1027235095
10.88	0.0948364295
10.89	0.08691746457
10.9	0.07897477889
10.91	0.0710164952
10.92	0.06305068714
10.93	0.05508537152
10.94	0.04712850076
10.95	0.03918795551
10.96	0.0312715373
10.97	0.0233869614
10.98	0.0155418498
10.99	0.007743724346
11	1.203136379e-15
11.01	-0.007682021691
11.02	-0.01529515899
11.03	-0.02283235621
11.04	-0.0302866897
11.05	-0.03765137379
11.06	-0.04491976641
11.07	-0.05208537458
11.08	-0.05914185976
11.09	-0.0660830429
11.1	-0.07290290934
11.11	-0.07959561356
11.12	-0.08615548361
11.13	-0.09257702543
11.14	-0.09885492691
11.15	-0.1049840617
11.16	-0.1109594931
11.17	-0.1167764769
11.18	-0.1224304653
11.19	-0.1279171094
11.2	-0.1332322622
11.21	-0.1383719809
11.22	-0.1433325295
11.23	-0.1481103806
11.24	-0.1527022175
11.25	-0.1571049357
11.26	-0.1613156443
11.27	-0.1653316674
11.28	-0.1691505447
11.29	-0.1727700324
11.3	-0.176188104
11.31	-0.17940295
11.32	-0.1824129787
11.33	-0.1852168152
11.34	-0.1878133019
11.35	-0.1902014975
11.36	-0.192380676
11.37	-0.1943503263
11.38	-0.1961101504
11.39	-0.1976600623
11.4	-0.1990001866
11.41	-0.2001308562
11.42	-0.2010526107
11.43	-0.201766194
11.44	-0.202272552
11.45	-0.2025728301
11.46	-0.2026683705
11.47	-0.2025607091
11.48	-0.2022515726
11.49	-0.2017428751
11.5	-0.2010367149
11.51	-0.2001353707
11.52	-0.1990412981
11.53	-0.1977571257
11.54	-0.1962856508
11.55	-0.1946298358
11.56	-0.1927928035
11.57	-0.1907778327
11.58	-0.188588354
11.59	-0.1862279449
11.6	-0.1837003252
11.61	-0.181009352
11.62	-0.1781590148
11.63	-0.1751534306
11.64	-0.1719968387
11.65	-0.1686935952
11.66	-0.1652481684
11.67	-0.1616651326
11.68	-0.1579491633
11.69	-0.1541050316
11.7	-0.1501375985
11.71	-0.1460518094
11.72	-0.1418526887
11.73	-0.1375453336
11.74	-0.1331349093
11.75	-0.1286266423
11.76	-0.1240258156
11.77	-0.1193377622
11.78	-0.1145678601
11.79	-0.1097215258
11.8	-0.1048042094
11.81	-0.09982138826
11.82	-0.09477856146
11.83	-0.08968124431
11.84	-0.0845349626
11.85	-0.07934524698
11.86	-0.0741176274
11.87	-0.06885762764
11.88	-0.06357075979
11.89	-0.05826251885
11.9	-0.05293837742
11.91	-0.04760378033
11.92	-0.04226413951
11.93	-0.03692482877
11.94	-0.0315911788
11.95	-0.02626847214
11.96	-0.02096193832
11.97	-0.01567674904
11.98	-0.01041801347
11.99	-0.00519077366
12	-2.418848012e-16
12.01	0.005149413134
12.02	0.01025265168
12.03	0.01530498606
12.04	0.02030177524
12.05	0.02523847061
12.06	0.03011061989
12.07	0.03491387069
12.08	0.03964397416
12.09	0.04429678836
12.1	0.04886828155
12.11	0.05335453535
12.12	0.05775174774
12.13	0.06205623595
12.14	0.06626443916
12.15	0.0703729211
12.16	0.0743783725
12.17	0.07827761337
12.18	0.08206759514
12.19	0.08574540269
12.2	0.08930825614
12.21	0.09275351262
12.22	0.09607866776
12.23	0.09928135713
12.24	0.1023593575
12.25	0.1053105877
12.26	0.1081331101
12.27	0.1108251309
12.28	0.1133850009
12.29	0.1158112161
12.3	0.118102418
12.31	0.1202573937
12.32	0.1222750762
12.33	0.1241545441
12.34	0.1258950212
12.35	0.1274958766
12.36	0.1289566236
12.37	0.1302769197
12.38	0.131456565
12.39	0.1324955021
12.4	0.1333938143
12.41	0.1341517248
12.42	0.1347695953
12.43	0.1352479244
12.44	0.1355873464
12.45	0.1357886288
12.46	0.1358526715
12.47	0.1357805039
12.48	0.1355732835
12.49	0.1352322933
12.5	0.13475894
12.51	0.1341547509
12.52	0.1334213721
12.53	0.1325605656
12.54	0.1315742065
12.55	0.1304642805
12.56	0.1292328809
12.57	0.1278822056
12.58	0.1264145541
12.59	0.1248323246
12.6	0.1231380105
12.61	0.1213341972
12.62	0.119423559
12.63	0.1174088557
12.64	0.1152929288
12.65	0.1130786985
12.66	0.1107691598
12.67	0.1083673791
12.68	0.1058764904
12.69	0.1032996919
12.7	0.1006402419
12.71	0.09790145563
12.72	0.0950867008
12.73	0.09219939438
12.74	0.08924299851
12.75	0.08622101679
12.76	0.08313699039
12.77	0.07999449426
12.78	0.07679713323
12.79	0.07354853825
12.8	0.0702523625
12.81	0.06691227758
12.82	0.06353196968
12.83	0.06011513582
12.84	0.05666548002
12.85	0.05318670961
12.86	0.04968253141
12.87	0.04615664813
12.88	0.04261275463
12.89	0.03905453432
12.9	0.03548565559
12.91	0.03190976823
12.92	0.02833049994
12.93	0.02475145292
12.94	0.02117620043
12.95	0.01760828345
12.96	0.01405120746
12.97	0.01050843914
12.98	0.006983403272
12.99	0.003479479639
13	-2.163235606e-16
13.01	-0.003451754849
13.02	-0.006872557947
13.03	-0.01025923896
13.04	-0.01360868691
13.05	-0.01691785278
13.06	-0.02018375211
13.07	-0.02340346741
13.08	-0.02657415058
13.09	-0.02969302521
13.1	-0.03275738874
13.11	-0.03576461459
13.12	-0.0387121542
13.13	-0.04159753894
13.14	-0.04441838191
13.15	-0.04717237971
13.16	-0.04985731408
13.17	-0.0524710534
13.18	-0.05501155415
13.19	-0.05747686228
13.2	-0.05986511437
13.21	-0.06217453885
13.22	-0.06440345699
13.23	-0.06655028388
13.24	-0.0686135292
13.25	-0.07059179801
13.26	-0.07248379137
13.27	-0.07428830686
13.28	-0.07600423903
13.29	-0.07763057971
13.3	-0.07916641826
13.31	-0.0806109417
13.32	-0.08196343474
13.33	-0.08322327971
13.34	-0.08438995641
13.35	-0.08546304184
13.36	-0.08644220988
13.37	-0.08732723079
13.38	-0.08811797072
13.39	-0.08881439106
13.4	-0.08941654772
13.41	-0.08992459032
13.42	-0.0903387613
13.43	-0.09065939493
13.44	-0.09088691625
13.45	-0.09102183992
13.46	-0.09106476899
13.47	-0.09101639361
13.48	-0.09087748961
13.49	-0.09064891709
13.5	-0.09033161885
13.51	-0.0899266188
13.52	-0.08943502031
13.53	-0.08885800443
13.54	-0.08819682816
13.55	-0.08745282252
13.56	-0.08662739068
13.57	-0.08572200594
13.58	-0.08473820975
13.59	-0.08367760959
13.6	-0.08254187684
13.61	-0.08133274462
13.62	-0.08005200557
13.63	-0.07870150954
13.64	-0.07728316135
13.65	-0.07579891839
13.66	-0.07425078831
13.67	-0.07264082655
13.68	-0.07097113393
13.69	-0.06924385422
13.7	-0.06746117162
13.71	-0.06562530824
13.72	-0.06373852166
13.73	-0.06180310228
13.74	-0.05982137087
13.75	-0.05779567595
13.76	-0.05572839123
13.77	-0.05362191307
13.78	-0.05147865788
13.79	-0.04930105955
13.8	-0.04709156687
13.81	-0.04485264099
13.82	-0.04258675284
13.83	-0.04029638061
13.84	-0.03798400718
13.85	-0.03565211763
13.86	-0.03330319674
13.87	-0.0309397265
13.88	-0.02856418364
13.89	-0.02617903724
13.9	-0.02378674629
13.91	-0.02138975731
13.92	-0.01899050202
13.93	-0.01659139506
13.94	-0.01419483164
13.95	-0.01180318538
13.96	-0.009418806031
13.97	-0.007044017407
13.98	-0.004681115203
13.99	-0.002332364952
14	-1.26800155e-16
14.01	0.002313780469
14.02	0.004606813359
14.03	0.006876973534
14.04	0.009122175636
14.05	0.01134037586
14.06	0.01352957364
14.07	0.01568781335
14.08	0.01781318584
14.09	0.01990383003
14.1	0.02195793433
14.11	0.0239737381
14.12	0.02594953299
14.13	0.02788366422
14.14	0.0297745318
14.15	0.03162059174
14.16	0.03342035707
14.17	0.03517239893
14.18	0.03687534751
14.19	0.03852789297
14.2	0.04012878622
14.21	0.04167683974
14.22	0.04317092826
14.23	0.04460998935
14.24	0.04599302405
14.25	0.04731909729
14.26	0.04858733837
14.27	0.04979694127
14.28	0.050947165
14.29	0.05203733376
14.3	0.05306683713
14.31	0.05403513015
14.32	0.05494173335
14.33	0.05578623269
14.34	0.05656827946
14.35	0.05728759014
14.36	0.0579439461
14.37	0.05853719336
14.38	0.05906724219
14.39	0.0595340667
14.4	0.05993770439
14.41	0.06027825553
14.42	0.06055588263
14.43	0.06077080978
14.44	0.06092332188
14.45	0.06101376392
14.46	0.06104254014
14.47	0.06101011315
14.48	0.06091700302
14.49	0.06076378628
14.5	0.06055109491
14.51	0.06027961526
14.52	0.05995008693
14.53	0.05956330162
14.54	0.05912010191
14.55	0.05862138002
14.56	0.05806807651
14.57	0.05746117897
14.58	0.05680172066
14.59	0.05609077911
14.6	0.05532947468
14.61	0.05451896912
14.62	0.05366046406
14.63	0.0527551995
14.64	0.05180445227
14.65	0.05080953447
14.66	0.04977179184
14.67	0.04869260219
14.68	0.04757337376
14.69	0.04641554355
14.7	0.04522057566
14.71	0.04398995964
14.72	0.04272520877
14.73	0.04142785837
14.74	0.04009946408
14.75	0.03874160016
14.76	0.03735585777
14.77	0.03594384324
14.78	0.03450717632
14.79	0.0330474885
14.8	0.03156642127
14.81	0.03006562437
14.82	0.02854675412
14.83	0.0270114717
14.84	0.02546144144
14.85	0.02389832913
14.86	0.02232380037
14.87	0.02073951889
14.88	0.01914714489
14.89	0.01754833345
14.9	0.01594473287
14.91	0.0143379831
14.92	0.01272971419
14.93	0.0111215447
14.94	0.009515080201
14.95	0.007911911764
14.96	0.006313614492
14.97	0.004721746073
14.98	0.003137845358
14.99	0.001563430982
15	2.671938129e-16
15.01	-0.001550973431
15.02	-0.003088039343
15.03	-0.004609773216
15.04	-0.006114777192
15.05	-0.007601681266
15.06	-0.009069144427
15.07	-0.01051585577
15.08	-0.01194053555
15.09	-0.01334193626
15.1	-0.01471884355
15.11	-0.01607007723
15.12	-0.01739449215
15.13	-0.01869097908
15.14	-0.01995846553
15.15	-0.02119591651
15.16	-0.02240233529
15.17	-0.02357676407
15.18	-0.02471828464
15.19	-0.02582601899
15.2	-0.02689912982
15.21	-0.02793682113
15.22	-0.02893833862
15.23	-0.02990297012
15.24	-0.030830046
15.25	-0.03171893948
15.26	-0.03256906689
15.27	-0.03337988797
15.28	-0.03415090599
15.29	-0.03488166796
15.3	-0.03557176471
15.31	-0.03622083093
15.32	-0.03682854523
15.33	-0.03739463006
15.34	-0.03791885169
15.35	-0.03840102006
15.36	-0.03884098862
15.37	-0.03923865415
15.38	-0.0395939565
15.39	-0.03990687833
15.4	-0.04017744476
15.41	-0.04040572302
15.42	-0.04059182204
15.43	-0.04073589201
15.44	-0.04083812393
15.45	-0.04089874904
15.46	-0.04091803832
15.47	-0.04089630186
15.48	-0.04083388827
15.49	-0.04073118402
15.5	-0.04058861273
15.51	-0.04040663447
15.52	-0.04018574503
15.53	-0.03992647509
15.54	-0.03962938944
15.55	-0.03929508615
15.56	-0.03892419572
15.57	-0.03851738013
15.58	-0.03807533201
15.59	-0.03759877364
15.6	-0.03708845602
15.61	-0.03654515789
15.62	-0.03596968474
15.63	-0.03536286776
15.64	-0.03472556283
15.65	-0.03405864948
15.66	-0.0333630298
15.67	-0.03263962734
15.68	-0.03188938609
15.69	-0.03111326929
15.7	-0.03031225836
15.71	-0.02948735177
15.72	-0.02863956391
15.73	-0.02776992393
15.74	-0.02687947461
15.75	-0.0259692712
15.76	-0.0250403803
15.77	-0.02409387865
15.78	-0.02313085202
15.79	-0.02215239402
15.8	-0.02115960496
15.81	-0.02015359071
15.82	-0.01913546154
15.83	-0.01810633096
15.84	-0.0170673146
15.85	-0.01601952908
15.86	-0.01496409089
15.87	-0.01390211526
15.88	-0.01283471505
15.89	-0.01176299969
15.9	-0.01068807407
15.91	-0.009611037493
15.92	-0.008532982603
15.93	-0.007454994356
15.94	-0.006378148999
15.95	-0.005303513058
15.96	-0.004232142357
15.97	-0.003165081045
15.98	-0.002103360645
15.99	-0.001047999128
16	-6.511426548e-17
16.01	0.001039648581
16.02	0.002069974675
16.03	0.003090023394
16.04	0.004098857729
16.05	0.005095559336
16.06	0.00607922931
16.07	0.007048988922
16.08	0.008003980342
16.09	0.008943367328
16.1	0.009866335885
16.11	0.01077209491
16.12	0.01165987678
16.13	0.01252893796
16.14	0.01337855953
16.15	0.01420804773
16.16	0.01501673442
16.17	0.01580397758
16.18	0.0165691617
16.19	0.01731169824
16.2	0.01803102594
16.21	0.01872661123
16.22	0.01939794847
16.23	0.02004456031
16.24	0.02066599785
16.25	0.02126184097
16.26	0.02183169842
16.27	0.02237520804
16.28	0.02289203688
16.29	0.02338188128
16.3	0.02384446696
16.31	0.02427954906
16.32	0.02468691213
16.33	0.02506637014
16.34	0.02541776641
16.35	0.02574097353
16.36	0.02603589328
16.37	0.02630245646
16.38	0.02654062275
16.39	0.02675038052
16.4	0.02693174662
16.41	0.02708476611
16.42	0.02720951202
16.43	0.02730608501
16.44	0.02737461311
16.45	0.02741525134
16.46	0.02742818133
16.47	0.02741361094
16.48	0.02737177386
16.49	0.02730292914
16.5	0.02720736075
16.51	0.02708537708
16.52	0.02693731046
16.53	0.02676351662
16.54	0.02656437415
16.55	0.02634028396
16.56	0.02609166867
16.57	0.02581897202
16.58	0.02552265831
16.59	0.02520321167
16.6	0.02486113554
16.61	0.02449695192
16.62	0.02411120073
16.63	0.02370443914
16.64	0.02327724088
16.65	0.02283019549
16.66	0.02236390767
16.67	0.0218789965
16.68	0.02137609475
16.69	0.0208558481
16.7	0.02031891442
16.71	0.019765963
16.72	0.0191976738
16.73	0.01861473669
16.74	0.01801785066
16.75	0.01740772307
16.76	0.01678506888
16.77	0.01615060985
16.78	0.01550507379
16.79	0.01484919378
16.8	0.01418370737
16.81	0.01350935585
16.82	0.01282688346
16.83	0.0121370366
16.84	0.01144056311
16.85	0.01073821147
16.86	0.0100307301
16.87	0.009318866539
16.88	0.008603366781
16.89	0.007884974491
16.9	0.007164430302
16.91	0.006442471095
16.92	0.005719829291
16.93	0.00499723216
16.94	0.00427540113
16.95	0.003555051117
16.96	0.00283688986
16.97	0.002121617272
16.98	0.001409924804
16.99	0.0007024948235
17	-3.276312428e-17
17.01	-0.000696897285
17.02	-0.001387545519
17.03	-0.002071304624
17.04	-0.002747546502
17.05	-0.003415655569
17.06	-0.004075029271
17.07	-0.004725078579
17.08	-0.005365228472
17.09	-0.005994918399
17.1	-0.006613602725
17.11	-0.007220751153
17.12	-0.007815849138
17.13	-0.008398398269
17.14	-0.008967916642
17.15	-0.009523939209
17.16	-0.01006601811
17.17	-0.01059372298
17.18	-0.01110664123
17.19	-0.01160437836
17.2	-0.01208655814
17.21	-0.0125528229
17.22	-0.01300283371
17.23	-0.01343627059
17.24	-0.01385283263
17.25	-0.01425223822
17.26	-0.01463422509
17.27	-0.01499855048
17.28	-0.01534499121
17.29	-0.01567334373
17.3	-0.01598342419
17.31	-0.01627506844
17.32	-0.01654813208
17.33	-0.01680249039
17.34	-0.01703803835
17.35	-0.01725469056
17.36	-0.01745238118
17.37	-0.01763106382
17.38	-0.01779071146
17.39	-0.0179313163
17.4	-0.01805288964
17.41	-0.01815546167
17.42	-0.01823908135
17.43	-0.01830381616
17.44	-0.01834975192
17.45	-0.01837699254
17.46	-0.01838565977
17.47	-0.01837589295
17.48	-0.01834784872
17.49	-0.01830170072
17.5	-0.01823763931
17.51	-0.01815587121
17.52	-0.01805661919
17.53	-0.01794012169
17.54	-0.0178066325
17.55	-0.01765642036
17.56	-0.01748976854
17.57	-0.01730697452
17.58	-0.01710834949
17.59	-0.01689421801
17.6	-0.01666491752
17.61	-0.01642079794
17.62	-0.01616222118
17.63	-0.01588956074
17.64	-0.01560320118
17.65	-0.01530353769
17.66	-0.01499097562
17.67	-0.01466592994
17.68	-0.01432882482
17.69	-0.01398009306
17.7	-0.01362017565
17.71	-0.01324952123
17.72	-0.01286858559
17.73	-0.01247783115
17.74	-0.01207772648
17.75	-0.01166874573
17.76	-0.01125136814
17.77	-0.01082607754
17.78	-0.01039336178
17.79	-0.009953712256
17.8	-0.009507623377
17.81	-0.009055592038
17.82	-0.008598117111
17.83	-0.008135698932
17.84	-0.007668838789
17.85	-0.007198038409
17.86	-0.00672379946
17.87	-0.006246623048
17.88	-0.005767009217
17.89	-0.005285456464
17.9	-0.00480246125
17.91	-0.004318517521
17.92	-0.003834116234
17.93	-0.003349744892
17.94	-0.002865887083
17.95	-0.002383022029
17.96	-0.001901624141
17.97	-0.001422162587
17.98	-0.0009451008598
17.99	-0.0004708963625
18	-3.291494114e-17
18.01	0.0004671442201
18.02	0.0009300995763
18.03	0.001388437011
18.04	0.001841735498
18.05	0.002289582398
18.06	0.002731573808
18.07	0.00316731489
18.08	0.003596420196
18.09	0.004018513977
18.1	0.004433230483
18.11	0.004840214245
18.12	0.005239120354
18.13	0.005629614714
18.14	0.006011374296
18.15	0.006384087369
18.16	0.006747453722
18.17	0.007101184873
18.18	0.007445004263
18.19	0.007778647436
18.2	0.008101862209
18.21	0.008414408825
18.22	0.008716060094
18.23	0.009006601518
18.24	0.009285831408
18.25	0.009553560978
18.26	0.009809614435
18.27	0.01005382905
18.28	0.01028605522
18.29	0.01050615649
18.3	0.01071400964
18.31	0.01090950463
18.32	0.01109254466
18.33	0.01126304613
18.34	0.01142093865
18.35	0.01156616497
18.36	0.01169868096
18.37	0.01181845551
18.38	0.01192547053
18.39	0.01201972077
18.4	0.01210121381
18.41	0.0121699699
18.42	0.01222602185
18.43	0.01226941489
18.44	0.01230020655
18.45	0.01231846649
18.46	0.0123242763
18.47	0.01231772941
18.48	0.0122989308
18.49	0.01226799687
18.5	0.01222505522
18.51	0.01217024443
18.52	0.0121037138
18.53	0.0120256232
18.54	0.01193614272
18.55	0.01183545251
18.56	0.01172374245
18.57	0.01160121195
18.58	0.01146806962
18.59	0.01132453299
18.6	0.01117082828
18.61	0.01100719003
18.62	0.01083386085
18.63	0.01065109108
18.64	0.01045913853
18.65	0.01025826809
18.66	0.01004875147
18.67	0.009830866835
18.68	0.009604898512
18.69	0.009371136623
18.7	0.009129876768
18.71	0.008881419679
18.72	0.008626070882
18.73	0.008364140352
18.74	0.008095942171
18.75	0.007821794174
18.76	0.007542017611
18.77	0.007256936793
18.78	0.006966878745
18.79	0.006672172858
18.8	0.00637315054
18.81	0.006070144872
18.82	0.005763490258
18.83	0.005453522083
18.84	0.00514057637
18.85	0.004824989438
18.86	0.004507097564
18.87	0.004187236649
18.88	0.003865741884
18.89	0.00354294742
18.9	0.003219186046
18.91	0.002894788863
18.92	0.00257008497
18.93	0.00224540115
18.94	0.001921061561
18.95	0.001597387436
18.96	0.001274696782
18.97	0.0009533040909
18.98	0.0006335200518
18.99	0.0003156512714
19	5.884851041e-17
19.01	-0.0003131361351
19.02	-0.0006234643908
19.03	-0.000930697161
19.04	-0.001234552223
19.05	-0.001534752979
19.06	-0.001831028681
19.07	-0.002123114663
19.08	-0.002410752551
19.09	-0.002693690474
19.1	-0.002971683261
19.11	-0.003244492636
19.12	-0.003511887397
19.13	-0.003773643594
19.14	-0.004029544695
19.15	-0.004279381739
19.16	-0.00452295349
19.17	-0.004760066571
19.18	-0.0049905356
19.19	-0.005214183307
19.2	-0.005430840649
19.21	-0.005640346911
19.22	-0.005842549803
19.23	-0.006037305544
19.24	-0.006224478937
19.25	-0.006403943434
19.26	-0.0065755812
19.27	-0.006739283152
19.28	-0.006894949006
19.29	-0.007042487304
19.3	-0.007181815434
19.31	-0.007312859644
19.32	-0.007435555044
19.33	-0.007549845601
19.34	-0.007655684123
19.35	-0.007753032238
19.36	-0.007841860358
19.37	-0.007922147643
19.38	-0.007993881952
19.39	-0.00805705978
19.4	-0.0081116862
19.41	-0.008157774785
19.42	-0.008195347528
19.43	-0.008224434754
19.44	-0.008245075023
19.45	-0.008257315022
19.46	-0.008261209459
19.47	-0.008256820944
19.48	-0.008244219858
19.49	-0.008223484227
19.5	-0.00819469958
19.51	-0.008157958804
19.52	-0.008113361995
19.53	-0.008061016296
19.54	-0.008001035737
19.55	-0.007933541069
19.56	-0.007858659581
19.57	-0.007776524931
19.58	-0.007687276954
19.59	-0.007591061478
19.6	-0.007488030128
19.61	-0.007378340128
19.62	-0.007262154102
19.63	-0.007139639866
19.64	-0.007010970221
19.65	-0.006876322738
19.66	-0.006735879546
19.67	-0.006589827109
19.68	-0.006438356013
19.69	-0.006281660733
19.7	-0.006119939415
19.71	-0.005953393648
19.72	-0.005782228231
19.73	-0.005606650946
19.74	-0.005426872328
19.75	-0.005243105431
19.76	-0.005055565592
19.77	-0.004864470205
19.78	-0.004670038481
19.79	-0.004472491217
19.8	-0.004272050563
19.81	-0.00406893979
19.82	-0.003863383055
19.83	-0.003655605174
19.84	-0.003445831389
19.85	-0.003234287142
19.86	-0.003021197846
19.87	-0.002806788663
19.88	-0.002591284277
19.89	-0.002374908678
19.9	-0.002157884939
19.91	-0.001940435004
19.92	-0.001722779476
19.93	-0.001505137402
19.94	-0.001287726074
19.95	-0.00107076082
19.96	-0.0008544548056
19.97	-0.0006390188421
19.98	-0.0004246611903
19.99	-0.0002115873747
20	-1.643292934e-17
20.01	0.0002099014285
20.02	0.0004179206791
20.03	0.0006238649638
20.04	0.0008275451033
20.05	0.001028775687
20.06	0.00122737523
20.07	0.001423166319
20.08	0.001615975761
20.09	0.001805634723
20.1	0.001991978861
20.11	0.002174848453
20.12	0.002354088521
20.13	0.002529548948
20.14	0.002701084585
20.15	0.002868555364
20.16	0.003031826391
20.17	0.003190768043
20.18	0.003345256053
20.19	0.003495171594
20.2	0.003640401354
20.21	0.003780837601
20.22	0.003916378253
20.23	0.00404692693
20.24	0.004172393008
20.25	0.004292691658
20.26	0.004407743892
20.27	0.004517476593
20.28	0.004621822535
20.29	0.004720720414
20.3	0.004814114852
20.31	0.004901956413
20.32	0.0049842016
20.33	0.005060812851
20.34	0.005131758534
20.35	0.005197012926
20.36	0.005256556196
20.37	0.005310374373
20.38	0.005358459318
20.39	0.005400808682
20.4	0.005437425867
20.41	0.005468319969
20.42	0.005493505732
20.43	0.005513003483
20.44	0.005526839069
20.45	0.005535043786
20.46	0.005537654305
20.47	0.005534712595
20.48	0.005526265835
20.49	0.005512366325
20.5	0.005493071399
20.51	0.005468443321
20.52	0.005438549186
20.53	0.005403460814
20.54	0.005363254644
20.55	0.005318011614
20.56	0.005267817052
20.57	0.00521276055
20.58	0.005152935842
20.59	0.005088440679
20.6	0.0050193767
20.61	0.004945849294
20.62	0.004867967472
20.63	0.004785843724
20.64	0.004699593881
20.65	0.004609336974
20.66	0.004515195087
20.67	0.004417293211
20.68	0.004315759099
20.69	0.004210723112
20.7	0.004102318071
20.71	0.003990679104
20.72	0.003875943494
20.73	0.00375825052
20.74	0.003637741309
20.75	0.003514558674
20.76	0.003388846961
20.77	0.003260751892
20.78	0.00313042041
20.79	0.002998000519
20.8	0.00286364113
20.81	0.002727491907
20.82	0.002589703107
20.83	0.002450425428
20.84	0.002309809855
20.85	0.002168007506
20.86	0.00202516948
20.87	0.001881446706
20.88	0.001736989796
20.89	0.001591948894
20.9	0.001446473531
20.91	0.001300712481
20.92	0.001154813617
20.93	0.001008923773
20.94	0.0008631886013
20.95	0.0007177524418
20.96	0.0005727581846
20.97	0.0004283471397
20.98	0.0002846589086
20.99	0.0001418312588
21	-4.411696321e-18
21.01	-0.0001407011352
21.02	-0.0002801406089
21.03	-0.0004181891913
21.04	-0.0005547200717
21.05	-0.0006896089661
21.06	-0.0008227342205
21.07	-0.0009539769123
21.08	-0.001083220947
21.09	-0.00121035315
21.1	-0.001335263361
21.11	-0.001457844515
21.12	-0.001577992726
21.13	-0.001695607367
21.14	-0.001810591144
21.15	-0.001922850164
21.16	-0.002032294006
21.17	-0.002138835782
21.18	-0.002242392192
21.19	-0.002342883584
21.2	-0.002440234003
21.21	-0.002534371235
21.22	-0.002625226851
21.23	-0.002712736246
21.24	-0.002796838673
21.25	-0.00287747727
21.26	-0.002954599089
21.27	-0.003028155117
21.28	-0.003098100294
21.29	-0.003164393525
21.3	-0.003226997689
21.31	-0.003285879649
21.32	-0.003341010246
21.33	-0.003392364303
21.34	-0.003439920617
21.35	-0.003483661944
21.36	-0.003523574991
21.37	-0.003559650394
21.38	-0.003591882697
21.39	-0.003620270325
21.4	-0.003644815557
21.41	-0.003665524493
21.42	-0.003682407015
21.43	-0.003695476749
21.44	-0.003704751019
21.45	-0.003710250805
21.46	-0.003712000689
21.47	-0.003710028802
21.48	-0.003704366769
21.49	-0.003695049649
21.5	-0.003682115873
21.51	-0.003665607179
21.52	-0.003645568541
21.53	-0.003622048102
21.54	-0.0035950971
21.55	-0.00356476979
21.56	-0.003531123369
21.57	-0.003494217892
21.58	-0.003454116191
21.59	-0.00341088379
21.6	-0.003364588821
21.61	-0.003315301926
21.62	-0.00326309618
21.63	-0.003208046985
21.64	-0.003150231987
21.65	-0.003089730973
21.66	-0.003026625779
21.67	-0.002961000189
21.68	-0.002892939838
21.69	-0.00282253211
21.7	-0.002749866038
21.71	-0.002675032201
21.72	-0.002598122621
21.73	-0.002519230662
21.74	-0.002438450922
21.75	-0.002355879132
21.76	-0.002271612051
21.77	-0.002185747358
21.78	-0.002098383553
21.79	-0.002009619846
21.8	-0.001919556054
21.81	-0.001828292501
21.82	-0.001735929906
21.83	-0.001642569286
21.84	-0.001548311848
21.85	-0.001453258891
21.86	-0.001357511699
21.87	-0.001261171443
21.88	-0.00116433908
21.89	-0.001067115256
21.9	-0.0009696002042
21.91	-0.0008718936503
21.92	-0.0007740947172
21.93	-0.0006763018298
21.94	-0.0005786126229
21.95	-0.0004811238499
21.96	-0.0003839312927
21.97	-0.0002871296744
21.98	-0.0001908125727
21.99	-9.507233592e-05
22	-2.954262854e-17
22.01	9.431479145e-05
22.02	0.0001877838658
22.03	0.0002803205979
22.04	0.000371839984
22.05	0.0004622587139
22.06	0.0005514952406
22.07	0.0006394698477
22.08	0.0007261047148
22.09	0.0008113239795
22.1	0.0008950537979
22.11	0.0009772224025
22.12	0.001057760157
22.13	0.001136599608
22.14	0.001213675539
22.15	0.00128892501
22.16	0.001362287412
22.17	0.0014337045
22.18	0.001503120437
22.19	0.001570481832
22.2	0.001635737769
22.21	0.001698839843
22.22	0.001759742184
22.23	0.001818401486
22.24	0.001874777028
22.25	0.001928830696
22.26	0.001980526997
22.27	0.002029833078
22.28	0.002076718732
22.29	0.002121156413
22.3	0.00216312124
22.31	0.002202590997
22.32	0.002239546142
22.33	0.002273969796
22.34	0.002305847746
22.35	0.002335168435
22.36	0.00236192295
22.37	0.002386105016
22.38	0.002407710975
22.39	0.002426739771
22.4	0.002443192932
22.41	0.002457074547
22.42	0.00246839124
22.43	0.002477152144
22.44	0.002483368874
22.45	0.002487055491
22.46	0.002488228473
22.47	0.002486906677
22.48	0.002483111303
22.49	0.002476865851
22.5	0.002468196082
22.51	0.002457129973
22.52	0.002443697672
22.53	0.00242793145
22.54	0.002409865653
22.55	0.00238953665
22.56	0.002366982779
22.57	0.002342244298
22.58	0.002315363324
22.59	0.002286383779
22.6	0.002255351333
22.61	0.00222231334
22.62	0.002187318781
22.63	0.002150418203
22.64	0.00211166365
22.65	0.002071108608
22.66	0.002028807931
22.67	0.001984817783
22.68	0.001939195565
22.69	0.001891999854
22.7	0.001843290329
22.71	0.001793127708
22.72	0.001741573675
22.73	0.001688690813
22.74	0.001634542534
22.75	0.001579193008
22.76	0.001522707094
22.77	0.00146515027
22.78	0.00140658856
22.79	0.001347088467
22.8	0.001286716903
22.81	0.001225541113
22.82	0.001163628615
22.83	0.001101047119
22.84	0.00103786447
22.85	0.0009741485668
22.86	0.0009099673044
22.87	0.0008453884994
22.88	0.0007804798258
22.89	0.0007153087476
22.9	0.0006499424535
22.91	0.0005844477918
22.92	0.0005188912065
22.93	0.0004533386737
22.94	0.00038785564
22.95	0.0003225069612
22.96	0.0002573568418
22.97	0.0001924687765
22.98	0.0001279054925
22.99	6.372889259e-05
23	1.287120998e-17
23.01	-6.322109534e-05
23.02	-0.0001258752896
23.03	-0.0001879045161
23.04	-0.0002492517952
23.05	-0.0003098612824
23.06	-0.000369678315
23.07	-0.0004286494578
23.08	-0.0004867225459
23.09	-0.0005438467273
23.1	-0.000599972503
23.11	-0.0006550517658
23.12	-0.000709037837
23.13	-0.0007618855018
23.14	-0.000813551043
23.15	-0.0008639922723
23.16	-0.0009131685606
23.17	-0.0009610408661
23.18	-0.001007571761
23.19	-0.001052725454
23.2	-0.001096467817
23.21	-0.001138766402
23.22	-0.001179590462
23.23	-0.001218910967
23.24	-0.001256700624
23.25	-0.001292933881
23.26	-0.001327586948
23.27	-0.001360637802
23.28	-0.001392066196
23.29	-0.001421853665
23.3	-0.001449983529
23.31	-0.001476440899
23.32	-0.001501212673
23.33	-0.001524287538
23.34	-0.001545655967
23.35	-0.001565310213
23.36	-0.001583244301
23.37	-0.001599454024
23.38	-0.001613936931
23.39	-0.001626692315
23.4	-0.001637721199
23.41	-0.001647026324
23.42	-0.00165461213
23.43	-0.001660484739
23.44	-0.001664651938
23.45	-0.001667123151
23.46	-0.001667909424
23.47	-0.001667023398
23.48	-0.001664479283
23.49	-0.001660292831
23.5	-0.001654481311
23.51	-0.001647063476
23.52	-0.001638059536
23.53	-0.001627491122
23.54	-0.001615381256
23.55	-0.001601754317
23.56	-0.001586636006
23.57	-0.001570053306
23.58	-0.00155203445
23.59	-0.00153260888
23.6	-0.001511807209
23.61	-0.00148966118
23.62	-0.001466203626
23.63	-0.001441468429
23.64	-0.001415490475
23.65	-0.001388305617
23.66	-0.001359950626
23.67	-0.001330463148
23.68	-0.001299881661
23.69	-0.001268245429
23.7	-0.001235594458
23.71	-0.001201969448
23.72	-0.001167411746
23.73	-0.001131963304
23.74	-0.001095666627
23.75	-0.00105856473
23.76	-0.00102070109
23.77	-0.0009821195963
23.78	-0.0009428645082
23.79	-0.0009029804035
23.8	-0.0008625121334
23.81	-0.0008215047755
23.82	-0.0007800035865
23.83	-0.0007380539557
23.84	-0.000695701359
23.85	-0.0006529913122
23.86	-0.0006099693254
23.87	-0.0005666808579
23.88	-0.0005231712728
23.89	-0.0004794857926
23.9	-0.0004356694554
23.91	-0.0003917670707
23.92	-0.0003478231774
23.93	-0.0003038820006
23.94	-0.0002599874105
23.95	-0.0002161828811
23.96	-0.00017251145
23.97	-0.0001290156792
23.98	-8.573761565e-05
23.99	-4.271875421e-05
24	-3.981301457e-18
24.01	4.237836754e-05
24.02	8.437672992e-05
24.03	0.0001259561639
24.04	0.0001670784748
24.05	0.0002077062291
24.06	0.0002478027852
24.07	0.0002873323243
24.08	0.0003262598794
24.09	0.0003645513633
24.1	0.0004021735959
24.11	0.0004390943298
24.12	0.0004752822755
24.13	0.0005107071247
24.14	0.0005453395726
24.15	0.0005791513397
24.16	0.0006121151916
24.17	0.0006442049576
24.18	0.000675395549
24.19	0.0007056629747
24.2	0.0007349843574
24.21	0.0007633379467
24.22	0.0007907031325
24.23	0.0008170604558
24.24	0.0008423916199
24.25	0.0008666794985
24.26	0.0008899081441
24.27	0.0009120627942
24.28	0.0009331298766
24.29	0.0009530970139
24.3	0.0009719530259
24.31	0.0009896879312
24.32	0.001006292948
24.33	0.001021760493
24.34	0.001036084179
24.35	0.001049258814
24.36	0.001061280393
24.37	0.001072146095
24.38	0.001081854278
24.39	0.001090404467
24.4	0.001097797349
24.41	0.001104034761
24.42	0.001109119679
24.43	0.001113056207
24.44	0.001115849564
24.45	0.001117506067
24.46	0.001118033122
24.47	0.001117439201
24.48	0.00111573383
24.49	0.001112927567
24.5	0.001109031989
24.51	0.001104059665
24.52	0.001098024144
24.53	0.001090939924
24.54	0.001082822438
24.55	0.001073688028
24.56	0.00106355392
24.57	0.001052438204
24.58	0.001040359804
24.59	0.001027338455
24.6	0.001013394678
24.61	0.000998549751
24.62	0.0009828256823
24.63	0.0009662451835
24.64	0.0009488316406
24.65	0.0009306090854
24.66	0.0009116021662
24.67	0.0008918361183
24.68	0.0008713367346
24.69	0.0008501303345
24.7	0.0008282437342
24.71	0.0008057042156
24.72	0.0007825394953
24.73	0.0007587776938
24.74	0.0007344473037
24.75	0.0007095771585
24.76	0.0006841964014
24.77	0.000658334453
24.78	0.0006320209806
24.79	0.0006052858656
24.8	0.000578159173
24.81	0.0005506711189
24.82	0.00052285204
24.83	0.0004947323616
24.84	0.000466342567
24.85	0.0004377131664
24.86	0.0004088746663
24.87	0.0003798575387
24.88	0.0003506921916
24.89	0.0003214089386
24.9	0.0002920379694
24.91	0.0002626093209
24.92	0.0002331528483
24.93	0.0002036981966
24.94	0.000174274773
24.95	0.0001449117188
24.96	0.0001156378831
24.97	8.648179599e-05
24.98	5.747164247e-05
24.99	2.863523729e-05
25	-4.459150964e-19
25.01	-2.840706928e-05
25.02	-5.655941348e-05
25.03	-8.443094158e-05
25.04	-0.0001119960509
25.05	-0.000139229649
25.06	-0.0001661071744
25.07	-0.0001926046168
25.08	-0.0002186985373
25.09	-0.0002443660866
25.1	-0.0002695850233
25.11	-0.0002943337314
25.12	-0.0003185912368
25.13	-0.0003423372233
25.14	-0.0003655520474
25.15	-0.0003882167527
25.16	-0.0004103130834
25.17	-0.0004318234969
25.18	-0.0004527311755
25.19	-0.0004730200377
25.2	-0.0004926747483
25.21	-0.0005116807276
25.22	-0.0005300241601
25.23	-0.0005476920024
25.24	-0.0005646719894
25.25	-0.0005809526414
25.26	-0.0005965232681
25.27	-0.0006113739742
25.28	-0.0006254956619
25.29	-0.0006388800343
25.3	-0.0006515195971
25.31	-0.0006634076596
25.32	-0.0006745383352
25.33	-0.0006849065406
25.34	-0.0006945079947
25.35	-0.0007033392164
25.36	-0.0007113975216
25.37	-0.0007186810199
25.38	-0.0007251886095
25.39	-0.0007309199727
25.4	-0.0007358755698
25.41	-0.0007400566318
25.42	-0.0007434651542
25.43	-0.0007461038879
25.44	-0.0007479763308
25.45	-0.0007490867184
25.46	-0.0007494400139
25.47	-0.0007490418967
25.48	-0.000747898752
25.49	-0.000746017658
25.5	-0.0007434063737
25.51	-0.0007400733257
25.52	-0.0007360275944
25.53	-0.0007312788998
25.54	-0.0007258375863
25.55	-0.0007197146081
25.56	-0.0007129215128
25.57	-0.0007054704254
25.58	-0.0006973740317
25.59	-0.0006886455606
25.6	-0.0006792987673
25.61	-0.0006693479151
25.62	-0.0006588077566
25.63	-0.0006476935159
25.64	-0.000636020869
25.65	-0.000623805925
25.66	-0.000611065206
25.67	-0.0005978156279
25.68	-0.00058407448
25.69	-0.0005698594049
25.7	-0.000555188378
25.71	-0.0005400796869
25.72	-0.0005245519105
25.73	-0.0005086238986
25.74	-0.0004923147504
25.75	-0.0004756437936
25.76	-0.0004586305633
25.77	-0.0004412947809
25.78	-0.0004236563328
25.79	-0.0004057352493
25.8	-0.0003875516834
25.81	-0.0003691258898
25.82	-0.0003504782035
25.83	-0.0003316290194
25.84	-0.000312598771
25.85	-0.0002934079099
25.86	-0.0002740768851
25.87	-0.0002546261228
25.88	-0.000235076006
25.89	-0.0002154468545
25.9	-0.0001957589051
25.91	-0.0001760322921
25.92	-0.000156287028
25.93	-0.0001365429845
25.94	-0.0001168198738
25.95	-9.713723001e-05
25.96	-7.751439114e-05
25.97	-5.797048147e-05
25.98	-3.852439403e-05
25.99	-1.919477358e-05
26	2.386725715e-18
26.01	1.904182799e-05
26.02	3.791290865e-05
26.03	5.659575265e-05
26.04	7.507319802e-05
26.05	9.332842474e-05
26.06	0.0001113449688
26.07	0.0001291067356
26.08	0.0001465980136
26.09	0.0001638034864
26.1	0.0001807082452
26.11	0.0001972978004
26.12	0.0002135580925
26.13	0.0002294755033
26.14	0.0002450368652
26.15	0.0002602294716
26.16	0.000275041085
26.17	0.0002894599463
26.18	0.0003034747824
26.19	0.0003170748134
26.2	0.00033024976
26.21	0.0003429898489
26.22	0.0003552858194
26.23	0.0003671289282
26.24	0.000378510954
26.25	0.0003894242013
26.26	0.0003998615046
26.27	0.0004098162305
26.28	0.0004192822808
26.29	0.000428254094
26.3	0.0004367266463
26.31	0.0004446954529
26.32	0.0004521565679
26.33	0.0004591065838
26.34	0.000465542631
26.35	0.0004714623759
26.36	0.0004768640195
26.37	0.0004817462943
26.38	0.0004861084621
26.39	0.0004899503098
26.4	0.0004932721458
26.41	0.0004960747955
26.42	0.0004983595964
26.43	0.0005001283925
26.44	0.0005013835285
26.45	0.0005021278436
26.46	0.0005023646646
26.47	0.0005020977987
26.48	0.0005013315258
26.49	0.0005000705908
26.5	0.0004983201946
26.51	0.0004960859858
26.52	0.000493374051
26.53	0.0004901909058
26.54	0.0004865434843
26.55	0.0004824391292
26.56	0.0004778855813
26.57	0.0004728909681
26.58	0.000467463793
26.59	0.0004616129239
26.6	0.000455347581
26.61	0.0004486773252
26.62	0.0004416120457
26.63	0.0004341619474
26.64	0.0004263375382
26.65	0.0004181496163
26.66	0.000409609257
26.67	0.0004007277992
26.68	0.0003915168323
26.69	0.0003819881826
26.7	0.0003721538991
26.71	0.0003620262406
26.72	0.0003516176608
26.73	0.0003409407951
26.74	0.0003300084462
26.75	0.0003188335696
26.76	0.0003074292603
26.77	0.0002958087378
26.78	0.0002839853325
26.79	0.000271972471
26.8	0.0002597836623
26.81	0.0002474324834
26.82	0.0002349325655
26.83	0.0002222975795
26.84	0.0002095412226
26.85	0.0001966772036
26.86	0.0001837192302
26.87	0.0001706809944
26.88	0.0001575761592
26.89	0.0001444183454
26.9	0.0001312211183
26.91	0.0001179979741
26.92	0.0001047623278
26.93	9.152749969e-05
26.94	7.830670321e-05
26.95	6.511303249e-05
26.96	5.195945024e-05
26.97	3.885877581e-05
26.98	2.582367358e-05
26.99	1.286664151e-05
27	2.79850997e-18
27.01	-1.276411901e-05
27.02	-2.541378267e-05
27.03	-3.793726752e-05
27.04	-5.032306956e-05
27.05	-6.255991397e-05
27.06	-7.463676458e-05
27.07	-8.654283297e-05
27.08	-9.826758724e-05
27.09	-0.0001098007606
27.1	-0.0001211323593
27.11	-0.0001322526706
27.12	-0.0001431522704
27.13	-0.0001538220299
27.14	-0.0001642531228
27.15	-0.0001744370314
27.16	-0.0001843655527
27.17	-0.0001940308045
27.18	-0.0002034252301
27.19	-0.0002125416035
27.2	-0.0002213730343
27.21	-0.0002299129713
27.22	-0.0002381552068
27.23	-0.0002460938801
27.24	-0.0002537234801
27.25	-0.0002610388485
27.26	-0.0002680351821
27.27	-0.0002747080345
27.28	-0.0002810533178
27.29	-0.000287067304
27.3	-0.0002927466256
27.31	-0.0002980882765
27.32	-0.0003030896114
27.33	-0.0003077483464
27.34	-0.0003120625578
27.35	-0.0003160306815
27.36	-0.0003196515115
27.37	-0.0003229241982
27.38	-0.0003258482467
27.39	-0.0003284235142
27.4	-0.0003306502075
27.41	-0.0003325288798
27.42	-0.0003340604276
27.43	-0.0003352460871
27.44	-0.0003360874299
27.45	-0.0003365863592
27.46	-0.0003367451051
27.47	-0.0003365662195
27.48	-0.0003360525715
27.49	-0.0003352073415
27.5	-0.0003340340158
27.51	-0.0003325363808
27.52	-0.0003307185166
27.53	-0.0003285847905
27.54	-0.0003261398508
27.55	-0.0003233886193
27.56	-0.0003203362848
27.57	-0.0003169882955
27.58	-0.0003133503512
27.59	-0.0003094283964
27.6	-0.0003052286115
27.61	-0.0003007574053
27.62	-0.0002960214068
27.63	-0.0002910274566
27.64	-0.0002857825982
27.65	-0.0002802940701
27.66	-0.000274569296
27.67	-0.0002686158768
27.68	-0.0002624415811
27.69	-0.0002560543361
27.7	-0.0002494622188
27.71	-0.0002426734462
27.72	-0.0002356963666
27.73	-0.0002285394495
27.74	-0.0002212112768
27.75	-0.0002137205331
27.76	-0.0002060759959
27.77	-0.0001982865268
27.78	-0.0001903610612
27.79	-0.0001823085993
27.8	-0.0001741381965
27.81	-0.0001658589537
27.82	-0.0001574800081
27.83	-0.0001490105238
27.84	-0.0001404596819
27.85	-0.0001318366722
27.86	-0.0001231506829
27.87	-0.000114410892
27.88	-0.0001056264583
27.89	-9.680651196e-05
27.9	-8.796014603e-05
27.91	-7.909640745e-05
27.92	-7.02242884e-05
27.93	-6.13527178e-05
27.94	-5.24905529e-05
27.95	-4.364657094e-05
27.96	-3.482946107e-05
27.97	-2.604781639e-05
27.98	-1.731012606e-05
27.99	-8.624767729e-06
28	-9.377793848e-19
28.01	8.556044845e-06
28.02	1.703536797e-05
28.03	2.543011091e-05
28.04	3.37325623e-05
28.05	4.193516441e-05
28.06	5.003051947e-05
28.07	5.801139578e-05
28.08	6.58707336e-05
28.09	7.360165088e-05
28.1	8.119744863e-05
28.11	8.865161626e-05
28.12	9.59578365e-05
28.13	0.0001031099902
28.14	0.0001101021608
28.15	0.0001169286389
28.16	0.0001235839258
28.17	0.0001300627378
28.18	0.0001363600096
28.19	0.0001424708975
28.2	0.0001483907825
28.21	0.0001541152735
28.22	0.0001596402092
28.23	0.000164961661
28.24	0.0001700759348
28.25	0.000174979573
28.26	0.0001796693556
28.27	0.0001841423023
28.28	0.0001883956729
28.29	0.0001924269684
28.3	0.0001962339316
28.31	0.0001998145472
28.32	0.0002031670423
28.33	0.0002062898857
28.34	0.0002091817881
28.35	0.000211841701
28.36	0.0002142688159
28.37	0.0002164625634
28.38	0.0002184226117
28.39	0.0002201488652
28.4	0.0002216414623
28.41	0.000222900774
28.42	0.0002239274012
28.43	0.0002247221725
28.44	0.0002252861415
28.45	0.0002256205838
28.46	0.0002257269943
28.47	0.0002256070838
28.48	0.0002252627752
28.49	0.0002246962006
28.5	0.0002239096969
28.51	0.0002229058021
28.52	0.0002216872513
28.53	0.0002202569719
28.54	0.0002186180798
28.55	0.0002167738742
28.56	0.0002147278332
28.57	0.0002124836088
28.58	0.0002100450219
28.59	0.0002074160569
28.6	0.0002046008569
28.61	0.0002016037178
28.62	0.000198429083
28.63	0.0001950815381
28.64	0.0001915658044
28.65	0.000187886734
28.66	0.0001840493031
28.67	0.0001800586069
28.68	0.0001759198527
28.69	0.0001716383544
28.7	0.000167219526
28.71	0.0001626688757
28.72	0.0001579919993
28.73	0.0001531945743
28.74	0.0001482823533
28.75	0.0001432611576
28.76	0.0001381368711
28.77	0.0001329154337
28.78	0.0001276028353
28.79	0.0001222051087
28.8	0.0001167283239
28.81	0.0001111785815
28.82	0.0001055620063
28.83	9.988474114e-05
28.84	9.415294047e-05
28.85	8.837276418e-05
28.86	8.255037142e-05
28.87	7.66919144e-05
28.88	7.080353238e-05
28.89	6.489134555e-05
28.9	5.896144914e-05
28.91	5.301990748e-05
28.92	4.707274823e-05
28.93	4.112595662e-05
28.94	3.518546984e-05
28.95	2.925717144e-05
28.96	2.334688595e-05
28.97	1.746037348e-05
28.98	1.16033245e-05
28.99	5.781354701e-06
29	-2.269452329e-22
29.01	-5.735288374e-06
29.02	-1.141914864e-05
29.03	-1.704631312e-05
29.04	-2.261161271e-05
29.05	-2.810998134e-05
29.06	-3.353646012e-05
29.07	-3.888620149e-05
29.08	-4.415447318e-05
29.09	-4.9336662e-05
29.1	-5.442827751e-05
29.11	-5.942495549e-05
29.12	-6.432246138e-05
29.13	-6.911669337e-05
29.14	-7.380368552e-05
29.15	-7.83796106e-05
29.16	-8.284078283e-05
29.17	-8.71836604e-05
29.18	-9.140484791e-05
29.19	-9.550109855e-05
29.2	-9.946931618e-05
29.21	-0.0001033065572
29.22	-0.0001070100324
29.23	-0.0001105771082
29.24	-0.0001140053085
29.25	-0.0001172923154
29.26	-0.0001204359707
29.27	-0.0001234342766
29.28	-0.0001262853961
29.29	-0.0001289876543
29.3	-0.0001315395381
29.31	-0.0001339396965
29.32	-0.0001361869411
29.33	-0.0001382802457
29.34	-0.0001402187458
29.35	-0.0001420017388
29.36	-0.0001436286825
29.37	-0.0001450991955
29.38	-0.0001464130551
29.39	-0.0001475701974
29.4	-0.0001485707152
29.41	-0.0001494148571
29.42	-0.0001501030259
29.43	-0.000150635777
29.44	-0.0001510138167
29.45	-0.0001512380001
29.46	-0.0001513093292
29.47	-0.0001512289508
29.48	-0.0001509981538
29.49	-0.0001506183675
29.5	-0.0001500911583
29.51	-0.0001494182275
29.52	-0.0001486014085
29.53	-0.0001476426635
29.54	-0.0001465440813
29.55	-0.0001453078733
29.56	-0.000143936371
29.57	-0.0001424320224
29.58	-0.0001407973887
29.59	-0.0001390351408
29.6	-0.0001371480558
29.61	-0.0001351390134
29.62	-0.0001330109921
29.63	-0.0001307670656
29.64	-0.0001284103988
29.65	-0.0001259442442
29.66	-0.0001233719374
29.67	-0.0001206968937
29.68	-0.0001179226038
29.69	-0.0001150526296
29.7	-0.0001120906004
29.71	-0.0001090402082
29.72	-0.0001059052042
29.73	-0.0001026893941
29.74	-9.939663386e-05
29.75	-9.603082573e-05
29.76	-9.259591377e-05
29.77	-8.909587967e-05
29.78	-8.553473842e-05
29.79	-8.191653406e-05
29.8	-7.824533543e-05
29.81	-7.452523185e-05
29.82	-7.076032892e-05
29.83	-6.695474428e-05
29.84	-6.311260339e-05
29.85	-5.923803535e-05
29.86	-5.533516877e-05
29.87	-5.140812759e-05
29.88	-4.746102708e-05
29.89	-4.349796974e-05
29.9	-3.95230413e-05
29.91	-3.554030682e-05
29.92	-3.155380676e-05
29.93	-2.756755314e-05
29.94	-2.358552576e-05
29.95	-1.961166851e-05
29.96	-1.564988567e-05
29.97	-1.170403836e-05
29.98	-7.777941012e-06
29.99	-3.875357949e-06
30	-1.32461449e-18
