temps	angle
0	0
0.01	0.5631958963
0.02	1.121695923
0.03	1.675330955
0.04	2.223935018
0.05	2.767345316
0.06	3.305402274
0.07	3.837949568
0.08	4.364834156
0.09	4.88590631
0.1	5.401019644
0.11	5.910031145
0.12	6.412801191
0.13	6.909193586
0.14	7.399075574
0.15	7.882317866
0.16	8.358794658
0.17	8.828383651
0.18	9.290966067
0.19	9.746426667
0.2	10.19465376
0.21	10.63553923
0.22	11.06897852
0.23	11.49487068
0.24	11.91311835
0.25	12.32362775
0.26	12.72630874
0.27	13.12107478
0.28	13.50784294
0.29	13.88653393
0.3	14.25707205
0.31	14.61938524
0.32	14.97340505
0.33	15.31906664
0.34	15.65630878
0.35	15.98507384
0.36	16.30530778
0.37	16.61696015
0.38	16.91998408
0.39	17.21433627
0.4	17.49997694
0.41	17.77686988
0.42	18.0449824
0.43	18.3042853
0.44	18.55475289
0.45	18.79636295
0.46	19.0290967
0.47	19.25293879
0.48	19.46787731
0.49	19.6739037
0.5	19.87101279
0.51	20.05920274
0.52	20.23847502
0.53	20.40883439
0.54	20.57028887
0.55	20.72284971
0.56	20.86653134
0.57	21.0013514
0.58	21.12733062
0.59	21.24449287
0.6	21.35286507
0.61	21.45247718
0.62	21.54336217
0.63	21.62555596
0.64	21.69909741
0.65	21.76402827
0.66	21.82039313
0.67	21.86823941
0.68	21.90761728
0.69	21.93857966
0.7	21.96118216
0.71	21.97548303
0.72	21.98154313
0.73	21.97942588
0.74	21.96919722
0.75	21.95092557
0.76	21.92468177
0.77	21.89053905
0.78	21.84857298
0.79	21.7988614
0.8	21.74148443
0.81	21.67652436
0.82	21.60406564
0.83	21.52419481
0.84	21.43700047
0.85	21.34257321
0.86	21.2410056
0.87	21.13239209
0.88	21.01682898
0.89	20.8944144
0.9	20.7652482
0.91	20.62943194
0.92	20.48706885
0.93	20.33826373
0.94	20.18312295
0.95	20.02175436
0.96	19.85426727
0.97	19.68077236
0.98	19.50138166
0.99	19.3162085
1	19.12536743
1.01	18.92897419
1.02	18.72714565
1.03	18.51999974
1.04	18.30765546
1.05	18.09023275
1.06	17.86785247
1.07	17.64063637
1.08	17.40870701
1.09	17.17218772
1.1	16.93120254
1.11	16.68587617
1.12	16.43633392
1.13	16.18270168
1.14	15.92510582
1.15	15.6636732
1.16	15.39853107
1.17	15.12980703
1.18	14.85762901
1.19	14.58212518
1.2	14.30342393
1.21	14.02165381
1.22	13.73694346
1.23	13.4494216
1.24	13.15921698
1.25	12.86645827
1.26	12.57127411
1.27	12.27379299
1.28	11.9741432
1.29	11.67245286
1.3	11.36884979
1.31	11.0634615
1.32	10.75641517
1.33	10.44783753
1.34	10.13785493
1.35	9.826593184
1.36	9.514177595
1.37	9.200732892
1.38	8.886383193
1.39	8.571251958
1.4	8.255461956
1.41	7.939135217
1.42	7.622393001
1.43	7.305355753
1.44	6.98814307
1.45	6.670873658
1.46	6.353665299
1.47	6.036634815
1.48	5.719898031
1.49	5.403569739
1.5	5.087763668
1.51	4.772592445
1.52	4.458167566
1.53	4.144599363
1.54	3.831996971
1.55	3.520468299
1.56	3.210119999
1.57	2.901057437
1.58	2.593384662
1.59	2.287204383
1.6	1.982617936
1.61	1.679725262
1.62	1.378624879
1.63	1.079413855
1.64	0.782187789
1.65	0.4870407824
1.66	0.1940654182
1.67	-0.09664726124
1.68	-0.3850077759
1.69	-0.6709282285
1.7	-0.9543223246
1.71	-1.235105392
1.72	-1.513194397
1.73	-1.788507967
1.74	-2.060966401
1.75	-2.33049169
1.76	-2.597007533
1.77	-2.860439348
1.78	-3.120714288
1.79	-3.377761254
1.8	-3.631510908
1.81	-3.881895683
1.82	-4.128849795
1.83	-4.372309254
1.84	-4.612211869
1.85	-4.848497264
1.86	-5.081106879
1.87	-5.309983981
1.88	-5.53507367
1.89	-5.756322883
1.9	-5.973680399
1.91	-6.187096848
1.92	-6.396524707
1.93	-6.601918309
1.94	-6.803233841
1.95	-7.000429349
1.96	-7.193464737
1.97	-7.382301766
1.98	-7.566904053
1.99	-7.747237074
2	-7.923268156
2.01	-8.09496648
2.02	-8.262303073
2.03	-8.425250806
2.04	-8.58378439
2.05	-8.73788037
2.06	-8.887517117
2.07	-9.032674827
2.08	-9.173335506
2.09	-9.30948297
2.1	-9.441102831
2.11	-9.568182491
2.12	-9.690711131
2.13	-9.8086797
2.14	-9.922080909
2.15	-10.03090921
2.16	-10.1351608
2.17	-10.23483359
2.18	-10.3299272
2.19	-10.42044296
2.2	-10.50638386
2.21	-10.58775458
2.22	-10.66456144
2.23	-10.73681241
2.24	-10.80451706
2.25	-10.86768658
2.26	-10.92633375
2.27	-10.98047291
2.28	-11.03011997
2.29	-11.07529235
2.3	-11.11600901
2.31	-11.15229038
2.32	-11.18415841
2.33	-11.21163645
2.34	-11.23474934
2.35	-11.25352331
2.36	-11.26798599
2.37	-11.27816638
2.38	-11.28409483
2.39	-11.28580304
2.4	-11.28332401
2.41	-11.27669201
2.42	-11.26594258
2.43	-11.25111251
2.44	-11.2322398
2.45	-11.20936365
2.46	-11.1825244
2.47	-11.15176357
2.48	-11.11712377
2.49	-11.07864873
2.5	-11.03638324
2.51	-10.99037312
2.52	-10.94066522
2.53	-10.88730741
2.54	-10.83034849
2.55	-10.76983821
2.56	-10.70582726
2.57	-10.6383672
2.58	-10.56751046
2.59	-10.49331031
2.6	-10.41582083
2.61	-10.33509689
2.62	-10.25119411
2.63	-10.16416885
2.64	-10.07407817
2.65	-9.980979811
2.66	-9.884932174
2.67	-9.785994277
2.68	-9.684225737
2.69	-9.579686744
2.7	-9.472438034
2.71	-9.362540859
2.72	-9.250056965
2.73	-9.13504856
2.74	-9.017578292
2.75	-8.897709219
2.76	-8.775504784
2.77	-8.651028788
2.78	-8.524345364
2.79	-8.39551895
2.8	-8.264614264
2.81	-8.131696275
2.82	-7.996830181
2.83	-7.860081379
2.84	-7.721515443
2.85	-7.581198094
2.86	-7.439195181
2.87	-7.295572647
2.88	-7.150396512
2.89	-7.003732842
2.9	-6.85564773
2.91	-6.706207264
2.92	-6.55547751
2.93	-6.403524482
2.94	-6.250414122
2.95	-6.096212274
2.96	-5.94098466
2.97	-5.78479686
2.98	-5.627714284
2.99	-5.469802153
3	-5.311125475
3.01	-5.151749023
3.02	-4.991737312
3.03	-4.831154579
3.04	-4.670064758
3.05	-4.508531464
3.06	-4.346617968
3.07	-4.184387175
3.08	-4.021901611
3.09	-3.859223394
3.1	-3.696414219
3.11	-3.53353534
3.12	-3.370647546
3.13	-3.207811146
3.14	-3.04508595
3.15	-2.88253125
3.16	-2.720205802
3.17	-2.55816781
3.18	-2.396474906
3.19	-2.235184137
3.2	-2.074351946
3.21	-1.914034158
3.22	-1.754285961
3.23	-1.595161893
3.24	-1.436715827
3.25	-1.279000957
3.26	-1.122069782
3.27	-0.9659740911
3.28	-0.8107649543
3.29	-0.6564927056
3.3	-0.5032069319
3.31	-0.3509564597
3.32	-0.1997893439
3.33	-0.04975285597
3.34	0.09910652775
3.35	0.2467431363
3.36	0.393112115
3.37	0.5381694352
3.38	0.6818719043
3.39	0.8241771747
3.4	0.9650437531
3.41	1.104431009
3.42	1.242299182
3.43	1.378609392
3.44	1.513323642
3.45	1.646404831
3.46	1.777816756
3.47	1.907524119
3.48	2.035492536
3.49	2.161688538
3.5	2.286079579
3.51	2.408634039
3.52	2.529321231
3.53	2.6481114
3.54	2.764975734
3.55	2.879886358
3.56	2.992816346
3.57	3.103739715
3.58	3.212631433
3.59	3.319467421
3.6	3.424224547
3.61	3.526880637
3.62	3.627414468
3.63	3.725805772
3.64	3.822035234
3.65	3.916084493
3.66	4.00793614
3.67	4.097573718
3.68	4.184981721
3.69	4.270145588
3.7	4.353051706
3.71	4.433687407
3.72	4.512040959
3.73	4.588101573
3.74	4.661859389
3.75	4.73330548
3.76	4.802431844
3.77	4.869231402
3.78	4.93369799
3.79	4.995826357
3.8	5.055612157
3.81	5.113051949
3.82	5.168143181
3.83	5.220884196
3.84	5.271274214
3.85	5.319313334
3.86	5.365002524
3.87	5.408343609
3.88	5.449339274
3.89	5.487993045
3.9	5.524309287
3.91	5.558293198
3.92	5.589950792
3.93	5.619288899
3.94	5.646315151
3.95	5.671037975
3.96	5.693466581
3.97	5.713610956
3.98	5.731481851
3.99	5.747090773
4	5.760449972
4.01	5.771572434
4.02	5.780471869
4.03	5.787162698
4.04	5.791660047
4.05	5.793979728
4.06	5.794138237
4.07	5.792152735
4.08	5.788041039
4.09	5.781821614
4.1	5.773513552
4.11	5.763136568
4.12	5.750710987
4.13	5.736257725
4.14	5.719798285
4.15	5.70135474
4.16	5.680949719
4.17	5.658606397
4.18	5.634348483
4.19	5.608200202
4.2	5.580186287
4.21	5.550331964
4.22	5.518662937
4.23	5.485205379
4.24	5.449985912
4.25	5.413031602
4.26	5.374369937
4.27	5.334028819
4.28	5.292036549
4.29	5.248421813
4.3	5.203213668
4.31	5.156441529
4.32	5.108135155
4.33	5.058324636
4.34	5.007040376
4.35	4.954313085
4.36	4.90017376
4.37	4.844653673
4.38	4.787784359
4.39	4.7295976
4.4	4.670125411
4.41	4.609400028
4.42	4.547453893
4.43	4.484319643
4.44	4.420030092
4.45	4.354618221
4.46	4.288117163
4.47	4.220560189
4.48	4.151980697
4.49	4.082412195
4.5	4.011888292
4.51	3.94044268
4.52	3.868109126
4.53	3.794921455
4.54	3.720913538
4.55	3.64611928
4.56	3.570572607
4.57	3.494307451
4.58	3.417357743
4.59	3.339757392
4.6	3.261540282
4.61	3.182740253
4.62	3.10339109
4.63	3.023526513
4.64	2.943180165
4.65	2.862385596
4.66	2.781176259
4.67	2.699585488
4.68	2.617646498
4.69	2.535392366
4.7	2.452856019
4.71	2.370070232
4.72	2.287067605
4.73	2.203880564
4.74	2.12054134
4.75	2.037081966
4.76	1.953534264
4.77	1.869929834
4.78	1.786300048
4.79	1.702676033
4.8	1.619088671
4.81	1.535568579
4.82	1.452146109
4.83	1.368851334
4.84	1.28571404
4.85	1.202763717
4.86	1.120029551
4.87	1.037540417
4.88	0.9553248673
4.89	0.8734111265
4.9	0.7918270825
4.91	0.7106002791
4.92	0.6297579086
4.93	0.5493268043
4.94	0.4693334336
4.95	0.3898038913
4.96	0.3107638926
4.97	0.2322387669
4.98	0.154253451
4.99	0.07683248392
5	1.491641293e-15
5.01	-0.07622027614
5.02	-0.1518050354
5.03	-0.2267313893
5.04	-0.3009768755
5.05	-0.3745194621
5.06	-0.447337553
5.07	-0.5194099918
5.08	-0.5907160668
5.09	-0.6612355143
5.1	-0.7309485233
5.11	-0.7998357389
5.12	-0.8678782656
5.13	-0.9350576709
5.14	-1.001355988
5.15	-1.066755721
5.16	-1.131239843
5.17	-1.194791802
5.18	-1.257395524
5.19	-1.319035414
5.2	-1.379696354
5.21	-1.439363714
5.22	-1.498023344
5.23	-1.55566158
5.24	-1.612265246
5.25	-1.667821652
5.26	-1.722318598
5.27	-1.775744371
5.28	-1.82808775
5.29	-1.879338002
5.3	-1.929484884
5.31	-1.978518643
5.32	-2.026430014
5.33	-2.073210223
5.34	-2.118850983
5.35	-2.163344496
5.36	-2.206683447
5.37	-2.248861009
5.38	-2.289870838
5.39	-2.329707074
5.4	-2.368364335
5.41	-2.40583772
5.42	-2.442122804
5.43	-2.477215636
5.44	-2.511112738
5.45	-2.543811104
5.46	-2.575308191
5.47	-2.605601925
5.48	-2.63469069
5.49	-2.66257333
5.5	-2.689249144
5.51	-2.714717884
5.52	-2.738979749
5.53	-2.762035383
5.54	-2.783885871
5.55	-2.804532734
5.56	-2.82397793
5.57	-2.84222384
5.58	-2.859273274
5.59	-2.87512946
5.6	-2.889796042
5.61	-2.903277075
5.62	-2.915577021
5.63	-2.926700741
5.64	-2.936653494
5.65	-2.94544093
5.66	-2.953069085
5.67	-2.959544374
5.68	-2.96487359
5.69	-2.969063893
5.7	-2.972122808
5.71	-2.97405822
5.72	-2.974878366
5.73	-2.974591827
5.74	-2.973207529
5.75	-2.97073473
5.76	-2.967183018
5.77	-2.962562303
5.78	-2.956882812
5.79	-2.950155082
5.8	-2.942389954
5.81	-2.933598564
5.82	-2.923792342
5.83	-2.912983001
5.84	-2.90118253
5.85	-2.888403191
5.86	-2.874657509
5.87	-2.859958269
5.88	-2.844318503
5.89	-2.827751491
5.9	-2.810270746
5.91	-2.791890015
5.92	-2.772623265
5.93	-2.752484683
5.94	-2.731488661
5.95	-2.709649798
5.96	-2.686982884
5.97	-2.663502901
5.98	-2.639225011
5.99	-2.614164549
6	-2.588337019
6.01	-2.561758084
6.02	-2.53444356
6.03	-2.506409411
6.04	-2.477671737
6.05	-2.448246772
6.06	-2.418150875
6.07	-2.38740052
6.08	-2.356012295
6.09	-2.324002889
6.1	-2.291389091
6.11	-2.258187777
6.12	-2.224415906
6.13	-2.190090515
6.14	-2.155228707
6.15	-2.119847649
6.16	-2.083964564
6.17	-2.04759672
6.18	-2.01076143
6.19	-1.973476042
6.2	-1.935757929
6.21	-1.897624489
6.22	-1.859093134
6.23	-1.820181282
6.24	-1.780906357
6.25	-1.741285775
6.26	-1.701336943
6.27	-1.66107725
6.28	-1.620524062
6.29	-1.579694714
6.3	-1.538606506
6.31	-1.497276696
6.32	-1.455722493
6.33	-1.413961052
6.34	-1.372009469
6.35	-1.329884772
6.36	-1.28760392
6.37	-1.245183792
6.38	-1.202641186
6.39	-1.159992811
6.4	-1.117255282
6.41	-1.074445113
6.42	-1.031578716
6.43	-0.98867239
6.44	-0.9457423217
6.45	-0.9028045759
6.46	-0.8598750928
6.47	-0.8169696825
6.48	-0.7741040201
6.49	-0.7312936411
6.5	-0.688553937
6.51	-0.6459001503
6.52	-0.6033473703
6.53	-0.5609105287
6.54	-0.5186043954
6.55	-0.4764435744
6.56	-0.4344424993
6.57	-0.3926154299
6.58	-0.3509764478
6.59	-0.309539453
6.6	-0.2683181599
6.61	-0.2273260941
6.62	-0.1865765884
6.63	-0.1460827798
6.64	-0.105857606
6.65	-0.06591380223
6.66	-0.02626389834
6.67	0.01307978447
6.68	0.0521051364
6.69	0.09080026184
6.7	0.1291534821
6.71	0.167153338
6.72	0.2047885923
6.73	0.2420482322
6.74	0.2789214716
6.75	0.315397753
6.76	0.3514667501
6.77	0.3871183694
6.78	0.4223427521
6.79	0.4571302761
6.8	0.4914715574
6.81	0.5253574518
6.82	0.5587790565
6.83	0.5917277112
6.84	0.6241949996
6.85	0.6561727505
6.86	0.6876530386
6.87	0.7186281861
6.88	0.7490907629
6.89	0.7790335877
6.9	0.8084497288
6.91	0.8373325043
6.92	0.8656754829
6.93	0.8934724842
6.94	0.9207175788
6.95	0.9474050888
6.96	0.9735295877
6.97	0.9990859004
6.98	1.024069103
6.99	1.048474524
7	1.07229774
7.01	1.095534581
7.02	1.118181127
7.03	1.140233704
7.04	1.161688892
7.05	1.182543515
7.06	1.202794646
7.07	1.222439606
7.08	1.241475959
7.09	1.259901515
7.1	1.277714326
7.11	1.294912688
7.12	1.311495136
7.13	1.327460445
7.14	1.34280763
7.15	1.357535939
7.16	1.371644858
7.17	1.385134103
7.18	1.398003624
7.19	1.410253599
7.2	1.421884436
7.21	1.432896765
7.22	1.443291444
7.23	1.453069548
7.24	1.462232376
7.25	1.470781442
7.26	1.478718473
7.27	1.486045412
7.28	1.49276441
7.29	1.498877827
7.3	1.504388227
7.31	1.509298378
7.32	1.513611246
7.33	1.517329995
7.34	1.520457985
7.35	1.522998765
7.36	1.524956075
7.37	1.526333841
7.38	1.52713617
7.39	1.527367352
7.4	1.527031851
7.41	1.526134307
7.42	1.52467953
7.43	1.522672499
7.44	1.520118355
7.45	1.517022404
7.46	1.513390107
7.47	1.509227081
7.48	1.504539094
7.49	1.499332064
7.5	1.493612051
7.51	1.487385258
7.52	1.480658027
7.53	1.473436832
7.54	1.46572828
7.55	1.457539105
7.56	1.448876165
7.57	1.439746439
7.58	1.430157022
7.59	1.420115123
7.6	1.409628063
7.61	1.398703265
7.62	1.387348258
7.63	1.37557067
7.64	1.363378222
7.65	1.35077873
7.66	1.337780096
7.67	1.324390307
7.68	1.310617433
7.69	1.296469619
7.7	1.281955084
7.71	1.267082119
7.72	1.251859079
7.73	1.236294384
7.74	1.220396512
7.75	1.204173997
7.76	1.187635425
7.77	1.170789431
7.78	1.153644694
7.79	1.136209935
7.8	1.118493912
7.81	1.100505419
7.82	1.082253278
7.83	1.06374634
7.84	1.044993479
7.85	1.026003591
7.86	1.006785587
7.87	0.9873483905
7.88	0.9677009371
7.89	0.9478521679
7.9	0.9278110273
7.91	0.9075864595
7.92	0.8871874056
7.93	0.8666227995
7.94	0.8459015656
7.95	0.8250326148
7.96	0.8040248417
7.97	0.7828871215
7.98	0.7616283066
7.99	0.7402572236
8	0.7187826705
8.01	0.6972134132
8.02	0.675558183
8.03	0.6538256733
8.04	0.6320245368
8.05	0.6101633827
8.06	0.5882507738
8.07	0.5662952235
8.08	0.5443051937
8.09	0.5222890911
8.1	0.5002552653
8.11	0.478212006
8.12	0.4561675403
8.13	0.43413003
8.14	0.4121075696
8.15	0.3901081832
8.16	0.3681398227
8.17	0.3462103651
8.18	0.3243276101
8.19	0.3024992782
8.2	0.2807330082
8.21	0.2590363549
8.22	0.2374167874
8.23	0.2158816866
8.24	0.1944383434
8.25	0.1730939568
8.26	0.1518556317
8.27	0.1307303772
8.28	0.1097251047
8.29	0.08884662626
8.3	0.06810165265
8.31	0.04749679187
8.32	0.02703854745
8.33	0.006733316854
8.34	-0.01341261
8.35	-0.03339305224
8.36	-0.05320193943
8.37	-0.07283331295
8.38	-0.0922813273
8.39	-0.1115402514
8.4	-0.1306044697
8.41	-0.1494684834
8.42	-0.1681269117
8.43	-0.1865744925
8.44	-0.2048060837
8.45	-0.2228166641
8.46	-0.2406013342
8.47	-0.2581553169
8.48	-0.2754739589
8.49	-0.2925527305
8.5	-0.3093872273
8.51	-0.3259731699
8.52	-0.3423064051
8.53	-0.3583829064
8.54	-0.3741987741
8.55	-0.389750236
8.56	-0.4050336478
8.57	-0.4200454934
8.58	-0.434782385
8.59	-0.4492410636
8.6	-0.463418399
8.61	-0.47731139
8.62	-0.4909171645
8.63	-0.5042329794
8.64	-0.5172562209
8.65	-0.529984404
8.66	-0.5424151727
8.67	-0.5545462998
8.68	-0.5663756865
8.69	-0.5779013626
8.7	-0.5891214856
8.71	-0.600034341
8.72	-0.6106383412
8.73	-0.6209320259
8.74	-0.6309140608
8.75	-0.6405832378
8.76	-0.6499384739
8.77	-0.6589788109
8.78	-0.6677034149
8.79	-0.676111575
8.8	-0.6842027033
8.81	-0.6919763337
8.82	-0.6994321213
8.83	-0.7065698414
8.84	-0.7133893888
8.85	-0.7198907767
8.86	-0.7260741361
8.87	-0.7319397142
8.88	-0.7374878741
8.89	-0.7427190931
8.9	-0.7476339621
8.91	-0.7522331842
8.92	-0.7565175737
8.93	-0.7604880547
8.94	-0.7641456602
8.95	-0.7674915305
8.96	-0.7705269123
8.97	-0.773253157
8.98	-0.7756717197
8.99	-0.7777841575
9	-0.7795921285
9.01	-0.7810973901
9.02	-0.7823017976
9.03	-0.7832073029
9.04	-0.7838159528
9.05	-0.7841298876
9.06	-0.7841513394
9.07	-0.7838826309
9.08	-0.7833261735
9.09	-0.7824844657
9.1	-0.7813600918
9.11	-0.7799557198
9.12	-0.7782741002
9.13	-0.7763180639
9.14	-0.774090521
9.15	-0.7715944585
9.16	-0.7688329392
9.17	-0.7658090995
9.18	-0.7625261478
9.19	-0.7589873628
9.2	-0.7551960917
9.21	-0.7511557484
9.22	-0.7468698117
9.23	-0.7423418236
9.24	-0.7375753871
9.25	-0.732574165
9.26	-0.7273418776
9.27	-0.721882301
9.28	-0.7161992652
9.29	-0.7102966526
9.3	-0.7041783955
9.31	-0.6978484748
9.32	-0.691310918
9.33	-0.6845697973
9.34	-0.6776292275
9.35	-0.6704933646
9.36	-0.6631664037
9.37	-0.6556525771
9.38	-0.6479561524
9.39	-0.6400814308
9.4	-0.6320327452
9.41	-0.6238144583
9.42	-0.6154309607
9.43	-0.606886669
9.44	-0.5981860245
9.45	-0.5893334904
9.46	-0.5803335508
9.47	-0.5711907086
9.48	-0.5619094836
9.49	-0.5524944107
9.5	-0.5429500383
9.51	-0.5332809262
9.52	-0.5234916442
9.53	-0.51358677
9.54	-0.5035708876
9.55	-0.4934485855
9.56	-0.4832244551
9.57	-0.4729030886
9.58	-0.462489078
9.59	-0.4519870126
9.6	-0.4414014779
9.61	-0.4307370536
9.62	-0.4199983121
9.63	-0.409189817
9.64	-0.3983161212
9.65	-0.3873817654
9.66	-0.3763912767
9.67	-0.3653491667
9.68	-0.3542599303
9.69	-0.3431280439
9.7	-0.3319579641
9.71	-0.3207541261
9.72	-0.3095209422
9.73	-0.2982628003
9.74	-0.2869840628
9.75	-0.2756890648
9.76	-0.2643821129
9.77	-0.2530674838
9.78	-0.2417494229
9.79	-0.2304321433
9.8	-0.2191198238
9.81	-0.2078166086
9.82	-0.196526605
9.83	-0.185253883
9.84	-0.1740024737
9.85	-0.1627763683
9.86	-0.1515795165
9.87	-0.1404158262
9.88	-0.1292891615
9.89	-0.1182033422
9.9	-0.1071621425
9.91	-0.09616929004
9.92	-0.08522846493
9.93	-0.07434329865
9.94	-0.06351737317
9.95	-0.05275422004
9.96	-0.04205731943
9.97	-0.03143009929
9.98	-0.02087593449
9.99	-0.01039814597
10	-4.037433937e-16
10.01	0.01031529266
10.02	0.02054457746
10.03	0.03068475679
10.04	0.04073279069
10.05	0.05068569749
10.06	0.06054055444
10.07	0.07029449836
10.08	0.07994472621
10.09	0.08948849561
10.1	0.09892312544
10.11	0.1082459963
10.12	0.1174545509
10.13	0.1265462947
10.14	0.1355187963
10.15	0.1443696876
10.16	0.1530966645
10.17	0.1616974869
10.18	0.1701699794
10.19	0.1785120313
10.2	0.1867215969
10.21	0.1947966959
10.22	0.2027354135
10.23	0.2105359005
10.24	0.2181963737
10.25	0.2257151156
10.26	0.2330904752
10.27	0.2403208674
10.28	0.2474047735
10.29	0.2543407408
10.3	0.2611273833
10.31	0.2677633809
10.32	0.2742474799
10.33	0.2805784928
10.34	0.286755298
10.35	0.29277684
10.36	0.2986421293
10.37	0.3043502416
10.38	0.3099003185
10.39	0.3152915668
10.4	0.3205232581
10.41	0.3255947293
10.42	0.3305053813
10.43	0.3352546797
10.44	0.3398421537
10.45	0.3442673962
10.46	0.3485300635
10.47	0.3526298745
10.48	0.3565666107
10.49	0.3603401157
10.5	0.3639502946
10.51	0.3673971138
10.52	0.3706806001
10.53	0.3738008408
10.54	0.3767579828
10.55	0.379552232
10.56	0.382183853
10.57	0.3846531684
10.58	0.3869605583
10.59	0.3891064598
10.6	0.3910913658
10.61	0.3929158253
10.62	0.3945804419
10.63	0.3960858737
10.64	0.3974328324
10.65	0.3986220825
10.66	0.399654441
10.67	0.4005307761
10.68	0.401252007
10.69	0.4018191028
10.7	0.4022330821
10.71	0.4024950116
10.72	0.4026060062
10.73	0.4025672274
10.74	0.402379883
10.75	0.4020452261
10.76	0.4015645541
10.77	0.4009392084
10.78	0.4001705729
10.79	0.3992600737
10.8	0.3982091778
10.81	0.3970193926
10.82	0.3956922648
10.83	0.3942293795
10.84	0.3926323594
10.85	0.3909028639
10.86	0.3890425882
10.87	0.3870532624
10.88	0.3849366503
10.89	0.3826945489
10.9	0.3803287874
10.91	0.3778412259
10.92	0.3752337549
10.93	0.3725082941
10.94	0.3696667916
10.95	0.3667112228
10.96	0.3636435897
10.97	0.3604659196
10.98	0.3571802644
10.99	0.3537886996
11	0.3502933235
11.01	0.3466962558
11.02	0.3429996371
11.03	0.3392056275
11.04	0.3353164063
11.05	0.3313341704
11.06	0.3272611335
11.07	0.3230995256
11.08	0.3188515912
11.09	0.3145195893
11.1	0.3101057917
11.11	0.3056124824
11.12	0.3010419567
11.13	0.2963965201
11.14	0.2916784875
11.15	0.286890182
11.16	0.2820339345
11.17	0.277112082
11.18	0.2721269677
11.19	0.2670809391
11.2	0.2619763476
11.21	0.2568155477
11.22	0.2516008958
11.23	0.2463347493
11.24	0.2410194662
11.25	0.2356574035
11.26	0.2302509171
11.27	0.2248023601
11.28	0.2193140829
11.29	0.2137884316
11.3	0.2082277473
11.31	0.2026343658
11.32	0.1970106159
11.33	0.1913588195
11.34	0.18568129
11.35	0.1799803323
11.36	0.1742582411
11.37	0.1685173012
11.38	0.1627597856
11.39	0.1569879557
11.4	0.15120406
11.41	0.1454103337
11.42	0.1396089977
11.43	0.1338022579
11.44	0.127992305
11.45	0.122181313
11.46	0.1163714392
11.47	0.1105648234
11.48	0.1047635868
11.49	0.09896983205
11.5	0.09318564209
11.51	0.08741307978
11.52	0.08165418725
11.53	0.07591098527
11.54	0.07018547275
11.55	0.06447962609
11.56	0.0587953987
11.57	0.05313472041
11.58	0.04749949697
11.59	0.04189160954
11.6	0.03631291417
11.61	0.03076524134
11.62	0.02525039544
11.63	0.01977015438
11.64	0.01432626909
11.65	0.008920463095
11.66	0.003554432121
11.67	-0.001770156336
11.68	-0.007051663393
11.69	-0.01228847915
11.7	-0.01747902308
11.71	-0.02262174434
11.72	-0.02771512214
11.73	-0.03275766607
11.74	-0.03774791636
11.75	-0.04268444423
11.76	-0.04756585217
11.77	-0.05239077417
11.78	-0.05715787598
11.79	-0.06186585539
11.8	-0.06651344242
11.81	-0.07109939954
11.82	-0.07562252188
11.83	-0.0800816374
11.84	-0.08447560707
11.85	-0.08880332504
11.86	-0.09306371875
11.87	-0.09725574911
11.88	-0.1013784106
11.89	-0.1054307312
11.9	-0.109411773
11.91	-0.1133206316
11.92	-0.1171564367
11.93	-0.1209183517
11.94	-0.1246055743
11.95	-0.128217336
11.96	-0.1317529025
11.97	-0.1352115733
11.98	-0.1385926821
11.99	-0.1418955966
12	-0.1451197184
12.01	-0.1482644829
12.02	-0.1513293595
12.03	-0.1543138513
12.04	-0.1572174952
12.05	-0.1600398615
12.06	-0.1627805541
12.07	-0.1654392103
12.08	-0.1680155005
12.09	-0.1705091283
12.1	-0.1729198302
12.11	-0.1752473753
12.12	-0.1774915656
12.13	-0.1796522354
12.14	-0.181729251
12.15	-0.1837225108
12.16	-0.1856319453
12.17	-0.1874575161
12.18	-0.1891992164
12.19	-0.1908570703
12.2	-0.1924311328
12.21	-0.1939214896
12.22	-0.1953282563
12.23	-0.1966515789
12.24	-0.1978916328
12.25	-0.199048623
12.26	-0.2001227834
12.27	-0.2011143767
12.28	-0.2020236943
12.29	-0.2028510553
12.3	-0.2035968069
12.31	-0.2042613235
12.32	-0.2048450067
12.33	-0.2053482846
12.34	-0.205771612
12.35	-0.2061154692
12.36	-0.2063803624
12.37	-0.2065668227
12.38	-0.2066754061
12.39	-0.2067066931
12.4	-0.206661288
12.41	-0.2065398186
12.42	-0.206342936
12.43	-0.2060713139
12.44	-0.2057256482
12.45	-0.2053066567
12.46	-0.2048150788
12.47	-0.2042516745
12.48	-0.2036172245
12.49	-0.2029125295
12.5	-0.20213841
12.51	-0.2012957052
12.52	-0.2003852735
12.53	-0.199407991
12.54	-0.1983647519
12.55	-0.1972564676
12.56	-0.1960840661
12.57	-0.194848492
12.58	-0.1935507056
12.59	-0.1921916825
12.6	-0.1907724131
12.61	-0.1892939025
12.62	-0.1877571695
12.63	-0.1861632462
12.64	-0.1845131778
12.65	-0.182808022
12.66	-0.1810488481
12.67	-0.1792367373
12.68	-0.1773727815
12.69	-0.1754580831
12.7	-0.1734937544
12.71	-0.1714809175
12.72	-0.1694207031
12.73	-0.1673142507
12.74	-0.1651627076
12.75	-0.162967229
12.76	-0.1607289767
12.77	-0.1584491193
12.78	-0.1561288314
12.79	-0.1537692934
12.8	-0.1513716904
12.81	-0.1489372125
12.82	-0.1464670538
12.83	-0.1439624122
12.84	-0.1414244885
12.85	-0.1388544866
12.86	-0.1362536125
12.87	-0.1336230741
12.88	-0.1309640804
12.89	-0.1282778416
12.9	-0.1255655682
12.91	-0.1228284706
12.92	-0.1200677588
12.93	-0.117284642
12.94	-0.114480328
12.95	-0.1116560226
12.96	-0.1088129297
12.97	-0.1059522503
12.98	-0.1030751826
12.99	-0.100182921
13	-0.0972766563
13.01	-0.09435757475
13.02	-0.09142685804
13.03	-0.08848568268
13.04	-0.0855352197
13.05	-0.08257663422
13.06	-0.07961108508
13.07	-0.07663972447
13.08	-0.07366369755
13.09	-0.07068414207
13.1	-0.06770218802
13.11	-0.06471895728
13.12	-0.06173556327
13.13	-0.05875311057
13.14	-0.05577269465
13.15	-0.05279540146
13.16	-0.04982230717
13.17	-0.04685447782
13.18	-0.04389296898
13.19	-0.0409388255
13.2	-0.03799308118
13.21	-0.03505675846
13.22	-0.03213086816
13.23	-0.0292164092
13.24	-0.02631436828
13.25	-0.02342571968
13.26	-0.02055142493
13.27	-0.01769243263
13.28	-0.01484967813
13.29	-0.01202408333
13.3	-0.00921655645
13.31	-0.006427991781
13.32	-0.003659269478
13.33	-0.0009112553436
13.34	0.001815199374
13.35	0.004519258184
13.36	0.007200099542
13.37	0.009856917037
13.38	0.01248891957
13.39	0.01509533151
13.4	0.01767539289
13.41	0.02022835954
13.42	0.02275350321
13.43	0.02525011179
13.44	0.02771748935
13.45	0.03015495635
13.46	0.03256184971
13.47	0.03493752294
13.48	0.03728134625
13.49	0.03959270665
13.5	0.04187100803
13.51	0.04411567127
13.52	0.04632613429
13.53	0.04850185215
13.54	0.05064229708
13.55	0.05274695858
13.56	0.05481534345
13.57	0.05684697582
13.58	0.05884139722
13.59	0.06079816658
13.6	0.06271686028
13.61	0.06459707216
13.62	0.0664384135
13.63	0.06824051309
13.64	0.07000301717
13.65	0.07172558943
13.66	0.07340791103
13.67	0.07504968055
13.68	0.07665061395
13.69	0.07821044459
13.7	0.07972892312
13.71	0.08120581749
13.72	0.08264091286
13.73	0.08403401159
13.74	0.08538493311
13.75	0.08669351392
13.76	0.08795960745
13.77	0.08918308402
13.78	0.09036383077
13.79	0.0915017515
13.8	0.09259676664
13.81	0.09364881311
13.82	0.09465784424
13.83	0.09562382961
13.84	0.09654675499
13.85	0.09742662217
13.86	0.09826344886
13.87	0.09905726854
13.88	0.09980813032
13.89	0.1005160988
13.9	0.101181254
13.91	0.101803691
13.92	0.1023835201
13.93	0.1029208663
13.94	0.1034158694
13.95	0.1038686837
13.96	0.1042794779
13.97	0.104648435
13.98	0.1049757519
13.99	0.1052616393
14	0.1055063215
14.01	0.1057100365
14.02	0.1058730354
14.03	0.1059955822
14.04	0.106077954
14.05	0.1061204404
14.06	0.1061233436
14.07	0.1060869779
14.08	0.1060116696
14.09	0.1058977568
14.1	0.1057455893
14.11	0.1055555283
14.12	0.1053279458
14.13	0.1050632251
14.14	0.1047617599
14.15	0.1044239546
14.16	0.1040502236
14.17	0.1036409914
14.18	0.1031966922
14.19	0.1027177697
14.2	0.102204677
14.21	0.101657876
14.22	0.1010778375
14.23	0.1004650409
14.24	0.09981997392
14.25	0.09914313211
14.26	0.09843501901
14.27	0.09769614567
14.28	0.09692703041
14.29	0.09612819866
14.3	0.0953001826
14.31	0.094443521
14.32	0.0935587589
14.33	0.09264644741
14.34	0.09170714343
14.35	0.09074140941
14.36	0.08974981308
14.37	0.08873292722
14.38	0.08769132941
14.39	0.08662560173
14.4	0.08553633059
14.41	0.0844241064
14.42	0.08328952337
14.43	0.08213317925
14.44	0.08095567505
14.45	0.07975761484
14.46	0.07853960547
14.47	0.07730225633
14.48	0.07604617911
14.49	0.07477198756
14.5	0.07348029721
14.51	0.07217172519
14.52	0.07084688994
14.53	0.06950641098
14.54	0.0681509087
14.55	0.06678100408
14.56	0.06539731849
14.57	0.06400047344
14.58	0.06259109037
14.59	0.06116979037
14.6	0.05973719403
14.61	0.05829392115
14.62	0.05684059053
14.63	0.05537781979
14.64	0.05390622508
14.65	0.05242642094
14.66	0.05093902004
14.67	0.04944463295
14.68	0.047943868
14.69	0.04643733101
14.7	0.0449256251
14.71	0.04340935051
14.72	0.04188910437
14.73	0.04036548056
14.74	0.03883906942
14.75	0.03731045767
14.76	0.03578022813
14.77	0.03424895959
14.78	0.03271722662
14.79	0.03118559937
14.8	0.02965464342
14.81	0.02812491958
14.82	0.02659698375
14.83	0.02507138673
14.84	0.02354867407
14.85	0.0220293859
14.86	0.0205140568
14.87	0.01900321561
14.88	0.01749738529
14.89	0.01599708279
14.9	0.01450281891
14.91	0.01301509811
14.92	0.01153441844
14.93	0.01006127138
14.94	0.008596141689
14.95	0.007139507311
14.96	0.005691839237
14.97	0.00425360139
14.98	0.002825250507
14.99	0.00140723603
15	8.196108981e-17
15.01	-0.001396023054
15.02	-0.00278040621
15.03	-0.004152730252
15.04	-0.005512583766
15.05	-0.006859563225
15.06	-0.008193273082
15.07	-0.009513325846
15.08	-0.01081934216
15.09	-0.0121109509
15.1	-0.0133877892
15.11	-0.01464950256
15.12	-0.01589574491
15.13	-0.01712617864
15.14	-0.01834047468
15.15	-0.01953831257
15.16	-0.02071938045
15.17	-0.02188337519
15.18	-0.02303000236
15.19	-0.02415897632
15.2	-0.0252700202
15.21	-0.02636286602
15.22	-0.02743725461
15.23	-0.02849293573
15.24	-0.02952966803
15.25	-0.0305472191
15.26	-0.03154536548
15.27	-0.03252389266
15.28	-0.03348259509
15.29	-0.0344212762
15.3	-0.03533974838
15.31	-0.03623783299
15.32	-0.03711536037
15.33	-0.03797216979
15.34	-0.03880810947
15.35	-0.03962303657
15.36	-0.04041681715
15.37	-0.04118932615
15.38	-0.04194044738
15.39	-0.04267007349
15.4	-0.04337810592
15.41	-0.04406445491
15.42	-0.0447290394
15.43	-0.04537178703
15.44	-0.04599263413
15.45	-0.04659152558
15.46	-0.04716841486
15.47	-0.04772326394
15.48	-0.04825604326
15.49	-0.04876673162
15.5	-0.04925531621
15.51	-0.04972179245
15.52	-0.05016616401
15.53	-0.05058844267
15.54	-0.05098864831
15.55	-0.05136680882
15.56	-0.05172295999
15.57	-0.05205714549
15.58	-0.05236941677
15.59	-0.05265983294
15.6	-0.05292846076
15.61	-0.0531753745
15.62	-0.05340065586
15.63	-0.0536043939
15.64	-0.05378668494
15.65	-0.05394763244
15.66	-0.05408734697
15.67	-0.05420594603
15.68	-0.05430355402
15.69	-0.05438030209
15.7	-0.05443632809
15.71	-0.0544717764
15.72	-0.05448679788
15.73	-0.05448154974
15.74	-0.05445619544
15.75	-0.05441090454
15.76	-0.05434585267
15.77	-0.05426122132
15.78	-0.05415719783
15.79	-0.05403397516
15.8	-0.05389175187
15.81	-0.05373073195
15.82	-0.05355112473
15.83	-0.05335314473
15.84	-0.05313701156
15.85	-0.05290294981
15.86	-0.05265118887
15.87	-0.05238196289
15.88	-0.05209551059
15.89	-0.05179207517
15.9	-0.05147190416
15.91	-0.05113524933
15.92	-0.0507823665
15.93	-0.05041351549
15.94	-0.05002895995
15.95	-0.04962896721
15.96	-0.04921380821
15.97	-0.04878375732
15.98	-0.04833909225
15.99	-0.04788009387
16	-0.04740704616
16.01	-0.04692023598
16.02	-0.04641995303
16.03	-0.04590648968
16.04	-0.04538014082
16.05	-0.04484120379
16.06	-0.0442899782
16.07	-0.0437267658
16.08	-0.04315187041
16.09	-0.0425655977
16.1	-0.04196825515
16.11	-0.04136015187
16.12	-0.04074159848
16.13	-0.040112907
16.14	-0.03947439072
16.15	-0.03882636404
16.16	-0.0381691424
16.17	-0.03750304211
16.18	-0.03682838025
16.19	-0.03614547454
16.2	-0.03545464321
16.21	-0.03475620489
16.22	-0.0340504785
16.23	-0.03333778307
16.24	-0.03261843772
16.25	-0.03189276145
16.26	-0.03116107308
16.27	-0.03042369108
16.28	-0.02968093353
16.29	-0.02893311794
16.3	-0.02818056116
16.31	-0.02742357928
16.32	-0.0266624875
16.33	-0.02589760003
16.34	-0.02512922998
16.35	-0.02435768924
16.36	-0.02358328842
16.37	-0.02280633668
16.38	-0.02202714168
16.39	-0.02124600945
16.4	-0.02046324429
16.41	-0.0196791487
16.42	-0.01889402324
16.43	-0.01810816648
16.44	-0.01732187485
16.45	-0.0165354426
16.46	-0.01574916169
16.47	-0.01496332169
16.48	-0.01417820969
16.49	-0.01339411025
16.5	-0.01261130527
16.51	-0.01183007391
16.52	-0.01105069256
16.53	-0.01027343469
16.54	-0.009498570833
16.55	-0.00872636846
16.56	-0.007957091936
16.57	-0.007191002436
16.58	-0.006428357876
16.59	-0.005669412843
16.6	-0.004914418525
16.61	-0.00416362265
16.62	-0.003417269419
16.63	-0.002675599443
16.64	-0.001938849685
16.65	-0.0012072534
16.66	-0.0004810400778
16.67	0.0002395646092
16.68	0.0009543388625
16.69	0.001663064807
16.7	0.002365528539
16.71	0.003061520178
16.72	0.003750833905
16.73	0.004433268015
16.74	0.005108624952
16.75	0.00577671135
16.76	0.006437338076
16.77	0.007090320261
16.78	0.007735477335
16.79	0.008372633062
16.8	0.009001615569
16.81	0.009622257375
16.82	0.01023439542
16.83	0.01083787108
16.84	0.01143253021
16.85	0.01201822315
16.86	0.01259480474
16.87	0.01316213435
16.88	0.01372007591
16.89	0.01426849788
16.9	0.01480727329
16.91	0.01533627978
16.92	0.01585539954
16.93	0.01636451938
16.94	0.01686353069
16.95	0.01735232949
16.96	0.01783081638
16.97	0.01829889657
16.98	0.01875647989
16.99	0.01920348076
17	0.01963981819
17.01	0.02006541578
17.02	0.02048020173
17.03	0.02088410877
17.04	0.02127707424
17.05	0.02165903999
17.06	0.0220299524
17.07	0.02238976239
17.08	0.02273842535
17.09	0.02307590118
17.1	0.02340215419
17.11	0.02371715318
17.12	0.02402087131
17.13	0.02431328616
17.14	0.02459437965
17.15	0.02486413804
17.16	0.02512255189
17.17	0.02536961604
17.18	0.02560532953
17.19	0.02582969566
17.2	0.02604272186
17.21	0.02624441972
17.22	0.02643480489
17.23	0.02661389713
17.24	0.02678172018
17.25	0.02693830177
17.26	0.02708367357
17.27	0.02721787114
17.28	0.02734093388
17.29	0.02745290502
17.3	0.02755383152
17.31	0.02764376407
17.32	0.027722757
17.33	0.02779086826
17.34	0.02784815939
17.35	0.02789469541
17.36	0.02793054479
17.37	0.02795577945
17.38	0.02797047463
17.39	0.02797470886
17.4	0.02796856395
17.41	0.02795212485
17.42	0.02792547969
17.43	0.02788871963
17.44	0.02784193886
17.45	0.02778523454
17.46	0.0277187067
17.47	0.02764245822
17.48	0.02755659475
17.49	0.02746122466
17.5	0.02735645897
17.51	0.02724241128
17.52	0.02711919774
17.53	0.02698693694
17.54	0.02684574988
17.55	0.02669575991
17.56	0.02653709263
17.57	0.02636987586
17.58	0.02619423956
17.59	0.02601031578
17.6	0.02581823856
17.61	0.02561814391
17.62	0.02541016971
17.63	0.02519445565
17.64	0.02497114318
17.65	0.02474037543
17.66	0.02450229714
17.67	0.02425705462
17.68	0.02400479562
17.69	0.02374566937
17.7	0.02347982639
17.71	0.02320741853
17.72	0.02292859884
17.73	0.0226435215
17.74	0.02235234182
17.75	0.02205521609
17.76	0.02175230158
17.77	0.02144375644
17.78	0.02112973963
17.79	0.02081041087
17.8	0.0204859306
17.81	0.02015645984
17.82	0.01982216022
17.83	0.01948319383
17.84	0.01913972321
17.85	0.01879191128
17.86	0.01843992125
17.87	0.01808391658
17.88	0.01772406092
17.89	0.01736051803
17.9	0.01699345173
17.91	0.01662302585
17.92	0.01624940415
17.93	0.01587275025
17.94	0.01549322761
17.95	0.01511099944
17.96	0.01472622866
17.97	0.01433907781
17.98	0.01394970903
17.99	0.01355828399
18	0.01316496383
18.01	0.0127699091
18.02	0.01237327973
18.03	0.01197523493
18.04	0.01157593318
18.05	0.01117553218
18.06	0.01077418875
18.07	0.01037205882
18.08	0.009969297372
18.09	0.009566058387
18.1	0.009162494792
18.11	0.008758758415
18.12	0.008354999941
18.13	0.007951368861
18.14	0.007548013427
18.15	0.007145080611
18.16	0.006742716053
18.17	0.006341064026
18.18	0.005940267389
18.19	0.005540467544
18.2	0.005141804402
18.21	0.004744416335
18.22	0.004348440144
18.23	0.003954011014
18.24	0.003561262485
18.25	0.003170326407
18.26	0.002781332914
18.27	0.002394410381
18.28	0.002009685395
18.29	0.001627282723
18.3	0.001247325278
18.31	0.0008699340883
18.32	0.0004952282712
18.33	0.000123325
18.34	-0.0002456605214
18.35	-0.0006116150863
18.36	-0.0009744275108
18.37	-0.001333988659
18.38	-0.001690191467
18.39	-0.002042930966
18.4	-0.002392104304
18.41	-0.002737610767
18.42	-0.003079351802
18.43	-0.00341723103
18.44	-0.003751154272
18.45	-0.004081029558
18.46	-0.004406767153
18.47	-0.004728279562
18.48	-0.005045481554
18.49	-0.005358290168
18.5	-0.005666624731
18.51	-0.005970406867
18.52	-0.006269560506
18.53	-0.006564011898
18.54	-0.006853689619
18.55	-0.007138524579
18.56	-0.007418450031
18.57	-0.007693401574
18.58	-0.007963317158
18.59	-0.008228137094
18.6	-0.00848780405
18.61	-0.008742263056
18.62	-0.008991461509
18.63	-0.009235349167
18.64	-0.009473878155
18.65	-0.009707002961
18.66	-0.009934680431
18.67	-0.01015686977
18.68	-0.01037353255
18.69	-0.01058463267
18.7	-0.01079013639
18.71	-0.01099001231
18.72	-0.01118423135
18.73	-0.01137276676
18.74	-0.01155559411
18.75	-0.01173269126
18.76	-0.01190403839
18.77	-0.01206961794
18.78	-0.01222941463
18.79	-0.01238341546
18.8	-0.01253160964
18.81	-0.01267398865
18.82	-0.01281054616
18.83	-0.01294127806
18.84	-0.01306618243
18.85	-0.01318525951
18.86	-0.01329851168
18.87	-0.01340594349
18.88	-0.01350756159
18.89	-0.0136033747
18.9	-0.01369339367
18.91	-0.01377763136
18.92	-0.01385610269
18.93	-0.01392882459
18.94	-0.01399581597
18.95	-0.01405709772
18.96	-0.01411269268
18.97	-0.01416262559
18.98	-0.01420692311
18.99	-0.01424561376
19	-0.01427872791
19.01	-0.01430629773
19.02	-0.01432835723
19.03	-0.01434494214
19.04	-0.01435608995
19.05	-0.01436183986
19.06	-0.01436223277
19.07	-0.0143573112
19.08	-0.01434711933
19.09	-0.01433170291
19.1	-0.01431110928
19.11	-0.01428538731
19.12	-0.01425458738
19.13	-0.01421876132
19.14	-0.01417796245
19.15	-0.01413224547
19.16	-0.01408166648
19.17	-0.01402628292
19.18	-0.01396615357
19.19	-0.01390133846
19.2	-0.01383189891
19.21	-0.01375789744
19.22	-0.01367939777
19.23	-0.01359646477
19.24	-0.01350916444
19.25	-0.01341756387
19.26	-0.01332173118
19.27	-0.01322173554
19.28	-0.01311764711
19.29	-0.01300953699
19.3	-0.0128974772
19.31	-0.01278154066
19.32	-0.01266180113
19.33	-0.0125383332
19.34	-0.01241121223
19.35	-0.01228051434
19.36	-0.01214631637
19.37	-0.01200869584
19.38	-0.0118677309
19.39	-0.01172350035
19.4	-0.01157608353
19.41	-0.01142556035
19.42	-0.01127201124
19.43	-0.01111551708
19.44	-0.01095615921
19.45	-0.01079401939
19.46	-0.01062917975
19.47	-0.01046172276
19.48	-0.01029173119
19.49	-0.01011928811
19.5	-0.009944476836
19.51	-0.009767380871
19.52	-0.009588083917
19.53	-0.009406669817
19.54	-0.009223222532
19.55	-0.009037826102
19.56	-0.008850564621
19.57	-0.008661522201
19.58	-0.008470782943
19.59	-0.008278430906
19.6	-0.008084550074
19.61	-0.00788922433
19.62	-0.007692537419
19.63	-0.007494572926
19.64	-0.00729541424
19.65	-0.007095144528
19.66	-0.006893846705
19.67	-0.006691603405
19.68	-0.006488496956
19.69	-0.006284609345
19.7	-0.006080022197
19.71	-0.005874816746
19.72	-0.005669073805
19.73	-0.005462873744
19.74	-0.005256296461
19.75	-0.005049421356
19.76	-0.004842327308
19.77	-0.004635092647
19.78	-0.004427795132
19.79	-0.004220511924
19.8	-0.004013319567
19.81	-0.003806293957
19.82	-0.003599510329
19.83	-0.003393043224
19.84	-0.003186966475
19.85	-0.002981353181
19.86	-0.002776275688
19.87	-0.002571805567
19.88	-0.002368013594
19.89	-0.002164969731
19.9	-0.001962743104
19.91	-0.001761401989
19.92	-0.001561013787
19.93	-0.001361645012
19.94	-0.00116336127
19.95	-0.0009662272441
19.96	-0.0007703066753
19.97	-0.0005756623489
19.98	-0.0003823560775
19.99	-0.0001904486868
20	-1.478963641e-17
20.01	0.0001889311754
20.02	0.0003762870619
20.03	0.0005620109248
20.04	0.0007460470853
20.05	0.000928340932
20.06	0.001108838933
20.07	0.001287488648
20.08	0.001464238736
20.09	0.00163903897
20.1	0.001811840243
20.11	0.001982594579
20.12	0.00215125514
20.13	0.002317776237
20.14	0.002482113336
20.15	0.002644223065
20.16	0.002804063222
20.17	0.00296159278
20.18	0.003116771893
20.19	0.003269561902
20.2	0.003419925342
20.21	0.003567825939
20.22	0.003713228624
20.23	0.003856099527
20.24	0.003996405987
20.25	0.00413411655
20.26	0.004269200973
20.27	0.004401630225
20.28	0.00453137649
20.29	0.004658413164
20.3	0.004782714856
20.31	0.004904257392
20.32	0.005023017808
20.33	0.005138974353
20.34	0.005252106487
20.35	0.005362394877
20.36	0.005469821396
20.37	0.005574369121
20.38	0.005676022325
20.39	0.005774766481
20.4	0.005870588252
20.41	0.005963475486
20.42	0.006053417215
20.43	0.006140403649
20.44	0.006224426166
20.45	0.006305477311
20.46	0.006383550785
20.47	0.006458641443
20.48	0.006530745282
20.49	0.006599859437
20.5	0.00666598217
20.51	0.006729112865
20.52	0.006789252015
20.53	0.006846401217
20.54	0.006900563161
20.55	0.00695174162
20.56	0.00699994144
20.57	0.00704516853
20.58	0.007087429851
20.59	0.007126733406
20.6	0.007163088229
20.61	0.007196504369
20.62	0.007226992886
20.63	0.007254565832
20.64	0.00727923624
20.65	0.007301018117
20.66	0.007319926421
20.67	0.007335977059
20.68	0.007349186864
20.69	0.007359573586
20.7	0.00736715588
20.71	0.007371953287
20.72	0.007373986224
20.73	0.007373275966
20.74	0.007369844633
20.75	0.007363715177
20.76	0.007354911363
20.77	0.007343457757
20.78	0.007329379707
20.79	0.007312703332
20.8	0.007293455503
20.81	0.007271663827
20.82	0.007247356633
20.83	0.007220562954
20.84	0.00719131251
20.85	0.007159635696
20.86	0.007125563558
20.87	0.007089127784
20.88	0.007050360681
20.89	0.007009295163
20.9	0.006965964729
20.91	0.006920403451
20.92	0.006872645954
20.93	0.006822727398
20.94	0.006770683464
20.95	0.006716550334
20.96	0.006660364673
20.97	0.006602163614
20.98	0.00654198474
20.99	0.006479866066
21	0.006415846019
21.01	0.006349963426
21.02	0.006282257491
21.03	0.006212767783
21.04	0.006141534212
21.05	0.006068597016
21.06	0.005993996744
21.07	0.005917774235
21.08	0.005839970604
21.09	0.005760627221
21.1	0.005679785697
21.11	0.005597487868
21.12	0.00551377577
21.13	0.005428691631
21.14	0.005342277849
21.15	0.005254576975
21.16	0.005165631698
21.17	0.005075484827
21.18	0.004984179273
21.19	0.004891758035
21.2	0.004798264181
21.21	0.004703740834
21.22	0.004608231151
21.23	0.004511778315
21.24	0.004414425508
21.25	0.004316215905
21.26	0.004217192651
21.27	0.00411739885
21.28	0.004016877546
21.29	0.003915671711
21.3	0.003813824227
21.31	0.00371137787
21.32	0.003608375298
21.33	0.003504859035
21.34	0.003400871456
21.35	0.003296454773
21.36	0.003191651018
21.37	0.003086502035
21.38	0.002981049458
21.39	0.002875334706
21.4	0.002769398962
21.41	0.002663283163
21.42	0.002557027987
21.43	0.002450673839
21.44	0.002344260838
21.45	0.002237828808
21.46	0.002131417258
21.47	0.002025065379
21.48	0.001918812025
21.49	0.001812695705
21.5	0.00170675457
21.51	0.001601026403
21.52	0.001495548607
21.53	0.001390358194
21.54	0.001285491774
21.55	0.001180985547
21.56	0.001076875291
21.57	0.0009731963514
21.58	0.0008699836339
21.59	0.0007672715928
21.6	0.000665094223
21.61	0.0005634850506
21.62	0.0004624771247
21.63	0.0003621030084
21.64	0.0002623947712
21.65	0.0001633839808
21.66	6.510169518e-05
21.67	-3.242154423e-05
21.68	-0.0001291557203
21.69	-0.0002250713467
21.7	-0.0003201394749
21.71	-0.0004143317004
21.72	-0.000507620169
21.73	-0.0005999775825
21.74	-0.0006913772048
21.75	-0.0007817928668
21.76	-0.0008711989718
21.77	-0.0009595705007
21.78	-0.001046883016
21.79	-0.001133112667
21.8	-0.001218236193
21.81	-0.001302230927
21.82	-0.001385074803
21.83	-0.001466746352
21.84	-0.001547224714
21.85	-0.001626489634
21.86	-0.001704521466
21.87	-0.001781301181
21.88	-0.001856810359
21.89	-0.001931031201
21.9	-0.002003946525
21.91	-0.002075539768
21.92	-0.002145794988
21.93	-0.002214696865
21.94	-0.002282230703
21.95	-0.002348382426
21.96	-0.002413138584
21.97	-0.00247648635
21.98	-0.002538413519
21.99	-0.002598908508
22	-0.002657960357
22.01	-0.002715558728
22.02	-0.002771693901
22.03	-0.002826356776
22.04	-0.002879538869
22.05	-0.002931232311
22.06	-0.002981429848
22.07	-0.003030124834
22.08	-0.003077311235
22.09	-0.003122983622
22.1	-0.003167137166
22.11	-0.003209767643
22.12	-0.003250871422
22.13	-0.003290445469
22.14	-0.003328487336
22.15	-0.003364995164
22.16	-0.003399967676
22.17	-0.003433404172
22.18	-0.003465304525
22.19	-0.003495669178
22.2	-0.00352449914
22.21	-0.003551795976
22.22	-0.003577561808
22.23	-0.003601799306
22.24	-0.003624511686
22.25	-0.0036457027
22.26	-0.003665376633
22.27	-0.003683538299
22.28	-0.003700193031
22.29	-0.003715346677
22.3	-0.003729005593
22.31	-0.00374117664
22.32	-0.00375186717
22.33	-0.003761085028
22.34	-0.003768838539
22.35	-0.003775136504
22.36	-0.003779988191
22.37	-0.00378340333
22.38	-0.003785392106
22.39	-0.003785965147
22.4	-0.003785133523
22.41	-0.003782908734
22.42	-0.003779302703
22.43	-0.00377432777
22.44	-0.003767996682
22.45	-0.003760322586
22.46	-0.003751319022
22.47	-0.003740999912
22.48	-0.003729379555
22.49	-0.003716472617
22.5	-0.003702294123
22.51	-0.003686859447
22.52	-0.003670184307
22.53	-0.003652284754
22.54	-0.003633177164
22.55	-0.003612878229
22.56	-0.003591404947
22.57	-0.003568774618
22.58	-0.00354500483
22.59	-0.003520113453
22.6	-0.003494118629
22.61	-0.003467038763
22.62	-0.003438892515
22.63	-0.003409698792
22.64	-0.003379476735
22.65	-0.003348245716
22.66	-0.003316025324
22.67	-0.003282835357
22.68	-0.003248695815
22.69	-0.00321362689
22.7	-0.003177648955
22.71	-0.00314078256
22.72	-0.003103048418
22.73	-0.003064467396
22.74	-0.003025060511
22.75	-0.002984848917
22.76	-0.002943853896
22.77	-0.002902096851
22.78	-0.002859599297
22.79	-0.00281638285
22.8	-0.00277246922
22.81	-0.002727880202
22.82	-0.002682637667
22.83	-0.002636763555
22.84	-0.002590279862
22.85	-0.002543208635
22.86	-0.002495571965
22.87	-0.002447391972
22.88	-0.002398690804
22.89	-0.002349490624
22.9	-0.002299813603
22.91	-0.002249681912
22.92	-0.002199117713
22.93	-0.002148143151
22.94	-0.002096780347
22.95	-0.00204505139
22.96	-0.001992978326
22.97	-0.001940583156
22.98	-0.001887887823
22.99	-0.001834914204
23	-0.001781684109
23.01	-0.001728219266
23.02	-0.001674541317
23.03	-0.001620671811
23.04	-0.001566632196
23.05	-0.001512443813
23.06	-0.001458127886
23.07	-0.001403705518
23.08	-0.001349197684
23.09	-0.001294625221
23.1	-0.001240008828
23.11	-0.001185369051
23.12	-0.001130726283
23.13	-0.001076100757
23.14	-0.001021512535
23.15	-0.0009669815082
23.16	-0.0009125273868
23.17	-0.000858169696
23.18	-0.0008039277695
23.19	-0.0007498207444
23.2	-0.0006958675551
23.21	-0.0006420869286
23.22	-0.0005884973785
23.23	-0.0005351172005
23.24	-0.000481964467
23.25	-0.0004290570223
23.26	-0.0003764124777
23.27	-0.0003240482071
23.28	-0.0002719813422
23.29	-0.0002202287682
23.3	-0.0001688071197
23.31	-0.0001177327762
23.32	-6.702185835e-05
23.33	-1.669022381e-05
23.34	3.324653624e-05
23.35	8.277310093e-05
23.36	0.0001318744232
23.37	0.000180535733
23.38	0.0002287425409
23.39	0.0002764806409
23.4	0.0003237361135
23.41	0.0003704953286
23.42	0.0004167449483
23.43	0.0004624719294
23.44	0.0005076635258
23.45	0.0005523072912
23.46	0.0005963910808
23.47	0.0006399030538
23.48	0.0006828316752
23.49	0.0007251657176
23.5	0.000766894263
23.51	0.0008080067043
23.52	0.0008484927468
23.53	0.0008883424094
23.54	0.0009275460258
23.55	0.0009660942459
23.56	0.001003978036
23.57	0.001041188681
23.58	0.001077717783
23.59	0.001113557264
23.6	0.001148699365
23.61	0.001183136647
23.62	0.00121686199
23.63	0.001249868595
23.64	0.001282149984
23.65	0.001313699995
23.66	0.00134451279
23.67	0.001374582848
23.68	0.001403904966
23.69	0.00143247426
23.7	0.001460286165
23.71	0.001487336429
23.72	0.001513621117
23.73	0.001539136611
23.74	0.001563879601
23.75	0.001587847095
23.76	0.001611036407
23.77	0.001633445162
23.78	0.001655071293
23.79	0.001675913038
23.8	0.00169596894
23.81	0.001715237843
23.82	0.001733718893
23.83	0.001751411532
23.84	0.0017683155
23.85	0.00178443083
23.86	0.001799757845
23.87	0.00181429716
23.88	0.001828049673
23.89	0.001841016569
23.9	0.001853199311
23.91	0.001864599643
23.92	0.001875219582
23.93	0.001885061421
23.94	0.001894127718
23.95	0.001902421302
23.96	0.001909945261
23.97	0.001916702946
23.98	0.001922697964
23.99	0.001927934173
24	0.001932415685
24.01	0.001936146856
24.02	0.001939132284
24.03	0.001941376807
24.04	0.001942885499
24.05	0.001943663666
24.06	0.001943716839
24.07	0.001943050778
24.08	0.001941671458
24.09	0.001939585073
24.1	0.001936798028
24.11	0.001933316938
24.12	0.00192914862
24.13	0.001924300091
24.14	0.001918778564
24.15	0.001912591444
24.16	0.001905746322
24.17	0.001898250972
24.18	0.001890113349
24.19	0.001881341578
24.2	0.001871943956
24.21	0.001861928946
24.22	0.001851305171
24.23	0.001840081411
24.24	0.001828266596
24.25	0.001815869806
24.26	0.001802900262
24.27	0.001789367325
24.28	0.001775280488
24.29	0.001760649374
24.3	0.001745483731
24.31	0.001729793426
24.32	0.001713588443
24.33	0.001696878875
24.34	0.001679674923
24.35	0.001661986887
24.36	0.001643825167
24.37	0.001625200253
24.38	0.001606122723
24.39	0.00158660324
24.4	0.001566652543
24.41	0.001546281446
24.42	0.001525500833
24.43	0.001504321652
24.44	0.00148275491
24.45	0.001460811672
24.46	0.001438503052
24.47	0.001415840212
24.48	0.001392834356
24.49	0.001369496723
24.5	0.001345838589
24.51	0.001321871257
24.52	0.001297606053
24.53	0.001273054324
24.54	0.001248227434
24.55	0.001223136755
24.56	0.00119779367
24.57	0.00117220956
24.58	0.001146395809
24.59	0.001120363791
24.6	0.001094124874
24.61	0.001067690409
24.62	0.00104107173
24.63	0.00101428015
24.64	0.0009873269524
24.65	0.0009602233942
24.66	0.0009329806964
24.67	0.0009056100422
24.68	0.0008781225733
24.69	0.0008505293857
24.7	0.0008228415261
24.71	0.0007950699883
24.72	0.0007672257091
24.73	0.0007393195655
24.74	0.0007113623703
24.75	0.0006833648694
24.76	0.0006553377378
24.77	0.0006272915762
24.78	0.0005992369083
24.79	0.0005711841767
24.8	0.0005431437403
24.81	0.0005151258708
24.82	0.0004871407499
24.83	0.0004591984657
24.84	0.0004313090105
24.85	0.0004034822772
24.86	0.0003757280566
24.87	0.0003480560348
24.88	0.0003204757905
24.89	0.0002929967917
24.9	0.0002656283939
24.91	0.000238379837
24.92	0.000211260243
24.93	0.0001842786133
24.94	0.000157443827
24.95	0.0001307646378
24.96	0.0001042496721
24.97	7.790742703e-05
24.98	5.174626805e-05
24.99	2.577442696e-05
25	7.340738084e-18
25.01	-2.556905413e-05
25.02	-5.09249161e-05
25.03	-7.60599077e-05
25.04	-0.0001009664936
25.05	-0.000125637283
25.06	-0.0001500650311
25.07	-0.0001742426408
25.08	-0.0001981631641
25.09	-0.0002218198033
25.1	-0.0002452059125
25.11	-0.0002683149989
25.12	-0.0002911407237
25.13	-0.0003136769035
25.14	-0.0003359175114
25.15	-0.0003578566775
25.16	-0.0003794886904
25.17	-0.0004008079977
25.18	-0.0004218092069
25.19	-0.0004424870861
25.2	-0.0004628365648
25.21	-0.0004828527341
25.22	-0.0005025308475
25.23	-0.0005218663217
25.24	-0.0005408547361
25.25	-0.0005594918342
25.26	-0.0005777735228
25.27	-0.0005956958733
25.28	-0.0006132551208
25.29	-0.0006304476649
25.3	-0.0006472700697
25.31	-0.0006637190632
25.32	-0.0006797915377
25.33	-0.0006954845496
25.34	-0.000710795319
25.35	-0.0007257212295
25.36	-0.0007402598279
25.37	-0.0007544088238
25.38	-0.000768166089
25.39	-0.0007815296574
25.4	-0.0007944977238
25.41	-0.0008070686439
25.42	-0.0008192409334
25.43	-0.000831013267
25.44	-0.0008423844782
25.45	-0.0008533535578
25.46	-0.0008639196535
25.47	-0.000874082069
25.48	-0.0008838402625
25.49	-0.0008931938462
25.5	-0.0009021425851
25.51	-0.0009106863955
25.52	-0.0009188253444
25.53	-0.0009265596479
25.54	-0.0009338896699
25.55	-0.0009408159211
25.56	-0.0009473390574
25.57	-0.0009534598784
25.58	-0.0009591793263
25.59	-0.0009644984841
25.6	-0.0009694185743
25.61	-0.0009739409571
25.62	-0.0009780671292
25.63	-0.0009817987216
25.64	-0.0009851374983
25.65	-0.0009880853547
25.66	-0.0009906443155
25.67	-0.0009928165331
25.68	-0.0009946042857
25.69	-0.0009960099758
25.7	-0.0009970361277
25.71	-0.0009976853862
25.72	-0.0009979605142
25.73	-0.0009978643912
25.74	-0.0009974000109
25.75	-0.0009965704792
25.76	-0.0009953790125
25.77	-0.0009938289354
25.78	-0.0009919236786
25.79	-0.0009896667767
25.8	-0.0009870618663
25.81	-0.0009841126836
25.82	-0.0009808230627
25.83	-0.0009771969325
25.84	-0.0009732383154
25.85	-0.0009689513248
25.86	-0.0009643401624
25.87	-0.0009594091166
25.88	-0.0009541625597
25.89	-0.0009486049461
25.9	-0.0009427408096
25.91	-0.0009365747611
25.92	-0.0009301114867
25.93	-0.0009233557449
25.94	-0.0009163123643
25.95	-0.0009089862418
25.96	-0.0009013823395
25.97	-0.0008935056827
25.98	-0.0008853613578
25.99	-0.0008769545093
26	-0.0008682903382
26.01	-0.0008593740988
26.02	-0.0008502110969
26.03	-0.0008408066876
26.04	-0.000831166272
26.05	-0.000821295296
26.06	-0.0008111992471
26.07	-0.0008008836522
26.08	-0.0007903540757
26.09	-0.0007796161165
26.1	-0.0007686754061
26.11	-0.000757537606
26.12	-0.0007462084055
26.13	-0.0007346935195
26.14	-0.0007229986858
26.15	-0.0007111296632
26.16	-0.0006990922289
26.17	-0.0006868921766
26.18	-0.0006745353136
26.19	-0.0006620274591
26.2	-0.000649374442
26.21	-0.000636582098
26.22	-0.0006236562681
26.23	-0.0006106027961
26.24	-0.0005974275265
26.25	-0.000584136302
26.26	-0.0005707349618
26.27	-0.0005572293395
26.28	-0.0005436252604
26.29	-0.0005299285401
26.3	-0.000516144982
26.31	-0.0005022803752
26.32	-0.000488340493
26.33	-0.0004743310903
26.34	-0.0004602579018
26.35	-0.0004461266404
26.36	-0.0004319429945
26.37	-0.0004177126271
26.38	-0.0004034411728
26.39	-0.0003891342369
26.4	-0.0003747973929
26.41	-0.0003604361812
26.42	-0.0003460561069
26.43	-0.0003316626381
26.44	-0.0003172612045
26.45	-0.0003028571955
26.46	-0.0002884559583
26.47	-0.0002740627966
26.48	-0.0002596829688
26.49	-0.0002453216866
26.5	-0.0002309841132
26.51	-0.0002166753618
26.52	-0.0002024004944
26.53	-0.00018816452
26.54	-0.0001739723933
26.55	-0.0001598290135
26.56	-0.0001457392225
26.57	-0.0001317078039
26.58	-0.0001177394815
26.59	-0.0001038389183
26.6	-9.001071505e-05
26.61	-7.625940893e-05
26.62	-6.258947266e-05
26.63	-4.90053132e-05
26.64	-3.551127068e-05
26.65	-2.211161731e-05
26.66	-8.810556357e-06
26.67	4.387778872e-06
26.68	1.747932598e-05
26.69	3.046009445e-05
26.7	4.332616651e-05
26.71	5.607369803e-05
26.72	6.869891934e-05
26.73	8.119813606e-05
26.74	9.356772983e-05
26.75	0.0001058041591
26.76	0.0001179039596
26.77	0.0001298637455
26.78	0.0001416802095
26.79	0.0001533501237
26.8	0.0001648703402
26.81	0.0001762377914
26.82	0.0001874494907
26.83	0.000198502533
26.84	0.0002093940949
26.85	0.0002201214352
26.86	0.0002306818954
26.87	0.0002410728998
26.88	0.0002512919559
26.89	0.0002613366546
26.9	0.0002712046706
26.91	0.0002808937623
26.92	0.0002904017724
26.93	0.0002997266275
26.94	0.0003088663385
26.95	0.0003178190008
26.96	0.0003265827938
26.97	0.0003351559816
26.98	0.0003435369125
26.99	0.000351724019
27	0.0003597158178
27.01	0.0003675109096
27.02	0.0003751079792
27.03	0.0003825057948
27.04	0.0003897032084
27.05	0.0003966991551
27.06	0.0004034926529
27.07	0.0004100828027
27.08	0.0004164687877
27.09	0.000422649873
27.1	0.0004286254054
27.11	0.0004343948131
27.12	0.0004399576047
27.13	0.0004453133695
27.14	0.0004504617764
27.15	0.0004554025737
27.16	0.0004601355885
27.17	0.0004646607261
27.18	0.0004689779694
27.19	0.0004730873784
27.2	0.0004769890893
27.21	0.0004806833144
27.22	0.0004841703405
27.23	0.0004874505292
27.24	0.0004905243156
27.25	0.0004933922075
27.26	0.0004960547848
27.27	0.000498512699
27.28	0.0005007666719
27.29	0.0005028174948
27.3	0.0005046660282
27.31	0.0005063132002
27.32	0.0005077600061
27.33	0.0005090075075
27.34	0.0005100568311
27.35	0.000510909168
27.36	0.0005115657724
27.37	0.0005120279613
27.38	0.0005122971128
27.39	0.0005123746655
27.4	0.0005122621175
27.41	0.000511961025
27.42	0.0005114730018
27.43	0.0005107997178
27.44	0.0005099428982
27.45	0.0005089043223
27.46	0.0005076858223
27.47	0.0005062892827
27.48	0.0005047166384
27.49	0.0005029698743
27.5	0.0005010510237
27.51	0.0004989621675
27.52	0.0004967054327
27.53	0.0004942829917
27.54	0.0004916970606
27.55	0.0004889498984
27.56	0.0004860438058
27.57	0.0004829811238
27.58	0.0004797642328
27.59	0.0004763955512
27.6	0.0004728775343
27.61	0.0004692126729
27.62	0.0004654034925
27.63	0.0004614525517
27.64	0.0004573624412
27.65	0.0004531357824
27.66	0.0004487752264
27.67	0.0004442834528
27.68	0.0004396631683
27.69	0.0004349171053
27.7	0.0004300480214
27.71	0.0004250586974
27.72	0.0004199519365
27.73	0.000414730563
27.74	0.0004093974211
27.75	0.0004039553736
27.76	0.0003984073008
27.77	0.0003927560993
27.78	0.0003870046808
27.79	0.0003811559707
27.8	0.0003752129071
27.81	0.0003691784397
27.82	0.0003630555285
27.83	0.0003568471425
27.84	0.0003505562588
27.85	0.000344185861
27.86	0.0003377389387
27.87	0.0003312184857
27.88	0.0003246274994
27.89	0.0003179689791
27.9	0.0003112459254
27.91	0.0003044613388
27.92	0.0002976182185
27.93	0.0002907195617
27.94	0.0002837683621
27.95	0.0002767676091
27.96	0.0002697202863
27.97	0.0002626293711
27.98	0.0002554978332
27.99	0.0002483286336
28	0.0002411247235
28.01	0.0002338890438
28.02	0.0002266245234
28.03	0.0002193340786
28.04	0.000212020612
28.05	0.0002046870118
28.06	0.0001973361504
28.07	0.0001899708839
28.08	0.0001825940506
28.09	0.000175208471
28.1	0.0001678169459
28.11	0.0001604222562
28.12	0.0001530271618
28.13	0.0001456344007
28.14	0.0001382466883
28.15	0.0001308667163
28.16	0.0001234971524
28.17	0.0001161406389
28.18	0.0001087997924
28.19	0.0001014772028
28.2	9.417543267e-05
28.21	8.689701634e-05
28.22	7.96444594e-05
28.23	7.24202379e-05
28.24	6.522679765e-05
28.25	5.806655364e-05
28.26	5.094188928e-05
28.27	4.385515589e-05
28.28	3.680867198e-05
28.29	2.980472273e-05
28.3	2.284555936e-05
28.31	1.593339862e-05
28.32	9.070422182e-06
28.33	2.258776166e-06
28.34	-4.499429399e-06
28.35	-1.120212106e-05
28.36	-1.784726241e-05
28.37	-2.443285456e-05
28.38	-3.095693656e-05
28.39	-3.741758584e-05
28.4	-4.381291861e-05
28.41	-5.014109023e-05
28.42	-5.640029561e-05
28.43	-6.258876955e-05
28.44	-6.870478705e-05
28.45	-7.474666368e-05
28.46	-8.071275583e-05
28.47	-8.660146103e-05
28.48	-9.241121816e-05
28.49	-9.814050778e-05
28.5	-0.0001037878523
28.51	-0.0001093518162
28.52	-0.0001148310062
28.53	-0.0001202240716
28.54	-0.0001255297041
28.55	-0.0001307466384
28.56	-0.0001358736519
28.57	-0.000140909565
28.58	-0.0001458532414
28.59	-0.0001507035877
28.6	-0.0001554595539
28.61	-0.0001601201332
28.62	-0.0001646843621
28.63	-0.0001691513204
28.64	-0.0001735201312
28.65	-0.0001777899609
28.66	-0.0001819600192
28.67	-0.000186029559
28.68	-0.0001899978762
28.69	-0.0001938643098
28.7	-0.0001976282417
28.71	-0.0002012890969
28.72	-0.0002048463426
28.73	-0.0002082994891
28.74	-0.0002116480888
28.75	-0.0002148917363
28.76	-0.0002180300684
28.77	-0.0002210627636
28.78	-0.0002239895422
28.79	-0.0002268101657
28.8	-0.0002295244369
28.81	-0.0002321321993
28.82	-0.0002346333374
28.83	-0.0002370277758
28.84	-0.0002393154791
28.85	-0.0002414964518
28.86	-0.0002435707377
28.87	-0.00024553842
28.88	-0.0002473996203
28.89	-0.0002491544988
28.9	-0.0002508032536
28.91	-0.0002523461208
28.92	-0.0002537833733
28.93	-0.0002551153213
28.94	-0.0002563423113
28.95	-0.0002574647257
28.96	-0.0002584829829
28.97	-0.0002593975361
28.98	-0.0002602088735
28.99	-0.0002609175174
29	-0.0002615240241
29.01	-0.0002620289831
29.02	-0.0002624330168
29.03	-0.00026273678
29.04	-0.0002629409593
29.05	-0.0002630462727
29.06	-0.000263053469
29.07	-0.0002629633273
29.08	-0.0002627766567
29.09	-0.0002624942952
29.1	-0.0002621171097
29.11	-0.0002616459954
29.12	-0.0002610818749
29.13	-0.0002604256978
29.14	-0.0002596784404
29.15	-0.0002588411047
29.16	-0.0002579147182
29.17	-0.000256900333
29.18	-0.0002557990254
29.19	-0.0002546118953
29.2	-0.0002533400655
29.21	-0.0002519846813
29.22	-0.0002505469097
29.23	-0.0002490279389
29.24	-0.0002474289776
29.25	-0.0002457512545
29.26	-0.0002439960176
29.27	-0.0002421645337
29.28	-0.0002402580876
29.29	-0.0002382779817
29.3	-0.0002362255351
29.31	-0.0002341020832
29.32	-0.0002319089773
29.33	-0.0002296475832
29.34	-0.0002273192814
29.35	-0.0002249254661
29.36	-0.0002224675445
29.37	-0.0002199469365
29.38	-0.0002173650736
29.39	-0.0002147233988
29.4	-0.0002120233656
29.41	-0.0002092664375
29.42	-0.0002064540874
29.43	-0.0002035877968
29.44	-0.0002006690557
29.45	-0.0001976993614
29.46	-0.000194680218
29.47	-0.0001916131361
29.48	-0.000188499632
29.49	-0.0001853412269
29.5	-0.0001821394467
29.51	-0.0001788958209
29.52	-0.0001756118827
29.53	-0.0001722891675
29.54	-0.0001689292133
29.55	-0.0001655335592
29.56	-0.0001621037456
29.57	-0.0001586413129
29.58	-0.0001551478015
29.59	-0.000151624751
29.6	-0.0001480736997
29.61	-0.0001444961839
29.62	-0.0001408937375
29.63	-0.0001372678913
29.64	-0.0001336201728
29.65	-0.000129952105
29.66	-0.0001262652068
29.67	-0.0001225609916
29.68	-0.0001188409672
29.69	-0.0001151066353
29.7	-0.000111359491
29.71	-0.0001076010221
29.72	-0.0001038327086
29.73	-0.0001000560228
29.74	-9.627242787e-05
29.75	-9.248337816e-05
29.76	-8.869031835e-05
29.77	-8.489468314e-05
29.78	-8.10978967e-05
29.79	-7.730137233e-05
29.8	-7.350651193e-05
29.81	-6.971470563e-05
29.82	-6.592733136e-05
29.83	-6.214575442e-05
29.84	-5.83713271e-05
29.85	-5.460538826e-05
29.86	-5.084926296e-05
29.87	-4.710426206e-05
29.88	-4.337168188e-05
29.89	-3.96528038e-05
29.9	-3.594889393e-05
29.91	-3.226120276e-05
29.92	-2.859096482e-05
29.93	-2.493939833e-05
29.94	-2.130770492e-05
29.95	-1.769706929e-05
29.96	-1.41086589e-05
29.97	-1.05436237e-05
29.98	-7.003095843e-06
29.99	-3.488189373e-06
30	-4.063224596e-19
