temps	angle
0	0
0.01	0.6257845413
0.02	1.246419019
0.03	1.861782058
0.04	2.471754628
0.05	3.076220062
0.06	3.675064058
0.07	4.268174702
0.08	4.855442466
0.09	5.436760229
0.1	6.012023277
0.11	6.581129317
0.12	7.14397848
0.13	7.700473332
0.14	8.250518879
0.15	8.794022568
0.16	9.3308943
0.17	9.861046425
0.18	10.38439375
0.19	10.90085355
0.2	11.41034555
0.21	11.91279195
0.22	12.40811739
0.23	12.89624901
0.24	13.37711638
0.25	13.85065155
0.26	14.31678903
0.27	14.77546578
0.28	15.22662122
0.29	15.67019722
0.3	16.10613809
0.31	16.53439059
0.32	16.95490392
0.33	17.3676297
0.34	17.77252197
0.35	18.16953721
0.36	18.55863427
0.37	18.93977444
0.38	19.31292137
0.39	19.67804112
0.4	20.03510208
0.41	20.38407504
0.42	20.72493312
0.43	21.05765179
0.44	21.38220883
0.45	21.69858435
0.46	22.00676073
0.47	22.30672267
0.48	22.59845713
0.49	22.88195332
0.5	23.1572027
0.51	23.42419894
0.52	23.68293795
0.53	23.9334178
0.54	24.17563877
0.55	24.40960326
0.56	24.63531585
0.57	24.85278322
0.58	25.06201415
0.59	25.26301954
0.6	25.45581231
0.61	25.64040746
0.62	25.816822
0.63	25.98507495
0.64	26.1451873
0.65	26.29718203
0.66	26.44108405
0.67	26.57692017
0.68	26.70471913
0.69	26.82451151
0.7	26.93632978
0.71	27.0402082
0.72	27.13618286
0.73	27.22429162
0.74	27.3045741
0.75	27.37707166
0.76	27.44182734
0.77	27.4988859
0.78	27.54829373
0.79	27.59009886
0.8	27.62435094
0.81	27.65110118
0.82	27.67040237
0.83	27.6823088
0.84	27.68687627
0.85	27.68416208
0.86	27.67422496
0.87	27.65712505
0.88	27.6329239
0.89	27.60168444
0.9	27.56347091
0.91	27.51834889
0.92	27.46638524
0.93	27.40764806
0.94	27.3422067
0.95	27.27013171
0.96	27.1914948
0.97	27.10636883
0.98	27.01482779
0.99	26.91694675
1	26.81280184
1.01	26.70247023
1.02	26.58603008
1.03	26.46356053
1.04	26.33514169
1.05	26.20085455
1.06	26.06078102
1.07	25.91500387
1.08	25.76360667
1.09	25.60667385
1.1	25.44429056
1.11	25.27654274
1.12	25.10351702
1.13	24.92530075
1.14	24.7419819
1.15	24.55364913
1.16	24.36039165
1.17	24.16229928
1.18	23.95946239
1.19	23.75197187
1.2	23.53991908
1.21	23.32339587
1.22	23.10249453
1.23	22.87730774
1.24	22.64792859
1.25	22.41445049
1.26	22.17696722
1.27	21.93557283
1.28	21.69036165
1.29	21.44142827
1.3	21.18886748
1.31	20.93277428
1.32	20.67324384
1.33	20.41037146
1.34	20.14425255
1.35	19.87498263
1.36	19.60265726
1.37	19.32737206
1.38	19.04922265
1.39	18.76830464
1.4	18.4847136
1.41	18.19854504
1.42	17.90989439
1.43	17.61885696
1.44	17.32552793
1.45	17.03000232
1.46	16.73237497
1.47	16.4327405
1.48	16.13119333
1.49	15.82782759
1.5	15.52273718
1.51	15.21601567
1.52	14.90775631
1.53	14.59805204
1.54	14.28699542
1.55	13.9746786
1.56	13.66119338
1.57	13.34663108
1.58	13.03108262
1.59	12.71463841
1.6	12.39738842
1.61	12.07942207
1.62	11.76082829
1.63	11.44169545
1.64	11.12211135
1.65	10.80216322
1.66	10.48193768
1.67	10.16152076
1.68	9.840997806
1.69	9.520453558
1.7	9.199972062
1.71	8.879636684
1.72	8.559530087
1.73	8.239734215
1.74	7.92033028
1.75	7.601398741
1.76	7.283019294
1.77	6.965270856
1.78	6.64823155
1.79	6.331978689
1.8	6.016588766
1.81	5.702137438
1.82	5.388699515
1.83	5.076348943
1.84	4.765158797
1.85	4.455201264
1.86	4.146547635
1.87	3.839268289
1.88	3.533432688
1.89	3.22910936
1.9	2.926365893
1.91	2.625268922
1.92	2.325884121
1.93	2.028276191
1.94	1.732508855
1.95	1.438644845
1.96	1.146745894
1.97	0.856872732
1.98	0.5690850719
1.99	0.2834416066
2	2.201077111e-15
2.01	-0.2811831197
2.02	-0.5600521667
2.03	-0.8365526033
2.04	-1.110630947
2.05	-1.382234774
2.06	-1.651312726
2.07	-1.917814517
2.08	-2.181690934
2.09	-2.442893842
2.1	-2.701376191
2.11	-2.957092019
2.12	-3.20999645
2.13	-3.460045706
2.14	-3.707197101
2.15	-3.951409051
2.16	-4.19264107
2.17	-4.430853775
2.18	-4.666008888
2.19	-4.898069235
2.2	-5.126998747
2.21	-5.352762465
2.22	-5.575326535
2.23	-5.794658209
2.24	-6.010725847
2.25	-6.223498915
2.26	-6.432947986
2.27	-6.639044735
2.28	-6.841761941
2.29	-7.041073485
2.3	-7.236954345
2.31	-7.429380598
2.32	-7.618329416
2.33	-7.803779063
2.34	-7.985708889
2.35	-8.164099333
2.36	-8.338931914
2.37	-8.510189231
2.38	-8.677854955
2.39	-8.84191383
2.4	-9.002351663
2.41	-9.159155323
2.42	-9.312312732
2.43	-9.461812867
2.44	-9.607645745
2.45	-9.749802427
2.46	-9.888275003
2.47	-10.02305659
2.48	-10.15414133
2.49	-10.28152438
2.5	-10.4052019
2.51	-10.52517105
2.52	-10.64142998
2.53	-10.75397783
2.54	-10.86281472
2.55	-10.96794175
2.56	-11.06936095
2.57	-11.16707534
2.58	-11.26108886
2.59	-11.3514064
2.6	-11.43803378
2.61	-11.52097772
2.62	-11.60024589
2.63	-11.67584681
2.64	-11.74778993
2.65	-11.81608556
2.66	-11.88074491
2.67	-11.94178001
2.68	-11.99920378
2.69	-12.05302997
2.7	-12.10327316
2.71	-12.14994874
2.72	-12.19307294
2.73	-12.23266275
2.74	-12.268736
2.75	-12.30131125
2.76	-12.33040785
2.77	-12.35604591
2.78	-12.37824628
2.79	-12.39703054
2.8	-12.41242099
2.81	-12.42444065
2.82	-12.43311323
2.83	-12.43846314
2.84	-12.44051544
2.85	-12.43929587
2.86	-12.43483083
2.87	-12.42714735
2.88	-12.41627307
2.89	-12.40223628
2.9	-12.38506583
2.91	-12.3647912
2.92	-12.34144243
2.93	-12.31505011
2.94	-12.28564541
2.95	-12.25326003
2.96	-12.21792619
2.97	-12.17967663
2.98	-12.13854459
2.99	-12.0945638
3	-12.04776848
3.01	-11.99819329
3.02	-11.94587335
3.03	-11.89084424
3.04	-11.83314193
3.05	-11.77280283
3.06	-11.70986374
3.07	-11.64436184
3.08	-11.5763347
3.09	-11.50582023
3.1	-11.43285672
3.11	-11.35748277
3.12	-11.2797373
3.13	-11.19965956
3.14	-11.1172891
3.15	-11.03266573
3.16	-10.94582954
3.17	-10.85682091
3.18	-10.76568042
3.19	-10.67244891
3.2	-10.57716745
3.21	-10.47987731
3.22	-10.38061994
3.23	-10.27943699
3.24	-10.17637029
3.25	-10.07146182
3.26	-9.964753709
3.27	-9.856288217
3.28	-9.746107732
3.29	-9.634254753
3.3	-9.520771876
3.31	-9.405701785
3.32	-9.289087241
3.33	-9.170971064
3.34	-9.051396131
3.35	-8.930405356
3.36	-8.808041681
3.37	-8.684348067
3.38	-8.559367481
3.39	-8.433142882
3.4	-8.305717214
3.41	-8.177133393
3.42	-8.047434295
3.43	-7.916662749
3.44	-7.784861519
3.45	-7.652073303
3.46	-7.518340711
3.47	-7.383706267
3.48	-7.248212387
3.49	-7.111901376
3.5	-6.974815417
3.51	-6.836996557
3.52	-6.698486702
3.53	-6.559327603
3.54	-6.419560851
3.55	-6.279227861
3.56	-6.138369869
3.57	-5.997027919
3.58	-5.855242854
3.59	-5.713055308
3.6	-5.570505696
3.61	-5.427634208
3.62	-5.284480795
3.63	-5.141085164
3.64	-4.997486771
3.65	-4.853724809
3.66	-4.709838201
3.67	-4.565865595
3.68	-4.42184535
3.69	-4.277815535
3.7	-4.133813916
3.71	-3.989877953
3.72	-3.846044787
3.73	-3.70235124
3.74	-3.5588338
3.75	-3.415528622
3.76	-3.272471515
3.77	-3.129697939
3.78	-2.987242995
3.79	-2.845141425
3.8	-2.703427598
3.81	-2.562135508
3.82	-2.421298771
3.83	-2.280950612
3.84	-2.141123866
3.85	-2.001850969
3.86	-1.863163953
3.87	-1.725094443
3.88	-1.587673649
3.89	-1.450932364
3.9	-1.314900955
3.91	-1.179609365
3.92	-1.045087103
3.93	-0.91136324
3.94	-0.7784664093
3.95	-0.6464247979
3.96	-0.5152661448
3.97	-0.3850177371
3.98	-0.2557064058
3.99	-0.1273585235
4	-1.978015396e-15
4.01	0.1263437199
4.02	0.2516476599
4.03	0.3758873147
4.04	0.4990386528
4.05	0.621078119
4.06	0.7419826368
4.07	0.8617296105
4.08	0.9802969273
4.09	1.097662959
4.1	1.213806566
4.11	1.328707094
4.12	1.44234438
4.13	1.554698753
4.14	1.665751033
4.15	1.775482536
4.16	1.883875069
4.17	1.990910937
4.18	2.09657294
4.19	2.200844375
4.2	2.303709036
4.21	2.405151214
4.22	2.505155697
4.23	2.60370777
4.24	2.700793218
4.25	2.796398321
4.26	2.890509855
4.27	2.983115094
4.28	3.074201806
4.29	3.163758255
4.3	3.251773199
4.31	3.338235888
4.32	3.423136065
4.33	3.506463962
4.34	3.588210303
4.35	3.668366296
4.36	3.746923639
4.37	3.823874511
4.38	3.899211578
4.39	3.972927982
4.4	4.045017348
4.41	4.115473773
4.42	4.184291833
4.43	4.251466574
4.44	4.31699351
4.45	4.380868625
4.46	4.443088364
4.47	4.503649636
4.48	4.562549807
4.49	4.619786701
4.5	4.675358591
4.51	4.729264203
4.52	4.781502708
4.53	4.832073718
4.54	4.880977287
4.55	4.928213904
4.56	4.973784489
4.57	5.017690394
4.58	5.059933392
4.59	5.100515679
4.6	5.139439869
4.61	5.176708987
4.62	5.212326468
4.63	5.246296152
4.64	5.278622279
4.65	5.309309486
4.66	5.338362801
4.67	5.365787642
4.68	5.391589806
4.69	5.415775472
4.7	5.43835119
4.71	5.459323882
4.72	5.478700832
4.73	5.496489684
4.74	5.512698437
4.75	5.52733544
4.76	5.540409387
4.77	5.551929311
4.78	5.56190458
4.79	5.570344891
4.8	5.577260267
4.81	5.582661048
4.82	5.58655789
4.83	5.588961756
4.84	5.589883914
4.85	5.589335928
4.86	5.587329657
4.87	5.583877244
4.88	5.578991117
4.89	5.572683978
4.9	5.564968801
4.91	5.555858823
4.92	5.545367542
4.93	5.53350871
4.94	5.520296328
4.95	5.505744637
4.96	5.489868118
4.97	5.472681482
4.98	5.454199665
4.99	5.434437824
5	5.413411329
5.01	5.391135761
5.02	5.3676269
5.03	5.342900725
5.04	5.316973407
5.05	5.289861302
5.06	5.261580945
5.07	5.232149044
5.08	5.201582478
5.09	5.169898287
5.1	5.137113667
5.11	5.103245966
5.12	5.068312676
5.13	5.03233143
5.14	4.995319994
5.15	4.957296262
5.16	4.918278251
5.17	4.878284092
5.18	4.837332031
5.19	4.795440416
5.2	4.752627696
5.21	4.708912414
5.22	4.664313202
5.23	4.618848774
5.24	4.572537922
5.25	4.525399507
5.26	4.477452462
5.27	4.428715774
5.28	4.379208491
5.29	4.328949708
5.3	4.277958565
5.31	4.22625424
5.32	4.173855947
5.33	4.120782928
5.34	4.067054447
5.35	4.012689788
5.36	3.957708244
5.37	3.902129121
5.38	3.845971724
5.39	3.789255355
5.4	3.731999312
5.41	3.674222877
5.42	3.615945316
5.43	3.557185872
5.44	3.497963762
5.45	3.43829817
5.46	3.378208244
5.47	3.317713088
5.48	3.256831763
5.49	3.195583278
5.5	3.133986586
5.51	3.072060581
5.52	3.009824091
5.53	2.947295877
5.54	2.884494627
5.55	2.82143895
5.56	2.758147375
5.57	2.694638343
5.58	2.630930206
5.59	2.567041223
5.6	2.502989554
5.61	2.438793256
5.62	2.374470281
5.63	2.310038471
5.64	2.245515554
5.65	2.18091914
5.66	2.11626672
5.67	2.051575658
5.68	1.986863191
5.69	1.922146423
5.7	1.857442325
5.71	1.792767727
5.72	1.72813932
5.73	1.663573647
5.74	1.599087105
5.75	1.534695938
5.76	1.470416236
5.77	1.406263933
5.78	1.342254801
5.79	1.278404449
5.8	1.214728322
5.81	1.151241694
5.82	1.087959669
5.83	1.024897176
5.84	0.9620689689
5.85	0.8994896222
5.86	0.8371735291
5.87	0.7751348992
5.88	0.7133877562
5.89	0.651945936
5.9	0.5908230842
5.91	0.5300326542
5.92	0.4695879053
5.93	0.4095019006
5.94	0.3497875053
5.95	0.2904573848
5.96	0.2315240031
5.97	0.172999621
5.98	0.1148962945
5.99	0.05722587342
6	1.333169413e-15
6.01	-0.05676989279
6.02	-0.1130725823
6.03	-0.1688970577
6.04	-0.2242325209
6.05	-0.2790683879
6.06	-0.3333942896
6.07	-0.3872000732
6.08	-0.4404758029
6.09	-0.4932117605
6.1	-0.5453984468
6.11	-0.5970265819
6.12	-0.648087106
6.13	-0.6985711801
6.14	-0.7484701863
6.15	-0.7977757286
6.16	-0.8464796332
6.17	-0.894573949
6.18	-0.9420509474
6.19	-0.9889031234
6.2	-1.035123195
6.21	-1.080704103
6.22	-1.125639014
6.23	-1.169921315
6.24	-1.213544619
6.25	-1.256502761
6.26	-1.298789799
6.27	-1.340400015
6.28	-1.381327913
6.29	-1.421568219
6.3	-1.461115883
6.31	-1.499966074
6.32	-1.538114182
6.33	-1.57555582
6.34	-1.612286818
6.35	-1.648303228
6.36	-1.683601317
6.37	-1.718177573
6.38	-1.752028699
6.39	-1.785151615
6.4	-1.817543455
6.41	-1.849201567
6.42	-1.880123515
6.43	-1.910307072
6.44	-1.939750222
6.45	-1.968451161
6.46	-1.996408292
6.47	-2.023620226
6.48	-2.050085779
6.49	-2.075803973
6.5	-2.100774033
6.51	-2.124995386
6.52	-2.148467659
6.53	-2.171190678
6.54	-2.193164468
6.55	-2.214389248
6.56	-2.234865432
6.57	-2.254593627
6.58	-2.273574629
6.59	-2.291809427
6.6	-2.309299192
6.61	-2.326045287
6.62	-2.342049252
6.63	-2.357312815
6.64	-2.37183788
6.65	-2.385626531
6.66	-2.398681028
6.67	-2.411003803
6.68	-2.422597463
6.69	-2.433464783
6.7	-2.443608707
6.71	-2.453032345
6.72	-2.461738969
6.73	-2.469732016
6.74	-2.477015078
6.75	-2.483591908
6.76	-2.489466411
6.77	-2.494642646
6.78	-2.499124823
6.79	-2.5029173
6.8	-2.506024578
6.81	-2.508451306
6.82	-2.51020227
6.83	-2.511282396
6.84	-2.511696749
6.85	-2.511450523
6.86	-2.510549047
6.87	-2.508997778
6.88	-2.5068023
6.89	-2.503968319
6.9	-2.500501667
6.91	-2.49640829
6.92	-2.491694253
6.93	-2.486365737
6.94	-2.480429031
6.95	-2.473890535
6.96	-2.466756755
6.97	-2.459034301
6.98	-2.450729886
6.99	-2.441850318
7	-2.432402505
7.01	-2.422393447
7.02	-2.411830235
7.03	-2.400720048
7.04	-2.389070153
7.05	-2.376887899
7.06	-2.364180715
7.07	-2.35095611
7.08	-2.337221667
7.09	-2.322985042
7.1	-2.308253963
7.11	-2.293036223
7.12	-2.277339685
7.13	-2.261172269
7.14	-2.244541959
7.15	-2.227456794
7.16	-2.209924872
7.17	-2.191954338
7.18	-2.17355339
7.19	-2.154730274
7.2	-2.135493279
7.21	-2.115850737
7.22	-2.09581102
7.23	-2.075382535
7.24	-2.054573728
7.25	-2.033393073
7.26	-2.011849076
7.27	-1.989950271
7.28	-1.967705215
7.29	-1.945122488
7.3	-1.92221069
7.31	-1.89897844
7.32	-1.875434369
7.33	-1.851587125
7.34	-1.827445362
7.35	-1.803017746
7.36	-1.778312946
7.37	-1.753339636
7.38	-1.728106491
7.39	-1.702622184
7.4	-1.676895385
7.41	-1.650934759
7.42	-1.624748963
7.43	-1.598346643
7.44	-1.571736434
7.45	-1.544926955
7.46	-1.517926811
7.47	-1.490744585
7.48	-1.463388843
7.49	-1.435868124
7.5	-1.408190946
7.51	-1.380365798
7.52	-1.352401141
7.53	-1.324305404
7.54	-1.296086983
7.55	-1.267754241
7.56	-1.239315503
7.57	-1.210779055
7.58	-1.182153144
7.59	-1.153445974
7.6	-1.124665704
7.61	-1.095820448
7.62	-1.066918272
7.63	-1.037967193
7.64	-1.008975178
7.65	-0.9799501382
7.66	-0.9508999332
7.67	-0.9218323652
7.68	-0.8927551793
7.69	-0.8636760611
7.7	-0.8346026358
7.71	-0.8055424659
7.72	-0.7765030506
7.73	-0.7474918237
7.74	-0.7185161524
7.75	-0.6895833359
7.76	-0.6607006041
7.77	-0.6318751162
7.78	-0.6031139592
7.79	-0.5744241469
7.8	-0.5458126186
7.81	-0.5172862378
7.82	-0.4888517909
7.83	-0.4605159863
7.84	-0.4322854532
7.85	-0.4041667402
7.86	-0.3761663146
7.87	-0.3482905613
7.88	-0.3205457815
7.89	-0.2929381921
7.9	-0.2654739244
7.91	-0.2381590235
7.92	-0.210999447
7.93	-0.1840010648
7.94	-0.1571696574
7.95	-0.1305109158
7.96	-0.1040304405
7.97	-0.07773374048
7.98	-0.05162623297
7.99	-0.02571324243
8	-7.987088421e-16
8.01	0.02550835712
8.02	0.05080678629
8.03	0.07589033999
8.04	0.1007541663
8.05	0.1253935096
8.06	0.1498037108
8.07	0.1739802078
8.08	0.1979185362
8.09	0.2216143294
8.1	0.2450633191
8.11	0.2682613356
8.12	0.291204308
8.13	0.3138882647
8.14	0.3363093335
8.15	0.3584637417
8.16	0.3803478167
8.17	0.4019579858
8.18	0.4232907764
8.19	0.444342816
8.2	0.4651108329
8.21	0.4855916553
8.22	0.5057822122
8.23	0.5256795327
8.24	0.5452807466
8.25	0.5645830839
8.26	0.5835838749
8.27	0.6022805502
8.28	0.6206706402
8.29	0.6387517755
8.3	0.6565216862
8.31	0.6739782021
8.32	0.6911192521
8.33	0.7079428645
8.34	0.7244471659
8.35	0.7406303819
8.36	0.7564908358
8.37	0.7720269491
8.38	0.7872372405
8.39	0.8021203259
8.4	0.8166749177
8.41	0.8308998247
8.42	0.8447939515
8.43	0.8583562977
8.44	0.8715859579
8.45	0.8844821211
8.46	0.8970440698
8.47	0.9092711797
8.48	0.9211629193
8.49	0.9327188488
8.5	0.94393862
8.51	0.9548219754
8.52	0.9653687475
8.53	0.9755788584
8.54	0.9854523187
8.55	0.9949892271
8.56	1.00418977
8.57	1.013054219
8.58	1.021582933
8.59	1.029776356
8.6	1.037635014
8.61	1.045159519
8.62	1.052350564
8.63	1.059208925
8.64	1.065735458
8.65	1.071931098
8.66	1.077796861
8.67	1.083333841
8.68	1.088543208
8.69	1.09342621
8.7	1.097984169
8.71	1.102218482
8.72	1.106130621
8.73	1.109722128
8.74	1.112994619
8.75	1.115949779
8.76	1.118589364
8.77	1.120915196
8.78	1.122929168
8.79	1.124633238
8.8	1.126029428
8.81	1.127119827
8.82	1.127906586
8.83	1.128391918
8.84	1.128578098
8.85	1.128467462
8.86	1.128062403
8.87	1.127365373
8.88	1.126378881
8.89	1.125105491
8.9	1.123547824
8.91	1.121708551
8.92	1.119590398
8.93	1.117196141
8.94	1.114528607
8.95	1.111590671
8.96	1.108385257
8.97	1.104915335
8.98	1.101183921
8.99	1.097194074
9	1.092948898
9.01	1.088451538
9.02	1.083705181
9.03	1.078713052
9.04	1.073478417
9.05	1.068004578
9.06	1.062294872
9.07	1.056352674
9.08	1.05018139
9.09	1.043784463
9.1	1.037165362
9.11	1.030327591
9.12	1.023274681
9.13	1.016010193
9.14	1.008537713
9.15	1.000860854
9.16	0.9929832533
9.17	0.984908572
9.18	0.9766404934
9.19	0.9681827221
9.2	0.9595389831
9.21	0.95071302
9.22	0.9417085944
9.23	0.9325294847
9.24	0.9231794848
9.25	0.9136624031
9.26	0.9039820615
9.27	0.894142294
9.28	0.884146946
9.29	0.8739998726
9.3	0.8637049383
9.31	0.8532660152
9.32	0.8426869824
9.33	0.8319717246
9.34	0.8211241314
9.35	0.8101480959
9.36	0.7990475138
9.37	0.7878262823
9.38	0.7764882993
9.39	0.765037462
9.4	0.7534776662
9.41	0.7418128052
9.42	0.7300467685
9.43	0.7181834414
9.44	0.7062267037
9.45	0.6941804284
9.46	0.6820484815
9.47	0.6698347202
9.48	0.6575429927
9.49	0.6451771369
9.5	0.6327409792
9.51	0.6202383343
9.52	0.6076730037
9.53	0.5950487751
9.54	0.5823694214
9.55	0.5696386998
9.56	0.5568603511
9.57	0.5440380986
9.58	0.5311756477
9.59	0.5182766846
9.6	0.5053448756
9.61	0.4923838666
9.62	0.4793972819
9.63	0.4663887238
9.64	0.4533617715
9.65	0.4403199805
9.66	0.4272668819
9.67	0.4142059817
9.68	0.4011407599
9.69	0.3880746699
9.7	0.3750111378
9.71	0.3619535618
9.72	0.3489053114
9.73	0.3358697268
9.74	0.3228501184
9.75	0.309849766
9.76	0.296871918
9.77	0.2839197914
9.78	0.2709965705
9.79	0.2581054069
9.8	0.2452494185
9.81	0.2324316894
9.82	0.2196552688
9.83	0.2069231711
9.84	0.1942383749
9.85	0.1816038227
9.86	0.1690224205
9.87	0.1564970371
9.88	0.144030504
9.89	0.1316256144
9.9	0.1192851234
9.91	0.1070117473
9.92	0.09480816297
9.93	0.08267700784
9.94	0.07062087936
9.95	0.05864233462
9.96	0.04674389006
9.97	0.03492802109
9.98	0.02319716178
9.99	0.01155370458
10	4.486037708e-16
10.01	-0.01146164368
10.02	-0.02282896066
10.03	-0.03409972786
10.04	-0.04527176519
10.05	-0.05634293579
10.06	-0.06731114619
10.07	-0.07817434655
10.08	-0.08893053086
10.09	-0.09957773708
10.1	-0.1101140473
10.11	-0.120537588
10.12	-0.1308465301
10.13	-0.1410390888
10.14	-0.1511135244
10.15	-0.1610681417
10.16	-0.1709012905
10.17	-0.1806113654
10.18	-0.1901968061
10.19	-0.1996560972
10.2	-0.2089877687
10.21	-0.2181903955
10.22	-0.2272625975
10.23	-0.2362030399
10.24	-0.245010433
10.25	-0.2536835322
10.26	-0.262221138
10.27	-0.2706220957
10.28	-0.2788852958
10.29	-0.2870096736
10.3	-0.2949942092
10.31	-0.3028379274
10.32	-0.3105398976
10.33	-0.3180992339
10.34	-0.3255150946
10.35	-0.3327866823
10.36	-0.3399132436
10.37	-0.3468940693
10.38	-0.3537284938
10.39	-0.3604158951
10.4	-0.3669556948
10.41	-0.3733473575
10.42	-0.3795903911
10.43	-0.3856843461
10.44	-0.3916288156
10.45	-0.3974234353
10.46	-0.4030678826
10.47	-0.4085618773
10.48	-0.4139051803
10.49	-0.4190975941
10.5	-0.4241389623
10.51	-0.4290291691
10.52	-0.4337681393
10.53	-0.4383558378
10.54	-0.4427922695
10.55	-0.4470774787
10.56	-0.451211549
10.57	-0.4551946028
10.58	-0.4590268011
10.59	-0.4627083431
10.6	-0.466239466
10.61	-0.4696204441
10.62	-0.472851589
10.63	-0.4759332492
10.64	-0.4788658093
10.65	-0.4816496899
10.66	-0.4842853473
10.67	-0.4867732726
10.68	-0.4891139922
10.69	-0.4913080663
10.7	-0.4933560892
10.71	-0.4952586889
10.72	-0.4970165261
10.73	-0.4986302944
10.74	-0.5001007193
10.75	-0.5014285583
10.76	-0.5026146
10.77	-0.5036596639
10.78	-0.5045645999
10.79	-0.5053302876
10.8	-0.5059576364
10.81	-0.5064475842
10.82	-0.5068010977
10.83	-0.5070191715
10.84	-0.5071028278
10.85	-0.5070531157
10.86	-0.5068711108
10.87	-0.506557915
10.88	-0.5061146556
10.89	-0.5055424849
10.9	-0.5048425797
10.91	-0.5040161411
10.92	-0.5030643936
10.93	-0.5019885847
10.94	-0.5007899844
10.95	-0.4994698848
10.96	-0.4980295995
10.97	-0.4964704631
10.98	-0.4947938305
10.99	-0.4930010767
11	-0.4910935961
11.01	-0.4890728021
11.02	-0.4869401263
11.03	-0.4846970184
11.04	-0.4823449452
11.05	-0.4798853905
11.06	-0.4773198544
11.07	-0.4746498526
11.08	-0.4718769163
11.09	-0.4690025913
11.1	-0.4660284377
11.11	-0.4629560292
11.12	-0.4597869526
11.13	-0.4565228076
11.14	-0.4531652059
11.15	-0.4497157708
11.16	-0.4461761366
11.17	-0.4425479484
11.18	-0.4388328612
11.19	-0.4350325396
11.2	-0.4311486573
11.21	-0.4271828964
11.22	-0.4231369472
11.23	-0.4190125074
11.24	-0.4148112816
11.25	-0.4105349811
11.26	-0.4061853233
11.27	-0.4017640308
11.28	-0.3972728314
11.29	-0.3927134574
11.3	-0.3880876452
11.31	-0.3833971347
11.32	-0.3786436689
11.33	-0.3738289932
11.34	-0.3689548554
11.35	-0.3640230047
11.36	-0.3590351917
11.37	-0.3539931673
11.38	-0.3488986832
11.39	-0.3437534903
11.4	-0.3385593393
11.41	-0.3333179793
11.42	-0.3280311582
11.43	-0.3227006218
11.44	-0.3173281132
11.45	-0.3119153728
11.46	-0.3064641377
11.47	-0.300976141
11.48	-0.2954531118
11.49	-0.2898967746
11.5	-0.2843088487
11.51	-0.2786910483
11.52	-0.2730450813
11.53	-0.2673726497
11.54	-0.2616754489
11.55	-0.2559551669
11.56	-0.2502134847
11.57	-0.2444520753
11.58	-0.2386726035
11.59	-0.2328767258
11.6	-0.2270660895
11.61	-0.2212423327
11.62	-0.2154070841
11.63	-0.2095619621
11.64	-0.2037085751
11.65	-0.1978485207
11.66	-0.1919833855
11.67	-0.1861147447
11.68	-0.1802441621
11.69	-0.1743731894
11.7	-0.1685033661
11.71	-0.162636219
11.72	-0.1567732621
11.73	-0.1509159964
11.74	-0.1450659093
11.75	-0.1392244744
11.76	-0.1333931514
11.77	-0.1275733858
11.78	-0.1217666083
11.79	-0.1159742351
11.8	-0.1101976672
11.81	-0.1044382902
11.82	-0.0986974744
11.83	-0.09297657412
11.84	-0.08727692778
11.85	-0.08159985754
11.86	-0.07594666911
11.87	-0.07031865158
11.88	-0.06471707715
11.89	-0.05914320097
11.9	-0.05359826095
11.91	-0.04808347756
11.92	-0.04260005366
11.93	-0.03714917429
11.94	-0.03173200657
11.95	-0.02634969947
11.96	-0.0210033837
11.97	-0.01569417153
11.98	-0.01042315667
11.99	-0.005191414112
12	-2.418848012e-16
12.01	0.005150048482
12.02	0.01025771324
12.03	0.01532199539
12.04	0.02034191536
12.05	0.02531651297
12.06	0.03024484759
12.07	0.03512599816
12.08	0.03995906331
12.09	0.04474316145
12.1	0.04947743082
12.11	0.05416102957
12.12	0.05879313581
12.13	0.06337294768
12.14	0.0678996834
12.15	0.07237258128
12.16	0.07679089983
12.17	0.08115391772
12.18	0.08546093384
12.19	0.08971126735
12.2	0.09390425764
12.21	0.09803926437
12.22	0.1021156675
12.23	0.1061328672
12.24	0.1100902841
12.25	0.1139873588
12.26	0.1178235523
12.27	0.1215983459
12.28	0.1253112411
12.29	0.1289617593
12.3	0.1325494424
12.31	0.1360738522
12.32	0.1395345705
12.33	0.1429311993
12.34	0.1462633603
12.35	0.1495306952
12.36	0.1527328657
12.37	0.1558695528
12.38	0.1589404577
12.39	0.1619453008
12.4	0.1648838222
12.41	0.1677557814
12.42	0.1705609572
12.43	0.1732991477
12.44	0.17597017
12.45	0.1785738605
12.46	0.1811100742
12.47	0.1835786851
12.48	0.1859795859
12.49	0.1883126878
12.5	0.1905779206
12.51	0.1927752321
12.52	0.1949045887
12.53	0.1969659745
12.54	0.1989593918
12.55	0.2008848604
12.56	0.2027424179
12.57	0.2045321193
12.58	0.206254037
12.59	0.2079082605
12.6	0.2094948963
12.61	0.2110140677
12.62	0.2124659147
12.63	0.2138505939
12.64	0.215168278
12.65	0.2164191562
12.66	0.2176034334
12.67	0.2187213304
12.68	0.2197730834
12.69	0.2207589445
12.7	0.2216791805
12.71	0.2225340737
12.72	0.2233239208
12.73	0.2240490336
12.74	0.2247097382
12.75	0.2253063747
12.76	0.2258392976
12.77	0.2263088751
12.78	0.226715489
12.79	0.2270595347
12.8	0.2273414206
12.81	0.2275615684
12.82	0.2277204122
12.83	0.2278183991
12.84	0.2278559883
12.85	0.2278336512
12.86	0.2277518712
12.87	0.2276111432
12.88	0.2274119739
12.89	0.227154881
12.9	0.2268403934
12.91	0.2264690506
12.92	0.2260414029
12.93	0.2255580108
12.94	0.2250194449
12.95	0.224426286
12.96	0.2237791241
12.97	0.2230785589
12.98	0.2223251993
12.99	0.2215196631
13	0.2206625768
13.01	0.2197545756
13.02	0.2187963026
13.03	0.2177884092
13.04	0.2167315546
13.05	0.2156264054
13.06	0.2144736357
13.07	0.2132739266
13.08	0.212027966
13.09	0.2107364485
13.1	0.2094000752
13.11	0.208019553
13.12	0.2065955951
13.13	0.2051289203
13.14	0.2036202526
13.15	0.2020703214
13.16	0.2004798613
13.17	0.1988496112
13.18	0.1971803149
13.19	0.1954727204
13.2	0.1937275796
13.21	0.1919456483
13.22	0.1901276862
13.23	0.1882744559
13.24	0.1863867235
13.25	0.1844652578
13.26	0.1825108305
13.27	0.1805242158
13.28	0.1785061898
13.29	0.176457531
13.3	0.1743790196
13.31	0.1722714374
13.32	0.1701355675
13.33	0.1679721943
13.34	0.165782103
13.35	0.1635660796
13.36	0.1613249107
13.37	0.1590593832
13.38	0.1567702839
13.39	0.1544583997
13.4	0.1521245172
13.41	0.1497694224
13.42	0.1473939005
13.43	0.1449987361
13.44	0.1425847124
13.45	0.1401526114
13.46	0.1377032135
13.47	0.1352372976
13.48	0.1327556407
13.49	0.1302590174
13.5	0.1277482005
13.51	0.12522396
13.52	0.1226870635
13.53	0.1201382757
13.54	0.1175783584
13.55	0.11500807
13.56	0.1124281659
13.57	0.1098393978
13.58	0.1072425137
13.59	0.104638258
13.6	0.1020273708
13.61	0.09941058817
13.62	0.09678864195
13.63	0.09416225936
13.64	0.09153216305
13.65	0.08889907086
13.66	0.08626369572
13.67	0.08362674545
13.68	0.08098892265
13.69	0.07835092457
13.7	0.07571344293
13.71	0.07307716379
13.72	0.07044276747
13.73	0.06781092834
13.74	0.06518231475
13.75	0.06255758885
13.76	0.05993740654
13.77	0.05732241727
13.78	0.05471326398
13.79	0.05211058293
13.8	0.04951500364
13.81	0.04692714876
13.82	0.04434763393
13.83	0.04177706774
13.84	0.03921605155
13.85	0.03666517946
13.86	0.03412503816
13.87	0.03159620687
13.88	0.02907925724
13.89	0.02657475323
13.9	0.02408325107
13.91	0.02160529917
13.92	0.01914143798
13.93	0.0166922
13.94	0.01425810964
13.95	0.01183968317
13.96	0.009437428641
13.97	0.007051845838
13.98	0.004683426191
13.99	0.002332652725
14	1.26800155e-16
14.01	-0.00231406595
14.02	-0.004609087666
14.03	-0.006884616319
14.04	-0.009140211756
14.05	-0.01137544255
14.06	-0.01358988604
14.07	-0.01578312837
14.08	-0.01795476452
14.09	-0.02010439839
14.1	-0.02223164274
14.11	-0.02433611931
14.12	-0.02641745881
14.13	-0.02847530094
14.14	-0.0305092944
14.15	-0.03251909698
14.16	-0.03450437547
14.17	-0.03646480578
14.18	-0.03840007288
14.19	-0.04030987083
14.2	-0.04219390281
14.21	-0.0440518811
14.22	-0.0458835271
14.23	-0.04768857129
14.24	-0.0494667533
14.25	-0.05121782183
14.26	-0.05294153471
14.27	-0.05463765882
14.28	-0.05630597015
14.29	-0.05794625373
14.3	-0.05955830366
14.31	-0.06114192305
14.32	-0.06269692403
14.33	-0.06422312771
14.34	-0.06572036416
14.35	-0.06718847239
14.36	-0.06862730031
14.37	-0.07003670471
14.38	-0.07141655121
14.39	-0.07276671425
14.4	-0.07408707704
14.41	-0.07537753149
14.42	-0.07663797823
14.43	-0.07786832652
14.44	-0.07906849422
14.45	-0.08023840775
14.46	-0.08137800202
14.47	-0.08248722041
14.48	-0.08356601468
14.49	-0.08461434495
14.5	-0.08563217963
14.51	-0.08661949536
14.52	-0.08757627694
14.53	-0.0885025173
14.54	-0.08939821741
14.55	-0.09026338623
14.56	-0.09109804062
14.57	-0.09190220531
14.58	-0.09267591281
14.59	-0.09341920333
14.6	-0.09413212473
14.61	-0.09481473243
14.62	-0.09546708935
14.63	-0.09608926581
14.64	-0.09668133949
14.65	-0.09724339529
14.66	-0.09777552533
14.67	-0.0982778288
14.68	-0.09875041192
14.69	-0.09919338784
14.7	-0.09960687655
14.71	-0.0999910048
14.72	-0.100345906
14.73	-0.1006717202
14.74	-0.1009685939
14.75	-0.1012366799
14.76	-0.1014761376
14.77	-0.1016871324
14.78	-0.1018698358
14.79	-0.1020244255
14.8	-0.102151085
14.81	-0.1022500038
14.82	-0.1023213769
14.83	-0.1023654053
14.84	-0.1023822952
14.85	-0.1023722585
14.86	-0.1023355123
14.87	-0.1022722792
14.88	-0.1021827867
14.89	-0.1020672674
14.9	-0.101925959
14.91	-0.1017591039
14.92	-0.1015669494
14.93	-0.1013497473
14.94	-0.1011077541
14.95	-0.1008412306
14.96	-0.100550442
14.97	-0.1002356578
14.98	-0.09989715149
14.99	-0.09953520075
15	-0.09915008707
15.01	-0.09874209579
15.02	-0.09831151598
15.03	-0.0978586403
15.04	-0.09738376491
15.05	-0.09688718938
15.06	-0.09636921657
15.07	-0.09583015251
15.08	-0.09527030632
15.09	-0.09468999012
15.1	-0.09408951886
15.11	-0.09346921027
15.12	-0.09282938475
15.13	-0.09217036525
15.14	-0.09149247715
15.15	-0.09079604821
15.16	-0.09008140839
15.17	-0.08934888983
15.18	-0.08859882666
15.19	-0.08783155496
15.2	-0.08704741265
15.21	-0.08624673934
15.22	-0.08542987628
15.23	-0.08459716623
15.24	-0.08374895338
15.25	-0.08288558321
15.26	-0.08200740243
15.27	-0.08111475887
15.28	-0.08020800135
15.29	-0.07928747962
15.3	-0.07835354425
15.31	-0.07740654651
15.32	-0.07644683831
15.33	-0.07547477205
15.34	-0.0744907006
15.35	-0.07349497712
15.36	-0.07248795503
15.37	-0.07146998788
15.38	-0.07044142927
15.39	-0.06940263275
15.4	-0.06835395173
15.41	-0.06729573941
15.42	-0.06622834864
15.43	-0.06515213189
15.44	-0.06406744112
15.45	-0.06297462768
15.46	-0.06187404228
15.47	-0.06076603486
15.48	-0.0596509545
15.49	-0.05852914936
15.5	-0.05740096659
15.51	-0.05626675224
15.52	-0.05512685117
15.53	-0.05398160699
15.54	-0.05283136197
15.55	-0.05167645696
15.56	-0.05051723132
15.57	-0.04935402282
15.58	-0.0481871676
15.59	-0.04701700006
15.6	-0.04584385282
15.61	-0.04466805661
15.62	-0.04348994023
15.63	-0.04230983046
15.64	-0.04112805201
15.65	-0.03994492742
15.66	-0.03876077704
15.67	-0.0375759189
15.68	-0.03639066872
15.69	-0.03520533978
15.7	-0.03402024288
15.71	-0.03283568631
15.72	-0.03165197574
15.73	-0.03046941419
15.74	-0.02928830196
15.75	-0.0281089366
15.76	-0.02693161279
15.77	-0.02575662237
15.78	-0.02458425423
15.79	-0.02341479425
15.8	-0.02224852529
15.81	-0.02108572714
15.82	-0.01992667642
15.83	-0.01877164657
15.84	-0.01762090782
15.85	-0.01647472711
15.86	-0.01533336805
15.87	-0.0141970909
15.88	-0.01306615253
15.89	-0.01194080634
15.9	-0.01082130226
15.91	-0.009707886693
15.92	-0.0086008025
15.93	-0.007500288935
15.94	-0.006406581635
15.95	-0.005319912573
15.96	-0.004240510035
15.97	-0.003168598585
15.98	-0.002104399039
15.99	-0.001048128433
16	-6.511426548e-17
16.01	0.001039776856
16.02	0.002070996586
16.03	0.003093457519
16.04	0.00410696188
16.05	0.005111315817
16.06	0.006106329416
16.07	0.007091816719
16.08	0.008067595745
16.09	0.009033488501
16.1	0.009989321003
16.11	0.01093492328
16.12	0.0118701294
16.13	0.01279477747
16.14	0.01370870965
16.15	0.01461177216
16.16	0.01550381529
16.17	0.01638469341
16.18	0.01725426497
16.19	0.0181123925
16.2	0.01895894264
16.21	0.0197937861
16.22	0.0206167977
16.23	0.02142785634
16.24	0.02222684502
16.25	0.02301365083
16.26	0.02378816495
16.27	0.02455028264
16.28	0.02529990324
16.29	0.02603693016
16.3	0.02676127089
16.31	0.02747283695
16.32	0.02817154393
16.33	0.02885731145
16.34	0.02953006315
16.35	0.0301897267
16.36	0.03083623376
16.37	0.03146951998
16.38	0.03208952498
16.39	0.03269619234
16.4	0.03328946958
16.41	0.03386930814
16.42	0.03443566337
16.43	0.03498849449
16.44	0.0355277646
16.45	0.03605344064
16.46	0.03656549335
16.47	0.0370638973
16.48	0.03754863081
16.49	0.03801967597
16.5	0.03847701857
16.51	0.03892064812
16.52	0.0393505578
16.53	0.03976674442
16.54	0.04016920842
16.55	0.04055795383
16.56	0.04093298822
16.57	0.04129432271
16.58	0.0416419719
16.59	0.04197595386
16.6	0.04229629009
16.61	0.04260300551
16.62	0.04289612837
16.63	0.04317569027
16.64	0.04344172612
16.65	0.04369427407
16.66	0.04393337551
16.67	0.04415907501
16.68	0.0443714203
16.69	0.04457046221
16.7	0.04475625466
16.71	0.04492885461
16.72	0.045088322
16.73	0.04523471975
16.74	0.04536811369
16.75	0.04548857253
16.76	0.0455961678
16.77	0.04569097386
16.78	0.0457730678
16.79	0.04584252943
16.8	0.04589944122
16.81	0.04594388828
16.82	0.04597595831
16.83	0.04599574152
16.84	0.04600333064
16.85	0.04599882086
16.86	0.04598230976
16.87	0.04595389727
16.88	0.04591368569
16.89	0.04586177953
16.9	0.04579828557
16.91	0.04572331275
16.92	0.04563697216
16.93	0.04553937698
16.94	0.04543064241
16.95	0.04531088568
16.96	0.04518022595
16.97	0.04503878428
16.98	0.0448866836
16.99	0.04472404865
17	0.04455100591
17.01	0.04436768362
17.02	0.04417421164
17.03	0.04397072148
17.04	0.04375734621
17.05	0.04353422044
17.06	0.04330148025
17.07	0.04305926316
17.08	0.04280770805
17.09	0.04254695517
17.1	0.04227714604
17.11	0.04199842343
17.12	0.04171093129
17.13	0.04141481474
17.14	0.04111021998
17.15	0.04079729429
17.16	0.04047618592
17.17	0.04014704411
17.18	0.039810019
17.19	0.03946526161
17.2	0.03911292375
17.21	0.03875315804
17.22	0.03838611781
17.23	0.03801195707
17.24	0.03763083047
17.25	0.03724289324
17.26	0.03684830118
17.27	0.03644721058
17.28	0.03603977816
17.29	0.03562616109
17.3	0.03520651687
17.31	0.03478100336
17.32	0.03434977867
17.33	0.03391300114
17.34	0.03347082934
17.35	0.03302342194
17.36	0.03257093775
17.37	0.03211353562
17.38	0.03165137444
17.39	0.03118461308
17.4	0.03071341032
17.41	0.03023792488
17.42	0.02975831529
17.43	0.02927473993
17.44	0.02878735695
17.45	0.02829632422
17.46	0.02780179932
17.47	0.0273039395
17.48	0.02680290159
17.49	0.02629884205
17.5	0.02579191686
17.51	0.0252822815
17.52	0.02477009093
17.53	0.02425549955
17.54	0.02373866115
17.55	0.02321972888
17.56	0.02269885522
17.57	0.02217619195
17.58	0.0216518901
17.59	0.02112609993
17.6	0.0205989709
17.61	0.0200706516
17.62	0.01954128979
17.63	0.01901103229
17.64	0.018480025
17.65	0.01794841286
17.66	0.0174163398
17.67	0.01688394872
17.68	0.01635138148
17.69	0.01581877885
17.7	0.01528628049
17.71	0.01475402491
17.72	0.01422214947
17.73	0.01369079031
17.74	0.01316008238
17.75	0.01263015936
17.76	0.01210115368
17.77	0.01157319645
17.78	0.01104641748
17.79	0.01052094524
17.8	0.009996906823
17.81	0.009474427933
17.82	0.008953632872
17.83	0.008434644508
17.84	0.007917584258
17.85	0.007402572064
17.86	0.006889726381
17.87	0.006379164149
17.88	0.005871000782
17.89	0.005365350143
17.9	0.004862324534
17.91	0.004362034672
17.92	0.003864589678
17.93	0.003370097058
17.94	0.002878662689
17.95	0.002390390806
17.96	0.001905383981
17.97	0.00142374312
17.98	0.0009455674402
17.99	0.0004709544629
18	3.291494114e-17
18.01	-0.0004672018577
18.02	-0.0009305587509
18.03	-0.001389980062
18.04	-0.001845376927
18.05	-0.002296662241
18.06	-0.002743750671
18.07	-0.00318655866
18.08	-0.003625004439
18.09	-0.004059008031
18.1	-0.004488491258
18.11	-0.004913377751
18.12	-0.005333592948
18.13	-0.005749064108
18.14	-0.006159720307
18.15	-0.006565492448
18.16	-0.006966313264
18.17	-0.007362117317
18.18	-0.007752841005
18.19	-0.008138422561
18.2	-0.008518802058
18.21	-0.008893921406
18.22	-0.009263724354
18.23	-0.009628156492
18.24	-0.009987165248
18.25	-0.01034069989
18.26	-0.01068871151
18.27	-0.01103115307
18.28	-0.01136797931
18.29	-0.01169914686
18.3	-0.01202461413
18.31	-0.01234434137
18.32	-0.01265829065
18.33	-0.01296642586
18.34	-0.01326871269
18.35	-0.01356511862
18.36	-0.01385561297
18.37	-0.01414016681
18.38	-0.01441875302
18.39	-0.01469134623
18.4	-0.01495792288
18.41	-0.01521846114
18.42	-0.01547294095
18.43	-0.01572134399
18.44	-0.01596365367
18.45	-0.01619985513
18.46	-0.01642993525
18.47	-0.01665388258
18.48	-0.01687168739
18.49	-0.01708334162
18.5	-0.0172888389
18.51	-0.0174881745
18.52	-0.01768134537
18.53	-0.01786835008
18.54	-0.01804918881
18.55	-0.01822386338
18.56	-0.0183923772
18.57	-0.01855473525
18.58	-0.0187109441
18.59	-0.01886101187
18.6	-0.01900494821
18.61	-0.01914276433
18.62	-0.01927447292
18.63	-0.01940008818
18.64	-0.0195196258
18.65	-0.01963310291
18.66	-0.01974053811
18.67	-0.01984195143
18.68	-0.01993736432
18.69	-0.02002679961
18.7	-0.02011028154
18.71	-0.0201878357
18.72	-0.02025948902
18.73	-0.02032526977
18.74	-0.02038520753
18.75	-0.02043933317
18.76	-0.02048767885
18.77	-0.02053027796
18.78	-0.02056716514
18.79	-0.02059837626
18.8	-0.02062394838
18.81	-0.02064391973
18.82	-0.02065832972
18.83	-0.02066721889
18.84	-0.0206706289
18.85	-0.02066860253
18.86	-0.02066118361
18.87	-0.02064841706
18.88	-0.02063034883
18.89	-0.02060702589
18.9	-0.02057849621
18.91	-0.02054480875
18.92	-0.02050601343
18.93	-0.02046216108
18.94	-0.02041330349
18.95	-0.02035949333
18.96	-0.02030078412
18.97	-0.02023723028
18.98	-0.02016888704
18.99	-0.02009581045
19	-0.02001805734
19.01	-0.01993568532
19.02	-0.01984875276
19.03	-0.01975731873
19.04	-0.01966144304
19.05	-0.01956118617
19.06	-0.01945660927
19.07	-0.01934777411
19.08	-0.01923474312
19.09	-0.01911757929
19.1	-0.01899634624
19.11	-0.01887110809
19.12	-0.01874192955
19.13	-0.01860887581
19.14	-0.01847201256
19.15	-0.01833140598
19.16	-0.01818712269
19.17	-0.01803922974
19.18	-0.0178877946
19.19	-0.01773288512
19.2	-0.01757456951
19.21	-0.01741291636
19.22	-0.01724799455
19.23	-0.01707987329
19.24	-0.01690862207
19.25	-0.01673431064
19.26	-0.016557009
19.27	-0.01637678737
19.28	-0.01619371619
19.29	-0.01600786606
19.3	-0.01581930776
19.31	-0.01562811221
19.32	-0.01543435047
19.33	-0.01523809367
19.34	-0.01503941307
19.35	-0.01483837997
19.36	-0.01463506572
19.37	-0.01442954169
19.38	-0.01422187929
19.39	-0.01401214989
19.4	-0.01380042485
19.41	-0.01358677546
19.42	-0.01337127298
19.43	-0.01315398857
19.44	-0.01293499328
19.45	-0.01271435805
19.46	-0.01249215369
19.47	-0.01226845085
19.48	-0.01204332001
19.49	-0.01181683146
19.5	-0.01158905529
19.51	-0.01136006136
19.52	-0.0111299193
19.53	-0.01089869849
19.54	-0.01066646802
19.55	-0.01043329672
19.56	-0.0101992531
19.57	-0.009964405356
19.58	-0.00972882135
19.59	-0.009492568599
19.6	-0.009255714255
19.61	-0.009018325094
19.62	-0.008780467499
19.63	-0.008542207447
19.64	-0.008303610492
19.65	-0.008064741758
19.66	-0.007825665919
19.67	-0.007586447187
19.68	-0.007347149302
19.69	-0.007107835515
19.7	-0.006868568579
19.71	-0.006629410732
19.72	-0.006390423689
19.73	-0.00615166863
19.74	-0.005913206184
19.75	-0.005675096424
19.76	-0.005437398847
19.77	-0.005200172373
19.78	-0.004963475326
19.79	-0.004727365428
19.8	-0.004491899787
19.81	-0.004257134889
19.82	-0.004023126584
19.83	-0.00378993008
19.84	-0.003557599933
19.85	-0.003326190037
19.86	-0.003095753618
19.87	-0.002866343219
19.88	-0.0026380107
19.89	-0.002410807222
19.9	-0.002184783246
19.91	-0.00195998852
19.92	-0.001736472077
19.93	-0.00151428222
19.94	-0.001293466524
19.95	-0.001074071825
19.96	-0.0008561442106
19.97	-0.0006397290213
19.98	-0.0004248708384
19.99	-0.000211613481
20	-1.643292934e-17
20.01	0.0002099273267
20.02	0.0004181269996
20.03	0.0006245583016
20.04	0.0008291813032
20.05	0.001031956866
20.06	0.001232846647
20.07	0.001431813102
20.08	0.001628819489
20.09	0.001823829874
20.1	0.002016809128
20.11	0.002207722935
20.12	0.002396537795
20.13	0.00258322102
20.14	0.002767740745
20.15	0.002950065921
20.16	0.003130166322
20.17	0.003308012548
20.18	0.003483576018
20.19	0.003656828979
20.2	0.003827744504
20.21	0.003996296492
20.22	0.004162459668
20.23	0.004326209583
20.24	0.004487522615
20.25	0.004646375969
20.26	0.004802747673
20.27	0.004956616581
20.28	0.00510796237
20.29	0.005256765539
20.3	0.00540300741
20.31	0.00554667012
20.32	0.005687736626
20.33	0.0058261907
20.34	0.005962016926
20.35	0.0060952007
20.36	0.006225728224
20.37	0.006353586506
20.38	0.006478763357
20.39	0.006601247385
20.4	0.006721027994
20.41	0.006838095381
20.42	0.006952440529
20.43	0.007064055208
20.44	0.007172931965
20.45	0.007279064126
20.46	0.007382445786
20.47	0.007483071808
20.48	0.007580937816
20.49	0.007676040193
20.5	0.007768376072
20.51	0.007857943334
20.52	0.007944740601
20.53	0.008028767231
20.54	0.008110023311
20.55	0.008188509655
20.56	0.008264227793
20.57	0.008337179968
20.58	0.008407369129
20.59	0.008474798924
20.6	0.008539473694
20.61	0.008601398468
20.62	0.008660578953
20.63	0.008717021528
20.64	0.008770733239
20.65	0.008821721791
20.66	0.008869995539
20.67	0.008915563483
20.68	0.008958435256
20.69	0.008998621125
20.7	0.009036131974
20.71	0.009070979303
20.72	0.009103175214
20.73	0.009132732411
20.74	0.009159664183
20.75	0.009183984402
20.76	0.009205707514
20.77	0.009224848527
20.78	0.009241423007
20.79	0.009255447068
20.8	0.009266937361
20.81	0.009275911068
20.82	0.009282385894
20.83	0.009286380055
20.84	0.009287912273
20.85	0.009287001764
20.86	0.009283668229
20.87	0.009277931848
20.88	0.009269813268
20.89	0.009259333596
20.9	0.009246514386
20.91	0.009231377635
20.92	0.009213945771
20.93	0.009194241643
20.94	0.009172288513
20.95	0.009148110046
20.96	0.009121730301
20.97	0.00909317372
20.98	0.009062465123
20.99	0.009029629692
21	0.008994692967
21.01	0.008957680834
21.02	0.008918619515
21.03	0.00887753556
21.04	0.008834455836
21.05	0.008789407521
21.06	0.008742418087
21.07	0.008693515299
21.08	0.008642727199
21.09	0.008590082101
21.1	0.008535608577
21.11	0.008479335451
21.12	0.00842129179
21.13	0.008361506889
21.14	0.008300010269
21.15	0.00823683166
21.16	0.008172000999
21.17	0.008105548414
21.18	0.008037504218
21.19	0.0079678989
21.2	0.007896763115
21.21	0.007824127671
21.22	0.007750023526
21.23	0.007674481775
21.24	0.00759753364
21.25	0.007519210466
21.26	0.007439543703
21.27	0.007358564906
21.28	0.00727630572
21.29	0.007192797873
21.3	0.007108073167
21.31	0.007022163471
21.32	0.006935100707
21.33	0.006846916846
21.34	0.006757643898
21.35	0.006667313902
21.36	0.006575958919
21.37	0.006483611022
21.38	0.00639030229
21.39	0.006296064796
21.4	0.0062009306
21.41	0.006104931744
21.42	0.006008100239
21.43	0.005910468058
21.44	0.005812067131
21.45	0.005712929332
21.46	0.005613086478
21.47	0.005512570312
21.48	0.005411412504
21.49	0.005309644638
21.5	0.005207298206
21.51	0.005104404601
21.52	0.005000995109
21.53	0.004897100901
21.54	0.004792753027
21.55	0.004687982409
21.56	0.004582819831
21.57	0.004477295937
21.58	0.004371441219
21.59	0.004265286015
21.6	0.004158860498
21.61	0.004052194673
21.62	0.003945318366
21.63	0.003838261223
21.64	0.003731052701
21.65	0.00362372206
21.66	0.003516298361
21.67	0.003408810456
21.68	0.003301286985
21.69	0.003193756369
21.7	0.003086246804
21.71	0.002978786257
21.72	0.002871402456
21.73	0.002764122893
21.74	0.002656974809
21.75	0.002549985197
21.76	0.002443180791
21.77	0.002336588065
21.78	0.002230233227
21.79	0.002124142211
21.8	0.002018340678
21.81	0.00191285401
21.82	0.0018077073
21.83	0.001702925357
21.84	0.001598532693
21.85	0.001494553524
21.86	0.001391011766
21.87	0.001287931029
21.88	0.001185334615
21.89	0.001083245512
21.9	0.0009816863927
21.91	0.0008806796116
21.92	0.0007802471994
21.93	0.0006804108613
21.94	0.0005811919735
21.95	0.0004826115803
21.96	0.0003846903913
21.97	0.0002874487785
21.98	0.0001909067737
21.99	9.50840662e-05
22	2.954262854e-17
22.01	-9.432642826e-05
22.02	-0.0001878765716
22.03	-0.0002806321347
22.04	-0.000372575176
22.05	-0.0004636881096
22.06	-0.0005539537067
22.07	-0.0006433550978
22.08	-0.0007318757739
22.09	-0.0008194995879
22.1	-0.0009062107561
22.11	-0.0009919938595
22.12	-0.001076833845
22.13	-0.001160716025
22.14	-0.001243626082
22.15	-0.001325550064
22.16	-0.001406474391
22.17	-0.001486385851
22.18	-0.001565271603
22.19	-0.001643119177
22.2	-0.001719916473
22.21	-0.001795651763
22.22	-0.001870313691
22.23	-0.00194389127
22.24	-0.002016373888
22.25	-0.002087751301
22.26	-0.002158013637
22.27	-0.002227151394
22.28	-0.00229515544
22.29	-0.002362017014
22.3	-0.002427727722
22.31	-0.002492279539
22.32	-0.002555664806
22.33	-0.002617876232
22.34	-0.002678906889
22.35	-0.002738750217
22.36	-0.002797400014
22.37	-0.002854850443
22.38	-0.002911096028
22.39	-0.002966131649
22.4	-0.003019952546
22.41	-0.003072554314
22.42	-0.003123932901
22.43	-0.003174084609
22.44	-0.00322300609
22.45	-0.003270694344
22.46	-0.003317146718
22.47	-0.003362360904
22.48	-0.003406334936
22.49	-0.003449067189
22.5	-0.003490556373
22.51	-0.003530801538
22.52	-0.003569802064
22.53	-0.003607557663
22.54	-0.003644068373
22.55	-0.003679334561
22.56	-0.003713356914
22.57	-0.003746136439
22.58	-0.003777674462
22.59	-0.003807972622
22.6	-0.003837032869
22.61	-0.003864857464
22.62	-0.003891448969
22.63	-0.003916810253
22.64	-0.003940944481
22.65	-0.003963855114
22.66	-0.003985545907
22.67	-0.004006020904
22.68	-0.004025284434
22.69	-0.004043341109
22.7	-0.00406019582
22.71	-0.004075853734
22.72	-0.004090320289
22.73	-0.004103601194
22.74	-0.004115702419
22.75	-0.004126630198
22.76	-0.004136391021
22.77	-0.004144991633
22.78	-0.004152439027
22.79	-0.004158740443
22.8	-0.004163903365
22.81	-0.004167935511
22.82	-0.004170844838
22.83	-0.004172639531
22.84	-0.004173328001
22.85	-0.004172918882
22.86	-0.004171421029
22.87	-0.004168843506
22.88	-0.004165195593
22.89	-0.004160486773
22.9	-0.004154726731
22.91	-0.00414792535
22.92	-0.004140092709
22.93	-0.004131239073
22.94	-0.004121374896
22.95	-0.004110510811
22.96	-0.004098657627
22.97	-0.004085826328
22.98	-0.004072028066
22.99	-0.004057274156
23	-0.004041576073
23.01	-0.00402494545
23.02	-0.004007394068
23.03	-0.003988933857
23.04	-0.003969576889
23.05	-0.003949335376
23.06	-0.003928221663
23.07	-0.003906248224
23.08	-0.003883427659
23.09	-0.003859772692
23.1	-0.00383529616
23.11	-0.003810011015
23.12	-0.003783930316
23.13	-0.003757067229
23.14	-0.003729435016
23.15	-0.003701047037
23.16	-0.003671916744
23.17	-0.003642057672
23.18	-0.003611483444
23.19	-0.003580207759
23.2	-0.00354824439
23.21	-0.003515607181
23.22	-0.003482310043
23.23	-0.003448366946
23.24	-0.00341379192
23.25	-0.00337859905
23.26	-0.003342802466
23.27	-0.003306416347
23.28	-0.003269454912
23.29	-0.003231932417
23.3	-0.003193863153
23.31	-0.003155261438
23.32	-0.003116141617
23.33	-0.003076518054
23.34	-0.003036405132
23.35	-0.002995817249
23.36	-0.002954768809
23.37	-0.002913274224
23.38	-0.002871347908
23.39	-0.002829004273
23.4	-0.002786257723
23.41	-0.002743122657
23.42	-0.002699613457
23.43	-0.00265574449
23.44	-0.002611530103
23.45	-0.002566984619
23.46	-0.002522122333
23.47	-0.002476957508
23.48	-0.002431504375
23.49	-0.002385777125
23.5	-0.002339789909
23.51	-0.002293556832
23.52	-0.002247091952
23.53	-0.002200409275
23.54	-0.002153522753
23.55	-0.002106446279
23.56	-0.002059193687
23.57	-0.002011778745
23.58	-0.001964215155
23.59	-0.001916516547
23.6	-0.00186869648
23.61	-0.001820768435
23.62	-0.001772745814
23.63	-0.001724641939
23.64	-0.001676470045
23.65	-0.001628243279
23.66	-0.0015799747
23.67	-0.001531677271
23.68	-0.001483363861
23.69	-0.001435047241
23.7	-0.00138674008
23.71	-0.001338454943
23.72	-0.001290204291
23.73	-0.001242000476
23.74	-0.001193855739
23.75	-0.001145782207
23.76	-0.001097791894
23.77	-0.001049896695
23.78	-0.001002108385
23.79	-0.0009544386192
23.8	-0.0009068989262
23.81	-0.0008595007107
23.82	-0.0008122552487
23.83	-0.0007651736865
23.84	-0.0007182670388
23.85	-0.0006715461867
23.86	-0.000625021876
23.87	-0.0005787047153
23.88	-0.0005326051747
23.89	-0.0004867335837
23.9	-0.0004411001299
23.91	-0.0003957148576
23.92	-0.0003505876659
23.93	-0.0003057283075
23.94	-0.0002611463874
23.95	-0.0002168513614
23.96	-0.000172852535
23.97	-0.0001291590619
23.98	-8.577994287e-05
23.99	-4.272402497e-05
24	-3.981301457e-18
24.01	4.23835963e-05
24.02	8.441838529e-05
24.03	0.0001260961464
24.04	0.0001674088179
24.05	0.0002083484979
24.06	0.0002489074452
24.07	0.0002890780797
24.08	0.0003288529834
24.09	0.0003682249009
24.1	0.0004071867403
24.11	0.0004457315733
24.12	0.000483852636
24.13	0.0005215433292
24.14	0.0005587972191
24.15	0.0005956080372
24.16	0.0006319696813
24.17	0.0006678762148
24.18	0.0007033218681
24.19	0.0007383010378
24.2	0.0007728082872
24.21	0.0008068383467
24.22	0.0008403861133
24.23	0.0008734466509
24.24	0.0009060151904
24.25	0.0009380871294
24.26	0.0009696580319
24.27	0.001000723629
24.28	0.001031279816
24.29	0.001061322658
24.3	0.001090848383
24.31	0.001119853384
24.32	0.00114833422
24.33	0.001176287615
24.34	0.001203710458
24.35	0.001230599798
24.36	0.00125695285
24.37	0.001282766992
24.38	0.001308039763
24.39	0.001332768861
24.4	0.001356952149
24.41	0.001380587647
24.42	0.001403673534
24.43	0.001426208149
24.44	0.001448189988
24.45	0.001469617701
24.46	0.001490490099
24.47	0.001510806142
24.48	0.001530564948
24.49	0.001549765787
24.5	0.001568408079
24.51	0.001586491398
24.52	0.001604015464
24.53	0.001620980148
24.54	0.001637385467
24.55	0.001653231587
24.56	0.001668518815
24.57	0.001683247605
24.58	0.001697418553
24.59	0.001711032393
24.6	0.001724090004
24.61	0.001736592401
24.62	0.001748540734
24.63	0.001759936294
24.64	0.001770780501
24.65	0.001781074912
24.66	0.001790821214
24.67	0.001800021223
24.68	0.001808676885
24.69	0.001816790272
24.7	0.001824363582
24.71	0.001831399136
24.72	0.001837899378
24.73	0.001843866873
24.74	0.001849304304
24.75	0.001854214472
24.76	0.001858600293
24.77	0.001862464797
24.78	0.001865811127
24.79	0.001868642535
24.8	0.001870962386
24.81	0.001872774146
24.82	0.001874081391
24.83	0.001874887798
24.84	0.001875197147
24.85	0.001875013319
24.86	0.00187434029
24.87	0.001873182134
24.88	0.001871543021
24.89	0.001869427212
24.9	0.001866839058
24.91	0.001863783001
24.92	0.001860263568
24.93	0.001856285373
24.94	0.001851853113
24.95	0.001846971565
24.96	0.001841645586
24.97	0.001835880112
24.98	0.001829680153
24.99	0.001823050794
25	0.00181599719
25.01	0.00180852457
25.02	0.001800638225
25.03	0.001792343518
25.04	0.001783645872
25.05	0.001774550774
25.06	0.001765063771
25.07	0.001755190468
25.08	0.001744936527
25.09	0.001734307665
25.1	0.001723309651
25.11	0.001711948303
25.12	0.001700229489
25.13	0.001688159126
25.14	0.001675743173
25.15	0.001662987631
25.16	0.001649898547
25.17	0.001636482001
25.18	0.001622744115
25.19	0.001608691044
25.2	0.001594328976
25.21	0.001579664133
25.22	0.001564702764
25.23	0.001549451148
25.24	0.001533915587
25.25	0.001518102411
25.26	0.001502017969
25.27	0.001485668632
25.28	0.001469060789
25.29	0.001452200845
25.3	0.001435095222
25.31	0.001417750354
25.32	0.001400172685
25.33	0.00138236867
25.34	0.001364344773
25.35	0.001346107461
25.36	0.001327663208
25.37	0.001309018489
25.38	0.001290179781
25.39	0.001271153559
25.4	0.001251946297
25.41	0.001232564462
25.42	0.001213014518
25.43	0.001193302921
25.44	0.001173436116
25.45	0.00115342054
25.46	0.001133262615
25.47	0.001112968751
25.48	0.001092545342
25.49	0.001071998764
25.5	0.001051335376
25.51	0.001030561515
25.52	0.001009683499
25.53	0.0009887076202
25.54	0.0009676401478
25.55	0.0009464873247
25.56	0.0009252553665
25.57	0.0009039504597
25.58	0.0008825787608
25.59	0.0008611463947
25.6	0.0008396594535
25.61	0.0008181239947
25.62	0.0007965460405
25.63	0.0007749315761
25.64	0.0007532865488
25.65	0.0007316168661
25.66	0.0007099283953
25.67	0.0006882269616
25.68	0.0006665183472
25.69	0.0006448082903
25.7	0.0006231024835
25.71	0.0006014065731
25.72	0.0005797261577
25.73	0.0005580667874
25.74	0.0005364339624
25.75	0.0005148331323
25.76	0.0004932696946
25.77	0.0004717489944
25.78	0.0004502763227
25.79	0.0004288569161
25.8	0.0004074959551
25.81	0.000386198564
25.82	0.0003649698095
25.83	0.0003438146999
25.84	0.0003227381845
25.85	0.0003017451524
25.86	0.0002808404321
25.87	0.0002600287903
25.88	0.0002393149314
25.89	0.0002187034969
25.9	0.0001981990644
25.91	0.000177806147
25.92	0.0001575291927
25.93	0.0001373725837
25.94	0.0001173406357
25.95	9.743759761e-05
25.96	7.766765051e-05
25.97	5.803490747e-05
25.98	3.854341287e-05
25.99	1.919714188e-05
26	-2.386725715e-18
26.01	-1.904417742e-05
26.02	-3.793162562e-05
26.03	-5.665865083e-05
26.04	-7.522163073e-05
26.05	-9.361701476e-05
26.06	-0.0001118413245
26.07	-0.0001298911541
26.08	-0.0001477631704
26.09	-0.0001654541133
26.1	-0.0001829607962
26.11	-0.0002002801061
26.12	-0.0002174090037
26.13	-0.0002343445238
26.14	-0.0002510837756
26.15	-0.0002676239424
26.16	-0.0002839622822
26.17	-0.0003000961278
26.18	-0.0003160228864
26.19	-0.0003317400405
26.2	-0.0003472451472
26.21	-0.0003625358385
26.22	-0.0003776098217
26.23	-0.0003924648789
26.24	-0.000407098867
26.25	-0.0004215097181
26.26	-0.000435695439
26.27	-0.0004496541114
26.28	-0.0004633838917
26.29	-0.0004768830107
26.3	-0.0004901497738
26.31	-0.0005031825608
26.32	-0.0005159798255
26.33	-0.0005285400958
26.34	-0.000540861973
26.35	-0.0005529441324
26.36	-0.0005647853222
26.37	-0.0005763843639
26.38	-0.0005877401516
26.39	-0.0005988516519
26.4	-0.0006097179036
26.41	-0.0006203380173
26.42	-0.0006307111752
26.43	-0.0006408366304
26.44	-0.000650713707
26.45	-0.0006603417994
26.46	-0.000669720372
26.47	-0.0006788489587
26.48	-0.0006877271627
26.49	-0.0006963546557
26.5	-0.0007047311777
26.51	-0.0007128565363
26.52	-0.0007207306067
26.53	-0.0007283533306
26.54	-0.0007357247159
26.55	-0.0007428448364
26.56	-0.0007497138309
26.57	-0.0007563319029
26.58	-0.0007626993199
26.59	-0.0007688164129
26.6	-0.0007746835757
26.61	-0.0007803012645
26.62	-0.0007856699969
26.63	-0.0007907903518
26.64	-0.0007956629683
26.65	-0.0008002885454
26.66	-0.000804667841
26.67	-0.0008088016716
26.68	-0.0008126909111
26.69	-0.0008163364909
26.7	-0.0008197393984
26.71	-0.0008229006767
26.72	-0.0008258214239
26.73	-0.0008285027922
26.74	-0.0008309459875
26.75	-0.000833152268
26.76	-0.0008351229442
26.77	-0.0008368593778
26.78	-0.0008383629807
26.79	-0.0008396352148
26.8	-0.0008406775906
26.81	-0.000841491667
26.82	-0.0008420790499
26.83	-0.0008424413921
26.84	-0.0008425803918
26.85	-0.0008424977922
26.86	-0.0008421953808
26.87	-0.000841674988
26.88	-0.0008409384871
26.89	-0.0008399877926
26.9	-0.0008388248601
26.91	-0.0008374516851
26.92	-0.0008358703021
26.93	-0.0008340827839
26.94	-0.0008320912409
26.95	-0.0008298978199
26.96	-0.0008275047033
26.97	-0.0008249141088
26.98	-0.0008221282877
26.99	-0.0008191495246
27	-0.0008159801364
27.01	-0.0008126224715
27.02	-0.0008090789085
27.03	-0.0008053518562
27.04	-0.0008014437519
27.05	-0.0007973570609
27.06	-0.0007930942756
27.07	-0.0007886579148
27.08	-0.0007840505223
27.09	-0.0007792746668
27.1	-0.0007743329402
27.11	-0.0007692279574
27.12	-0.0007639623552
27.13	-0.0007585387914
27.14	-0.0007529599439
27.15	-0.0007472285098
27.16	-0.0007413472049
27.17	-0.0007353187624
27.18	-0.0007291459322
27.19	-0.0007228314803
27.2	-0.0007163781874
27.21	-0.0007097888486
27.22	-0.0007030662722
27.23	-0.0006962132791
27.24	-0.0006892327019
27.25	-0.0006821273838
27.26	-0.0006749001781
27.27	-0.0006675539474
27.28	-0.0006600915624
27.29	-0.0006525159014
27.3	-0.0006448298496
27.31	-0.0006370362977
27.32	-0.000629138142
27.33	-0.0006211382826
27.34	-0.0006130396234
27.35	-0.0006048450711
27.36	-0.000596557534
27.37	-0.0005881799219
27.38	-0.0005797151446
27.39	-0.000571166112
27.4	-0.0005625357325
27.41	-0.0005538269128
27.42	-0.0005450425568
27.43	-0.0005361855652
27.44	-0.0005272588345
27.45	-0.0005182652563
27.46	-0.0005092077169
27.47	-0.0005000890961
27.48	-0.0004909122668
27.49	-0.0004816800943
27.5	-0.0004723954354
27.51	-0.0004630611382
27.52	-0.0004536800407
27.53	-0.0004442549708
27.54	-0.0004347887453
27.55	-0.0004252841692
27.56	-0.0004157440354
27.57	-0.0004061711236
27.58	-0.0003965682003
27.59	-0.0003869380175
27.6	-0.0003772833124
27.61	-0.000367606807
27.62	-0.0003579112072
27.63	-0.0003481992024
27.64	-0.0003384734646
27.65	-0.0003287366486
27.66	-0.0003189913904
27.67	-0.0003092403077
27.68	-0.0002994859985
27.69	-0.0002897310411
27.7	-0.0002799779934
27.71	-0.0002702293925
27.72	-0.0002604877539
27.73	-0.0002507555715
27.74	-0.0002410353167
27.75	-0.000231329438
27.76	-0.0002216403609
27.77	-0.000211970487
27.78	-0.0002023221937
27.79	-0.0001926978338
27.8	-0.0001830997354
27.81	-0.0001735302007
27.82	-0.0001639915064
27.83	-0.000154485903
27.84	-0.0001450156141
27.85	-0.0001355828368
27.86	-0.0001261897404
27.87	-0.000116838467
27.88	-0.0001075311302
27.89	-9.826981573e-05
27.9	-8.905658032e-05
27.91	-7.989345187e-05
27.92	-7.078242899e-05
27.93	-6.172548073e-05
27.94	-5.27245463e-05
27.95	-4.37815348e-05
27.96	-3.489832495e-05
27.97	-2.607676486e-05
27.98	-1.731867178e-05
27.99	-8.625831876e-06
28	-9.377793848e-19
28.01	8.557100513e-06
28.02	1.704377805e-05
28.03	2.545837289e-05
28.04	3.379925741e-05
28.05	4.206483626e-05
28.06	5.025354649e-05
28.07	5.836385771e-05
28.08	6.639427227e-05
28.09	7.434332534e-05
28.1	8.220958504e-05
28.11	8.999165261e-05
28.12	9.768816242e-05
28.13	0.0001052977821
28.14	0.0001128192128
28.15	0.0001202511888
28.16	0.0001275924781
28.17	0.0001348418822
28.18	0.0001419982362
28.19	0.0001490604088
28.2	0.0001560273023
28.21	0.0001628978528
28.22	0.00016967103
28.23	0.0001763458375
28.24	0.0001829213122
28.25	0.000189396525
28.26	0.0001957705803
28.27	0.0002020426161
28.28	0.000208211804
28.29	0.0002142773492
28.3	0.0002202384901
28.31	0.0002260944988
28.32	0.0002318446805
28.33	0.0002374883737
28.34	0.0002430249501
28.35	0.0002484538142
28.36	0.0002537744038
28.37	0.0002589861892
28.38	0.0002640886735
28.39	0.0002690813924
28.4	0.000273963914
28.41	0.0002787358387
28.42	0.000283396799
28.43	0.0002879464593
28.44	0.0002923845159
28.45	0.0002967106967
28.46	0.000300924761
28.47	0.0003050264994
28.48	0.0003090157336
28.49	0.0003128923161
28.5	0.00031665613
28.51	0.000320307089
28.52	0.0003238451369
28.53	0.0003272702476
28.54	0.0003305824245
28.55	0.0003337817009
28.56	0.000336868139
28.57	0.0003398418305
28.58	0.0003427028954
28.59	0.0003454514824
28.6	0.0003480877686
28.61	0.0003506119589
28.62	0.0003530242858
28.63	0.0003553250096
28.64	0.0003575144173
28.65	0.0003595928231
28.66	0.0003615605675
28.67	0.0003634180173
28.68	0.0003651655652
28.69	0.0003668036298
28.7	0.0003683326547
28.71	0.0003697531086
28.72	0.0003710654849
28.73	0.0003722703014
28.74	0.0003733680998
28.75	0.0003743594455
28.76	0.0003752449274
28.77	0.0003760251573
28.78	0.0003767007697
28.79	0.0003772724213
28.8	0.0003777407909
28.81	0.000378106579
28.82	0.0003783705072
28.83	0.000378533318
28.84	0.0003785957746
28.85	0.0003785586602
28.86	0.000378422778
28.87	0.0003781889505
28.88	0.0003778580193
28.89	0.0003774308447
28.9	0.0003769083055
28.91	0.0003762912982
28.92	0.000375580737
28.93	0.0003747775533
28.94	0.0003738826953
28.95	0.0003728971277
28.96	0.0003718218312
28.97	0.000370657802
28.98	0.0003694060519
28.99	0.0003680676074
29	0.0003666435094
29.01	0.0003651348133
29.02	0.0003635425879
29.03	0.0003618679153
29.04	0.0003601118908
29.05	0.0003582756222
29.06	0.0003563602293
29.07	0.0003543668439
29.08	0.000352296609
29.09	0.0003501506788
29.1	0.0003479302179
29.11	0.0003456364013
29.12	0.0003432704137
29.13	0.0003408334494
29.14	0.0003383267116
29.15	0.0003357514123
29.16	0.0003331087716
29.17	0.0003304000178
29.18	0.0003276263864
29.19	0.0003247891203
29.2	0.0003218894688
29.21	0.0003189286881
29.22	0.0003159080398
29.23	0.0003128287915
29.24	0.000309692216
29.25	0.0003064995908
29.26	0.0003032521979
29.27	0.0002999513237
29.28	0.0002965982579
29.29	0.0002931942941
29.3	0.0002897407283
29.31	0.0002862388598
29.32	0.0002826899896
29.33	0.0002790954211
29.34	0.000275456459
29.35	0.0002717744092
29.36	0.0002680505788
29.37	0.000264286275
29.38	0.0002604828054
29.39	0.0002566414775
29.4	0.000252763598
29.41	0.000248850473
29.42	0.0002449034075
29.43	0.0002409237046
29.44	0.0002369126659
29.45	0.0002328715908
29.46	0.000228801776
29.47	0.0002247045155
29.48	0.0002205811003
29.49	0.0002164328178
29.5	0.0002122609517
29.51	0.0002080667816
29.52	0.0002038515827
29.53	0.0001996166258
29.54	0.0001953631765
29.55	0.0001910924952
29.56	0.0001868058367
29.57	0.0001825044502
29.58	0.0001781895787
29.59	0.0001738624586
29.6	0.00016952432
29.61	0.0001651763858
29.62	0.000160819872
29.63	0.0001564559869
29.64	0.0001520859312
29.65	0.0001477108978
29.66	0.000143332071
29.67	0.0001389506271
29.68	0.0001345677335
29.69	0.0001301845486
29.7	0.0001258022218
29.71	0.000121421893
29.72	0.0001170446926
29.73	0.0001126717412
29.74	0.0001083041491
29.75	0.0001039430168
29.76	9.958943378e-05
29.77	9.524447934e-05
29.78	9.09092217e-05
29.79	8.658471807e-05
29.8	8.227201443e-05
29.81	7.797214532e-05
29.82	7.368613371e-05
29.83	6.941499075e-05
29.84	6.515971568e-05
29.85	6.09212956e-05
29.86	5.670070535e-05
29.87	5.249890733e-05
29.88	4.831685136e-05
29.89	4.415547451e-05
29.9	4.001570098e-05
29.91	3.589844197e-05
29.92	3.18045955e-05
29.93	2.773504632e-05
29.94	2.369066577e-05
29.95	1.967231168e-05
29.96	1.56808282e-05
29.97	1.171704574e-05
29.98	7.781780851e-06
29.99	3.875836102e-06
30	1.32461449e-18
