temps	angle
0	0
0.01	0.7501773092
0.02	1.492606363
0.03	2.227083325
0.04	2.953409394
0.05	3.671390831
0.06	4.380838985
0.07	5.081570309
0.08	5.773406381
0.09	6.45617392
0.1	7.129704801
0.11	7.793836069
0.12	8.448409943
0.13	9.093273833
0.14	9.728280338
0.15	10.35328725
0.16	10.96815758
0.17	11.57275951
0.18	12.16696643
0.19	12.75065694
0.2	13.32371479
0.21	13.88602895
0.22	14.43749354
0.23	14.97800783
0.24	15.50747627
0.25	16.02580839
0.26	16.53291889
0.27	17.02872751
0.28	17.51315912
0.29	17.98614359
0.3	18.44761586
0.31	18.89751585
0.32	19.33578847
0.33	19.76238357
0.34	20.17725591
0.35	20.58036517
0.36	20.97167584
0.37	21.35115725
0.38	21.71878352
0.39	22.07453348
0.4	22.4183907
0.41	22.7503434
0.42	23.07038442
0.43	23.37851117
0.44	23.67472562
0.45	23.9590342
0.46	24.2314478
0.47	24.49198169
0.48	24.7406555
0.49	24.97749314
0.5	25.20252275
0.51	25.41577668
0.52	25.61729141
0.53	25.80710749
0.54	25.98526949
0.55	26.15182596
0.56	26.30682935
0.57	26.45033597
0.58	26.58240591
0.59	26.70310298
0.6	26.81249468
0.61	26.91065211
0.62	26.9976499
0.63	27.07356618
0.64	27.13848247
0.65	27.19248368
0.66	27.23565797
0.67	27.26809674
0.68	27.28989453
0.69	27.30114896
0.7	27.3019607
0.71	27.29243334
0.72	27.27267336
0.73	27.24279006
0.74	27.20289546
0.75	27.15310429
0.76	27.09353385
0.77	27.024304
0.78	26.94553703
0.79	26.85735766
0.8	26.7598929
0.81	26.65327203
0.82	26.53762649
0.83	26.41308985
0.84	26.27979769
0.85	26.13788757
0.86	25.98749894
0.87	25.82877307
0.88	25.66185298
0.89	25.48688337
0.9	25.30401053
0.91	25.1133823
0.92	24.91514799
0.93	24.70945829
0.94	24.49646521
0.95	24.27632202
0.96	24.04918317
0.97	23.81520421
0.98	23.57454174
0.99	23.32735333
1	23.07379745
1.01	22.8140334
1.02	22.54822125
1.03	22.27652176
1.04	21.99909632
1.05	21.71610688
1.06	21.42771589
1.07	21.13408622
1.08	20.83538111
1.09	20.53176409
1.1	20.22339892
1.11	19.91044952
1.12	19.59307994
1.13	19.27145425
1.14	18.94573649
1.15	18.61609064
1.16	18.28268052
1.17	17.94566975
1.18	17.60522167
1.19	17.26149932
1.2	16.91466534
1.21	16.56488192
1.22	16.21231079
1.23	15.85711307
1.24	15.49944933
1.25	15.13947943
1.26	14.77736254
1.27	14.41325703
1.28	14.04732048
1.29	13.67970957
1.3	13.31058007
1.31	12.94008677
1.32	12.56838343
1.33	12.19562273
1.34	11.82195627
1.35	11.44753443
1.36	11.07250642
1.37	10.69702019
1.38	10.32122237
1.39	9.945258258
1.4	9.569271784
1.41	9.19340544
1.42	8.817800257
1.43	8.442595765
1.44	8.067929955
1.45	7.693939238
1.46	7.320758415
1.47	6.948520639
1.48	6.577357381
1.49	6.207398397
1.5	5.838771695
1.51	5.471603507
1.52	5.106018257
1.53	4.742138531
1.54	4.380085051
1.55	4.019976644
1.56	3.661930223
1.57	3.306060755
1.58	2.952481238
1.59	2.601302681
1.6	2.25263408
1.61	1.906582397
1.62	1.563252537
1.63	1.222747333
1.64	0.8851675274
1.65	0.5506117507
1.66	0.2191765089
1.67	-0.1090438332
1.68	-0.4339570663
1.69	-0.75547315
1.7	-1.073504225
1.71	-1.387964626
1.72	-1.69877089
1.73	-2.005841767
1.74	-2.30909823
1.75	-2.608463482
1.76	-2.903862961
1.77	-3.195224348
1.78	-3.482477573
1.79	-3.765554815
1.8	-4.044390512
1.81	-4.318921356
1.82	-4.589086298
1.83	-4.854826551
1.84	-5.116085585
1.85	-5.372809128
1.86	-5.624945167
1.87	-5.872443938
1.88	-6.115257932
1.89	-6.353341881
1.9	-6.586652759
1.91	-6.815149776
1.92	-7.038794367
1.93	-7.257550187
1.94	-7.471383104
1.95	-7.680261187
1.96	-7.884154698
1.97	-8.083036083
1.98	-8.276879955
1.99	-8.46566309
2	-8.649364406
2.01	-8.827964956
2.02	-9.001447912
2.03	-9.169798549
2.04	-9.33300423
2.05	-9.491054392
2.06	-9.643940528
2.07	-9.791656168
2.08	-9.934196864
2.09	-10.07156017
2.1	-10.20374563
2.11	-10.33075473
2.12	-10.45259093
2.13	-10.5692596
2.14	-10.680768
2.15	-10.78712528
2.16	-10.88834246
2.17	-10.98443238
2.18	-11.0754097
2.19	-11.16129085
2.2	-11.24209406
2.21	-11.31783927
2.22	-11.38854815
2.23	-11.45424406
2.24	-11.51495201
2.25	-11.57069866
2.26	-11.62151229
2.27	-11.66742275
2.28	-11.70846146
2.29	-11.74466136
2.3	-11.77605691
2.31	-11.80268402
2.32	-11.82458007
2.33	-11.84178384
2.34	-11.85433552
2.35	-11.86227665
2.36	-11.86565009
2.37	-11.86450002
2.38	-11.85887188
2.39	-11.84881237
2.4	-11.83436937
2.41	-11.81559198
2.42	-11.79253042
2.43	-11.76523606
2.44	-11.73376132
2.45	-11.69815973
2.46	-11.65848581
2.47	-11.6147951
2.48	-11.5671441
2.49	-11.51559024
2.5	-11.46019187
2.51	-11.40100821
2.52	-11.3380993
2.53	-11.27152603
2.54	-11.20135005
2.55	-11.12763375
2.56	-11.05044026
2.57	-10.96983339
2.58	-10.8858776
2.59	-10.79863798
2.6	-10.70818023
2.61	-10.61457058
2.62	-10.51787583
2.63	-10.41816326
2.64	-10.31550062
2.65	-10.20995613
2.66	-10.10159839
2.67	-9.990496394
2.68	-9.876719493
2.69	-9.760337356
2.7	-9.641419942
2.71	-9.520037477
2.72	-9.396260419
2.73	-9.270159432
2.74	-9.141805355
2.75	-9.011269177
2.76	-8.878622005
2.77	-8.743935036
2.78	-8.607279533
2.79	-8.468726792
2.8	-8.32834812
2.81	-8.186214804
2.82	-8.042398087
2.83	-7.896969138
2.84	-7.749999029
2.85	-7.601558709
2.86	-7.451718976
2.87	-7.300550453
2.88	-7.148123565
2.89	-6.99450851
2.9	-6.839775238
2.91	-6.683993427
2.92	-6.527232457
2.93	-6.36956139
2.94	-6.211048943
2.95	-6.051763469
2.96	-5.891772934
2.97	-5.731144893
2.98	-5.56994647
2.99	-5.408244339
3	-5.246104699
3.01	-5.083593257
3.02	-4.920775207
3.03	-4.757715209
3.04	-4.594477372
3.05	-4.431125235
3.06	-4.267721748
3.07	-4.104329253
3.08	-3.941009469
3.09	-3.77782347
3.1	-3.614831677
3.11	-3.452093832
3.12	-3.289668989
3.13	-3.127615493
3.14	-2.965990972
3.15	-2.804852315
3.16	-2.644255662
3.17	-2.48425639
3.18	-2.324909098
3.19	-2.166267596
3.2	-2.008384891
3.21	-1.851313175
3.22	-1.695103815
3.23	-1.539807339
3.24	-1.385473427
3.25	-1.232150903
3.26	-1.079887719
3.27	-0.928730951
3.28	-0.7787267876
3.29	-0.6299205215
3.3	-0.4823565415
3.31	-0.3360783246
3.32	-0.1911284287
3.33	-0.04754848564
3.34	0.09462080539
3.35	0.235339684
3.36	0.3745693341
3.37	0.5122718896
3.38	0.6484104388
3.39	0.7829490292
3.4	0.9158526715
3.41	1.047087343
3.42	1.176619992
3.43	1.304418537
3.44	1.430451876
3.45	1.554689882
3.46	1.677103406
3.47	1.797664282
3.48	1.916345323
3.49	2.033120326
3.5	2.147964068
3.51	2.26085231
3.52	2.371761791
3.53	2.480670234
3.54	2.587556337
3.55	2.692399779
3.56	2.79518121
3.57	2.895882257
3.58	2.994485513
3.59	3.090974542
3.6	3.185333869
3.61	3.277548979
3.62	3.367606314
3.63	3.455493265
3.64	3.541198173
3.65	3.624710319
3.66	3.70601992
3.67	3.785118125
3.68	3.861997005
3.69	3.936649554
3.7	4.009069676
3.71	4.079252178
3.72	4.14719277
3.73	4.212888051
3.74	4.276335501
3.75	4.337533479
3.76	4.396481211
3.77	4.453178782
3.78	4.507627125
3.79	4.559828019
3.8	4.609784073
3.81	4.65749872
3.82	4.702976207
3.83	4.746221587
3.84	4.787240705
3.85	4.82604019
3.86	4.862627448
3.87	4.897010645
3.88	4.929198701
3.89	4.95920128
3.9	4.987028773
3.91	5.012692294
3.92	5.036203662
3.93	5.057575397
3.94	5.0768207
3.95	5.093953447
3.96	5.108988176
3.97	5.121940073
3.98	5.132824962
3.99	5.141659291
4	5.14846012
4.01	5.15324511
4.02	5.156032508
4.03	5.156841136
4.04	5.155690377
4.05	5.152600162
4.06	5.147590958
4.07	5.140683756
4.08	5.131900055
4.09	5.121261849
4.1	5.108791617
4.11	5.094512306
4.12	5.078447321
4.13	5.060620508
4.14	5.041056143
4.15	5.019778919
4.16	4.996813929
4.17	4.972186658
4.18	4.945922964
4.19	4.918049068
4.2	4.888591539
4.21	4.857577281
4.22	4.82503352
4.23	4.790987789
4.24	4.755467916
4.25	4.71850201
4.26	4.680118446
4.27	4.640345854
4.28	4.599213107
4.29	4.556749301
4.3	4.51298375
4.31	4.467945967
4.32	4.421665653
4.33	4.374172684
4.34	4.325497098
4.35	4.275669079
4.36	4.224718951
4.37	4.172677157
4.38	4.119574253
4.39	4.065440891
4.4	4.010307807
4.41	3.954205813
4.42	3.897165776
4.43	3.839218616
4.44	3.780395284
4.45	3.720726759
4.46	3.660244027
4.47	3.598978078
4.48	3.536959887
4.49	3.474220407
4.5	3.410790555
4.51	3.346701202
4.52	3.281983162
4.53	3.21666718
4.54	3.15078392
4.55	3.084363958
4.56	3.017437766
4.57	2.950035707
4.58	2.882188021
4.59	2.813924814
4.6	2.745276053
4.61	2.676271549
4.62	2.606940955
4.63	2.537313749
4.64	2.467419229
4.65	2.397286504
4.66	2.326944481
4.67	2.25642186
4.68	2.185747124
4.69	2.114948531
4.7	2.044054101
4.71	1.973091616
4.72	1.902088604
4.73	1.831072337
4.74	1.760069818
4.75	1.689107778
4.76	1.618212666
4.77	1.547410643
4.78	1.476727573
4.79	1.406189021
4.8	1.335820239
4.81	1.265646166
4.82	1.195691417
4.83	1.125980282
4.84	1.056536715
4.85	0.9873843317
4.86	0.9185464008
4.87	0.8500458421
4.88	0.7819052193
4.89	0.7141467352
4.9	0.6467922271
4.91	0.5798631624
4.92	0.5133806336
4.93	0.4473653546
4.94	0.3818376561
4.95	0.3168174823
4.96	0.2523243867
4.97	0.188377529
4.98	0.1249956714
4.99	0.06219717563
5	1.20630157e-15
5.01	-0.06157830339
5.02	-0.1225205913
5.03	-0.1828101317
5.04	-0.242430606
5.05	-0.3013661113
5.06	-0.3596011621
5.07	-0.4171206918
5.08	-0.4739100548
5.09	-0.5299550273
5.1	-0.5852418088
5.11	-0.639757023
5.12	-0.6934877186
5.13	-0.74642137
5.14	-0.7985458781
5.15	-0.8498495701
5.16	-0.9003211999
5.17	-0.9499499484
5.18	-0.9987254229
5.19	-1.046637657
5.2	-1.09367711
5.21	-1.139834667
5.22	-1.185101637
5.23	-1.229469752
5.24	-1.272931168
5.25	-1.31547846
5.26	-1.357104624
5.27	-1.397803074
5.28	-1.437567642
5.29	-1.476392572
5.3	-1.514272522
5.31	-1.551202562
5.32	-1.58717817
5.33	-1.622195228
5.34	-1.656250024
5.35	-1.689339247
5.36	-1.721459983
5.37	-1.752609714
5.38	-1.782786315
5.39	-1.81198805
5.4	-1.84021357
5.41	-1.867461907
5.42	-1.893732473
5.43	-1.919025057
5.44	-1.94333982
5.45	-1.966677289
5.46	-1.989038359
5.47	-2.010424284
5.48	-2.030836673
5.49	-2.05027749
5.5	-2.068749045
5.51	-2.086253994
5.52	-2.10279533
5.53	-2.118376382
5.54	-2.13300081
5.55	-2.146672598
5.56	-2.159396051
5.57	-2.171175792
5.58	-2.182016752
5.59	-2.191924171
5.6	-2.200903589
5.61	-2.208960841
5.62	-2.216102055
5.63	-2.222333642
5.64	-2.227662297
5.65	-2.232094986
5.66	-2.235638947
5.67	-2.238301683
5.68	-2.240090955
5.69	-2.241014775
5.7	-2.241081407
5.71	-2.240299353
5.72	-2.238677355
5.73	-2.236224384
5.74	-2.232949637
5.75	-2.228862528
5.76	-2.223972689
5.77	-2.218289957
5.78	-2.21182437
5.79	-2.204586167
5.8	-2.196585772
5.81	-2.187833798
5.82	-2.178341034
5.83	-2.168118444
5.84	-2.157177157
5.85	-2.145528465
5.86	-2.133183815
5.87	-2.120154802
5.88	-2.106453167
5.89	-2.092090786
5.9	-2.077079669
5.91	-2.061431952
5.92	-2.045159889
5.93	-2.02827585
5.94	-2.010792313
5.95	-1.99272186
5.96	-1.974077168
5.97	-1.954871005
5.98	-1.935116226
5.99	-1.914825766
6	-1.894012632
6.01	-1.8726899
6.02	-1.85087071
6.03	-1.828568258
6.04	-1.805795791
6.05	-1.782566603
6.06	-1.758894029
6.07	-1.734791439
6.08	-1.71027223
6.09	-1.685349827
6.1	-1.660037672
6.11	-1.634349222
6.12	-1.60829794
6.13	-1.581897295
6.14	-1.555160754
6.15	-1.528101775
6.16	-1.500733805
6.17	-1.473070277
6.18	-1.445124597
6.19	-1.416910148
6.2	-1.388440281
6.21	-1.35972831
6.22	-1.330787509
6.23	-1.301631105
6.24	-1.272272277
6.25	-1.242724148
6.26	-1.212999783
6.27	-1.183112184
6.28	-1.153074282
6.29	-1.122898942
6.3	-1.092598947
6.31	-1.062187005
6.32	-1.031675736
6.33	-1.001077675
6.34	-0.9704052638
6.35	-0.9396708479
6.36	-0.9088866745
6.37	-0.8780648874
6.38	-0.8472175236
6.39	-0.8163565104
6.4	-0.7854936612
6.41	-0.7546406729
6.42	-0.723809122
6.43	-0.6930104618
6.44	-0.6622560192
6.45	-0.6315569917
6.46	-0.6009244444
6.47	-0.5703693071
6.48	-0.5399023716
6.49	-0.5095342888
6.5	-0.4792755665
6.51	-0.4491365664
6.52	-0.4191275016
6.53	-0.3892584348
6.54	-0.3595392753
6.55	-0.3299797773
6.56	-0.3005895374
6.57	-0.2713779925
6.58	-0.2423544183
6.59	-0.213527927
6.6	-0.1849074654
6.61	-0.1565018134
6.62	-0.1283195823
6.63	-0.1003692132
6.64	-0.07265897527
6.65	-0.0451969648
6.66	-0.01799110343
6.67	0.008950862898
6.68	0.03562136519
6.69	0.06201301248
6.7	0.08811859285
6.71	0.1139310744
6.72	0.1394436061
6.73	0.1646495187
6.74	0.189542325
6.75	0.2141157213
6.76	0.2383635871
6.77	0.2622799862
6.78	0.2858591668
6.79	0.3090955618
6.8	0.3319837896
6.81	0.3545186536
6.82	0.3766951425
6.83	0.3985084308
6.84	0.4199538782
6.85	0.4410270299
6.86	0.4617236163
6.87	0.4820395526
6.88	0.5019709389
6.89	0.5215140595
6.9	0.5406653827
6.91	0.55942156
6.92	0.5777794259
6.93	0.5957359971
6.94	0.6132884718
6.95	0.6304342289
6.96	0.6471708276
6.97	0.6634960057
6.98	0.6794076798
6.99	0.6949039431
7	0.7099830653
7.01	0.7246434913
7.02	0.7388838395
7.03	0.7527029012
7.04	0.7660996394
7.05	0.7790731867
7.06	0.791622845
7.07	0.8037480831
7.08	0.8154485359
7.09	0.8267240028
7.1	0.8375744457
7.11	0.8479999879
7.12	0.8580009123
7.13	0.8675776595
7.14	0.8767308263
7.15	0.885461164
7.16	0.8937695761
7.17	0.901657117
7.18	0.9091249897
7.19	0.9161745444
7.2	0.9228072756
7.21	0.9290248212
7.22	0.9348289594
7.23	0.9402216076
7.24	0.9452048196
7.25	0.9497807836
7.26	0.9539518204
7.27	0.9577203806
7.28	0.961089043
7.29	0.964060512
7.3	0.9666376152
7.31	0.9688233016
7.32	0.9706206386
7.33	0.9720328104
7.34	0.9730631151
7.35	0.9737149624
7.36	0.9739918713
7.37	0.9738974678
7.38	0.9734354823
7.39	0.972609747
7.4	0.9714241938
7.41	0.9698828515
7.42	0.9679898436
7.43	0.9657493854
7.44	0.963165782
7.45	0.9602434253
7.46	0.9569867919
7.47	0.95340044
7.48	0.9494890076
7.49	0.9452572094
7.5	0.9407098342
7.51	0.935851743
7.52	0.9306878656
7.53	0.9252231987
7.54	0.919462803
7.55	0.9134118009
7.56	0.9070753735
7.57	0.9004587585
7.58	0.8935672477
7.59	0.8864061841
7.6	0.8789809593
7.61	0.8712970117
7.62	0.8633598231
7.63	0.8551749167
7.64	0.8467478545
7.65	0.8380842349
7.66	0.8291896898
7.67	0.8200698827
7.68	0.810730506
7.69	0.8011772784
7.7	0.7914159427
7.71	0.7814522632
7.72	0.7712920235
7.73	0.7609410242
7.74	0.75040508
7.75	0.739690018
7.76	0.7288016751
7.77	0.7177458954
7.78	0.7065285286
7.79	0.6951554271
7.8	0.683632444
7.81	0.6719654309
7.82	0.6601602359
7.83	0.6482227008
7.84	0.6361586596
7.85	0.6239739362
7.86	0.6116743419
7.87	0.5992656739
7.88	0.586753713
7.89	0.5741442214
7.9	0.561442941
7.91	0.5486555912
7.92	0.5357878673
7.93	0.5228454379
7.94	0.5098339439
7.95	0.496758996
7.96	0.4836261732
7.97	0.4704410206
7.98	0.4572090483
7.99	0.4439357291
8	0.430626497
8.01	0.4172867455
8.02	0.4039218261
8.03	0.3905370463
8.04	0.3771376688
8.05	0.3637289088
8.06	0.3503159338
8.07	0.3369038611
8.08	0.3234977568
8.09	0.3101026344
8.1	0.2967234533
8.11	0.2833651175
8.12	0.2700324744
8.13	0.2567303135
8.14	0.2434633649
8.15	0.2302362984
8.16	0.2170537224
8.17	0.2039201823
8.18	0.1908401601
8.19	0.1778180727
8.2	0.164858271
8.21	0.1519650394
8.22	0.1391425943
8.23	0.1263950833
8.24	0.1137265844
8.25	0.1011411052
8.26	0.08864258192
8.27	0.07623487884
8.28	0.06392178729
8.29	0.05170702514
8.3	0.03959423605
8.31	0.02758698881
8.32	0.01568877681
8.33	0.003903017378
8.34	-0.00776694868
8.35	-0.01931785763
8.36	-0.03074652327
8.37	-0.04204983735
8.38	-0.05322476998
8.39	-0.06426836999
8.4	-0.07517776528
8.41	-0.08595016312
8.42	-0.0965828504
8.43	-0.1070731939
8.44	-0.1174186403
8.45	-0.1276167168
8.46	-0.1376650308
8.47	-0.1475612701
8.48	-0.1573032032
8.49	-0.1668886791
8.5	-0.1763156276
8.51	-0.1855820587
8.52	-0.1946860634
8.53	-0.2036258127
8.54	-0.2123995584
8.55	-0.2210056321
8.56	-0.2294424458
8.57	-0.2377084911
8.58	-0.2458023392
8.59	-0.2537226411
8.6	-0.2614681263
8.61	-0.2690376034
8.62	-0.2764299596
8.63	-0.2836441599
8.64	-0.2906792472
8.65	-0.2975343416
8.66	-0.3042086401
8.67	-0.310701416
8.68	-0.3170120189
8.69	-0.3231398732
8.7	-0.3290844788
8.71	-0.3348454094
8.72	-0.3404223129
8.73	-0.3458149098
8.74	-0.3510229937
8.75	-0.3560464297
8.76	-0.3608851542
8.77	-0.3655391742
8.78	-0.3700085664
8.79	-0.3742934766
8.8	-0.3783941193
8.81	-0.382310776
8.82	-0.3860437955
8.83	-0.3895935924
8.84	-0.3929606467
8.85	-0.3961455024
8.86	-0.3991487674
8.87	-0.401971112
8.88	-0.4046132686
8.89	-0.4070760302
8.9	-0.40936025
8.91	-0.41146684
8.92	-0.4133967707
8.93	-0.4151510695
8.94	-0.4167308202
8.95	-0.4181371617
8.96	-0.4193712874
8.97	-0.4204344439
8.98	-0.4213279299
8.99	-0.4220530958
9	-0.4226113419
9.01	-0.4230041178
9.02	-0.4232329214
9.03	-0.4232992976
9.04	-0.4232048375
9.05	-0.4229511772
9.06	-0.4225399967
9.07	-0.4219730191
9.08	-0.4212520089
9.09	-0.4203787718
9.1	-0.4193551528
9.11	-0.4181830357
9.12	-0.4168643414
9.13	-0.4154010275
9.14	-0.4137950866
9.15	-0.4120485457
9.16	-0.4101634645
9.17	-0.408141935
9.18	-0.4059860797
9.19	-0.4036980509
9.2	-0.4012800297
9.21	-0.3987342244
9.22	-0.3960628698
9.23	-0.3932682261
9.24	-0.3903525774
9.25	-0.387318231
9.26	-0.3841675162
9.27	-0.3809027831
9.28	-0.3775264015
9.29	-0.3740407601
9.3	-0.3704482649
9.31	-0.3667513386
9.32	-0.3629524191
9.33	-0.3590539588
9.34	-0.3550584233
9.35	-0.3509682905
9.36	-0.3467860493
9.37	-0.3425141987
9.38	-0.3381552469
9.39	-0.3337117099
9.4	-0.3291861109
9.41	-0.3245809787
9.42	-0.3198988474
9.43	-0.3151422548
9.44	-0.3103137417
9.45	-0.3054158509
9.46	-0.3004511259
9.47	-0.2954221106
9.48	-0.2903313474
9.49	-0.2851813773
9.5	-0.279974738
9.51	-0.2747139636
9.52	-0.2694015833
9.53	-0.264040121
9.54	-0.2586320937
9.55	-0.2531800112
9.56	-0.2476863749
9.57	-0.242153677
9.58	-0.2365843997
9.59	-0.2309810145
9.6	-0.225345981
9.61	-0.2196817464
9.62	-0.2139907447
9.63	-0.2082753956
9.64	-0.202538104
9.65	-0.1967812593
9.66	-0.1910072345
9.67	-0.1852183853
9.68	-0.1794170497
9.69	-0.1736055472
9.7	-0.1677861781
9.71	-0.1619612226
9.72	-0.1561329405
9.73	-0.1503035702
9.74	-0.1444753286
9.75	-0.1386504096
9.76	-0.1328309844
9.77	-0.1270192005
9.78	-0.1212171808
9.79	-0.1154270239
9.8	-0.1096508025
9.81	-0.1038905638
9.82	-0.09814832834
9.83	-0.09242608992
9.84	-0.08672581483
9.85	-0.08104944151
9.86	-0.07539888004
9.87	-0.06977601178
9.88	-0.06418268885
9.89	-0.05862073377
9.9	-0.05309193907
9.91	-0.04759806689
9.92	-0.0421408486
9.93	-0.03672198451
9.94	-0.03134314347
9.95	-0.0260059626
9.96	-0.02071204694
9.97	-0.01546296921
9.98	-0.01026026952
9.99	-0.005105455076
10	-1.980385254e-16
10.01	0.005054654949
10.02	0.01005710257
10.03	0.01500596941
10.04	0.01989991596
10.05	0.02473763683
10.06	0.02951786089
10.07	0.03423935141
10.08	0.0389009062
10.09	0.04350135769
10.1	0.04803957307
10.11	0.05251445435
10.12	0.05692493842
10.13	0.06126999713
10.14	0.06554863731
10.15	0.06975990079
10.16	0.07390286445
10.17	0.0779766402
10.18	0.08198037496
10.19	0.08591325063
10.2	0.08977448409
10.21	0.0935633271
10.22	0.09727906626
10.23	0.1009210229
10.24	0.1044885532
10.25	0.1079810476
10.26	0.1113979312
10.27	0.1147386634
10.28	0.1180027379
10.29	0.1211896822
10.3	0.1242990579
10.31	0.1273304602
10.32	0.1302835179
10.33	0.133157893
10.34	0.1359532809
10.35	0.1386694097
10.36	0.1413060403
10.37	0.143862966
10.38	0.1463400122
10.39	0.1487370366
10.4	0.1510539284
10.41	0.153290608
10.42	0.1554470274
10.43	0.1575231692
10.44	0.1595190464
10.45	0.1614347026
10.46	0.163270211
10.47	0.1650256746
10.48	0.1667012255
10.49	0.1682970249
10.5	0.1698132625
10.51	0.1712501562
10.52	0.1726079518
10.53	0.1738869224
10.54	0.1750873686
10.55	0.1762096172
10.56	0.1772540219
10.57	0.1782209619
10.58	0.1791108421
10.59	0.1799240926
10.6	0.1806611681
10.61	0.1813225476
10.62	0.1819087341
10.63	0.182420254
10.64	0.1828576566
10.65	0.1832215138
10.66	0.1835124199
10.67	0.1837309906
10.68	0.1838778629
10.69	0.1839536947
10.7	0.1839591642
10.71	0.1838949693
10.72	0.1837618276
10.73	0.1835604755
10.74	0.1832916679
10.75	0.1829561776
10.76	0.1825547951
10.77	0.182088328
10.78	0.1815576004
10.79	0.1809634525
10.8	0.1803067401
10.81	0.1795883343
10.82	0.1788091208
10.83	0.1779699995
10.84	0.177071884
10.85	0.1761157011
10.86	0.1751023905
10.87	0.174032904
10.88	0.1729082053
10.89	0.1717292693
10.9	0.1704970818
10.91	0.1692126389
10.92	0.1678769467
10.93	0.1664910203
10.94	0.1650558843
10.95	0.1635725711
10.96	0.1620421216
10.97	0.1604655837
10.98	0.1588440128
10.99	0.1571784704
11	0.1554700243
11.01	0.1537197479
11.02	0.1519287197
11.03	0.1500980229
11.04	0.148228745
11.05	0.1463219772
11.06	0.144378814
11.07	0.1424003529
11.08	0.1403876936
11.09	0.1383419382
11.1	0.13626419
11.11	0.1341555536
11.12	0.1320171342
11.13	0.1298500373
11.14	0.1276553683
11.15	0.1254342321
11.16	0.1231877324
11.17	0.1209169716
11.18	0.1186230505
11.19	0.1163070675
11.2	0.1139701185
11.21	0.1116132964
11.22	0.1092376908
11.23	0.1068443875
11.24	0.1044344681
11.25	0.10200901
11.26	0.09956908556
11.27	0.09711576196
11.28	0.09465010088
11.29	0.09217315807
11.3	0.08968598307
11.31	0.08718961882
11.32	0.08468510139
11.33	0.0821734596
11.34	0.07965571474
11.35	0.07713288026
11.36	0.07460596143
11.37	0.07207595507
11.38	0.06954384926
11.39	0.06701062303
11.4	0.0644772461
11.41	0.0619446786
11.42	0.05941387078
11.43	0.0568857628
11.44	0.05436128443
11.45	0.0518413548
11.46	0.04932688219
11.47	0.04681876379
11.48	0.04431788543
11.49	0.0418251214
11.5	0.03934133422
11.51	0.03686737443
11.52	0.03440408039
11.53	0.03195227809
11.54	0.02951278092
11.55	0.02708638957
11.56	0.02467389176
11.57	0.02227606214
11.58	0.0198936621
11.59	0.01752743959
11.6	0.01517812904
11.61	0.01284645114
11.62	0.01053311274
11.63	0.008238806724
11.64	0.005964211885
11.65	0.003709992793
11.66	0.001476799701
11.67	-0.0007347315686
11.68	-0.002923979713
11.69	-0.005090338044
11.7	-0.007233214573
11.71	-0.009352032087
11.72	-0.01144622822
11.73	-0.01351525551
11.74	-0.01555858149
11.75	-0.01757568869
11.76	-0.01956607472
11.77	-0.02152925231
11.78	-0.02346474931
11.79	-0.02537210877
11.8	-0.02725088891
11.81	-0.02910066319
11.82	-0.03092102025
11.83	-0.03271156399
11.84	-0.03447191351
11.85	-0.03620170314
11.86	-0.03790058241
11.87	-0.03956821601
11.88	-0.04120428383
11.89	-0.04280848086
11.9	-0.04438051719
11.91	-0.04592011798
11.92	-0.04742702338
11.93	-0.0489009885
11.94	-0.05034178336
11.95	-0.05174919282
11.96	-0.05312301649
11.97	-0.05446306872
11.98	-0.05576917846
11.99	-0.05704118921
12	-0.05827895894
12.01	-0.05948235998
12.02	-0.06065127895
12.03	-0.06178561661
12.04	-0.06288528784
12.05	-0.06395022146
12.06	-0.06498036014
12.07	-0.06597566029
12.08	-0.06693609195
12.09	-0.06786163863
12.1	-0.06875229722
12.11	-0.06960807784
12.12	-0.0704290037
12.13	-0.07121511099
12.14	-0.07196644867
12.15	-0.07268307843
12.16	-0.07336507442
12.17	-0.0740125232
12.18	-0.07462552353
12.19	-0.07520418621
12.2	-0.07574863395
12.21	-0.07625900117
12.22	-0.07673543385
12.23	-0.07717808937
12.24	-0.07758713632
12.25	-0.07796275432
12.26	-0.07830513386
12.27	-0.07861447612
12.28	-0.07889099277
12.29	-0.0791349058
12.3	-0.07934644731
12.31	-0.07952585938
12.32	-0.07967339379
12.33	-0.07978931191
12.34	-0.07987388446
12.35	-0.07992739135
12.36	-0.07995012142
12.37	-0.07994237231
12.38	-0.07990445022
12.39	-0.07983666974
12.4	-0.07973935361
12.41	-0.07961283253
12.42	-0.07945744498
12.43	-0.07927353697
12.44	-0.07906146189
12.45	-0.07882158025
12.46	-0.07855425949
12.47	-0.07825987381
12.48	-0.07793880389
12.49	-0.07759143673
12.5	-0.07721816545
12.51	-0.07681938904
12.52	-0.07639551217
12.53	-0.07594694499
12.54	-0.07547410292
12.55	-0.07497740642
12.56	-0.07445728078
12.57	-0.07391415596
12.58	-0.0733484663
12.59	-0.0727606504
12.6	-0.07215115084
12.61	-0.07152041401
12.62	-0.07086888989
12.63	-0.07019703186
12.64	-0.06950529647
12.65	-0.06879414327
12.66	-0.06806403455
12.67	-0.0673154352
12.68	-0.06654881247
12.69	-0.0657646358
12.7	-0.06496337656
12.71	-0.06414550795
12.72	-0.06331150469
12.73	-0.06246184292
12.74	-0.06159699996
12.75	-0.06071745411
12.76	-0.05982368449
12.77	-0.05891617084
12.78	-0.0579953933
12.79	-0.05706183227
12.8	-0.05611596822
12.81	-0.05515828147
12.82	-0.05418925205
12.83	-0.0532093595
12.84	-0.0522190827
12.85	-0.05121889969
12.86	-0.05020928751
12.87	-0.04919072202
12.88	-0.04816367772
12.89	-0.04712862762
12.9	-0.04608604304
12.91	-0.04503639345
12.92	-0.04398014635
12.93	-0.04291776705
12.94	-0.04184971859
12.95	-0.04077646151
12.96	-0.03969845376
12.97	-0.03861615053
12.98	-0.0375300041
12.99	-0.03644046371
13	-0.03534797541
13.01	-0.03425298193
13.02	-0.03315592254
13.03	-0.03205723291
13.04	-0.03095734502
13.05	-0.02985668698
13.06	-0.02875568295
13.07	-0.02765475298
13.08	-0.02655431292
13.09	-0.02545477432
13.1	-0.02435654425
13.11	-0.02326002528
13.12	-0.02216561529
13.13	-0.02107370743
13.14	-0.01998468997
13.15	-0.01889894624
13.16	-0.0178168545
13.17	-0.01673878789
13.18	-0.01566511428
13.19	-0.01459619625
13.2	-0.01353239095
13.21	-0.01247405005
13.22	-0.01142151966
13.23	-0.01037514024
13.24	-0.009335246521
13.25	-0.008302167478
13.26	-0.007276226215
13.27	-0.006257739924
13.28	-0.005247019822
13.29	-0.004244371088
13.3	-0.003250092811
13.31	-0.002264477939
13.32	-0.001287813223
13.33	-0.0003203791761
13.34	0.0006375499717
13.35	0.001585706317
13.36	0.002523828321
13.37	0.003451660841
13.38	0.00436895517
13.39	0.005275469062
13.4	0.00617096676
13.41	0.007055219022
13.42	0.007928003142
13.43	0.00878910297
13.44	0.009638308928
13.45	0.01047541802
13.46	0.01130023386
13.47	0.01211256665
13.48	0.01291223322
13.49	0.013699057
13.5	0.01447286805
13.51	0.01523350304
13.52	0.01598080524
13.53	0.01671462456
13.54	0.01743481746
13.55	0.01814124701
13.56	0.01883378285
13.57	0.01951230116
13.58	0.02017668468
13.59	0.02082682264
13.6	0.02146261078
13.61	0.02208395131
13.62	0.02269075285
13.63	0.02328293048
13.64	0.02386040561
13.65	0.02442310602
13.66	0.0249709658
13.67	0.02550392531
13.68	0.02602193113
13.69	0.02652493605
13.7	0.02701289899
13.71	0.02748578497
13.72	0.02794356508
13.73	0.0283862164
13.74	0.02881372196
13.75	0.02922607069
13.76	0.02962325738
13.77	0.03000528261
13.78	0.03037215266
13.79	0.03072387952
13.8	0.03106048076
13.81	0.03138197952
13.82	0.03168840442
13.83	0.0319797895
13.84	0.03225617414
13.85	0.03251760302
13.86	0.03276412602
13.87	0.03299579818
13.88	0.0332126796
13.89	0.03341483538
13.9	0.03360233556
13.91	0.033775255
13.92	0.03393367335
13.93	0.03407767497
13.94	0.0342073488
13.95	0.03432278834
13.96	0.03442409155
13.97	0.03451136075
13.98	0.03458470255
13.99	0.03464422779
14	0.03469005142
14.01	0.03472229243
14.02	0.03474107377
14.03	0.03474652226
14.04	0.0347387685
14.05	0.0347179468
14.06	0.03468419505
14.07	0.03463765469
14.08	0.03457847057
14.09	0.03450679091
14.1	0.03442276714
14.11	0.03432655391
14.12	0.03421830889
14.13	0.03409819277
14.14	0.03396636911
14.15	0.0338230043
14.16	0.03366826742
14.17	0.03350233017
14.18	0.03332536679
14.19	0.03313755396
14.2	0.03293907069
14.21	0.03273009826
14.22	0.03251082013
14.23	0.0322814218
14.24	0.03204209077
14.25	0.03179301646
14.26	0.03153439004
14.27	0.03126640442
14.28	0.03098925415
14.29	0.03070313528
14.3	0.03040824532
14.31	0.03010478312
14.32	0.02979294882
14.33	0.02947294371
14.34	0.02914497019
14.35	0.02880923164
14.36	0.02846593238
14.37	0.02811527753
14.38	0.02775747298
14.39	0.02739272525
14.4	0.02702124146
14.41	0.02664322919
14.42	0.02625889645
14.43	0.02586845155
14.44	0.02547210306
14.45	0.0250700597
14.46	0.02466253026
14.47	0.02424972354
14.48	0.02383184826
14.49	0.02340911296
14.5	0.02298172598
14.51	0.02254989532
14.52	0.0221138286
14.53	0.02167373297
14.54	0.02122981506
14.55	0.02078228087
14.56	0.02033133574
14.57	0.01987718424
14.58	0.01942003012
14.59	0.01896007626
14.6	0.01849752454
14.61	0.01803257585
14.62	0.01756542998
14.63	0.01709628556
14.64	0.01662533999
14.65	0.0161527894
14.66	0.01567882858
14.67	0.0152036509
14.68	0.01472744828
14.69	0.01425041111
14.7	0.0137727282
14.71	0.01329458673
14.72	0.0128161722
14.73	0.01233766836
14.74	0.01185925715
14.75	0.01138111868
14.76	0.01090343117
14.77	0.0104263709
14.78	0.009950112122
14.79	0.009474827094
14.8	0.009000685971
14.81	0.008527856783
14.82	0.008056505397
14.83	0.007586795464
14.84	0.007118888391
14.85	0.006652943295
14.86	0.006189116965
14.87	0.005727563831
14.88	0.005268435926
14.89	0.004811882851
14.9	0.004358051746
14.91	0.003907087255
14.92	0.0034591315
14.93	0.003014324048
14.94	0.002572801889
14.95	0.002134699404
14.96	0.001700148344
14.97	0.001269277806
14.98	0.0008422142091
14.99	0.0004190812729
15	2.438398813e-17
15.01	-0.0004149113446
15.02	-0.0008255372504
15.03	-0.001231764978
15.04	-0.001633484574
15.05	-0.002030588886
15.06	-0.002422973571
15.07	-0.002810537114
15.08	-0.003193180832
15.09	-0.003570808886
15.1	-0.003943328289
15.11	-0.004310648913
15.12	-0.004672683492
15.13	-0.00502934763
15.14	-0.005380559803
15.15	-0.00572624136
15.16	-0.006066316527
15.17	-0.006400712404
15.18	-0.006729358966
15.19	-0.00705218906
15.2	-0.007369138403
15.21	-0.007680145576
15.22	-0.00798515202
15.23	-0.008284102029
15.24	-0.008576942743
15.25	-0.008863624141
15.26	-0.009144099029
15.27	-0.009418323031
15.28	-0.009686254579
15.29	-0.009947854898
15.3	-0.010203088
15.31	-0.01045192065
15.32	-0.01069432239
15.33	-0.01093026547
15.34	-0.01115972488
15.35	-0.01138267831
15.36	-0.01159910612
15.37	-0.01180899136
15.38	-0.0120123197
15.39	-0.01220907945
15.4	-0.0123992615
15.41	-0.01258285935
15.42	-0.01275986903
15.43	-0.01293028913
15.44	-0.01309412071
15.45	-0.01325136734
15.46	-0.01340203504
15.47	-0.01354613227
15.48	-0.01368366987
15.49	-0.01381466106
15.5	-0.01393912142
15.51	-0.01405706884
15.52	-0.01416852348
15.53	-0.01427350779
15.54	-0.01437204641
15.55	-0.01446416619
15.56	-0.01454989614
15.57	-0.01462926741
15.58	-0.01470231323
15.59	-0.01476906889
15.6	-0.01482957173
15.61	-0.01488386107
15.62	-0.01493197819
15.63	-0.0149739663
15.64	-0.01500987049
15.65	-0.01503973771
15.66	-0.01506361674
15.67	-0.01508155811
15.68	-0.01509361413
15.69	-0.01509983878
15.7	-0.01510028774
15.71	-0.0150950183
15.72	-0.01508408937
15.73	-0.01506756138
15.74	-0.0150454963
15.75	-0.01501795758
15.76	-0.01498501011
15.77	-0.01494672016
15.78	-0.01490315538
15.79	-0.01485438475
15.8	-0.01480047851
15.81	-0.01474150817
15.82	-0.01467754643
15.83	-0.01460866716
15.84	-0.01453494535
15.85	-0.01445645708
15.86	-0.01437327948
15.87	-0.01428549069
15.88	-0.01419316979
15.89	-0.01409639683
15.9	-0.01399525273
15.91	-0.01388981923
15.92	-0.01378017893
15.93	-0.01366641518
15.94	-0.01354861203
15.95	-0.01342685428
15.96	-0.01330122733
15.97	-0.01317181722
15.98	-0.01303871057
15.99	-0.01290199452
16	-0.01276175673
16.01	-0.01261808529
16.02	-0.01247106875
16.03	-0.012320796
16.04	-0.01216735633
16.05	-0.0120108393
16.06	-0.01185133475
16.07	-0.01168893277
16.08	-0.01152372364
16.09	-0.01135579781
16.1	-0.01118524585
16.11	-0.01101215843
16.12	-0.01083662628
16.13	-0.01065874013
16.14	-0.01047859073
16.15	-0.01029626877
16.16	-0.01011186484
16.17	-0.009925469449
16.18	-0.009737172939
16.19	-0.009547065479
16.2	-0.009355237024
16.21	-0.009161777285
16.22	-0.0089667757
16.23	-0.008770321397
16.24	-0.008572503171
16.25	-0.008373409446
16.26	-0.008173128251
16.27	-0.007971747187
16.28	-0.0077693534
16.29	-0.007566033553
16.3	-0.007361873797
16.31	-0.007156959741
16.32	-0.006951376431
16.33	-0.006745208318
16.34	-0.006538539235
16.35	-0.00633145237
16.36	-0.006124030241
16.37	-0.005916354673
16.38	-0.005708506771
16.39	-0.005500566899
16.4	-0.005292614658
16.41	-0.005084728857
16.42	-0.004876987501
16.43	-0.004669467761
16.44	-0.004462245957
16.45	-0.004255397537
16.46	-0.004048997057
16.47	-0.003843118161
16.48	-0.003637833564
16.49	-0.003433215032
16.5	-0.003229333365
16.51	-0.003026258379
16.52	-0.002824058892
16.53	-0.002622802703
16.54	-0.002422556581
16.55	-0.00222338625
16.56	-0.002025356371
16.57	-0.00182853053
16.58	-0.001632971226
16.59	-0.001438739855
16.6	-0.001245896701
16.61	-0.001054500924
16.62	-0.0008646105445
16.63	-0.0006762824386
16.64	-0.0004895723244
16.65	-0.0003045347533
16.66	-0.0001212231014
16.67	6.03104398e-05
16.68	0.0002400148707
16.69	0.0004178403913
16.7	0.0005937384083
16.71	0.000767661541
16.72	0.0009395636275
16.73	0.00110939973
16.74	0.00127712614
16.75	0.001442700382
16.76	0.001606081217
16.77	0.001767228646
16.78	0.001926103915
16.79	0.002082669513
16.8	0.002236889179
16.81	0.002388727898
16.82	0.002538151905
16.83	0.002685128685
16.84	0.002829626973
16.85	0.002971616753
16.86	0.003111069255
16.87	0.003247956957
16.88	0.003382253581
16.89	0.003513934092
16.9	0.003642974693
16.91	0.003769352821
16.92	0.003893047149
16.93	0.004014037574
16.94	0.004132305218
16.95	0.004247832421
16.96	0.004360602736
16.97	0.004470600921
16.98	0.004577812937
16.99	0.004682225938
17	0.004783828264
17.01	0.004882609437
17.02	0.004978560149
17.03	0.005071672255
17.04	0.005161938766
17.05	0.005249353841
17.06	0.005333912773
17.07	0.005415611984
17.08	0.005494449016
17.09	0.005570422514
17.1	0.005643532223
17.11	0.005713778974
17.12	0.005781164672
17.13	0.005845692287
17.14	0.00590736584
17.15	0.005966190393
17.16	0.006022172033
17.17	0.006075317865
17.18	0.006125635996
17.19	0.006173135522
17.2	0.006217826514
17.21	0.006259720006
17.22	0.006298827982
17.23	0.00633516336
17.24	0.006368739978
17.25	0.006399572581
17.26	0.006427676805
17.27	0.006453069164
17.28	0.006475767033
17.29	0.006495788634
17.3	0.006513153019
17.31	0.006527880057
17.32	0.006539990419
17.33	0.006549505558
17.34	0.006556447696
17.35	0.006560839809
17.36	0.006562705606
17.37	0.006562069521
17.38	0.006558956687
17.39	0.006553392926
17.4	0.006545404731
17.41	0.006535019249
17.42	0.006522264262
17.43	0.006507168173
17.44	0.006489759991
17.45	0.006470069306
17.46	0.006448126283
17.47	0.006423961634
17.48	0.00639760661
17.49	0.006369092977
17.5	0.006338453005
17.51	0.006305719443
17.52	0.006270925511
17.53	0.006234104875
17.54	0.006195291635
17.55	0.006154520303
17.56	0.006111825791
17.57	0.00606724339
17.58	0.006020808755
17.59	0.005972557888
17.6	0.005922527117
17.61	0.005870753085
17.62	0.005817272729
17.63	0.005762123264
17.64	0.005705342165
17.65	0.005646967155
17.66	0.005587036182
17.67	0.005525587405
17.68	0.00546265918
17.69	0.005398290039
17.7	0.005332518676
17.71	0.005265383932
17.72	0.005196924775
17.73	0.00512718029
17.74	0.005056189657
17.75	0.004983992137
17.76	0.004910627059
17.77	0.004836133802
17.78	0.004760551779
17.79	0.004683920424
17.8	0.004606279174
17.81	0.004527667459
17.82	0.00444812468
17.83	0.004367690202
17.84	0.004286403332
17.85	0.004204303311
17.86	0.004121429296
17.87	0.004037820349
17.88	0.00395351542
17.89	0.003868553334
17.9	0.003782972779
17.91	0.003696812294
17.92	0.003610110252
17.93	0.003522904849
17.94	0.003435234092
17.95	0.003347135787
17.96	0.003258647522
17.97	0.003169806663
17.98	0.003080650335
17.99	0.002991215414
18	0.002901538513
18.01	0.002811655975
18.02	0.002721603856
18.03	0.002631417919
18.04	0.002541133623
18.05	0.00245078611
18.06	0.002360410195
18.07	0.00227004036
18.08	0.00217971074
18.09	0.002089455115
18.1	0.001999306901
18.11	0.001909299143
18.12	0.001819464501
18.13	0.001729835245
18.14	0.001640443249
18.15	0.001551319976
18.16	0.001462496477
18.17	0.001374003381
18.18	0.001285870884
18.19	0.001198128749
18.2	0.001110806293
18.21	0.001023932381
18.22	0.0009375354257
18.23	0.000851643372
18.24	0.0007662836979
18.25	0.000681483406
18.26	0.0005972690188
18.27	0.0005136665731
18.28	0.0004307016149
18.29	0.0003483991949
18.3	0.000266783864
18.31	0.0001858796685
18.32	0.0001057101466
18.33	2.629832423e-05
18.34	-5.233328855e-05
18.35	-0.0001301627009
18.36	-0.0002071684442
18.37	-0.0002833295754
18.38	-0.0003586256791
18.39	-0.0004330368707
18.4	-0.000506543798
18.41	-0.0005791276437
18.42	-0.000650770127
18.43	-0.0007214535052
18.44	-0.0007911605751
18.45	-0.000859874674
18.46	-0.0009275796809
18.47	-0.0009942600169
18.48	-0.001059900646
18.49	-0.001124487075
18.5	-0.001188005354
18.51	-0.001250442076
18.52	-0.001311784377
18.53	-0.001372019934
18.54	-0.001431136967
18.55	-0.001489124236
18.56	-0.001545971039
18.57	-0.001601667214
18.58	-0.001656203134
18.59	-0.001709569708
18.6	-0.001761758377
18.61	-0.001812761113
18.62	-0.001862570417
18.63	-0.001911179316
18.64	-0.001958581361
18.65	-0.002004770624
18.66	-0.002049741693
18.67	-0.002093489674
18.68	-0.002136010181
18.69	-0.002177299339
18.7	-0.002217353776
18.71	-0.002256170622
18.72	-0.002293747501
18.73	-0.002330082534
18.74	-0.002365174327
18.75	-0.002399021972
18.76	-0.002431625042
18.77	-0.002462983582
18.78	-0.002493098109
18.79	-0.002521969608
18.8	-0.00254959952
18.81	-0.002575989746
18.82	-0.002601142633
18.83	-0.002625060977
18.84	-0.00264774801
18.85	-0.002669207399
18.86	-0.002689443239
18.87	-0.002708460048
18.88	-0.002726262759
18.89	-0.002742856716
18.9	-0.002758247668
18.91	-0.00277244176
18.92	-0.002785445531
18.93	-0.002797265903
18.94	-0.002807910179
18.95	-0.002817386034
18.96	-0.002825701507
18.97	-0.002832864999
18.98	-0.002838885261
18.99	-0.00284377139
19	-0.002847532823
19.01	-0.002850179326
19.02	-0.002851720992
19.03	-0.002852168232
19.04	-0.002851531765
19.05	-0.002849822615
19.06	-0.002847052103
19.07	-0.002843231837
19.08	-0.002838373709
19.09	-0.002832489884
19.1	-0.002825592794
19.11	-0.00281769513
19.12	-0.002808809838
19.13	-0.002798950106
19.14	-0.002788129362
19.15	-0.002776361262
19.16	-0.002763659685
19.17	-0.002750038726
19.18	-0.002735512687
19.19	-0.002720096071
19.2	-0.002703803572
19.21	-0.002686650071
19.22	-0.002668650625
19.23	-0.002649820464
19.24	-0.002630174977
19.25	-0.002609729712
19.26	-0.002588500363
19.27	-0.002566502764
19.28	-0.002543752884
19.29	-0.002520266817
19.3	-0.002496060775
19.31	-0.002471151081
19.32	-0.002445554163
19.33	-0.002419286544
19.34	-0.002392364838
19.35	-0.00236480574
19.36	-0.00233662602
19.37	-0.002307842517
19.38	-0.002278472131
19.39	-0.002248531814
19.4	-0.002218038568
19.41	-0.002187009431
19.42	-0.002155461479
19.43	-0.00212341181
19.44	-0.002090877545
19.45	-0.002057875816
19.46	-0.002024423762
19.47	-0.001990538523
19.48	-0.001956237231
19.49	-0.001921537005
19.5	-0.001886454946
19.51	-0.001851008126
19.52	-0.00181521359
19.53	-0.001779088341
19.54	-0.00174264934
19.55	-0.001705913497
19.56	-0.001668897666
19.57	-0.001631618641
19.58	-0.001594093146
19.59	-0.001556337833
19.6	-0.001518369276
19.61	-0.001480203964
19.62	-0.001441858296
19.63	-0.001403348577
19.64	-0.00136469101
19.65	-0.001325901696
19.66	-0.001286996622
19.67	-0.001247991663
19.68	-0.001208902572
19.69	-0.001169744976
19.7	-0.001130534375
19.71	-0.001091286134
19.72	-0.001052015478
19.73	-0.00101273749
19.74	-0.0009734671065
19.75	-0.0009342191113
19.76	-0.000895008133
19.77	-0.0008558486406
19.78	-0.0008167549399
19.79	-0.000777741169
19.8	-0.0007388212955
19.81	-0.0007000091123
19.82	-0.0006613182344
19.83	-0.0006227620952
19.84	-0.0005843539438
19.85	-0.0005461068412
19.86	-0.0005080336575
19.87	-0.0004701470692
19.88	-0.0004324595557
19.89	-0.0003949833972
19.9	-0.0003577306716
19.91	-0.000320713252
19.92	-0.0002839428044
19.93	-0.0002474307853
19.94	-0.0002111884395
19.95	-0.0001752267976
19.96	-0.0001395566745
19.97	-0.000104188667
19.98	-6.91331522e-05
19.99	-3.440028571e-05
20	-2.668746176e-18
20.01	3.405799715e-05
20.02	6.776422406e-05
20.03	0.0001011094265
20.04	0.000134084579
20.05	0.0001666808859
20.06	0.0001988897822
20.07	0.0002307029351
20.08	0.0002621122442
20.09	0.0002931098425
20.1	0.0003236880972
20.11	0.0003538396101
20.12	0.000383557218
20.13	0.0004128339933
20.14	0.000441663244
20.15	0.0004700385142
20.16	0.0004979535838
20.17	0.0005254024689
20.18	0.0005523794214
20.19	0.0005788789293
20.2	0.0006048957157
20.21	0.000630424739
20.22	0.0006554611926
20.23	0.0006800005036
20.24	0.0007040383333
20.25	0.0007275705754
20.26	0.0007505933562
20.27	0.000773103033
20.28	0.0007950961937
20.29	0.0008165696556
20.3	0.0008375204642
20.31	0.0008579458922
20.32	0.0008778434383
20.33	0.0008972108258
20.34	0.0009160460013
20.35	0.0009343471332
20.36	0.0009521126102
20.37	0.0009693410397
20.38	0.0009860312462
20.39	0.00100218227
20.4	0.001017793363
20.41	0.001032863992
20.42	0.001047393832
20.43	0.001061382765
20.44	0.00107483088
20.45	0.00108773847
20.46	0.001100106028
20.47	0.001111934249
20.48	0.001123224022
20.49	0.001133976434
20.5	0.001144192763
20.51	0.001153874476
20.52	0.001163023231
20.53	0.001171640867
20.54	0.00117972941
20.55	0.001187291062
20.56	0.001194328205
20.57	0.001200843395
20.58	0.001206839361
20.59	0.001212319
20.6	0.001217285375
20.61	0.001221741716
20.62	0.001225691409
20.63	0.001229138003
20.64	0.001232085198
20.65	0.001234536849
20.66	0.001236496959
20.67	0.001237969677
20.68	0.001238959295
20.69	0.001239470245
20.7	0.001239507098
20.71	0.001239074557
20.72	0.001238177455
20.73	0.001236820755
20.74	0.001235009543
20.75	0.001232749028
20.76	0.001230044534
20.77	0.001226901503
20.78	0.001223325489
20.79	0.001219322151
20.8	0.001214897258
20.81	0.001210056678
20.82	0.001204806379
20.83	0.001199152424
20.84	0.001193100969
20.85	0.00118665826
20.86	0.001179830627
20.87	0.001172624483
20.88	0.001165046323
20.89	0.001157102715
20.9	0.001148800301
20.91	0.001140145793
20.92	0.001131145969
20.93	0.001121807671
20.94	0.0011121378
20.95	0.001102143315
20.96	0.001091831227
20.97	0.001081208598
20.98	0.001070282539
20.99	0.001059060203
21	0.001047548784
21.01	0.001035755514
21.02	0.001023687661
21.03	0.001011352523
21.04	0.0009987574276
21.05	0.0009859097271
21.06	0.0009728167964
21.07	0.0009594860302
21.08	0.0009459248391
21.09	0.0009321406476
21.1	0.0009181408903
21.11	0.0009039330098
21.12	0.0008895244531
21.13	0.0008749226692
21.14	0.000860135106
21.15	0.0008451692076
21.16	0.0008300324116
21.17	0.0008147321461
21.18	0.0007992758273
21.19	0.0007836708567
21.2	0.0007679246182
21.21	0.0007520444758
21.22	0.000736037771
21.23	0.0007199118198
21.24	0.000703673911
21.25	0.0006873313029
21.26	0.0006708912212
21.27	0.0006543608569
21.28	0.0006377473632
21.29	0.0006210578538
21.3	0.0006042994005
21.31	0.0005874790305
21.32	0.0005706037248
21.33	0.0005536804155
21.34	0.0005367159841
21.35	0.0005197172591
21.36	0.0005026910139
21.37	0.0004856439652
21.38	0.0004685827704
21.39	0.0004515140264
21.4	0.0004344442669
21.41	0.0004173799613
21.42	0.0004003275123
21.43	0.0003832932548
21.44	0.0003662834533
21.45	0.000349304301
21.46	0.0003323619179
21.47	0.000315462349
21.48	0.0002986115631
21.49	0.0002818154512
21.5	0.0002650798248
21.51	0.0002484104149
21.52	0.0002318128702
21.53	0.0002152927562
21.54	0.0001988555537
21.55	0.0001825066573
21.56	0.0001662513749
21.57	0.0001500949261
21.58	0.0001340424408
21.59	0.000118098959
21.6	0.000102269429
21.61	8.655870689e-05
21.62	7.097155536e-05
21.63	5.551264304e-05
21.64	4.018654357e-05
21.65	2.499773481e-05
21.66	9.950598111e-06
21.67	-4.950582368e-06
21.68	-1.970162033e-05
21.69	-3.429842795e-05
21.7	-4.873701643e-05
21.71	-6.301349653e-05
21.72	-7.712407907e-05
21.73	-9.106507533e-05
21.74	-0.0001048328975
21.75	-0.0001184240589
21.76	-0.0001318351744
21.77	-0.000145062961
21.78	-0.0001581042372
21.79	-0.0001709559241
21.8	-0.0001836150452
21.81	-0.0001960787262
21.82	-0.0002083441956
21.83	-0.0002204087844
21.84	-0.0002322699262
21.85	-0.0002439251571
21.86	-0.0002553721155
21.87	-0.0002666085423
21.88	-0.0002776322806
21.89	-0.0002884412751
21.9	-0.0002990335726
21.91	-0.0003094073212
21.92	-0.0003195607699
21.93	-0.0003294922687
21.94	-0.0003392002681
21.95	-0.0003486833184
21.96	-0.0003579400695
21.97	-0.0003669692704
21.98	-0.0003757697686
21.99	-0.0003843405097
22	-0.0003926805365
22.01	-0.0004007889889
22.02	-0.000408665103
22.03	-0.00041630821
22.04	-0.0004237177365
22.05	-0.0004308932028
22.06	-0.0004378342226
22.07	-0.0004445405023
22.08	-0.0004510118399
22.09	-0.0004572481244
22.1	-0.0004632493347
22.11	-0.0004690155392
22.12	-0.0004745468942
22.13	-0.0004798436434
22.14	-0.0004849061169
22.15	-0.0004897347302
22.16	-0.000494329983
22.17	-0.0004986924586
22.18	-0.0005028228223
22.19	-0.0005067218208
22.2	-0.0005103902808
22.21	-0.0005138291081
22.22	-0.0005170392862
22.23	-0.0005200218757
22.24	-0.0005227780123
22.25	-0.0005253089065
22.26	-0.0005276158417
22.27	-0.0005297001735
22.28	-0.000531563328
22.29	-0.000533206801
22.3	-0.0005346321566
22.31	-0.0005358410255
22.32	-0.0005368351046
22.33	-0.0005376161547
22.34	-0.0005381860001
22.35	-0.0005385465267
22.36	-0.0005386996807
22.37	-0.0005386474676
22.38	-0.0005383919506
22.39	-0.0005379352493
22.4	-0.0005372795384
22.41	-0.000536427046
22.42	-0.0005353800529
22.43	-0.0005341408906
22.44	-0.0005327119399
22.45	-0.0005310956301
22.46	-0.000529294437
22.47	-0.0005273108819
22.48	-0.0005251475298
22.49	-0.0005228069883
22.5	-0.0005202919062
22.51	-0.0005176049718
22.52	-0.000514748912
22.53	-0.0005117264901
22.54	-0.0005085405053
22.55	-0.0005051937906
22.56	-0.0005016892116
22.57	-0.0004980296653
22.58	-0.0004942180784
22.59	-0.000490257406
22.6	-0.0004861506303
22.61	-0.0004819007589
22.62	-0.000477510824
22.63	-0.0004729838802
22.64	-0.0004683230038
22.65	-0.0004635312912
22.66	-0.0004586118573
22.67	-0.0004535678346
22.68	-0.0004484023713
22.69	-0.0004431186304
22.7	-0.0004377197882
22.71	-0.0004322090328
22.72	-0.000426589563
22.73	-0.0004208645871
22.74	-0.000415037321
22.75	-0.0004091109877
22.76	-0.0004030888154
22.77	-0.0003969740365
22.78	-0.0003907698862
22.79	-0.0003844796015
22.8	-0.0003781064197
22.81	-0.0003716535771
22.82	-0.0003651243083
22.83	-0.0003585218442
22.84	-0.0003518494116
22.85	-0.0003451102315
22.86	-0.0003383075181
22.87	-0.0003314444778
22.88	-0.0003245243078
22.89	-0.0003175501951
22.9	-0.0003105253154
22.91	-0.0003034528321
22.92	-0.0002963358951
22.93	-0.0002891776397
22.94	-0.0002819811858
22.95	-0.0002747496364
22.96	-0.0002674860774
22.97	-0.0002601935756
22.98	-0.0002528751785
22.99	-0.0002455339131
23	-0.0002381727849
23.01	-0.0002307947768
23.02	-0.0002234028488
23.03	-0.0002159999363
23.04	-0.00020858895
23.05	-0.0002011727745
23.06	-0.0001937542676
23.07	-0.0001863362598
23.08	-0.0001789215531
23.09	-0.0001715129202
23.1	-0.0001641131043
23.11	-0.0001567248175
23.12	-0.000149350741
23.13	-0.0001419935237
23.14	-0.0001346557818
23.15	-0.0001273400981
23.16	-0.0001200490213
23.17	-0.0001127850656
23.18	-0.0001055507098
23.19	-9.834839672e-05
23.2	-9.118053299e-05
23.21	-8.404948812e-05
23.22	-7.695759413e-05
23.23	-6.990714502e-05
23.24	-6.290039628e-05
23.25	-5.593956445e-05
23.26	-4.902682659e-05
23.27	-4.216431994e-05
23.28	-3.535414146e-05
23.29	-2.859834743e-05
23.3	-2.189895311e-05
23.31	-1.525793233e-05
23.32	-8.677217239e-06
23.33	-2.158697908e-06
23.34	4.295777919e-06
23.35	1.068440512e-05
23.36	1.700542146e-05
23.37	2.325710781e-05
23.38	2.943778838e-05
23.39	3.554583093e-05
23.4	4.157964696e-05
23.41	4.753769184e-05
23.42	5.341846498e-05
23.43	5.922050998e-05
23.44	6.494241472e-05
23.45	7.058281143e-05
23.46	7.614037683e-05
23.47	8.161383212e-05
23.48	8.700194306e-05
23.49	9.230351999e-05
23.5	9.751741783e-05
23.51	0.0001026425361
23.52	0.0001076778187
23.53	0.0001126222544
23.54	0.000117474876
23.55	0.0001222347608
23.56	0.0001269010306
23.57	0.0001314728511
23.58	0.000135949432
23.59	0.0001403300271
23.6	0.0001446139339
23.61	0.0001488004934
23.62	0.0001528890901
23.63	0.0001568791515
23.64	0.0001607701483
23.65	0.0001645615939
23.66	0.0001682530441
23.67	0.000171844097
23.68	0.0001753343928
23.69	0.0001787236133
23.7	0.0001820114817
23.71	0.0001851977624
23.72	0.0001882822605
23.73	0.0001912648216
23.74	0.0001941453314
23.75	0.0001969237153
23.76	0.0001995999382
23.77	0.0002021740039
23.78	0.0002046459549
23.79	0.0002070158718
23.8	0.0002092838731
23.81	0.0002114501147
23.82	0.0002135147895
23.83	0.0002154781267
23.84	0.0002173403917
23.85	0.0002191018857
23.86	0.0002207629446
23.87	0.0002223239393
23.88	0.0002237852748
23.89	0.0002251473898
23.9	0.000226410756
23.91	0.0002275758781
23.92	0.0002286432925
23.93	0.0002296135678
23.94	0.0002304873032
23.95	0.0002312651287
23.96	0.0002319477044
23.97	0.0002325357196
23.98	0.0002330298928
23.99	0.0002334309707
24	0.0002337397278
24.01	0.0002339569661
24.02	0.0002340835137
24.03	0.0002341202254
24.04	0.000234067981
24.05	0.0002339276854
24.06	0.0002337002679
24.07	0.0002333866815
24.08	0.000232987902
24.09	0.0002325049282
24.1	0.0002319387806
24.11	0.0002312905009
24.12	0.0002305611517
24.13	0.0002297518156
24.14	0.0002288635948
24.15	0.0002278976103
24.16	0.0002268550014
24.17	0.000225736925
24.18	0.0002245445552
24.19	0.0002232790822
24.2	0.0002219417125
24.21	0.0002205336674
24.22	0.0002190561829
24.23	0.0002175105091
24.24	0.0002158979094
24.25	0.0002142196598
24.26	0.0002124770487
24.27	0.0002106713759
24.28	0.000208803952
24.29	0.0002068760982
24.3	0.0002048891453
24.31	0.0002028444331
24.32	0.0002007433101
24.33	0.0001985871326
24.34	0.0001963772644
24.35	0.0001941150759
24.36	0.0001918019436
24.37	0.0001894392499
24.38	0.0001870283817
24.39	0.0001845707309
24.4	0.0001820676928
24.41	0.0001795206662
24.42	0.0001769310525
24.43	0.0001743002555
24.44	0.0001716296804
24.45	0.0001689207335
24.46	0.0001661748218
24.47	0.000163393352
24.48	0.0001605777304
24.49	0.0001577293624
24.5	0.0001548496516
24.51	0.0001519399995
24.52	0.000149001805
24.53	0.000146036464
24.54	0.0001430453687
24.55	0.000140029907
24.56	0.0001369914626
24.57	0.0001339314139
24.58	0.0001308511337
24.59	0.0001277519889
24.6	0.00012463534
24.61	0.0001215025404
24.62	0.0001183549362
24.63	0.000115193866
24.64	0.0001120206597
24.65	0.0001088366389
24.66	0.000105643116
24.67	0.000102441394
24.68	9.923276593e-05
24.69	9.601851474e-05
24.7	9.279991262e-05
24.71	8.957822078e-05
24.72	8.635468903e-05
24.73	8.313055547e-05
24.74	7.99070461e-05
24.75	7.668537446e-05
24.76	7.346674136e-05
24.77	7.025233449e-05
24.78	6.704332811e-05
24.79	6.384088279e-05
24.8	6.064614503e-05
24.81	5.746024702e-05
24.82	5.428430636e-05
24.83	5.111942573e-05
24.84	4.796669267e-05
24.85	4.482717931e-05
24.86	4.170194208e-05
24.87	3.859202153e-05
24.88	3.549844204e-05
24.89	3.242221162e-05
24.9	2.936432168e-05
24.91	2.632574685e-05
24.92	2.330744471e-05
24.93	2.031035567e-05
24.94	1.733540277e-05
24.95	1.438349144e-05
24.96	1.145550944e-05
24.97	8.552326587e-06
24.98	5.674794703e-06
24.99	2.823747405e-06
25	8.034193007e-19
25.01	-2.795650649e-06
25.02	-5.562426239e-06
25.03	-8.299567138e-06
25.04	-1.100633249e-05
25.05	-1.368200029e-05
25.06	-1.63258675e-05
25.07	-1.893725011e-05
25.08	-2.15154832e-05
25.09	-2.405992102e-05
25.1	-2.656993701e-05
25.11	-2.904492391e-05
25.12	-3.148429371e-05
25.13	-3.388747777e-05
25.14	-3.625392678e-05
25.15	-3.858311079e-05
25.16	-4.087451924e-05
25.17	-4.312766093e-05
25.18	-4.534206405e-05
25.19	-4.751727611e-05
25.2	-4.965286399e-05
25.21	-5.174841384e-05
25.22	-5.380353109e-05
25.23	-5.581784041e-05
25.24	-5.779098562e-05
25.25	-5.972262968e-05
25.26	-6.161245461e-05
25.27	-6.34601614e-05
25.28	-6.526546997e-05
25.29	-6.702811906e-05
25.3	-6.874786615e-05
25.31	-7.042448738e-05
25.32	-7.205777742e-05
25.33	-7.36475494e-05
25.34	-7.519363476e-05
25.35	-7.669588315e-05
25.36	-7.81541623e-05
25.37	-7.956835791e-05
25.38	-8.093837349e-05
25.39	-8.226413022e-05
25.4	-8.354556682e-05
25.41	-8.47826394e-05
25.42	-8.597532126e-05
25.43	-8.712360281e-05
25.44	-8.822749132e-05
25.45	-8.92870108e-05
25.46	-9.03022018e-05
25.47	-9.127312127e-05
25.48	-9.219984231e-05
25.49	-9.308245403e-05
25.5	-9.392106135e-05
25.51	-9.471578479e-05
25.52	-9.546676029e-05
25.53	-9.617413897e-05
25.54	-9.683808696e-05
25.55	-9.745878517e-05
25.56	-9.803642906e-05
25.57	-9.857122846e-05
25.58	-9.90634073e-05
25.59	-9.951320343e-05
25.6	-9.992086836e-05
25.61	-0.000100286667
25.62	-0.0001006108776
25.63	-0.0001008937913
25.64	-0.0001011357118
25.65	-0.0001013369556
25.66	-0.0001014978512
25.67	-0.0001016187392
25.68	-0.000101699972
25.69	-0.0001017419134
25.7	-0.0001017449385
25.71	-0.0001017094333
25.72	-0.0001016357947
25.73	-0.00010152443
25.74	-0.0001013757567
25.75	-0.0001011902022
25.76	-0.0001009682039
25.77	-0.0001007102082
25.78	-0.0001004166711
25.79	-0.0001000880571
25.8	-9.972483977e-05
25.81	-9.932750075e-05
25.82	-9.889652994e-05
25.83	-9.843242506e-05
25.84	-9.793569141e-05
25.85	-9.740684162e-05
25.86	-9.684639536e-05
25.87	-9.62548791e-05
25.88	-9.563282582e-05
25.89	-9.498077474e-05
25.9	-9.42992711e-05
25.91	-9.358886582e-05
25.92	-9.28501153e-05
25.93	-9.208358112e-05
25.94	-9.128982979e-05
25.95	-9.046943248e-05
25.96	-8.962296475e-05
25.97	-8.875100632e-05
25.98	-8.785414076e-05
25.99	-8.693295529e-05
26	-8.598804046e-05
26.01	-8.501998994e-05
26.02	-8.402940024e-05
26.03	-8.301687047e-05
26.04	-8.198300207e-05
26.05	-8.092839859e-05
26.06	-7.98536654e-05
26.07	-7.875940947e-05
26.08	-7.764623912e-05
26.09	-7.651476377e-05
26.1	-7.536559372e-05
26.11	-7.419933987e-05
26.12	-7.301661351e-05
26.13	-7.18180261e-05
26.14	-7.060418899e-05
26.15	-6.937571324e-05
26.16	-6.813320936e-05
26.17	-6.687728709e-05
26.18	-6.560855519e-05
26.19	-6.432762119e-05
26.2	-6.303509123e-05
26.21	-6.173156976e-05
26.22	-6.041765942e-05
26.23	-5.909396074e-05
26.24	-5.776107202e-05
26.25	-5.641958905e-05
26.26	-5.507010497e-05
26.27	-5.371321004e-05
26.28	-5.234949143e-05
26.29	-5.097953308e-05
26.3	-4.960391546e-05
26.31	-4.822321541e-05
26.32	-4.683800596e-05
26.33	-4.544885614e-05
26.34	-4.405633082e-05
26.35	-4.26609905e-05
26.36	-4.126339119e-05
26.37	-3.986408421e-05
26.38	-3.846361607e-05
26.39	-3.706252823e-05
26.4	-3.566135705e-05
26.41	-3.426063355e-05
26.42	-3.28608833e-05
26.43	-3.146262629e-05
26.44	-3.006637676e-05
26.45	-2.867264307e-05
26.46	-2.728192757e-05
26.47	-2.589472648e-05
26.48	-2.451152975e-05
26.49	-2.313282093e-05
26.5	-2.175907706e-05
26.51	-2.039076857e-05
26.52	-1.902835913e-05
26.53	-1.76723056e-05
26.54	-1.632305785e-05
26.55	-1.498105871e-05
26.56	-1.364674388e-05
26.57	-1.23205418e-05
26.58	-1.100287357e-05
26.59	-9.694152888e-06
26.6	-8.394785941e-06
26.61	-7.105171336e-06
26.62	-5.825700024e-06
26.63	-4.556755228e-06
26.64	-3.298712374e-06
26.65	-2.051939027e-06
26.66	-8.167948322e-07
26.67	4.063685469e-07
26.68	1.617207478e-06
26.69	2.815386411e-06
26.7	4.000577926e-06
26.71	5.172462776e-06
26.72	6.330729925e-06
26.73	7.475076583e-06
26.74	8.605208244e-06
26.75	9.720838709e-06
26.76	1.082169011e-05
26.77	1.190749295e-05
26.78	1.297798609e-05
26.79	1.40329168e-05
26.8	1.507204073e-05
26.81	1.609512197e-05
26.82	1.710193301e-05
26.83	1.809225477e-05
26.84	1.906587657e-05
26.85	2.002259618e-05
26.86	2.096221975e-05
26.87	2.188456183e-05
26.88	2.278944537e-05
26.89	2.367670167e-05
26.9	2.45461704e-05
26.91	2.539769953e-05
26.92	2.623114535e-05
26.93	2.704637243e-05
26.94	2.784325354e-05
26.95	2.862166971e-05
26.96	2.938151012e-05
26.97	3.012267206e-05
26.98	3.084506094e-05
26.99	3.154859021e-05
27	3.22331813e-05
27.01	3.289876361e-05
27.02	3.354527441e-05
27.03	3.417265885e-05
27.04	3.478086982e-05
27.05	3.536986796e-05
27.06	3.593962156e-05
27.07	3.649010652e-05
27.08	3.702130626e-05
27.09	3.753321166e-05
27.1	3.8025821e-05
27.11	3.849913989e-05
27.12	3.895318115e-05
27.13	3.93879648e-05
27.14	3.980351794e-05
27.15	4.019987465e-05
27.16	4.057707598e-05
27.17	4.093516978e-05
27.18	4.127421068e-05
27.19	4.159425996e-05
27.2	4.18953855e-05
27.21	4.217766163e-05
27.22	4.24411691e-05
27.23	4.268599495e-05
27.24	4.291223242e-05
27.25	4.311998087e-05
27.26	4.330934564e-05
27.27	4.348043801e-05
27.28	4.363337505e-05
27.29	4.376827953e-05
27.3	4.388527984e-05
27.31	4.398450984e-05
27.32	4.406610882e-05
27.33	4.413022132e-05
27.34	4.417699708e-05
27.35	4.42065909e-05
27.36	4.421916255e-05
27.37	4.421487664e-05
27.38	4.419390252e-05
27.39	4.41564142e-05
27.4	4.410259017e-05
27.41	4.403261334e-05
27.42	4.394667091e-05
27.43	4.384495427e-05
27.44	4.372765885e-05
27.45	4.359498407e-05
27.46	4.344713314e-05
27.47	4.328431301e-05
27.48	4.310673426e-05
27.49	4.291461091e-05
27.5	4.27081604e-05
27.51	4.24876034e-05
27.52	4.225316373e-05
27.53	4.200506824e-05
27.54	4.174354668e-05
27.55	4.14688316e-05
27.56	4.118115824e-05
27.57	4.088076439e-05
27.58	4.056789029e-05
27.59	4.02427785e-05
27.6	3.990567382e-05
27.61	3.955682313e-05
27.62	3.919647533e-05
27.63	3.882488115e-05
27.64	3.844229312e-05
27.65	3.80489654e-05
27.66	3.764515368e-05
27.67	3.723111508e-05
27.68	3.680710803e-05
27.69	3.637339217e-05
27.7	3.593022821e-05
27.71	3.547787786e-05
27.72	3.501660369e-05
27.73	3.454666905e-05
27.74	3.406833793e-05
27.75	3.358187486e-05
27.76	3.308754486e-05
27.77	3.258561324e-05
27.78	3.207634557e-05
27.79	3.156000756e-05
27.8	3.103686494e-05
27.81	3.050718337e-05
27.82	2.997122834e-05
27.83	2.942926509e-05
27.84	2.888155847e-05
27.85	2.832837288e-05
27.86	2.776997216e-05
27.87	2.72066195e-05
27.88	2.663857736e-05
27.89	2.606610732e-05
27.9	2.548947009e-05
27.91	2.490892531e-05
27.92	2.432473154e-05
27.93	2.373714616e-05
27.94	2.314642524e-05
27.95	2.255282353e-05
27.96	2.195659429e-05
27.97	2.135798929e-05
27.98	2.075725868e-05
27.99	2.015465092e-05
28	1.955041272e-05
28.01	1.894478894e-05
28.02	1.833802253e-05
28.03	1.773035447e-05
28.04	1.712202367e-05
28.05	1.651326691e-05
28.06	1.590431879e-05
28.07	1.529541163e-05
28.08	1.468677544e-05
28.09	1.407863782e-05
28.1	1.347122394e-05
28.11	1.286475643e-05
28.12	1.225945537e-05
28.13	1.16555382e-05
28.14	1.105321966e-05
28.15	1.045271178e-05
28.16	9.85422375e-06
28.17	9.257961956e-06
28.18	8.664129866e-06
28.19	8.072928009e-06
28.2	7.484553925e-06
28.21	6.899202117e-06
28.22	6.317064008e-06
28.23	5.738327903e-06
28.24	5.163178942e-06
28.25	4.591799071e-06
28.26	4.024366993e-06
28.27	3.461058145e-06
28.28	2.902044653e-06
28.29	2.34749531e-06
28.3	1.797575536e-06
28.31	1.252447354e-06
28.32	7.122693651e-07
28.33	1.771967148e-07
28.34	-3.526189245e-07
28.35	-8.770293798e-07
28.36	-1.395889997e-06
28.37	-1.909059662e-06
28.38	-2.416400819e-06
28.39	-2.917779483e-06
28.4	-3.413065264e-06
28.41	-3.902131369e-06
28.42	-4.384854624e-06
28.43	-4.86111548e-06
28.44	-5.330798023e-06
28.45	-5.793789979e-06
28.46	-6.249982727e-06
28.47	-6.699271297e-06
28.48	-7.141554376e-06
28.49	-7.576734311e-06
28.5	-8.004717108e-06
28.51	-8.425412432e-06
28.52	-8.838733603e-06
28.53	-9.244597596e-06
28.54	-9.642925033e-06
28.55	-1.003364018e-05
28.56	-1.041667092e-05
28.57	-1.07919488e-05
28.58	-1.115940894e-05
28.59	-1.151899008e-05
28.6	-1.187063457e-05
28.61	-1.22142883e-05
28.62	-1.254990075e-05
28.63	-1.287742494e-05
28.64	-1.319681741e-05
28.65	-1.350803821e-05
28.66	-1.381105089e-05
28.67	-1.410582247e-05
28.68	-1.439232339e-05
28.69	-1.467052755e-05
28.7	-1.494041222e-05
28.71	-1.520195807e-05
28.72	-1.545514909e-05
28.73	-1.569997262e-05
28.74	-1.593641926e-05
28.75	-1.61644829e-05
28.76	-1.638416065e-05
28.77	-1.659545283e-05
28.78	-1.679836292e-05
28.79	-1.699289755e-05
28.8	-1.717906644e-05
28.81	-1.735688238e-05
28.82	-1.75263612e-05
28.83	-1.768752173e-05
28.84	-1.784038576e-05
28.85	-1.798497798e-05
28.86	-1.8121326e-05
28.87	-1.824946025e-05
28.88	-1.836941398e-05
28.89	-1.848122318e-05
28.9	-1.85849266e-05
28.91	-1.868056564e-05
28.92	-1.876818435e-05
28.93	-1.88478294e-05
28.94	-1.891954996e-05
28.95	-1.898339777e-05
28.96	-1.903942699e-05
28.97	-1.908769422e-05
28.98	-1.912825843e-05
28.99	-1.916118091e-05
29	-1.918652524e-05
29.01	-1.920435724e-05
29.02	-1.92147449e-05
29.03	-1.921775838e-05
29.04	-1.92134699e-05
29.05	-1.920195374e-05
29.06	-1.918328617e-05
29.07	-1.915754543e-05
29.08	-1.912481162e-05
29.09	-1.908516671e-05
29.1	-1.903869448e-05
29.11	-1.898548045e-05
29.12	-1.892561182e-05
29.13	-1.885917747e-05
29.14	-1.878626787e-05
29.15	-1.870697503e-05
29.16	-1.862139248e-05
29.17	-1.852961518e-05
29.18	-1.84317395e-05
29.19	-1.832786316e-05
29.2	-1.821808516e-05
29.21	-1.810250578e-05
29.22	-1.798122647e-05
29.23	-1.785434984e-05
29.24	-1.772197959e-05
29.25	-1.758422048e-05
29.26	-1.744117825e-05
29.27	-1.72929596e-05
29.28	-1.713967211e-05
29.29	-1.698142424e-05
29.3	-1.681832521e-05
29.31	-1.665048501e-05
29.32	-1.647801433e-05
29.33	-1.630102451e-05
29.34	-1.611962748e-05
29.35	-1.593393574e-05
29.36	-1.574406228e-05
29.37	-1.555012056e-05
29.38	-1.535222446e-05
29.39	-1.515048819e-05
29.4	-1.494502631e-05
29.41	-1.473595363e-05
29.42	-1.45233852e-05
29.43	-1.430743623e-05
29.44	-1.408822208e-05
29.45	-1.386585818e-05
29.46	-1.364046001e-05
29.47	-1.341214307e-05
29.48	-1.318102278e-05
29.49	-1.29472145e-05
29.5	-1.271083344e-05
29.51	-1.247199465e-05
29.52	-1.223081296e-05
29.53	-1.198740295e-05
29.54	-1.174187889e-05
29.55	-1.149435473e-05
29.56	-1.124494402e-05
29.57	-1.099375993e-05
29.58	-1.074091513e-05
29.59	-1.048652183e-05
29.6	-1.023069171e-05
29.61	-9.973535858e-06
29.62	-9.715164779e-06
29.63	-9.45568833e-06
29.64	-9.195215697e-06
29.65	-8.933855353e-06
29.66	-8.67171503e-06
29.67	-8.408901682e-06
29.68	-8.145521455e-06
29.69	-7.881679651e-06
29.7	-7.6174807e-06
29.71	-7.353028129e-06
29.72	-7.08842453e-06
29.73	-6.823771532e-06
29.74	-6.559169769e-06
29.75	-6.294718857e-06
29.76	-6.030517364e-06
29.77	-5.76666278e-06
29.78	-5.503251496e-06
29.79	-5.240378776e-06
29.8	-4.978138731e-06
29.81	-4.716624298e-06
29.82	-4.455927213e-06
29.83	-4.196137991e-06
29.84	-3.937345902e-06
29.85	-3.679638952e-06
29.86	-3.423103858e-06
29.87	-3.167826034e-06
29.88	-2.913889566e-06
29.89	-2.661377196e-06
29.9	-2.410370305e-06
29.91	-2.160948894e-06
29.92	-1.913191567e-06
29.93	-1.667175518e-06
29.94	-1.422976512e-06
29.95	-1.180668875e-06
29.96	-9.403254762e-07
29.97	-7.020177161e-07
29.98	-4.658155154e-07
29.99	-2.317873019e-07
30	-2.697280543e-20
