temps	angle
0	0
0.01	0.7039427592
0.02	1.40170475
0.03	2.092768547
0.04	2.77662629
0.05	3.452780015
0.06	4.120741985
0.07	4.780035
0.08	5.430192704
0.09	6.070759875
0.1	6.701292707
0.11	7.321359082
0.12	7.930538822
0.13	8.52842394
0.14	9.114618872
0.15	9.6887407
0.16	10.25041936
0.17	10.79929785
0.18	11.3350324
0.19	11.85729265
0.2	12.36576183
0.21	12.86013688
0.22	13.34012861
0.23	13.80546181
0.24	14.25587537
0.25	14.69112238
0.26	15.1109702
0.27	15.51520058
0.28	15.90360966
0.29	16.27600806
0.3	16.63222094
0.31	16.97208796
0.32	17.29546335
0.33	17.6022159
0.34	17.89222894
0.35	18.16540032
0.36	18.42164239
0.37	18.66088193
0.38	18.88306014
0.39	19.08813252
0.4	19.27606882
0.41	19.44685297
0.42	19.60048292
0.43	19.73697061
0.44	19.85634176
0.45	19.95863584
0.46	20.04390582
0.47	20.11221812
0.48	20.16365237
0.49	20.19830128
0.5	20.21627047
0.51	20.21767825
0.52	20.20265543
0.53	20.17134514
0.54	20.12390258
0.55	20.06049483
0.56	19.9813006
0.57	19.88650998
0.58	19.77632424
0.59	19.65095552
0.6	19.51062664
0.61	19.35557074
0.62	19.18603111
0.63	19.00226084
0.64	18.80452257
0.65	18.59308818
0.66	18.36823852
0.67	18.13026309
0.68	17.87945974
0.69	17.61613437
0.7	17.34060062
0.71	17.05317953
0.72	16.75419923
0.73	16.44399466
0.74	16.12290717
0.75	15.79128424
0.76	15.44947913
0.77	15.09785058
0.78	14.73676242
0.79	14.36658328
0.8	13.98768623
0.81	13.60044845
0.82	13.20525089
0.83	12.80247791
0.84	12.39251699
0.85	11.97575835
0.86	11.5525946
0.87	11.12342046
0.88	10.68863235
0.89	10.24862811
0.9	9.80380665
0.91	9.354567602
0.92	8.901311007
0.93	8.44443698
0.94	7.984345386
0.95	7.521435517
0.96	7.056105772
0.97	6.588753341
0.98	6.119773892
0.99	5.649561261
1	5.178507147
1.01	4.707000814
1.02	4.235428788
1.03	3.764174571
1.04	3.293618349
1.05	2.824136714
1.06	2.356102384
1.07	1.88988393
1.08	1.425845514
1.09	0.9643466237
1.1	0.5057418215
1.11	0.05038049347
1.12	-0.4013933922
1.13	-0.8492415216
1.14	-1.292831465
1.15	-1.731836899
1.16	-2.165937824
1.17	-2.594820773
1.18	-3.018179016
1.19	-3.435712751
1.2	-3.847129297
1.21	-4.252143274
1.22	-4.650476772
1.23	-5.041859526
1.24	-5.426029064
1.25	-5.802730867
1.26	-6.171718509
1.27	-6.532753789
1.28	-6.885606866
1.29	-7.230056374
1.3	-7.565889536
1.31	-7.892902267
1.32	-8.210899272
1.33	-8.519694134
1.34	-8.819109397
1.35	-9.108976632
1.36	-9.38913651
1.37	-9.659438854
1.38	-9.919742689
1.39	-10.16991628
1.4	-10.40983718
1.41	-10.63939223
1.42	-10.8584776
1.43	-11.06699879
1.44	-11.26487062
1.45	-11.45201726
1.46	-11.62837217
1.47	-11.79387813
1.48	-11.94848716
1.49	-12.09216054
1.5	-12.22486871
1.51	-12.34659127
1.52	-12.4573169
1.53	-12.5570433
1.54	-12.64577713
1.55	-12.72353391
1.56	-12.79033795
1.57	-12.84622228
1.58	-12.89122852
1.59	-12.9254068
1.6	-12.94881564
1.61	-12.96152183
1.62	-12.96360035
1.63	-12.95513418
1.64	-12.93621421
1.65	-12.90693912
1.66	-12.86741519
1.67	-12.81775618
1.68	-12.75808317
1.69	-12.68852443
1.7	-12.60921521
1.71	-12.52029761
1.72	-12.42192041
1.73	-12.31423888
1.74	-12.1974146
1.75	-12.07161531
1.76	-11.93701468
1.77	-11.79379215
1.78	-11.64213275
1.79	-11.48222686
1.8	-11.31427005
1.81	-11.13846289
1.82	-10.95501069
1.83	-10.76412337
1.84	-10.56601519
1.85	-10.36090457
1.86	-10.1490139
1.87	-9.930569279
1.88	-9.70580033
1.89	-9.47493999
1.9	-9.238224286
1.91	-8.995892115
1.92	-8.748185037
1.93	-8.495347049
1.94	-8.237624373
1.95	-7.975265233
1.96	-7.708519643
1.97	-7.437639187
1.98	-7.162876802
1.99	-6.884486562
2	-6.602723463
2.01	-6.317843209
2.02	-6.030101997
2.03	-5.739756307
2.04	-5.447062689
2.05	-5.152277557
2.06	-4.855656981
2.07	-4.55745648
2.08	-4.25793082
2.09	-3.957333813
2.1	-3.655918121
2.11	-3.353935056
2.12	-3.051634386
2.13	-2.749264152
2.14	-2.44707047
2.15	-2.145297354
2.16	-1.844186533
2.17	-1.54397727
2.18	-1.244906189
2.19	-0.9472071079
2.2	-0.6511108629
2.21	-0.3568451516
2.22	-0.06463436993
2.23	0.2253005428
2.24	0.5127422562
2.25	0.7974771963
2.26	1.079295689
2.27	1.3579921
2.28	1.633364969
2.29	1.905217139
2.3	2.173355885
2.31	2.437593031
2.32	2.697745071
2.33	2.953633279
2.34	3.205083814
2.35	3.451927827
2.36	3.694001552
2.37	3.931146405
2.38	4.163209067
2.39	4.390041568
2.4	4.611501365
2.41	4.827451415
2.42	5.037760239
2.43	5.24230199
2.44	5.440956506
2.45	5.633609363
2.46	5.820151925
2.47	6.000481381
2.48	6.174500788
2.49	6.342119098
2.5	6.503251188
2.51	6.65781788
2.52	6.80574596
2.53	6.946968188
2.54	7.081423306
2.55	7.20905604
2.56	7.329817097
2.57	7.443663157
2.58	7.550556863
2.59	7.650466799
2.6	7.743367472
2.61	7.829239287
2.62	7.90806851
2.63	7.979847238
2.64	8.044573355
2.65	8.102250493
2.66	8.152887976
2.67	8.196500773
2.68	8.233109438
2.69	8.262740049
2.7	8.285424144
2.71	8.301198651
2.72	8.310105816
2.73	8.312193124
2.74	8.307513222
2.75	8.296123831
2.76	8.278087663
2.77	8.253472328
2.78	8.22235024
2.79	8.184798521
2.8	8.140898899
2.81	8.090737608
2.82	8.034405277
2.83	7.971996829
2.84	7.90361136
2.85	7.829352036
2.86	7.749325967
2.87	7.663644094
2.88	7.572421069
2.89	7.475775129
2.9	7.373827973
2.91	7.266704636
2.92	7.15453336
2.93	7.037445466
2.94	6.915575219
2.95	6.789059701
2.96	6.658038672
2.97	6.522654439
2.98	6.383051718
2.99	6.239377497
3	6.091780901
3.01	5.940413051
3.02	5.785426927
3.03	5.626977229
3.04	5.465220236
3.05	5.300313669
3.06	5.132416549
3.07	4.96168906
3.08	4.788292408
3.09	4.61238868
3.1	4.43414071
3.11	4.253711938
3.12	4.071266271
3.13	3.886967951
3.14	3.700981414
3.15	3.513471157
3.16	3.324601602
3.17	3.134536969
3.18	2.943441137
3.19	2.751477516
3.2	2.558808921
3.21	2.365597442
3.22	2.172004316
3.23	1.978189807
3.24	1.784313082
3.25	1.59053209
3.26	1.397003442
3.27	1.2038823
3.28	1.011322255
3.29	0.8194752194
3.3	0.6284913174
3.31	0.438518775
3.32	0.2497038158
3.33	0.06219055846
3.34	-0.1238790841
3.35	-0.308365502
3.36	-0.4911314837
3.37	-0.6720423079
3.38	-0.8509658338
3.39	-1.027772587
3.4	-1.202335845
3.41	-1.374531715
3.42	-1.544239215
3.43	-1.711340349
3.44	-1.875720177
3.45	-2.037266885
3.46	-2.195871849
3.47	-2.351429703
3.48	-2.503838393
3.49	-2.652999235
3.5	-2.798816972
3.51	-2.941199819
3.52	-3.080059511
3.53	-3.215311349
3.54	-3.34687424
3.55	-3.47467073
3.56	-3.598627044
3.57	-3.718673111
3.58	-3.834742596
3.59	-3.946772921
3.6	-4.054705288
3.61	-4.158484694
3.62	-4.258059947
3.63	-4.35338368
3.64	-4.444412353
3.65	-4.531106262
3.66	-4.613429541
3.67	-4.691350158
3.68	-4.764839912
3.69	-4.833874425
3.7	-4.898433133
3.71	-4.958499268
3.72	-5.014059847
3.73	-5.065105647
3.74	-5.111631188
3.75	-5.153634701
3.76	-5.191118107
3.77	-5.224086981
3.78	-5.25255052
3.79	-5.276521507
3.8	-5.296016271
3.81	-5.311054647
3.82	-5.321659931
3.83	-5.327858833
3.84	-5.329681429
3.85	-5.32716111
3.86	-5.320334528
3.87	-5.309241538
3.88	-5.293925146
3.89	-5.274431442
3.9	-5.250809543
3.91	-5.223111528
3.92	-5.191392368
3.93	-5.155709865
3.94	-5.116124579
3.95	-5.072699755
3.96	-5.025501253
3.97	-4.974597475
3.98	-4.920059283
3.99	-4.861959931
4	-4.800374976
4.01	-4.735382209
4.02	-4.667061566
4.03	-4.595495047
4.04	-4.520766639
4.05	-4.442962225
4.06	-4.362169501
4.07	-4.278477892
4.08	-4.191978467
4.09	-4.102763847
4.1	-4.010928119
4.11	-3.916566753
4.12	-3.819776506
4.13	-3.720655338
4.14	-3.619302321
4.15	-3.515817551
4.16	-3.410302057
4.17	-3.302857711
4.18	-3.193587142
4.19	-3.082593644
4.2	-2.969981085
4.21	-2.855853823
4.22	-2.740316613
4.23	-2.62347452
4.24	-2.505432834
4.25	-2.386296978
4.26	-2.266172424
4.27	-2.145164606
4.28	-2.023378837
4.29	-1.900920222
4.3	-1.777893573
4.31	-1.654403331
4.32	-1.53055348
4.33	-1.406447467
4.34	-1.282188124
4.35	-1.157877586
4.36	-1.033617219
4.37	-0.9095075374
4.38	-0.7856481344
4.39	-0.6621376056
4.4	-0.5390734775
4.41	-0.4165521374
4.42	-0.2946687633
4.43	-0.1735172571
4.44	-0.05319017787
4.45	0.06622132225
4.46	0.1846275611
4.47	0.3019403874
4.48	0.4180732403
4.49	0.5329412071
4.5	0.6464610788
4.51	0.7585514042
4.52	0.8691325422
4.53	0.978126712
4.54	1.085458041
4.55	1.191052613
4.56	1.294838508
4.57	1.396745852
4.58	1.496706851
4.59	1.594655832
4.6	1.690529279
4.61	1.78426587
4.62	1.875806505
4.63	1.965094338
4.64	2.052074806
4.65	2.136695655
4.66	2.218906965
4.67	2.298661167
4.68	2.37591307
4.69	2.450619874
4.7	2.522741187
4.71	2.592239037
4.72	2.659077889
4.73	2.723224647
4.74	2.784648666
4.75	2.843321758
4.76	2.899218192
4.77	2.952314696
4.78	3.002590461
4.79	3.050027132
4.8	3.094608805
4.81	3.136322024
4.82	3.175155768
4.83	3.211101444
4.84	3.24415287
4.85	3.274306267
4.86	3.301560238
4.87	3.325915752
4.88	3.347376124
4.89	3.365946994
4.9	3.381636305
4.91	3.394454274
4.92	3.404413372
4.93	3.411528289
4.94	3.415815911
4.95	3.417295284
4.96	3.415987581
4.97	3.411916073
4.98	3.40510609
4.99	3.39558498
5	3.383382081
5.01	3.36852867
5.02	3.35105793
5.03	3.331004905
5.04	3.308406456
5.05	3.283301219
5.06	3.255729556
5.07	3.225733511
5.08	3.193356763
5.09	3.158644576
5.1	3.12164375
5.11	3.08240257
5.12	3.040970757
5.13	2.997399413
5.14	2.951740972
5.15	2.904049145
5.16	2.854378865
5.17	2.802786237
5.18	2.749328478
5.19	2.694063863
5.2	2.637051672
5.21	2.578352132
5.22	2.518026357
5.23	2.4561363
5.24	2.392744687
5.25	2.327914964
5.26	2.261711242
5.27	2.194198233
5.28	2.1254412
5.29	2.055505895
5.3	1.984458504
5.31	1.912365586
5.32	1.839294022
5.33	1.765310953
5.34	1.690483726
5.35	1.614879837
5.36	1.538566874
5.37	1.461612463
5.38	1.384084213
5.39	1.306049659
5.4	1.227576208
5.41	1.14873109
5.42	1.069581298
5.43	0.9901935396
5.44	0.9106341839
5.45	0.8309692109
5.46	0.7512641603
5.47	0.6715840825
5.48	0.5919934889
5.49	0.5125563045
5.5	0.4333358201
5.51	0.3543946464
5.52	0.2757946682
5.53	0.1975970004
5.54	0.1198619438
5.55	0.04264894338
5.56	-0.03398345378
5.57	-0.1099776385
5.58	-0.185276979
5.59	-0.259825859
5.6	-0.3335697149
5.61	-0.4064550715
5.62	-0.4784295772
5.63	-0.5494420371
5.64	-0.6194424454
5.65	-0.6883820169
5.66	-0.7562132166
5.67	-0.8228897883
5.68	-0.8883667821
5.69	-0.9526005806
5.7	-1.015548924
5.71	-1.077170931
5.72	-1.137427127
5.73	-1.196279458
5.74	-1.253691315
5.75	-1.309627549
5.76	-1.364054491
5.77	-1.416939965
5.78	-1.468253304
5.79	-1.517965362
5.8	-1.566048526
5.81	-1.612476724
5.82	-1.657225438
5.83	-1.700271708
5.84	-1.741594141
5.85	-1.781172914
5.86	-1.818989775
5.87	-1.855028053
5.88	-1.889272652
5.89	-1.921710052
5.9	-1.952328311
5.91	-1.981117056
5.92	-2.008067487
5.93	-2.033172363
5.94	-2.056426002
5.95	-2.077824269
5.96	-2.09736457
5.97	-2.11504584
5.98	-2.130868533
5.99	-2.144834608
6	-2.156947516
6.01	-2.167212186
6.02	-2.175635009
6.03	-2.18222382
6.04	-2.186987882
6.05	-2.189937866
6.06	-2.191085831
6.07	-2.190445203
6.08	-2.188030754
6.09	-2.183858579
6.1	-2.177946071
6.11	-2.1703119
6.12	-2.160975984
6.13	-2.149959465
6.14	-2.137284681
6.15	-2.122975137
6.16	-2.107055483
6.17	-2.089551475
6.18	-2.070489953
6.19	-2.04989881
6.2	-2.027806954
6.21	-2.004244286
6.22	-1.979241661
6.23	-1.952830858
6.24	-1.925044547
6.25	-1.895916254
6.26	-1.865480327
6.27	-1.833771905
6.28	-1.800826877
6.29	-1.766681853
6.3	-1.731374125
6.31	-1.694941632
6.32	-1.657422923
6.33	-1.618857124
6.34	-1.579283899
6.35	-1.538743413
6.36	-1.497276298
6.37	-1.454923614
6.38	-1.411726813
6.39	-1.367727703
6.4	-1.322968409
6.41	-1.277491339
6.42	-1.231339145
6.43	-1.184554689
6.44	-1.137181003
6.45	-1.089261257
6.46	-1.040838718
6.47	-0.9919567175
6.48	-0.9426586156
6.49	-0.8929877641
6.5	-0.8429874723
6.51	-0.7927009719
6.52	-0.7421713826
6.53	-0.691441678
6.54	-0.6405546517
6.55	-0.5895528841
6.56	-0.5384787095
6.57	-0.4873741838
6.58	-0.4362810522
6.59	-0.3852407182
6.6	-0.3342942125
6.61	-0.2834821627
6.62	-0.2328447633
6.63	-0.1824217469
6.64	-0.1322523552
6.65	-0.0823753115
6.66	-0.03282879287
6.67	0.01634959612
6.68	0.06512284952
6.69	0.1134545853
6.7	0.1613090698
6.71	0.2086512419
6.72	0.2554467356
6.73	0.301661903
6.74	0.3472638353
6.75	0.3922203844
6.76	0.436500182
6.77	0.4800726596
6.78	0.5229080668
6.79	0.5649774886
6.8	0.6062528627
6.81	0.6467069951
6.82	0.6863135756
6.83	0.7250471919
6.84	0.762883343
6.85	0.7997984523
6.86	0.8357698788
6.87	0.8707759283
6.88	0.9047958636
6.89	0.9378099137
6.9	0.9697992816
6.91	1.000746153
6.92	1.030633701
6.93	1.059446094
6.94	1.087168501
6.95	1.113787091
6.96	1.139289042
6.97	1.163662541
6.98	1.186896785
6.99	1.208981982
7	1.229909352
7.01	1.249671126
7.02	1.268260541
7.03	1.285671842
7.04	1.301900275
7.05	1.316942088
7.06	1.330794518
7.07	1.343455793
7.08	1.354925122
7.09	1.365202687
7.1	1.374289638
7.11	1.382188082
7.12	1.388901074
7.13	1.394432609
7.14	1.398787609
7.15	1.40197191
7.16	1.403992255
7.17	1.404856278
7.18	1.404572491
7.19	1.403150271
7.2	1.400599843
7.21	1.396932268
7.22	1.392159426
7.23	1.386294001
7.24	1.379349461
7.25	1.371340046
7.26	1.362280744
7.27	1.352187279
7.28	1.341076088
7.29	1.328964304
7.3	1.315869737
7.31	1.301810851
7.32	1.286806749
7.33	1.270877146
7.34	1.254042355
7.35	1.23632326
7.36	1.217741297
7.37	1.198318433
7.38	1.178077142
7.39	1.157040384
7.4	1.135231582
7.41	1.112674599
7.42	1.089393716
7.43	1.065413607
7.44	1.040759321
7.45	1.01545625
7.46	0.9895301142
7.47	0.9630069332
7.48	0.9359130047
7.49	0.9082748801
7.5	0.8801193415
7.51	0.8514733775
7.52	0.8223641602
7.53	0.7928190213
7.54	0.7628654286
7.55	0.7325309631
7.56	0.7018432951
7.57	0.6708301612
7.58	0.6395193415
7.59	0.6079386364
7.6	0.5761158441
7.61	0.5440787377
7.62	0.5118550432
7.63	0.4794724172
7.64	0.4469584248
7.65	0.4143405186
7.66	0.3816460163
7.67	0.3489020806
7.68	0.3161356976
7.69	0.2833736567
7.7	0.2506425304
7.71	0.2179686543
7.72	0.1853781076
7.73	0.152896694
7.74	0.1205499232
7.75	0.08836299208
7.76	0.05636076691
7.77	0.02456776596
7.78	-0.006991857876
7.79	-0.03829433364
7.8	-0.06931628865
7.81	-0.1000347643
7.82	-0.1304272312
7.83	-0.1604716046
7.84	-0.1901462581
7.85	-0.2194300381
7.86	-0.2483022767
7.87	-0.2767428052
7.88	-0.3047319661
7.89	-0.3322506251
7.9	-0.3592801825
7.91	-0.3858025839
7.92	-0.4118003309
7.93	-0.4372564903
7.94	-0.462154704
7.95	-0.4864791969
7.96	-0.510214786
7.97	-0.5333468874
7.98	-0.5558615234
7.99	-0.5777453291
8	-0.5989855587
8.01	-0.6195700904
8.02	-0.6394874315
8.03	-0.6587267228
8.04	-0.6772777423
8.05	-0.6951309083
8.06	-0.7122772823
8.07	-0.728708571
8.08	-0.7444171279
8.09	-0.7593959544
8.1	-0.7736387004
8.11	-0.787139664
8.12	-0.7998937913
8.13	-0.8118966751
8.14	-0.8231445535
8.15	-0.8336343077
8.16	-0.8433634594
8.17	-0.852330168
8.18	-0.8605332264
8.19	-0.8679720576
8.2	-0.8746467096
8.21	-0.8805578509
8.22	-0.8857067645
8.23	-0.8900953424
8.24	-0.8937260788
8.25	-0.8966020637
8.26	-0.8987269754
8.27	-0.9001050728
8.28	-0.9007411873
8.29	-0.9006407145
8.3	-0.8998096052
8.31	-0.8982543561
8.32	-0.8959820004
8.33	-0.8930000974
8.34	-0.8893167226
8.35	-0.8849404567
8.36	-0.8798803748
8.37	-0.8741460351
8.38	-0.8677474672
8.39	-0.8606951601
8.4	-0.8530000503
8.41	-0.8446735091
8.42	-0.8357273301
8.43	-0.826173716
8.44	-0.8160252657
8.45	-0.8052949607
8.46	-0.7939961518
8.47	-0.782142545
8.48	-0.7697481874
8.49	-0.7568274538
8.5	-0.7433950317
8.51	-0.7294659071
8.52	-0.71505535
8.53	-0.7001788997
8.54	-0.6848523502
8.55	-0.669091735
8.56	-0.6529133125
8.57	-0.6363335508
8.58	-0.6193691126
8.59	-0.6020368404
8.6	-0.5843537413
8.61	-0.5663369716
8.62	-0.548003822
8.63	-0.5293717023
8.64	-0.5104581264
8.65	-0.4912806973
8.66	-0.471857092
8.67	-0.4522050464
8.68	-0.4323423409
8.69	-0.412286785
8.7	-0.3920562032
8.71	-0.3716684199
8.72	-0.3511412452
8.73	-0.3304924606
8.74	-0.3097398045
8.75	-0.2889009584
8.76	-0.267993533
8.77	-0.2470350542
8.78	-0.2260429499
8.79	-0.2050345363
8.8	-0.1840270048
8.81	-0.1630374094
8.82	-0.1420826533
8.83	-0.1211794769
8.84	-0.1003444454
8.85	-0.0795939365
8.86	-0.05894412881
8.87	-0.03841099027
8.88	-0.01801026682
8.89	0.002242528594
8.9	0.02233212679
8.91	0.04224351277
8.92	0.06196193592
8.93	0.08147291987
8.94	0.1007622721
8.95	0.119816093
8.96	0.1386207853
8.97	0.1571630621
8.98	0.1754299557
8.99	0.1934088253
9	0.2110873646
9.01	0.2284536096
9.02	0.2454959448
9.03	0.2622031107
9.04	0.2785642096
9.05	0.2945687116
9.06	0.3102064603
9.07	0.3254676782
9.08	0.3403429715
9.09	0.3548233346
9.1	0.3689001543
9.11	0.382565214
9.12	0.3958106967
9.13	0.4086291887
9.14	0.4210136819
9.15	0.4329575767
9.16	0.4444546839
9.17	0.4554992262
9.18	0.4660858403
9.19	0.4762095772
9.2	0.4858659033
9.21	0.4950507009
9.22	0.5037602679
9.23	0.5119913176
9.24	0.5197409782
9.25	0.5270067918
9.26	0.533786713
9.27	0.540079107
9.28	0.5458827485
9.29	0.5511968185
9.3	0.5560209022
9.31	0.5603549861
9.32	0.5641994548
9.33	0.5675550872
9.34	0.5704230534
9.35	0.5728049099
9.36	0.5747025956
9.37	0.5761184274
9.38	0.5770550948
9.39	0.5775156552
9.4	0.5775035282
9.41	0.5770224901
9.42	0.5760766678
9.43	0.5746705329
9.44	0.5728088952
9.45	0.5704968962
9.46	0.5677400018
9.47	0.5645439961
9.48	0.5609149735
9.49	0.5568593316
9.5	0.5523837633
9.51	0.5474952495
9.52	0.5422010507
9.53	0.5365086989
9.54	0.5304259896
9.55	0.5239609731
9.56	0.5171219462
9.57	0.5099174431
9.58	0.5023562271
9.59	0.494447281
9.6	0.4861997988
9.61	0.4776231759
9.62	0.4687270003
9.63	0.4595210431
9.64	0.4500152491
9.65	0.4402197273
9.66	0.4301447415
9.67	0.4198007007
9.68	0.4091981496
9.69	0.3983477585
9.7	0.3872603141
9.71	0.3759467099
9.72	0.364417936
9.73	0.3526850697
9.74	0.3407592658
9.75	0.3286517471
9.76	0.3163737942
9.77	0.3039367366
9.78	0.2913519424
9.79	0.2786308094
9.8	0.2657847551
9.81	0.2528252076
9.82	0.239763596
9.83	0.2266113413
9.84	0.2133798471
9.85	0.2000804904
9.86	0.1867246129
9.87	0.1733235115
9.88	0.15988843
9.89	0.1464305503
9.9	0.1329609835
9.91	0.1194907618
9.92	0.10603083
9.93	0.0925920373
9.94	0.07918512928
9.95	0.06582074006
9.96	0.05250938444
9.97	0.03926145042
9.98	0.02608719167
9.99	0.01299672035
10	5.046792421e-16
10.01	-0.01289316138
10.02	-0.02567311802
10.03	-0.03833039299
10.04	-0.05085568446
10.05	-0.06323987192
10.06	-0.07547402215
10.07	-0.08754939494
10.08	-0.09945744866
10.09	-0.1111898456
10.1	-0.1227384573
10.11	-0.1340953691
10.12	-0.1452528853
10.13	-0.1562035332
10.14	-0.1669400679
10.15	-0.1774554759
10.16	-0.1877429795
10.17	-0.1977960397
10.18	-0.2076083602
10.19	-0.2171738904
10.2	-0.2264868283
10.21	-0.2355416232
10.22	-0.2443329784
10.23	-0.2528558533
10.24	-0.2611054654
10.25	-0.2690772924
10.26	-0.2767670735
10.27	-0.2841708111
10.28	-0.2912847715
10.29	-0.2981054862
10.3	-0.3046297526
10.31	-0.3108546342
10.32	-0.3167774611
10.33	-0.3223958301
10.34	-0.3277076042
10.35	-0.3327109125
10.36	-0.3374041497
10.37	-0.3417859748
10.38	-0.3458553106
10.39	-0.3496113422
10.4	-0.3530535157
10.41	-0.3561815364
10.42	-0.3589953672
10.43	-0.3614952264
10.44	-0.3636815854
10.45	-0.3655551667
10.46	-0.367116941
10.47	-0.3683681243
10.48	-0.3693101755
10.49	-0.3699447925
10.5	-0.3702739097
10.51	-0.370299694
10.52	-0.3700245414
10.53	-0.3694510734
10.54	-0.3685821327
10.55	-0.3674207792
10.56	-0.3659702862
10.57	-0.3642341355
10.58	-0.3622160133
10.59	-0.3599198052
10.6	-0.357349592
10.61	-0.3545096442
10.62	-0.3514044175
10.63	-0.3480385476
10.64	-0.3444168448
10.65	-0.3405442889
10.66	-0.3364260237
10.67	-0.3320673516
10.68	-0.3274737281
10.69	-0.3226507558
10.7	-0.317604179
10.71	-0.3123398781
10.72	-0.306863863
10.73	-0.3011822681
10.74	-0.2953013455
10.75	-0.2892274597
10.76	-0.2829670808
10.77	-0.2765267792
10.78	-0.2699132189
10.79	-0.2631331515
10.8	-0.2561934099
10.81	-0.2491009026
10.82	-0.2418626067
10.83	-0.2344855623
10.84	-0.2269768662
10.85	-0.2193436653
10.86	-0.211593151
10.87	-0.2037325523
10.88	-0.1957691303
10.89	-0.1877101716
10.9	-0.1795629823
10.91	-0.1713348822
10.92	-0.163033198
10.93	-0.1546652583
10.94	-0.1462383868
10.95	-0.1377598968
10.96	-0.1292370853
10.97	-0.1206772269
10.98	-0.1120875687
10.99	-0.1034753239
11	-0.09484766689
11.01	-0.08621172716
11.02	-0.07757458422
11.03	-0.06894326215
11.04	-0.06032472432
11.05	-0.05172586823
11.06	-0.04315352045
11.07	-0.03461443161
11.08	-0.02611527154
11.09	-0.01766262452
11.1	-0.009262984574
11.11	-0.0009227509254
11.12	0.007351776424
11.13	0.01555440104
11.14	0.02367903425
11.15	0.03171969925
11.16	0.03967053503
11.17	0.04752580026
11.18	0.05527987695
11.19	0.06292727407
11.2	0.07046263097
11.21	0.0778807207
11.22	0.08517645322
11.23	0.0923448784
11.24	0.09938118894
11.25	0.1062807231
11.26	0.1130389675
11.27	0.1196515593
11.28	0.1261142889
11.29	0.1324231017
11.3	0.1385741006
11.31	0.1445635477
11.32	0.150387866
11.33	0.1560436412
11.34	0.161527623
11.35	0.1668367266
11.36	0.1719680338
11.37	0.1769187939
11.38	0.181686425
11.39	0.1862685142
11.4	0.1906628187
11.41	0.1948672661
11.42	0.1988799546
11.43	0.2026991534
11.44	0.2063233024
11.45	0.2097510127
11.46	0.2129810656
11.47	0.216012413
11.48	0.2188441762
11.49	0.2214756458
11.5	0.2239062807
11.51	0.2261357072
11.52	0.2281637179
11.53	0.2299902706
11.54	0.2316154874
11.55	0.2330396524
11.56	0.2342632112
11.57	0.2352867684
11.58	0.2361110865
11.59	0.2367370835
11.6	0.2371658313
11.61	0.2373985534
11.62	0.2374366227
11.63	0.2372815593
11.64	0.2369350281
11.65	0.2363988361
11.66	0.23567493
11.67	0.2347653935
11.68	0.2336724443
11.69	0.2323984314
11.7	0.2309458324
11.71	0.2293172498
11.72	0.2275154085
11.73	0.2255431524
11.74	0.2234034412
11.75	0.2210993468
11.76	0.2186340502
11.77	0.2160108382
11.78	0.2132330993
11.79	0.2103043207
11.8	0.2072280845
11.81	0.204008064
11.82	0.2006480198
11.83	0.1971517965
11.84	0.1935233187
11.85	0.1897665868
11.86	0.1858856737
11.87	0.1818847209
11.88	0.177767934
11.89	0.1735395794
11.9	0.16920398
11.91	0.1647655115
11.92	0.1602285981
11.93	0.1555977088
11.94	0.1508773533
11.95	0.146072078
11.96	0.1411864621
11.97	0.1362251135
11.98	0.1311926649
11.99	0.1260937698
12	0.1209330986
12.01	0.1157153348
12.02	0.1104451706
12.03	0.1051273038
12.04	0.09976643321
12.05	0.09436725519
12.06	0.08893445983
12.07	0.08347272713
12.08	0.0779867233
12.09	0.07248109709
12.1	0.06696047612
12.11	0.06142946333
12.12	0.05589263344
12.13	0.05035452941
12.14	0.04481965906
12.15	0.03929249165
12.16	0.03377745458
12.17	0.02827893012
12.18	0.02280125222
12.19	0.01734870334
12.2	0.01192551144
12.21	0.006535846935
12.22	0.001183819779
12.23	-0.004126523384
12.24	-0.009391202008
12.25	-0.01460630435
12.26	-0.0197679901
12.27	-0.02487249293
12.28	-0.02991612295
12.29	-0.03489526913
12.3	-0.03980640156
12.31	-0.04464607371
12.32	-0.04941092453
12.33	-0.05409768055
12.34	-0.05870315775
12.35	-0.06322426355
12.36	-0.06765799849
12.37	-0.07200145798
12.38	-0.07625183389
12.39	-0.08040641607
12.4	-0.08446259374
12.41	-0.08841785686
12.42	-0.09226979735
12.43	-0.0960161102
12.44	-0.09965459457
12.45	-0.1031831547
12.46	-0.1065998009
12.47	-0.1099026501
12.48	-0.1130899268
12.49	-0.1161599632
12.5	-0.1191112004
12.51	-0.1219421881
12.52	-0.1246515854
12.53	-0.1272381607
12.54	-0.1297007921
12.55	-0.1320384672
12.56	-0.1342502831
12.57	-0.1363354464
12.58	-0.1382932729
12.59	-0.1401231872
12.6	-0.1418247224
12.61	-0.1433975196
12.62	-0.1448413271
12.63	-0.1461560004
12.64	-0.1473415006
12.65	-0.1483978942
12.66	-0.1493253521
12.67	-0.1501241483
12.68	-0.1507946594
12.69	-0.151337363
12.7	-0.1517528367
12.71	-0.1520417568
12.72	-0.1522048973
12.73	-0.1522431276
12.74	-0.1521574122
12.75	-0.1519488083
12.76	-0.1516184643
12.77	-0.1511676187
12.78	-0.1505975978
12.79	-0.1499098141
12.8	-0.1491057645
12.81	-0.1481870284
12.82	-0.1471552657
12.83	-0.1460122151
12.84	-0.1447596916
12.85	-0.1433995846
12.86	-0.141933856
12.87	-0.1403645378
12.88	-0.1386937298
12.89	-0.1369235977
12.9	-0.1350563704
12.91	-0.133094338
12.92	-0.1310398494
12.93	-0.1288953098
12.94	-0.1266631784
12.95	-0.1243459659
12.96	-0.121946232
12.97	-0.1194665833
12.98	-0.1169096703
12.99	-0.1142781851
13	-0.1115748592
13.01	-0.1088024603
13.02	-0.1059637904
13.03	-0.103061683
13.04	-0.1000990003
13.05	-0.09707863116
13.06	-0.09400348815
13.07	-0.09087650511
13.08	-0.08770063463
13.09	-0.08447884547
13.1	-0.08121412002
13.11	-0.07790945178
13.12	-0.07456784285
13.13	-0.07119230137
13.14	-0.06778583912
13.15	-0.06435146895
13.16	-0.0608922024
13.17	-0.05741104721
13.18	-0.05391100495
13.19	-0.0503950686
13.2	-0.04686622019
13.21	-0.0433274285
13.22	-0.03978164671
13.23	-0.03623181016
13.24	-0.03268083407
13.25	-0.0291316114
13.26	-0.02558701058
13.27	-0.02204987347
13.28	-0.01852301322
13.29	-0.0150092122
13.3	-0.01151122001
13.31	-0.008031751528
13.32	-0.00457348492
13.33	-0.001139059811
13.34	0.00226892457
13.35	0.005647911181
13.36	0.008995386902
13.37	0.01230888423
13.38	0.01558598292
13.39	0.01882431157
13.4	0.02202154915
13.41	0.02517542653
13.42	0.02828372782
13.43	0.03134429186
13.44	0.03435501342
13.45	0.03731384458
13.46	0.04021879583
13.47	0.04306793731
13.48	0.04585939983
13.49	0.04859137597
13.5	0.05126212098
13.51	0.05386995378
13.52	0.05641325776
13.53	0.05889048159
13.54	0.06130013999
13.55	0.06364081435
13.56	0.06591115343
13.57	0.06810987385
13.58	0.07023576062
13.59	0.0722876676
13.6	0.07426451786
13.61	0.07616530397
13.62	0.07798908836
13.63	0.07973500343
13.64	0.08140225173
13.65	0.08299010606
13.66	0.08449790951
13.67	0.0859250754
13.68	0.08727108719
13.69	0.08853549841
13.7	0.08971793239
13.71	0.09081808203
13.72	0.09183570952
13.73	0.09277064597
13.74	0.09362279097
13.75	0.09439211215
13.76	0.09507864468
13.77	0.09568249067
13.78	0.09620381857
13.79	0.09664286251
13.8	0.09699992157
13.81	0.09727535903
13.82	0.09746960158
13.83	0.09758313843
13.84	0.09761652045
13.85	0.0975703592
13.86	0.09744532597
13.87	0.09724215079
13.88	0.09696162128
13.89	0.09660458164
13.9	0.09617193147
13.91	0.09566462462
13.92	0.09508366794
13.93	0.09443012011
13.94	0.0937050903
13.95	0.0929097369
13.96	0.09204526619
13.97	0.09111293096
13.98	0.09011402914
13.99	0.08904990238
14	0.0879219346
14.01	0.08673155055
14.02	0.08548021431
14.03	0.0841694278
14.04	0.08280072927
14.05	0.0813756917
14.06	0.07989592134
14.07	0.07836305607
14.08	0.07677876384
14.09	0.07514474106
14.1	0.07346271104
14.11	0.07173442233
14.12	0.06996164712
14.13	0.0681461796
14.14	0.06628983435
14.15	0.06439444467
14.16	0.06246186097
14.17	0.06049394914
14.18	0.05849258886
14.19	0.05645967202
14.2	0.05439710106
14.21	0.05230678733
14.22	0.05019064952
14.23	0.04805061195
14.24	0.04588860305
14.25	0.04370655373
14.26	0.04150639577
14.27	0.03929006028
14.28	0.03705947612
14.29	0.03481656834
14.3	0.03256325667
14.31	0.03030145399
14.32	0.02803306484
14.33	0.02575998392
14.34	0.02348409466
14.35	0.02120726774
14.36	0.01893135973
14.37	0.01665821162
14.38	0.01438964752
14.39	0.01212747328
14.4	0.009873475149
14.41	0.007629418526
14.42	0.00539704666
14.43	0.003178079422
14.44	0.0009742120903
14.45	-0.001212885825
14.46	-0.003381571737
14.47	-0.005530231101
14.48	-0.007657278498
14.49	-0.009761158698
14.5	-0.01184034767
14.51	-0.0138933536
14.52	-0.01591871779
14.53	-0.01791501564
14.54	-0.01988085751
14.55	-0.02181488955
14.56	-0.02371579453
14.57	-0.02558229264
14.58	-0.0274131422
14.59	-0.02920714036
14.6	-0.03096312381
14.61	-0.03267996936
14.62	-0.03435659457
14.63	-0.03599195827
14.64	-0.03758506111
14.65	-0.03913494604
14.66	-0.04064069869
14.67	-0.04210144786
14.68	-0.04351636583
14.69	-0.04488466867
14.7	-0.04620561659
14.71	-0.04747851412
14.72	-0.04870271039
14.73	-0.04987759925
14.74	-0.0510026194
14.75	-0.05207725457
14.76	-0.05310103346
14.77	-0.05407352986
14.78	-0.05499436262
14.79	-0.05586319554
14.8	-0.05667973737
14.81	-0.05744374163
14.82	-0.05815500647
14.83	-0.05881337448
14.84	-0.05941873247
14.85	-0.0599710112
14.86	-0.06047018509
14.87	-0.06091627188
14.88	-0.06130933231
14.89	-0.06164946966
14.9	-0.06193682941
14.91	-0.06217159871
14.92	-0.06235400595
14.93	-0.06248432021
14.94	-0.06256285074
14.95	-0.06258994639
14.96	-0.06256599498
14.97	-0.06249142272
14.98	-0.06236669351
14.99	-0.06219230832
15	-0.06196880442
15.01	-0.06169675471
15.02	-0.06137676695
15.03	-0.06100948298
15.04	-0.06059557795
15.05	-0.06013575949
15.06	-0.05963076686
15.07	-0.05908137014
15.08	-0.05848836932
15.09	-0.05785259344
15.1	-0.05717489967
15.11	-0.05645617239
15.12	-0.05569732225
15.13	-0.05489928525
15.14	-0.05406302173
15.15	-0.05318951545
15.16	-0.05227977255
15.17	-0.05133482061
15.18	-0.05035570759
15.19	-0.04934350086
15.2	-0.04829928616
15.21	-0.04722416657
15.22	-0.04611926147
15.23	-0.04498570553
15.24	-0.04382464764
15.25	-0.04263724985
15.26	-0.04142468637
15.27	-0.04018814249
15.28	-0.0389288135
15.29	-0.03764790371
15.3	-0.03634662534
15.31	-0.0350261975
15.32	-0.03368784512
15.33	-0.03233279794
15.34	-0.03096228947
15.35	-0.02957755594
15.36	-0.02817983527
15.37	-0.02677036607
15.38	-0.02535038664
15.39	-0.02392113392
15.4	-0.02248384254
15.41	-0.02103974383
15.42	-0.01959006482
15.43	-0.0181360273
15.44	-0.01667884687
15.45	-0.01521973199
15.46	-0.01375988307
15.47	-0.01230049154
15.48	-0.01084273897
15.49	-0.009387796183
15.5	-0.007936822398
15.51	-0.006490964367
15.52	-0.005051355551
15.53	-0.003619115305
15.54	-0.00219534808
15.55	-0.000781142646
15.56	0.0006224286677
15.57	0.002014310713
15.58	0.003393466242
15.59	0.004758876607
15.6	0.006109542442
15.61	0.007444484315
15.62	0.00876274337
15.63	0.01006338194
15.64	0.01134548414
15.65	0.01260815644
15.66	0.0138505282
15.67	0.01507175221
15.68	0.01627100518
15.69	0.01744748824
15.7	0.01860042736
15.71	0.0197290738
15.72	0.02083270452
15.73	0.02191062256
15.74	0.0229621574
15.75	0.02398666526
15.76	0.02498352947
15.77	0.02595216072
15.78	0.02689199731
15.79	0.02780250542
15.8	0.02868317928
15.81	0.02953354139
15.82	0.03035314268
15.83	0.03114156262
15.84	0.03189840939
15.85	0.03262331988
15.86	0.03331595986
15.87	0.03397602395
15.88	0.03460323565
15.89	0.03519734736
15.9	0.03575814033
15.91	0.0362854246
15.92	0.03677903896
15.93	0.0372388508
15.94	0.03766475605
15.95	0.03805667898
15.96	0.03841457208
15.97	0.03873841584
15.98	0.03902821857
15.99	0.03928401615
16	0.0395058718
16.01	0.03969387579
16.02	0.03984814517
16.03	0.03996882346
16.04	0.04005608031
16.05	0.04011011115
16.06	0.04013113686
16.07	0.04011940335
16.08	0.04007518117
16.09	0.03999876511
16.1	0.03989047376
16.11	0.03975064904
16.12	0.03957965578
16.13	0.03937788119
16.14	0.03914573441
16.15	0.03888364598
16.16	0.03859206734
16.17	0.03827147025
16.18	0.03792234631
16.19	0.03754520636
16.2	0.03714057991
16.21	0.03670901459
16.22	0.03625107554
16.23	0.03576734481
16.24	0.03525842077
16.25	0.03472491747
16.26	0.03416746403
16.27	0.03358670401
16.28	0.03298329478
16.29	0.03235790686
16.3	0.03171122326
16.31	0.03104393886
16.32	0.03035675974
16.33	0.02965040249
16.34	0.02892559359
16.35	0.02818306869
16.36	0.02742357199
16.37	0.02664785552
16.38	0.02585667852
16.39	0.0250508067
16.4	0.02423101163
16.41	0.02339807004
16.42	0.02255276313
16.43	0.02169587593
16.44	0.02082819661
16.45	0.01995051584
16.46	0.0190636261
16.47	0.01816832103
16.48	0.0172653948
16.49	0.01635564142
16.5	0.01543985413
16.51	0.01451882475
16.52	0.01359334304
16.53	0.01266419609
16.54	0.01173216769
16.55	0.01079803773
16.56	0.009862581593
16.57	0.008926569553
16.58	0.007990766205
16.59	0.007055929879
16.6	0.006122812079
16.61	0.005192156923
16.62	0.004264700601
16.63	0.003341170841
16.64	0.00242228638
16.65	0.001508756459
16.66	0.0006012803153
16.67	-0.0002994532985
16.68	-0.001192766595
16.69	-0.002077993214
16.7	-0.002954478673
16.71	-0.0038215808
16.72	-0.004678670165
16.73	-0.005525130481
16.74	-0.006360359007
16.75	-0.007183766925
16.76	-0.007994779708
16.77	-0.008792837474
16.78	-0.009577395323
16.79	-0.01034792366
16.8	-0.01110390851
16.81	-0.01184485179
16.82	-0.01257027162
16.83	-0.01327970254
16.84	-0.01397269583
16.85	-0.01464881964
16.86	-0.01530765929
16.87	-0.01594881746
16.88	-0.01657191431
16.89	-0.01717658772
16.9	-0.01776249344
16.91	-0.01832930515
16.92	-0.01887671469
16.93	-0.01940443209
16.94	-0.01991218567
16.95	-0.02039972215
16.96	-0.02086680668
16.97	-0.02131322288
16.98	-0.0217387729
16.99	-0.0221432774
17	-0.02252657556
17.01	-0.02288852507
17.02	-0.02322900208
17.03	-0.02354790118
17.04	-0.02384513531
17.05	-0.02412063572
17.06	-0.02437435183
17.07	-0.02460625117
17.08	-0.02481631925
17.09	-0.02500455943
17.1	-0.02517099274
17.11	-0.02531565779
17.12	-0.02543861053
17.13	-0.02553992413
17.14	-0.02561968872
17.15	-0.02567801123
17.16	-0.02571501515
17.17	-0.02573084028
17.18	-0.02572564255
17.19	-0.02569959367
17.2	-0.02565288094
17.21	-0.02558570697
17.22	-0.02549828932
17.23	-0.02539086031
17.24	-0.02526366663
17.25	-0.02511696907
17.26	-0.02495104217
17.27	-0.02476617391
17.28	-0.02456266535
17.29	-0.02434083029
17.3	-0.02410099492
17.31	-0.02384349745
17.32	-0.02356868773
17.33	-0.02327692688
17.34	-0.02296858692
17.35	-0.02264405037
17.36	-0.02230370985
17.37	-0.02194796769
17.38	-0.02157723552
17.39	-0.02119193385
17.4	-0.02079249171
17.41	-0.02037934615
17.42	-0.0199529419
17.43	-0.0195137309
17.44	-0.01906217189
17.45	-0.01859872998
17.46	-0.01812387624
17.47	-0.01763808724
17.48	-0.01714184462
17.49	-0.01663563472
17.5	-0.01611994804
17.51	-0.01559527891
17.52	-0.01506212499
17.53	-0.0145209869
17.54	-0.01397236771
17.55	-0.0134167726
17.56	-0.01285470835
17.57	-0.01228668299
17.58	-0.01171320532
17.59	-0.01113478453
17.6	-0.01055192976
17.61	-0.009965149687
17.62	-0.009374952135
17.63	-0.00878184365
17.64	-0.008186329108
17.65	-0.007588911315
17.66	-0.006990090618
17.67	-0.006390364516
17.68	-0.005790227277
17.69	-0.005190169567
17.7	-0.004590678078
17.71	-0.003992235161
17.72	-0.003395318476
17.73	-0.002800400635
17.74	-0.002207948862
17.75	-0.001618424654
17.76	-0.001032283454
17.77	-0.0004499743295
17.78	0.000128060344
17.79	0.0007013851865
17.8	0.001269572112
17.81	0.001832200619
17.82	0.002388858069
17.83	0.002939139962
17.84	0.0034826502
17.85	0.004019001338
17.86	0.004547814835
17.87	0.005068721285
17.88	0.005581360648
17.89	0.006085382469
17.9	0.006580446082
17.91	0.00706622081
17.92	0.007542386155
17.93	0.008008631979
17.94	0.008464658668
17.95	0.008910177298
17.96	0.009344909777
17.97	0.009768588992
17.98	0.01018095893
17.99	0.01058177482
18	0.01097080319
18.01	0.01134782204
18.02	0.01171262087
18.03	0.01206500078
18.04	0.01240477456
18.05	0.0127317667
18.06	0.01304581349
18.07	0.01334676304
18.08	0.0136344753
18.09	0.01390882208
18.1	0.01416968707
18.11	0.01441696584
18.12	0.01465056583
18.13	0.01487040632
18.14	0.01507641839
18.15	0.01526854494
18.16	0.01544674058
18.17	0.01561097157
18.18	0.01576121583
18.19	0.01589746277
18.2	0.01601971329
18.21	0.01612797962
18.22	0.01622228526
18.23	0.01630266487
18.24	0.01636916412
18.25	0.01642183963
18.26	0.01646075874
18.27	0.01648599947
18.28	0.01649765032
18.29	0.01649581009
18.3	0.0164805878
18.31	0.01645210242
18.32	0.01641048277
18.33	0.01635586731
18.34	0.01628840395
18.35	0.01620824984
18.36	0.01611557121
18.37	0.01601054312
18.38	0.01589334926
18.39	0.01576418175
18.4	0.01562324089
18.41	0.01547073497
18.42	0.01530687999
18.43	0.01513189944
18.44	0.01494602409
18.45	0.0147494917
18.46	0.0145425468
18.47	0.01432544041
18.48	0.01409842984
18.49	0.01386177835
18.5	0.01361575495
18.51	0.01336063414
18.52	0.01309669558
18.53	0.01282422388
18.54	0.01254350834
18.55	0.0122548426
18.56	0.01195852446
18.57	0.01165485553
18.58	0.011344141
18.59	0.01102668937
18.6	0.01070281211
18.61	0.01037282346
18.62	0.01003704011
18.63	0.009695780937
18.64	0.009349366711
18.65	0.008998119845
18.66	0.008642364104
18.67	0.008282424334
18.68	0.007918626192
18.69	0.007551295873
18.7	0.007180759842
18.71	0.006807344565
18.72	0.006431376246
18.73	0.006053180563
18.74	0.005673082408
18.75	0.005291405629
18.76	0.004908472775
18.77	0.004524604846
18.78	0.004140121044
18.79	0.003755338526
18.8	0.003370572166
18.81	0.002986134315
18.82	0.00260233457
18.83	0.00221947954
18.84	0.001837872627
18.85	0.001457813799
18.86	0.001079599378
18.87	0.0007035218272
18.88	0.0003298695434
18.89	-4.107334392e-05
18.9	-0.0004090271699
18.91	-0.0007737169253
18.92	-0.001134872443
18.93	-0.00149222858
18.94	-0.001845525389
18.95	-0.002194508293
18.96	-0.002538928246
18.97	-0.002878541893
18.98	-0.003213111719
18.99	-0.003542406202
19	-0.003866199945
19.01	-0.004184273816
19.02	-0.004496415074
19.03	-0.004802417492
19.04	-0.00510208147
19.05	-0.005395214149
19.06	-0.005681629508
19.07	-0.005961148465
19.08	-0.006233598965
19.09	-0.006498816066
19.1	-0.006756642013
19.11	-0.007006926311
19.12	-0.007249525789
19.13	-0.007484304659
19.14	-0.007711134565
19.15	-0.007929894629
19.16	-0.008140471492
19.17	-0.008342759342
19.18	-0.008536659942
19.19	-0.008722082651
19.2	-0.008898944434
19.21	-0.009067169869
19.22	-0.009226691152
19.23	-0.009377448087
19.24	-0.009519388073
19.25	-0.009652466091
19.26	-0.009776644678
19.27	-0.009891893896
19.28	-0.009998191298
19.29	-0.01009552188
19.3	-0.01018387806
19.31	-0.01026325958
19.32	-0.01033367348
19.33	-0.01039513403
19.34	-0.01044766266
19.35	-0.01049128788
19.36	-0.01052604521
19.37	-0.01055197707
19.38	-0.01056913274
19.39	-0.01057756819
19.4	-0.01057734608
19.41	-0.01056853556
19.42	-0.01055121222
19.43	-0.01052545796
19.44	-0.01049136088
19.45	-0.01044901514
19.46	-0.01039852086
19.47	-0.01033998397
19.48	-0.0102735161
19.49	-0.01019923443
19.5	-0.01011726154
19.51	-0.01002772528
19.52	-0.009930758649
19.53	-0.009826499589
19.54	-0.009715090882
19.55	-0.009596679975
19.56	-0.009471418828
19.57	-0.009339463752
19.58	-0.009200975249
19.59	-0.009056117849
19.6	-0.008905059943
19.61	-0.008747973615
19.62	-0.008585034476
19.63	-0.008416421488
19.64	-0.008242316797
19.65	-0.008062905556
19.66	-0.007878375755
19.67	-0.00768891804
19.68	-0.007494725541
19.69	-0.007295993696
19.7	-0.00709292007
19.71	-0.006885704181
19.72	-0.00667454732
19.73	-0.006459652378
19.74	-0.006241223661
19.75	-0.00601946672
19.76	-0.005794588169
19.77	-0.005566795512
19.78	-0.005336296967
19.79	-0.005103301289
19.8	-0.004868017597
19.81	-0.004630655205
19.82	-0.004391423443
19.83	-0.004150531495
19.84	-0.003908188225
19.85	-0.003664602011
19.86	-0.003419980581
19.87	-0.003174530847
19.88	-0.002928458747
19.89	-0.002681969082
19.9	-0.00243526536
19.91	-0.002188549644
19.92	-0.001942022394
19.93	-0.001695882319
19.94	-0.001450326233
19.95	-0.001205548906
19.96	-0.0009617429237
19.97	-0.0007190985481
19.98	-0.0004778035822
19.99	-0.0002380432367
20	-1.848704551e-17
20.01	0.0002361464879
20.02	0.0004702195589
20.03	0.0007020456364
20.04	0.0009314543519
20.05	0.001158278658
20.06	0.001382354935
20.07	0.001603523103
20.08	0.001821626714
20.09	0.002036513061
20.1	0.002248033262
20.11	0.002456042358
20.12	0.002660399394
20.13	0.002860967507
20.14	0.003057613999
20.15	0.003250210416
20.16	0.003438632616
20.17	0.003622760837
20.18	0.003802479756
20.19	0.003977678553
20.2	0.00414825096
20.21	0.004314095314
20.22	0.004475114601
20.23	0.004631216499
20.24	0.004782313416
20.25	0.00492832252
20.26	0.005069165775
20.27	0.005204769959
20.28	0.005335066688
20.29	0.005459992436
20.3	0.005579488543
20.31	0.005693501227
20.32	0.005801981586
20.33	0.005904885603
20.34	0.006002174139
20.35	0.006093812928
20.36	0.006179772565
20.37	0.006260028492
20.38	0.006334560977
20.39	0.006403355096
20.4	0.006466400702
20.41	0.0065236924
20.42	0.006575229509
20.43	0.006621016026
20.44	0.006661060589
20.45	0.006695376428
20.46	0.006723981321
20.47	0.006746897544
20.48	0.006764151812
20.49	0.006775775228
20.5	0.006781803219
20.51	0.006782275475
20.52	0.006777235881
20.53	0.006766732448
20.54	0.006750817243
20.55	0.006729546313
20.56	0.006702979607
20.57	0.006671180897
20.58	0.006634217699
20.59	0.006592161181
20.6	0.006545086083
20.61	0.006493070625
20.62	0.006436196415
20.63	0.006374548357
20.64	0.006308214557
20.65	0.006237286221
20.66	0.006161857563
20.67	0.006082025699
20.68	0.005997890549
20.69	0.00590955473
20.7	0.005817123453
20.71	0.005720704418
20.72	0.005620407704
20.73	0.005516345662
20.74	0.005408632808
20.75	0.005297385708
20.76	0.00518272287
20.77	0.005064764631
20.78	0.004943633049
20.79	0.004819451782
20.8	0.004692345982
20.81	0.004562442178
20.82	0.004429868164
20.83	0.004294752884
20.84	0.004157226317
20.85	0.004017419367
20.86	0.003875463745
20.87	0.003731491858
20.88	0.003585636696
20.89	0.003438031719
20.9	0.003288810742
20.91	0.003138107831
20.92	0.002986057182
20.93	0.00283279302
20.94	0.002678449485
20.95	0.002523160524
20.96	0.002367059785
20.97	0.00221028051
20.98	0.002052955432
20.99	0.001895216667
21	0.001737195616
21.01	0.001579022863
21.02	0.001420828072
21.03	0.001262739893
21.04	0.001104885867
21.05	0.0009473923237
21.06	0.0007903842973
21.07	0.0006339854296
21.08	0.0004783178831
21.09	0.0003235022526
21.1	0.0001696574805
21.11	1.690077273e-05
21.12	-0.0001346524822
21.13	-0.0002848887926
21.14	-0.0004336966406
21.15	-0.0005809665571
21.16	-0.0007265911942
21.17	-0.0008704653954
21.18	-0.001012486264
21.19	-0.001152553228
21.2	-0.001290568104
21.21	-0.001426435157
21.22	-0.001560061159
21.23	-0.001691355446
21.24	-0.001820229969
21.25	-0.001946599346
21.26	-0.00207038091
21.27	-0.002191494754
21.28	-0.002309863774
21.29	-0.002425413711
21.3	-0.002538073186
21.31	-0.002647773736
21.32	-0.002754449847
21.33	-0.002858038983
21.34	-0.002958481614
21.35	-0.003055721239
21.36	-0.003149704408
21.37	-0.003240380742
21.38	-0.003327702951
21.39	-0.003411626842
21.4	-0.003492111337
21.41	-0.003569118477
21.42	-0.003642613431
21.43	-0.003712564496
21.44	-0.003778943102
21.45	-0.003841723805
21.46	-0.003900884288
21.47	-0.003956405351
21.48	-0.004008270904
21.49	-0.004056467951
21.5	-0.004100986582
21.51	-0.004141819952
21.52	-0.004178964264
21.53	-0.004212418745
21.54	-0.004242185628
21.55	-0.004268270121
21.56	-0.004290680381
21.57	-0.004309427486
21.58	-0.004324525398
21.59	-0.004335990933
21.6	-0.004343843722
21.61	-0.004348106176
21.62	-0.00434880344
21.63	-0.004345963355
21.64	-0.004339616415
21.65	-0.004329795716
21.66	-0.004316536914
21.67	-0.004299878171
21.68	-0.004279860108
21.69	-0.004256525749
21.7	-0.004229920469
21.71	-0.004200091938
21.72	-0.004167090064
21.73	-0.004130966934
21.74	-0.004091776756
21.75	-0.004049575794
21.76	-0.004004422313
21.77	-0.003956376508
21.78	-0.003905500446
21.79	-0.003851857995
21.8	-0.003795514764
21.81	-0.00373653803
21.82	-0.003674996675
21.83	-0.003610961112
21.84	-0.003544503221
21.85	-0.003475696276
21.86	-0.003404614875
21.87	-0.003331334867
21.88	-0.003255933285
21.89	-0.003178488268
21.9	-0.003099078996
21.91	-0.003017785609
21.92	-0.002934689142
21.93	-0.002849871446
21.94	-0.00276341512
21.95	-0.002675403433
21.96	-0.002585920257
21.97	-0.002495049987
21.98	-0.002402877475
21.99	-0.002309487954
22	-0.002214966964
22.01	-0.002119400286
22.02	-0.002022873862
22.03	-0.001925473734
22.04	-0.001827285964
22.05	-0.001728396569
22.06	-0.001628891451
22.07	-0.001528856327
22.08	-0.001428376662
22.09	-0.001327537601
22.1	-0.0012264239
22.11	-0.001125119868
22.12	-0.001023709291
22.13	-0.0009222753771
22.14	-0.0008209006905
22.15	-0.0007196670881
22.16	-0.0006186556607
22.17	-0.0005179466723
22.18	-0.0004176195018
22.19	-0.0003177525856
22.2	-0.0002184233611
22.21	-0.0001197082123
22.22	-2.168241559e-05
22.23	7.557991216e-05
22.24	0.0001720058647
22.25	0.000267523796
22.26	0.0003620633682
22.27	0.0004555555987
22.28	0.0005479329049
22.29	0.0006391291482
22.3	0.0007290796764
22.31	0.0008177213638
22.32	0.0009049926509
22.33	0.0009908335816
22.34	0.001075185839
22.35	0.00115799278
22.36	0.001239199468
22.37	0.001318752704
22.38	0.001396601054
22.39	0.001472694881
22.4	0.001546986367
22.41	0.001619429538
22.42	0.001689980289
22.43	0.001758596402
22.44	0.001825237568
22.45	0.001889865402
22.46	0.00195244346
22.47	0.002012937253
22.48	0.00207131426
22.49	0.002127543939
22.5	0.002181597733
22.51	0.002233449082
22.52	0.002283073424
22.53	0.002330448204
22.54	0.002375552871
22.55	0.002418368884
22.56	0.002458879705
22.57	0.002497070804
22.58	0.002532929647
22.59	0.002566445697
22.6	0.002597610401
22.61	0.002626417186
22.62	0.002652861444
22.63	0.002676940525
22.64	0.002698653718
22.65	0.002718002242
22.66	0.002734989225
22.67	0.002749619689
22.68	0.002761900528
22.69	0.00277184049
22.7	0.002779450157
22.71	0.002784741914
22.72	0.002787729935
22.73	0.002788430149
22.74	0.002786860217
22.75	0.002783039502
22.76	0.002776989041
22.77	0.002768731517
22.78	0.002758291219
22.79	0.002745694021
22.8	0.002730967338
22.81	0.0027141401
22.82	0.002695242708
22.83	0.002674307006
22.84	0.002651366237
22.85	0.002626455009
22.86	0.002599609253
22.87	0.002570866187
22.88	0.002540264271
22.89	0.00250784317
22.9	0.00247364371
22.91	0.002437707833
22.92	0.002400078562
22.93	0.00236079995
22.94	0.002319917036
22.95	0.002277475808
22.96	0.00223352315
22.97	0.002188106799
22.98	0.002141275303
22.99	0.002093077972
23	0.00204356483
23.01	0.001992786573
23.02	0.001940794521
23.03	0.001887640568
23.04	0.001833377142
23.05	0.001778057152
23.06	0.001721733943
23.07	0.001664461251
23.08	0.001606293154
23.09	0.001547284027
23.1	0.001487488495
23.11	0.001426961385
23.12	0.001365757682
23.13	0.001303932484
23.14	0.001241540951
23.15	0.001178638267
23.16	0.00111527959
23.17	0.001051520009
23.18	0.0009874144988
23.19	0.0009230178782
23.2	0.0008583847651
23.21	0.0007935695344
23.22	0.0007286262756
23.23	0.0006636087511
23.24	0.0005985703555
23.25	0.0005335640746
23.26	0.000468642446
23.27	0.00040385752
23.28	0.0003392608212
23.29	0.0002749033106
23.3	0.0002108353489
23.31	0.0001471066606
23.32	8.376629825e-05
23.33	2.086260817e-05
23.34	-4.155680309e-05
23.35	-0.0001034451017
23.36	-0.0001647562582
23.37	-0.0002254450787
23.38	-0.0002854672349
23.39	-0.000344779293
23.4	-0.0004033387421
23.41	-0.0004611040211
23.42	-0.0005180345452
23.43	-0.0005740907308
23.44	-0.0006292340199
23.45	-0.0006834269028
23.46	-0.000736632941
23.47	-0.0007888167874
23.48	-0.000839944207
23.49	-0.0008899820953
23.5	-0.0009388984966
23.51	-0.0009866626204
23.52	-0.001033244858
23.53	-0.001078616795
23.54	-0.001122751228
23.55	-0.001165622174
23.56	-0.001207204885
23.57	-0.001247475854
23.58	-0.001286412829
23.59	-0.001323994816
23.6	-0.001360202091
23.61	-0.001395016203
23.62	-0.00142841998
23.63	-0.00146039753
23.64	-0.001490934247
23.65	-0.001520016814
23.66	-0.001547633198
23.67	-0.001573772652
23.68	-0.001598425718
23.69	-0.001621584218
23.7	-0.001643241251
23.71	-0.001663391195
23.72	-0.001682029693
23.73	-0.001699153651
23.74	-0.001714761231
23.75	-0.00172885184
23.76	-0.001741426122
23.77	-0.001752485947
23.78	-0.001762034401
23.79	-0.001770075771
23.8	-0.001776615536
23.81	-0.001781660349
23.82	-0.001785218025
23.83	-0.001787297525
23.84	-0.001787908938
23.85	-0.001787063465
23.86	-0.001784773402
23.87	-0.001781052119
23.88	-0.001775914041
23.89	-0.001769374632
23.9	-0.001761450368
23.91	-0.001752158719
23.92	-0.001741518126
23.93	-0.00172954798
23.94	-0.001716268596
23.95	-0.00170170119
23.96	-0.001685867857
23.97	-0.001668791542
23.98	-0.001650496017
23.99	-0.001631005855
24	-0.001610346405
24.01	-0.00158854376
24.02	-0.001565624737
24.03	-0.001541616845
24.04	-0.001516548257
24.05	-0.001490447784
24.06	-0.001463344844
24.07	-0.001435269437
24.08	-0.001406252113
24.09	-0.001376323942
24.1	-0.001345516487
24.11	-0.001313861775
24.12	-0.001281392265
24.13	-0.001248140817
24.14	-0.001214140668
24.15	-0.001179425395
24.16	-0.00114402889
24.17	-0.001107985327
24.18	-0.001071329135
24.19	-0.001034094964
24.2	-0.0009963176595
24.21	-0.0009580322283
24.22	-0.0009192738121
24.23	-0.0008800776568
24.24	-0.0008404790826
24.25	-0.0008005134552
24.26	-0.0007602161565
24.27	-0.000719622556
24.28	-0.000678767982
24.29	-0.000637687693
24.3	-0.0005964168502
24.31	-0.0005549904891
24.32	-0.0005134434926
24.33	-0.0004718105633
24.34	-0.0004301261974
24.35	-0.0003884246578
24.36	-0.0003467399484
24.37	-0.0003051057886
24.38	-0.0002635555878
24.39	-0.0002221224212
24.4	-0.0001808390054
24.41	-0.0001397376747
24.42	-9.885035769e-05
24.43	-5.820855505e-05
24.44	-1.784331685e-05
24.45	2.221477879e-05
24.46	6.193564682e-05
24.47	0.0001012897158
24.48	0.0001402479478
24.49	0.0001787818579
24.5	0.0002168635323
24.51	0.0002544656474
24.52	0.0002915614866
24.53	0.0003281249572
24.54	0.000364130607
24.55	0.0003995536394
24.56	0.0004343699286
24.57	0.000468556034
24.58	0.0005020892134
24.59	0.0005349474359
24.6	0.0005671093946
24.61	0.0005985545177
24.62	0.0006292629795
24.63	0.0006592157105
24.64	0.000688394407
24.65	0.0007167815395
24.66	0.0007443603614
24.67	0.0007711149158
24.68	0.0007970300422
24.69	0.000822091383
24.7	0.000846285388
24.71	0.0008695993196
24.72	0.0008920212565
24.73	0.0009135400964
24.74	0.0009341455594
24.75	0.0009538281889
24.76	0.0009725793534
24.77	0.0009903912464
24.78	0.001007256887
24.79	0.001023170117
24.8	0.001038125602
24.81	0.001052118828
24.82	0.001065146098
24.83	0.001077204529
24.84	0.001088292047
24.85	0.001098407385
24.86	0.001107550074
24.87	0.001115720438
24.88	0.001122919591
24.89	0.001129149424
24.9	0.001134412601
24.91	0.001138712551
24.92	0.001142053456
24.93	0.001144440245
24.94	0.001145878582
24.95	0.001146374856
24.96	0.001145936171
24.97	0.001144570332
24.98	0.001142285837
24.99	0.001139091861
25	0.001134998244
25.01	0.00113001548
25.02	0.0011241547
25.03	0.001117427659
25.04	0.001109846724
25.05	0.001101424855
25.06	0.001092175592
25.07	0.00108211304
25.08	0.001071251852
25.09	0.00105960721
25.1	0.001047194816
25.11	0.001034030866
25.12	0.001020132041
25.13	0.001005515484
25.14	0.0009901987832
25.15	0.0009741999576
25.16	0.0009575374352
25.17	0.0009402300367
25.18	0.0009222969562
25.19	0.0009037577433
25.2	0.000884632284
25.21	0.0008649407817
25.22	0.000844703739
25.23	0.0008239419377
25.24	0.0008026764205
25.25	0.0007809284714
25.26	0.0007587195967
25.27	0.0007360715054
25.28	0.0007130060905
25.29	0.0006895454093
25.3	0.0006657116646
25.31	0.000641527185
25.32	0.0006170144061
25.33	0.0005921958514
25.34	0.0005670941131
25.35	0.0005417318338
25.36	0.0005161316867
25.37	0.0004903163578
25.38	0.0004643085273
25.39	0.0004381308506
25.4	0.0004118059408
25.41	0.0003853563503
25.42	0.000358804553
25.43	0.0003321729269
25.44	0.0003054837364
25.45	0.0002787591152
25.46	0.0002520210495
25.47	0.0002252913612
25.48	0.0001985916915
25.49	0.0001719434848
25.5	0.000145367973
25.51	0.0001188861594
25.52	9.251880417e-05
25.53	6.628640902e-05
25.54	4.020920267e-05
25.55	1.430712662e-05
25.56	-1.140017871e-05
25.57	-3.689338763e-05
25.58	-6.215350226e-05
25.59	-8.716186545e-05
25.6	-0.0001119001731
25.61	-0.0001363504864
25.62	-0.0001604952432
25.63	-0.0001843172696
25.64	-0.0002077997906
25.65	-0.0002309264404
25.66	-0.0002536812729
25.67	-0.0002760487708
25.68	-0.0002980138553
25.69	-0.0003195618941
25.7	-0.0003406787107
25.71	-0.0003613505913
25.72	-0.0003815642931
25.73	-0.0004013070507
25.74	-0.000420566583
25.75	-0.000439331099
25.76	-0.000457589304
25.77	-0.0004753304042
25.78	-0.0004925441118
25.79	-0.0005092206494
25.8	-0.0005253507538
25.81	-0.0005409256792
25.82	-0.0005559372004
25.83	-0.0005703776154
25.84	-0.0005842397474
25.85	-0.0005975169463
25.86	-0.0006102030901
25.87	-0.0006222925856
25.88	-0.0006337803686
25.89	-0.0006446619041
25.9	-0.0006549331856
25.91	-0.0006645907339
25.92	-0.0006736315962
25.93	-0.0006820533439
25.94	-0.0006898540707
25.95	-0.0006970323896
25.96	-0.0007035874303
25.97	-0.0007095188357
25.98	-0.0007148267578
25.99	-0.0007195118539
26	-0.0007235752818
26.01	-0.000727018695
26.02	-0.0007298442373
26.03	-0.0007320545373
26.04	-0.0007336527022
26.05	-0.0007346423116
26.06	-0.0007350274109
26.07	-0.0007348125041
26.08	-0.0007340025467
26.09	-0.0007326029377
26.1	-0.0007306195124
26.11	-0.0007280585334
26.12	-0.0007249266826
26.13	-0.0007212310521
26.14	-0.0007169791355
26.15	-0.0007121788185
26.16	-0.0007068383693
26.17	-0.0007009664289
26.18	-0.0006945720008
26.19	-0.0006876644416
26.2	-0.0006802534497
26.21	-0.0006723490552
26.22	-0.0006639616089
26.23	-0.0006551017716
26.24	-0.0006457805026
26.25	-0.0006360090488
26.26	-0.0006257989329
26.27	-0.0006151619422
26.28	-0.0006041101166
26.29	-0.0005926557372
26.3	-0.0005808113139
26.31	-0.0005685895739
26.32	-0.0005560034492
26.33	-0.000543066065
26.34	-0.0005297907268
26.35	-0.0005161909089
26.36	-0.0005022802416
26.37	-0.0004880724989
26.38	-0.0004735815866
26.39	-0.0004588215294
26.4	-0.000443806459
26.41	-0.0004285506016
26.42	-0.0004130682654
26.43	-0.0003973738289
26.44	-0.0003814817278
26.45	-0.0003654064438
26.46	-0.0003491624915
26.47	-0.0003327644072
26.48	-0.0003162267364
26.49	-0.000299564022
26.5	-0.0002827907927
26.51	-0.0002659215512
26.52	-0.0002489707624
26.53	-0.0002319528424
26.54	-0.0002148821468
26.55	-0.0001977729598
26.56	-0.000180639483
26.57	-0.0001634958245
26.58	-0.0001463559883
26.59	-0.0001292338637
26.6	-0.000112143215
26.61	-9.509767125e-05
26.62	-7.811071618e-05
26.63	-6.119567859e-05
26.64	-4.436572263e-05
26.65	-2.763383847e-05
26.66	-1.101283313e-05
26.67	5.48467848e-06
26.68	2.184628224e-05
26.69	3.805977333e-05
26.7	5.411316447e-05
26.71	6.999469392e-05
26.72	8.569283321e-05
26.73	0.0001011962947
26.74	0.0001164940388
26.75	0.0001315752809
26.76	0.0001464294981
26.77	0.000161046436
26.78	0.0001754161142
26.79	0.000189528833
26.8	0.0002033751785
26.81	0.0002169460281
26.82	0.0002302325556
26.83	0.0002432262363
26.84	0.000255918851
26.85	0.0002683024906
26.86	0.0002803695598
26.87	0.0002921127812
26.88	0.0003035251981
26.89	0.0003146001781
26.9	0.0003253314156
26.91	0.0003357129343
26.92	0.0003457390898
26.93	0.000355404571
26.94	0.0003647044022
26.95	0.0003736339443
26.96	0.0003821888959
26.97	0.0003903652939
26.98	0.0003981595144
26.99	0.0004055682727
27	0.0004125886234
27.01	0.0004192179599
27.02	0.0004254540139
27.03	0.0004312948546
27.04	0.0004367388877
27.05	0.0004417848536
27.06	0.0004464318262
27.07	0.0004506792109
27.08	0.000454526742
27.09	0.000457974481
27.1	0.0004610228135
27.11	0.0004636724462
27.12	0.0004659244043
27.13	0.0004677800276
27.14	0.000469240967
27.15	0.0004703091811
27.16	0.0004709869314
27.17	0.000471276779
27.18	0.0004711815791
27.19	0.0004707044772
27.2	0.0004698489038
27.21	0.0004686185695
27.22	0.0004670174595
27.23	0.0004650498286
27.24	0.0004627201951
27.25	0.0004600333355
27.26	0.0004569942783
27.27	0.000453608298
27.28	0.0004498809087
27.29	0.0004458178579
27.3	0.0004414251199
27.31	0.0004367088891
27.32	0.0004316755735
27.33	0.0004263317871
27.34	0.0004206843438
27.35	0.0004147402496
27.36	0.0004085066955
27.37	0.0004019910506
27.38	0.0003952008539
27.39	0.0003881438078
27.4	0.0003808277697
27.41	0.0003732607449
27.42	0.0003654508786
27.43	0.0003574064485
27.44	0.0003491358568
27.45	0.0003406476222
27.46	0.0003319503725
27.47	0.0003230528365
27.48	0.000313963836
27.49	0.0003046922781
27.5	0.0002952471472
27.51	0.0002856374968
27.52	0.0002758724423
27.53	0.0002659611523
27.54	0.0002559128414
27.55	0.0002457367619
27.56	0.0002354421961
27.57	0.0002250384487
27.58	0.0002145348389
27.59	0.0002039406926
27.6	0.000193265335
27.61	0.0001825180831
27.62	0.0001717082379
27.63	0.0001608450771
27.64	0.0001499378478
27.65	0.0001389957592
27.66	0.0001280279756
27.67	0.0001170436088
27.68	0.0001060517119
27.69	9.506127157e-05
27.7	8.408120193e-05
27.71	7.312033757e-05
27.72	6.218742713e-05
27.73	5.129112678e-05
27.74	4.043999404e-05
27.75	2.964248153e-05
27.76	1.890693098e-05
27.77	8.241567329e-06
27.78	-2.345507017e-06
27.79	-1.28463178e-05
27.8	-2.325302435e-05
27.81	-3.35579249e-05
27.82	-4.375346174e-05
27.83	-5.383222619e-05
27.84	-6.378696344e-05
27.85	-7.361057721e-05
27.86	-8.329613424e-05
27.87	-9.283686868e-05
27.88	-0.0001022261861
27.89	-0.0001114576678
27.9	-0.0001205250742
27.91	-0.0001294223487
27.92	-0.0001381436212
27.93	-0.0001466832113
27.94	-0.0001550356315
27.95	-0.0001631955898
27.96	-0.0001711579929
27.97	-0.0001789179484
27.98	-0.0001864707674
27.99	-0.0001938119664
28	-0.0002009372696
28.01	-0.0002078426107
28.02	-0.0002145241343
28.03	-0.0002209781975
28.04	-0.0002272013713
28.05	-0.0002331904412
28.06	-0.0002389424089
28.07	-0.0002444544922
28.08	-0.000249724126
28.09	-0.0002547489625
28.1	-0.0002595268715
28.11	-0.0002640559402
28.12	-0.0002683344733
28.13	-0.0002723609922
28.14	-0.000276134235
28.15	-0.0002796531556
28.16	-0.0002829169224
28.17	-0.000285924918
28.18	-0.0002886767375
28.19	-0.0002911721874
28.2	-0.0002934112837
28.21	-0.0002953942507
28.22	-0.0002971215188
28.23	-0.0002985937226
28.24	-0.000299811699
28.25	-0.0003007764845
28.26	-0.0003014893129
28.27	-0.0003019516131
28.28	-0.0003021650057
28.29	-0.0003021313009
28.3	-0.0003018524948
28.31	-0.0003013307668
28.32	-0.0003005684764
28.33	-0.0002995681594
28.34	-0.0002983325248
28.35	-0.0002968644511
28.36	-0.0002951669828
28.37	-0.0002932433261
28.38	-0.0002910968457
28.39	-0.0002887310602
28.4	-0.0002861496385
28.41	-0.0002833563951
28.42	-0.0002803552864
28.43	-0.0002771504059
28.44	-0.0002737459801
28.45	-0.0002701463638
28.46	-0.0002663560356
28.47	-0.0002623795935
28.48	-0.0002582217498
28.49	-0.0002538873265
28.5	-0.0002493812509
28.51	-0.0002447085502
28.52	-0.0002398743468
28.53	-0.0002348838537
28.54	-0.0002297423691
28.55	-0.0002244552717
28.56	-0.0002190280156
28.57	-0.0002134661252
28.58	-0.0002077751901
28.59	-0.0002019608606
28.6	-0.0001960288417
28.61	-0.0001899848888
28.62	-0.0001838348022
28.63	-0.0001775844224
28.64	-0.0001712396245
28.65	-0.0001648063138
28.66	-0.0001582904201
28.67	-0.0001516978932
28.68	-0.0001450346978
28.69	-0.0001383068084
28.7	-0.0001315202042
28.71	-0.0001246808648
28.72	-0.0001177947649
28.73	-0.0001108678693
28.74	-0.0001039061288
28.75	-9.691547471e-05
28.76	-8.990181484e-05
28.77	-8.287102848e-05
28.78	-7.582896199e-05
28.79	-6.878142434e-05
28.8	-6.173418264e-05
28.81	-5.469295779e-05
28.82	-4.766342024e-05
28.83	-4.065118577e-05
28.84	-3.366181135e-05
28.85	-2.67007911e-05
28.86	-1.977355235e-05
28.87	-1.288545174e-05
28.88	-6.041771438e-06
28.89	7.522845353e-07
28.9	7.491593939e-06
28.91	1.417111981e-05
28.92	2.078591385e-05
28.93	2.73311198e-05
28.94	3.380197658e-05
28.95	4.019382143e-05
28.96	4.650209292e-05
28.97	5.272233383e-05
28.98	5.885019396e-05
28.99	6.488143279e-05
29	7.081192206e-05
29.01	7.663764822e-05
29.02	8.235471479e-05
29.03	8.795934457e-05
29.04	9.344788179e-05
29.05	9.881679408e-05
29.06	0.0001040626744
29.07	0.0001091822426
29.08	0.0001141723476
29.09	0.0001190299683
29.1	0.0001237522152
29.11	0.000128336332
29.12	0.0001327796965
29.13	0.0001370798215
29.14	0.0001412343561
29.15	0.0001452410865
29.16	0.0001490979362
29.17	0.0001528029674
29.18	0.0001563543808
29.19	0.0001597505162
29.2	0.0001629898527
29.21	0.0001660710091
29.22	0.0001689927433
29.23	0.0001717539529
29.24	0.0001743536744
29.25	0.0001767910833
29.26	0.0001790654935
29.27	0.0001811763565
29.28	0.0001831232613
29.29	0.0001849059332
29.3	0.000186524233
29.31	0.0001879781562
29.32	0.0001892678318
29.33	0.000190393521
29.34	0.0001913556165
29.35	0.0001921546403
29.36	0.000192791243
29.37	0.0001932662016
29.38	0.0001935804185
29.39	0.0001937349193
29.4	0.0001937308512
29.41	0.0001935694809
29.42	0.0001932521928
29.43	0.0001927804871
29.44	0.0001921559773
29.45	0.000191380388
29.46	0.000190455553
29.47	0.0001893834125
29.48	0.000188166011
29.49	0.0001868054947
29.5	0.0001853041089
29.51	0.0001836641952
29.52	0.0001818881893
29.53	0.000179978618
29.54	0.0001779380964
29.55	0.000175769325
29.56	0.000173475087
29.57	0.0001710582455
29.58	0.0001685217401
29.59	0.0001658685843
29.6	0.0001631018622
29.61	0.0001602247257
29.62	0.0001572403913
29.63	0.0001541521367
29.64	0.0001509632981
29.65	0.0001476772666
29.66	0.0001442974854
29.67	0.0001408274463
29.68	0.0001372706866
29.69	0.0001336307859
29.7	0.0001299113627
29.71	0.0001261160713
29.72	0.0001222485985
29.73	0.0001183126603
29.74	0.0001143119988
29.75	0.0001102503787
29.76	0.0001061315844
29.77	0.0001019594164
29.78	9.773768825e-05
29.79	9.347022355e-05
29.8	8.916085242e-05
29.81	8.481340855e-05
29.82	8.043172599e-05
29.83	7.601963607e-05
29.84	7.158096424e-05
29.85	6.711952711e-05
29.86	6.263912933e-05
29.87	5.814356063e-05
29.88	5.363659291e-05
29.89	4.912197721e-05
29.9	4.460344094e-05
29.91	4.008468497e-05
29.92	3.556938087e-05
29.93	3.106116815e-05
29.94	2.656365156e-05
29.95	2.208039843e-05
29.96	1.76149361e-05
29.97	1.317074933e-05
29.98	8.751277871e-06
29.99	4.359913963e-06
30	1.053618756e-18
