temps	angle
0	0
0.01	1.125182669
0.02	2.238246627
0.03	3.338399439
0.04	4.424867149
0.05	5.496894725
0.06	6.553746493
0.07	7.594706549
0.08	8.619079145
0.09	9.626189065
0.1	10.61538197
0.11	11.58602473
0.12	12.53750572
0.13	13.46923515
0.14	14.38064526
0.15	15.27119063
0.16	16.14034838
0.17	16.98761837
0.18	17.8125234
0.19	18.61460935
0.2	19.39344535
0.21	20.14862388
0.22	20.87976088
0.23	21.58649584
0.24	22.26849185
0.25	22.92543564
0.26	23.55703761
0.27	24.16303184
0.28	24.74317603
0.29	25.29725153
0.3	25.82506323
0.31	26.32643952
0.32	26.80123215
0.33	27.24931619
0.34	27.67058984
0.35	28.0649743
0.36	28.43241363
0.37	28.77287453
0.38	29.08634617
0.39	29.37283997
0.4	29.63238936
0.41	29.86504954
0.42	30.07089721
0.43	30.25003032
0.44	30.40256773
0.45	30.52864896
0.46	30.62843384
0.47	30.70210215
0.48	30.74985335
0.49	30.77190613
0.5	30.76849812
0.51	30.73988545
0.52	30.68634238
0.53	30.60816089
0.54	30.50565026
0.55	30.37913667
0.56	30.22896272
0.57	30.05548702
0.58	29.85908372
0.59	29.64014207
0.6	29.39906591
0.61	29.13627323
0.62	28.85219569
0.63	28.54727808
0.64	28.22197789
0.65	27.87676476
0.66	27.51212
0.67	27.12853606
0.68	26.72651603
0.69	26.30657313
0.7	25.86923016
0.71	25.41501899
0.72	24.94448004
0.73	24.45816174
0.74	23.95662002
0.75	23.44041775
0.76	22.91012423
0.77	22.36631466
0.78	21.8095696
0.79	21.24047445
0.8	20.65961889
0.81	20.06759642
0.82	19.46500376
0.83	18.85244037
0.84	18.23050795
0.85	17.59980985
0.86	16.96095066
0.87	16.31453561
0.88	15.66117013
0.89	15.0014593
0.9	14.33600741
0.91	13.66541744
0.92	12.99029057
0.93	12.31122574
0.94	11.62881916
0.95	10.94366382
0.96	10.2563491
0.97	9.567460268
0.98	8.877578064
0.99	8.187278265
1	7.497131258
1.01	6.807701635
1.02	6.119547775
1.03	5.433221461
1.04	4.749267482
1.05	4.068223262
1.06	3.390618492
1.07	2.716974768
1.08	2.04780525
1.09	1.383614321
1.1	0.7248972598
1.11	0.07213992927
1.12	-0.5741815317
1.13	-1.213601001
1.14	-1.845662656
1.15	-2.469921245
1.16	-3.085942347
1.17	-3.693302622
1.18	-4.291590043
1.19	-4.88040413
1.2	-5.459356154
1.21	-6.028069346
1.22	-6.586179085
1.23	-7.133333072
1.24	-7.669191506
1.25	-8.193427227
1.26	-8.705725868
1.27	-9.205785979
1.28	-9.69331915
1.29	-10.16805012
1.3	-10.62971685
1.31	-11.07807066
1.32	-11.51287622
1.33	-11.9339117
1.34	-12.34096873
1.35	-12.73385252
1.36	-13.11238181
1.37	-13.47638893
1.38	-13.82571981
1.39	-14.16023391
1.4	-14.47980429
1.41	-14.7843175
1.42	-15.07367357
1.43	-15.34778597
1.44	-15.60658153
1.45	-15.85000037
1.46	-16.07799582
1.47	-16.29053434
1.48	-16.48759537
1.49	-16.66917128
1.5	-16.83526721
1.51	-16.98590094
1.52	-17.12110276
1.53	-17.24091532
1.54	-17.34539347
1.55	-17.43460408
1.56	-17.50862589
1.57	-17.56754932
1.58	-17.61147626
1.59	-17.6405199
1.6	-17.65480451
1.61	-17.65446523
1.62	-17.63964783
1.63	-17.61050854
1.64	-17.56721377
1.65	-17.50993987
1.66	-17.43887293
1.67	-17.35420847
1.68	-17.25615125
1.69	-17.14491496
1.7	-17.02072197
1.71	-16.88380309
1.72	-16.73439724
1.73	-16.57275123
1.74	-16.39911944
1.75	-16.21376356
1.76	-16.01695228
1.77	-15.80896104
1.78	-15.59007167
1.79	-15.36057218
1.8	-15.12075638
1.81	-14.87092364
1.82	-14.61137855
1.83	-14.34243066
1.84	-14.06439414
1.85	-13.77758748
1.86	-13.48233321
1.87	-13.17895758
1.88	-12.86779024
1.89	-12.54916396
1.9	-12.22341433
1.91	-11.89087942
1.92	-11.55189952
1.93	-11.20681681
1.94	-10.85597508
1.95	-10.49971942
1.96	-10.13839593
1.97	-9.772351415
1.98	-9.401933104
1.99	-9.027488364
2	-8.649364406
2.01	-8.267908002
2.02	-7.883465211
2.03	-7.496381095
2.04	-7.10699945
2.05	-6.715662537
2.06	-6.322710813
2.07	-5.928482675
2.08	-5.533314198
2.09	-5.137538883
2.1	-4.741487414
2.11	-4.345487408
2.12	-3.949863182
2.13	-3.554935515
2.14	-3.161021427
2.15	-2.768433948
2.16	-2.377481909
2.17	-1.988469722
2.18	-1.601697183
2.19	-1.217459266
2.2	-0.8360459313
2.21	-0.4577419365
2.22	-0.0828266559
2.23	0.2884260958
2.24	0.6557482327
2.25	1.018877561
2.26	1.377557933
2.27	1.731539403
2.28	2.080578363
2.29	2.424437685
2.3	2.762886849
2.31	3.095702065
2.32	3.422666393
2.33	3.743569851
2.34	4.058209516
2.35	4.366389624
2.36	4.667921657
2.37	4.962624425
2.38	5.250324144
2.39	5.530854504
2.4	5.804056728
2.41	6.069779634
2.42	6.327879675
2.43	6.578220988
2.44	6.820675426
2.45	7.055122585
2.46	7.281449828
2.47	7.499552301
2.48	7.709332936
2.49	7.91070246
2.5	8.103579388
2.51	8.28789001
2.52	8.463568377
2.53	8.630556278
2.54	8.788803208
2.55	8.938266336
2.56	9.078910461
2.57	9.210707968
2.58	9.333638771
2.59	9.447690259
2.6	9.55285723
2.61	9.649141821
2.62	9.736553431
2.63	9.815108649
2.64	9.88483116
2.65	9.945751658
2.66	9.997907755
2.67	10.04134388
2.68	10.07611115
2.69	10.10226733
2.7	10.11987663
2.71	10.12900965
2.72	10.12974324
2.73	10.12216038
2.74	10.10635003
2.75	10.08240703
2.76	10.05043194
2.77	10.0105309
2.78	9.962815524
2.79	9.90740269
2.8	9.844414447
2.81	9.773977838
2.82	9.696224755
2.83	9.611291775
2.84	9.519320008
2.85	9.420454933
2.86	9.314846236
2.87	9.202647645
2.88	9.084016765
2.89	8.959114907
2.9	8.828106921
2.91	8.691161029
2.92	8.548448645
2.93	8.40014421
2.94	8.246425017
2.95	8.087471034
2.96	7.923464735
2.97	7.754590921
2.98	7.581036547
2.99	7.402990547
3	7.220643661
3.01	7.034188256
3.02	6.843818158
3.03	6.649728475
3.04	6.452115422
3.05	6.251176155
3.06	6.047108596
3.07	5.840111262
3.08	5.6303831
3.09	5.418123316
3.1	5.203531211
3.11	4.986806017
3.12	4.768146731
3.13	4.547751959
3.14	4.325819754
3.15	4.102547456
3.16	3.878131546
3.17	3.652767485
3.18	3.426649566
3.19	3.19997077
3.2	2.972922615
3.21	2.745695019
3.22	2.518476155
3.23	2.291452319
3.24	2.06480779
3.25	1.838724707
3.26	1.613382931
3.27	1.388959928
3.28	1.165630645
3.29	0.9435673904
3.3	0.7229397189
3.31	0.5039143214
3.32	0.2866549157
3.33	0.07132214186
3.34	-0.1419265387
3.35	-0.352936941
3.36	-0.5615582499
3.37	-0.7676431111
3.38	-0.9710477166
3.39	-1.171631888
3.4	-1.369259156
3.41	-1.563796832
3.42	-1.755116087
3.43	-1.943092008
3.44	-2.127603671
3.45	-2.308534197
3.46	-2.485770805
3.47	-2.659204869
3.48	-2.82873196
3.49	-2.994251896
3.5	-3.155668777
3.51	-3.312891023
3.52	-3.465831406
3.53	-3.614407078
3.54	-3.758539597
3.55	-3.898154944
3.56	-4.033183543
3.57	-4.163560274
3.58	-4.289224478
3.59	-4.410119966
3.6	-4.526195022
3.61	-4.637402395
3.62	-4.7436993
3.63	-4.845047404
3.64	-4.941412816
3.65	-5.032766067
3.66	-5.119082096
3.67	-5.20034022
3.68	-5.276524114
3.69	-5.347621774
3.7	-5.41362549
3.71	-5.474531807
3.72	-5.530341484
3.73	-5.581059456
3.74	-5.626694782
3.75	-5.667260603
3.76	-5.702774086
3.77	-5.733256371
3.78	-5.758732516
3.79	-5.779231436
3.8	-5.79478584
3.81	-5.805432169
3.82	-5.811210524
3.83	-5.812164605
3.84	-5.808341629
3.85	-5.799792267
3.86	-5.786570558
3.87	-5.768733839
3.88	-5.746342661
3.89	-5.719460709
3.9	-5.688154717
3.91	-5.652494384
3.92	-5.612552288
3.93	-5.568403797
3.94	-5.520126979
3.95	-5.467802512
3.96	-5.41151359
3.97	-5.351345834
3.98	-5.287387191
3.99	-5.219727846
4	-5.14846012
4.01	-5.073678377
4.02	-4.995478922
4.03	-4.913959908
4.04	-4.829221233
4.05	-4.741364441
4.06	-4.650492624
4.07	-4.556710324
4.08	-4.460123426
4.09	-4.360839064
4.1	-4.25896552
4.11	-4.154612119
4.12	-4.047889135
4.13	-3.938907688
4.14	-3.827779644
4.15	-3.714617518
4.16	-3.599534373
4.17	-3.482643723
4.18	-3.364059436
4.19	-3.243895635
4.2	-3.122266603
4.21	-2.999286688
4.22	-2.87507021
4.23	-2.749731364
4.24	-2.62338413
4.25	-2.49614218
4.26	-2.36811879
4.27	-2.23942675
4.28	-2.110178276
4.29	-1.980484923
4.3	-1.850457502
4.31	-1.720205995
4.32	-1.589839473
4.33	-1.459466017
4.34	-1.329192639
4.35	-1.1991252
4.36	-1.069368345
4.37	-0.9400254173
4.38	-0.8111983958
4.39	-0.6829878205
4.4	-0.5554927251
4.41	-0.4288105713
4.42	-0.3030371843
4.43	-0.1782666901
4.44	-0.05459145573
4.45	0.06789796942
4.46	0.1891129095
4.47	0.3089666166
4.48	0.4273743224
4.49	0.5442532881
4.5	0.6595228524
4.51	0.7731044765
4.52	0.8849217877
4.53	0.9949006205
4.54	1.102969055
4.55	1.209057456
4.56	1.313098501
4.57	1.415027222
4.58	1.514781026
4.59	1.612299729
4.6	1.707525578
4.61	1.800403277
4.62	1.890880005
4.63	1.978905437
4.64	2.064431758
4.65	2.14741368
4.66	2.227808453
4.67	2.305575872
4.68	2.380678291
4.69	2.453080623
4.7	2.522750342
4.71	2.589657493
4.72	2.653774679
4.73	2.715077069
4.74	2.773542385
4.75	2.829150899
4.76	2.881885423
4.77	2.931731297
4.78	2.978676375
4.79	3.022711014
4.8	3.063828052
4.81	3.102022793
4.82	3.137292985
4.83	3.169638795
4.84	3.199062789
4.85	3.225569904
4.86	3.249167421
4.87	3.269864934
4.88	3.287674321
4.89	3.302609711
4.9	3.314687449
4.91	3.323926063
4.92	3.330346224
4.93	3.333970709
4.94	3.334824364
4.95	3.332934058
4.96	3.328328645
4.97	3.321038918
4.98	3.311097566
4.99	3.298539128
5	3.283399945
5.01	3.265718115
5.02	3.245533441
5.03	3.222887385
5.04	3.197823012
5.05	3.170384946
5.06	3.140619312
5.07	3.108573685
5.08	3.074297038
5.09	3.037839686
5.1	2.999253233
5.11	2.958590515
5.12	2.915905545
5.13	2.871253458
5.14	2.824690456
5.15	2.776273745
5.16	2.726061486
5.17	2.674112732
5.18	2.620487375
5.19	2.565246083
5.2	2.508450249
5.21	2.450161928
5.22	2.390443784
5.23	2.329359029
5.24	2.266971366
5.25	2.203344936
5.26	2.138544254
5.27	2.07263416
5.28	2.005679756
5.29	1.937746354
5.3	1.86889942
5.31	1.799204516
5.32	1.728727249
5.33	1.657533214
5.34	1.585687941
5.35	1.513256844
5.36	1.440305164
5.37	1.366897923
5.38	1.293099865
5.39	1.218975416
5.4	1.144588624
5.41	1.070003118
5.42	0.9952820557
5.43	0.920488077
5.44	0.8456832592
5.45	0.7709290706
5.46	0.6962863262
5.47	0.6218151445
5.48	0.5475749053
5.49	0.4736242077
5.5	0.4000208308
5.51	0.3268216933
5.52	0.2540828163
5.53	0.181859286
5.54	0.1102052175
5.55	0.03917372058
5.56	-0.03118313432
5.57	-0.1008143481
5.58	-0.1696700245
5.59	-0.2377013997
5.6	-0.3048608713
5.61	-0.3711020258
5.62	-0.4363796648
5.63	-0.50064983
5.64	-0.5638698267
5.65	-0.6259982467
5.66	-0.686994989
5.67	-0.7468212801
5.68	-0.8054396923
5.69	-0.8628141609
5.7	-0.9189100008
5.71	-0.9736939206
5.72	-1.027134036
5.73	-1.079199884
5.74	-1.129862428
5.75	-1.179094077
5.76	-1.226868683
5.77	-1.273161556
5.78	-1.317949467
5.79	-1.361210653
5.8	-1.402924818
5.81	-1.443073139
5.82	-1.481638263
5.83	-1.51860431
5.84	-1.553956868
5.85	-1.587682994
5.86	-1.619771205
5.87	-1.650211478
5.88	-1.678995241
5.89	-1.706115367
5.9	-1.731566162
5.91	-1.75534336
5.92	-1.777444111
5.93	-1.797866965
5.94	-1.816611867
5.95	-1.833680136
5.96	-1.849074455
5.97	-1.862798851
5.98	-1.874858684
5.99	-1.885260623
6	-1.894012632
6.01	-1.90112395
6.02	-1.906605068
6.03	-1.910467711
6.04	-1.912724815
6.05	-1.913390504
6.06	-1.912480066
6.07	-1.910009931
6.08	-1.905997645
6.09	-1.900461843
6.1	-1.893422225
6.11	-1.884899529
6.12	-1.874915503
6.13	-1.863492877
6.14	-1.850655335
6.15	-1.836427486
6.16	-1.820834835
6.17	-1.80390375
6.18	-1.78566144
6.19	-1.766135913
6.2	-1.745355954
6.21	-1.723351091
6.22	-1.700151562
6.23	-1.675788283
6.24	-1.650292819
6.25	-1.623697348
6.26	-1.596034631
6.27	-1.567337978
6.28	-1.537641217
6.29	-1.506978658
6.3	-1.475385062
6.31	-1.442895609
6.32	-1.409545862
6.33	-1.375371739
6.34	-1.340409474
6.35	-1.304695587
6.36	-1.268266853
6.37	-1.231160265
6.38	-1.193413006
6.39	-1.155062414
6.4	-1.116145951
6.41	-1.076701168
6.42	-1.036765678
6.43	-0.9963771219
6.44	-0.9555731373
6.45	-0.9143913282
6.46	-0.8728692344
6.47	-0.8310443011
6.48	-0.7889538495
6.49	-0.7466350473
6.5	-0.7041248796
6.51	-0.6614601204
6.52	-0.6186773047
6.53	-0.5758127008
6.54	-0.5329022831
6.55	-0.4899817058
6.56	-0.4470862766
6.57	-0.4042509311
6.58	-0.3615102083
6.59	-0.3188982257
6.6	-0.2764486557
6.61	-0.2341947027
6.62	-0.1921690799
6.63	-0.1504039878
6.64	-0.1089310931
6.65	-0.06778150726
6.66	-0.02698576732
6.67	0.01342618392
6.68	0.05342501639
6.69	0.09298203073
6.7	0.1320691755
6.71	0.170659064
6.72	0.2087249895
6.73	0.2462409413
6.74	0.2831816183
6.75	0.3195224432
6.76	0.3552395751
6.77	0.3903099222
6.78	0.4247111528
6.79	0.4584217062
6.8	0.491420803
6.81	0.5236884541
6.82	0.5552054691
6.83	0.5859534644
6.84	0.6159148703
6.85	0.6450729367
6.86	0.6734117395
6.87	0.700916185
6.88	0.727572014
6.89	0.7533658053
6.9	0.7782849784
6.91	0.8023177953
6.92	0.8254533619
6.93	0.8476816286
6.94	0.86899339
6.95	0.8893802838
6.96	0.9088347899
6.97	0.9273502277
6.98	0.9449207534
6.99	0.9615413563
7	0.977207855
7.01	0.991916892
7.02	1.005665929
7.03	1.01845324
7.04	1.030277905
7.05	1.041139804
7.06	1.051039606
7.07	1.059978764
7.08	1.067959503
7.09	1.074984815
7.1	1.081058442
7.11	1.086184872
7.12	1.090369326
7.13	1.093617742
7.14	1.095936772
7.15	1.097333759
7.16	1.097816732
7.17	1.09739439
7.18	1.096076088
7.19	1.093871821
7.2	1.090792213
7.21	1.0868485
7.22	1.082052515
7.23	1.076416673
7.24	1.069953952
7.25	1.062677883
7.26	1.054602525
7.27	1.045742456
7.28	1.036112752
7.29	1.025728969
7.3	1.014607129
7.31	1.002763699
7.32	0.9902155721
7.33	0.9769800541
7.34	0.9630748413
7.35	0.9485180033
7.36	0.9333279643
7.37	0.917523485
7.38	0.901123643
7.39	0.8841478147
7.4	0.866615656
7.41	0.8485470837
7.42	0.8299622563
7.43	0.8108815553
7.44	0.7913255661
7.45	0.7713150592
7.46	0.7508709711
7.47	0.7300143859
7.48	0.7087665159
7.49	0.6871486837
7.5	0.6651823029
7.51	0.6428888601
7.52	0.6202898963
7.53	0.5974069888
7.54	0.5742617332
7.55	0.5508757253
7.56	0.5272705434
7.57	0.5034677312
7.58	0.4794887799
7.59	0.4553551114
7.6	0.4310880614
7.61	0.4067088626
7.62	0.3822386285
7.63	0.3576983372
7.64	0.3331088156
7.65	0.3084907236
7.66	0.2838645391
7.67	0.2592505428
7.68	0.2346688035
7.69	0.2101391642
7.7	0.1856812273
7.71	0.1613143417
7.72	0.1370575888
7.73	0.1129297699
7.74	0.08894939363
7.75	0.06513466328
7.76	0.04150346524
7.77	0.01807335738
7.78	-0.005138442103
7.79	-0.0281150654
7.8	-0.05084000544
7.81	-0.07329712586
7.82	-0.09547067053
7.83	-0.1173452727
7.84	-0.1389059638
7.85	-0.1601381816
7.86	-0.1810277783
7.87	-0.2015610278
7.88	-0.2217246329
7.89	-0.2415057321
7.9	-0.2608919054
7.91	-0.2798711804
7.92	-0.2984320377
7.93	-0.3165634155
7.94	-0.3342547147
7.95	-0.3514958024
7.96	-0.3682770158
7.97	-0.3845891657
7.98	-0.4004235387
7.99	-0.4157719005
8	-0.430626497
8.01	-0.4449800565
8.02	-0.4588257904
8.03	-0.4721573946
8.04	-0.4849690491
8.05	-0.4972554184
8.06	-0.509011651
8.07	-0.5202333786
8.08	-0.5309167147
8.09	-0.5410582531
8.1	-0.550655066
8.11	-0.5597047014
8.12	-0.5682051807
8.13	-0.5761549955
8.14	-0.5835531038
8.15	-0.5903989267
8.16	-0.5966923443
8.17	-0.6024336906
8.18	-0.6076237493
8.19	-0.6122637487
8.2	-0.6163553559
8.21	-0.6199006711
8.22	-0.622902222
8.23	-0.6253629571
8.24	-0.627286239
8.25	-0.6286758378
8.26	-0.6295359241
8.27	-0.629871061
8.28	-0.6296861968
8.29	-0.6289866575
8.3	-0.6277781379
8.31	-0.6260666937
8.32	-0.6238587329
8.33	-0.6211610072
8.34	-0.6179806027
8.35	-0.6143249308
8.36	-0.6102017192
8.37	-0.6056190023
8.38	-0.6005851111
8.39	-0.5951086641
8.4	-0.5891985571
8.41	-0.5828639529
8.42	-0.5761142714
8.43	-0.5689591794
8.44	-0.5614085797
8.45	-0.5534726015
8.46	-0.5451615888
8.47	-0.5364860907
8.48	-0.5274568501
8.49	-0.5180847933
8.5	-0.508381019
8.51	-0.4983567876
8.52	-0.4880235103
8.53	-0.4773927382
8.54	-0.4664761517
8.55	-0.4552855491
8.56	-0.4438328364
8.57	-0.432130016
8.58	-0.420189176
8.59	-0.4080224794
8.6	-0.3956421536
8.61	-0.3830604794
8.62	-0.3702897808
8.63	-0.3573424141
8.64	-0.3442307574
8.65	-0.3309672006
8.66	-0.3175641349
8.67	-0.3040339427
8.68	-0.2903889872
8.69	-0.276641603
8.7	-0.262804086
8.71	-0.2488886833
8.72	-0.2349075846
8.73	-0.2208729117
8.74	-0.2067967101
8.75	-0.1926909392
8.76	-0.1785674639
8.77	-0.1644380454
8.78	-0.1503143329
8.79	-0.1362078549
8.8	-0.122130011
8.81	-0.1080920641
8.82	-0.09410513199
8.83	-0.08018018032
8.84	-0.06632801459
8.85	-0.05255927312
8.86	-0.03888441996
8.87	-0.02531373801
8.88	-0.01185732243
8.89	0.001474925817
8.9	0.01467330614
8.91	0.02772832426
8.92	0.04063069799
8.93	0.05337136268
8.94	0.06594147655
8.95	0.07833242567
8.96	0.09053582881
8.97	0.102543542
8.98	0.1143476626
8.99	0.1259405341
9	0.1373147488
9.01	0.1484631527
9.02	0.1593788477
9.03	0.1700551956
9.04	0.1804858204
9.05	0.190664611
9.06	0.2005857239
9.07	0.210243585
9.08	0.2196328917
9.09	0.2287486142
9.1	0.2375859974
9.11	0.2461405618
9.12	0.2544081043
9.13	0.2623846993
9.14	0.2700666988
9.15	0.2774507326
9.16	0.2845337087
9.17	0.2913128126
9.18	0.2977855073
9.19	0.3039495321
9.2	0.3098029022
9.21	0.3153439073
9.22	0.3205711104
9.23	0.3254833461
9.24	0.330079719
9.25	0.3343596016
9.26	0.3383226326
9.27	0.3419687137
9.28	0.3452980081
9.29	0.3483109367
9.3	0.351008176
9.31	0.3533906548
9.32	0.3554595507
9.33	0.3572162869
9.34	0.3586625283
9.35	0.3598001781
9.36	0.3606313737
9.37	0.3611584826
9.38	0.361384098
9.39	0.3613110349
9.4	0.360942325
9.41	0.3602812126
9.42	0.3593311493
9.43	0.3580957897
9.44	0.3565789857
9.45	0.3547847821
9.46	0.3527174106
9.47	0.3503812853
9.48	0.3477809964
9.49	0.3449213054
9.5	0.3418071391
9.51	0.3384435842
9.52	0.3348358809
9.53	0.3309894181
9.54	0.3269097264
9.55	0.3226024732
9.56	0.3180734556
9.57	0.3133285955
9.58	0.3083739324
9.59	0.3032156183
9.6	0.2978599106
9.61	0.2923131666
9.62	0.286581837
9.63	0.2806724597
9.64	0.2745916536
9.65	0.2683461125
9.66	0.2619425983
9.67	0.2553879358
9.68	0.2486890053
9.69	0.2418527374
9.7	0.2348861063
9.71	0.2277961235
9.72	0.2205898322
9.73	0.2132743007
9.74	0.2058566169
9.75	0.1983438816
9.76	0.1907432031
9.77	0.1830616911
9.78	0.1753064508
9.79	0.1674845773
9.8	0.1596031496
9.81	0.1516692253
9.82	0.1436898347
9.83	0.1356719754
9.84	0.127622607
9.85	0.1195486459
9.86	0.1114569594
9.87	0.1033543614
9.88	0.09524760686
9.89	0.08714338678
9.9	0.07904832367
9.91	0.07096896656
9.92	0.06291178646
9.93	0.0548831718
9.94	0.04688942399
9.95	0.03893675318
9.96	0.03103127399
9.97	0.02317900151
9.98	0.01538584733
9.99	0.007657615739
10	2.970577881e-16
10.01	-0.007581421189
10.02	-0.01508118714
10.03	-0.02249395848
10.04	-0.02981452033
10.05	-0.03703778532
10.06	-0.04415879652
10.07	-0.0511727302
10.08	-0.05807489846
10.09	-0.06486075172
10.1	-0.07152588109
10.11	-0.07806602055
10.12	-0.08447704907
10.13	-0.09075499255
10.14	-0.09689602556
10.15	-0.1028964731
10.16	-0.1087528119
10.17	-0.1144616722
10.18	-0.1200198386
10.19	-0.1254242512
10.2	-0.1306720069
10.21	-0.1357603598
10.22	-0.1406867222
10.23	-0.1454486649
10.24	-0.1500439178
10.25	-0.1544703703
10.26	-0.1587260709
10.27	-0.1628092279
10.28	-0.1667182087
10.29	-0.17045154
10.3	-0.1740079073
10.31	-0.1773861541
10.32	-0.1805852817
10.33	-0.1836044483
10.34	-0.1864429678
10.35	-0.1891003094
10.36	-0.1915760961
10.37	-0.1938701036
10.38	-0.1959822589
10.39	-0.197912639
10.4	-0.199661469
10.41	-0.2012291209
10.42	-0.2026161116
10.43	-0.203823101
10.44	-0.20485089
10.45	-0.2057004187
10.46	-0.2063727639
10.47	-0.2068691371
10.48	-0.2071908821
10.49	-0.2073394726
10.5	-0.2073165096
10.51	-0.2071237189
10.52	-0.2067629485
10.53	-0.2062361658
10.54	-0.2055454546
10.55	-0.2046930127
10.56	-0.2036811486
10.57	-0.2025122786
10.58	-0.2011889236
10.59	-0.1997137063
10.6	-0.1980893479
10.61	-0.1963186648
10.62	-0.1944045654
10.63	-0.1923500467
10.64	-0.1901581912
10.65	-0.1878321635
10.66	-0.1853752064
10.67	-0.1827906381
10.68	-0.1800818485
10.69	-0.1772522955
10.7	-0.1743055017
10.71	-0.1712450509
10.72	-0.1680745844
10.73	-0.1647977975
10.74	-0.1614184359
10.75	-0.1579402924
10.76	-0.1543672028
10.77	-0.1507030428
10.78	-0.1469517241
10.79	-0.1431171911
10.8	-0.1392034171
10.81	-0.1352144011
10.82	-0.1311541637
10.83	-0.127026744
10.84	-0.1228361963
10.85	-0.118586586
10.86	-0.1142819866
10.87	-0.1099264763
10.88	-0.1055241343
10.89	-0.1010790377
10.9	-0.09659525811
10.91	-0.09207685841
10.92	-0.08752788937
10.93	-0.08295238655
10.94	-0.07835436713
10.95	-0.07373782679
10.96	-0.06910673664
10.97	-0.0644650402
10.98	-0.05981665048
10.99	-0.05516544701
11	-0.05051527306
11.01	-0.0458699328
11.02	-0.04123318857
11.03	-0.03660875824
11.04	-0.03200031258
11.05	-0.02741147272
11.06	-0.02284580769
11.07	-0.01830683199
11.08	-0.01379800324
11.09	-0.009322719961
11.1	-0.004884319316
11.11	-0.0004860750199
11.12	0.003868804728
11.13	0.008177179223
11.14	0.01243597715
11.15	0.01664219844
11.16	0.02079291598
11.17	0.02488527732
11.18	0.02891650625
11.19	0.03288390436
11.2	0.03678485242
11.21	0.04061681176
11.22	0.0443773256
11.23	0.04806402017
11.24	0.05167460589
11.25	0.0552068784
11.26	0.05865871949
11.27	0.06202809801
11.28	0.06531307068
11.29	0.06851178276
11.3	0.07162246876
11.31	0.07464345293
11.32	0.07757314978
11.33	0.0804100645
11.34	0.08315279323
11.35	0.08580002335
11.36	0.08835053364
11.37	0.09080319436
11.38	0.09315696728
11.39	0.09541090561
11.4	0.09756415388
11.41	0.09961594772
11.42	0.1015656136
11.43	0.1034125684
11.44	0.1051563192
11.45	0.1067964624
11.46	0.1083326837
11.47	0.109764757
11.48	0.1110925438
11.49	0.1123159926
11.5	0.1134351382
11.51	0.1144501003
11.52	0.115361083
11.53	0.1161683737
11.54	0.1168723419
11.55	0.1174734382
11.56	0.1179721933
11.57	0.1183692162
11.58	0.1186651936
11.59	0.1188608882
11.6	0.1189571371
11.61	0.118954851
11.62	0.1188550122
11.63	0.1186586732
11.64	0.1183669553
11.65	0.1179810468
11.66	0.1175022015
11.67	0.1169317369
11.68	0.1162710325
11.69	0.1155215283
11.7	0.1146847225
11.71	0.1137621704
11.72	0.1127554817
11.73	0.1116663194
11.74	0.1104963976
11.75	0.1092474795
11.76	0.1079213756
11.77	0.1065199416
11.78	0.1050450767
11.79	0.1034987212
11.8	0.1018828551
11.81	0.1001994953
11.82	0.09845069427
11.83	0.09663853765
11.84	0.09476514229
11.85	0.09283265424
11.86	0.09084324662
11.87	0.08879911768
11.88	0.08670248862
11.89	0.08455560165
11.9	0.08236071788
11.91	0.08012011529
11.92	0.07783608668
11.93	0.07551093769
11.94	0.07314698473
11.95	0.07074655299
11.96	0.06831197445
11.97	0.06584558589
11.98	0.06334972694
11.99	0.06082673813
12	0.05827895894
12.01	0.05570872591
12.02	0.05311837076
12.03	0.0505102185
12.04	0.04788658562
12.05	0.04524977824
12.06	0.04260209035
12.07	0.03994580205
12.08	0.03728317779
12.09	0.0346164647
12.1	0.03194789089
12.11	0.02927966384
12.12	0.02661396877
12.13	0.02395296709
12.14	0.02129879484
12.15	0.01865356121
12.16	0.01601934709
12.17	0.0133982036
12.18	0.01079215073
12.19	0.008203176009
12.2	0.005633233174
12.21	0.003084240907
12.22	0.0005580816176
12.23	-0.001943399746
12.24	-0.004418396836
12.25	-0.006865143002
12.26	-0.009281912344
12.27	-0.01166702073
12.28	-0.01401882674
12.29	-0.01633573263
12.3	-0.01861618515
12.31	-0.02085867644
12.32	-0.02306174475
12.33	-0.02522397524
12.34	-0.02734400063
12.35	-0.02942050186
12.36	-0.03145220872
12.37	-0.03343790035
12.38	-0.03537640581
12.39	-0.03726660451
12.4	-0.03910742661
12.41	-0.04089785347
12.42	-0.04263691786
12.43	-0.04432370437
12.44	-0.04595734952
12.45	-0.04753704205
12.46	-0.04906202302
12.47	-0.05053158592
12.48	-0.05194507672
12.49	-0.0533018939
12.5	-0.05460148842
12.51	-0.05584336362
12.52	-0.05702707515
12.53	-0.05815223077
12.54	-0.0592184902
12.55	-0.06022556483
12.56	-0.0611732175
12.57	-0.06206126211
12.58	-0.06288956335
12.59	-0.06365803623
12.6	-0.06436664571
12.61	-0.06501540617
12.62	-0.06560438097
12.63	-0.06613368187
12.64	-0.06660346845
12.65	-0.06701394754
12.66	-0.06736537256
12.67	-0.06765804283
12.68	-0.06789230292
12.69	-0.06806854184
12.7	-0.06818719237
12.71	-0.06824873018
12.72	-0.06825367308
12.73	-0.06820258014
12.74	-0.06809605085
12.75	-0.06793472418
12.76	-0.06771927771
12.77	-0.06745042667
12.78	-0.06712892296
12.79	-0.06675555422
12.8	-0.06633114278
12.81	-0.06585654464
12.82	-0.06533264849
12.83	-0.06476037457
12.84	-0.06414067368
12.85	-0.06347452604
12.86	-0.06276294024
12.87	-0.06200695209
12.88	-0.0612076235
12.89	-0.0603660414
12.9	-0.05948331654
12.91	-0.05856058237
12.92	-0.05759899389
12.93	-0.05659972647
12.94	-0.0555639747
12.95	-0.05449295119
12.96	-0.05338788544
12.97	-0.05225002263
12.98	-0.05108062245
12.99	-0.04988095794
13	-0.04865231429
13.01	-0.04739598765
13.02	-0.04611328402
13.03	-0.04480551802
13.04	-0.04347401175
13.05	-0.04212009362
13.06	-0.04074509722
13.07	-0.03935036015
13.08	-0.03793722291
13.09	-0.03650702774
13.1	-0.03506111751
13.11	-0.03360083464
13.12	-0.03212751996
13.13	-0.03064251167
13.14	-0.02914714423
13.15	-0.02764274732
13.16	-0.02613064481
13.17	-0.02461215371
13.18	-0.02308858316
13.19	-0.02156123344
13.2	-0.02003139501
13.21	-0.01850034751
13.22	-0.01696935885
13.23	-0.01543968427
13.24	-0.01391256546
13.25	-0.01238922962
13.26	-0.01087088868
13.27	-0.009358738379
13.28	-0.007853957508
13.29	-0.006357707067
13.3	-0.00487112951
13.31	-0.00339534799
13.32	-0.001931465629
13.33	-0.0004805648117
13.34	0.0009562934957
13.35	0.002378070402
13.36	0.003783749725
13.37	0.005172338597
13.38	0.006542868048
13.39	0.007894393564
13.4	0.009225995618
13.41	0.01053678017
13.42	0.01182587917
13.43	0.01309245096
13.44	0.01433568077
13.45	0.01555478106
13.46	0.01674899194
13.47	0.01791758147
13.48	0.01905984602
13.49	0.02017511058
13.5	0.02126272897
13.51	0.02232208413
13.52	0.02335258832
13.53	0.02435368332
13.54	0.0253248406
13.55	0.02626556141
13.56	0.02717537695
13.57	0.02805384845
13.58	0.0289005672
13.59	0.02971515459
13.6	0.03049726216
13.61	0.03124657155
13.62	0.03196279446
13.63	0.03264567262
13.64	0.03329497765
13.65	0.03391051102
13.66	0.03449210385
13.67	0.03503961678
13.68	0.03555293982
13.69	0.03603199208
13.7	0.03647672163
13.71	0.03688710516
13.72	0.03726314781
13.73	0.03760488281
13.74	0.03791237122
13.75	0.03818570157
13.76	0.03842498954
13.77	0.03863037756
13.78	0.03880203448
13.79	0.03894015511
13.8	0.03904495986
13.81	0.03911669426
13.82	0.03915562851
13.83	0.03916205706
13.84	0.03913629805
13.85	0.0390786929
13.86	0.03898960572
13.87	0.03886942286
13.88	0.03871855229
13.89	0.03853742312
13.9	0.038326485
13.91	0.03808620757
13.92	0.03781707985
13.93	0.03751960966
13.94	0.03719432302
13.95	0.03684176353
13.96	0.03646249176
13.97	0.0360570846
13.98	0.03562613466
13.99	0.03517024958
14	0.03469005142
14.01	0.03418617599
14.02	0.03365927221
14.03	0.03311000142
14.04	0.03253903671
14.05	0.0319470623
14.06	0.03133477282
14.07	0.03070287265
14.08	0.03005207525
14.09	0.02938310249
14.1	0.02869668394
14.11	0.02799355626
14.12	0.02727446245
14.13	0.02654015123
14.14	0.02579137636
14.15	0.02502889596
14.16	0.02425347183
14.17	0.02346586883
14.18	0.02266685418
14.19	0.02185719686
14.2	0.02103766689
14.21	0.02020903474
14.22	0.0193720707
14.23	0.01852754419
14.24	0.01767622323
14.25	0.01681887371
14.26	0.0159562589
14.27	0.01508913875
14.28	0.01421826938
14.29	0.01334440244
14.3	0.01246828457
14.31	0.01159065682
14.32	0.01071225411
14.33	0.009833804673
14.34	0.00895602955
14.35	0.008079642046
14.36	0.007205347229
14.37	0.006333841439
14.38	0.005465811797
14.39	0.004601935735
14.4	0.00374288054
14.41	0.002889302902
14.42	0.002041848487
14.43	0.00120115151
14.44	0.0003678343353
14.45	-0.0004574929193
14.46	-0.001274232761
14.47	-0.002081800687
14.48	-0.002879625533
14.49	-0.00366714981
14.5	-0.004443830024
14.51	-0.005209136987
14.52	-0.005962556104
14.53	-0.00670358765
14.54	-0.007431747037
14.55	-0.008146565054
14.56	-0.008847588106
14.57	-0.009534378422
14.58	-0.01020651427
14.59	-0.01086359012
14.6	-0.01150521685
14.61	-0.01213102186
14.62	-0.01274064926
14.63	-0.01333375995
14.64	-0.01391003177
14.65	-0.01446915956
14.66	-0.01501085528
14.67	-0.01553484803
14.68	-0.01604088415
14.69	-0.01652872722
14.7	-0.0169981581
14.71	-0.01744897493
14.72	-0.01788099314
14.73	-0.01829404539
14.74	-0.01868798159
14.75	-0.01906266881
14.76	-0.01941799124
14.77	-0.01975385009
14.78	-0.02007016354
14.79	-0.02036686661
14.8	-0.02064391103
14.81	-0.02090126517
14.82	-0.02113891385
14.83	-0.0213568582
14.84	-0.02155511552
14.85	-0.02173371906
14.86	-0.02189271787
14.87	-0.02203217662
14.88	-0.02215217533
14.89	-0.02225280919
14.9	-0.02233418835
14.91	-0.02239643764
14.92	-0.02243969634
14.93	-0.02246411794
14.94	-0.02246986982
14.95	-0.02245713304
14.96	-0.02242610201
14.97	-0.02237698421
14.98	-0.02230999991
14.99	-0.02222538182
15	-0.02212337481
15.01	-0.02200423557
15.02	-0.02186823231
15.03	-0.02171564438
15.04	-0.02154676197
15.05	-0.02136188573
15.06	-0.02116132647
15.07	-0.02094540473
15.08	-0.0207144505
15.09	-0.0204688028
15.1	-0.02020880932
15.11	-0.01993482608
15.12	-0.01964721701
15.13	-0.01934635362
15.14	-0.01903261458
15.15	-0.01870638535
15.16	-0.01836805781
15.17	-0.01801802986
15.18	-0.01765670504
15.19	-0.01728449215
15.2	-0.01690180482
15.21	-0.01650906121
15.22	-0.01610668352
15.23	-0.01569509768
15.24	-0.01527473291
15.25	-0.0148460214
15.26	-0.01440939784
15.27	-0.01396529912
15.28	-0.01351416389
15.29	-0.01305643223
15.3	-0.01259254524
15.31	-0.01212294467
15.32	-0.01164807258
15.33	-0.01116837094
15.34	-0.01068428131
15.35	-0.01019624441
15.36	-0.009704699861
15.37	-0.009210085755
15.38	-0.008712838356
15.39	-0.008213391745
15.4	-0.007712177485
15.41	-0.007209624299
15.42	-0.00670615774
15.43	-0.006202199876
15.44	-0.005698168979
15.45	-0.005194479218
15.46	-0.004691540362
15.47	-0.004189757487
15.48	-0.00368953069
15.49	-0.003191254809
15.5	-0.002695319156
15.51	-0.002202107247
15.52	-0.00171199655
15.53	-0.00122535823
15.54	-0.0007425569148
15.55	-0.000263950453
15.56	0.0002101103063
15.57	0.0006792817345
15.58	0.001143227632
15.59	0.001601619433
15.6	0.002054136393
15.61	0.002500465781
15.62	0.002940303053
15.63	0.003373352019
15.64	0.003799325007
15.65	0.004217943008
15.66	0.004628935825
15.67	0.005032042203
15.68	0.005427009957
15.69	0.005813596086
15.7	0.006191566882
15.71	0.006560698031
15.72	0.006920774698
15.73	0.007271591617
15.74	0.007612953159
15.75	0.007944673396
15.76	0.008266576159
15.77	0.008578495086
15.78	0.008880273659
15.79	0.009171765235
15.8	0.009452833069
15.81	0.009723350327
15.82	0.00998320009
15.83	0.01023227535
15.84	0.01047047902
15.85	0.01069772386
15.86	0.01091393253
15.87	0.01111903748
15.88	0.01131298095
15.89	0.01149571492
15.9	0.01166720103
15.91	0.01182741053
15.92	0.01197632421
15.93	0.01211393232
15.94	0.01224023448
15.95	0.01235523957
15.96	0.01245896567
15.97	0.01255143993
15.98	0.01263269844
15.99	0.01270278615
16	0.01276175673
16.01	0.01280967241
16.02	0.0128466039
16.03	0.01287263018
16.04	0.01288783843
16.05	0.0128923238
16.06	0.01288618932
16.07	0.01286954568
16.08	0.01284251111
16.09	0.01280521117
16.1	0.0127577786
16.11	0.01270035313
16.12	0.01263308129
16.13	0.01255611624
16.14	0.01246961756
16.15	0.01237375107
16.16	0.01226868861
16.17	0.01215460786
16.18	0.01203169214
16.19	0.01190013017
16.2	0.01176011592
16.21	0.01161184832
16.22	0.01145553112
16.23	0.01129137263
16.24	0.01111958555
16.25	0.01094038667
16.26	0.01075399675
16.27	0.01056064023
16.28	0.01036054502
16.29	0.01015394232
16.3	0.009941066349
16.31	0.009722154136
16.32	0.009497445314
16.33	0.009267181884
16.34	0.009031607992
16.35	0.008790969715
16.36	0.008545514833
16.37	0.008295492611
16.38	0.008041153583
16.39	0.007782749328
16.4	0.007520532258
16.41	0.007254755402
16.42	0.006985672188
16.43	0.006713536238
16.44	0.006438601153
16.45	0.006161120306
16.46	0.005881346638
16.47	0.005599532455
16.48	0.005315929223
16.49	0.005030787377
16.5	0.00474435612
16.51	0.004456883233
16.52	0.004168614889
16.53	0.003879795459
16.54	0.003590667339
16.55	0.003301470764
16.56	0.003012443635
16.57	0.002723821348
16.58	0.002435836623
16.59	0.002148719343
16.6	0.00186269639
16.61	0.001577991494
16.62	0.001294825075
16.63	0.001013414098
16.64	0.0007339719317
16.65	0.0004567082035
16.66	0.00018182867
16.67	-9.046491565e-05
16.68	-0.0003599749289
16.69	-0.0006265079949
16.7	-0.0008898751049
16.71	-0.001149891728
16.72	-0.001406377917
16.73	-0.001659158412
16.74	-0.001908062735
16.75	-0.002152925287
16.76	-0.002393585429
16.77	-0.002629887569
16.78	-0.002861681237
16.79	-0.00308882116
16.8	-0.003311167325
16.81	-0.003528585048
16.82	-0.003740945024
16.83	-0.003948123387
16.84	-0.004150001752
16.85	-0.004346467258
16.86	-0.004537412609
16.87	-0.004722736105
16.88	-0.004902341668
16.89	-0.005076138867
16.9	-0.005244042934
16.91	-0.005405974781
16.92	-0.005561861003
16.93	-0.005711633886
16.94	-0.005855231404
16.95	-0.005992597214
16.96	-0.006123680646
16.97	-0.006248436684
16.98	-0.006366825955
16.99	-0.006478814696
17	-0.006584374734
17.01	-0.006683483446
17.02	-0.006776123728
17.03	-0.006862283952
17.04	-0.00694195792
17.05	-0.007015144817
17.06	-0.007081849158
17.07	-0.007142080729
17.08	-0.007195854529
17.09	-0.007243190705
17.1	-0.007284114484
17.11	-0.007318656101
17.12	-0.007346850726
17.13	-0.007368738386
17.14	-0.007384363882
17.15	-0.007393776706
17.16	-0.007397030956
17.17	-0.007394185239
17.18	-0.007385302586
17.19	-0.007370450352
17.2	-0.007349700118
17.21	-0.00732312759
17.22	-0.007290812499
17.23	-0.007252838491
17.24	-0.007209293023
17.25	-0.00716026725
17.26	-0.007105855916
17.27	-0.007046157242
17.28	-0.006981272806
17.29	-0.006911307431
17.3	-0.006836369063
17.31	-0.006756568655
17.32	-0.006672020042
17.33	-0.006582839824
17.34	-0.006489147237
17.35	-0.006391064034
17.36	-0.006288714357
17.37	-0.006182224612
17.38	-0.006071723346
17.39	-0.005957341115
17.4	-0.005839210359
17.41	-0.005717465276
17.42	-0.005592241694
17.43	-0.005463676942
17.44	-0.005331909724
17.45	-0.005197079988
17.46	-0.005059328807
17.47	-0.004918798241
17.48	-0.004775631219
17.49	-0.004629971411
17.5	-0.004481963102
17.51	-0.004331751066
17.52	-0.004179480445
17.53	-0.004025296628
17.54	-0.003869345122
17.55	-0.00371177144
17.56	-0.003552720976
17.57	-0.003392338889
17.58	-0.003230769986
17.59	-0.003068158606
17.6	-0.002904648509
17.61	-0.00274038276
17.62	-0.00257550362
17.63	-0.002410152438
17.64	-0.002244469545
17.65	-0.002078594146
17.66	-0.001912664219
17.67	-0.001746816417
17.68	-0.001581185961
17.69	-0.001415906551
17.7	-0.001251110268
17.71	-0.001086927484
17.72	-0.0009234867688
17.73	-0.0007609148043
17.74	-0.0005993362999
17.75	-0.000438873909
17.76	-0.0002796481491
17.77	-0.0001217773241
17.78	3.462255055e-05
17.79	0.0001894378205
17.8	0.0003425572621
17.81	0.0004938721492
17.82	0.000643276318
17.83	0.0007906662282
17.84	0.0009359410221
17.85	0.00107900258
17.86	0.001219755575
17.87	0.001358107522
17.88	0.001493968825
17.89	0.001627252823
17.9	0.001757875831
17.91	0.00188575718
17.92	0.002010819253
17.93	0.002132987516
17.94	0.002252190552
17.95	0.002368360087
17.96	0.002481431014
17.97	0.002591341415
17.98	0.002698032581
17.99	0.002801449029
18	0.002901538513
18.01	0.002998252036
18.02	0.003091543858
18.03	0.0031813715
18.04	0.003267695749
18.05	0.003350480654
18.06	0.003429693526
18.07	0.003505304932
18.08	0.003577288684
18.09	0.003645621833
18.1	0.003710284649
18.11	0.003771260613
18.12	0.003828536392
18.13	0.003882101823
18.14	0.003931949884
18.15	0.003978076677
18.16	0.00402048139
18.17	0.004059166277
18.18	0.004094136618
18.19	0.004125400688
18.2	0.00415296972
18.21	0.004176857867
18.22	0.004197082158
18.23	0.00421366246
18.24	0.004226621431
18.25	0.004235984475
18.26	0.004241779691
18.27	0.004244037825
18.28	0.00424279222
18.29	0.004238078761
18.3	0.00422993582
18.31	0.0042184042
18.32	0.004203527077
18.33	0.004185349945
18.34	0.004163920547
18.35	0.004139288824
18.36	0.004111506843
18.37	0.004080628739
18.38	0.004046710647
18.39	0.004009810638
18.4	0.00396998865
18.41	0.003927306422
18.42	0.003881827426
18.43	0.003833616795
18.44	0.003782741255
18.45	0.003729269054
18.46	0.003673269891
18.47	0.003614814845
18.48	0.0035539763
18.49	0.003490827878
18.5	0.003425444361
18.51	0.003357901621
18.52	0.003288276547
18.53	0.003216646968
18.54	0.003143091586
18.55	0.003067689899
18.56	0.002990522128
18.57	0.002911669145
18.58	0.002831212397
18.59	0.00274923384
18.6	0.002665815861
18.61	0.002581041208
18.62	0.002494992918
18.63	0.002407754247
18.64	0.002319408599
18.65	0.002230039456
18.66	0.00213973031
18.67	0.002048564592
18.68	0.001956625605
18.69	0.001863996459
18.7	0.001770760002
18.71	0.001676998757
18.72	0.001582794855
18.73	0.001488229973
18.74	0.001393385272
18.75	0.001298341336
18.76	0.001203178108
18.77	0.001107974835
18.78	0.001012810008
18.79	0.0009177613071
18.8	0.0008229055412
18.81	0.0007283185986
18.82	0.0006340753917
18.83	0.0005402498054
18.84	0.0004469146468
18.85	0.0003541415966
18.86	0.0002620011608
18.87	0.0001705626251
18.88	7.989401011e-05
18.89	-9.937971983e-06
18.9	-9.886795907e-05
18.91	-0.0001868319793
18.92	-0.0002737674896
18.93	-0.000359613413
18.94	-0.000444310174
18.95	-0.0005277997325
18.96	-0.000610025616
18.97	-0.0006909329508
18.98	-0.0007704684903
18.99	-0.0008485806435
19	-0.0009252194998
19.01	-0.001000336854
19.02	-0.001073886229
19.03	-0.001145822895
19.04	-0.001216103892
19.05	-0.001284688043
19.06	-0.001351535976
19.07	-0.001416610133
19.08	-0.001479874783
19.09	-0.001541296038
19.1	-0.001600841858
19.11	-0.001658482059
19.12	-0.001714188323
19.13	-0.001767934197
19.14	-0.001819695103
19.15	-0.001869448331
19.16	-0.001917173048
19.17	-0.001962850292
19.18	-0.002006462965
19.19	-0.002047995838
19.2	-0.002087435535
19.21	-0.002124770534
19.22	-0.002159991151
19.23	-0.002193089535
19.24	-0.002224059652
19.25	-0.002252897274
19.26	-0.002279599967
19.27	-0.002304167069
19.28	-0.002326599677
19.29	-0.00234690063
19.3	-0.002365074486
19.31	-0.002381127502
19.32	-0.002395067613
19.33	-0.002406904408
19.34	-0.002416649106
19.35	-0.00242431453
19.36	-0.002429915082
19.37	-0.002433466714
19.38	-0.002434986899
19.39	-0.002434494603
19.4	-0.002432010256
19.41	-0.002427555715
19.42	-0.002421154239
19.43	-0.002412830452
19.44	-0.002402610307
19.45	-0.002390521058
19.46	-0.002376591218
19.47	-0.00236085053
19.48	-0.002343329921
19.49	-0.002324061475
19.5	-0.002303078387
19.51	-0.002280414932
19.52	-0.002256106419
19.53	-0.002230189156
19.54	-0.00220270041
19.55	-0.002173678366
19.56	-0.002143162086
19.57	-0.00211119147
19.58	-0.002077807213
19.59	-0.002043050765
19.6	-0.002006964291
19.61	-0.001969590624
19.62	-0.001930973229
19.63	-0.001891156158
19.64	-0.001850184009
19.65	-0.001808101883
19.66	-0.001764955344
19.67	-0.001720790375
19.68	-0.001675653337
19.69	-0.001629590927
19.7	-0.001582650135
19.71	-0.001534878207
19.72	-0.001486322598
19.73	-0.001437030935
19.74	-0.001387050974
19.75	-0.001336430562
19.76	-0.001285217593
19.77	-0.001233459972
19.78	-0.001181205574
19.79	-0.001128502205
19.8	-0.001075397563
19.81	-0.001021939201
19.82	-0.0009681744902
19.83	-0.0009141505793
19.84	-0.0008599143621
19.85	-0.0008055124397
19.86	-0.0007509910852
19.87	-0.0006963962095
19.88	-0.0006417733268
19.89	-0.0005871675215
19.9	-0.0005326234152
19.91	-0.0004781851352
19.92	-0.0004238962828
19.93	-0.0003697999027
19.94	-0.0003159384537
19.95	-0.0002623537792
19.96	-0.0002090870794
19.97	-0.0001561788836
19.98	-0.0001036690239
19.99	-5.159660899e-05
20	-4.003119264e-18
20.01	5.108321415e-05
20.02	0.0001016162396
20.03	0.0001515631001
20.04	0.0002008886578
20.05	0.0002495586344
20.06	0.0002975396305
20.07	0.0003447991439
20.08	0.0003913055878
20.09	0.0004370283074
20.1	0.0004819375958
20.11	0.0005260047089
20.12	0.0005692018793
20.13	0.0006115023297
20.14	0.0006528802847
20.15	0.0006933109819
20.16	0.0007327706827
20.17	0.0007712366808
20.18	0.0008086873111
20.19	0.000845101957
20.2	0.0008804610566
20.21	0.0009147461088
20.22	0.0009479396774
20.23	0.000980025395
20.24	0.001010987966
20.25	0.001040813168
20.26	0.001069487853
20.27	0.001096999948
20.28	0.001123338454
20.29	0.001148493443
20.3	0.001172456057
20.31	0.001195218505
20.32	0.001216774057
20.33	0.001237117041
20.34	0.001256242835
20.35	0.001274147862
20.36	0.001290829582
20.37	0.001306286483
20.38	0.001320518073
20.39	0.001333524872
20.4	0.001345308396
20.41	0.001355871151
20.42	0.001365216621
20.43	0.001373349252
20.44	0.00138027444
20.45	0.001385998519
20.46	0.001390528745
20.47	0.001393873281
20.48	0.001396041182
20.49	0.001397042377
20.5	0.001396887654
20.51	0.00139558864
20.52	0.001393157789
20.53	0.001389608354
20.54	0.001384954379
20.55	0.001379210671
20.56	0.001372392784
20.57	0.001364517
20.58	0.001355600304
20.59	0.001345660368
20.6	0.001334715527
20.61	0.001322784758
20.62	0.001309887658
20.63	0.00129604442
20.64	0.001281275814
20.65	0.001265603162
20.66	0.001249048315
20.67	0.001231633632
20.68	0.001213381951
20.69	0.001194316573
20.7	0.001174461232
20.71	0.001153840077
20.72	0.001132477642
20.73	0.001110398825
20.74	0.001087628866
20.75	0.001064193319
20.76	0.001040118031
20.77	0.001015429115
20.78	0.0009901529282
20.79	0.0009643160481
20.8	0.0009379452467
20.81	0.000911067468
20.82	0.0008837098034
20.83	0.0008558994688
20.84	0.0008276637803
20.85	0.0007990301312
20.86	0.0007700259688
20.87	0.000740678771
20.88	0.0007110160238
20.89	0.0006810651986
20.9	0.0006508537295
20.91	0.0006204089918
20.92	0.0005897582795
20.93	0.000558928784
20.94	0.0005279475729
20.95	0.0004968415687
20.96	0.0004656375287
20.97	0.0004343620242
20.98	0.0004030414206
20.99	0.0003717018582
21	0.0003403692326
21.01	0.0003090691761
21.02	0.0002778270392
21.03	0.0002466678727
21.04	0.0002156164101
21.05	0.0001846970504
21.06	0.0001539338414
21.07	0.0001233504636
21.08	9.297021453e-05
21.09	6.281599298e-05
21.1	3.291028468e-05
21.11	3.275147722e-06
21.12	-2.606780121e-05
21.13	-5.509740021e-05
21.14	-8.379295495e-05
21.15	-0.000112134251
21.16	-0.0001401015658
21.17	-0.0001676756796
21.18	-0.0001948378865
21.19	-0.0002215700047
21.2	-0.0002478543859
21.21	-0.0002736739249
21.22	-0.0002990120678
21.23	-0.0003238528205
21.24	-0.0003481807557
21.25	-0.0003719810206
21.26	-0.0003952393429
21.27	-0.0004179420368
21.28	-0.0004400760086
21.29	-0.0004616287611
21.3	-0.0004825883985
21.31	-0.0005029436297
21.32	-0.0005226837718
21.33	-0.0005417987528
21.34	-0.0005602791136
21.35	-0.0005781160099
21.36	-0.000595301213
21.37	-0.0006118271109
21.38	-0.0006276867081
21.39	-0.0006428736251
21.4	-0.0006573820978
21.41	-0.000671206976
21.42	-0.0006843437212
21.43	-0.0006967884049
21.44	-0.0007085377052
21.45	-0.0007195889035
21.46	-0.0007299398811
21.47	-0.0007395891147
21.48	-0.0007485356718
21.49	-0.0007567792055
21.5	-0.000764319949
21.51	-0.0007711587097
21.52	-0.0007772968629
21.53	-0.0007827363447
21.54	-0.0007874796451
21.55	-0.0007915298006
21.56	-0.0007948903857
21.57	-0.0007975655053
21.58	-0.0007995597854
21.59	-0.0008008783647
21.6	-0.0008015268849
21.61	-0.0008015114813
21.62	-0.0008008387726
21.63	-0.000799515851
21.64	-0.0007975502713
21.65	-0.0007949500404
21.66	-0.0007917236061
21.67	-0.0007878798457
21.68	-0.0007834280548
21.69	-0.0007783779349
21.7	-0.0007727395821
21.71	-0.0007665234744
21.72	-0.0007597404593
21.73	-0.0007524017417
21.74	-0.0007445188706
21.75	-0.0007361037266
21.76	-0.0007271685086
21.77	-0.0007177257207
21.78	-0.000707788159
21.79	-0.0006973688981
21.8	-0.0006864812776
21.81	-0.0006751388886
21.82	-0.00066335556
21.83	-0.0006511453447
21.84	-0.0006385225061
21.85	-0.000625501504
21.86	-0.000612096981
21.87	-0.0005983237485
21.88	-0.000584196773
21.89	-0.0005697311624
21.9	-0.0005549421519
21.91	-0.0005398450904
21.92	-0.0005244554267
21.93	-0.000508788696
21.94	-0.0004928605063
21.95	-0.0004766865244
21.96	-0.0004602824632
21.97	-0.0004436640678
21.98	-0.0004268471026
21.99	-0.0004098473377
22	-0.0003926805365
22.01	-0.0003753624426
22.02	-0.0003579087669
22.03	-0.0003403351752
22.04	-0.0003226572758
22.05	-0.0003048906075
22.06	-0.0002870506268
22.07	-0.000269152697
22.08	-0.0002512120759
22.09	-0.0002332439044
22.1	-0.0002152631956
22.11	-0.0001972848231
22.12	-0.000179323511
22.13	-0.0001613938227
22.14	-0.0001435101508
22.15	-0.0001256867068
22.16	-0.0001079375117
22.17	-9.027638571e-05
22.18	-7.271693961e-05
22.19	-5.527256517e-05
22.2	-3.795642656e-05
22.21	-2.078145176e-05
22.22	-3.76032436e-06
22.23	1.309452449e-05
22.24	2.97709237e-05
22.25	4.625696969e-05
22.26	6.254103342e-05
22.27	7.861176729e-05
22.28	9.445811156e-05
22.29	0.0001100693006
22.3	0.0001254348689
22.31	0.0001405446563
22.32	0.0001553888139
22.33	0.0001699578083
22.34	0.000184242427
22.35	0.0001982337822
22.36	0.0002119233154
22.37	0.0002253028003
22.38	0.0002383643474
22.39	0.000251100406
22.4	0.0002635037678
22.41	0.000275567569
22.42	0.0002872852928
22.43	0.0002986507708
22.44	0.0003096581853
22.45	0.0003203020698
22.46	0.0003305773108
22.47	0.0003404791477
22.48	0.0003500031738
22.49	0.0003591453361
22.5	0.000367901935
22.51	0.0003762696243
22.52	0.0003842454099
22.53	0.0003918266488
22.54	0.0003990110483
22.55	0.0004057966638
22.56	0.0004121818972
22.57	0.0004181654948
22.58	0.0004237465446
22.59	0.0004289244742
22.6	0.0004336990473
22.61	0.0004380703609
22.62	0.0004420388419
22.63	0.0004456052433
22.64	0.0004487706404
22.65	0.0004515364267
22.66	0.0004539043099
22.67	0.0004558763067
22.68	0.0004574547387
22.69	0.0004586422272
22.7	0.0004594416882
22.71	0.0004598563267
22.72	0.0004598896317
22.73	0.0004595453702
22.74	0.0004588275815
22.75	0.0004577405709
22.76	0.000456288904
22.77	0.0004544773999
22.78	0.000452311125
22.79	0.0004497953862
22.8	0.0004469357244
22.81	0.0004437379074
22.82	0.0004402079228
22.83	0.0004363519715
22.84	0.0004321764597
22.85	0.0004276879923
22.86	0.0004228933649
22.87	0.0004177995567
22.88	0.0004124137231
22.89	0.0004067431875
22.9	0.0004007954342
22.91	0.0003945781003
22.92	0.0003880989681
22.93	0.0003813659571
22.94	0.0003743871166
22.95	0.0003671706169
22.96	0.0003597247425
22.97	0.0003520578832
22.98	0.0003441785268
22.99	0.0003360952509
23	0.000327816715
23.01	0.0003193516528
23.02	0.0003107088637
23.03	0.0003018972057
23.04	0.000292925587
23.05	0.0002838029584
23.06	0.0002745383055
23.07	0.0002651406411
23.08	0.0002556189973
23.09	0.000245982418
23.1	0.0002362399515
23.11	0.0002264006429
23.12	0.0002164735267
23.13	0.0002064676195
23.14	0.000196391913
23.15	0.0001862553664
23.16	0.0001760668998
23.17	0.0001658353872
23.18	0.0001555696496
23.19	0.0001452784482
23.2	0.0001349704779
23.21	0.000124654361
23.22	0.0001143386406
23.23	0.0001040317743
23.24	9.374212866e-05
23.25	8.347797253e-05
23.26	7.324747173e-05
23.27	6.305868318e-05
23.28	5.291954942e-05
23.29	4.283789325e-05
23.3	3.282141246e-05
23.31	2.28776748e-05
23.32	1.301411304e-05
23.33	3.238020231e-06
23.34	-6.44345489e-06
23.35	-1.602331233e-05
23.36	-2.54947051e-05
23.37	-3.485094333e-05
23.38	-4.408549813e-05
23.39	-5.319200543e-05
23.4	-6.216426949e-05
23.41	-7.099626636e-05
23.42	-7.968214706e-05
23.43	-8.821624068e-05
23.44	-9.659305724e-05
23.45	-0.0001048072904
23.46	-0.00011285382
23.47	-0.0001207277143
23.48	-0.0001284242323
23.49	-0.0001359388258
23.5	-0.0001432671408
23.51	-0.0001504050198
23.52	-0.0001573485024
23.53	-0.0001640938275
23.54	-0.0001706374337
23.55	-0.0001769759607
23.56	-0.0001831062496
23.57	-0.000189025344
23.58	-0.00019473049
23.59	-0.0002002191367
23.6	-0.0002054889361
23.61	-0.000210537743
23.62	-0.000215363615
23.63	-0.0002199648118
23.64	-0.0002243397948
23.65	-0.000228487226
23.66	-0.0002324059676
23.67	-0.0002360950807
23.68	-0.0002395538242
23.69	-0.0002427816529
23.7	-0.000245778217
23.71	-0.0002485433595
23.72	-0.000251077115
23.73	-0.0002533797073
23.74	-0.0002554515479
23.75	-0.0002572932333
23.76	-0.0002589055429
23.77	-0.0002602894365
23.78	-0.0002614460518
23.79	-0.0002623767013
23.8	-0.0002630828701
23.81	-0.0002635662127
23.82	-0.0002638285496
23.83	-0.0002638718648
23.84	-0.000263698302
23.85	-0.0002633101615
23.86	-0.0002627098969
23.87	-0.0002619001111
23.88	-0.0002608835532
23.89	-0.0002596631145
23.9	-0.0002582418246
23.91	-0.000256622848
23.92	-0.0002548094797
23.93	-0.0002528051413
23.94	-0.0002506133771
23.95	-0.00024823785
23.96	-0.0002456823369
23.97	-0.000242950725
23.98	-0.0002400470071
23.99	-0.0002369752776
24	-0.0002337397278
24.01	-0.0002303446419
24.02	-0.0002267943922
24.03	-0.0002230934347
24.04	-0.0002192463048
24.05	-0.0002152576126
24.06	-0.0002111320385
24.07	-0.0002068743287
24.08	-0.0002024892903
24.09	-0.0001979817872
24.1	-0.0001933567354
24.11	-0.0001886190984
24.12	-0.0001837738824
24.13	-0.0001788261324
24.14	-0.000173780927
24.15	-0.0001686433744
24.16	-0.0001634186077
24.17	-0.0001581117804
24.18	-0.0001527280621
24.19	-0.000147272634
24.2	-0.0001417506845
24.21	-0.000136167405
24.22	-0.0001305279856
24.23	-0.0001248376108
24.24	-0.0001191014552
24.25	-0.0001133246796
24.26	-0.0001075124267
24.27	-0.0001016698172
24.28	-9.580194552e-05
24.29	-8.991387641e-05
24.3	-8.401064062e-05
24.31	-7.809723135e-05
24.32	-7.217860042e-05
24.33	-6.625965468e-05
24.34	-6.034525243e-05
24.35	-5.444019987e-05
24.36	-4.854924774e-05
24.37	-4.267708792e-05
24.38	-3.682835019e-05
24.39	-3.100759908e-05
24.4	-2.52193307e-05
24.41	-1.946796982e-05
24.42	-1.375786688e-05
24.43	-8.09329521e-06
24.44	-2.478448256e-06
24.45	3.082563043e-06
24.46	8.585712811e-06
24.47	1.402706269e-05
24.48	1.940276422e-05
24.49	2.470906105e-05
24.5	2.994229118e-05
24.51	3.509888893e-05
24.52	4.017538701e-05
24.53	4.516841829e-05
24.54	5.007471765e-05
24.55	5.489112356e-05
24.56	5.961457972e-05
24.57	6.424213648e-05
24.58	6.877095217e-05
24.59	7.319829444e-05
24.6	7.752154132e-05
24.61	8.173818233e-05
24.62	8.584581944e-05
24.63	8.984216785e-05
24.64	9.372505682e-05
24.65	9.749243026e-05
24.66	0.0001011423473
24.67	0.0001046729827
24.68	0.0001080826272
24.69	0.000111369688
24.7	0.0001145326884
24.71	0.0001175702683
24.72	0.000120481184
24.73	0.0001232643082
24.74	0.0001259186295
24.75	0.0001284432521
24.76	0.0001308373958
24.77	0.000133100395
24.78	0.0001352316982
24.79	0.0001372308677
24.8	0.0001390975784
24.81	0.0001408316169
24.82	0.0001424328811
24.83	0.0001439013786
24.84	0.0001452372259
24.85	0.0001464406471
24.86	0.0001475119727
24.87	0.0001484516383
24.88	0.0001492601833
24.89	0.0001499382489
24.9	0.0001504865774
24.91	0.0001509060098
24.92	0.0001511974846
24.93	0.000151362036
24.94	0.0001514007919
24.95	0.0001513149722
24.96	0.0001511058867
24.97	0.0001507749336
24.98	0.0001503235969
24.99	0.0001497534447
25	0.0001490661269
25.01	0.000148263373
25.02	0.0001473469903
25.03	0.0001463188609
25.04	0.0001451809401
25.05	0.0001439352539
25.06	0.0001425838962
25.07	0.000141129027
25.08	0.0001395728696
25.09	0.0001379177084
25.1	0.0001361658861
25.11	0.0001343198016
25.12	0.0001323819069
25.13	0.0001303547053
25.14	0.0001282407483
25.15	0.000126042633
25.16	0.000123763
25.17	0.0001214045302
25.18	0.0001189699428
25.19	0.000116461992
25.2	0.0001138834651
25.21	0.0001112371794
25.22	0.0001085259799
25.23	0.0001057527363
25.24	0.0001029203408
25.25	0.0001000317053
25.26	9.708975894e-05
25.27	9.409744529e-05
25.28	9.105772005e-05
25.29	8.797354838e-05
25.3	8.484790239e-05
25.31	8.168375865e-05
25.32	7.848409568e-05
25.33	7.525189149e-05
25.34	7.199012117e-05
25.35	6.870175444e-05
25.36	6.53897533e-05
25.37	6.205706967e-05
25.38	5.870664306e-05
25.39	5.534139826e-05
25.4	5.196424314e-05
25.41	4.857806641e-05
25.42	4.518573542e-05
25.43	4.179009404e-05
25.44	3.839396057e-05
25.45	3.500012566e-05
25.46	3.16113503e-05
25.47	2.823036389e-05
25.48	2.485986224e-05
25.49	2.150250577e-05
25.5	1.816091762e-05
25.51	1.483768192e-05
25.52	1.153534202e-05
25.53	8.256398812e-06
25.54	5.003309136e-06
25.55	1.778484163e-06
25.56	-1.415712108e-06
25.57	-4.576964324e-06
25.58	-7.703007195e-06
25.59	-1.079162685e-05
25.6	-1.384066214e-05
25.61	-1.684800591e-05
25.62	-1.981160613e-05
25.63	-2.272946712e-05
25.64	-2.559965053e-05
25.65	-2.842027643e-05
25.66	-3.118952425e-05
25.67	-3.390563366e-05
25.68	-3.656690546e-05
25.69	-3.91717023e-05
25.7	-4.17184495e-05
25.71	-4.420563561e-05
25.72	-4.663181311e-05
25.73	-4.899559892e-05
25.74	-5.129567489e-05
25.75	-5.353078827e-05
25.76	-5.569975202e-05
25.77	-5.780144522e-05
25.78	-5.983481325e-05
25.79	-6.179886804e-05
25.8	-6.369268821e-05
25.81	-6.551541916e-05
25.82	-6.726627309e-05
25.83	-6.894452902e-05
25.84	-7.054953268e-05
25.85	-7.20806964e-05
25.86	-7.353749893e-05
25.87	-7.49194852e-05
25.88	-7.622626603e-05
25.89	-7.745751783e-05
25.9	-7.861298214e-05
25.91	-7.969246528e-05
25.92	-8.069583779e-05
25.93	-8.162303395e-05
25.94	-8.247405118e-05
25.95	-8.324894939e-05
25.96	-8.394785037e-05
25.97	-8.4570937e-05
25.98	-8.511845255e-05
25.99	-8.559069985e-05
26	-8.598804046e-05
26.01	-8.631089379e-05
26.02	-8.655973616e-05
26.03	-8.673509989e-05
26.04	-8.683757226e-05
26.05	-8.686779447e-05
26.06	-8.682646066e-05
26.07	-8.671431671e-05
26.08	-8.653215919e-05
26.09	-8.628083417e-05
26.1	-8.596123602e-05
26.11	-8.557430623e-05
26.12	-8.512103216e-05
26.13	-8.460244575e-05
26.14	-8.401962224e-05
26.15	-8.337367889e-05
26.16	-8.26657736e-05
26.17	-8.189710357e-05
26.18	-8.106890394e-05
26.19	-8.018244639e-05
26.2	-7.923903774e-05
26.21	-7.824001851e-05
26.22	-7.71867615e-05
26.23	-7.608067035e-05
26.24	-7.492317806e-05
26.25	-7.371574555e-05
26.26	-7.245986014e-05
26.27	-7.115703413e-05
26.28	-6.980880325e-05
26.29	-6.841672521e-05
26.3	-6.698237817e-05
26.31	-6.550735928e-05
26.32	-6.399328315e-05
26.33	-6.244178036e-05
26.34	-6.085449597e-05
26.35	-5.923308801e-05
26.36	-5.757922602e-05
26.37	-5.589458955e-05
26.38	-5.418086665e-05
26.39	-5.243975248e-05
26.4	-5.067294776e-05
26.41	-4.888215739e-05
26.42	-4.706908896e-05
26.43	-4.523545135e-05
26.44	-4.338295332e-05
26.45	-4.151330208e-05
26.46	-3.962820193e-05
26.47	-3.77293529e-05
26.48	-3.581844935e-05
26.49	-3.389717871e-05
26.5	-3.196722008e-05
26.51	-3.003024301e-05
26.52	-2.808790618e-05
26.53	-2.614185617e-05
26.54	-2.419372622e-05
26.55	-2.224513503e-05
26.56	-2.029768555e-05
26.57	-1.835296388e-05
26.58	-1.641253807e-05
26.59	-1.447795705e-05
26.6	-1.255074955e-05
26.61	-1.063242305e-05
26.62	-8.724462728e-06
26.63	-6.828330484e-06
26.64	-4.945463974e-06
26.65	-3.077275669e-06
26.66	-1.225151941e-06
26.67	6.095478069e-07
26.68	2.425491992e-06
26.69	4.221377664e-06
26.7	5.995931293e-06
26.71	7.747909517e-06
26.72	9.476099864e-06
26.73	1.117932144e-05
26.74	1.285642558e-05
26.75	1.450629648e-05
26.76	1.612785176e-05
26.77	1.772004305e-05
26.78	1.92818565e-05
26.79	2.081231326e-05
26.8	2.231046994e-05
26.81	2.377541903e-05
26.82	2.52062893e-05
26.83	2.660224613e-05
26.84	2.796249185e-05
26.85	2.928626602e-05
26.86	3.057284568e-05
26.87	3.182154557e-05
26.88	3.303171833e-05
26.89	3.420275465e-05
26.9	3.533408335e-05
26.91	3.642517155e-05
26.92	3.747552465e-05
26.93	3.84846864e-05
26.94	3.945223887e-05
26.95	4.037780242e-05
26.96	4.126103563e-05
26.97	4.210163521e-05
26.98	4.289933584e-05
26.99	4.365391004e-05
27	4.436516798e-05
27.01	4.503295723e-05
27.02	4.565716254e-05
27.03	4.623770556e-05
27.04	4.677454453e-05
27.05	4.726767397e-05
27.06	4.771712428e-05
27.07	4.812296142e-05
27.08	4.848528643e-05
27.09	4.880423508e-05
27.1	4.907997733e-05
27.11	4.931271691e-05
27.12	4.95026908e-05
27.13	4.965016869e-05
27.14	4.975545246e-05
27.15	4.981887557e-05
27.16	4.984080253e-05
27.17	4.982162824e-05
27.18	4.97617774e-05
27.19	4.966170383e-05
27.2	4.952188985e-05
27.21	4.934284557e-05
27.22	4.91251082e-05
27.23	4.886924135e-05
27.24	4.857583429e-05
27.25	4.824550123e-05
27.26	4.787888055e-05
27.27	4.747663404e-05
27.28	4.703944615e-05
27.29	4.656802316e-05
27.3	4.606309241e-05
27.31	4.552540149e-05
27.32	4.495571742e-05
27.33	4.435482584e-05
27.34	4.372353015e-05
27.35	4.306265073e-05
27.36	4.237302403e-05
27.37	4.165550178e-05
27.38	4.09109501e-05
27.39	4.014024869e-05
27.4	3.934428991e-05
27.41	3.8523978e-05
27.42	3.768022814e-05
27.43	3.681396566e-05
27.44	3.592612512e-05
27.45	3.501764951e-05
27.46	3.408948935e-05
27.47	3.314260184e-05
27.48	3.217795004e-05
27.49	3.119650198e-05
27.5	3.019922983e-05
27.51	2.918710909e-05
27.52	2.816111773e-05
27.53	2.712223533e-05
27.54	2.607144235e-05
27.55	2.500971923e-05
27.56	2.393804564e-05
27.57	2.285739964e-05
27.58	2.176875693e-05
27.59	2.067309008e-05
27.6	1.957136771e-05
27.61	1.846455379e-05
27.62	1.735360689e-05
27.63	1.623947939e-05
27.64	1.512311683e-05
27.65	1.400545719e-05
27.66	1.288743014e-05
27.67	1.176995643e-05
27.68	1.06539472e-05
27.69	9.540303294e-06
27.7	8.429914678e-06
27.71	7.323659781e-06
27.72	6.222404903e-06
27.73	5.127003622e-06
27.74	4.038296223e-06
27.75	2.957109138e-06
27.76	1.884254407e-06
27.77	8.205291557e-07
27.78	-2.332849106e-07
27.79	-1.276421994e-06
27.8	-2.308132676e-06
27.81	-3.327684366e-06
27.82	-4.334361737e-06
27.83	-5.32746714e-06
27.84	-6.306321001e-06
27.85	-7.270262198e-06
27.86	-8.21864842e-06
27.87	-9.150856504e-06
27.88	-1.006628276e-05
27.89	-1.096434327e-05
27.9	-1.184447418e-05
27.91	-1.270613193e-05
27.92	-1.354879355e-05
27.93	-1.437195683e-05
27.94	-1.517514057e-05
27.95	-1.595788474e-05
27.96	-1.671975065e-05
27.97	-1.746032111e-05
27.98	-1.817920053e-05
27.99	-1.887601508e-05
28	-1.955041272e-05
28.01	-2.020206331e-05
28.02	-2.083065866e-05
28.03	-2.143591255e-05
28.04	-2.201756076e-05
28.05	-2.257536107e-05
28.06	-2.31090932e-05
28.07	-2.361855885e-05
28.08	-2.410358156e-05
28.09	-2.456400669e-05
28.1	-2.499970132e-05
28.11	-2.541055413e-05
28.12	-2.57964753e-05
28.13	-2.615739633e-05
28.14	-2.649326992e-05
28.15	-2.680406981e-05
28.16	-2.708979052e-05
28.17	-2.735044724e-05
28.18	-2.758607554e-05
28.19	-2.779673119e-05
28.2	-2.798248987e-05
28.21	-2.814344693e-05
28.22	-2.827971713e-05
28.23	-2.839143433e-05
28.24	-2.847875119e-05
28.25	-2.854183888e-05
28.26	-2.858088674e-05
28.27	-2.859610193e-05
28.28	-2.858770911e-05
28.29	-2.855595007e-05
28.3	-2.850108337e-05
28.31	-2.842338392e-05
28.32	-2.832314266e-05
28.33	-2.82006661e-05
28.34	-2.805627596e-05
28.35	-2.789030871e-05
28.36	-2.770311519e-05
28.37	-2.749506017e-05
28.38	-2.726652186e-05
28.39	-2.701789155e-05
28.4	-2.674957311e-05
28.41	-2.646198252e-05
28.42	-2.615554746e-05
28.43	-2.583070678e-05
28.44	-2.548791009e-05
28.45	-2.512761723e-05
28.46	-2.475029784e-05
28.47	-2.435643084e-05
28.48	-2.394650395e-05
28.49	-2.352101323e-05
28.5	-2.308046256e-05
28.51	-2.262536315e-05
28.52	-2.215623309e-05
28.53	-2.167359678e-05
28.54	-2.117798452e-05
28.55	-2.066993195e-05
28.56	-2.01499796e-05
28.57	-1.961867238e-05
28.58	-1.907655908e-05
28.59	-1.852419191e-05
28.6	-1.796212598e-05
28.61	-1.739091886e-05
28.62	-1.681113004e-05
28.63	-1.62233205e-05
28.64	-1.562805221e-05
28.65	-1.502588766e-05
28.66	-1.441738942e-05
28.67	-1.380311964e-05
28.68	-1.318363962e-05
28.69	-1.255950935e-05
28.7	-1.193128704e-05
28.71	-1.129952874e-05
28.72	-1.066478784e-05
28.73	-1.002761468e-05
28.74	-9.388556113e-06
28.75	-8.748155106e-06
28.76	-8.106950319e-06
28.77	-7.465475713e-06
28.78	-6.824260157e-06
28.79	-6.183827045e-06
28.8	-5.544693922e-06
28.81	-4.907372116e-06
28.82	-4.272366383e-06
28.83	-3.640174555e-06
28.84	-3.011287204e-06
28.85	-2.386187308e-06
28.86	-1.765349935e-06
28.87	-1.149241928e-06
28.88	-5.383216057e-07
28.89	6.69615285e-08
28.9	6.661670681e-07
28.91	1.258863974e-06
28.92	1.844630835e-06
28.93	2.423056117e-06
28.94	2.993738404e-06
28.95	3.556286624e-06
28.96	4.110320269e-06
28.97	4.655469602e-06
28.98	5.191375852e-06
28.99	5.7176914e-06
29	6.234079952e-06
29.01	6.740216704e-06
29.02	7.235788493e-06
29.03	7.720493937e-06
29.04	8.194043568e-06
29.05	8.656159947e-06
29.06	9.106577777e-06
29.07	9.545043993e-06
29.08	9.971317854e-06
29.09	1.038517102e-05
29.1	1.078638759e-05
29.11	1.117476422e-05
29.12	1.155011007e-05
29.13	1.191224692e-05
29.14	1.226100916e-05
29.15	1.259624377e-05
29.16	1.291781039e-05
29.17	1.322558123e-05
29.18	1.351944111e-05
29.19	1.379928741e-05
29.2	1.406503e-05
29.21	1.431659124e-05
29.22	1.45539059e-05
29.23	1.477692105e-05
29.24	1.498559606e-05
29.25	1.517990243e-05
29.26	1.535982376e-05
29.27	1.552535559e-05
29.28	1.567650531e-05
29.29	1.581329206e-05
29.3	1.593574654e-05
29.31	1.604391091e-05
29.32	1.613783864e-05
29.33	1.621759433e-05
29.34	1.628325359e-05
29.35	1.633490281e-05
29.36	1.637263904e-05
29.37	1.639656974e-05
29.38	1.640681267e-05
29.39	1.640349561e-05
29.4	1.63867562e-05
29.41	1.635674175e-05
29.42	1.631360894e-05
29.43	1.62575237e-05
29.44	1.618866091e-05
29.45	1.610720419e-05
29.46	1.601334567e-05
29.47	1.590728574e-05
29.48	1.578923281e-05
29.49	1.565940304e-05
29.5	1.551802011e-05
29.51	1.536531495e-05
29.52	1.520152548e-05
29.53	1.502689633e-05
29.54	1.484167862e-05
29.55	1.464612962e-05
29.56	1.444051255e-05
29.57	1.422509623e-05
29.58	1.400015487e-05
29.59	1.376596777e-05
29.6	1.352281902e-05
29.61	1.327099723e-05
29.62	1.301079527e-05
29.63	1.274250996e-05
29.64	1.246644179e-05
29.65	1.218289466e-05
29.66	1.189217557e-05
29.67	1.159459435e-05
29.68	1.129046337e-05
29.69	1.098009729e-05
29.7	1.066381273e-05
29.71	1.034192801e-05
29.72	1.001476289e-05
29.73	9.682638274e-06
29.74	9.345875948e-06
29.75	9.004798292e-06
29.76	8.659728022e-06
29.77	8.310987916e-06
29.78	7.958900553e-06
29.79	7.603788045e-06
29.8	7.245971783e-06
29.81	6.885772176e-06
29.82	6.523508401e-06
29.83	6.159498152e-06
29.84	5.794057396e-06
29.85	5.427500126e-06
29.86	5.060138129e-06
29.87	4.69228075e-06
29.88	4.324234662e-06
29.89	3.956303639e-06
29.9	3.588788342e-06
29.91	3.221986097e-06
29.92	2.856190687e-06
29.93	2.491692145e-06
29.94	2.128776556e-06
29.95	1.767725859e-06
29.96	1.408817659e-06
29.97	1.05232504e-06
29.98	6.985163882e-07
29.99	3.476552167e-07
30	8.393054248e-20
