temps	angle
0	0
0.01	0.5469925905
0.02	1.088265706
0.03	1.623602342
0.04	2.152790658
0.05	2.675624032
0.06	3.191901116
0.07	3.701425881
0.08	4.204007667
0.09	4.699461223
0.1	5.187606749
0.11	5.668269935
0.12	6.141281988
0.13	6.606479668
0.14	7.063705315
0.15	7.512806871
0.16	7.953637901
0.17	8.386057615
0.18	8.809930877
0.19	9.225128224
0.2	9.631525871
0.21	10.02900572
0.22	10.41745535
0.23	10.79676804
0.24	11.16684275
0.25	11.52758412
0.26	11.87890248
0.27	12.22071378
0.28	12.55293966
0.29	12.87550736
0.3	13.18834975
0.31	13.49140528
0.32	13.78461797
0.33	14.06793738
0.34	14.34131856
0.35	14.60472207
0.36	14.85811389
0.37	15.1014654
0.38	15.33475335
0.39	15.55795983
0.4	15.77107219
0.41	15.97408302
0.42	16.16699011
0.43	16.34979635
0.44	16.52250976
0.45	16.68514335
0.46	16.83771511
0.47	16.98024795
0.48	17.11276964
0.49	17.23531272
0.5	17.34791447
0.51	17.45061682
0.52	17.5434663
0.53	17.62651396
0.54	17.6998153
0.55	17.76343022
0.56	17.81742288
0.57	17.86186173
0.58	17.89681932
0.59	17.92237231
0.6	17.93860135
0.61	17.94559099
0.62	17.94342964
0.63	17.93220944
0.64	17.91202621
0.65	17.88297934
0.66	17.84517172
0.67	17.79870967
0.68	17.74370281
0.69	17.68026399
0.7	17.60850922
0.71	17.52855755
0.72	17.44053101
0.73	17.34455449
0.74	17.24075566
0.75	17.12926488
0.76	17.01021511
0.77	16.88374181
0.78	16.74998285
0.79	16.6090784
0.8	16.46117088
0.81	16.30640481
0.82	16.14492676
0.83	15.97688522
0.84	15.80243055
0.85	15.62171485
0.86	15.43489185
0.87	15.24211688
0.88	15.04354671
0.89	14.83933948
0.9	14.62965464
0.91	14.41465279
0.92	14.19449565
0.93	13.96934592
0.94	13.73936721
0.95	13.50472396
0.96	13.26558132
0.97	13.02210509
0.98	12.77446158
0.99	12.5228176
1	12.26734028
1.01	12.00819707
1.02	11.74555557
1.03	11.4795835
1.04	11.2104486
1.05	10.93831855
1.06	10.66336084
1.07	10.38574277
1.08	10.10563129
1.09	9.823192969
1.1	9.538593883
1.11	9.251999555
1.12	8.963574872
1.13	8.673484004
1.14	8.381890333
1.15	8.088956373
1.16	7.794843701
1.17	7.499712883
1.18	7.203723402
1.19	6.907033589
1.2	6.609800552
1.21	6.312180114
1.22	6.014326741
1.23	5.716393481
1.24	5.418531899
1.25	5.120892017
1.26	4.82362225
1.27	4.526869351
1.28	4.23077835
1.29	3.935492499
1.3	3.641153217
1.31	3.347900037
1.32	3.055870555
1.33	2.765200378
1.34	2.476023076
1.35	2.188470132
1.36	1.902670903
1.37	1.618752569
1.38	1.336840092
1.39	1.057056177
1.4	0.7795212304
1.41	0.5043533223
1.42	0.2316681504
1.43	-0.03842099542
1.44	-0.3058032662
1.45	-0.5703702859
1.46	-0.8320161812
1.47	-1.090637611
1.48	-1.346133792
1.49	-1.598406527
1.5	-1.847360225
1.51	-2.092901927
1.52	-2.334941326
1.53	-2.573390785
1.54	-2.808165356
1.55	-3.039182796
1.56	-3.266363581
1.57	-3.489630922
1.58	-3.708910772
1.59	-3.92413184
1.6	-4.135225598
1.61	-4.342126288
1.62	-4.544770929
1.63	-4.74309932
1.64	-4.937054043
1.65	-5.126580466
1.66	-5.31162674
1.67	-5.492143799
1.68	-5.66808536
1.69	-5.839407912
1.7	-6.006070717
1.71	-6.168035801
1.72	-6.325267941
1.73	-6.477734666
1.74	-6.625406234
1.75	-6.768255628
1.76	-6.90625854
1.77	-7.039393356
1.78	-7.167641142
1.79	-7.290985624
1.8	-7.40941317
1.81	-7.522912776
1.82	-7.631476037
1.83	-7.735097133
1.84	-7.8337728
1.85	-7.927502311
1.86	-8.016287449
1.87	-8.100132482
1.88	-8.179044133
1.89	-8.253031558
1.9	-8.322106311
1.91	-8.386282319
1.92	-8.445575849
1.93	-8.500005476
1.94	-8.549592052
1.95	-8.594358674
1.96	-8.634330646
1.97	-8.669535447
1.98	-8.700002697
1.99	-8.725764117
2	-8.746853493
2.01	-8.763306642
2.02	-8.775161367
2.03	-8.782457426
2.04	-8.785236485
2.05	-8.783542082
2.06	-8.777419588
2.07	-8.76691616
2.08	-8.752080705
2.09	-8.732963835
2.1	-8.709617825
2.11	-8.682096569
2.12	-8.65045554
2.13	-8.614751742
2.14	-8.575043668
2.15	-8.531391256
2.16	-8.483855843
2.17	-8.432500122
2.18	-8.377388093
2.19	-8.318585023
2.2	-8.256157394
2.21	-8.190172866
2.22	-8.120700219
2.23	-8.04780932
2.24	-7.971571066
2.25	-7.892057346
2.26	-7.809340989
2.27	-7.723495721
2.28	-7.634596117
2.29	-7.542717556
2.3	-7.447936176
2.31	-7.350328825
2.32	-7.249973015
2.33	-7.14694688
2.34	-7.041329127
2.35	-6.933198992
2.36	-6.822636192
2.37	-6.709720885
2.38	-6.594533619
2.39	-6.477155291
2.4	-6.357667103
2.41	-6.236150516
2.42	-6.112687207
2.43	-5.987359024
2.44	-5.860247948
2.45	-5.731436043
2.46	-5.601005418
2.47	-5.469038186
2.48	-5.335616417
2.49	-5.200822104
2.5	-5.064737118
2.51	-4.927443166
2.52	-4.789021756
2.53	-4.649554157
2.54	-4.509121355
2.55	-4.367804021
2.56	-4.225682471
2.57	-4.082836628
2.58	-3.939345987
2.59	-3.795289578
2.6	-3.65074593
2.61	-3.505793039
2.62	-3.36050833
2.63	-3.214968628
2.64	-3.069250121
2.65	-2.923428329
2.66	-2.777578074
2.67	-2.631773447
2.68	-2.486087779
2.69	-2.340593612
2.7	-2.195362668
2.71	-2.050465823
2.72	-1.905973078
2.73	-1.761953533
2.74	-1.618475362
2.75	-1.475605786
2.76	-1.333411049
2.77	-1.191956394
2.78	-1.051306042
2.79	-0.9115231657
2.8	-0.7726698719
2.81	-0.6348071784
2.82	-0.4979949946
2.83	-0.362292102
2.84	-0.2277561363
2.85	-0.09444356869
2.86	0.03759031027
2.87	0.1682914074
2.88	0.2976068423
2.89	0.4254849618
2.9	0.5518753542
2.91	0.6767288621
2.92	0.7999975951
2.93	0.9216349412
2.94	1.041595578
2.95	1.159835482
2.96	1.27631194
2.97	1.390983554
2.98	1.503810253
2.99	1.614753297
3	1.723775286
3.01	1.830840164
3.02	1.935913224
3.03	2.038961111
3.04	2.139951829
3.05	2.238854741
3.06	2.335640569
3.07	2.430281401
3.08	2.522750686
3.09	2.613023236
3.1	2.701075227
3.11	2.786884195
3.12	2.870429034
3.13	2.951689994
3.14	3.030648678
3.15	3.107288036
3.16	3.181592362
3.17	3.253547289
3.18	3.32313978
3.19	3.390358123
3.2	3.455191927
3.21	3.517632108
3.22	3.577670886
3.23	3.63530177
3.24	3.690519557
3.25	3.743320313
3.26	3.793701369
3.27	3.841661304
3.28	3.887199941
3.29	3.930318325
3.3	3.971018718
3.31	4.009304583
3.32	4.045180571
3.33	4.078652505
3.34	4.109727366
3.35	4.138413282
3.36	4.164719504
3.37	4.1886564
3.38	4.210235432
3.39	4.229469139
3.4	4.246371126
3.41	4.260956039
3.42	4.273239554
3.43	4.283238354
3.44	4.290970111
3.45	4.296453471
3.46	4.299708031
3.47	4.300754321
3.48	4.299613784
3.49	4.296308755
3.5	4.290862446
3.51	4.283298918
3.52	4.273643065
3.53	4.261920593
3.54	4.248157997
3.55	4.232382542
3.56	4.214622238
3.57	4.194905824
3.58	4.17326274
3.59	4.149723109
3.6	4.124317716
3.61	4.09707798
3.62	4.068035939
3.63	4.037224224
3.64	4.004676034
3.65	3.970425119
3.66	3.934505755
3.67	3.89695272
3.68	3.857801274
3.69	3.817087132
3.7	3.774846449
3.71	3.731115789
3.72	3.685932109
3.73	3.639332731
3.74	3.591355323
3.75	3.542037877
3.76	3.491418683
3.77	3.43953631
3.78	3.386429583
3.79	3.332137558
3.8	3.276699504
3.81	3.220154879
3.82	3.162543309
3.83	3.103904563
3.84	3.044278538
3.85	2.983705231
3.86	2.922224721
3.87	2.859877147
3.88	2.796702687
3.89	2.73274154
3.9	2.6680339
3.91	2.602619942
3.92	2.536539796
3.93	2.46983353
3.94	2.402541132
3.95	2.334702488
3.96	2.266357363
3.97	2.197545383
3.98	2.128306015
3.99	2.058678552
4	1.98870209
4.01	1.918415514
4.02	1.847857477
4.03	1.777066388
4.04	1.70608039
4.05	1.634937345
4.06	1.563674817
4.07	1.492330058
4.08	1.420939991
4.09	1.349541194
4.1	1.278169885
4.11	1.206861909
4.12	1.135652721
4.13	1.064577375
4.14	0.9936705052
4.15	0.9229663194
4.16	0.8524985806
4.17	0.7823005967
4.18	0.7124052077
4.19	0.6428447735
4.2	0.5736511626
4.21	0.5048557409
4.22	0.4364893605
4.23	0.3685823496
4.24	0.3011645018
4.25	0.2342650673
4.26	0.1679127423
4.27	0.1021356609
4.28	0.03696138625
4.29	-0.02758309803
4.3	-0.09147139541
4.31	-0.1546777041
4.32	-0.2171768241
4.33	-0.2789441642
4.34	-0.339955748
4.35	-0.4001882203
4.36	-0.4596188523
4.37	-0.5182255475
4.38	-0.5759868459
4.39	-0.632881929
4.4	-0.6888906238
4.41	-0.7439934065
4.42	-0.7981714061
4.43	-0.8514064073
4.44	-0.9036808533
4.45	-0.954977848
4.46	-1.005281158
4.47	-1.054575215
4.48	-1.102845115
4.49	-1.150076622
4.5	-1.196256166
4.51	-1.241370845
4.52	-1.285408424
4.53	-1.328357334
4.54	-1.370206675
4.55	-1.410946209
4.56	-1.450566361
4.57	-1.489058221
4.58	-1.526413536
4.59	-1.56262471
4.6	-1.597684804
4.61	-1.631587529
4.62	-1.664327243
4.63	-1.695898952
4.64	-1.726298299
4.65	-1.755521566
4.66	-1.783565668
4.67	-1.810428144
4.68	-1.836107159
4.69	-1.860601493
4.7	-1.883910539
4.71	-1.906034294
4.72	-1.926973356
4.73	-1.946728918
4.74	-1.965302758
4.75	-1.982697234
4.76	-1.99891528
4.77	-2.013960393
4.78	-2.02783663
4.79	-2.040548601
4.8	-2.052101457
4.81	-2.062500885
4.82	-2.071753098
4.83	-2.07986483
4.84	-2.086843325
4.85	-2.092696325
4.86	-2.097432069
4.87	-2.101059276
4.88	-2.103587141
4.89	-2.105025323
4.9	-2.105383938
4.91	-2.104673545
4.92	-2.102905141
4.93	-2.100090148
4.94	-2.096240405
4.95	-2.091368155
4.96	-2.085486039
4.97	-2.078607081
4.98	-2.070744681
4.99	-2.061912603
5	-2.052124966
5.01	-2.04139623
5.02	-2.029741189
5.03	-2.017174957
5.04	-2.003712962
5.05	-1.989370927
5.06	-1.974164867
5.07	-1.958111076
5.08	-1.941226111
5.09	-1.923526788
5.1	-1.905030166
5.11	-1.88575354
5.12	-1.865714425
5.13	-1.84493055
5.14	-1.823419842
5.15	-1.801200419
5.16	-1.778290578
5.17	-1.754708781
5.18	-1.730473648
5.19	-1.705603945
5.2	-1.680118571
5.21	-1.654036549
5.22	-1.627377015
5.23	-1.600159206
5.24	-1.572402451
5.25	-1.544126159
5.26	-1.515349808
5.27	-1.486092937
5.28	-1.456375133
5.29	-1.426216021
5.3	-1.395635253
5.31	-1.364652502
5.32	-1.333287446
5.33	-1.301559761
5.34	-1.269489111
5.35	-1.237095139
5.36	-1.204397455
5.37	-1.171415627
5.38	-1.138169174
5.39	-1.104677553
5.4	-1.070960152
5.41	-1.03703628
5.42	-1.002925159
5.43	-0.9686459155
5.44	-0.9342175679
5.45	-0.8996590231
5.46	-0.864989065
5.47	-0.8302263471
5.48	-0.7953893842
5.49	-0.7604965444
5.5	-0.7255660414
5.51	-0.6906159267
5.52	-0.6556640822
5.53	-0.6207282124
5.54	-0.5858258381
5.55	-0.5509742883
5.56	-0.5161906942
5.57	-0.481491982
5.58	-0.4468948665
5.59	-0.4124158449
5.6	-0.3780711903
5.61	-0.3438769461
5.62	-0.3098489199
5.63	-0.2760026777
5.64	-0.2423535388
5.65	-0.2089165703
5.66	-0.175706582
5.67	-0.1427381215
5.68	-0.1100254694
5.69	-0.07758263479
5.7	-0.04542335068
5.71	-0.01356107009
5.72	0.01799103814
5.73	0.0492200932
5.74	0.08011350592
5.75	0.1106589822
5.76	0.1408445265
5.77	0.1706584446
5.78	0.2000893467
5.79	0.2291261504
5.8	0.2577580827
5.81	0.2859746828
5.82	0.3137658043
5.83	0.3411216169
5.84	0.3680326085
5.85	0.3944895866
5.86	0.4204836801
5.87	0.4460063404
5.88	0.4710493425
5.89	0.4956047858
5.9	0.5196650953
5.91	0.5432230219
5.92	0.5662716427
5.93	0.5888043615
5.94	0.6108149089
5.95	0.632297342
5.96	0.6532460443
5.97	0.6736557255
5.98	0.6935214203
5.99	0.7128384885
6	0.7316026135
6.01	0.7498098015
6.02	0.7674563803
6.03	0.7845389979
6.04	0.801054621
6.05	0.8170005336
6.06	0.8323743348
6.07	0.8471739374
6.08	0.8613975652
6.09	0.8750437513
6.1	0.8881113358
6.11	0.9005994628
6.12	0.9125075784
6.13	0.9238354276
6.14	0.9345830518
6.15	0.9447507852
6.16	0.9543392526
6.17	0.9633493653
6.18	0.9717823187
6.19	0.9796395878
6.2	0.9869229247
6.21	0.9936343543
6.22	0.9997761709
6.23	1.005350934
6.24	1.010361465
6.25	1.014810842
6.26	1.018702398
6.27	1.022039713
6.28	1.024826613
6.29	1.027067165
6.3	1.028765671
6.31	1.029926665
6.32	1.030554908
6.33	1.030655383
6.34	1.03023329
6.35	1.029294043
6.36	1.027843262
6.37	1.025886773
6.38	1.023430595
6.39	1.020480946
6.4	1.017044227
6.41	1.013127024
6.42	1.0087361
6.43	1.003878392
6.44	0.9985610006
6.45	0.9927911922
6.46	0.9865763878
6.47	0.9799241602
6.48	0.9728422284
6.49	0.9653384516
6.5	0.9574208248
6.51	0.9490974725
6.52	0.9403766438
6.53	0.9312667069
6.54	0.9217761436
6.55	0.9119135439
6.56	0.9016876008
6.57	0.8911071044
6.58	0.8801809368
6.59	0.8689180669
6.6	0.8573275444
6.61	0.845418495
6.62	0.8332001147
6.63	0.8206816647
6.64	0.8078724656
6.65	0.7947818926
6.66	0.7814193699
6.67	0.7677943658
6.68	0.7539163868
6.69	0.7397949732
6.7	0.7254396934
6.71	0.710860139
6.72	0.6960659195
6.73	0.6810666577
6.74	0.665871984
6.75	0.6504915324
6.76	0.6349349346
6.77	0.6192118158
6.78	0.6033317897
6.79	0.5873044536
6.8	0.5711393842
6.81	0.5548461321
6.82	0.5384342182
6.83	0.5219131285
6.84	0.5052923099
6.85	0.4885811656
6.86	0.4717890513
6.87	0.4549252704
6.88	0.4379990698
6.89	0.4210196363
6.9	0.4039960921
6.91	0.386937491
6.92	0.3698528142
6.93	0.3527509672
6.94	0.3356407751
6.95	0.3185309797
6.96	0.3014302355
6.97	0.2843471065
6.98	0.2672900623
6.99	0.2502674752
7	0.2332876166
7.01	0.2163586542
7.02	0.1994886484
7.03	0.1826855499
7.04	0.1659571962
7.05	0.149311309
7.06	0.1327554914
7.07	0.1162972255
7.08	0.09994386931
7.09	0.08370265467
7.1	0.06758068471
7.11	0.05158493152
7.12	0.03572223394
7.13	0.01999929544
7.14	0.004422682054
7.15	-0.01100117956
7.16	-0.02626600398
7.17	-0.04136564884
7.18	-0.05629411644
7.19	-0.07104555541
7.2	-0.08561426218
7.21	-0.09999468241
7.22	-0.1141814123
7.23	-0.1281691999
7.24	-0.141952946
7.25	-0.1555277056
7.26	-0.1688886886
7.27	-0.1820312607
7.28	-0.1949509443
7.29	-0.2076434191
7.3	-0.2201045227
7.31	-0.2323302514
7.32	-0.2443167602
7.33	-0.2560603637
7.34	-0.2675575359
7.35	-0.2788049106
7.36	-0.2897992815
7.37	-0.3005376023
7.38	-0.3110169867
7.39	-0.3212347079
7.4	-0.3311881987
7.41	-0.3408750514
7.42	-0.3502930169
7.43	-0.3594400047
7.44	-0.3683140822
7.45	-0.3769134741
7.46	-0.3852365618
7.47	-0.3932818828
7.48	-0.4010481293
7.49	-0.4085341482
7.5	-0.4157389393
7.51	-0.422661655
7.52	-0.4293015987
7.53	-0.4356582238
7.54	-0.4417311326
7.55	-0.4475200748
7.56	-0.4530249466
7.57	-0.4582457886
7.58	-0.463182785
7.59	-0.4678362617
7.6	-0.4722066848
7.61	-0.4762946592
7.62	-0.4801009264
7.63	-0.4836263634
7.64	-0.4868719804
7.65	-0.4898389192
7.66	-0.4925284512
7.67	-0.4949419756
7.68	-0.4970810174
7.69	-0.4989472253
7.7	-0.5005423696
7.71	-0.5018683402
7.72	-0.5029271443
7.73	-0.5037209047
7.74	-0.5042518567
7.75	-0.5045223467
7.76	-0.5045348294
7.77	-0.5042918658
7.78	-0.5037961205
7.79	-0.5030503596
7.8	-0.5020574482
7.81	-0.500820348
7.82	-0.4993421147
7.83	-0.4976258958
7.84	-0.4956749276
7.85	-0.4934925333
7.86	-0.4910821201
7.87	-0.4884471765
7.88	-0.4855912702
7.89	-0.4825180448
7.9	-0.4792312182
7.91	-0.4757345788
7.92	-0.472031984
7.93	-0.4681273566
7.94	-0.464024683
7.95	-0.4597280098
7.96	-0.4552414417
7.97	-0.4505691388
7.98	-0.4457153135
7.99	-0.4406842282
8	-0.4354801929
8.01	-0.4301075618
8.02	-0.4245707314
8.03	-0.4188741374
8.04	-0.4130222523
8.05	-0.4070195826
8.06	-0.4008706664
8.07	-0.3945800705
8.08	-0.388152388
8.09	-0.3815922357
8.1	-0.3749042516
8.11	-0.3680930919
8.12	-0.3611634293
8.13	-0.3541199496
8.14	-0.3469673496
8.15	-0.3397103348
8.16	-0.3323536165
8.17	-0.3249019097
8.18	-0.3173599305
8.19	-0.3097323939
8.2	-0.302024011
8.21	-0.2942394872
8.22	-0.2863835194
8.23	-0.2784607942
8.24	-0.270475985
8.25	-0.2624337504
8.26	-0.2543387315
8.27	-0.2461955502
8.28	-0.2380088065
8.29	-0.2297830768
8.3	-0.2215229117
8.31	-0.2132328339
8.32	-0.2049173364
8.33	-0.1965808801
8.34	-0.1882278922
8.35	-0.1798627644
8.36	-0.1714898506
8.37	-0.1631134655
8.38	-0.1547378825
8.39	-0.1463673321
8.4	-0.1380060002
8.41	-0.1296580264
8.42	-0.1213275023
8.43	-0.11301847
8.44	-0.1047349204
8.45	-0.09648079191
8.46	-0.08825996883
8.47	-0.08007627995
8.48	-0.07193349716
8.49	-0.06383533413
8.5	-0.05578544502
8.51	-0.04778742316
8.52	-0.0398447999
8.53	-0.03196104342
8.54	-0.0241395576
8.55	-0.01638368093
8.56	-0.008696685486
8.57	-0.001081775925
8.58	0.006457911457
8.59	0.01391930964
8.6	0.02129942174
8.61	0.02859532183
8.62	0.03580415571
8.63	0.04292314163
8.64	0.04994957101
8.65	0.05688080904
8.66	0.06371429531
8.67	0.07044754434
8.68	0.07707814612
8.69	0.08360376656
8.7	0.09002214793
8.71	0.09633110922
8.72	0.1025285465
8.73	0.1086124332
8.74	0.1145808204
8.75	0.120431837
8.76	0.12616369
8.77	0.1317746643
8.78	0.1372631233
8.79	0.1426275087
8.8	0.1478663402
8.81	0.152978216
8.82	0.1579618125
8.83	0.162815884
8.84	0.1675392631
8.85	0.1721308597
8.86	0.1765896615
8.87	0.1809147336
8.88	0.1851052177
8.89	0.1891603324
8.9	0.1930793727
8.91	0.1968617091
8.92	0.2005067879
8.93	0.2040141302
8.94	0.2073833316
8.95	0.2106140616
8.96	0.213706063
8.97	0.2166591516
8.98	0.2194732151
8.99	0.2221482128
9	0.2246841747
9.01	0.227081201
9.02	0.2293394609
9.03	0.2314591925
9.04	0.2334407014
9.05	0.2352843602
9.06	0.2369906076
9.07	0.2385599474
9.08	0.2399929477
9.09	0.2412902398
9.1	0.2424525176
9.11	0.2434805364
9.12	0.2443751117
9.13	0.2451371188
9.14	0.2457674909
9.15	0.2462672191
9.16	0.2466373502
9.17	0.2468789864
9.18	0.2469932841
9.19	0.2469814525
9.2	0.2468447525
9.21	0.2465844957
9.22	0.2462020434
9.23	0.2456988048
9.24	0.2450762365
9.25	0.244335841
9.26	0.2434791652
9.27	0.2425077998
9.28	0.2414233774
9.29	0.2402275718
9.3	0.2389220964
9.31	0.2375087031
9.32	0.2359891809
9.33	0.2343653549
9.34	0.2326390845
9.35	0.2308122627
9.36	0.2288868145
9.37	0.2268646956
9.38	0.2247478912
9.39	0.2225384146
9.4	0.2202383062
9.41	0.2178496316
9.42	0.2153744809
9.43	0.2128149671
9.44	0.2101732249
9.45	0.2074514094
9.46	0.2046516947
9.47	0.2017762726
9.48	0.1988273517
9.49	0.1958071556
9.5	0.1927179218
9.51	0.1895619006
9.52	0.1863413537
9.53	0.1830585528
9.54	0.1797157788
9.55	0.1763153199
9.56	0.172859471
9.57	0.169350532
9.58	0.165790807
9.59	0.1621826026
9.6	0.1585282271
9.61	0.1548299894
9.62	0.1510901974
9.63	0.147311157
9.64	0.1434951712
9.65	0.1396445388
9.66	0.135761553
9.67	0.1318485008
9.68	0.1279076616
9.69	0.1239413061
9.7	0.1199516955
9.71	0.11594108
9.72	0.1119116983
9.73	0.1078657763
9.74	0.1038055258
9.75	0.09973314427
9.76	0.09565081319
9.77	0.09156069744
9.78	0.08746494432
9.79	0.08336568259
9.8	0.07926502161
9.81	0.07516505047
9.82	0.0710678371
9.83	0.06697542748
9.84	0.06288984479
9.85	0.05881308864
9.86	0.05474713426
9.87	0.05069393176
9.88	0.04665540541
9.89	0.04263345288
9.9	0.0386299446
9.91	0.03464672303
9.92	0.03068560204
9.93	0.02674836628
9.94	0.02283677053
9.95	0.01895253916
9.96	0.01509736552
9.97	0.01127291141
9.98	0.007480806541
9.99	0.003722648051
10	1.444030914e-16
10.01	-0.003685607084
10.02	-0.007332676646
10.03	-0.01093974653
10.04	-0.01450538935
10.05	-0.01802821292
10.06	-0.02150686055
10.07	-0.02494001141
10.08	-0.02832638084
10.09	-0.03166472064
10.1	-0.03495381933
10.11	-0.0381925024
10.12	-0.04137963254
10.13	-0.04451410986
10.14	-0.04759487203
10.15	-0.05062089451
10.16	-0.05359119063
10.17	-0.05650481174
10.18	-0.05936084732
10.19	-0.06215842504
10.2	-0.06489671084
10.21	-0.06757490896
10.22	-0.07019226198
10.23	-0.07274805079
10.24	-0.07524159459
10.25	-0.07767225086
10.26	-0.0800394153
10.27	-0.08234252174
10.28	-0.08458104209
10.29	-0.08675448616
10.3	-0.0888624016
10.31	-0.09090437371
10.32	-0.09288002528
10.33	-0.09478901643
10.34	-0.09663104438
10.35	-0.09840584327
10.36	-0.1001131839
10.37	-0.1017528734
10.38	-0.1033247553
10.39	-0.1048287087
10.4	-0.1062646485
10.41	-0.1076325248
10.42	-0.1089323225
10.43	-0.1101640613
10.44	-0.111327795
10.45	-0.1124236115
10.46	-0.113451632
10.47	-0.1144120107
10.48	-0.1153049349
10.49	-0.1161306236
10.5	-0.1168893282
10.51	-0.1175813312
10.52	-0.1182069461
10.53	-0.1187665168
10.54	-0.1192604174
10.55	-0.1196890513
10.56	-0.1200528511
10.57	-0.1203522776
10.58	-0.12058782
10.59	-0.1207599947
10.6	-0.1208693451
10.61	-0.120916441
10.62	-0.1209018779
10.63	-0.1208262768
10.64	-0.1206902832
10.65	-0.120494567
10.66	-0.1202398213
10.67	-0.1199267624
10.68	-0.1195561291
10.69	-0.1191286817
10.7	-0.1186452018
10.71	-0.1181064918
10.72	-0.1175133736
10.73	-0.1168666889
10.74	-0.1161672979
10.75	-0.1154160789
10.76	-0.1146139279
10.77	-0.1137617575
10.78	-0.1128604967
10.79	-0.11191109
10.8	-0.1109144969
10.81	-0.1098716913
10.82	-0.1087836608
10.83	-0.1076514058
10.84	-0.1064759395
10.85	-0.1052582867
10.86	-0.1039994832
10.87	-0.1027005757
10.88	-0.1013626204
10.89	-0.09998668294
10.9	-0.09857383758
10.91	-0.09712516653
10.92	-0.09564175937
10.93	-0.0941247124
10.94	-0.09257512806
10.95	-0.09099411428
10.96	-0.08938278386
10.97	-0.08774225388
10.98	-0.08607364508
10.99	-0.08437808125
11	-0.08265668865
11.01	-0.08091059539
11.02	-0.07914093088
11.03	-0.0773488252
11.04	-0.07553540853
11.05	-0.07370181063
11.06	-0.07184916019
11.07	-0.06997858434
11.08	-0.06809120804
11.09	-0.06618815359
11.1	-0.06427054003
11.11	-0.06233948264
11.12	-0.06039609241
11.13	-0.05844147552
11.14	-0.05647673281
11.15	-0.05450295932
11.16	-0.05252124373
11.17	-0.05053266792
11.18	-0.04853830648
11.19	-0.04653922624
11.2	-0.04453648579
11.21	-0.04253113505
11.22	-0.04052421481
11.23	-0.0385167563
11.24	-0.03650978075
11.25	-0.034504299
11.26	-0.03250131107
11.27	-0.03050180576
11.28	-0.02850676029
11.29	-0.02651713987
11.3	-0.02453389739
11.31	-0.02255797301
11.32	-0.02059029384
11.33	-0.01863177359
11.34	-0.01668331225
11.35	-0.01474579576
11.36	-0.0128200957
11.37	-0.01090706901
11.38	-0.009007557686
11.39	-0.007122388496
11.4	-0.005252372735
11.41	-0.003398305955
11.42	-0.001560967719
11.43	0.0002588786308
11.44	0.0020604862
11.45	0.003843124756
11.46	0.005606080931
11.47	0.007348658417
11.48	0.009070178144
11.49	0.01076997846
11.5	0.01244741528
11.51	0.01410186226
11.52	0.0157327109
11.53	0.01733937071
11.54	0.01892126933
11.55	0.0204778526
11.56	0.02200858469
11.57	0.0235129482
11.58	0.02499044421
11.59	0.02644059236
11.6	0.02786293091
11.61	0.02925701679
11.62	0.03062242564
11.63	0.03195875183
11.64	0.03326560847
11.65	0.03454262746
11.66	0.03578945945
11.67	0.03700577383
11.68	0.03819125874
11.69	0.03934562102
11.7	0.04046858617
11.71	0.04155989831
11.72	0.04261932014
11.73	0.04364663285
11.74	0.04464163605
11.75	0.04560414769
11.76	0.046534004
11.77	0.04743105934
11.78	0.04829518612
11.79	0.0491262747
11.8	0.04992423324
11.81	0.05068898756
11.82	0.05142048106
11.83	0.05211867451
11.84	0.05278354593
11.85	0.05341509041
11.86	0.05401331996
11.87	0.05457826335
11.88	0.05510996587
11.89	0.05560848922
11.9	0.05607391125
11.91	0.05650632579
11.92	0.05690584245
11.93	0.05727258639
11.94	0.05760669811
11.95	0.05790833324
11.96	0.05817766226
11.97	0.05841487035
11.98	0.05862015707
11.99	0.05879373615
12	0.05893583525
12.01	0.05904669569
12.02	0.0591265722
12.03	0.05917573266
12.04	0.05919445781
12.05	0.05918304102
12.06	0.05914178797
12.07	0.05907101643
12.08	0.05897105592
12.09	0.05884224747
12.1	0.05868494329
12.11	0.05849950652
12.12	0.05828631095
12.13	0.05804574065
12.14	0.05777818975
12.15	0.05748406211
12.16	0.05716377102
12.17	0.05681773889
12.18	0.05644639696
12.19	0.05605018499
12.2	0.05562955094
12.21	0.05518495068
12.22	0.05471684767
12.23	0.05422571266
12.24	0.05371202334
12.25	0.05317626411
12.26	0.05261892568
12.27	0.05204050481
12.28	0.05144150399
12.29	0.05082243112
12.3	0.05018379921
12.31	0.04952612605
12.32	0.04884993392
12.33	0.04815574928
12.34	0.04744410246
12.35	0.04671552734
12.36	0.04597056106
12.37	0.0452097437
12.38	0.04443361801
12.39	0.04364272905
12.4	0.04283762398
12.41	0.04201885165
12.42	0.04118696242
12.43	0.04034250777
12.44	0.03948604008
12.45	0.03861811229
12.46	0.03773927765
12.47	0.03685008943
12.48	0.03595110063
12.49	0.03504286369
12.5	0.03412593026
12.51	0.03320085089
12.52	0.03226817477
12.53	0.03132844948
12.54	0.0303822207
12.55	0.02943003199
12.56	0.02847242452
12.57	0.02750993681
12.58	0.02654310447
12.59	0.02557246002
12.6	0.02459853258
12.61	0.02362184768
12.62	0.02264292702
12.63	0.02166228822
12.64	0.02068044464
12.65	0.01969790514
12.66	0.01871517385
12.67	0.01773275
12.68	0.01675112769
12.69	0.01577079571
12.7	0.0147922373
12.71	0.01381593004
12.72	0.01284234558
12.73	0.01187194952
12.74	0.01090520121
12.75	0.009942553578
12.76	0.008984452975
12.77	0.008031339009
12.78	0.00708364439
12.79	0.006141794779
12.8	0.005206208645
12.81	0.004277297123
12.82	0.003355463879
12.83	0.002441104982
12.84	0.001534608775
12.85	0.0006363557603
12.86	-0.0002532815183
12.87	-0.001133938584
12.88	-0.00200525913
12.89	-0.002866895122
12.9	-0.003718506887
12.91	-0.004559763205
12.92	-0.005390341395
12.93	-0.006209927387
12.94	-0.007018215799
12.95	-0.007814910007
12.96	-0.008599722205
12.97	-0.009372373462
12.98	-0.01013259378
12.99	-0.01088012213
13	-0.01161470652
13.01	-0.01233610399
13.02	-0.0130440807
13.03	-0.0137384119
13.04	-0.01441888201
13.05	-0.01508528458
13.06	-0.01573742236
13.07	-0.01637510727
13.08	-0.01699816041
13.09	-0.01760641207
13.1	-0.01819970172
13.11	-0.018777878
13.12	-0.01934079869
13.13	-0.01988833074
13.14	-0.02042035016
13.15	-0.02093674209
13.16	-0.02143740071
13.17	-0.02192222919
13.18	-0.0223911397
13.19	-0.02284405334
13.2	-0.02328090008
13.21	-0.02370161871
13.22	-0.02410615681
13.23	-0.02449447065
13.24	-0.02486652517
13.25	-0.02522229387
13.26	-0.02556175875
13.27	-0.02588491026
13.28	-0.02619174717
13.29	-0.02648227656
13.3	-0.02675651365
13.31	-0.02701448178
13.32	-0.02725621229
13.33	-0.0274817444
13.34	-0.02769112517
13.35	-0.02788440935
13.36	-0.02806165929
13.37	-0.02822294482
13.38	-0.02836834319
13.39	-0.02849793889
13.4	-0.02861182358
13.41	-0.02871009596
13.42	-0.02879286163
13.43	-0.02886023301
13.44	-0.02891232918
13.45	-0.02894927577
13.46	-0.02897120483
13.47	-0.02897825467
13.48	-0.02897056979
13.49	-0.02894830069
13.5	-0.02891160374
13.51	-0.02886064109
13.52	-0.02879558047
13.53	-0.02871659507
13.54	-0.02862386343
13.55	-0.02851756925
13.56	-0.02839790126
13.57	-0.02826505311
13.58	-0.02811922315
13.59	-0.02796061437
13.6	-0.02778943418
13.61	-0.02760589428
13.62	-0.02741021055
13.63	-0.02720260284
13.64	-0.02698329486
13.65	-0.02675251402
13.66	-0.02651049125
13.67	-0.02625746089
13.68	-0.02599366051
13.69	-0.02571933079
13.7	-0.0254347153
13.71	-0.02514006044
13.72	-0.02483561519
13.73	-0.02452163105
13.74	-0.02419836182
13.75	-0.02386606348
13.76	-0.02352499404
13.77	-0.02317541336
13.78	-0.02281758304
13.79	-0.02245176626
13.8	-0.02207822759
13.81	-0.0216972329
13.82	-0.0213090492
13.83	-0.02091394444
13.84	-0.02051218744
13.85	-0.02010404771
13.86	-0.01968979529
13.87	-0.01926970064
13.88	-0.01884403448
13.89	-0.01841306766
13.9	-0.01797707101
13.91	-0.01753631523
13.92	-0.0170910707
13.93	-0.01664160742
13.94	-0.01618819481
13.95	-0.01573110162
13.96	-0.01527059579
13.97	-0.01480694432
13.98	-0.01434041313
13.99	-0.01387126697
14	-0.01339976928
14.01	-0.01292618205
14.02	-0.01245076574
14.03	-0.01197377914
14.04	-0.01149547925
14.05	-0.01101612118
14.06	-0.01053595804
14.07	-0.01005524084
14.08	-0.009574218349
14.09	-0.009093137038
14.1	-0.008612240943
14.11	-0.00813177158
14.12	-0.007651967847
14.13	-0.007173065927
14.14	-0.006695299199
14.15	-0.006218898142
14.16	-0.005744090253
14.17	-0.005271099958
14.18	-0.004800148531
14.19	-0.004331454012
14.2	-0.00386523113
14.21	-0.003401691224
14.22	-0.002941042177
14.23	-0.002483488336
14.24	-0.002029230451
14.25	-0.001578465607
14.26	-0.001131387158
14.27	-0.00068818467
14.28	-0.0002490438615
14.29	0.0001858534526
14.3	0.0006163294142
14.31	0.001042210172
14.32	0.00146332593
14.33	0.001879510994
14.34	0.002290603812
14.35	0.002696447018
14.36	0.003096887467
14.37	0.003491776273
14.38	0.00388096884
14.39	0.004264324894
14.4	0.004641708511
14.41	0.00501298814
14.42	0.00537803663
14.43	0.005736731247
14.44	0.006088953693
14.45	0.006434590125
14.46	0.006773531163
14.47	0.007105671905
14.48	0.007430911934
14.49	0.007749155323
14.5	0.008060310642
14.51	0.008364290957
14.52	0.00866101383
14.53	0.008950401315
14.54	0.009232379955
14.55	0.009506880773
14.56	0.009773839262
14.57	0.01003319537
14.58	0.0102848935
14.59	0.01052888248
14.6	0.01076511553
14.61	0.01099355029
14.62	0.01121414875
14.63	0.01142687725
14.64	0.01163170644
14.65	0.01182861127
14.66	0.01201757094
14.67	0.01219856888
14.68	0.01237159272
14.69	0.01253663425
14.7	0.01269368936
14.71	0.01284275805
14.72	0.01298384434
14.73	0.01311695627
14.74	0.01324210582
14.75	0.01335930888
14.76	0.01346858521
14.77	0.01356995838
14.78	0.01366345574
14.79	0.01374910832
14.8	0.01382695085
14.81	0.01389702165
14.82	0.01395936257
14.83	0.01401401899
14.84	0.01406103972
14.85	0.01410047692
14.86	0.01413238611
14.87	0.01415682604
14.88	0.01417385866
14.89	0.01418354906
14.9	0.01418596539
14.91	0.0141811788
14.92	0.01416926338
14.93	0.01415029611
14.94	0.01412435675
14.95	0.01409152779
14.96	0.0140518944
14.97	0.01400554434
14.98	0.01395256791
14.99	0.01389305784
15	0.01382710925
15.01	0.0137548196
15.02	0.01367628855
15.03	0.01359161795
15.04	0.01350091174
15.05	0.01340427587
15.06	0.01330181824
15.07	0.01319364865
15.08	0.01307987865
15.09	0.01296062155
15.1	0.01283599229
15.11	0.01270610741
15.12	0.01257108491
15.13	0.01243104426
15.14	0.01228610625
15.15	0.01213639296
15.16	0.01198202766
15.17	0.01182313476
15.18	0.01165983973
15.19	0.01149226898
15.2	0.01132054989
15.21	0.0111448106
15.22	0.01096518008
15.23	0.01078178792
15.24	0.01059476438
15.25	0.01040424022
15.26	0.01021034669
15.27	0.01001321545
15.28	0.009812978457
15.29	0.009609767956
15.3	0.009403716366
15.31	0.009194956231
15.32	0.008983620144
15.33	0.008769840684
15.34	0.008553750347
15.35	0.00833548148
15.36	0.008115166217
15.37	0.00789293641
15.38	0.00766892357
15.39	0.007443258801
15.4	0.00721607274
15.41	0.00698749549
15.42	0.006757656568
15.43	0.006526684839
15.44	0.006294708458
15.45	0.006061854815
15.46	0.005828250475
15.47	0.005594021124
15.48	0.005359291514
15.49	0.005124185409
15.5	0.004888825531
15.51	0.004653333511
15.52	0.004417829835
15.53	0.004182433796
15.54	0.003947263448
15.55	0.003712435553
15.56	0.003478065539
15.57	0.003244267455
15.58	0.003011153925
15.59	0.002778836104
15.6	0.002547423642
15.61	0.002317024637
15.62	0.0020877456
15.63	0.001859691414
15.64	0.001632965299
15.65	0.001407668778
15.66	0.001183901637
15.67	0.0009617618977
15.68	0.0007413457817
15.69	0.0005227476812
15.7	0.0003060601294
15.71	9.137377155e-05
15.72	-0.0001212226614
15.73	-0.0003316423793
15.74	-0.0005398005568
15.75	-0.0007456143574
15.76	-0.0009490029548
15.77	-0.001149887555
15.78	-0.001348191413
15.79	-0.001543839857
15.8	-0.0017367603
15.81	-0.001926882256
15.82	-0.00211413736
15.83	-0.002298459375
15.84	-0.00247978421
15.85	-0.002658049926
15.86	-0.002833196751
15.87	-0.003005167083
15.88	-0.003173905504
15.89	-0.003339358779
15.9	-0.00350147587
15.91	-0.00366020793
15.92	-0.003815508315
15.93	-0.003967332581
15.94	-0.004115638482
15.95	-0.004260385978
15.96	-0.004401537224
15.97	-0.004539056574
15.98	-0.004672910573
15.99	-0.004803067955
16	-0.004929499634
16.01	-0.005052178702
16.02	-0.005171080415
16.03	-0.005286182186
16.04	-0.00539746358
16.05	-0.005504906294
16.06	-0.005608494152
16.07	-0.005708213089
16.08	-0.005804051139
16.09	-0.005895998418
16.1	-0.00598404711
16.11	-0.006068191448
16.12	-0.0061484277
16.13	-0.006224754147
16.14	-0.006297171069
16.15	-0.006365680718
16.16	-0.006430287303
16.17	-0.006490996965
16.18	-0.006547817758
16.19	-0.006600759621
16.2	-0.006649834359
16.21	-0.006695055616
16.22	-0.006736438851
16.23	-0.00677400131
16.24	-0.006807762002
16.25	-0.00683774167
16.26	-0.006863962765
16.27	-0.006886449417
16.28	-0.006905227403
16.29	-0.006920324123
16.3	-0.006931768567
16.31	-0.006939591284
16.32	-0.006943824351
16.33	-0.006944501344
16.34	-0.006941657305
16.35	-0.006935328707
16.36	-0.006925553425
16.37	-0.0069123707
16.38	-0.006895821109
16.39	-0.006875946528
16.4	-0.006852790097
16.41	-0.006826396192
16.42	-0.006796810381
16.43	-0.006764079396
16.44	-0.006728251098
16.45	-0.006689374434
16.46	-0.006647499411
16.47	-0.006602677055
16.48	-0.006554959373
16.49	-0.006504399323
16.5	-0.006451050773
16.51	-0.006394968466
16.52	-0.006336207985
16.53	-0.006274825713
16.54	-0.0062108788
16.55	-0.006144425127
16.56	-0.006075523264
16.57	-0.00600423244
16.58	-0.005930612502
16.59	-0.005854723881
16.6	-0.005776627555
16.61	-0.005696385011
16.62	-0.005614058213
16.63	-0.00552970956
16.64	-0.005443401855
16.65	-0.005355198268
16.66	-0.005265162299
16.67	-0.005173357743
16.68	-0.005079848656
16.69	-0.00498469932
16.7	-0.004887974205
16.71	-0.00478973794
16.72	-0.004690055274
16.73	-0.004588991042
16.74	-0.004486610137
16.75	-0.004382977469
16.76	-0.004278157937
16.77	-0.004172216396
16.78	-0.004065217622
16.79	-0.003957226281
16.8	-0.0038483069
16.81	-0.003738523831
16.82	-0.003627941225
16.83	-0.003516622998
16.84	-0.003404632803
16.85	-0.003292033999
16.86	-0.003178889623
16.87	-0.00306526236
16.88	-0.002951214518
16.89	-0.002836807995
16.9	-0.002722104257
16.91	-0.002607164306
16.92	-0.00249204866
16.93	-0.002376817321
16.94	-0.002261529753
16.95	-0.002146244859
16.96	-0.002031020951
16.97	-0.001915915733
16.98	-0.001800986273
16.99	-0.001686288983
17	-0.001571879596
17.01	-0.001457813145
17.02	-0.00134414394
17.03	-0.001230925553
17.04	-0.001118210792
17.05	-0.001006051686
17.06	-0.0008944994652
17.07	-0.0007836045416
17.08	-0.0006734164943
17.09	-0.0005639840509
17.1	-0.0004553550718
17.11	-0.0003475765345
17.12	-0.000240694519
17.13	-0.0001347541927
17.14	-2.979979727e-05
17.15	7.412536478e-05
17.16	0.0001769789427
17.17	0.0002787195494
17.18	0.0003793067729
17.19	0.0004787011869
17.2	0.000576864361
17.21	0.0006737588703
17.22	0.0007693483044
17.23	0.0008635972755
17.24	0.0009564714264
17.25	0.001047937437
17.26	0.001137963033
17.27	0.001226516987
17.28	0.00131356913
17.29	0.001399090352
17.3	0.001483052608
17.31	0.00156542892
17.32	0.001646193381
17.33	0.001725321159
17.34	0.001802788496
17.35	0.00187857271
17.36	0.001952652199
17.37	0.002025006436
17.38	0.002095615972
17.39	0.002164462436
17.4	0.00223152853
17.41	0.00229679803
17.42	0.002360255782
17.43	0.002421887701
17.44	0.002481680765
17.45	0.002539623012
17.46	0.002595703536
17.47	0.002649912482
17.48	0.002702241039
17.49	0.002752681438
17.5	0.002801226939
17.51	0.00284787183
17.52	0.002892611419
17.53	0.002935442022
17.54	0.002976360959
17.55	0.003015366545
17.56	0.003052458079
17.57	0.003087635836
17.58	0.003120901056
17.59	0.003152255935
17.6	0.003181703615
17.61	0.00320924817
17.62	0.003234894597
17.63	0.003258648804
17.64	0.003280517599
17.65	0.003300508675
17.66	0.0033186306
17.67	0.003334892799
17.68	0.00334930555
17.69	0.003361879959
17.7	0.003372627957
17.71	0.003381562276
17.72	0.003388696443
17.73	0.003394044758
17.74	0.003397622284
17.75	0.003399444832
17.76	0.00339952894
17.77	0.003397891864
17.78	0.003394551558
17.79	0.003389526661
17.8	0.003382836476
17.81	0.003374500961
17.82	0.003364540703
17.83	0.003352976911
17.84	0.003339831391
17.85	0.003325126534
17.86	0.003308885297
17.87	0.003291131187
17.88	0.003271888242
17.89	0.003251181012
17.9	0.003229034548
17.91	0.003205474378
17.92	0.00318052649
17.93	0.003154217318
17.94	0.00312657372
17.95	0.003097622964
17.96	0.003067392706
17.97	0.003035910977
17.98	0.003003206159
17.99	0.002969306973
18	0.002934242459
18.01	0.002898041955
18.02	0.002860735085
18.03	0.002822351737
18.04	0.002782922045
18.05	0.002742476375
18.06	0.002701045304
18.07	0.002658659602
18.08	0.002615350218
18.09	0.00257114826
18.1	0.002526084977
18.11	0.002480191744
18.12	0.002433500045
18.13	0.002386041451
18.14	0.002337847612
18.15	0.002288950231
18.16	0.002239381053
18.17	0.002189171847
18.18	0.002138354392
18.19	0.002086960454
18.2	0.002035021779
18.21	0.00198257007
18.22	0.001929636975
18.23	0.001876254072
18.24	0.001822452851
18.25	0.001768264701
18.26	0.001713720893
18.27	0.001658852569
18.28	0.001603690723
18.29	0.001548266193
18.3	0.001492609638
18.31	0.001436751534
18.32	0.001380722152
18.33	0.001324551551
18.34	0.001268269561
18.35	0.001211905774
18.36	0.001155489524
18.37	0.001099049885
18.38	0.001042615651
18.39	0.0009862153261
18.4	0.0009298771151
18.41	0.0008736289102
18.42	0.0008174982803
18.43	0.0007615124608
18.44	0.0007056983426
18.45	0.0006500824624
18.46	0.0005946909921
18.47	0.0005395497302
18.48	0.0004846840913
18.49	0.0004301190981
18.5	0.0003758793719
18.51	0.0003219891245
18.52	0.0002684721499
18.53	0.0002153518166
18.54	0.0001626510597
18.55	0.0001103923738
18.56	5.859780587e-05
18.57	7.288948849e-06
18.58	-4.351306512e-05
18.59	-9.378757062e-05
18.6	-0.0001435143748
18.61	-0.0001926737629
18.62	-0.0002412465035
18.63	-0.0002892138533
18.64	-0.0003365575621
18.65	-0.0003832598766
18.66	-0.0004293035449
18.67	-0.00047467182
18.68	-0.0005193484633
18.69	-0.000563317748
18.7	-0.0006065644615
18.71	-0.0006490739083
18.72	-0.0006908319122
18.73	-0.0007318248183
18.74	-0.000772039495
18.75	-0.0008114633348
18.76	-0.0008500842561
18.77	-0.0008878907038
18.78	-0.0009248716499
18.79	-0.000961016594
18.8	-0.000996315563
18.81	-0.001030759111
18.82	-0.00106433832
18.83	-0.001097044797
18.84	-0.001128870675
18.85	-0.001159808609
18.86	-0.00118985178
18.87	-0.001218993886
18.88	-0.001247229146
18.89	-0.001274552294
18.9	-0.00130095858
18.91	-0.001326443762
18.92	-0.00135100411
18.93	-0.001374636396
18.94	-0.001397337897
18.95	-0.001419106384
18.96	-0.001439940126
18.97	-0.00145983788
18.98	-0.001478798891
18.99	-0.001496822884
19	-0.001513910061
19.01	-0.001530061097
19.02	-0.001545277132
19.03	-0.001559559771
19.04	-0.001572911073
19.05	-0.001585333549
19.06	-0.001596830154
19.07	-0.001607404282
19.08	-0.001617059761
19.09	-0.001625800847
19.1	-0.001633632213
19.11	-0.001640558949
19.12	-0.001646586551
19.13	-0.001651720914
19.14	-0.001655968328
19.15	-0.00165933547
19.16	-0.001661829393
19.17	-0.001663457526
19.18	-0.001664227658
19.19	-0.001664147937
19.2	-0.001663226859
19.21	-0.001661473263
19.22	-0.001658896319
19.23	-0.001655505524
19.24	-0.001651310692
19.25	-0.001646321946
19.26	-0.001640549711
19.27	-0.001634004702
19.28	-0.001626697921
19.29	-0.001618640647
19.3	-0.001609844423
19.31	-0.001600321053
19.32	-0.001590082594
19.33	-0.00157914134
19.34	-0.001567509821
19.35	-0.001555200793
19.36	-0.001542227225
19.37	-0.001528602295
19.38	-0.001514339379
19.39	-0.001499452043
19.4	-0.001483954034
19.41	-0.001467859271
19.42	-0.001451181837
19.43	-0.001433935969
19.44	-0.00141613605
19.45	-0.001397796601
19.46	-0.001378932272
19.47	-0.001359557831
19.48	-0.001339688158
19.49	-0.001319338236
19.5	-0.001298523143
19.51	-0.001277258039
19.52	-0.001255558165
19.53	-0.001233438827
19.54	-0.001210915392
19.55	-0.001188003281
19.56	-0.001164717954
19.57	-0.001141074909
19.58	-0.00111708967
19.59	-0.00109277778
19.6	-0.001068154792
19.61	-0.001043236263
19.62	-0.001018037742
19.63	-0.0009925747684
19.64	-0.0009668628585
19.65	-0.000940917501
19.66	-0.0009147541485
19.67	-0.0008883882101
19.68	-0.0008618350444
19.69	-0.0008351099515
19.7	-0.0008082281665
19.71	-0.0007812048522
19.72	-0.000754055092
19.73	-0.0007267938835
19.74	-0.0006994361312
19.75	-0.0006719966401
19.76	-0.0006444901097
19.77	-0.0006169311266
19.78	-0.0005893341591
19.79	-0.0005617135509
19.8	-0.0005340835145
19.81	-0.0005064581262
19.82	-0.0004788513197
19.83	-0.0004512768806
19.84	-0.000423748441
19.85	-0.0003962794741
19.86	-0.000368883289
19.87	-0.0003415730254
19.88	-0.0003143616489
19.89	-0.0002872619459
19.9	-0.0002602865193
19.91	-0.0002334477834
19.92	-0.0002067579602
19.93	-0.0001802290743
19.94	-0.0001538729495
19.95	-0.0001277012044
19.96	-0.0001017252487
19.97	-7.595627959e-05
19.98	-5.040527798e-05
19.99	-2.508300526e-05
20	-1.945960753e-18
20.01	2.483342519e-05
20.02	4.94071866e-05
20.03	7.371143227e-05
20.04	9.773654465e-05
20.05	0.0001214731431
20.06	0.0001449120865
20.07	0.000168044475
20.08	0.0001908616528
20.09	0.0002133552094
20.1	0.0002355169821
20.11	0.0002573390569
20.12	0.0002788137709
20.13	0.0002999337129
20.14	0.0003206917252
20.15	0.0003410809043
20.16	0.0003610946021
20.17	0.0003807264267
20.18	0.000399970243
20.19	0.0004188201734
20.2	0.000437270598
20.21	0.0004553161551
20.22	0.000472951741
20.23	0.0004901725105
20.24	0.0005069738764
20.25	0.0005233515096
20.26	0.0005393013381
20.27	0.0005548195473
20.28	0.0005699025787
20.29	0.0005845471297
20.3	0.0005987501522
20.31	0.000612508852
20.32	0.0006258206876
20.33	0.0006386833688
20.34	0.0006510948555
20.35	0.0006630533563
20.36	0.0006745573269
20.37	0.0006856054683
20.38	0.000696196725
20.39	0.0007063302834
20.4	0.0007160055696
20.41	0.0007252222472
20.42	0.0007339802153
20.43	0.000742279606
20.44	0.0007501207825
20.45	0.000757504336
20.46	0.0007644310833
20.47	0.0007709020644
20.48	0.0007769185398
20.49	0.000782481987
20.5	0.0007875940984
20.51	0.0007922567779
20.52	0.0007964721377
20.53	0.0008002424957
20.54	0.0008035703716
20.55	0.0008064584842
20.56	0.0008089097475
20.57	0.0008109272679
20.58	0.0008125143402
20.59	0.0008136744442
20.6	0.0008144112413
20.61	0.0008147285707
20.62	0.0008146304455
20.63	0.0008141210491
20.64	0.0008132047317
20.65	0.0008118860058
20.66	0.0008101695428
20.67	0.000808060169
20.68	0.0008055628612
20.69	0.0008026827432
20.7	0.0007994250817
20.71	0.0007957952817
20.72	0.000791798883
20.73	0.0007874415556
20.74	0.000782729096
20.75	0.0007776674226
20.76	0.0007722625714
20.77	0.0007665206925
20.78	0.0007604480448
20.79	0.0007540509929
20.8	0.0007473360017
20.81	0.000740309633
20.82	0.0007329785407
20.83	0.0007253494669
20.84	0.0007174292373
20.85	0.0007092247569
20.86	0.000700743006
20.87	0.0006919910357
20.88	0.0006829759638
20.89	0.0006737049702
20.9	0.0006641852931
20.91	0.0006544242244
20.92	0.0006444291055
20.93	0.0006342073235
20.94	0.0006237663063
20.95	0.0006131135192
20.96	0.0006022564603
20.97	0.0005912026562
20.98	0.0005799596585
20.99	0.0005685350393
21	0.0005569363872
21.01	0.0005451713034
21.02	0.0005332473977
21.03	0.0005211722846
21.04	0.0005089535793
21.05	0.0004965988938
21.06	0.0004841158333
21.07	0.0004715119923
21.08	0.0004587949509
21.09	0.0004459722709
21.1	0.0004330514923
21.11	0.00042004013
21.12	0.0004069456696
21.13	0.0003937755646
21.14	0.0003805372324
21.15	0.0003672380512
21.16	0.0003538853565
21.17	0.0003404864381
21.18	0.0003270485365
21.19	0.0003135788398
21.2	0.0003000844808
21.21	0.0002865725338
21.22	0.0002730500116
21.23	0.0002595238625
21.24	0.0002460009676
21.25	0.0002324881379
21.26	0.0002189921114
21.27	0.0002055195506
21.28	0.0001920770399
21.29	0.000178671083
21.3	0.0001653081003
21.31	0.0001519944265
21.32	0.0001387363086
21.33	0.000125539903
21.34	0.0001124112737
21.35	9.93563903e-05
21.36	8.638112538e-05
21.37	7.349125293e-05
21.38	6.069244628e-05
21.39	4.799027619e-05
21.4	3.539020911e-05
21.41	2.289760541e-05
21.42	1.051771776e-05
21.43	-1.744310493e-06
21.44	-1.388344681e-05
21.45	-2.589477092e-05
21.46	-3.777347619e-05
21.47	-4.951487092e-05
21.48	-6.111437961e-05
21.49	-7.256754404e-05
21.5	-8.387002444e-05
21.51	-9.501760047e-05
21.52	-0.0001060061722
21.53	-0.0001168317609
21.54	-0.0001274905099
21.55	-0.0001379786855
21.56	-0.0001482926772
21.57	-0.0001584289988
21.58	-0.0001683842886
21.59	-0.0001781553099
21.6	-0.0001877389517
21.61	-0.0001971322285
21.62	-0.000206332281
21.63	-0.000215336376
21.64	-0.0002241419068
21.65	-0.0002327463931
21.66	-0.0002411474809
21.67	-0.0002493429427
21.68	-0.0002573306772
21.69	-0.0002651087091
21.7	-0.0002726751887
21.71	-0.0002800283921
21.72	-0.0002871667203
21.73	-0.0002940886988
21.74	-0.0003007929777
21.75	-0.0003072783301
21.76	-0.0003135436526
21.77	-0.0003195879639
21.78	-0.0003254104044
21.79	-0.0003310102352
21.8	-0.0003363868375
21.81	-0.0003415397116
21.82	-0.0003464684761
21.83	-0.0003511728665
21.84	-0.0003556527349
21.85	-0.0003599080481
21.86	-0.0003639388872
21.87	-0.0003677454457
21.88	-0.0003713280292
21.89	-0.0003746870531
21.9	-0.000377823042
21.91	-0.0003807366283
21.92	-0.0003834285503
21.93	-0.0003858996516
21.94	-0.0003881508787
21.95	-0.0003901832802
21.96	-0.0003919980049
21.97	-0.0003935963004
21.98	-0.0003949795114
21.99	-0.000396149078
22	-0.0003971065342
22.01	-0.000397853506
22.02	-0.0003983917097
22.03	-0.0003987229503
22.04	-0.0003988491194
22.05	-0.0003987721936
22.06	-0.0003984942328
22.07	-0.0003980173779
22.08	-0.0003973438493
22.09	-0.0003964759447
22.1	-0.0003954160375
22.11	-0.0003941665744
22.12	-0.0003927300739
22.13	-0.000391109124
22.14	-0.0003893063802
22.15	-0.0003873245638
22.16	-0.0003851664594
22.17	-0.0003828349133
22.18	-0.000380332831
22.19	-0.0003776631757
22.2	-0.0003748289658
22.21	-0.0003718332728
22.22	-0.0003686792196
22.23	-0.0003653699779
22.24	-0.0003619087665
22.25	-0.0003582988492
22.26	-0.0003545435324
22.27	-0.0003506461632
22.28	-0.0003466101275
22.29	-0.0003424388473
22.3	-0.0003381357793
22.31	-0.0003337044124
22.32	-0.0003291482657
22.33	-0.0003244708864
22.34	-0.0003196758478
22.35	-0.0003147667473
22.36	-0.0003097472039
22.37	-0.0003046208569
22.38	-0.0002993913631
22.39	-0.0002940623953
22.4	-0.0002886376399
22.41	-0.0002831207954
22.42	-0.0002775155698
22.43	-0.0002718256792
22.44	-0.0002660548452
22.45	-0.0002602067938
22.46	-0.0002542852526
22.47	-0.0002482939495
22.48	-0.0002422366106
22.49	-0.0002361169582
22.5	-0.0002299387094
22.51	-0.0002237055736
22.52	-0.0002174212514
22.53	-0.0002110894321
22.54	-0.0002047137928
22.55	-0.0001982979958
22.56	-0.0001918456874
22.57	-0.0001853604961
22.58	-0.0001788460311
22.59	-0.0001723058803
22.6	-0.0001657436088
22.61	-0.0001591627577
22.62	-0.0001525668422
22.63	-0.0001459593499
22.64	-0.0001393437399
22.65	-0.0001327234408
22.66	-0.0001261018495
22.67	-0.0001194823296
22.68	-0.0001128682106
22.69	-0.0001062627856
22.7	-9.966931095e-05
22.71	-9.309100435e-05
22.72	-8.653104386e-05
22.73	-7.999256665e-05
22.74	-7.347866776e-05
22.75	-6.699239904e-05
22.76	-6.053676796e-05
22.77	-5.411473657e-05
22.78	-4.772922046e-05
22.79	-4.13830877e-05
22.8	-3.507915792e-05
22.81	-2.882020131e-05
22.82	-2.260893778e-05
22.83	-1.644803599e-05
22.84	-1.034011259e-05
22.85	-4.287731385e-06
22.86	1.706597446e-06
22.87	7.640418077e-06
22.88	1.351132974e-05
22.89	1.931698738e-05
22.9	2.505510232e-05
22.91	3.072344281e-05
22.92	3.631983463e-05
22.93	4.18421616e-05
22.94	4.728836608e-05
22.95	5.265644943e-05
22.96	5.794447242e-05
22.97	6.315055564e-05
22.98	6.827287984e-05
22.99	7.330968626e-05
23	7.825927691e-05
23.01	8.312001486e-05
23.02	8.789032438e-05
23.03	9.256869124e-05
23.04	9.715366275e-05
23.05	0.000101643848
23.06	0.0001060379178
23.07	0.0001103346049
23.08	0.0001145327039
23.09	0.0001186310714
23.1	0.0001226286256
23.11	0.0001265243467
23.12	0.0001303172765
23.13	0.0001340065184
23.14	0.0001375912371
23.15	0.0001410706586
23.16	0.0001444440698
23.17	0.0001477108184
23.18	0.0001508703126
23.19	0.0001539220207
23.2	0.0001568654708
23.21	0.0001597002507
23.22	0.0001624260069
23.23	0.000165042445
23.24	0.0001675493287
23.25	0.0001699464793
23.26	0.0001722337757
23.27	0.0001744111534
23.28	0.0001764786043
23.29	0.0001784361759
23.3	0.0001802839709
23.31	0.0001820221465
23.32	0.0001836509138
23.33	0.0001851705372
23.34	0.0001865813338
23.35	0.0001878836723
23.36	0.000189077973
23.37	0.0001901647064
23.38	0.0001911443929
23.39	0.0001920176018
23.4	0.0001927849508
23.41	0.0001934471049
23.42	0.0001940047756
23.43	0.0001944587204
23.44	0.0001948097417
23.45	0.0001950586858
23.46	0.0001952064426
23.47	0.0001952539441
23.48	0.0001952021638
23.49	0.0001950521157
23.5	0.0001948048537
23.51	0.00019446147
23.52	0.000194023095
23.53	0.0001934908956
23.54	0.0001928660747
23.55	0.0001921498701
23.56	0.0001913435536
23.57	0.0001904484298
23.58	0.0001894658353
23.59	0.0001883971377
23.6	0.0001872437346
23.61	0.0001860070525
23.62	0.0001846885459
23.63	0.0001832896962
23.64	0.0001818120107
23.65	0.0001802570215
23.66	0.0001786262849
23.67	0.0001769213798
23.68	0.0001751439069
23.69	0.0001732954877
23.7	0.0001713777637
23.71	0.0001693923948
23.72	0.0001673410589
23.73	0.0001652254504
23.74	0.0001630472794
23.75	0.0001608082708
23.76	0.000158510163
23.77	0.0001561547069
23.78	0.0001537436652
23.79	0.0001512788111
23.8	0.0001487619273
23.81	0.0001461948053
23.82	0.0001435792441
23.83	0.0001409170492
23.84	0.0001382100318
23.85	0.0001354600079
23.86	0.0001326687971
23.87	0.0001298382216
23.88	0.0001269701056
23.89	0.000124066274
23.9	0.0001211285517
23.91	0.0001181587626
23.92	0.0001151587286
23.93	0.0001121302688
23.94	0.0001090751987
23.95	0.000105995329
23.96	0.0001028924651
23.97	9.976840603e-05
23.98	9.662494361e-05
23.99	9.346386167e-05
24	9.028693521e-05
24.01	8.709592957e-05
24.02	8.389259968e-05
24.03	8.067868922e-05
24.04	7.745592989e-05
24.05	7.422604061e-05
24.06	7.099072685e-05
24.07	6.775167982e-05
24.08	6.451057579e-05
24.09	6.126907542e-05
24.1	5.802882302e-05
24.11	5.479144591e-05
24.12	5.155855379e-05
24.13	4.833173804e-05
24.14	4.511257114e-05
24.15	4.190260607e-05
24.16	3.870337568e-05
24.17	3.551639215e-05
24.18	3.234314639e-05
24.19	2.918510756e-05
24.2	2.604372249e-05
24.21	2.292041518e-05
24.22	1.981658631e-05
24.23	1.673361278e-05
24.24	1.367284723e-05
24.25	1.06356176e-05
24.26	7.623226705e-06
24.27	4.636951832e-06
24.28	1.67804434e-06
24.29	-1.252270713e-06
24.3	-4.152794927e-06
24.31	-7.022356901e-06
24.32	-9.859812561e-06
24.33	-1.266404546e-05
24.34	-1.543396708e-05
24.35	-1.816851709e-05
24.36	-2.086666361e-05
24.37	-2.352740346e-05
24.38	-2.614976235e-05
24.39	-2.873279512e-05
24.4	-3.127558593e-05
24.41	-3.37772484e-05
24.42	-3.623692577e-05
24.43	-3.865379109e-05
24.44	-4.102704727e-05
24.45	-4.335592722e-05
24.46	-4.563969397e-05
24.47	-4.787764069e-05
24.48	-5.006909076e-05
24.49	-5.221339785e-05
24.5	-5.43099459e-05
24.51	-5.635814916e-05
24.52	-5.835745215e-05
24.53	-6.030732968e-05
24.54	-6.220728682e-05
24.55	-6.405685878e-05
24.56	-6.585561092e-05
24.57	-6.760313865e-05
24.58	-6.929906732e-05
24.59	-7.09430521e-05
24.6	-7.25347779e-05
24.61	-7.407395921e-05
24.62	-7.556033995e-05
24.63	-7.699369329e-05
24.64	-7.837382152e-05
24.65	-7.970055581e-05
24.66	-8.097375605e-05
24.67	-8.21933106e-05
24.68	-8.335913607e-05
24.69	-8.447117711e-05
24.7	-8.552940614e-05
24.71	-8.653382306e-05
24.72	-8.748445504e-05
24.73	-8.838135615e-05
24.74	-8.922460717e-05
24.75	-9.001431517e-05
24.76	-9.07506133e-05
24.77	-9.143366037e-05
24.78	-9.206364059e-05
24.79	-9.264076318e-05
24.8	-9.316526201e-05
24.81	-9.36373953e-05
24.82	-9.405744514e-05
24.83	-9.442571722e-05
24.84	-9.474254036e-05
24.85	-9.500826617e-05
24.86	-9.52232686e-05
24.87	-9.538794354e-05
24.88	-9.550270844e-05
24.89	-9.556800182e-05
24.9	-9.55842829e-05
24.91	-9.555203112e-05
24.92	-9.54717457e-05
24.93	-9.534394523e-05
24.94	-9.516916715e-05
24.95	-9.494796736e-05
24.96	-9.468091968e-05
24.97	-9.436861546e-05
24.98	-9.401166305e-05
24.99	-9.361068735e-05
25	-9.31663293e-05
25.01	-9.267924545e-05
25.02	-9.21501074e-05
25.03	-9.157960138e-05
25.04	-9.096842772e-05
25.05	-9.031730035e-05
25.06	-8.962694632e-05
25.07	-8.88981053e-05
25.08	-8.813152908e-05
25.09	-8.732798105e-05
25.1	-8.648823574e-05
25.11	-8.561307827e-05
25.12	-8.470330387e-05
25.13	-8.375971739e-05
25.14	-8.278313276e-05
25.15	-8.177437252e-05
25.16	-8.073426732e-05
25.17	-7.96636554e-05
25.18	-7.856338209e-05
25.19	-7.743429932e-05
25.2	-7.627726513e-05
25.21	-7.509314316e-05
25.22	-7.388280218e-05
25.23	-7.264711556e-05
25.24	-7.138696083e-05
25.25	-7.010321914e-05
25.26	-6.879677485e-05
25.27	-6.746851497e-05
25.28	-6.611932875e-05
25.29	-6.475010716e-05
25.3	-6.336174247e-05
25.31	-6.195512774e-05
25.32	-6.053115639e-05
25.33	-5.909072172e-05
25.34	-5.763471648e-05
25.35	-5.616403243e-05
25.36	-5.467955986e-05
25.37	-5.31821872e-05
25.38	-5.167280056e-05
25.39	-5.01522833e-05
25.4	-4.862151566e-05
25.41	-4.708137427e-05
25.42	-4.55327318e-05
25.43	-4.397645653e-05
25.44	-4.241341197e-05
25.45	-4.084445646e-05
25.46	-3.92704428e-05
25.47	-3.769221785e-05
25.48	-3.611062218e-05
25.49	-3.45264897e-05
25.5	-3.294064732e-05
25.51	-3.135391457e-05
25.52	-2.976710328e-05
25.53	-2.818101725e-05
25.54	-2.65964519e-05
25.55	-2.501419399e-05
25.56	-2.343502126e-05
25.57	-2.185970216e-05
25.58	-2.028899555e-05
25.59	-1.872365039e-05
25.6	-1.716440549e-05
25.61	-1.56119892e-05
25.62	-1.40671192e-05
25.63	-1.253050218e-05
25.64	-1.100283364e-05
25.65	-9.484797618e-06
25.66	-7.977066483e-06
25.67	-6.480300693e-06
25.68	-4.995148585e-06
25.69	-3.52224617e-06
25.7	-2.06221693e-06
25.71	-6.156716298e-07
25.72	8.167918679e-07
25.73	2.234588774e-06
25.74	3.637147542e-06
25.75	5.023910022e-06
25.76	6.394331611e-06
25.77	7.747881398e-06
25.78	9.084042288e-06
25.79	1.040231113e-05
25.8	1.170219885e-05
25.81	1.298323051e-05
25.82	1.424494548e-05
25.83	1.548689745e-05
25.84	1.670865457e-05
25.85	1.790979952e-05
25.86	1.908992954e-05
25.87	2.024865653e-05
25.88	2.138560706e-05
25.89	2.250042247e-05
25.9	2.359275883e-05
25.91	2.466228704e-05
25.92	2.57086928e-05
25.93	2.673167666e-05
25.94	2.773095396e-05
25.95	2.870625491e-05
25.96	2.965732453e-05
25.97	3.058392262e-05
25.98	3.148582377e-05
25.99	3.236281731e-05
26	3.321470727e-05
26.01	3.404131232e-05
26.02	3.484246576e-05
26.03	3.56180154e-05
26.04	3.636782353e-05
26.05	3.709176684e-05
26.06	3.778973634e-05
26.07	3.846163725e-05
26.08	3.910738896e-05
26.09	3.972692485e-05
26.1	4.032019227e-05
26.11	4.088715236e-05
26.12	4.142777997e-05
26.13	4.194206353e-05
26.14	4.243000491e-05
26.15	4.289161929e-05
26.16	4.332693504e-05
26.17	4.373599352e-05
26.18	4.411884901e-05
26.19	4.447556848e-05
26.2	4.480623146e-05
26.21	4.51109299e-05
26.22	4.538976794e-05
26.23	4.56428618e-05
26.24	4.587033955e-05
26.25	4.607234097e-05
26.26	4.624901732e-05
26.27	4.640053118e-05
26.28	4.652705626e-05
26.29	4.662877716e-05
26.3	4.670588921e-05
26.31	4.675859826e-05
26.32	4.678712045e-05
26.33	4.679168199e-05
26.34	4.677251901e-05
26.35	4.672987725e-05
26.36	4.666401191e-05
26.37	4.657518742e-05
26.38	4.646367715e-05
26.39	4.632976327e-05
26.4	4.617373647e-05
26.41	4.599589573e-05
26.42	4.579654811e-05
26.43	4.557600847e-05
26.44	4.533459929e-05
26.45	4.507265039e-05
26.46	4.479049871e-05
26.47	4.448848805e-05
26.48	4.416696884e-05
26.49	4.38262979e-05
26.5	4.34668382e-05
26.51	4.308895859e-05
26.52	4.269303358e-05
26.53	4.227944308e-05
26.54	4.184857218e-05
26.55	4.140081084e-05
26.56	4.093655374e-05
26.57	4.045619995e-05
26.58	3.996015271e-05
26.59	3.94488192e-05
26.6	3.89226103e-05
26.61	3.838194029e-05
26.62	3.782722669e-05
26.63	3.725888993e-05
26.64	3.667735319e-05
26.65	3.60830421e-05
26.66	3.547638451e-05
26.67	3.485781028e-05
26.68	3.422775101e-05
26.69	3.358663982e-05
26.7	3.293491113e-05
26.71	3.227300038e-05
26.72	3.160134386e-05
26.73	3.092037842e-05
26.74	3.023054131e-05
26.75	2.953226988e-05
26.76	2.882600143e-05
26.77	2.811217294e-05
26.78	2.739122087e-05
26.79	2.666358094e-05
26.8	2.592968793e-05
26.81	2.518997543e-05
26.82	2.444487569e-05
26.83	2.369481938e-05
26.84	2.294023538e-05
26.85	2.21815506e-05
26.86	2.141918979e-05
26.87	2.065357532e-05
26.88	1.988512701e-05
26.89	1.911426192e-05
26.9	1.834139421e-05
26.91	1.756693491e-05
26.92	1.679129179e-05
26.93	1.601486913e-05
26.94	1.523806761e-05
26.95	1.44612841e-05
26.96	1.368491152e-05
26.97	1.290933866e-05
26.98	1.213495005e-05
26.99	1.136212579e-05
27	1.059124141e-05
27.01	9.822667702e-06
27.02	9.056770628e-06
27.03	8.293911136e-06
27.04	7.534445052e-06
27.05	6.778722941e-06
27.06	6.027089987e-06
27.07	5.27988587e-06
27.08	4.537444647e-06
27.09	3.800094643e-06
27.1	3.068158339e-06
27.11	2.341952268e-06
27.12	1.621786912e-06
27.13	9.079666082e-07
27.14	2.007894546e-07
27.15	-4.994527792e-07
27.16	-1.192474736e-06
27.17	-1.877997552e-06
27.18	-2.555748932e-06
27.19	-3.225463226e-06
27.2	-3.88688149e-06
27.21	-4.539751558e-06
27.22	-5.183828099e-06
27.23	-5.818872671e-06
27.24	-6.444653777e-06
27.25	-7.06094691e-06
27.26	-7.6675346e-06
27.27	-8.264206451e-06
27.28	-8.850759178e-06
27.29	-9.426996641e-06
27.3	-9.99272987e-06
27.31	-1.054777709e-05
27.32	-1.109196375e-05
27.33	-1.162512253e-05
27.34	-1.214709334e-05
27.35	-1.265772336e-05
27.36	-1.315686702e-05
27.37	-1.364438604e-05
27.38	-1.412014935e-05
27.39	-1.458403317e-05
27.4	-1.503592096e-05
27.41	-1.547570339e-05
27.42	-1.590327836e-05
27.43	-1.631855097e-05
27.44	-1.672143346e-05
27.45	-1.711184525e-05
27.46	-1.748971285e-05
27.47	-1.785496985e-05
27.48	-1.82075569e-05
27.49	-1.854742163e-05
27.5	-1.887451864e-05
27.51	-1.918880945e-05
27.52	-1.949026243e-05
27.53	-1.977885276e-05
27.54	-2.005456239e-05
27.55	-2.031737996e-05
27.56	-2.056730075e-05
27.57	-2.080432662e-05
27.58	-2.102846591e-05
27.59	-2.123973342e-05
27.6	-2.143815032e-05
27.61	-2.162374407e-05
27.62	-2.179654834e-05
27.63	-2.195660293e-05
27.64	-2.210395371e-05
27.65	-2.223865253e-05
27.66	-2.236075709e-05
27.67	-2.247033093e-05
27.68	-2.256744328e-05
27.69	-2.265216898e-05
27.7	-2.272458842e-05
27.71	-2.278478739e-05
27.72	-2.283285703e-05
27.73	-2.286889369e-05
27.74	-2.289299888e-05
27.75	-2.29052791e-05
27.76	-2.290584582e-05
27.77	-2.289481529e-05
27.78	-2.287230848e-05
27.79	-2.283845099e-05
27.8	-2.279337289e-05
27.81	-2.273720862e-05
27.82	-2.267009694e-05
27.83	-2.259218072e-05
27.84	-2.25036069e-05
27.85	-2.240452635e-05
27.86	-2.229509376e-05
27.87	-2.217546751e-05
27.88	-2.204580956e-05
27.89	-2.190628535e-05
27.9	-2.175706365e-05
27.91	-2.159831647e-05
27.92	-2.143021892e-05
27.93	-2.125294911e-05
27.94	-2.106668801e-05
27.95	-2.087161935e-05
27.96	-2.066792948e-05
27.97	-2.045580725e-05
27.98	-2.023544393e-05
27.99	-2.000703301e-05
28	-1.977077017e-05
28.01	-1.95268531e-05
28.02	-1.927548138e-05
28.03	-1.901685642e-05
28.04	-1.875118124e-05
28.05	-1.847866046e-05
28.06	-1.81995001e-05
28.07	-1.791390749e-05
28.08	-1.762209115e-05
28.09	-1.73242607e-05
28.1	-1.702062669e-05
28.11	-1.671140052e-05
28.12	-1.639679432e-05
28.13	-1.607702084e-05
28.14	-1.57522933e-05
28.15	-1.542282534e-05
28.16	-1.508883084e-05
28.17	-1.475052388e-05
28.18	-1.440811856e-05
28.19	-1.406182893e-05
28.2	-1.371186889e-05
28.21	-1.335845205e-05
28.22	-1.300179167e-05
28.23	-1.26421005e-05
28.24	-1.227959072e-05
28.25	-1.191447383e-05
28.26	-1.154696055e-05
28.27	-1.117726069e-05
28.28	-1.08055831e-05
28.29	-1.043213555e-05
28.3	-1.005712463e-05
28.31	-9.680755684e-06
28.32	-9.303232679e-06
28.33	-8.924758147e-06
28.34	-8.545533085e-06
28.35	-8.16575687e-06
28.36	-7.785627172e-06
28.37	-7.405339876e-06
28.38	-7.025088996e-06
28.39	-6.645066597e-06
28.4	-6.265462717e-06
28.41	-5.886465294e-06
28.42	-5.508260084e-06
28.43	-5.1310306e-06
28.44	-4.75495803e-06
28.45	-4.380221176e-06
28.46	-4.006996386e-06
28.47	-3.635457485e-06
28.48	-3.265775718e-06
28.49	-2.898119686e-06
28.5	-2.532655286e-06
28.51	-2.169545655e-06
28.52	-1.808951117e-06
28.53	-1.451029127e-06
28.54	-1.09593422e-06
28.55	-7.438179635e-07
28.56	-3.948289102e-07
28.57	-4.911255102e-08
28.58	2.931887266e-07
28.59	6.3193568e-07
28.6	9.66992251e-07
28.61	1.298225603e-06
28.62	1.625506154e-06
28.63	1.948707615e-06
28.64	2.267707016e-06
28.65	2.582384735e-06
28.66	2.892624532e-06
28.67	3.198313565e-06
28.68	3.49934242e-06
28.69	3.79560513e-06
28.7	4.086999193e-06
28.71	4.373425592e-06
28.72	4.654788809e-06
28.73	4.930996839e-06
28.74	5.201961198e-06
28.75	5.467596941e-06
28.76	5.727822662e-06
28.77	5.982560503e-06
28.78	6.231736158e-06
28.79	6.475278875e-06
28.8	6.713121458e-06
28.81	6.945200261e-06
28.82	7.171455191e-06
28.83	7.391829699e-06
28.84	7.606270776e-06
28.85	7.814728939e-06
28.86	8.01715823e-06
28.87	8.213516197e-06
28.88	8.403763881e-06
28.89	8.587865807e-06
28.9	8.765789959e-06
28.91	8.937507768e-06
28.92	9.102994089e-06
28.93	9.262227183e-06
28.94	9.415188688e-06
28.95	9.561863601e-06
28.96	9.70224025e-06
28.97	9.836310265e-06
28.98	9.964068552e-06
28.99	1.008551326e-05
29	1.020064575e-05
29.01	1.030947057e-05
29.02	1.041199542e-05
29.03	1.050823108e-05
29.04	1.059819145e-05
29.05	1.068189343e-05
29.06	1.075935694e-05
29.07	1.083060486e-05
29.08	1.089566297e-05
29.09	1.095455994e-05
29.1	1.100732727e-05
29.11	1.105399925e-05
29.12	1.109461291e-05
29.13	1.112920797e-05
29.14	1.115782683e-05
29.15	1.118051445e-05
29.16	1.119731837e-05
29.17	1.120828864e-05
29.18	1.121347775e-05
29.19	1.12129406e-05
29.2	1.120673442e-05
29.21	1.119491879e-05
29.22	1.117755548e-05
29.23	1.115470848e-05
29.24	1.112644392e-05
29.25	1.109283002e-05
29.26	1.1053937e-05
29.27	1.100983708e-05
29.28	1.096060438e-05
29.29	1.090631489e-05
29.3	1.08470464e-05
29.31	1.078287844e-05
29.32	1.071389224e-05
29.33	1.064017065e-05
29.34	1.056179809e-05
29.35	1.047886051e-05
29.36	1.03914453e-05
29.37	1.029964124e-05
29.38	1.020353847e-05
29.39	1.010322839e-05
29.4	9.998803631e-06
29.41	9.890357972e-06
29.42	9.777986304e-06
29.43	9.661784559e-06
29.44	9.54184965e-06
29.45	9.418279416e-06
29.46	9.291172564e-06
29.47	9.160628606e-06
29.48	9.026747803e-06
29.49	8.88963111e-06
29.5	8.749380113e-06
29.51	8.606096972e-06
29.52	8.459884368e-06
29.53	8.310845441e-06
29.54	8.159083734e-06
29.55	8.00470314e-06
29.56	7.847807841e-06
29.57	7.688502259e-06
29.58	7.526890991e-06
29.59	7.363078765e-06
29.6	7.197170378e-06
29.61	7.029270646e-06
29.62	6.85948435e-06
29.63	6.687916182e-06
29.64	6.514670696e-06
29.65	6.339852252e-06
29.66	6.16356497e-06
29.67	5.985912675e-06
29.68	5.806998851e-06
29.69	5.626926592e-06
29.7	5.445798549e-06
29.71	5.263716889e-06
29.72	5.080783245e-06
29.73	4.897098666e-06
29.74	4.712763581e-06
29.75	4.527877745e-06
29.76	4.3425402e-06
29.77	4.156849233e-06
29.78	3.970902329e-06
29.79	3.784796134e-06
29.8	3.598626414e-06
29.81	3.412488012e-06
29.82	3.226474813e-06
29.83	3.040679703e-06
29.84	2.855194536e-06
29.85	2.670110093e-06
29.86	2.48551605e-06
29.87	2.301500941e-06
29.88	2.118152129e-06
29.89	1.935555766e-06
29.9	1.753796771e-06
29.91	1.572958792e-06
29.92	1.393124177e-06
29.93	1.21437395e-06
29.94	1.036787778e-06
29.95	8.604439468e-07
29.96	6.854193343e-07
29.97	5.117893861e-07
29.98	3.396280915e-07
29.99	1.6900796e-07
30	-7.501913334e-21
