temps	angle
0	0
0.01	0.7665557994
0.02	1.526622181
0.03	2.279872647
0.04	3.025986692
0.05	3.764649915
0.06	4.495554129
0.07	5.218397463
0.08	5.932884462
0.09	6.638726184
0.1	7.335640289
0.11	8.023351133
0.12	8.701589845
0.13	9.37009441
0.14	10.02860974
0.15	10.67688777
0.16	11.31468747
0.17	11.94177499
0.18	12.55792362
0.19	13.16291395
0.2	13.75653384
0.21	14.33857851
0.22	14.90885057
0.23	15.46716005
0.24	16.01332447
0.25	16.54716883
0.26	17.06852565
0.27	17.57723501
0.28	18.07314456
0.29	18.55610952
0.3	19.02599271
0.31	19.48266456
0.32	19.9260031
0.33	20.35589397
0.34	20.7722304
0.35	21.17491323
0.36	21.56385088
0.37	21.93895934
0.38	22.30016215
0.39	22.64739038
0.4	22.9805826
0.41	23.29968484
0.42	23.60465061
0.43	23.89544078
0.44	24.17202362
0.45	24.4343747
0.46	24.68247688
0.47	24.91632024
0.48	25.13590204
0.49	25.34122664
0.5	25.53230549
0.51	25.70915701
0.52	25.87180657
0.53	26.0202864
0.54	26.15463552
0.55	26.27489967
0.56	26.38113124
0.57	26.47338918
0.58	26.55173893
0.59	26.61625233
0.6	26.66700751
0.61	26.70408886
0.62	26.72758686
0.63	26.73759808
0.64	26.73422498
0.65	26.71757589
0.66	26.68776489
0.67	26.64491168
0.68	26.5891415
0.69	26.52058503
0.7	26.43937827
0.71	26.34566243
0.72	26.2395838
0.73	26.12129368
0.74	25.99094824
0.75	25.84870839
0.76	25.69473968
0.77	25.52921219
0.78	25.35230039
0.79	25.16418301
0.8	24.96504294
0.81	24.75506712
0.82	24.53444636
0.83	24.30337527
0.84	24.06205209
0.85	23.81067859
0.86	23.54945994
0.87	23.27860457
0.88	22.99832404
0.89	22.70883292
0.9	22.41034864
0.91	22.1030914
0.92	21.78728398
0.93	21.46315166
0.94	21.13092205
0.95	20.790825
0.96	20.44309243
0.97	20.0879582
0.98	19.72565801
0.99	19.35642924
1	18.98051081
1.01	18.5981431
1.02	18.20956774
1.03	17.81502757
1.04	17.41476642
1.05	17.00902906
1.06	16.59806101
1.07	16.18210844
1.08	15.76141806
1.09	15.33623694
1.1	14.90681244
1.11	14.47339205
1.12	14.03622328
1.13	13.59555353
1.14	13.15162996
1.15	12.70469941
1.16	12.25500822
1.17	11.80280216
1.18	11.34832627
1.19	10.8918248
1.2	10.43354104
1.21	9.973717219
1.22	9.512594427
1.23	9.050412464
1.24	8.58740975
1.25	8.123823214
1.26	7.659888187
1.27	7.195838298
1.28	6.731905372
1.29	6.268319329
1.3	5.805308083
1.31	5.343097448
1.32	4.881911039
1.33	4.421970179
1.34	3.963493808
1.35	3.506698395
1.36	3.051797845
1.37	2.599003416
1.38	2.148523636
1.39	1.700564219
1.4	1.255327986
1.41	0.8130147853
1.42	0.3738214206
1.43	-0.06205842639
1.44	-0.4944342655
1.45	-0.9231188682
1.46	-1.347928335
1.47	-1.768682158
1.48	-2.185203289
1.49	-2.597318194
1.5	-3.004856915
1.51	-3.407653125
1.52	-3.805544184
1.53	-4.198371187
1.54	-4.585979014
1.55	-4.968216381
1.56	-5.34493588
1.57	-5.715994023
1.58	-6.081251282
1.59	-6.44057213
1.6	-6.793825071
1.61	-7.140882676
1.62	-7.481621617
1.63	-7.815922691
1.64	-8.143670847
1.65	-8.464755213
1.66	-8.779069117
1.67	-9.086510105
1.68	-9.386979958
1.69	-9.680384711
1.7	-9.966634662
1.71	-10.24564438
1.72	-10.51733273
1.73	-10.78162285
1.74	-11.03844219
1.75	-11.28772247
1.76	-11.52939974
1.77	-11.7634143
1.78	-11.98971078
1.79	-12.20823807
1.8	-12.41894934
1.81	-12.62180201
1.82	-12.81675776
1.83	-13.00378252
1.84	-13.1828464
1.85	-13.35392375
1.86	-13.51699307
1.87	-13.67203703
1.88	-13.81904242
1.89	-13.95800015
1.9	-14.08890519
1.91	-14.21175658
1.92	-14.32655736
1.93	-14.43331454
1.94	-14.5320391
1.95	-14.62274593
1.96	-14.70545376
1.97	-14.78018518
1.98	-14.84696656
1.99	-14.90582802
2	-14.95680337
2.01	-14.9999301
2.02	-15.03524926
2.03	-15.06280551
2.04	-15.08264699
2.05	-15.09482529
2.06	-15.09939542
2.07	-15.09641572
2.08	-15.08594784
2.09	-15.06805664
2.1	-15.04281019
2.11	-15.01027965
2.12	-14.97053925
2.13	-14.92366621
2.14	-14.86974069
2.15	-14.80884573
2.16	-14.74106714
2.17	-14.66649351
2.18	-14.58521609
2.19	-14.49732874
2.2	-14.40292786
2.21	-14.30211232
2.22	-14.19498341
2.23	-14.08164473
2.24	-13.96220216
2.25	-13.83676377
2.26	-13.70543976
2.27	-13.56834236
2.28	-13.42558581
2.29	-13.27728622
2.3	-13.12356156
2.31	-12.96453156
2.32	-12.8003176
2.33	-12.63104273
2.34	-12.45683148
2.35	-12.27780988
2.36	-12.09410534
2.37	-11.90584659
2.38	-11.71316359
2.39	-11.51618748
2.4	-11.31505046
2.41	-11.1098858
2.42	-10.90082765
2.43	-10.68801109
2.44	-10.47157194
2.45	-10.25164678
2.46	-10.02837282
2.47	-9.801887833
2.48	-9.572330113
2.49	-9.339838368
2.5	-9.104551663
2.51	-8.866609347
2.52	-8.62615098
2.53	-8.38331626
2.54	-8.138244957
2.55	-7.891076839
2.56	-7.641951603
2.57	-7.391008807
2.58	-7.138387803
2.59	-6.884227666
2.6	-6.628667129
2.61	-6.371844517
2.62	-6.11389768
2.63	-5.854963929
2.64	-5.595179974
2.65	-5.334681856
2.66	-5.073604888
2.67	-4.812083595
2.68	-4.550251648
2.69	-4.28824181
2.7	-4.026185873
2.71	-3.764214603
2.72	-3.502457682
2.73	-3.24104365
2.74	-2.980099855
2.75	-2.719752394
2.76	-2.460126064
2.77	-2.201344307
2.78	-1.943529164
2.79	-1.68680122
2.8	-1.43127956
2.81	-1.177081717
2.82	-0.924323633
2.83	-0.6731196062
2.84	-0.4235822522
2.85	-0.17582246
2.86	0.07005064974
2.87	0.3139297647
2.88	0.5557094196
2.89	0.7952860344
2.9	1.032557951
2.91	1.267425466
2.92	1.499790871
2.93	1.729558477
2.94	1.956634653
2.95	2.180927851
2.96	2.40234864
2.97	2.620809727
2.98	2.836225992
2.99	3.048514504
3	3.257594553
3.01	3.463387666
3.02	3.66581763
3.03	3.864810517
3.04	4.060294694
3.05	4.252200847
3.06	4.440461994
3.07	4.625013501
3.08	4.805793094
3.09	4.982740872
3.1	5.15579932
3.11	5.324913314
3.12	5.490030134
3.13	5.651099467
3.14	5.808073418
3.15	5.960906508
3.16	6.109555683
3.17	6.253980314
3.18	6.394142196
3.19	6.530005552
3.2	6.661537028
3.21	6.78870569
3.22	6.911483024
3.23	7.029842925
3.24	7.143761698
3.25	7.253218043
3.26	7.358193053
3.27	7.4586702
3.28	7.554635327
3.29	7.646076633
3.3	7.732984664
3.31	7.815352295
3.32	7.893174721
3.33	7.966449433
3.34	8.035176205
3.35	8.09935708
3.36	8.158996341
3.37	8.214100502
3.38	8.264678278
3.39	8.310740569
3.4	8.352300434
3.41	8.389373069
3.42	8.421975781
3.43	8.450127963
3.44	8.47385107
3.45	8.493168589
3.46	8.50810601
3.47	8.518690803
3.48	8.524952382
3.49	8.52692208
3.5	8.524633114
3.51	8.518120557
3.52	8.507421303
3.53	8.492574036
3.54	8.473619196
3.55	8.450598944
3.56	8.423557129
3.57	8.39253925
3.58	8.357592424
3.59	8.318765347
3.6	8.276108255
3.61	8.229672895
3.62	8.179512477
3.63	8.125681642
3.64	8.068236423
3.65	8.007234204
3.66	7.942733682
3.67	7.874794826
3.68	7.803478841
3.69	7.728848122
3.7	7.650966217
3.71	7.569897786
3.72	7.485708558
3.73	7.398465292
3.74	7.308235736
3.75	7.215088582
3.76	7.119093427
3.77	7.020320733
3.78	6.918841778
3.79	6.814728623
3.8	6.708054064
3.81	6.598891591
3.82	6.487315346
3.83	6.373400083
3.84	6.257221123
3.85	6.138854314
3.86	6.018375988
3.87	5.895862919
3.88	5.771392282
3.89	5.645041612
3.9	5.51688876
3.91	5.387011855
3.92	5.25548926
3.93	5.122399534
3.94	4.987821389
3.95	4.85183365
3.96	4.714515216
3.97	4.57594502
3.98	4.436201987
3.99	4.295364999
4	4.153512852
4.01	4.01072422
4.02	3.867077618
4.03	3.722651358
4.04	3.577523519
4.05	3.431771908
4.06	3.285474019
4.07	3.138707002
4.08	2.991547628
4.09	2.844072247
4.1	2.696356762
4.11	2.548476587
4.12	2.400506621
4.13	2.252521208
4.14	2.104594108
4.15	1.956798464
4.16	1.809206772
4.17	1.661890848
4.18	1.514921798
4.19	1.36836999
4.2	1.222305022
4.21	1.076795698
4.22	0.931909994
4.23	0.7877150365
4.24	0.6442770722
4.25	0.5016614436
4.26	0.3599325633
4.27	0.2191538896
4.28	0.07938790204
4.29	-0.05930392137
4.3	-0.1968611271
4.31	-0.3332243078
4.32	-0.4683351238
4.33	-0.6021363232
4.34	-0.7345717621
4.35	-0.8655864237
4.36	-0.9951264363
4.37	-1.123139091
4.38	-1.24957286
4.39	-1.374377411
4.4	-1.497503622
4.41	-1.6189036
4.42	-1.738530692
4.43	-1.856339498
4.44	-1.972285884
4.45	-2.086326997
4.46	-2.19842127
4.47	-2.30852844
4.48	-2.41660955
4.49	-2.522626964
4.5	-2.62654437
4.51	-2.728326794
4.52	-2.827940601
4.53	-2.925353502
4.54	-3.020534562
4.55	-3.113454203
4.56	-3.204084208
4.57	-3.292397723
4.58	-3.378369262
4.59	-3.461974707
4.6	-3.543191309
4.61	-3.621997689
4.62	-3.69837384
4.63	-3.77230112
4.64	-3.843762256
4.65	-3.91274134
4.66	-3.979223825
4.67	-4.043196523
4.68	-4.1046476
4.69	-4.16356657
4.7	-4.219944292
4.71	-4.27377296
4.72	-4.325046101
4.73	-4.373758564
4.74	-4.419906515
4.75	-4.463487423
4.76	-4.504500058
4.77	-4.542944475
4.78	-4.578822011
4.79	-4.612135263
4.8	-4.64288809
4.81	-4.671085589
4.82	-4.69673409
4.83	-4.719841143
4.84	-4.740415499
4.85	-4.758467101
4.86	-4.774007069
4.87	-4.787047682
4.88	-4.797602367
4.89	-4.80568568
4.9	-4.811313291
4.91	-4.814501967
4.92	-4.815269554
4.93	-4.813634963
4.94	-4.809618147
4.95	-4.803240086
4.96	-4.79452277
4.97	-4.783489175
4.98	-4.770163248
4.99	-4.754569885
5	-4.736734913
5.01	-4.716685068
5.02	-4.694447974
5.03	-4.670052125
5.04	-4.643526861
5.05	-4.614902349
5.06	-4.584209558
5.07	-4.551480243
5.08	-4.516746916
5.09	-4.480042828
5.1	-4.441401947
5.11	-4.400858932
5.12	-4.358449114
5.13	-4.314208471
5.14	-4.268173605
5.15	-4.220381719
5.16	-4.170870595
5.17	-4.119678568
5.18	-4.066844505
5.19	-4.012407779
5.2	-3.956408248
5.21	-3.898886231
5.22	-3.839882481
5.23	-3.779438164
5.24	-3.717594837
5.25	-3.654394419
5.26	-3.589879173
5.27	-3.524091677
5.28	-3.457074805
5.29	-3.3888717
5.3	-3.319525752
5.31	-3.249080573
5.32	-3.177579974
5.33	-3.105067946
5.34	-3.031588627
5.35	-2.957186289
5.36	-2.881905309
5.37	-2.805790148
5.38	-2.728885326
5.39	-2.651235404
5.4	-2.572884957
5.41	-2.493878554
5.42	-2.414260734
5.43	-2.334075988
5.44	-2.253368732
5.45	-2.17218329
5.46	-2.090563868
5.47	-2.008554539
5.48	-1.926199217
5.49	-1.843541639
5.5	-1.760625343
5.51	-1.67749365
5.52	-1.594189642
5.53	-1.510756143
5.54	-1.427235703
5.55	-1.343670572
5.56	-1.26010269
5.57	-1.17657366
5.58	-1.093124737
5.59	-1.009796808
5.6	-0.9266303705
5.61	-0.8436655222
5.62	-0.7609419396
5.63	-0.6784988633
5.64	-0.5963750816
5.65	-0.5146089149
5.66	-0.4332382003
5.67	-0.3523002765
5.68	-0.2718319695
5.69	-0.1918695781
5.7	-0.1124488601
5.71	-0.03360501902
5.72	0.04462730937
5.73	0.1222140695
5.74	0.1991217984
5.75	0.2753176376
5.76	0.3507693447
5.77	0.4254453045
5.78	0.4993145396
5.79	0.5723467211
5.8	0.6445121781
5.81	0.7157819074
5.82	0.7861275826
5.83	0.855521563
5.84	0.9239369014
5.85	0.9913473526
5.86	1.05772738
5.87	1.123052165
5.88	1.187297608
5.89	1.250440343
5.9	1.312457737
5.91	1.373327895
5.92	1.433029672
5.93	1.491542669
5.94	1.548847242
5.95	1.604924506
5.96	1.659756337
5.97	1.713325374
5.98	1.765615022
5.99	1.816609458
6	1.866293627
6.01	1.914653247
6.02	1.961674807
6.03	2.007345573
6.04	2.051653582
6.05	2.094587645
6.06	2.136137345
6.07	2.176293038
6.08	2.215045851
6.09	2.252387679
6.1	2.288311183
6.11	2.322809789
6.12	2.355877685
6.13	2.387509816
6.14	2.417701882
6.15	2.446450335
6.16	2.473752371
6.17	2.499605932
6.18	2.524009693
6.19	2.546963064
6.2	2.56846618
6.21	2.588519897
6.22	2.607125784
6.23	2.624286122
6.24	2.640003887
6.25	2.654282755
6.26	2.667127086
6.27	2.678541917
6.28	2.688532961
6.29	2.697106589
6.3	2.704269831
6.31	2.710030359
6.32	2.714396485
6.33	2.717377146
6.34	2.718981899
6.35	2.719220908
6.36	2.718104938
6.37	2.715645339
6.38	2.711854042
6.39	2.706743545
6.4	2.700326902
6.41	2.692617713
6.42	2.683630114
6.43	2.673378763
6.44	2.661878831
6.45	2.649145989
6.46	2.635196397
6.47	2.620046692
6.48	2.603713973
6.49	2.586215796
6.5	2.567570153
6.51	2.547795465
6.52	2.526910569
6.53	2.504934703
6.54	2.481887495
6.55	2.45778895
6.56	2.432659436
6.57	2.406519673
6.58	2.379390718
6.59	2.351293951
6.6	2.322251065
6.61	2.292284051
6.62	2.261415184
6.63	2.229667009
6.64	2.197062331
6.65	2.163624199
6.66	2.129375893
6.67	2.094340909
6.68	2.05854295
6.69	2.022005908
6.7	1.984753852
6.71	1.946811017
6.72	1.908201786
6.73	1.868950682
6.74	1.829082351
6.75	1.788621548
6.76	1.747593128
6.77	1.70602203
6.78	1.663933262
6.79	1.621351893
6.8	1.578303037
6.81	1.53481184
6.82	1.490903466
6.83	1.44660309
6.84	1.401935877
6.85	1.356926978
6.86	1.311601511
6.87	1.265984553
6.88	1.220101125
6.89	1.173976181
6.9	1.127634598
6.91	1.081101161
6.92	1.034400555
6.93	0.9875573481
6.94	0.9405959868
6.95	0.89354078
6.96	0.8464158902
6.97	0.7992453217
6.98	0.7520529103
6.99	0.7048623131
7	0.6576969973
7.01	0.6105802309
7.02	0.5635350721
7.03	0.5165843599
7.04	0.4697507043
7.05	0.4230564768
7.06	0.3765238014
7.07	0.3301745452
7.08	0.2840303101
7.09	0.2381124236
7.1	0.1924419307
7.11	0.1470395858
7.12	0.1019258442
7.13	0.05712085472
7.14	0.01264445208
7.15	-0.03148385063
7.16	-0.07524486901
7.17	-0.1186197543
7.18	-0.1615899999
7.19	-0.2041374484
7.2	-0.2462442969
7.21	-0.2878931042
7.22	-0.3290667956
7.23	-0.3697486689
7.24	-0.4099223998
7.25	-0.4495720469
7.26	-0.4886820567
7.27	-0.527237268
7.28	-0.5652229165
7.29	-0.602624639
7.3	-0.6394284774
7.31	-0.675620882
7.32	-0.7111887158
7.33	-0.7461192568
7.34	-0.7804002017
7.35	-0.8140196685
7.36	-0.846966199
7.37	-0.8792287611
7.38	-0.9107967509
7.39	-0.9416599948
7.4	-0.9718087508
7.41	-1.00123371
7.42	-1.029925998
7.43	-1.057877175
7.44	-1.085079239
7.45	-1.111524623
7.46	-1.137206196
7.47	-1.162117267
7.48	-1.186251578
7.49	-1.20960331
7.5	-1.232167078
7.51	-1.253937934
7.52	-1.274911363
7.53	-1.295083282
7.54	-1.31445004
7.55	-1.333008415
7.56	-1.350755616
7.57	-1.367689273
7.58	-1.383807444
7.59	-1.399108606
7.6	-1.413591655
7.61	-1.427255904
7.62	-1.440101076
7.63	-1.452127307
7.64	-1.463335139
7.65	-1.473725514
7.66	-1.483299778
7.67	-1.492059667
7.68	-1.500007313
7.69	-1.507145232
7.7	-1.513476326
7.71	-1.519003871
7.72	-1.523731522
7.73	-1.527663298
7.74	-1.530803585
7.75	-1.533157127
7.76	-1.534729022
7.77	-1.535524715
7.78	-1.535549997
7.79	-1.534810992
7.8	-1.533314159
7.81	-1.53106628
7.82	-1.528074459
7.83	-1.524346112
7.84	-1.519888963
7.85	-1.514711037
7.86	-1.508820654
7.87	-1.502226422
7.88	-1.494937231
7.89	-1.486962244
7.9	-1.478310895
7.91	-1.468992878
7.92	-1.459018141
7.93	-1.448396882
7.94	-1.437139536
7.95	-1.425256773
7.96	-1.41275949
7.97	-1.399658802
7.98	-1.385966036
7.99	-1.371692722
8	-1.35685059
8.01	-1.341451556
8.02	-1.325507722
8.03	-1.309031361
8.04	-1.292034915
8.05	-1.274530986
8.06	-1.256532327
8.07	-1.238051836
8.08	-1.219102549
8.09	-1.19969763
8.1	-1.179850366
8.11	-1.159574156
8.12	-1.138882509
8.13	-1.11778903
8.14	-1.096307418
8.15	-1.074451454
8.16	-1.052234996
8.17	-1.029671972
8.18	-1.006776371
8.19	-0.9835622358
8.2	-0.9600436551
8.21	-0.9362347578
8.22	-0.9121497044
8.23	-0.88780268
8.24	-0.863207887
8.25	-0.838379538
8.26	-0.8133318484
8.27	-0.7880790296
8.28	-0.7626352819
8.29	-0.7370147872
8.3	-0.7112317027
8.31	-0.6853001534
8.32	-0.6592342257
8.33	-0.6330479607
8.34	-0.6067553475
8.35	-0.5803703166
8.36	-0.5539067334
8.37	-0.5273783921
8.38	-0.5007990092
8.39	-0.474182217
8.4	-0.4475415581
8.41	-0.4208904791
8.42	-0.3942423244
8.43	-0.3676103307
8.44	-0.3410076214
8.45	-0.3144472004
8.46	-0.2879419471
8.47	-0.261504611
8.48	-0.235147806
8.49	-0.2088840055
8.5	-0.1827255372
8.51	-0.1566845781
8.52	-0.1307731498
8.53	-0.1050031138
8.54	-0.07938616635
8.55	-0.05393383464
8.56	-0.02865747197
8.57	-0.00356825365
8.58	0.0213228272
8.59	0.04600496362
8.6	0.07046753876
8.61	0.0947001296
8.62	0.1186925106
8.63	0.1424346573
8.64	0.1659167495
8.65	0.1891291747
8.66	0.2120625313
8.67	0.2347076313
8.68	0.2570555035
8.69	0.2790973959
8.7	0.3008247787
8.71	0.3222293465
8.72	0.3433030205
8.73	0.3640379512
8.74	0.3844265201
8.75	0.4044613418
8.76	0.4241352656
8.77	0.4434413776
8.78	0.4623730019
8.79	0.480923702
8.8	0.4990872825
8.81	0.5168577898
8.82	0.5342295135
8.83	0.5511969869
8.84	0.5677549881
8.85	0.5838985408
8.86	0.5996229142
8.87	0.6149236241
8.88	0.6297964326
8.89	0.6442373486
8.9	0.6582426277
8.91	0.6718087721
8.92	0.6849325305
8.93	0.6976108975
8.94	0.7098411132
8.95	0.7216206628
8.96	0.7329472759
8.97	0.7438189254
8.98	0.7542338267
8.99	0.7641904369
9	0.7736874533
9.01	0.7827238123
9.02	0.791298688
9.03	0.7994114906
9.04	0.8070618651
9.05	0.8142496895
9.06	0.8209750726
9.07	0.8272383528
9.08	0.8330400954
9.09	0.8383810912
9.1	0.8432623538
9.11	0.8476851175
9.12	0.8516508348
9.13	0.8551611742
9.14	0.8582180175
9.15	0.8608234571
9.16	0.8629797934
9.17	0.8646895318
9.18	0.8659553801
9.19	0.8667802455
9.2	0.8671672312
9.21	0.8671196338
9.22	0.8666409397
9.23	0.8657348221
9.24	0.8644051377
9.25	0.8626559231
9.26	0.8604913916
9.27	0.8579159296
9.28	0.8549340928
9.29	0.8515506032
9.3	0.8477703446
9.31	0.8435983597
9.32	0.8390398456
9.33	0.8341001507
9.34	0.8287847702
9.35	0.8230993424
9.36	0.817049645
9.37	0.8106415908
9.38	0.803881224
9.39	0.7967747156
9.4	0.7893283599
9.41	0.7815485702
9.42	0.7734418745
9.43	0.7650149114
9.44	0.7562744262
9.45	0.7472272661
9.46	0.7378803768
9.47	0.7282407973
9.48	0.7183156566
9.49	0.7081121686
9.5	0.6976376286
9.51	0.6868994084
9.52	0.6759049523
9.53	0.6646617729
9.54	0.6531774465
9.55	0.6414596092
9.56	0.6295159524
9.57	0.6173542186
9.58	0.604982197
9.59	0.5924077196
9.6	0.5796386565
9.61	0.5666829121
9.62	0.5535484205
9.63	0.5402431418
9.64	0.5267750574
9.65	0.5131521663
9.66	0.4993824807
9.67	0.4854740221
9.68	0.4714348168
9.69	0.4572728928
9.7	0.4429962746
9.71	0.4286129802
9.72	0.4141310167
9.73	0.3995583765
9.74	0.3849030334
9.75	0.3701729387
9.76	0.3553760179
9.77	0.3405201662
9.78	0.3256132454
9.79	0.3106630802
9.8	0.2956774542
9.81	0.2806641069
9.82	0.2656307296
9.83	0.2505849625
9.84	0.2355343911
9.85	0.2204865428
9.86	0.2054488837
9.87	0.1904288151
9.88	0.1754336711
9.89	0.1604707143
9.9	0.145547134
9.91	0.1306700422
9.92	0.1158464714
9.93	0.1010833713
9.94	0.08638760597
9.95	0.0717659516
9.96	0.05722509331
9.97	0.04277162279
9.98	0.02841203574
9.99	0.01415272936
10	5.495396192e-16
10.01	-0.01403995921
10.02	-0.02796106059
10.03	-0.04175732412
10.04	-0.05542287953
10.05	-0.06895196839
10.06	-0.08233894604
10.07	-0.09557828351
10.08	-0.1086645694
10.09	-0.1215925115
10.1	-0.1343569386
10.11	-0.146952802
10.12	-0.1593751774
10.13	-0.1716192656
10.14	-0.1836803946
10.15	-0.1955540208
10.16	-0.2072357299
10.17	-0.2187212383
10.18	-0.2300063942
10.19	-0.2410871786
10.2	-0.2519597062
10.21	-0.2626202262
10.22	-0.2730651232
10.23	-0.2832909182
10.24	-0.2932942684
10.25	-0.3030719689
10.26	-0.3126209521
10.27	-0.3219382891
10.28	-0.3310211893
10.29	-0.3398670011
10.3	-0.348473212
10.31	-0.3568374487
10.32	-0.3649574773
10.33	-0.3728312031
10.34	-0.3804566709
10.35	-0.3878320642
10.36	-0.3949557058
10.37	-0.4018260569
10.38	-0.4084417172
10.39	-0.414801424
10.4	-0.4209040523
10.41	-0.4267486138
10.42	-0.4323342566
10.43	-0.4376602644
10.44	-0.4427260558
10.45	-0.4475311835
10.46	-0.4520753334
10.47	-0.4563583239
10.48	-0.4603801048
10.49	-0.4641407561
10.5	-0.4676404873
10.51	-0.470879636
10.52	-0.4738586666
10.53	-0.4765781695
10.54	-0.4790388595
10.55	-0.4812415742
10.56	-0.4831872733
10.57	-0.4848770365
10.58	-0.4863120622
10.59	-0.4874936662
10.6	-0.4884232798
10.61	-0.4891024483
10.62	-0.4895328294
10.63	-0.4897161912
10.64	-0.4896544107
10.65	-0.4893494721
10.66	-0.4888034645
10.67	-0.4880185805
10.68	-0.4869971141
10.69	-0.4857414586
10.7	-0.4842541049
10.71	-0.4825376393
10.72	-0.4805947414
10.73	-0.4784281824
10.74	-0.4760408223
10.75	-0.4734356086
10.76	-0.4706155733
10.77	-0.4675838316
10.78	-0.4643435789
10.79	-0.4608980889
10.8	-0.4572507114
10.81	-0.4534048701
10.82	-0.4493640599
10.83	-0.4451318452
10.84	-0.440711857
10.85	-0.4361077908
10.86	-0.4313234044
10.87	-0.4263625152
10.88	-0.4212289982
10.89	-0.4159267833
10.9	-0.4104598531
10.91	-0.4048322404
10.92	-0.3990480257
10.93	-0.3931113351
10.94	-0.3870263377
10.95	-0.380797243
10.96	-0.3744282987
10.97	-0.3679237885
10.98	-0.361288029
10.99	-0.3545253681
11	-0.347640182
11.01	-0.3406368729
11.02	-0.3335198671
11.03	-0.3262936117
11.04	-0.3189625731
11.05	-0.3115312341
11.06	-0.3040040917
11.07	-0.2963856547
11.08	-0.2886804416
11.09	-0.2808929778
11.1	-0.2730277937
11.11	-0.2650894223
11.12	-0.257082397
11.13	-0.2490112489
11.14	-0.2408805052
11.15	-0.2326946866
11.16	-0.2244583051
11.17	-0.2161758622
11.18	-0.207851846
11.19	-0.1994907299
11.2	-0.19109697
11.21	-0.182675003
11.22	-0.1742292444
11.23	-0.1657640865
11.24	-0.157283896
11.25	-0.1487930124
11.26	-0.140295746
11.27	-0.1317963758
11.28	-0.1232991478
11.29	-0.1148082733
11.3	-0.1063279265
11.31	-0.09786224341
11.32	-0.08941531967
11.33	-0.08099120897
11.34	-0.07259392133
11.35	-0.0642274215
11.36	-0.05589562729
11.37	-0.04760240804
11.38	-0.03935158307
11.39	-0.03114692015
11.4	-0.02299213407
11.41	-0.01489088522
11.42	-0.006846778148
11.43	0.001136639728
11.44	0.009055879461
11.45	0.01690751184
11.46	0.02468816862
11.47	0.03239454372
11.48	0.04002339434
11.49	0.04757154211
11.5	0.05503587416
11.51	0.0624133441
11.52	0.06970097305
11.53	0.07689585057
11.54	0.08399513557
11.55	0.09099605716
11.56	0.09789591546
11.57	0.1046920824
11.58	0.1113820025
11.59	0.1179631934
11.6	0.1244332467
11.61	0.1307898284
11.62	0.1370306798
11.63	0.1431536176
11.64	0.1491565345
11.65	0.1550373998
11.66	0.1607942597
11.67	0.1664252378
11.68	0.1719285352
11.69	0.1773024307
11.7	0.1825452814
11.71	0.1876555227
11.72	0.1926316684
11.73	0.1974723108
11.74	0.202176121
11.75	0.2067418487
11.76	0.2111683222
11.77	0.2154544484
11.78	0.2195992131
11.79	0.22360168
11.8	0.2274609914
11.81	0.2311763677
11.82	0.2347471069
11.83	0.2381725848
11.84	0.2414522543
11.85	0.2445856452
11.86	0.2475723639
11.87	0.250412093
11.88	0.2531045907
11.89	0.2556496903
11.9	0.2580472998
11.91	0.2602974015
11.92	0.2624000511
11.93	0.2643553771
11.94	0.2661635805
11.95	0.2678249339
11.96	0.2693397807
11.97	0.2707085344
11.98	0.2719316781
11.99	0.2730097634
12	0.2739434095
12.01	0.274733303
12.02	0.2753801961
12.03	0.2758849065
12.04	0.2762483158
12.05	0.2764713691
12.06	0.2765550739
12.07	0.2765004988
12.08	0.2763087728
12.09	0.2759810842
12.1	0.2755186793
12.11	0.2749228617
12.12	0.2741949909
12.13	0.2733364812
12.14	0.2723488009
12.15	0.2712334707
12.16	0.2699920625
12.17	0.2686261989
12.18	0.267137551
12.19	0.265527838
12.2	0.2637988256
12.21	0.2619523246
12.22	0.2599901901
12.23	0.2579143198
12.24	0.2557266528
12.25	0.2534291686
12.26	0.2510238854
12.27	0.248512859
12.28	0.2458981815
12.29	0.2431819798
12.3	0.2403664145
12.31	0.2374536783
12.32	0.2344459949
12.33	0.2313456173
12.34	0.228154827
12.35	0.2248759321
12.36	0.2215112662
12.37	0.2180631869
12.38	0.2145340746
12.39	0.2109263312
12.4	0.2072423783
12.41	0.2034846563
12.42	0.1996556229
12.43	0.1957577515
12.44	0.1917935303
12.45	0.1877654605
12.46	0.1836760552
12.47	0.179527838
12.48	0.1753233417
12.49	0.1710651068
12.5	0.1667556805
12.51	0.162397615
12.52	0.1579934663
12.53	0.1535457933
12.54	0.1490571558
12.55	0.1445301138
12.56	0.139967226
12.57	0.1353710483
12.58	0.1307441333
12.59	0.126089028
12.6	0.1214082735
12.61	0.1167044032
12.62	0.1119799421
12.63	0.107237405
12.64	0.1024792959
12.65	0.09770810645
12.66	0.09292631499
12.67	0.08813638542
12.68	0.08334076603
12.69	0.07854188845
12.7	0.07374216655
12.71	0.06894399537
12.72	0.06414975012
12.73	0.05936178512
12.74	0.05458243279
12.75	0.04981400271
12.76	0.0450587806
12.77	0.0403190274
12.78	0.03559697834
12.79	0.03089484203
12.8	0.02621479956
12.81	0.02155900368
12.82	0.01692957788
12.83	0.01232861564
12.84	0.007758179572
12.85	0.003220300686
12.86	-0.001283022405
12.87	-0.005749824206
12.88	-0.01017817306
12.89	-0.01456617182
12.9	-0.01891195855
12.91	-0.02321370716
12.92	-0.027469628
12.93	-0.03167796851
12.94	-0.03583701374
12.95	-0.03994508697
12.96	-0.04400055017
12.97	-0.04800180456
12.98	-0.05194729107
12.99	-0.05583549081
13	-0.05966492548
13.01	-0.06343415781
13.02	-0.06714179195
13.03	-0.07078647381
13.04	-0.0743668914
13.05	-0.0778817752
13.06	-0.08132989839
13.07	-0.08471007714
13.08	-0.08802117088
13.09	-0.09126208249
13.1	-0.09443175853
13.11	-0.09752918937
13.12	-0.1005534094
13.13	-0.1035034972
13.14	-0.1063785754
13.15	-0.109177811
13.16	-0.1119004157
13.17	-0.114545645
13.18	-0.1171127995
13.19	-0.1196012236
13.2	-0.1220103066
13.21	-0.1243394819
13.22	-0.1265882272
13.23	-0.1287560645
13.24	-0.1308425596
13.25	-0.1328473225
13.26	-0.1347700068
13.27	-0.13661031
13.28	-0.1383679726
13.29	-0.1400427785
13.3	-0.1416345546
13.31	-0.1431431704
13.32	-0.1445685379
13.33	-0.145910611
13.34	-0.1471693858
13.35	-0.1483448995
13.36	-0.1494372307
13.37	-0.1504464986
13.38	-0.1513728629
13.39	-0.1522165232
13.4	-0.1529777186
13.41	-0.1536567276
13.42	-0.1542538671
13.43	-0.1547694923
13.44	-0.1552039962
13.45	-0.1555578089
13.46	-0.1558313973
13.47	-0.1560252646
13.48	-0.1561399494
13.49	-0.1561760256
13.5	-0.1561341018
13.51	-0.1560148201
13.52	-0.1558188565
13.53	-0.1555469193
13.54	-0.1551997493
13.55	-0.1547781187
13.56	-0.1542828305
13.57	-0.1537147183
13.58	-0.1530746448
13.59	-0.1523635021
13.6	-0.1515822102
13.61	-0.1507317169
13.62	-0.1498129968
13.63	-0.1488270507
13.64	-0.1477749048
13.65	-0.1466576102
13.66	-0.1454762419
13.67	-0.1442318984
13.68	-0.1429257005
13.69	-0.1415587912
13.7	-0.1401323344
13.71	-0.1386475143
13.72	-0.1371055348
13.73	-0.1355076186
13.74	-0.1338550066
13.75	-0.132148957
13.76	-0.1303907444
13.77	-0.1285816594
13.78	-0.1267230075
13.79	-0.1248161086
13.8	-0.1228622959
13.81	-0.1208629154
13.82	-0.1188193252
13.83	-0.1167328944
13.84	-0.1146050025
13.85	-0.1124370388
13.86	-0.1102304013
13.87	-0.1079864962
13.88	-0.1057067369
13.89	-0.1033925437
13.9	-0.1010453423
13.91	-0.09866656382
13.92	-0.09625764347
13.93	-0.09382002011
13.94	-0.0913551354
13.95	-0.08886443308
13.96	-0.08634935823
13.97	-0.08381135655
13.98	-0.08125187363
13.99	-0.07867235421
14	-0.07607424151
14.01	-0.0734589765
14.02	-0.0708279972
14.03	-0.06818273798
14.04	-0.06552462889
14.05	-0.06285509501
14.06	-0.0601755557
14.07	-0.05748742403
14.08	-0.05479210607
14.09	-0.05209100025
14.1	-0.04938549676
14.11	-0.04667697689
14.12	-0.04396681243
14.13	-0.04125636504
14.14	-0.03854698569
14.15	-0.03584001405
14.16	-0.03313677791
14.17	-0.03043859264
14.18	-0.0277467606
14.19	-0.0250625706
14.2	-0.0223872974
14.21	-0.01972220116
14.22	-0.01706852693
14.23	-0.01442750416
14.24	-0.0118003462
14.25	-0.009188249845
14.26	-0.006592394854
14.27	-0.004013943503
14.28	-0.001454040146
14.29	0.001086189209
14.3	0.003605637315
14.31	0.006103216091
14.32	0.008577857006
14.33	0.01102851146
14.34	0.01345415113
14.35	0.01585376836
14.36	0.01822637646
14.37	0.02057101002
14.38	0.02288672527
14.39	0.02517260035
14.4	0.02742773558
14.41	0.02965125374
14.42	0.03184230035
14.43	0.03400004389
14.44	0.03612367604
14.45	0.03821241187
14.46	0.04026549011
14.47	0.04228217327
14.48	0.04426174786
14.49	0.04620352452
14.5	0.04810683821
14.51	0.04997104834
14.52	0.05179553884
14.53	0.05357971836
14.54	0.05532302028
14.55	0.05702490288
14.56	0.05868484931
14.57	0.06030236777
14.58	0.06187699143
14.59	0.06340827857
14.6	0.06489581252
14.61	0.06633920174
14.62	0.06773807973
14.63	0.06909210509
14.64	0.07040096145
14.65	0.07166435745
14.66	0.07288202664
14.67	0.07405372748
14.68	0.07517924321
14.69	0.07625838179
14.7	0.07729097578
14.71	0.07827688222
14.72	0.07921598256
14.73	0.08010818245
14.74	0.08095341164
14.75	0.08175162382
14.76	0.08250279643
14.77	0.0832069305
14.78	0.08386405048
14.79	0.08447420399
14.8	0.08503746165
14.81	0.08555391686
14.82	0.08602368556
14.83	0.08644690599
14.84	0.08682373846
14.85	0.08715436509
14.86	0.08743898953
14.87	0.08767783669
14.88	0.08787115249
14.89	0.08801920354
14.9	0.08812227682
14.91	0.08818067945
14.92	0.08819473831
14.93	0.08816479972
14.94	0.08809122917
14.95	0.08797441092
14.96	0.0878147477
14.97	0.08761266036
14.98	0.08736858749
14.99	0.08708298509
15	0.08675632618
15.01	0.08638910045
15.02	0.08598181387
15.03	0.08553498831
15.04	0.08504916115
15.05	0.08452488492
15.06	0.08396272686
15.07	0.08336326854
15.08	0.08272710546
15.09	0.08205484665
15.1	0.08134711422
15.11	0.080604543
15.12	0.07982778009
15.13	0.07901748445
15.14	0.07817432647
15.15	0.07729898755
15.16	0.07639215967
15.17	0.07545454499
15.18	0.07448685537
15.19	0.07348981195
15.2	0.07246414477
15.21	0.07141059227
15.22	0.07032990089
15.23	0.06922282461
15.24	0.06809012456
15.25	0.06693256853
15.26	0.06575093058
15.27	0.06454599057
15.28	0.06331853375
15.29	0.0620693503
15.3	0.06079923495
15.31	0.05950898649
15.32	0.05819940735
15.33	0.05687130322
15.34	0.05552548255
15.35	0.0541627562
15.36	0.05278393695
15.37	0.05138983914
15.38	0.0499812782
15.39	0.04855907027
15.4	0.04712403177
15.41	0.04567697902
15.42	0.04421872779
15.43	0.04275009294
15.44	0.04127188798
15.45	0.03978492473
15.46	0.03829001288
15.47	0.03678795963
15.48	0.03527956929
15.49	0.03376564294
15.5	0.03224697801
15.51	0.03072436793
15.52	0.0291986018
15.53	0.02767046397
15.54	0.02614073374
15.55	0.02461018498
15.56	0.02307958582
15.57	0.02154969828
15.58	0.02002127795
15.59	0.01849507368
15.6	0.01697182725
15.61	0.01545227305
15.62	0.01393713778
15.63	0.01242714017
15.64	0.01092299064
15.65	0.009425391055
15.66	0.007935034429
15.67	0.006452604644
15.68	0.004978776191
15.69	0.003514213905
15.7	0.002059572715
15.71	0.0006154973933
15.72	-0.000817377683
15.73	-0.002238428764
15.74	-0.003647042954
15.75	-0.00504261843
15.76	-0.006424564651
15.77	-0.007792302564
15.78	-0.0091452648
15.79	-0.01048289586
15.8	-0.01180465231
15.81	-0.01311000294
15.82	-0.01439842892
15.83	-0.01566942401
15.84	-0.01692249464
15.85	-0.01815716012
15.86	-0.01937295274
15.87	-0.0205694179
15.88	-0.02174611425
15.89	-0.02290261378
15.9	-0.02403850196
15.91	-0.02515337781
15.92	-0.02624685399
15.93	-0.02731855691
15.94	-0.02836812678
15.95	-0.0293952177
15.96	-0.03039949771
15.97	-0.03138064884
15.98	-0.03233836716
15.99	-0.03327236284
16	-0.03418236014
16.01	-0.03506809746
16.02	-0.03592932739
16.03	-0.03676581665
16.04	-0.03757734613
16.05	-0.03836371092
16.06	-0.03912472022
16.07	-0.0398601974
16.08	-0.04056997994
16.09	-0.04125391937
16.1	-0.0419118813
16.11	-0.04254374531
16.12	-0.04314940495
16.13	-0.04372876763
16.14	-0.04428175462
16.15	-0.04480830089
16.16	-0.04530835513
16.17	-0.04578187961
16.18	-0.04622885009
16.19	-0.04664925574
16.2	-0.04704309905
16.21	-0.04741039568
16.22	-0.04775117441
16.23	-0.04806547694
16.24	-0.04835335787
16.25	-0.04861488446
16.26	-0.04885013657
16.27	-0.0490592065
16.28	-0.04924219885
16.29	-0.04939923033
16.3	-0.04953042968
16.31	-0.04963593744
16.32	-0.04971590582
16.33	-0.04977049853
16.34	-0.04979989061
16.35	-0.04980426822
16.36	-0.0497838285
16.37	-0.04973877938
16.38	-0.04966933936
16.39	-0.04957573734
16.4	-0.04945821242
16.41	-0.0493170137
16.42	-0.04915240008
16.43	-0.04896464003
16.44	-0.04875401143
16.45	-0.0485208013
16.46	-0.04826530561
16.47	-0.04798782907
16.48	-0.0476886849
16.49	-0.0473681946
16.5	-0.04702668774
16.51	-0.0466645017
16.52	-0.04628198148
16.53	-0.04587947946
16.54	-0.04545735512
16.55	-0.04501597487
16.56	-0.04455571177
16.57	-0.04407694532
16.58	-0.04358006116
16.59	-0.04306545093
16.6	-0.04253351192
16.61	-0.04198464691
16.62	-0.04141926388
16.63	-0.04083777578
16.64	-0.04024060027
16.65	-0.03962815952
16.66	-0.03900087991
16.67	-0.0383591918
16.68	-0.03770352931
16.69	-0.03703433003
16.7	-0.03635203483
16.71	-0.03565708757
16.72	-0.03494993484
16.73	-0.0342310258
16.74	-0.03350081184
16.75	-0.03275974639
16.76	-0.03200828466
16.77	-0.03124688343
16.78	-0.03047600076
16.79	-0.02969609579
16.8	-0.02890762849
16.81	-0.02811105942
16.82	-0.02730684951
16.83	-0.0264954598
16.84	-0.02567735127
16.85	-0.02485298453
16.86	-0.02402281965
16.87	-0.02318731591
16.88	-0.02234693161
16.89	-0.02150212379
16.9	-0.0206533481
16.91	-0.01980105847
16.92	-0.01894570703
16.93	-0.01808774377
16.94	-0.01722761643
16.95	-0.01636577026
16.96	-0.01550264779
16.97	-0.01463868869
16.98	-0.01377432953
16.99	-0.01291000359
17	-0.0120461407
17.01	-0.01118316702
17.02	-0.01032150488
17.03	-0.009461572592
17.04	-0.008603784268
17.05	-0.007748549659
17.06	-0.006896273979
17.07	-0.00604735774
17.08	-0.005202196593
17.09	-0.004361181165
17.1	-0.003524696911
17.11	-0.002693123956
17.12	-0.001866836955
17.13	-0.001046204948
17.14	-0.0002315912182
17.15	0.000576646839
17.16	0.001378157849
17.17	0.002172596584
17.18	0.002959624087
17.19	0.003738907788
17.2	0.004510121621
17.21	0.005272946135
17.22	0.006027068598
17.23	0.006772183099
17.24	0.007507990647
17.25	0.008234199266
17.26	0.008950524082
17.27	0.009656687409
17.28	0.01035241883
17.29	0.01103745527
17.3	0.01171154109
17.31	0.0123744281
17.32	0.0130258757
17.33	0.01366565087
17.34	0.01429352828
17.35	0.0149092903
17.36	0.01551272705
17.37	0.01610363649
17.38	0.01668182439
17.39	0.01724710442
17.4	0.01779929815
17.41	0.01833823508
17.42	0.01886375266
17.43	0.01937569633
17.44	0.01987391951
17.45	0.02035828361
17.46	0.02082865803
17.47	0.0212849202
17.48	0.02172695553
17.49	0.02215465742
17.5	0.02256792725
17.51	0.02296667439
17.52	0.02335081614
17.53	0.02372027772
17.54	0.02407499226
17.55	0.02441490077
17.56	0.02473995209
17.57	0.02505010284
17.58	0.02534531744
17.59	0.025625568
17.6	0.0258908343
17.61	0.02614110373
17.62	0.02637637127
17.63	0.02659663938
17.64	0.02680191798
17.65	0.02699222434
17.66	0.02716758309
17.67	0.02732802606
17.68	0.02747359227
17.69	0.02760432783
17.7	0.02772028585
17.71	0.02782152638
17.72	0.02790811632
17.73	0.02798012931
17.74	0.02803764567
17.75	0.0280807523
17.76	0.02810954256
17.77	0.02812411619
17.78	0.02812457924
17.79	0.02811104389
17.8	0.02808362843
17.81	0.0280424571
17.82	0.02798765998
17.83	0.02791937293
17.84	0.0278377374
17.85	0.02774290038
17.86	0.02763501426
17.87	0.02751423668
17.88	0.02738073048
17.89	0.0272346635
17.9	0.02707620852
17.91	0.02690554308
17.92	0.02672284941
17.93	0.02652831426
17.94	0.02632212877
17.95	0.02610448838
17.96	0.02587559266
17.97	0.02563564519
17.98	0.02538485342
17.99	0.02512342857
18	0.02485158543
18.01	0.02456954229
18.02	0.02427752078
18.03	0.0239757457
18.04	0.02366444493
18.05	0.02334384928
18.06	0.02301419235
18.07	0.02267571036
18.08	0.02232864206
18.09	0.02197322857
18.1	0.02160971324
18.11	0.02123834151
18.12	0.02085936077
18.13	0.02047302023
18.14	0.02007957077
18.15	0.01967926483
18.16	0.01927235621
18.17	0.01885910002
18.18	0.01843975246
18.19	0.01801457074
18.2	0.0175838129
18.21	0.01714773774
18.22	0.0167066046
18.23	0.01626067329
18.24	0.01581020394
18.25	0.01535545687
18.26	0.01489669243
18.27	0.01443417092
18.28	0.01396815243
18.29	0.0134988967
18.3	0.01302666303
18.31	0.01255171014
18.32	0.01207429602
18.33	0.01159467785
18.34	0.01111311184
18.35	0.01062985314
18.36	0.01014515571
18.37	0.009659272188
18.38	0.009172453807
18.39	0.008684950254
18.4	0.008197009567
18.41	0.007708878027
18.42	0.007220800048
18.43	0.00673301807
18.44	0.006245772451
18.45	0.005759301371
18.46	0.005273840724
18.47	0.004789624023
18.48	0.0043068823
18.49	0.003825844014
18.5	0.003346734954
18.51	0.002869778152
18.52	0.002395193789
18.53	0.001923199114
18.54	0.001454008356
18.55	0.0009878326392
18.56	0.0005248799081
18.57	6.535484531e-05
18.58	-0.000390541203
18.59	-0.0008426103008
18.6	-0.001290657993
18.61	-0.001734493376
18.62	-0.002173929163
18.63	-0.002608781748
18.64	-0.003038871269
18.65	-0.003464021667
18.66	-0.003884060745
18.67	-0.00429882022
18.68	-0.004708135776
18.69	-0.005111847119
18.7	-0.005509798016
18.71	-0.005901836349
18.72	-0.006287814153
18.73	-0.006667587656
18.74	-0.007041017322
18.75	-0.00740796788
18.76	-0.007768308365
18.77	-0.008121912141
18.78	-0.008468656934
18.79	-0.008808424859
18.8	-0.009141102441
18.81	-0.009466580636
18.82	-0.009784754853
18.83	-0.01009552497
18.84	-0.01039879534
18.85	-0.01069447482
18.86	-0.01098247677
18.87	-0.01126271904
18.88	-0.01153512403
18.89	-0.01179961863
18.9	-0.01205613427
18.91	-0.01230460687
18.92	-0.01254497689
18.93	-0.01277718928
18.94	-0.0130011935
18.95	-0.01321694348
18.96	-0.01342439763
18.97	-0.01362351884
18.98	-0.01381427441
18.99	-0.01399663609
19	-0.01417058001
19.01	-0.0143360867
19.02	-0.01449314102
19.03	-0.01464173219
19.04	-0.01478185368
19.05	-0.01491350328
19.06	-0.01503668297
19.07	-0.01515139894
19.08	-0.01525766157
19.09	-0.01535548532
19.1	-0.01544488876
19.11	-0.0155258945
19.12	-0.01559852915
19.13	-0.01566282326
19.14	-0.0157188113
19.15	-0.01576653159
19.16	-0.01580602626
19.17	-0.01583734121
19.18	-0.01586052604
19.19	-0.01587563397
19.2	-0.01588272186
19.21	-0.01588185009
19.22	-0.0158730825
19.23	-0.01585648637
19.24	-0.01583213236
19.25	-0.01580009437
19.26	-0.0157604496
19.27	-0.01571327836
19.28	-0.01565866412
19.29	-0.01559669334
19.3	-0.01552745549
19.31	-0.01545104292
19.32	-0.01536755083
19.33	-0.01527707716
19.34	-0.01517972257
19.35	-0.01507559032
19.36	-0.01496478625
19.37	-0.01484741865
19.38	-0.01472359821
19.39	-0.01459343797
19.4	-0.01445705321
19.41	-0.01431456139
19.42	-0.01416608207
19.43	-0.01401173686
19.44	-0.01385164929
19.45	-0.01368594477
19.46	-0.01351475052
19.47	-0.01333819547
19.48	-0.01315641017
19.49	-0.01296952677
19.5	-0.01277767888
19.51	-0.01258100152
19.52	-0.01237963103
19.53	-0.01217370502
19.54	-0.01196336224
19.55	-0.01174874256
19.56	-0.01152998686
19.57	-0.01130723693
19.58	-0.01108063545
19.59	-0.01085032587
19.6	-0.01061645232
19.61	-0.01037915958
19.62	-0.01013859298
19.63	-0.009894898297
19.64	-0.009648221727
19.65	-0.009398709774
19.66	-0.009146509185
19.67	-0.008891766878
19.68	-0.008634629865
19.69	-0.008375245178
19.7	-0.008113759795
19.71	-0.007850320569
19.72	-0.007585074155
19.73	-0.007318166939
19.74	-0.007049744966
19.75	-0.006779953872
19.76	-0.006508938813
19.77	-0.006236844398
19.78	-0.005963814621
19.79	-0.005689992793
19.8	-0.005415521479
19.81	-0.00514054243
19.82	-0.00486519652
19.83	-0.004589623684
19.84	-0.004313962853
19.85	-0.004038351898
19.86	-0.003762927563
19.87	-0.003487825412
19.88	-0.003213179768
19.89	-0.002939123656
19.9	-0.002665788748
19.91	-0.002393305307
19.92	-0.002121802137
19.93	-0.001851406526
19.94	-0.001582244195
19.95	-0.001314439254
19.96	-0.001048114144
19.97	-0.0007833895978
19.98	-0.0005203845867
19.99	-0.0002592162803
20	-2.013033844e-17
20.01	0.0002571508229
20.02	0.0005121246887
20.03	0.0007648120695
20.04	0.001015105448
20.05	0.001262899354
20.06	0.001508090402
20.07	0.001750577326
20.08	0.001990261013
20.09	0.002227044531
20.1	0.002460833169
20.11	0.002691534456
20.12	0.002919058196
20.13	0.003143316494
20.14	0.003364223779
20.15	0.003581696829
20.16	0.003795654794
20.17	0.004006019218
20.18	0.004212714059
20.19	0.004415665704
20.2	0.004614802993
20.21	0.004810057227
20.22	0.00500136219
20.23	0.005188654158
20.24	0.005371871909
20.25	0.005550956739
20.26	0.005725852469
20.27	0.005896505448
20.28	0.006062864568
20.29	0.006224881262
20.3	0.006382509513
20.31	0.006535705852
20.32	0.006684429363
20.33	0.006828641683
20.34	0.006968306996
20.35	0.007103392038
20.36	0.007233866085
20.37	0.007359700955
20.38	0.007480870999
20.39	0.007597353092
20.4	0.007709126628
20.41	0.007816173506
20.42	0.007918478123
20.43	0.008016027359
20.44	0.008108810565
20.45	0.008196819548
20.46	0.008280048557
20.47	0.008358494265
20.48	0.008432155751
20.49	0.008501034483
20.5	0.008565134296
20.51	0.008624461373
20.52	0.008679024222
20.53	0.008728833655
20.54	0.008773902764
20.55	0.008814246892
20.56	0.008849883613
20.57	0.008880832705
20.58	0.008907116118
20.59	0.008928757951
20.6	0.008945784418
20.61	0.008958223823
20.62	0.008966106527
20.63	0.008969464915
20.64	0.008968333367
20.65	0.008962748221
20.66	0.008952747743
20.67	0.008938372091
20.68	0.008919663281
20.69	0.008896665149
20.7	0.008869423316
20.71	0.008837985151
20.72	0.008802399736
20.73	0.008762717822
20.74	0.008718991798
20.75	0.008671275643
20.76	0.008619624897
20.77	0.00856409661
20.78	0.008504749311
20.79	0.00844164296
20.8	0.008374838912
20.81	0.008304399871
20.82	0.008230389852
20.83	0.008152874135
20.84	0.008071919227
20.85	0.007987592813
20.86	0.007899963718
20.87	0.007809101864
20.88	0.00771507822
20.89	0.007617964767
20.9	0.007517834448
20.91	0.007414761125
20.92	0.007308819538
20.93	0.007200085257
20.94	0.007088634642
20.95	0.006974544792
20.96	0.006857893509
20.97	0.006738759248
20.98	0.006617221074
20.99	0.006493358619
21	0.006367252036
21.01	0.006238981957
21.02	0.006108629447
21.03	0.005976275963
21.04	0.005842003308
21.05	0.005705893586
21.06	0.005568029164
21.07	0.005428492624
21.08	0.005287366722
21.09	0.005144734347
21.1	0.005000678476
21.11	0.004855282133
21.12	0.004708628347
21.13	0.004560800113
21.14	0.004411880348
21.15	0.004261951851
21.16	0.004111097263
21.17	0.003959399028
21.18	0.003806939354
21.19	0.003653800171
21.2	0.003500063094
21.21	0.003345809388
21.22	0.003191119924
21.23	0.003036075149
21.24	0.002880755042
21.25	0.002725239084
21.26	0.002569606221
21.27	0.002413934825
21.28	0.002258302667
21.29	0.002102786875
21.3	0.001947463905
21.31	0.001792409511
21.32	0.001637698706
21.33	0.001483405737
21.34	0.001329604049
21.35	0.001176366259
21.36	0.001023764125
21.37	0.0008718685159
21.38	0.0007207493852
21.39	0.0005704757419
21.4	0.000421115625
21.41	0.0002727360764
21.42	0.0001254031161
21.43	-2.08182828e-05
21.44	-0.000165864218
21.45	-0.0003096718814
21.46	-0.0004521795813
21.47	-0.0005933267647
21.48	-0.0007330540378
21.49	-0.0008713031867
21.5	-0.001008017197
21.51	-0.001143140272
21.52	-0.001276617853
21.53	-0.001408396631
21.54	-0.001538424572
21.55	-0.001666650923
21.56	-0.001793026236
21.57	-0.001917502376
21.58	-0.002040032536
21.59	-0.002160571252
21.6	-0.002279074412
21.61	-0.002395499268
21.62	-0.002509804449
21.63	-0.002621949965
21.64	-0.002731897223
21.65	-0.002839609028
21.66	-0.002945049597
21.67	-0.003048184558
21.68	-0.003148980965
21.69	-0.003247407294
21.7	-0.003343433455
21.71	-0.00343703079
21.72	-0.003528172077
21.73	-0.003616831536
21.74	-0.003702984825
21.75	-0.003786609044
21.76	-0.003867682734
21.77	-0.003946185875
21.78	-0.004022099887
21.79	-0.004095407626
21.8	-0.00416609338
21.81	-0.004234142871
21.82	-0.004299543241
21.83	-0.004362283056
21.84	-0.004422352298
21.85	-0.004479742354
21.86	-0.004534446016
21.87	-0.004586457469
21.88	-0.004635772284
21.89	-0.004682387409
21.9	-0.00472630116
21.91	-0.00476751321
21.92	-0.00480602458
21.93	-0.004841837625
21.94	-0.004874956027
21.95	-0.004905384775
21.96	-0.004933130162
21.97	-0.004958199761
21.98	-0.004980602419
21.99	-0.005000348239
22	-0.005017448565
22.01	-0.005031915969
22.02	-0.005043764229
22.03	-0.005053008321
22.04	-0.005059664395
22.05	-0.00506374976
22.06	-0.005065282867
22.07	-0.005064283289
22.08	-0.005060771705
22.09	-0.005054769878
22.1	-0.005046300637
22.11	-0.005035387857
22.12	-0.005022056438
22.13	-0.005006332285
22.14	-0.00498824229
22.15	-0.004967814303
22.16	-0.00494507712
22.17	-0.004920060455
22.18	-0.004892794918
22.19	-0.004863311996
22.2	-0.004831644029
22.21	-0.004797824184
22.22	-0.004761886437
22.23	-0.004723865545
22.24	-0.004683797027
22.25	-0.004641717136
22.26	-0.004597662837
22.27	-0.004551671785
22.28	-0.004503782296
22.29	-0.004454033327
22.3	-0.00440246445
22.31	-0.004349115825
22.32	-0.004294028181
22.33	-0.004237242786
22.34	-0.004178801423
22.35	-0.004118746367
22.36	-0.004057120361
22.37	-0.003993966586
22.38	-0.00392932864
22.39	-0.003863250514
22.4	-0.003795776563
22.41	-0.003726951485
22.42	-0.003656820291
22.43	-0.003585428286
22.44	-0.003512821042
22.45	-0.00343904437
22.46	-0.003364144299
22.47	-0.003288167051
22.48	-0.003211159015
22.49	-0.003133166723
22.5	-0.003054236827
22.51	-0.002974416072
22.52	-0.002893751276
22.53	-0.002812289303
22.54	-0.00273007704
22.55	-0.002647161373
22.56	-0.002563589167
22.57	-0.002479407237
22.58	-0.002394662331
22.59	-0.002309401104
22.6	-0.002223670095
22.61	-0.002137515706
22.62	-0.002050984182
22.63	-0.001964121586
22.64	-0.001876973778
22.65	-0.001789586394
22.66	-0.001702004829
22.67	-0.001614274208
22.68	-0.001526439375
22.69	-0.001438544867
22.7	-0.001350634893
22.71	-0.001262753323
22.72	-0.001174943658
22.73	-0.00108724902
22.74	-0.0009997121287
22.75	-0.0009123752853
22.76	-0.0008252803543
22.77	-0.0007384687462
22.78	-0.0006519814008
22.79	-0.0005658587701
22.8	-0.0004801408024
22.81	-0.0003948669262
22.82	-0.000310076035
22.83	-0.000225806472
22.84	-0.0001420960155
22.85	-5.898186449e-05
22.86	2.349937505e-05
22.87	0.0001053117038
22.88	0.0001864197422
22.89	0.000266788743
22.9	0.0003463846036
22.91	0.0004251738776
22.92	0.0005031237869
22.93	0.0005802022319
22.94	0.0006563778025
22.95	0.0007316197882
22.96	0.0008058981878
22.97	0.0008791837183
22.98	0.0009514478245
22.99	0.001022662687
23	0.001092801229
23.01	0.001161837128
23.02	0.001229744816
23.03	0.001296499492
23.04	0.001362077128
23.05	0.001426454471
23.06	0.00148960905
23.07	0.001551519183
23.08	0.00161216398
23.09	0.001671523347
23.1	0.001729577989
23.11	0.001786309414
23.12	0.001841699936
23.13	0.001895732678
23.14	0.001948391572
23.15	0.001999661362
23.16	0.002049527605
23.17	0.002097976671
23.18	0.002144995744
23.19	0.002190572823
23.2	0.002234696717
23.21	0.002277357051
23.22	0.002318544258
23.23	0.002358249581
23.24	0.002396465072
23.25	0.002433183586
23.26	0.002468398778
23.27	0.002502105106
23.28	0.00253429782
23.29	0.00256497296
23.3	0.002594127357
23.31	0.002621758619
23.32	0.002647865134
23.33	0.002672446062
23.34	0.002695501326
23.35	0.00271703161
23.36	0.002737038354
23.37	0.00275552374
23.38	0.002772490694
23.39	0.002787942871
23.4	0.002801884653
23.41	0.002814321136
23.42	0.002825258127
23.43	0.002834702133
23.44	0.002842660348
23.45	0.002849140654
23.46	0.002854151601
23.47	0.002857702403
23.48	0.002859802929
23.49	0.002860463689
23.5	0.002859695826
23.51	0.002857511107
23.52	0.002853921907
23.53	0.002848941204
23.54	0.002842582563
23.55	0.002834860129
23.56	0.002825788611
23.57	0.002815383272
23.58	0.002803659918
23.59	0.002790634884
23.6	0.002776325024
23.61	0.002760747696
23.62	0.00274392075
23.63	0.002725862517
23.64	0.002706591793
23.65	0.002686127828
23.66	0.002664490314
23.67	0.002641699367
23.68	0.002617775519
23.69	0.002592739702
23.7	0.002566613233
23.71	0.002539417804
23.72	0.002511175464
23.73	0.002481908609
23.74	0.002451639965
23.75	0.002420392576
23.76	0.002388189789
23.77	0.002355055242
23.78	0.002321012845
23.79	0.002286086772
23.8	0.002250301444
23.81	0.002213681514
23.82	0.002176251854
23.83	0.00213803754
23.84	0.002099063841
23.85	0.002059356201
23.86	0.002018940225
23.87	0.001977841669
23.88	0.001936086422
23.89	0.001893700494
23.9	0.001850710001
23.91	0.001807141153
23.92	0.001763020238
23.93	0.001718373609
23.94	0.001673227671
23.95	0.001627608866
23.96	0.001581543664
23.97	0.001535058541
23.98	0.001488179976
23.99	0.00144093443
24	0.001393348336
24.01	0.001345448087
24.02	0.00129726002
24.03	0.001248810407
24.04	0.001200125441
24.05	0.001151231222
24.06	0.001102153748
24.07	0.001052918899
24.08	0.001003552429
24.09	0.00095407995
24.1	0.0009045269251
24.11	0.0008549186532
24.12	0.0008052802595
24.13	0.0007556366838
24.14	0.0007060126701
24.15	0.0006564327551
24.16	0.0006069212582
24.17	0.0005575022711
24.18	0.0005081996474
24.19	0.0004590369927
24.2	0.0004100376549
24.21	0.0003612247145
24.22	0.0003126209756
24.23	0.0002642489562
24.24	0.0002161308797
24.25	0.0001682886662
24.26	0.0001207439236
24.27	7.351793971e-05
24.28	2.663167424e-05
24.29	-1.989424931e-05
24.3	-6.603955102e-05
24.31	-0.000111784302
24.32	-0.0001571089314
24.33	-0.0002019942333
24.34	-0.0002464213737
24.35	-0.0002903718964
24.36	-0.0003338277294
24.37	-0.0003767711911
24.38	-0.0004191849954
24.39	-0.0004610522579
24.4	-0.0005023565003
24.41	-0.0005430816561
24.42	-0.0005832120746
24.43	-0.0006227325261
24.44	-0.0006616282056
24.45	-0.000699884737
24.46	-0.0007374881766
24.47	-0.0007744250171
24.48	-0.0008106821903
24.49	-0.0008462470705
24.5	-0.0008811074768
24.51	-0.0009152516762
24.52	-0.0009486683855
24.53	-0.0009813467732
24.54	-0.001013276462
24.55	-0.001044447529
24.56	-0.001074850508
24.57	-0.001104476392
24.58	-0.001133316631
24.59	-0.001161363133
24.6	-0.001188608268
24.61	-0.001215044863
24.62	-0.001240666207
24.63	-0.001265466047
24.64	-0.001289438587
24.65	-0.001312578492
24.66	-0.001334880881
24.67	-0.001356341331
24.68	-0.001376955871
24.69	-0.001396720983
24.7	-0.001415633602
24.71	-0.001433691108
24.72	-0.001450891331
24.73	-0.001467232542
24.74	-0.001482713454
24.75	-0.00149733322
24.76	-0.001511091427
24.77	-0.001523988092
24.78	-0.001536023664
24.79	-0.001547199016
24.8	-0.00155751544
24.81	-0.001566974647
24.82	-0.001575578761
24.83	-0.001583330313
24.84	-0.001590232241
24.85	-0.001596287879
24.86	-0.001601500957
24.87	-0.001605875595
24.88	-0.001609416298
24.89	-0.001612127947
24.9	-0.0016140158
24.91	-0.001615085482
24.92	-0.001615342979
24.93	-0.001614794634
24.94	-0.001613447143
24.95	-0.001611307542
24.96	-0.001608383208
24.97	-0.001604681849
24.98	-0.001600211499
24.99	-0.001594980508
25	-0.001588997542
25.01	-0.001582271568
25.02	-0.001574811854
25.03	-0.001566627958
25.04	-0.001557729723
25.05	-0.001548127269
25.06	-0.001537830985
25.07	-0.001526851523
25.08	-0.00151519979
25.09	-0.00150288694
25.1	-0.001489924369
25.11	-0.001476323702
25.12	-0.001462096793
25.13	-0.001447255711
25.14	-0.001431812734
25.15	-0.001415780342
25.16	-0.001399171211
25.17	-0.001381998199
25.18	-0.001364274345
25.19	-0.001346012858
25.2	-0.001327227108
25.21	-0.001307930621
25.22	-0.001288137068
25.23	-0.001267860258
25.24	-0.001247114133
25.25	-0.001225912755
25.26	-0.001204270301
25.27	-0.001182201055
25.28	-0.001159719399
25.29	-0.001136839806
25.3	-0.001113576832
25.31	-0.001089945107
25.32	-0.001065959329
25.33	-0.001041634253
25.34	-0.001016984688
25.35	-0.0009920254838
25.36	-0.0009667715284
25.37	-0.0009412377362
25.38	-0.0009154390427
25.39	-0.0008893903958
25.4	-0.000863106749
25.41	-0.0008366030533
25.42	-0.0008098942504
25.43	-0.0007829952647
25.44	-0.0007559209966
25.45	-0.0007286863146
25.46	-0.000701306049
25.47	-0.000673794984
25.48	-0.0006461678513
25.49	-0.0006184393229
25.5	-0.0005906240044
25.51	-0.0005627364281
25.52	-0.0005347910466
25.53	-0.0005068022259
25.54	-0.0004787842394
25.55	-0.0004507512612
25.56	-0.0004227173597
25.57	-0.0003946964919
25.58	-0.000366702497
25.59	-0.0003387490908
25.6	-0.0003108498592
25.61	-0.0002830182531
25.62	-0.0002552675827
25.63	-0.0002276110117
25.64	-0.0002000615521
25.65	-0.0001726320589
25.66	-0.0001453352252
25.67	-0.0001181835766
25.68	-9.118946682e-05
25.69	-6.436507287e-05
25.7	-3.772239012e-05
25.71	-1.127322799e-05
25.72	1.497079448e-05
25.73	4.099825292e-05
25.74	6.679792177e-05
25.75	9.235877822e-05
25.76	0.0001176700062
25.77	0.0001427209999
25.78	0.0001675013676
25.79	0.0001920009351
25.8	0.000216209749
25.81	0.0002401180797
25.82	0.0002637164247
25.83	0.0002869955117
25.84	0.000309946301
25.85	0.0003325599881
25.86	0.0003548280066
25.87	0.0003767420304
25.88	0.0003982939758
25.89	0.0004194760036
25.9	0.0004402805213
25.91	0.0004607001847
25.92	0.0004807278996
25.93	0.0005003568233
25.94	0.000519580366
25.95	0.0005383921925
25.96	0.0005567862225
25.97	0.0005747566322
25.98	0.0005922978552
25.99	0.0006094045827
26	0.0006260717646
26.01	0.0006422946097
26.02	0.000658068586
26.03	0.0006733894212
26.04	0.0006882531022
26.05	0.0007026558756
26.06	0.0007165942472
26.07	0.0007300649817
26.08	0.0007430651022
26.09	0.0007555918899
26.1	0.000767642883
26.11	0.0007792158761
26.12	0.0007903089193
26.13	0.000800920317
26.14	0.0008110486269
26.15	0.0008206926583
26.16	0.0008298514713
26.17	0.0008385243746
26.18	0.0008467109245
26.19	0.0008544109226
26.2	0.0008616244144
26.21	0.0008683516869
26.22	0.0008745932669
26.23	0.0008803499187
26.24	0.0008856226418
26.25	0.0008904126683
26.26	0.0008947214611
26.27	0.0008985507105
26.28	0.0009019023322
26.29	0.0009047784642
26.3	0.0009071814641
26.31	0.0009091139061
26.32	0.0009105785781
26.33	0.0009115784785
26.34	0.0009121168131
26.35	0.0009121969918
26.36	0.0009118226253
26.37	0.0009109975219
26.38	0.0009097256835
26.39	0.0009080113027
26.4	0.0009058587587
26.41	0.000903272614
26.42	0.0009002576103
26.43	0.0008968186652
26.44	0.0008929608678
26.45	0.0008886894752
26.46	0.0008840099084
26.47	0.0008789277484
26.48	0.0008734487318
26.49	0.0008675787472
26.5	0.0008613238307
26.51	0.000854690162
26.52	0.0008476840599
26.53	0.0008403119781
26.54	0.0008325805012
26.55	0.00082449634
26.56	0.0008160663273
26.57	0.0008072974137
26.58	0.000798196663
26.59	0.0007887712478
26.6	0.000779028445
26.61	0.0007689756317
26.62	0.0007586202803
26.63	0.0007479699541
26.64	0.0007370323033
26.65	0.0007258150597
26.66	0.0007143260328
26.67	0.0007025731051
26.68	0.0006905642276
26.69	0.0006783074154
26.7	0.0006658107429
26.71	0.0006530823397
26.72	0.0006401303858
26.73	0.0006269631074
26.74	0.0006135887721
26.75	0.0006000156849
26.76	0.0005862521834
26.77	0.0005723066334
26.78	0.0005581874248
26.79	0.0005439029669
26.8	0.0005294616845
26.81	0.0005148720131
26.82	0.0005001423947
26.83	0.000485281274
26.84	0.0004702970935
26.85	0.0004551982899
26.86	0.0004399932897
26.87	0.000424690505
26.88	0.0004092983296
26.89	0.0003938251348
26.9	0.0003782792656
26.91	0.0003626690366
26.92	0.0003470027284
26.93	0.0003312885832
26.94	0.0003155348015
26.95	0.0002997495382
26.96	0.0002839408988
26.97	0.0002681169359
26.98	0.0002522856456
26.99	0.0002364549639
27	0.0002206327631
27.01	0.0002048268488
27.02	0.0001890449562
27.03	0.0001732947469
27.04	0.0001575838057
27.05	0.0001419196375
27.06	0.0001263096639
27.07	0.0001107612206
27.08	9.528155422e-05
27.09	7.987781935e-05
27.1	6.455707581e-05
27.11	4.932628586e-05
27.12	3.419231154e-05
27.13	1.916191203e-05
27.14	4.241741123e-06
27.15	-1.056165527e-05
27.16	-2.524184149e-05
27.17	-3.979249449e-05
27.18	-5.420740602e-05
27.19	-6.848048488e-05
27.2	-8.260575896e-05
27.21	-9.65773773e-05
27.22	-0.000110389612
27.23	-0.0001240368601
27.24	-0.0001375136455
27.25	-0.0001508146203
27.26	-0.000163934567
27.27	-0.0001768683994
27.28	-0.0001896111649
27.29	-0.000202158045
27.3	-0.0002145043574
27.31	-0.0002266455566
27.32	-0.0002385772355
27.33	-0.0002502951266
27.34	-0.0002617951025
27.35	-0.0002730731772
27.36	-0.0002841255069
27.37	-0.0002949483907
27.38	-0.0003055382716
27.39	-0.0003158917365
27.4	-0.0003260055174
27.41	-0.0003358764915
27.42	-0.0003455016818
27.43	-0.0003548782573
27.44	-0.0003640035331
27.45	-0.000372874971
27.46	-0.0003814901791
27.47	-0.0003898469122
27.48	-0.0003979430716
27.49	-0.0004057767049
27.5	-0.000413346006
27.51	-0.0004206493146
27.52	-0.0004276851161
27.53	-0.000434452041
27.54	-0.0004409488645
27.55	-0.000447174506
27.56	-0.0004531280285
27.57	-0.0004588086378
27.58	-0.0004642156818
27.59	-0.0004693486498
27.6	-0.0004742071715
27.61	-0.0004787910161
27.62	-0.0004831000914
27.63	-0.0004871344426
27.64	-0.0004908942512
27.65	-0.0004943798339
27.66	-0.0004975916414
27.67	-0.0005005302569
27.68	-0.0005031963951
27.69	-0.0005055909003
27.7	-0.0005077147455
27.71	-0.0005095690305
27.72	-0.0005111549805
27.73	-0.0005124739445
27.74	-0.0005135273934
27.75	-0.0005143169188
27.76	-0.0005148442308
27.77	-0.0005151111563
27.78	-0.0005151196372
27.79	-0.0005148717287
27.8	-0.000514369597
27.81	-0.0005136155177
27.82	-0.0005126118736
27.83	-0.0005113611525
27.84	-0.0005098659457
27.85	-0.0005081289451
27.86	-0.0005061529418
27.87	-0.0005039408234
27.88	-0.0005014955719
27.89	-0.0004988202619
27.9	-0.0004959180577
27.91	-0.0004927922112
27.92	-0.0004894460599
27.93	-0.0004858830242
27.94	-0.0004821066053
27.95	-0.0004781203825
27.96	-0.0004739280112
27.97	-0.0004695332199
27.98	-0.0004649398085
27.99	-0.0004601516453
28	-0.0004551726646
28.01	-0.0004500068643
28.02	-0.0004446583037
28.03	-0.0004391311003
28.04	-0.0004334294278
28.05	-0.0004275575138
28.06	-0.0004215196364
28.07	-0.0004153201225
28.08	-0.0004089633449
28.09	-0.0004024537198
28.1	-0.0003957957043
28.11	-0.0003889937937
28.12	-0.0003820525193
28.13	-0.0003749764455
28.14	-0.0003677701673
28.15	-0.0003604383082
28.16	-0.0003529855169
28.17	-0.0003454164657
28.18	-0.0003377358473
28.19	-0.0003299483723
28.2	-0.0003220587674
28.21	-0.0003140717722
28.22	-0.0003059921369
28.23	-0.0002978246201
28.24	-0.0002895739862
28.25	-0.000281245003
28.26	-0.0002728424392
28.27	-0.0002643710623
28.28	-0.0002558356358
28.29	-0.0002472409173
28.3	-0.000238591656
28.31	-0.0002298925903
28.32	-0.0002211484457
28.33	-0.0002123639325
28.34	-0.0002035437434
28.35	-0.0001946925516
28.36	-0.0001858150084
28.37	-0.0001769157413
28.38	-0.0001679993517
28.39	-0.0001590704126
28.4	-0.0001501334672
28.41	-0.0001411930262
28.42	-0.0001322535662
28.43	-0.0001233195276
28.44	-0.0001143953128
28.45	-0.0001054852842
28.46	-9.659376226e-05
28.47	-8.772502402e-05
28.48	-7.888330095e-05
28.49	-7.007277741e-05
28.5	-6.129758888e-05
28.51	-5.256182031e-05
28.52	-4.386950451e-05
28.53	-3.522462049e-05
28.54	-2.663109198e-05
28.55	-1.80927859e-05
28.56	-9.613510857e-06
28.57	-1.197015746e-06
28.58	7.153011646e-06
28.59	1.543294599e-05
28.6	2.363922573e-05
28.61	3.176835434e-05
28.62	3.981690152e-05
28.63	4.778150443e-05
28.64	5.565886879e-05
28.65	6.344576996e-05
28.66	7.113905403e-05
28.67	7.873563879e-05
28.68	8.623251472e-05
28.69	9.362674588e-05
28.7	0.0001009154708
28.71	0.0001080959034
28.72	0.0001151653334
28.73	0.0001221211278
28.74	0.0001289607307
28.75	0.0001356816646
28.76	0.0001422815308
28.77	0.0001487580099
28.78	0.0001551088623
28.79	0.0001613319289
28.8	0.0001674251313
28.81	0.0001733864724
28.82	0.0001792140365
28.83	0.0001849059897
28.84	0.0001904605803
28.85	0.0001958761389
28.86	0.0002011510786
28.87	0.0002062838949
28.88	0.0002112731663
28.89	0.0002161175539
28.9	0.0002208158017
28.91	0.0002253667361
28.92	0.0002297692666
28.93	0.0002340223849
28.94	0.0002381251652
28.95	0.0002420767639
28.96	0.0002458764193
28.97	0.0002495234514
28.98	0.0002530172616
28.99	0.0002563573322
29	0.0002595432263
29.01	0.000262574587
29.02	0.0002654511373
29.03	0.0002681726794
29.04	0.0002707390942
29.05	0.0002731503406
29.06	0.0002754064553
29.07	0.0002775075517
29.08	0.0002794538196
29.09	0.0002812455241
29.1	0.0002828830052
29.11	0.0002843666771
29.12	0.0002856970271
29.13	0.0002868746148
29.14	0.0002879000715
29.15	0.0002887740991
29.16	0.0002894974693
29.17	0.0002900710226
29.18	0.0002904956675
29.19	0.000290772379
29.2	0.0002909021982
29.21	0.0002908862311
29.22	0.0002907256471
29.23	0.0002904216785
29.24	0.0002899756191
29.25	0.0002893888229
29.26	0.0002886627035
29.27	0.0002877987323
29.28	0.0002867984375
29.29	0.0002856634031
29.3	0.0002843952677
29.31	0.0002829957226
29.32	0.0002814665115
29.33	0.0002798094285
29.34	0.000278026317
29.35	0.0002761190684
29.36	0.000274089621
29.37	0.0002719399584
29.38	0.0002696721079
29.39	0.0002672881399
29.4	0.0002647901659
29.41	0.0002621803372
29.42	0.0002594608438
29.43	0.0002566339126
29.44	0.0002537018064
29.45	0.0002506668223
29.46	0.0002475312903
29.47	0.0002442975716
29.48	0.0002409680578
29.49	0.0002375451689
29.5	0.0002340313522
29.51	0.0002304290807
29.52	0.0002267408515
29.53	0.000222969185
29.54	0.0002191166227
29.55	0.0002151857262
29.56	0.0002111790757
29.57	0.0002070992685
29.58	0.0002029489176
29.59	0.0001987306504
29.6	0.0001944471069
29.61	0.0001901009389
29.62	0.0001856948078
29.63	0.0001812313841
29.64	0.0001767133451
29.65	0.0001721433742
29.66	0.0001675241593
29.67	0.0001628583912
29.68	0.0001581487625
29.69	0.0001533979663
29.7	0.0001486086944
29.71	0.0001437836367
29.72	0.0001389254792
29.73	0.000134036903
29.74	0.0001291205831
29.75	0.0001241791868
29.76	0.0001192153728
29.77	0.0001142317898
29.78	0.000109231075
29.79	0.0001042158533
29.8	9.918873581e-05
29.81	9.415231885e-05
29.82	8.910918259e-05
29.83	8.406189003e-05
29.84	7.90129858e-05
29.85	7.396499507e-05
29.86	6.892042241e-05
29.87	6.388175076e-05
29.88	5.885144031e-05
29.89	5.383192753e-05
29.9	4.882562405e-05
29.91	4.383491576e-05
29.92	3.886216174e-05
29.93	3.390969336e-05
29.94	2.897981332e-05
29.95	2.407479472e-05
29.96	1.919688018e-05
29.97	1.434828098e-05
29.98	9.531176174e-06
29.99	4.747711784e-06
30	-2.109519402e-19
