temps	angle
0	0
0.01	0.6577192695
0.02	1.311265152
0.03	1.960425244
0.04	2.604990002
0.05	3.244752807
0.06	3.879510022
0.07	4.509061042
0.08	5.133208356
0.09	5.751757597
0.1	6.364517593
0.11	6.971300419
0.12	7.571921443
0.13	8.166199379
0.14	8.753956327
0.15	9.335017819
0.16	9.909212865
0.17	10.47637399
0.18	11.03633728
0.19	11.5889424
0.2	12.13403267
0.21	12.67145506
0.22	13.20106025
0.23	13.72270264
0.24	14.23624041
0.25	14.74153551
0.26	15.23845374
0.27	15.72686472
0.28	16.20664195
0.29	16.67766282
0.3	17.13980862
0.31	17.59296461
0.32	18.03701997
0.33	18.47186785
0.34	18.89740541
0.35	19.31353377
0.36	19.72015808
0.37	20.11718751
0.38	20.50453525
0.39	20.88211854
0.4	21.24985864
0.41	21.60768087
0.42	21.9555146
0.43	22.29329324
0.44	22.62095427
0.45	22.9384392
0.46	23.24569359
0.47	23.54266704
0.48	23.82931319
0.49	24.10558972
0.5	24.3714583
0.51	24.62688464
0.52	24.87183843
0.53	25.10629334
0.54	25.33022703
0.55	25.54362109
0.56	25.74646109
0.57	25.93873646
0.58	26.12044059
0.59	26.29157071
0.6	26.45212792
0.61	26.60211715
0.62	26.74154714
0.63	26.87043043
0.64	26.98878328
0.65	27.0966257
0.66	27.19398141
0.67	27.28087777
0.68	27.35734578
0.69	27.42342007
0.7	27.4791388
0.71	27.52454368
0.72	27.55967993
0.73	27.5845962
0.74	27.59934459
0.75	27.60398057
0.76	27.59856293
0.77	27.58315379
0.78	27.55781852
0.79	27.5226257
0.8	27.47764707
0.81	27.42295752
0.82	27.35863499
0.83	27.28476048
0.84	27.20141795
0.85	27.10869432
0.86	27.00667938
0.87	26.89546576
0.88	26.77514888
0.89	26.64582691
0.9	26.50760067
0.91	26.36057363
0.92	26.20485186
0.93	26.04054391
0.94	25.86776082
0.95	25.68661606
0.96	25.49722543
0.97	25.29970705
0.98	25.09418127
0.99	24.88077065
1	24.65959987
1.01	24.43079567
1.02	24.19448682
1.03	23.95080405
1.04	23.69987997
1.05	23.44184903
1.06	23.17684747
1.07	22.90501324
1.08	22.62648593
1.09	22.34140676
1.1	22.04991845
1.11	21.75216522
1.12	21.44829268
1.13	21.13844782
1.14	20.82277889
1.15	20.50143538
1.16	20.17456796
1.17	19.84232839
1.18	19.50486948
1.19	19.16234501
1.2	18.81490969
1.21	18.4627191
1.22	18.10592959
1.23	17.74469826
1.24	17.37918288
1.25	17.00954184
1.26	16.63593407
1.27	16.258519
1.28	15.87745648
1.29	15.49290674
1.3	15.1050303
1.31	14.71398794
1.32	14.31994064
1.33	13.92304947
1.34	13.52347562
1.35	13.12138026
1.36	12.7169245
1.37	12.31026938
1.38	11.90157574
1.39	11.49100422
1.4	11.07871518
1.41	10.66486863
1.42	10.24962421
1.43	9.833141085
1.44	9.415577943
1.45	8.997092902
1.46	8.577843475
1.47	8.157986505
1.48	7.737678121
1.49	7.317073682
1.5	6.896327723
1.51	6.475593908
1.52	6.055024976
1.53	5.634772693
1.54	5.214987802
1.55	4.795819976
1.56	4.377417765
1.57	3.959928556
1.58	3.54349852
1.59	3.128272572
1.6	2.714394318
1.61	2.30200602
1.62	1.891248546
1.63	1.482261329
1.64	1.075182325
1.65	0.6701479719
1.66	0.2672931482
1.67	-0.1332488654
1.68	-0.5313464257
1.69	-0.926869565
1.7	-1.319690028
1.71	-1.709681308
1.72	-2.096718683
1.73	-2.48067925
1.74	-2.861441959
1.75	-3.238887644
1.76	-3.612899058
1.77	-3.983360904
1.78	-4.350159861
1.79	-4.713184617
1.8	-5.072325899
1.81	-5.427476497
1.82	-5.778531289
1.83	-6.125387273
1.84	-6.467943587
1.85	-6.806101534
1.86	-7.139764605
1.87	-7.4688385
1.88	-7.793231151
1.89	-8.112852741
1.9	-8.427615723
1.91	-8.737434837
1.92	-9.042227131
1.93	-9.341911974
1.94	-9.636411072
1.95	-9.925648482
1.96	-10.20955063
1.97	-10.48804631
1.98	-10.76106672
1.99	-11.02854546
2	-11.29041851
2.01	-11.5466243
2.02	-11.79710368
2.03	-12.04179993
2.04	-12.28065877
2.05	-12.51362836
2.06	-12.74065932
2.07	-12.96170472
2.08	-13.17672006
2.09	-13.38566335
2.1	-13.588495
2.11	-13.7851779
2.12	-13.97567741
2.13	-14.15996133
2.14	-14.3379999
2.15	-14.50976581
2.16	-14.67523421
2.17	-14.83438267
2.18	-14.98719119
2.19	-15.1336422
2.2	-15.27372053
2.21	-15.40741343
2.22	-15.53471054
2.23	-15.65560389
2.24	-15.77008787
2.25	-15.87815924
2.26	-15.97981712
2.27	-16.07506294
2.28	-16.16390047
2.29	-16.24633578
2.3	-16.32237722
2.31	-16.39203543
2.32	-16.45532329
2.33	-16.51225591
2.34	-16.56285065
2.35	-16.60712704
2.36	-16.64510678
2.37	-16.67681376
2.38	-16.70227399
2.39	-16.72151557
2.4	-16.73456874
2.41	-16.74146575
2.42	-16.74224094
2.43	-16.73693064
2.44	-16.72557319
2.45	-16.70820889
2.46	-16.68487997
2.47	-16.65563059
2.48	-16.62050679
2.49	-16.57955646
2.5	-16.53282935
2.51	-16.48037696
2.52	-16.42225261
2.53	-16.35851133
2.54	-16.28920988
2.55	-16.21440669
2.56	-16.13416183
2.57	-16.04853701
2.58	-15.95759551
2.59	-15.86140216
2.6	-15.76002332
2.61	-15.65352683
2.62	-15.54198198
2.63	-15.42545948
2.64	-15.30403144
2.65	-15.1777713
2.66	-15.04675382
2.67	-14.91105506
2.68	-14.77075229
2.69	-14.62592403
2.7	-14.47664993
2.71	-14.32301083
2.72	-14.16508862
2.73	-14.0029663
2.74	-13.83672786
2.75	-13.66645831
2.76	-13.49224361
2.77	-13.31417063
2.78	-13.13232713
2.79	-12.9468017
2.8	-12.75768377
2.81	-12.56506351
2.82	-12.36903183
2.83	-12.16968033
2.84	-11.96710129
2.85	-11.76138758
2.86	-11.55263267
2.87	-11.34093059
2.88	-11.12637584
2.89	-10.90906342
2.9	-10.68908875
2.91	-10.46654767
2.92	-10.24153633
2.93	-10.01415126
2.94	-9.784489237
2.95	-9.552647292
2.96	-9.318722674
2.97	-9.082812805
2.98	-8.845015242
2.99	-8.605427649
3	-8.364147751
3.01	-8.121273306
3.02	-7.876902066
3.03	-7.631131742
3.04	-7.384059966
3.05	-7.135784263
3.06	-6.886402009
3.07	-6.636010399
3.08	-6.384706416
3.09	-6.132586791
3.1	-5.879747975
3.11	-5.626286102
3.12	-5.372296957
3.13	-5.117875945
3.14	-4.863118055
3.15	-4.608117832
3.16	-4.352969343
3.17	-4.097766146
3.18	-3.842601258
3.19	-3.587567127
3.2	-3.332755601
3.21	-3.078257897
3.22	-2.824164572
3.23	-2.570565494
3.24	-2.317549815
3.25	-2.065205942
3.26	-1.813621507
3.27	-1.562883346
3.28	-1.313077463
3.29	-1.064289014
3.3	-0.8166022716
3.31	-0.5701006072
3.32	-0.3248664618
3.33	-0.08098132303
3.34	0.1614742988
3.35	0.4024208942
3.36	0.6417799776
3.37	0.8794741093
3.38	1.115426918
3.39	1.34956312
3.4	1.581808545
3.41	1.81209015
3.42	2.040336044
3.43	2.266475504
3.44	2.490438998
3.45	2.712158196
3.46	2.931565995
3.47	3.148596532
3.48	3.363185202
3.49	3.575268673
3.5	3.784784901
3.51	3.991673146
3.52	4.195873986
3.53	4.397329332
3.54	4.595982437
3.55	4.791777913
3.56	4.98466174
3.57	5.17458128
3.58	5.361485286
3.59	5.545323913
3.6	5.726048727
3.61	5.903612714
3.62	6.077970292
3.63	6.249077313
3.64	6.416891076
3.65	6.58137033
3.66	6.742475284
3.67	6.900167608
3.68	7.054410443
3.69	7.205168401
3.7	7.352407574
3.71	7.496095533
3.72	7.636201333
3.73	7.772695517
3.74	7.905550114
3.75	8.034738642
3.76	8.160236111
3.77	8.282019018
3.78	8.400065354
3.79	8.514354595
3.8	8.624867706
3.81	8.731587137
3.82	8.834496822
3.83	8.933582172
3.84	9.028830077
3.85	9.120228899
3.86	9.207768467
3.87	9.291440071
3.88	9.37123646
3.89	9.447151834
3.9	9.519181836
3.91	9.587323548
3.92	9.651575478
3.93	9.711937561
3.94	9.768411141
3.95	9.820998968
3.96	9.869705187
3.97	9.914535327
3.98	9.955496292
3.99	9.992596352
4	10.02584513
4.01	10.05525358
4.02	10.080834
4.03	10.1026
4.04	10.12056649
4.05	10.13474967
4.06	10.14516703
4.07	10.15183731
4.08	10.15478049
4.09	10.15401781
4.1	10.14957172
4.11	10.14146586
4.12	10.12972506
4.13	10.11437534
4.14	10.09544387
4.15	10.07295893
4.16	10.04694997
4.17	10.01744749
4.18	9.98448313
4.19	9.948089555
4.2	9.908300503
4.21	9.865150735
4.22	9.818676028
4.23	9.768913153
4.24	9.715899853
4.25	9.659674826
4.26	9.600277707
4.27	9.537749044
4.28	9.472130282
4.29	9.403463738
4.3	9.331792584
4.31	9.257160825
4.32	9.179613278
4.33	9.099195551
4.34	9.015954021
4.35	8.929935815
4.36	8.841188785
4.37	8.749761487
4.38	8.655703162
4.39	8.559063712
4.4	8.459893676
4.41	8.358244212
4.42	8.25416707
4.43	8.147714576
4.44	8.038939601
4.45	7.927895548
4.46	7.81463632
4.47	7.699216306
4.48	7.581690353
4.49	7.462113744
4.5	7.340542177
4.51	7.217031741
4.52	7.091638895
4.53	6.964420441
4.54	6.835433507
4.55	6.704735521
4.56	6.572384188
4.57	6.43843747
4.58	6.302953559
4.59	6.16599086
4.6	6.027607964
4.61	5.887863629
4.62	5.746816753
4.63	5.604526358
4.64	5.461051563
4.65	5.316451564
4.66	5.170785611
4.67	5.024112986
4.68	4.876492985
4.69	4.72798489
4.7	4.578647952
4.71	4.428541371
4.72	4.277724268
4.73	4.126255673
4.74	3.974194495
4.75	3.821599509
4.76	3.668529332
4.77	3.515042402
4.78	3.361196958
4.79	3.207051023
4.8	3.052662381
4.81	2.898088559
4.82	2.743386805
4.83	2.588614073
4.84	2.433827003
4.85	2.279081899
4.86	2.124434713
4.87	1.96994103
4.88	1.815656043
4.89	1.661634541
4.9	1.507930888
4.91	1.35459901
4.92	1.201692373
4.93	1.04926397
4.94	0.8973663015
4.95	0.7460513635
4.96	0.5953706281
4.97	0.4453750293
4.98	0.2961149476
4.99	0.1476401949
5	2.869184182e-15
5.01	-0.1467570059
5.02	-0.2925828035
5.03	-0.4374299986
5.04	-0.5812518363
5.05	-0.7240022135
5.06	-0.8656356924
5.07	-1.006107512
5.08	-1.145373603
5.09	-1.283390594
5.1	-1.42011583
5.11	-1.555507379
5.12	-1.689524044
5.13	-1.822125375
5.14	-1.953271677
5.15	-2.082924021
5.16	-2.211044253
5.17	-2.337595006
5.18	-2.462539704
5.19	-2.585842573
5.2	-2.707468652
5.21	-2.827383797
5.22	-2.945554687
5.23	-3.061948837
5.24	-3.176534602
5.25	-3.28928118
5.26	-3.400158624
5.27	-3.509137844
5.28	-3.616190614
5.29	-3.721289575
5.3	-3.824408243
5.31	-3.925521011
5.32	-4.024603155
5.33	-4.121630833
5.34	-4.216581095
5.35	-4.309431882
5.36	-4.40016203
5.37	-4.48875127
5.38	-4.575180234
5.39	-4.659430453
5.4	-4.74148436
5.41	-4.821325292
5.42	-4.898937488
5.43	-4.974306091
5.44	-5.047417149
5.45	-5.118257612
5.46	-5.186815333
5.47	-5.253079067
5.48	-5.317038469
5.49	-5.378684095
5.5	-5.438007394
5.51	-5.495000714
5.52	-5.549657291
5.53	-5.601971253
5.54	-5.651937613
5.55	-5.699552265
5.56	-5.744811985
5.57	-5.787714421
5.58	-5.828258092
5.59	-5.866442383
5.6	-5.902267539
5.61	-5.93573466
5.62	-5.966845697
5.63	-5.995603444
5.64	-6.022011535
5.65	-6.046074433
5.66	-6.067797427
5.67	-6.087186625
5.68	-6.104248946
5.69	-6.118992111
5.7	-6.13142464
5.71	-6.14155584
5.72	-6.149395796
5.73	-6.154955369
5.74	-6.158246179
5.75	-6.159280605
5.76	-6.158071766
5.77	-6.154633523
5.78	-6.14898046
5.79	-6.14112788
5.8	-6.131091792
5.81	-6.118888903
5.82	-6.104536607
5.83	-6.088052976
5.84	-6.069456744
5.85	-6.048767305
5.86	-6.026004695
5.87	-6.001189582
5.88	-5.974343258
5.89	-5.945487625
5.9	-5.914645182
5.91	-5.881839017
5.92	-5.847092792
5.93	-5.810430732
5.94	-5.771877615
5.95	-5.731458755
5.96	-5.689199994
5.97	-5.645127685
5.98	-5.599268686
5.99	-5.55165034
6	-5.502300467
6.01	-5.45124735
6.02	-5.398519719
6.03	-5.344146743
6.04	-5.288158012
6.05	-5.230583528
6.06	-5.171453688
6.07	-5.110799272
6.08	-5.04865143
6.09	-4.985041668
6.1	-4.920001835
6.11	-4.853564109
6.12	-4.785760981
6.13	-4.716625247
6.14	-4.646189988
6.15	-4.57448856
6.16	-4.501554581
6.17	-4.427421912
6.18	-4.352124651
6.19	-4.275697111
6.2	-4.198173813
6.21	-4.119589469
6.22	-4.039978968
6.23	-3.959377364
6.24	-3.877819859
6.25	-3.795341794
6.26	-3.711978633
6.27	-3.627765948
6.28	-3.542739408
6.29	-3.456934762
6.3	-3.370387829
6.31	-3.283134486
6.32	-3.195210647
6.33	-3.106652259
6.34	-3.017495282
6.35	-2.927775678
6.36	-2.837529401
6.37	-2.746792378
6.38	-2.655600501
6.39	-2.563989613
6.4	-2.471995493
6.41	-2.379653846
6.42	-2.287000291
6.43	-2.194070345
6.44	-2.100899414
6.45	-2.00752278
6.46	-1.913975588
6.47	-1.820292835
6.48	-1.726509358
6.49	-1.632659822
6.5	-1.538778709
6.51	-1.444900306
6.52	-1.351058693
6.53	-1.257287733
6.54	-1.163621064
6.55	-1.070092079
6.56	-0.976733927
6.57	-0.8835794929
6.58	-0.7906613924
6.59	-0.6980119599
6.6	-0.6056632389
6.61	-0.5136469719
6.62	-0.421994591
6.63	-0.3307372078
6.64	-0.2399056044
6.65	-0.1495302243
6.66	-0.05964116296
6.67	0.02973184068
6.68	0.1185594131
6.69	0.2068125545
6.7	0.2944626473
6.71	0.3814814641
6.72	0.4678411756
6.73	0.5535143584
6.74	0.6384740025
6.75	0.7226935187
6.76	0.8061467455
6.77	0.8888079564
6.78	0.9706518664
6.79	1.051653638
6.8	1.13178889
6.81	1.2110337
6.82	1.289364612
6.83	1.366758643
6.84	1.443193288
6.85	1.518646525
6.86	1.59309682
6.87	1.666523131
6.88	1.738904915
6.89	1.810222131
6.9	1.880455246
6.91	1.949585235
6.92	2.017593588
6.93	2.084462315
6.94	2.150173946
6.95	2.214711535
6.96	2.278058667
6.97	2.340199453
6.98	2.401118542
6.99	2.460801114
7	2.51923289
7.01	2.57640013
7.02	2.632289634
7.03	2.686888748
7.04	2.740185358
7.05	2.792167901
7.06	2.842825355
7.07	2.892147249
7.08	2.940123658
7.09	2.986745206
7.1	3.032003065
7.11	3.075888953
7.12	3.11839514
7.13	3.159514439
7.14	3.199240213
7.15	3.237566369
7.16	3.27448736
7.17	3.309998181
7.18	3.34409437
7.19	3.376772007
7.2	3.408027707
7.21	3.437858626
7.22	3.466262451
7.23	3.493237402
7.24	3.518782231
7.25	3.542896214
7.26	3.565579153
7.27	3.586831368
7.28	3.6066537
7.29	3.625047504
7.3	3.642014643
7.31	3.657557491
7.32	3.67167892
7.33	3.684382307
7.34	3.695671519
7.35	3.705550915
7.36	3.714025342
7.37	3.721100126
7.38	3.72678107
7.39	3.731074448
7.4	3.733987002
7.41	3.735525934
7.42	3.735698902
7.43	3.734514015
7.44	3.731979825
7.45	3.728105325
7.46	3.722899939
7.47	3.71637352
7.48	3.708536341
7.49	3.699399089
7.5	3.68897286
7.51	3.677269151
7.52	3.664299855
7.53	3.650077254
7.54	3.63461401
7.55	3.617923161
7.56	3.600018114
7.57	3.580912634
7.58	3.560620842
7.59	3.539157204
7.6	3.516536527
7.61	3.492773948
7.62	3.467884927
7.63	3.441885244
7.64	3.414790986
7.65	3.38661854
7.66	3.35738459
7.67	3.327106103
7.68	3.295800324
7.69	3.26348477
7.7	3.230177218
7.71	3.1958957
7.72	3.160658493
7.73	3.124484112
7.74	3.087391303
7.75	3.049399031
7.76	3.010526477
7.77	2.970793024
7.78	2.930218255
7.79	2.888821938
7.8	2.846624023
7.81	2.803644633
7.82	2.759904053
7.83	2.715422721
7.84	2.670221227
7.85	2.624320294
7.86	2.577740779
7.87	2.530503658
7.88	2.482630022
7.89	2.434141067
7.9	2.385058085
7.91	2.335402457
7.92	2.285195643
7.93	2.234459175
7.94	2.18321465
7.95	2.13148372
7.96	2.079288083
7.97	2.026649476
7.98	1.973589668
7.99	1.920130449
8	1.866293627
8.01	1.812101013
8.02	1.75757442
8.03	1.702735648
8.04	1.647606483
8.05	1.592208685
8.06	1.536563983
8.07	1.480694063
8.08	1.424620565
8.09	1.368365073
8.1	1.311949107
8.11	1.255394119
8.12	1.19872148
8.13	1.141952479
8.14	1.08510831
8.15	1.02821007
8.16	0.9712787466
8.17	0.9143352163
8.18	0.857400234
8.19	0.8004944276
8.2	0.7436382911
8.21	0.6868521775
8.22	0.6301562931
8.23	0.5735706903
8.24	0.5171152613
8.25	0.4608097325
8.26	0.4046736574
8.27	0.3487264112
8.28	0.2929871847
8.29	0.2374749781
8.3	0.1822085956
8.31	0.1272066398
8.32	0.07248750564
8.33	0.01806937558
8.34	-0.03602978615
8.35	-0.08979223858
8.36	-0.1432004692
8.37	-0.1962371989
8.38	-0.2488853868
8.39	-0.3011282352
8.4	-0.352949194
8.41	-0.4043319654
8.42	-0.4552605083
8.43	-0.5057190423
8.44	-0.5556920524
8.45	-0.6051642926
8.46	-0.6541207899
8.47	-0.7025468485
8.48	-0.7504280528
8.49	-0.7977502716
8.5	-0.844499661
8.51	-0.8906626683
8.52	-0.9362260346
8.53	-0.9811767981
8.54	-1.025502297
8.55	-1.069190173
8.56	-1.112228372
8.57	-1.15460515
8.58	-1.196309071
8.59	-1.237329013
8.6	-1.277654169
8.61	-1.31727405
8.62	-1.356178485
8.63	-1.394357622
8.64	-1.431801933
8.65	-1.468502216
8.66	-1.50444959
8.67	-1.539635503
8.68	-1.574051732
8.69	-1.607690379
8.7	-1.640543879
8.71	-1.672604997
8.72	-1.703866826
8.73	-1.734322796
8.74	-1.763966663
8.75	-1.79279252
8.76	-1.82079479
8.77	-1.84796823
8.78	-1.874307928
8.79	-1.899809304
8.8	-1.924468113
8.81	-1.948280436
8.82	-1.971242691
8.83	-1.993351621
8.84	-2.014604301
8.85	-2.034998135
8.86	-2.054530853
8.87	-2.073200511
8.88	-2.091005492
8.89	-2.107944502
8.9	-2.124016568
8.91	-2.139221039
8.92	-2.153557582
8.93	-2.167026183
8.94	-2.179627142
8.95	-2.191361073
8.96	-2.202228899
8.97	-2.212231855
8.98	-2.221371482
8.99	-2.229649624
9	-2.237068429
9.01	-2.243630341
9.02	-2.249338105
9.03	-2.254194756
9.04	-2.258203622
9.05	-2.261368318
9.06	-2.263692744
9.07	-2.265181084
9.08	-2.265837797
9.09	-2.265667621
9.1	-2.264675563
9.11	-2.262866901
9.12	-2.260247175
9.13	-2.25682219
9.14	-2.252598007
9.15	-2.24758094
9.16	-2.241777555
9.17	-2.235194664
9.18	-2.22783932
9.19	-2.219718816
9.2	-2.210840678
9.21	-2.201212663
9.22	-2.190842755
9.23	-2.179739156
9.24	-2.16791029
9.25	-2.155364791
9.26	-2.142111502
9.27	-2.128159472
9.28	-2.113517947
9.29	-2.09819637
9.3	-2.082204374
9.31	-2.065551777
9.32	-2.048248581
9.33	-2.03030496
9.34	-2.011731265
9.35	-1.992538009
9.36	-1.972735869
9.37	-1.952335682
9.38	-1.931348433
9.39	-1.909785257
9.4	-1.887657431
9.41	-1.86497637
9.42	-1.84175362
9.43	-1.818000858
9.44	-1.793729881
9.45	-1.768952603
9.46	-1.743681054
9.47	-1.717927367
9.48	-1.691703783
9.49	-1.665022635
9.5	-1.637896352
9.51	-1.610337448
9.52	-1.582358522
9.53	-1.553972248
9.54	-1.525191373
9.55	-1.496028711
9.56	-1.466497136
9.57	-1.436609584
9.58	-1.406379037
9.59	-1.375818528
9.6	-1.34494113
9.61	-1.313759954
9.62	-1.282288143
9.63	-1.250538864
9.64	-1.21852531
9.65	-1.186260689
9.66	-1.153758221
9.67	-1.121031135
9.68	-1.088092661
9.69	-1.054956026
9.7	-1.021634451
9.71	-0.9881411453
9.72	-0.9544893011
9.73	-0.920692089
9.74	-0.8867626541
9.75	-0.8527141105
9.76	-0.8185595373
9.77	-0.784311974
9.78	-0.7499844155
9.79	-0.7155898084
9.8	-0.681141046
9.81	-0.6466509642
9.82	-0.6121323371
9.83	-0.5775978727
9.84	-0.5430602089
9.85	-0.508531909
9.86	-0.4740254578
9.87	-0.4395532575
9.88	-0.4051276237
9.89	-0.3707607812
9.9	-0.3364648606
9.91	-0.3022518941
9.92	-0.2681338117
9.93	-0.2341224376
9.94	-0.2002294866
9.95	-0.1664665602
9.96	-0.1328451436
9.97	-0.09937660162
9.98	-0.06607217568
9.99	-0.03294298033
10	-1.280403052e-15
10.01	0.03274591424
10.02	0.0652840478
10.03	0.09760382564
10.04	0.1296948153
10.05	0.1615467299
10.06	0.1931494307
10.07	0.2244929304
10.08	0.2555673954
10.09	0.2863631487
10.1	0.3168706725
10.11	0.3470806106
10.12	0.3769837706
10.13	0.4065711268
10.14	0.4358338221
10.15	0.4647631704
10.16	0.4933506584
10.17	0.5215879481
10.18	0.5494668785
10.19	0.5769794675
10.2	0.604117914
10.21	0.6308745993
10.22	0.657242089
10.23	0.6832131345
10.24	0.7087806744
10.25	0.7339378365
10.26	0.7586779384
10.27	0.7829944892
10.28	0.8068811908
10.29	0.8303319388
10.3	0.8533408238
10.31	0.8759021319
10.32	0.8980103464
10.33	0.9196601478
10.34	0.940846415
10.35	0.9615642261
10.36	0.9818088584
10.37	1.00157579
10.38	1.020860698
10.39	1.039659463
10.4	1.057968165
10.41	1.075783085
10.42	1.093100706
10.43	1.109917715
10.44	1.126230997
10.45	1.142037641
10.46	1.157334936
10.47	1.172120373
10.48	1.186391645
10.49	1.200146643
10.5	1.213383461
10.51	1.226100389
10.52	1.23829592
10.53	1.249968743
10.54	1.261117745
10.55	1.27174201
10.56	1.281840818
10.57	1.291413646
10.58	1.300460162
10.59	1.308980228
10.6	1.316973901
10.61	1.324441425
10.62	1.331383236
10.63	1.337799957
10.64	1.343692398
10.65	1.349061556
10.66	1.353908612
10.67	1.358234926
10.68	1.362042045
10.69	1.36533169
10.7	1.368105762
10.71	1.370366338
10.72	1.372115669
10.73	1.373356177
10.74	1.374090456
10.75	1.374321268
10.76	1.374051539
10.77	1.373284364
10.78	1.372022995
10.79	1.370270847
10.8	1.368031493
10.81	1.365308661
10.82	1.362106231
10.83	1.358428235
10.84	1.354278855
10.85	1.349662418
10.86	1.344583393
10.87	1.339046393
10.88	1.333056168
10.89	1.326617606
10.9	1.319735727
10.91	1.312415682
10.92	1.304662751
10.93	1.29648234
10.94	1.287879977
10.95	1.27886131
10.96	1.269432106
10.97	1.259598244
10.98	1.249365719
10.99	1.238740629
11	1.227729184
11.01	1.216337694
11.02	1.204572569
11.03	1.192440319
11.04	1.179947544
11.05	1.16710094
11.06	1.15390729
11.07	1.14037346
11.08	1.126506402
11.09	1.112313146
11.1	1.097800797
11.11	1.082976537
11.12	1.067847614
11.13	1.052421347
11.14	1.036705116
11.15	1.020706365
11.16	1.004432595
11.17	0.9878913603
11.18	0.9710902703
11.19	0.9540369811
11.2	0.9367391953
11.21	0.919204658
11.22	0.9014411542
11.23	0.8834565052
11.24	0.8652585661
11.25	0.8468552224
11.26	0.828254387
11.27	0.8094639971
11.28	0.7904920114
11.29	0.771346407
11.3	0.7520351761
11.31	0.7325663236
11.32	0.7129478634
11.33	0.6931878161
11.34	0.6732942055
11.35	0.653275056
11.36	0.6331383897
11.37	0.6128922232
11.38	0.5925445651
11.39	0.572103413
11.4	0.5515767502
11.41	0.5309725438
11.42	0.5102987412
11.43	0.4895632675
11.44	0.4687740228
11.45	0.4479388794
11.46	0.4270656795
11.47	0.4061622319
11.48	0.3852363096
11.49	0.3642956477
11.5	0.3433479398
11.51	0.3224008366
11.52	0.3014619424
11.53	0.2805388133
11.54	0.2596389543
11.55	0.238769817
11.56	0.2179387976
11.57	0.1971532338
11.58	0.1764204031
11.59	0.1557475204
11.6	0.1351417355
11.61	0.1146101311
11.62	0.09415972067
11.63	0.07379744614
11.64	0.05353017593
11.65	0.03336470289
11.66	0.01330774224
11.67	-0.006634070371
11.68	-0.02645418082
11.69	-0.0461461184
11.7	-0.06570349764
11.71	-0.08512002017
11.72	-0.1043894764
11.73	-0.1235057474
11.74	-0.1424628064
11.75	-0.1612547206
11.76	-0.1798756524
11.77	-0.1983198617
11.78	-0.2165817064
11.79	-0.2346556448
11.8	-0.2525362363
11.81	-0.2702181434
11.82	-0.2876961323
11.83	-0.3049650749
11.84	-0.3220199496
11.85	-0.3388558424
11.86	-0.3554679485
11.87	-0.371851573
11.88	-0.3880021321
11.89	-0.4039151541
11.9	-0.4195862802
11.91	-0.4350112656
11.92	-0.4501859804
11.93	-0.4651064101
11.94	-0.4797686568
11.95	-0.4941689396
11.96	-0.5083035951
11.97	-0.5221690788
11.98	-0.5357619647
11.99	-0.5490789466
12	-0.5621168382
12.01	-0.5748725736
12.02	-0.5873432077
12.03	-0.5995259166
12.04	-0.6114179979
12.05	-0.6230168708
12.06	-0.6343200767
12.07	-0.6453252788
12.08	-0.6560302627
12.09	-0.6664329362
12.1	-0.6765313294
12.11	-0.6863235947
12.12	-0.6958080069
12.13	-0.7049829628
12.14	-0.7138469811
12.15	-0.7223987024
12.16	-0.730636889
12.17	-0.7385604242
12.18	-0.7461683124
12.19	-0.7534596786
12.2	-0.7604337681
12.21	-0.7670899457
12.22	-0.7734276957
12.23	-0.779446621
12.24	-0.7851464428
12.25	-0.7905269997
12.26	-0.7955882473
12.27	-0.8003302576
12.28	-0.8047532178
12.29	-0.8088574301
12.3	-0.8126433107
12.31	-0.8161113886
12.32	-0.8192623055
12.33	-0.8220968141
12.34	-0.8246157778
12.35	-0.8268201692
12.36	-0.8287110694
12.37	-0.830289667
12.38	-0.8315572569
12.39	-0.8325152391
12.4	-0.8331651177
12.41	-0.8335084999
12.42	-0.8335470943
12.43	-0.8332827102
12.44	-0.832717256
12.45	-0.8318527382
12.46	-0.8306912597
12.47	-0.8292350188
12.48	-0.8274863077
12.49	-0.8254475112
12.5	-0.823121105
12.51	-0.8205096545
12.52	-0.8176158135
12.53	-0.8144423221
12.54	-0.810992006
12.55	-0.8072677743
12.56	-0.8032726182
12.57	-0.7990096095
12.58	-0.7944818987
12.59	-0.7896927138
12.6	-0.7846453585
12.61	-0.7793432103
12.62	-0.7737897192
12.63	-0.7679884057
12.64	-0.7619428595
12.65	-0.7556567372
12.66	-0.7491337612
12.67	-0.7423777175
12.68	-0.7353924541
12.69	-0.7281818794
12.7	-0.72074996
12.71	-0.7131007193
12.72	-0.7052382357
12.73	-0.6971666403
12.74	-0.6888901159
12.75	-0.6804128942
12.76	-0.6717392549
12.77	-0.6628735233
12.78	-0.6538200684
12.79	-0.6445833016
12.8	-0.6351676742
12.81	-0.625577676
12.82	-0.6158178333
12.83	-0.6058927067
12.84	-0.59580689
12.85	-0.5855650075
12.86	-0.5751717128
12.87	-0.5646316865
12.88	-0.5539496345
12.89	-0.5431302862
12.9	-0.5321783926
12.91	-0.5210987242
12.92	-0.5098960697
12.93	-0.4985752336
12.94	-0.4871410346
12.95	-0.4755983038
12.96	-0.4639518829
12.97	-0.4522066221
12.98	-0.4403673786
12.99	-0.4284390147
13	-0.4164263959
13.01	-0.4043343893
13.02	-0.3921678617
13.03	-0.3799316777
13.04	-0.3676306984
13.05	-0.355269779
13.06	-0.3428537676
13.07	-0.3303875034
13.08	-0.3178758148
13.09	-0.3053235178
13.1	-0.2927354144
13.11	-0.2801162908
13.12	-0.2674709159
13.13	-0.2548040396
13.14	-0.2421203911
13.15	-0.2294246776
13.16	-0.2167215823
13.17	-0.2040157632
13.18	-0.1913118515
13.19	-0.1786144498
13.2	-0.165928131
13.21	-0.1532574364
13.22	-0.1406068746
13.23	-0.12798092
13.24	-0.1153840111
13.25	-0.1028205494
13.26	-0.09029489799
13.27	-0.07781137999
13.28	-0.06537427744
13.29	-0.05298782989
13.3	-0.04065623313
13.31	-0.02838363791
13.32	-0.01617414874
13.33	-0.004031822666
13.34	0.008039331953
13.35	0.02003535657
13.36	0.03195234362
13.37	0.04378643761
13.38	0.05553383621
13.39	0.06719079134
13.4	0.07875361018
13.41	0.09021865619
13.42	0.1015823501
13.43	0.1128411709
13.44	0.1239916566
13.45	0.1350304055
13.46	0.1459540766
13.47	0.1567593908
13.48	0.1674431316
13.49	0.1780021459
13.5	0.1884333446
13.51	0.1987337038
13.52	0.208900265
13.53	0.2189301361
13.54	0.2288204918
13.55	0.2385685745
13.56	0.2481716948
13.57	0.257627232
13.58	0.2669326345
13.59	0.2760854208
13.6	0.2850831794
13.61	0.2939235698
13.62	0.3026043225
13.63	0.3111232394
13.64	0.3194781947
13.65	0.3276671346
13.66	0.3356880779
13.67	0.3435391165
13.68	0.351218415
13.69	0.3587242118
13.7	0.3660548186
13.71	0.3732086208
13.72	0.3801840779
13.73	0.3869797231
13.74	0.393594164
13.75	0.4000260821
13.76	0.4062742331
13.77	0.4123374471
13.78	0.4182146281
13.79	0.4239047543
13.8	0.4294068781
13.81	0.4347201258
13.82	0.4398436973
13.83	0.4447768664
13.84	0.4495189803
13.85	0.4540694597
13.86	0.4584277982
13.87	0.462593562
13.88	0.4665663903
13.89	0.4703459942
13.9	0.4739321569
13.91	0.4773247329
13.92	0.4805236482
13.93	0.4835288993
13.94	0.4863405533
13.95	0.4889587471
13.96	0.4913836869
13.97	0.4936156482
13.98	0.4956549745
13.99	0.4975020778
14	0.4991574368
14.01	0.5006215974
14.02	0.5018951716
14.03	0.5029788369
14.04	0.5038733358
14.05	0.5045794749
14.06	0.5050981246
14.07	0.505430218
14.08	0.5055767506
14.09	0.5055387791
14.1	0.5053174211
14.11	0.5049138539
14.12	0.5043293142
14.13	0.5035650967
14.14	0.502622554
14.15	0.5015030951
14.16	0.5002081849
14.17	0.4987393433
14.18	0.4970981442
14.19	0.4952862148
14.2	0.4933052345
14.21	0.4911569341
14.22	0.4888430947
14.23	0.486365547
14.24	0.4837261702
14.25	0.480926891
14.26	0.4779696825
14.27	0.4748565638
14.28	0.4715895979
14.29	0.468170892
14.3	0.4646025954
14.31	0.4608868989
14.32	0.4570260339
14.33	0.453022271
14.34	0.4488779193
14.35	0.444595325
14.36	0.4401768705
14.37	0.4356249734
14.38	0.4309420851
14.39	0.4261306902
14.4	0.4211933048
14.41	0.416132476
14.42	0.4109507803
14.43	0.4056508226
14.44	0.4002352355
14.45	0.3947066776
14.46	0.3890678327
14.47	0.3833214086
14.48	0.377470136
14.49	0.3715167671
14.5	0.3654640752
14.51	0.3593148527
14.52	0.3530719105
14.53	0.3467380766
14.54	0.3403161953
14.55	0.3338091258
14.56	0.3272197409
14.57	0.3205509265
14.58	0.3138055798
14.59	0.3069866085
14.6	0.3000969298
14.61	0.293139469
14.62	0.2861171586
14.63	0.279032937
14.64	0.2718897476
14.65	0.2646905375
14.66	0.2574382567
14.67	0.2501358567
14.68	0.2427862896
14.69	0.2353925069
14.7	0.2279574586
14.71	0.220484092
14.72	0.2129753506
14.73	0.2054341733
14.74	0.197863493
14.75	0.190266236
14.76	0.1826453207
14.77	0.1750036564
14.78	0.1673441427
14.79	0.1596696686
14.8	0.1519831107
14.81	0.1442873332
14.82	0.1365851864
14.83	0.1288795058
14.84	0.1211731114
14.85	0.1134688063
14.86	0.1057693763
14.87	0.09807758875
14.88	0.09039619155
14.89	0.08272791249
14.9	0.07507545824
14.91	0.06744151354
14.92	0.05982874035
14.93	0.052239777
14.94	0.0446772374
14.95	0.03714371024
14.96	0.02964175817
14.97	0.02217391703
14.98	0.01474269514
14.99	0.007350572477
15	4.285448071e-16
15.01	-0.007306601088
15.02	-0.01456684004
15.03	-0.02177835725
15.04	-0.02893882491
15.05	-0.0360459477
15.06	-0.0430974634
15.07	-0.05009114351
15.08	-0.05702479386
15.09	-0.06389625524
15.1	-0.07070340391
15.11	-0.07744415222
15.12	-0.0841164491
15.13	-0.09071828063
15.14	-0.09724767053
15.15	-0.1037026806
15.16	-0.1100814114
15.17	-0.1163820024
15.18	-0.1226026326
15.19	-0.128741521
15.2	-0.1347969269
15.21	-0.1407671504
15.22	-0.1466505326
15.23	-0.1524454561
15.24	-0.1581503454
15.25	-0.163763667
15.26	-0.1692839299
15.27	-0.1747096858
15.28	-0.1800395293
15.29	-0.1852720985
15.3	-0.1904060747
15.31	-0.195440183
15.32	-0.2003731924
15.33	-0.2052039161
15.34	-0.2099312113
15.35	-0.2145539798
15.36	-0.2190711678
15.37	-0.2234817664
15.38	-0.2277848111
15.39	-0.2319793825
15.4	-0.236064606
15.41	-0.2400396519
15.42	-0.2439037356
15.43	-0.2476561175
15.44	-0.2512961027
15.45	-0.2548230416
15.46	-0.2582363296
15.47	-0.2615354066
15.48	-0.2647197578
15.49	-0.2677889128
15.5	-0.2707424459
15.51	-0.2735799762
15.52	-0.276301167
15.53	-0.2789057258
15.54	-0.2813934043
15.55	-0.2837639983
15.56	-0.2860173471
15.57	-0.2881533336
15.58	-0.2901718841
15.59	-0.292072968
15.6	-0.2938565975
15.61	-0.2955228273
15.62	-0.2970717547
15.63	-0.2985035186
15.64	-0.2998183
15.65	-0.3010163211
15.66	-0.3020978453
15.67	-0.3030631767
15.68	-0.3039126596
15.69	-0.3046466786
15.7	-0.3052656578
15.71	-0.3057700605
15.72	-0.3061603889
15.73	-0.3064371837
15.74	-0.3066010236
15.75	-0.3066525246
15.76	-0.30659234
15.77	-0.30642116
15.78	-0.3061397106
15.79	-0.3057487536
15.8	-0.3052490862
15.81	-0.3046415402
15.82	-0.3039269814
15.83	-0.3031063097
15.84	-0.3021804579
15.85	-0.3011503914
15.86	-0.3000171077
15.87	-0.298781636
15.88	-0.2974450362
15.89	-0.2960083988
15.9	-0.294472844
15.91	-0.2928395212
15.92	-0.2911096086
15.93	-0.2892843121
15.94	-0.2873648654
15.95	-0.2853525289
15.96	-0.283248589
15.97	-0.281054358
15.98	-0.2787711729
15.99	-0.276400395
16	-0.2739434095
16.01	-0.2714016245
16.02	-0.2687764703
16.03	-0.2660693992
16.04	-0.2632818845
16.05	-0.2604154197
16.06	-0.2574715183
16.07	-0.2544517128
16.08	-0.2513575539
16.09	-0.2481906104
16.1	-0.2449524677
16.11	-0.2416447281
16.12	-0.2382690092
16.13	-0.2348269436
16.14	-0.2313201786
16.15	-0.2277503747
16.16	-0.2241192057
16.17	-0.2204283574
16.18	-0.2166795275
16.19	-0.2128744244
16.2	-0.2090147667
16.21	-0.2051022826
16.22	-0.2011387091
16.23	-0.1971257915
16.24	-0.1930652824
16.25	-0.1889589414
16.26	-0.184808534
16.27	-0.1806158313
16.28	-0.1763826091
16.29	-0.1721106473
16.3	-0.1678017293
16.31	-0.1634576411
16.32	-0.1590801709
16.33	-0.1546711084
16.34	-0.1502322439
16.35	-0.1457653679
16.36	-0.1412722703
16.37	-0.1367547399
16.38	-0.1322145637
16.39	-0.1276535262
16.4	-0.1230734086
16.41	-0.1184759887
16.42	-0.1138630399
16.43	-0.1092363303
16.44	-0.1045976228
16.45	-0.09994867391
16.46	-0.09529123346
16.47	-0.09062704384
16.48	-0.08595783946
16.49	-0.0812853462
16.5	-0.0766112808
16.51	-0.0719373503
16.52	-0.06726525149
16.53	-0.06259667034
16.54	-0.05793328144
16.55	-0.05327674751
16.56	-0.0486287188
16.57	-0.04399083262
16.58	-0.0393647128
16.59	-0.03475196917
16.6	-0.03015419708
16.61	-0.02557297691
16.62	-0.02100987355
16.63	-0.01646643597
16.64	-0.01194419673
16.65	-0.007444671499
16.66	-0.002969358658
16.67	0.001480261184
16.68	0.005902725604
16.69	0.01029659079
16.7	0.01466043195
16.71	0.01899284373
16.72	0.02329244059
16.73	0.0275578572
16.74	0.03178774881
16.75	0.03598079162
16.76	0.04013568313
16.77	0.04425114249
16.78	0.04832591083
16.79	0.0523587516
16.8	0.05634845086
16.81	0.06029381761
16.82	0.06419368408
16.83	0.06804690601
16.84	0.07185236292
16.85	0.07560895838
16.86	0.07931562028
16.87	0.08297130104
16.88	0.08657497788
16.89	0.09012565302
16.9	0.09362235389
16.91	0.09706413336
16.92	0.1004500699
16.93	0.1037792678
16.94	0.1070508572
16.95	0.1102639946
16.96	0.1134178626
16.97	0.1165116702
16.98	0.119544653
16.99	0.1225160733
17	0.1254252201
17.01	0.1282714094
17.02	0.131053984
17.03	0.1337723138
17.04	0.1364257958
17.05	0.1390138542
17.06	0.1415359403
17.07	0.1439915328
17.08	0.1463801376
17.09	0.1487012878
17.1	0.1509545439
17.11	0.1531394936
17.12	0.155255752
17.13	0.1573029614
17.14	0.1592807912
17.15	0.1611889382
17.16	0.163027126
17.17	0.1647951057
17.18	0.166492655
17.19	0.1681195788
17.2	0.1696757085
17.21	0.1711609024
17.22	0.1725750456
17.23	0.1739180494
17.24	0.1751898515
17.25	0.176390416
17.26	0.177519733
17.27	0.1785778185
17.28	0.1795647144
17.29	0.1804804879
17.3	0.1813252321
17.31	0.1820990648
17.32	0.1828021294
17.33	0.1834345938
17.34	0.1839966506
17.35	0.1844885168
17.36	0.1849104336
17.37	0.1852626664
17.38	0.1855455039
17.39	0.1857592586
17.4	0.1859042661
17.41	0.1859808851
17.42	0.1859894966
17.43	0.1859305046
17.44	0.1858043347
17.45	0.1856114347
17.46	0.1853522738
17.47	0.1850273425
17.48	0.1846371524
17.49	0.1841822354
17.5	0.183663144
17.51	0.1830804506
17.52	0.1824347474
17.53	0.1817266458
17.54	0.1809567762
17.55	0.1801257878
17.56	0.1792343479
17.57	0.1782831421
17.58	0.1772728733
17.59	0.1762042617
17.6	0.1750780445
17.61	0.1738949753
17.62	0.172655824
17.63	0.171361376
17.64	0.1700124323
17.65	0.1686098088
17.66	0.1671543361
17.67	0.165646859
17.68	0.1640882361
17.69	0.1624793394
17.7	0.160821054
17.71	0.1591142777
17.72	0.1573599205
17.73	0.1555589041
17.74	0.1537121619
17.75	0.1518206381
17.76	0.1498852875
17.77	0.1479070754
17.78	0.1458869766
17.79	0.1438259753
17.8	0.1417250649
17.81	0.139585247
17.82	0.1374075318
17.83	0.1351929367
17.84	0.1329424868
17.85	0.1306572139
17.86	0.1283381564
17.87	0.1259863586
17.88	0.1236028707
17.89	0.1211887477
17.9	0.11874505
17.91	0.1162728418
17.92	0.1137731917
17.93	0.1112471717
17.94	0.1086958571
17.95	0.1061203257
17.96	0.1035216579
17.97	0.100900936
17.98	0.09825924371
17.99	0.09559766596
18	0.09291728841
18.01	0.09021919705
18.02	0.08750447779
18.03	0.0847742161
18.04	0.0820294966
18.05	0.07927140268
18.06	0.07650101608
18.07	0.07371941655
18.08	0.07092768147
18.09	0.06812688543
18.1	0.0653180999
18.11	0.06250239283
18.12	0.0596808283
18.13	0.05685446615
18.14	0.05402436164
18.15	0.05119156504
18.16	0.04835712136
18.17	0.04552206992
18.18	0.04268744407
18.19	0.0398542708
18.2	0.03702357044
18.21	0.03419635632
18.22	0.03137363445
18.23	0.02855640317
18.24	0.02574565287
18.25	0.02294236566
18.26	0.02014751505
18.27	0.01736206568
18.28	0.014586973
18.29	0.01182318297
18.3	0.009071631808
18.31	0.006333245672
18.32	0.003608940399
18.33	0.0008996212372
18.34	-0.001793817426
18.35	-0.004470492321
18.36	-0.00712953155
18.37	-0.009770074836
18.38	-0.01239127377
18.39	-0.01499229203
18.4	-0.01757230565
18.41	-0.0201305032
18.42	-0.02266608605
18.43	-0.02517826853
18.44	-0.0276662782
18.45	-0.03012935601
18.46	-0.03256675649
18.47	-0.03497774798
18.48	-0.03736161277
18.49	-0.03971764731
18.5	-0.04204516236
18.51	-0.04434348316
18.52	-0.04661194959
18.53	-0.04884991633
18.54	-0.05105675298
18.55	-0.05323184424
18.56	-0.05537459001
18.57	-0.05748440553
18.58	-0.05956072148
18.59	-0.06160298415
18.6	-0.06361065548
18.61	-0.0655832132
18.62	-0.06752015093
18.63	-0.06942097824
18.64	-0.07128522075
18.65	-0.07311242022
18.66	-0.07490213459
18.67	-0.07665393807
18.68	-0.07836742119
18.69	-0.08004219083
18.7	-0.08167787029
18.71	-0.08327409932
18.72	-0.08483053418
18.73	-0.08634684759
18.74	-0.08782272885
18.75	-0.08925788376
18.76	-0.0906520347
18.77	-0.0920049206
18.78	-0.09331629694
18.79	-0.09458593572
18.8	-0.09581362549
18.81	-0.09699917128
18.82	-0.09814239461
18.83	-0.09924313342
18.84	-0.1003012421
18.85	-0.1013165913
18.86	-0.102289068
18.87	-0.1032185756
18.88	-0.1041050334
18.89	-0.104948377
18.9	-0.1057485581
18.91	-0.1065055441
18.92	-0.1072193186
18.93	-0.1078898807
18.94	-0.1085172456
18.95	-0.1091014435
18.96	-0.1096425208
18.97	-0.1101405386
18.98	-0.1105955738
18.99	-0.1110077183
19	-0.1113770788
19.01	-0.1117037772
19.02	-0.11198795
19.03	-0.1122297484
19.04	-0.1124293381
19.05	-0.112586899
19.06	-0.1127026254
19.07	-0.1127767255
19.08	-0.1128094213
19.09	-0.1128009487
19.1	-0.1127515571
19.11	-0.1126615091
19.12	-0.1125310806
19.13	-0.1123605607
19.14	-0.112150251
19.15	-0.1119004659
19.16	-0.1116115324
19.17	-0.1112837895
19.18	-0.1109175885
19.19	-0.1105132924
19.2	-0.110071276
19.21	-0.1095919254
19.22	-0.109075638
19.23	-0.1085228224
19.24	-0.1079338978
19.25	-0.1073092942
19.26	-0.1066494518
19.27	-0.1059548211
19.28	-0.1052258625
19.29	-0.1044630461
19.3	-0.1036668515
19.31	-0.1028377676
19.32	-0.1019762921
19.33	-0.1010829319
19.34	-0.100158202
19.35	-0.09920262606
19.36	-0.0982167356
19.37	-0.09720107007
19.38	-0.09615617647
19.39	-0.09508260915
19.4	-0.09398092956
19.41	-0.09285170601
19.42	-0.09169551341
19.43	-0.09051293302
19.44	-0.0893045522
19.45	-0.0880709642
19.46	-0.08681276783
19.47	-0.0855305673
19.48	-0.08422497189
19.49	-0.08289659575
19.5	-0.08154605763
19.51	-0.08017398063
19.52	-0.07878099193
19.53	-0.07736772257
19.54	-0.07593480717
19.55	-0.07448288369
19.56	-0.0730125932
19.57	-0.07152457956
19.58	-0.07001948927
19.59	-0.06849797112
19.6	-0.06696067601
19.61	-0.06540825667
19.62	-0.06384136742
19.63	-0.06226066391
19.64	-0.06066680291
19.65	-0.05906044202
19.66	-0.05744223945
19.67	-0.05581285377
19.68	-0.05417294369
19.69	-0.05252316777
19.7	-0.05086418425
19.71	-0.04919665076
19.72	-0.04752122409
19.73	-0.04583855998
19.74	-0.04414931288
19.75	-0.04245413572
19.76	-0.04075367965
19.77	-0.03904859387
19.78	-0.03733952537
19.79	-0.03562711872
19.8	-0.03391201583
19.81	-0.03219485577
19.82	-0.03047627452
19.83	-0.02875690478
19.84	-0.02703737575
19.85	-0.02531831292
19.86	-0.02360033788
19.87	-0.02188406808
19.88	-0.0201701167
19.89	-0.01845909236
19.9	-0.01675159902
19.91	-0.01504823572
19.92	-0.01334959641
19.93	-0.01165626981
19.94	-0.009968839137
19.95	-0.008287882015
19.96	-0.006613970247
19.97	-0.004947669659
19.98	-0.003289539928
19.99	-0.001640134414
20	-1.274950286e-16
20.01	0.001630323071
20.02	0.003250301351
20.03	0.00485940834
20.04	0.006457124637
20.05	0.008042938084
20.06	0.009616343911
20.07	0.01117684487
20.08	0.01272395139
20.09	0.01425718166
20.1	0.01577606184
20.11	0.01728012609
20.12	0.01876891676
20.13	0.02024198449
20.14	0.0216988883
20.15	0.02313919574
20.16	0.02456248296
20.17	0.02596833483
20.18	0.02735634504
20.19	0.0287261162
20.2	0.03007725989
20.21	0.03140939681
20.22	0.03272215682
20.23	0.03401517904
20.24	0.0352881119
20.25	0.03654061324
20.26	0.03777235039
20.27	0.03898300017
20.28	0.04017224901
20.29	0.04133979301
20.3	0.04248533793
20.31	0.04360859933
20.32	0.04470930251
20.33	0.04578718265
20.34	0.04684198479
20.35	0.04787346386
20.36	0.04888138476
20.37	0.04986552232
20.38	0.05082566138
20.39	0.05176159677
20.4	0.05267313335
20.41	0.05356008598
20.42	0.0544222796
20.43	0.05525954915
20.44	0.05607173964
20.45	0.05685870609
20.46	0.05762031357
20.47	0.05835643717
20.48	0.05906696195
20.49	0.05975178299
20.5	0.06041080532
20.51	0.06104394391
20.52	0.06165112364
20.53	0.06223227926
20.54	0.06278735537
20.55	0.06331630639
20.56	0.06381909646
20.57	0.06429569947
20.58	0.06474609897
20.59	0.06517028813
20.6	0.06556826966
20.61	0.06594005579
20.62	0.06628566819
20.63	0.06660513791
20.64	0.06689850529
20.65	0.06716581994
20.66	0.06740714061
20.67	0.06762253514
20.68	0.0678120804
20.69	0.06797586218
20.7	0.0681139751
20.71	0.06822652256
20.72	0.06831361661
20.73	0.06837537789
20.74	0.06841193549
20.75	0.06842342691
20.76	0.06840999794
20.77	0.06837180251
20.78	0.06830900265
20.79	0.06822176836
20.8	0.06811027749
20.81	0.06797471564
20.82	0.06781527604
20.83	0.06763215943
20.84	0.06742557396
20.85	0.06719573505
20.86	0.06694286529
20.87	0.06666719429
20.88	0.06636895857
20.89	0.06604840144
20.9	0.06570577285
20.91	0.06534132927
20.92	0.06495533358
20.93	0.06454805489
20.94	0.06411976845
20.95	0.06367075547
20.96	0.06320130303
20.97	0.06271170391
20.98	0.06220225645
20.99	0.06167326441
21	0.06112503684
21.01	0.06055788794
21.02	0.05997213687
21.03	0.05936810766
21.04	0.05874612905
21.05	0.05810653431
21.06	0.05744966112
21.07	0.05677585142
21.08	0.05608545126
21.09	0.05537881064
21.1	0.05465628336
21.11	0.05391822688
21.12	0.05316500217
21.13	0.05239697354
21.14	0.05161450849
21.15	0.05081797758
21.16	0.05000775425
21.17	0.0491842147
21.18	0.04834773768
21.19	0.0474987044
21.2	0.04663749836
21.21	0.04576450515
21.22	0.04488011237
21.23	0.04398470942
21.24	0.04307868739
21.25	0.04216243886
21.26	0.04123635779
21.27	0.04030083936
21.28	0.03935627982
21.29	0.0384030763
21.3	0.03744162673
21.31	0.03647232964
21.32	0.03549558402
21.33	0.03451178919
21.34	0.03352134464
21.35	0.03252464988
21.36	0.03152210429
21.37	0.03051410702
21.38	0.02950105678
21.39	0.02848335173
21.4	0.02746138937
21.41	0.02643556634
21.42	0.02540627832
21.43	0.02437391987
21.44	0.02333888432
21.45	0.02230156362
21.46	0.02126234818
21.47	0.02022162681
21.48	0.01917978649
21.49	0.01813721232
21.5	0.01709428735
21.51	0.01605139249
21.52	0.01500890634
21.53	0.01396720508
21.54	0.01292666237
21.55	0.0118876492
21.56	0.01085053381
21.57	0.009815681528
21.58	0.008783454671
21.59	0.007754212446
21.6	0.006728310824
21.61	0.005706102433
21.62	0.004687936451
21.63	0.003674158496
21.64	0.002665110529
21.65	0.001661130744
21.66	0.0006625534729
21.67	-0.0003302909151
21.68	-0.001317076109
21.69	-0.002297479952
21.7	-0.003271184529
21.71	-0.004237876264
21.72	-0.005197246
21.73	-0.006148989091
21.74	-0.007092805483
21.75	-0.008028399797
21.76	-0.008955481405
21.77	-0.009873764511
21.78	-0.01078296822
21.79	-0.01168281663
21.8	-0.01257303886
21.81	-0.01345336918
21.82	-0.01432354701
21.83	-0.01518331704
21.84	-0.01603242924
21.85	-0.01687063899
21.86	-0.01769770705
21.87	-0.01851339969
21.88	-0.01931748868
21.89	-0.02010975139
21.9	-0.02088997082
21.91	-0.02165793562
21.92	-0.02241344018
21.93	-0.02315628464
21.94	-0.02388627492
21.95	-0.02460322278
21.96	-0.02530694584
21.97	-0.02599726762
21.98	-0.02667401757
21.99	-0.02733703106
22	-0.02798614946
22.01	-0.02862122012
22.02	-0.02924209644
22.03	-0.0298486378
22.04	-0.03044070966
22.05	-0.03101818354
22.06	-0.03158093703
22.07	-0.03212885378
22.08	-0.03266182354
22.09	-0.03317974216
22.1	-0.03368251155
22.11	-0.03417003973
22.12	-0.03464224081
22.13	-0.03509903497
22.14	-0.03554034845
22.15	-0.03596611359
22.16	-0.03637626874
22.17	-0.03677075833
22.18	-0.03714953278
22.19	-0.03751254853
22.2	-0.037859768
22.21	-0.03819115957
22.22	-0.03850669756
22.23	-0.03880636221
22.24	-0.03909013963
22.25	-0.03935802178
22.26	-0.03961000646
22.27	-0.03984609725
22.28	-0.04006630347
22.29	-0.04027064017
22.3	-0.04045912807
22.31	-0.0406317935
22.32	-0.04078866841
22.33	-0.04092979029
22.34	-0.04105520211
22.35	-0.04116495229
22.36	-0.04125909467
22.37	-0.04133768842
22.38	-0.041400798
22.39	-0.04144849313
22.4	-0.04148084868
22.41	-0.04149794467
22.42	-0.04149986617
22.43	-0.04148670326
22.44	-0.04145855096
22.45	-0.04141550915
22.46	-0.04135768254
22.47	-0.04128518057
22.48	-0.04119811738
22.49	-0.04109661167
22.5	-0.04098078673
22.51	-0.04085077027
22.52	-0.0407066944
22.53	-0.04054869557
22.54	-0.04037691445
22.55	-0.04019149587
22.56	-0.03999258876
22.57	-0.03978034605
22.58	-0.03955492461
22.59	-0.03931648513
22.6	-0.03906519211
22.61	-0.03880121369
22.62	-0.03852472165
22.63	-0.03823589126
22.64	-0.03793490124
22.65	-0.03762193364
22.66	-0.03729717379
22.67	-0.03696081018
22.68	-0.03661303439
22.69	-0.03625404101
22.7	-0.03588402753
22.71	-0.03550319427
22.72	-0.03511174426
22.73	-0.03470988319
22.74	-0.0342978193
22.75	-0.03387576328
22.76	-0.03344392821
22.77	-0.03300252942
22.78	-0.03255178445
22.79	-0.03209191291
22.8	-0.03162313642
22.81	-0.03114567853
22.82	-0.03065976457
22.83	-0.03016562161
22.84	-0.02966347836
22.85	-0.02915356506
22.86	-0.02863611339
22.87	-0.02811135638
22.88	-0.02757952832
22.89	-0.02704086469
22.9	-0.02649560201
22.91	-0.02594397781
22.92	-0.02538623048
22.93	-0.02482259924
22.94	-0.02425332399
22.95	-0.02367864527
22.96	-0.02309880411
22.97	-0.02251404201
22.98	-0.02192460078
22.99	-0.02133072252
23	-0.02073264944
23.01	-0.02013062389
23.02	-0.01952488814
23.03	-0.01891568442
23.04	-0.01830325471
23.05	-0.01768784077
23.06	-0.01706968397
23.07	-0.01644902522
23.08	-0.01582610493
23.09	-0.01520116286
23.1	-0.01457443809
23.11	-0.01394616892
23.12	-0.01331659278
23.13	-0.01268594614
23.14	-0.01205446446
23.15	-0.01142238211
23.16	-0.01078993223
23.17	-0.01015734675
23.18	-0.009524856231
23.19	-0.008892689825
23.2	-0.008261075201
23.21	-0.007630238463
23.22	-0.007000404079
23.23	-0.006371794813
23.24	-0.005744631648
23.25	-0.005119133723
23.26	-0.004495518259
23.27	-0.003874000495
23.28	-0.003254793621
23.29	-0.00263810871
23.3	-0.002024154658
23.31	-0.001413138121
23.32	-0.0008052634492
23.33	-0.0002007326307
23.34	0.0004002547696
23.35	0.0009975016676
23.36	0.001590813517
23.37	0.002179998363
23.38	0.0027648669
23.39	0.003345232522
23.4	0.003920911374
23.41	0.004491722404
23.42	0.00505748741
23.43	0.00561803109
23.44	0.006173181086
23.45	0.006722768031
23.46	0.007266625591
23.47	0.007804590508
23.48	0.008336502641
23.49	0.008862205005
23.5	0.009381543811
23.51	0.009894368499
23.52	0.01040053178
23.53	0.01089988965
23.54	0.01139230147
23.55	0.01187762993
23.56	0.01235574114
23.57	0.01282650461
23.58	0.01328979332
23.59	0.01374548372
23.6	0.01419345574
23.61	0.01463359287
23.62	0.01506578209
23.63	0.01548991399
23.64	0.01590588272
23.65	0.01631358603
23.66	0.01671292529
23.67	0.01710380548
23.68	0.01748613524
23.69	0.01785982686
23.7	0.01822479628
23.71	0.01858096312
23.72	0.01892825068
23.73	0.01926658593
23.74	0.01959589955
23.75	0.0199161259
23.76	0.02022720302
23.77	0.02052907267
23.78	0.02082168028
23.79	0.02110497499
23.8	0.0213789096
23.81	0.02164344062
23.82	0.02189852823
23.83	0.02214413625
23.84	0.02238023221
23.85	0.02260678724
23.86	0.02282377613
23.87	0.0230311773
23.88	0.02322897277
23.89	0.02341714817
23.9	0.0235956927
23.91	0.02376459911
23.92	0.02392386373
23.93	0.02407348637
23.94	0.02421347038
23.95	0.02434382257
23.96	0.02446455322
23.97	0.02457567602
23.98	0.0246772081
23.99	0.02476916996
24	0.02485158543
24.01	0.0249244817
24.02	0.02498788922
24.03	0.02504184174
24.04	0.02508637622
24.05	0.02512153281
24.06	0.02514735486
24.07	0.02516388882
24.08	0.02517118425
24.09	0.02516929376
24.1	0.02515827299
24.11	0.02513818056
24.12	0.02510907804
24.13	0.0250710299
24.14	0.02502410346
24.15	0.02496836888
24.16	0.0249038991
24.17	0.02483076978
24.18	0.02474905929
24.19	0.02465884864
24.2	0.02456022144
24.21	0.02445326386
24.22	0.02433806458
24.23	0.02421471474
24.24	0.02408330791
24.25	0.02394394
24.26	0.02379670926
24.27	0.0236417162
24.28	0.02347906355
24.29	0.02330885621
24.3	0.02313120118
24.31	0.02294620754
24.32	0.02275398639
24.33	0.02255465078
24.34	0.02234831566
24.35	0.02213509784
24.36	0.02191511594
24.37	0.02168849033
24.38	0.02145534305
24.39	0.02121579781
24.4	0.02096997986
24.41	0.02071801603
24.42	0.02046003459
24.43	0.02019616524
24.44	0.01992653904
24.45	0.01965128835
24.46	0.01937054679
24.47	0.01908444918
24.48	0.01879313147
24.49	0.01849673069
24.5	0.0181953849
24.51	0.01788923314
24.52	0.01757841535
24.53	0.01726307233
24.54	0.01694334568
24.55	0.01661937777
24.56	0.01629131161
24.57	0.01595929089
24.58	0.01562345985
24.59	0.01528396327
24.6	0.01494094636
24.61	0.01459455479
24.62	0.01424493454
24.63	0.01389223191
24.64	0.01353659345
24.65	0.01317816589
24.66	0.01281709609
24.67	0.012453531
24.68	0.0120876176
24.69	0.01171950284
24.7	0.01134933358
24.71	0.01097725656
24.72	0.01060341834
24.73	0.01022796523
24.74	0.009851043254
24.75	0.009472798102
24.76	0.009093375067
24.77	0.008712919004
24.78	0.008331574276
24.79	0.007949484705
24.8	0.007566793523
24.81	0.007183643323
24.82	0.006800176014
24.83	0.006416532769
24.84	0.006032853981
24.85	0.005649279217
24.86	0.00526594717
24.87	0.004882995616
24.88	0.004500561369
24.89	0.004118780235
24.9	0.003737786972
24.91	0.003357715245
24.92	0.002978697586
24.93	0.002600865349
24.94	0.002224348673
24.95	0.001849276441
24.96	0.00147577624
24.97	0.001103974323
24.98	0.0007339955709
24.99	0.0003659634545
25	1.043332469e-16
25.01	-0.0003637742479
25.02	-0.000725240261
25.03	-0.001084280561
25.04	-0.001440779254
25.05	-0.001794622063
25.06	-0.002145696357
25.07	-0.002493891186
25.08	-0.002839097311
25.09	-0.003181207228
25.1	-0.003520115204
25.11	-0.003855717301
25.12	-0.004187911402
25.13	-0.00451659724
25.14	-0.004841676421
25.15	-0.005163052451
25.16	-0.005480630756
25.17	-0.00579431871
25.18	-0.006104025651
25.19	-0.006409662907
25.2	-0.006711143816
25.21	-0.00700838374
25.22	-0.007301300092
25.23	-0.007589812346
25.24	-0.007873842059
25.25	-0.008153312885
25.26	-0.008428150591
25.27	-0.00869828307
25.28	-0.008963640356
25.29	-0.009224154634
25.3	-0.009479760257
25.31	-0.009730393752
25.32	-0.009975993829
25.33	-0.0102165014
25.34	-0.01045185957
25.35	-0.01068201366
25.36	-0.01090691121
25.37	-0.01112650198
25.38	-0.01134073796
25.39	-0.01154957338
25.4	-0.01175296468
25.41	-0.01195087056
25.42	-0.01214325196
25.43	-0.01233007205
25.44	-0.01251129624
25.45	-0.0126868922
25.46	-0.0128568298
25.47	-0.01302108117
25.48	-0.01317962068
25.49	-0.01333242491
25.5	-0.01347947267
25.51	-0.01362074498
25.52	-0.01375622509
25.53	-0.01388589844
25.54	-0.01400975266
25.55	-0.01412777758
25.56	-0.01423996521
25.57	-0.01434630972
25.58	-0.01444680743
25.59	-0.01454145683
25.6	-0.01463025851
25.61	-0.01471321521
25.62	-0.01479033176
25.63	-0.01486161509
25.64	-0.0149270742
25.65	-0.01498672016
25.66	-0.01504056608
25.67	-0.0150886271
25.68	-0.01513092036
25.69	-0.01516746501
25.7	-0.01519828217
25.71	-0.01522339491
25.72	-0.01524282822
25.73	-0.01525660902
25.74	-0.01526476612
25.75	-0.01526733021
25.76	-0.0152643338
25.77	-0.01525581124
25.78	-0.0152417987
25.79	-0.0152223341
25.8	-0.01519745712
25.81	-0.01516720919
25.82	-0.0151316334
25.83	-0.01509077456
25.84	-0.01504467912
25.85	-0.01499339512
25.86	-0.01493697225
25.87	-0.01487546174
25.88	-0.01480891636
25.89	-0.01473739039
25.9	-0.01466093962
25.91	-0.01457962126
25.92	-0.01449349398
25.93	-0.01440261783
25.94	-0.0143070542
25.95	-0.01420686586
25.96	-0.01410211687
25.97	-0.01399287254
25.98	-0.01387919944
25.99	-0.01376116536
26	-0.01363883926
26.01	-0.01351229123
26.02	-0.0133815925
26.03	-0.01324681537
26.04	-0.01310803318
26.05	-0.01296532031
26.06	-0.01281875209
26.07	-0.01266840482
26.08	-0.01251435572
26.09	-0.01235668289
26.1	-0.01219546526
26.11	-0.0120307826
26.12	-0.01186271545
26.13	-0.0116913451
26.14	-0.01151675355
26.15	-0.01133902348
26.16	-0.01115823822
26.17	-0.0109744817
26.18	-0.01078783845
26.19	-0.01059839352
26.2	-0.01040623248
26.21	-0.01021144136
26.22	-0.01001410666
26.23	-0.009814315258
26.24	-0.009612154416
26.25	-0.009407711734
26.26	-0.009201075118
26.27	-0.008992332741
26.28	-0.008781573018
26.29	-0.008568884565
26.3	-0.008354356168
26.31	-0.008138076753
26.32	-0.007920135347
26.33	-0.007700621049
26.34	-0.007479622998
26.35	-0.007257230335
26.36	-0.007033532179
26.37	-0.006808617586
26.38	-0.006582575523
26.39	-0.006355494834
26.4	-0.006127464209
26.41	-0.005898572151
26.42	-0.00566890695
26.43	-0.005438556644
26.44	-0.005207608996
26.45	-0.004976151461
26.46	-0.004744271155
26.47	-0.004512054828
26.48	-0.00427958883
26.49	-0.004046959089
26.5	-0.003814251075
26.51	-0.003581549778
26.52	-0.003348939675
26.53	-0.003116504706
26.54	-0.002884328244
26.55	-0.002652493071
26.56	-0.002421081348
26.57	-0.002190174591
26.58	-0.001959853647
26.59	-0.001730198665
26.6	-0.001501289072
26.61	-0.00127320355
26.62	-0.001046020011
26.63	-0.0008198155737
26.64	-0.0005946665391
26.65	-0.0003706483689
26.66	-0.0001478356625
26.67	7.369786479e-05
26.68	0.0002938794032
26.69	0.0005126370696
26.7	0.0007298999279
26.71	0.0009455980094
26.72	0.001159662332
26.73	0.001372024921
26.74	0.001582618823
26.75	0.001791378132
26.76	0.001998238
26.77	0.002203134657
26.78	0.002406005427
26.79	0.002606788745
26.8	0.002805424175
26.81	0.00300185242
26.82	0.003196015338
26.83	0.003387855962
26.84	0.003577318505
26.85	0.00376434838
26.86	0.003948892209
26.87	0.004130897837
26.88	0.004310314343
26.89	0.004487092048
26.9	0.004661182534
26.91	0.004832538644
26.92	0.005001114498
26.93	0.0051668655
26.94	0.005329748348
26.95	0.005489721039
26.96	0.005646742879
26.97	0.005800774489
26.98	0.005951777811
26.99	0.006099716117
27	0.00624455401
27.01	0.00638625743
27.02	0.006524793661
27.03	0.006660131332
27.04	0.006792240422
27.05	0.006921092261
27.06	0.007046659536
27.07	0.007168916289
27.08	0.007287837917
27.09	0.007403401181
27.1	0.007515584196
27.11	0.007624366438
27.12	0.00772972874
27.13	0.007831653293
27.14	0.007930123642
27.15	0.008025124684
27.16	0.00811664267
27.17	0.008204665195
27.18	0.008289181199
27.19	0.008370180962
27.2	0.008447656097
27.21	0.008521599551
27.22	0.008592005594
27.23	0.008658869815
27.24	0.008722189115
27.25	0.008781961703
27.26	0.008838187085
27.27	0.008890866061
27.28	0.008940000711
27.29	0.008985594391
27.3	0.009027651725
27.31	0.009066178591
27.32	0.009101182116
27.33	0.009132670662
27.34	0.009160653821
27.35	0.009185142397
27.36	0.009206148401
27.37	0.009223685037
27.38	0.009237766688
27.39	0.009248408909
27.4	0.009255628409
27.41	0.00925944304
27.42	0.009259871785
27.43	0.009256934743
27.44	0.009250653114
27.45	0.009241049189
27.46	0.009228146328
27.47	0.009211968953
27.48	0.009192542528
27.49	0.009169893544
27.5	0.009144049506
27.51	0.009115038911
27.52	0.009082891241
27.53	0.009047636937
27.54	0.009009307388
27.55	0.00896793491
27.56	0.008923552735
27.57	0.008876194985
27.58	0.008825896662
27.59	0.008772693624
27.6	0.008716622571
27.61	0.008657721025
27.62	0.008596027312
27.63	0.008531580541
27.64	0.008464420588
27.65	0.008394588078
27.66	0.00832212436
27.67	0.008247071494
27.68	0.008169472227
27.69	0.008089369977
27.7	0.00800680881
27.71	0.007921833422
27.72	0.007834489119
27.73	0.007744821794
27.74	0.007652877912
27.75	0.007558704486
27.76	0.007462349057
27.77	0.007363859675
27.78	0.007263284877
27.79	0.007160673666
27.8	0.007056075494
27.81	0.006949540238
27.82	0.006841118178
27.83	0.006730859981
27.84	0.006618816678
27.85	0.006505039641
27.86	0.006389580566
27.87	0.00627249145
27.88	0.006153824572
27.89	0.006033632469
27.9	0.005911967921
27.91	0.005788883923
27.92	0.005664433673
27.93	0.005538670544
27.94	0.005411648067
27.95	0.005283419911
27.96	0.005154039861
27.97	0.005023561799
27.98	0.004892039684
27.99	0.004759527531
28	0.004626079391
28.01	0.004491749331
28.02	0.004356591418
28.03	0.004220659693
28.04	0.004084008156
28.05	0.003946690745
28.06	0.003808761318
28.07	0.003670273632
28.08	0.003531281327
28.09	0.003391837903
28.1	0.003251996705
28.11	0.003111810905
28.12	0.002971333479
28.13	0.002830617193
28.14	0.002689714586
28.15	0.002548677949
28.16	0.002407559307
28.17	0.002266410408
28.18	0.002125282696
28.19	0.001984227305
28.2	0.001843295033
28.21	0.00170253633
28.22	0.001562001283
28.23	0.001421739597
28.24	0.00128180058
28.25	0.001142233127
28.26	0.001003085709
28.27	0.0008644063509
28.28	0.0007262426218
28.29	0.0005886416189
28.3	0.000451649953
28.31	0.0003153137352
28.32	0.0001796785624
28.33	4.478950404e-05
28.34	-8.930891084e-05
28.35	-0.0002225727068
28.36	-0.0003549584747
28.37	-0.0004864233838
28.38	-0.0006169251942
28.39	-0.0007464222684
28.4	-0.0008748735828
28.41	-0.001002238739
28.42	-0.001128477976
28.43	-0.001253552177
28.44	-0.001377422884
28.45	-0.001500052307
28.46	-0.001621403332
28.47	-0.00174143953
28.48	-0.001860125169
28.49	-0.001977425222
28.5	-0.002093305373
28.51	-0.002207732028
28.52	-0.002320672321
28.53	-0.002432094124
28.54	-0.002541966051
28.55	-0.002650257469
28.56	-0.002756938499
28.57	-0.002861980028
28.58	-0.002965353713
28.59	-0.003067031984
28.6	-0.003166988053
28.61	-0.00326519592
28.62	-0.003361630371
28.63	-0.00345626699
28.64	-0.003549082159
28.65	-0.003640053064
28.66	-0.003729157696
28.67	-0.003816374856
28.68	-0.003901684157
28.69	-0.003985066027
28.7	-0.004066501712
28.71	-0.004145973276
28.72	-0.004223463605
28.73	-0.004298956404
28.74	-0.004372436205
28.75	-0.004443888361
28.76	-0.004513299049
28.77	-0.004580655272
28.78	-0.004645944856
28.79	-0.004709156448
28.8	-0.004770279523
28.81	-0.004829304372
28.82	-0.00488622211
28.83	-0.004941024669
28.84	-0.004993704797
28.85	-0.005044256056
28.86	-0.005092672823
28.87	-0.005138950279
28.88	-0.005183084415
28.89	-0.005225072022
28.9	-0.00526491069
28.91	-0.005302598806
28.92	-0.005338135544
28.93	-0.005371520869
28.94	-0.005402755523
28.95	-0.005431841029
28.96	-0.005458779677
28.97	-0.005483574527
28.98	-0.005506229396
28.99	-0.00552674886
29	-0.005545138237
29.01	-0.005561403593
29.02	-0.005575551724
29.03	-0.005587590158
29.04	-0.005597527143
29.05	-0.00560537164
29.06	-0.005611133317
29.07	-0.005614822542
29.08	-0.005616450372
29.09	-0.005616028547
29.1	-0.005613569482
29.11	-0.005609086255
29.12	-0.005602592605
29.13	-0.005594102916
29.14	-0.005583632212
29.15	-0.005571196147
29.16	-0.005556810994
29.17	-0.005540493638
29.18	-0.005522261563
29.19	-0.005502132846
29.2	-0.005480126143
29.21	-0.005456260681
29.22	-0.005430556247
29.23	-0.005403033178
29.24	-0.00537371235
29.25	-0.005342615167
29.26	-0.005309763549
29.27	-0.005275179923
29.28	-0.005238887211
29.29	-0.005200908819
29.3	-0.005161268624
29.31	-0.005119990964
29.32	-0.005077100628
29.33	-0.00503262284
29.34	-0.004986583251
29.35	-0.004939007926
29.36	-0.00488992333
29.37	-0.004839356321
29.38	-0.004787334132
29.39	-0.004733884362
29.4	-0.004679034965
29.41	-0.004622814235
29.42	-0.004565250795
29.43	-0.004506373584
29.44	-0.004446211846
29.45	-0.004384795116
29.46	-0.004322153207
29.47	-0.004258316202
29.48	-0.004193314434
29.49	-0.00412717848
29.5	-0.004059939147
29.51	-0.003991627455
29.52	-0.003922274631
29.53	-0.003851912093
29.54	-0.003780571436
29.55	-0.003708284423
29.56	-0.003635082969
29.57	-0.003560999133
29.58	-0.003486065099
29.59	-0.003410313171
29.6	-0.003333775754
29.61	-0.003256485347
29.62	-0.003178474524
29.63	-0.003099775931
29.64	-0.003020422264
29.65	-0.002940446265
29.66	-0.002859880703
29.67	-0.002778758367
29.68	-0.002697112051
29.69	-0.002614974545
29.7	-0.002532378619
29.71	-0.002449357015
29.72	-0.002365942433
29.73	-0.00228216752
29.74	-0.002198064859
29.75	-0.002113666957
29.76	-0.002029006235
29.77	-0.001944115013
29.78	-0.001859025502
29.79	-0.001773769795
29.8	-0.001688379851
29.81	-0.001602887485
29.82	-0.001517324363
29.83	-0.001431721984
29.84	-0.001346111675
29.85	-0.001260524576
29.86	-0.001174991635
29.87	-0.001089543594
29.88	-0.001004210979
29.89	-0.0009190240934
29.9	-0.0008340130057
29.91	-0.0007492075405
29.92	-0.0006646372694
29.93	-0.0005803315018
29.94	-0.0004963192756
29.95	-0.0004126293485
29.96	-0.0003292901889
29.97	-0.0002463299676
29.98	-0.0001637765493
29.99	-8.16574842e-05
30	-9.521405558e-18
