temps	angle
0	0
0.01	0.7516791652
0.02	1.498588746
0.03	2.240485993
0.04	2.97713143
0.05	3.708288923
0.06	4.433725739
0.07	5.153212619
0.08	5.866523836
0.09	6.573437254
0.1	7.273734392
0.11	7.967200478
0.12	8.653624506
0.13	9.33279929
0.14	10.00452152
0.15	10.66859179
0.16	11.3248147
0.17	11.97299885
0.18	12.61295689
0.19	13.2445056
0.2	13.86746591
0.21	14.48166292
0.22	15.086926
0.23	15.68308873
0.24	16.26998904
0.25	16.84746916
0.26	17.41537571
0.27	17.97355968
0.28	18.52187652
0.29	19.06018608
0.3	19.58835271
0.31	20.10624527
0.32	20.61373711
0.33	21.11070612
0.34	21.59703475
0.35	22.07261002
0.36	22.53732352
0.37	22.99107144
0.38	23.43375457
0.39	23.86527833
0.4	24.28555273
0.41	24.69449242
0.42	25.09201668
0.43	25.47804942
0.44	25.85251917
0.45	26.21535908
0.46	26.56650695
0.47	26.90590519
0.48	27.23350079
0.49	27.54924539
0.5	27.8530952
0.51	28.14501102
0.52	28.4249582
0.53	28.69290667
0.54	28.94883089
0.55	29.19270982
0.56	29.42452696
0.57	29.64427025
0.58	29.85193211
0.59	30.04750938
0.6	30.23100334
0.61	30.4024196
0.62	30.56176817
0.63	30.70906335
0.64	30.84432375
0.65	30.96757223
0.66	31.0788359
0.67	31.17814602
0.68	31.26553804
0.69	31.3410515
0.7	31.40473005
0.71	31.45662135
0.72	31.49677706
0.73	31.52525281
0.74	31.54210811
0.75	31.54740636
0.76	31.54121478
0.77	31.52360434
0.78	31.49464974
0.79	31.45442937
0.8	31.40302523
0.81	31.34052288
0.82	31.26701142
0.83	31.18258341
0.84	31.0873348
0.85	30.98136494
0.86	30.86477643
0.87	30.73767515
0.88	30.60017015
0.89	30.45237361
0.9	30.29440076
0.91	30.12636987
0.92	29.94840212
0.93	29.76062161
0.94	29.56315523
0.95	29.35613264
0.96	29.13968621
0.97	28.91395091
0.98	28.67906431
0.99	28.43516646
1	28.18239985
1.01	27.92090933
1.02	27.65084208
1.03	27.37234748
1.04	27.0855771
1.05	26.79068461
1.06	26.48782568
1.07	26.17715799
1.08	25.85884107
1.09	25.5330363
1.1	25.1999068
1.11	24.85961739
1.12	24.51233449
1.13	24.15822608
1.14	23.79746159
1.15	23.43021187
1.16	23.0566491
1.17	22.67694674
1.18	22.29127941
1.19	21.89982287
1.2	21.50275394
1.21	21.1002504
1.22	20.69249096
1.23	20.27965515
1.24	19.86192329
1.25	19.43947639
1.26	19.01249608
1.27	18.58116457
1.28	18.14566455
1.29	17.70617913
1.3	17.26289177
1.31	16.81598622
1.32	16.36564644
1.33	15.91205654
1.34	15.45540071
1.35	14.99586315
1.36	14.533628
1.37	14.06887929
1.38	13.60180085
1.39	13.13257626
1.4	12.66138878
1.41	12.1884213
1.42	11.71385624
1.43	11.23787553
1.44	10.76066051
1.45	10.28239189
1.46	9.803249685
1.47	9.323413148
1.48	8.84306071
1.49	8.362369922
1.5	7.881517398
1.51	7.400678752
1.52	6.920028544
1.53	6.439740221
1.54	5.95998606
1.55	5.480937115
1.56	5.00276316
1.57	4.525632636
1.58	4.049712595
1.59	3.575168653
1.6	3.102164935
1.61	2.630864023
1.62	2.16142691
1.63	1.694012948
1.64	1.2287798
1.65	0.7658833964
1.66	0.3054778836
1.67	-0.1522844176
1.68	-0.607253058
1.69	-1.059279503
1.7	-1.508217175
1.71	-1.953921495
1.72	-2.396249924
1.73	-2.835062
1.74	-3.270219381
1.75	-3.701585879
1.76	-4.129027495
1.77	-4.552412462
1.78	-4.971611269
1.79	-5.386496706
1.8	-5.796943885
1.81	-6.202830282
1.82	-6.604035759
1.83	-7.000442598
1.84	-7.391935528
1.85	-7.778401753
1.86	-8.159730977
1.87	-8.535815428
1.88	-8.906549887
1.89	-9.271831704
1.9	-9.631560826
1.91	-9.985639814
1.92	-10.33397386
1.93	-10.67647083
1.94	-11.01304122
1.95	-11.34359826
1.96	-11.66805786
1.97	-11.98633864
1.98	-12.29836197
1.99	-12.60405195
2	-12.90333544
2.01	-13.19614206
2.02	-13.48240421
2.03	-13.76205707
2.04	-14.0350386
2.05	-14.30128956
2.06	-14.56075351
2.07	-14.81337682
2.08	-15.05910864
2.09	-15.29790097
2.1	-15.52970857
2.11	-15.75448903
2.12	-15.97220276
2.13	-16.18281295
2.14	-16.3862856
2.15	-16.5825895
2.16	-16.77169624
2.17	-16.95358019
2.18	-17.1282185
2.19	-17.29559108
2.2	-17.4556806
2.21	-17.60847249
2.22	-17.7539549
2.23	-17.89211873
2.24	-18.02295756
2.25	-18.1464677
2.26	-18.26264813
2.27	-18.3715005
2.28	-18.47302911
2.29	-18.56724089
2.3	-18.6541454
2.31	-18.73375478
2.32	-18.80608376
2.33	-18.87114962
2.34	-18.92897217
2.35	-18.97957376
2.36	-19.02297918
2.37	-19.05921573
2.38	-19.08831313
2.39	-19.11030351
2.4	-19.12522141
2.41	-19.13310371
2.42	-19.13398964
2.43	-19.12792073
2.44	-19.11494079
2.45	-19.09509587
2.46	-19.06843425
2.47	-19.03500639
2.48	-18.9948649
2.49	-18.94806453
2.5	-18.89466211
2.51	-18.83471653
2.52	-18.7682887
2.53	-18.69544152
2.54	-18.61623986
2.55	-18.5307505
2.56	-18.43904209
2.57	-18.34118516
2.58	-18.23725201
2.59	-18.12731676
2.6	-18.01145522
2.61	-17.88974494
2.62	-17.76226511
2.63	-17.62909655
2.64	-17.49032164
2.65	-17.34602434
2.66	-17.19629008
2.67	-17.04120578
2.68	-16.88085976
2.69	-16.71534174
2.7	-16.54474278
2.71	-16.36915523
2.72	-16.18867271
2.73	-16.00339005
2.74	-15.81340327
2.75	-15.6188095
2.76	-15.41970698
2.77	-15.216195
2.78	-15.00837386
2.79	-14.79634481
2.8	-14.58021003
2.81	-14.36007258
2.82	-14.13603637
2.83	-13.90820609
2.84	-13.67668719
2.85	-13.4415858
2.86	-13.20300877
2.87	-12.96106353
2.88	-12.7158581
2.89	-12.46750105
2.9	-12.21610143
2.91	-11.96176876
2.92	-11.70461295
2.93	-11.4447443
2.94	-11.18227341
2.95	-10.91731119
2.96	-10.64996877
2.97	-10.38035749
2.98	-10.10858885
2.99	-9.834774456
3	-9.559026001
3.01	-9.281455207
3.02	-9.00217379
3.03	-8.721293419
3.04	-8.438925676
3.05	-8.155182015
3.06	-7.870173724
3.07	-7.584011885
3.08	-7.296807333
3.09	-7.008670619
3.1	-6.719711971
3.11	-6.430041259
3.12	-6.139767951
3.13	-5.84900108
3.14	-5.557849206
3.15	-5.26642038
3.16	-4.974822106
3.17	-4.683161309
3.18	-4.391544294
3.19	-4.100076717
3.2	-3.808863544
3.21	-3.518009025
3.22	-3.227616653
3.23	-2.937789136
3.24	-2.64862836
3.25	-2.360235362
3.26	-2.072710294
3.27	-1.786152395
3.28	-1.500659958
3.29	-1.216330301
3.3	-0.933259739
3.31	-0.6515435511
3.32	-0.3712759563
3.33	-0.09255008346
3.34	0.1845420558
3.35	0.4599095934
3.36	0.7334628316
3.37	1.005113268
3.38	1.27477362
3.39	1.542357852
3.4	1.807781194
3.41	2.070960172
3.42	2.331812622
3.43	2.590257719
3.44	2.846215997
3.45	3.099609367
3.46	3.350361137
3.47	3.598396037
3.48	3.843640231
3.49	4.08602134
3.5	4.325468458
3.51	4.561912167
3.52	4.795284556
3.53	5.025519237
3.54	5.252551357
3.55	5.476317615
3.56	5.696756274
3.57	5.913807177
3.58	6.127411756
3.59	6.337513043
3.6	6.544055688
3.61	6.746985959
3.62	6.946251762
3.63	7.141802643
3.64	7.333589801
3.65	7.521566092
3.66	7.705686039
3.67	7.885905838
3.68	8.062183363
3.69	8.234478173
3.7	8.402751513
3.71	8.566966323
3.72	8.727087238
3.73	8.883080591
3.74	9.034914416
3.75	9.182558448
3.76	9.325984126
3.77	9.465164592
3.78	9.60007469
3.79	9.730690966
3.8	9.856991664
3.81	9.978956728
3.82	10.0965678
3.83	10.2098082
3.84	10.31866295
3.85	10.42311874
3.86	10.52316396
3.87	10.61878865
3.88	10.70998453
3.89	10.79674495
3.9	10.87906496
3.91	10.9569412
3.92	11.03037198
3.93	11.09935721
3.94	11.16389845
3.95	11.22399882
3.96	11.27966307
3.97	11.33089752
3.98	11.37771005
3.99	11.42011012
4	11.45810872
4.01	11.49171838
4.02	11.52095314
4.03	11.54582857
4.04	11.5663617
4.05	11.58257106
4.06	11.59447661
4.07	11.60209978
4.08	11.60546342
4.09	11.60459179
4.1	11.59951054
4.11	11.59024669
4.12	11.57682864
4.13	11.55928611
4.14	11.53765013
4.15	11.51195307
4.16	11.48222853
4.17	11.44851142
4.18	11.41083786
4.19	11.36924521
4.2	11.323772
4.21	11.27445798
4.22	11.22134403
4.23	11.16447217
4.24	11.10388555
4.25	11.03962837
4.26	10.97174595
4.27	10.90028462
4.28	10.82529175
4.29	10.7468157
4.3	10.66490581
4.31	10.57961237
4.32	10.4909866
4.33	10.39908063
4.34	10.30394745
4.35	10.20564093
4.36	10.10421575
4.37	9.999727414
4.38	9.892232186
4.39	9.781787099
4.4	9.668449915
4.41	9.552279099
4.42	9.433333795
4.43	9.311673801
4.44	9.187359544
4.45	9.060452055
4.46	8.931012937
4.47	8.79910435
4.48	8.664788975
4.49	8.528129993
4.5	8.38919106
4.51	8.248036276
4.52	8.104730165
4.53	7.959337647
4.54	7.811924008
4.55	7.662554881
4.56	7.511296215
4.57	7.358214251
4.58	7.203375496
4.59	7.046846697
4.6	6.888694816
4.61	6.728987004
4.62	6.567790575
4.63	6.405172981
4.64	6.241201787
4.65	6.075944645
4.66	5.909469269
4.67	5.741843413
4.68	5.57313484
4.69	5.403411303
4.7	5.232740517
4.71	5.061190138
4.72	4.888827735
4.73	4.715720769
4.74	4.541936565
4.75	4.367542296
4.76	4.192604951
4.77	4.017191316
4.78	3.841367952
4.79	3.66520117
4.8	3.488757007
4.81	3.31210121
4.82	3.135299206
4.83	2.958416084
4.84	2.781516575
4.85	2.604665027
4.86	2.427925387
4.87	2.251361177
4.88	2.075035478
4.89	1.899010904
4.9	1.723349587
4.91	1.548113155
4.92	1.373362712
4.93	1.199158823
4.94	1.025561487
4.95	0.8526301298
4.96	0.680423575
4.97	0.5090000335
4.98	0.338417083
4.99	0.1687316513
5	3.279067637e-15
5.01	-0.1677222925
5.02	-0.3343803468
5.03	-0.4999199984
5.04	-0.6642878129
5.05	-0.8274311012
5.06	-0.9892979342
5.07	-1.149837157
5.08	-1.308998403
5.09	-1.466732107
5.1	-1.62298952
5.11	-1.777722719
5.12	-1.930884622
5.13	-2.082429
5.14	-2.232310488
5.15	-2.380484595
5.16	-2.526907718
5.17	-2.67153715
5.18	-2.81433109
5.19	-2.955248655
5.2	-3.094249889
5.21	-3.231295768
5.22	-3.366348214
5.23	-3.4993701
5.24	-3.630325259
5.25	-3.759178492
5.26	-3.885895571
5.27	-4.010443251
5.28	-4.132789273
5.29	-4.252902372
5.3	-4.370752278
5.31	-4.486309727
5.32	-4.599546462
5.33	-4.710435237
5.34	-4.818949823
5.35	-4.925065008
5.36	-5.028756606
5.37	-5.130001452
5.38	-5.22877741
5.39	-5.325063375
5.4	-5.418839269
5.41	-5.510086048
5.42	-5.598785701
5.43	-5.684921247
5.44	-5.768476742
5.45	-5.84943727
5.46	-5.927788951
5.47	-6.003518933
5.48	-6.076615393
5.49	-6.147067537
5.5	-6.214865594
5.51	-6.280000816
5.52	-6.342465476
5.53	-6.402252861
5.54	-6.459357272
5.55	-6.513774018
5.56	-6.565499412
5.57	-6.614530767
5.58	-6.660866391
5.59	-6.704505581
5.6	-6.745448616
5.61	-6.783696754
5.62	-6.819252225
5.63	-6.852118222
5.64	-6.882298897
5.65	-6.909799351
5.66	-6.93462563
5.67	-6.956784714
5.68	-6.976284509
5.69	-6.993133841
5.7	-7.007342446
5.71	-7.01892096
5.72	-7.02788091
5.73	-7.034234707
5.74	-7.037995634
5.75	-7.039177834
5.76	-7.037796304
5.77	-7.033866884
5.78	-7.027406241
5.79	-7.018431863
5.8	-7.006962048
5.81	-6.993015889
5.82	-6.976613266
5.83	-6.957774829
5.84	-6.936521993
5.85	-6.91287692
5.86	-6.886862508
5.87	-6.858502379
5.88	-6.827820866
5.89	-6.794843
5.9	-6.759594493
5.91	-6.722101733
5.92	-6.682391762
5.93	-6.640492266
5.94	-6.59643156
5.95	-6.550238577
5.96	-6.50194285
5.97	-6.451574497
5.98	-6.399164212
5.99	-6.344743246
6	-6.288343391
6.01	-6.229996971
6.02	-6.169736822
6.03	-6.107596277
6.04	-6.043609157
6.05	-5.977809746
6.06	-5.910232786
6.07	-5.840913453
6.08	-5.769887348
6.09	-5.697190478
6.1	-5.62285924
6.11	-5.54693041
6.12	-5.469441121
6.13	-5.390428854
6.14	-5.309931415
6.15	-5.227986926
6.16	-5.144633807
6.17	-5.059910757
6.18	-4.973856744
6.19	-4.886510984
6.2	-4.797912929
6.21	-4.708102251
6.22	-4.617118821
6.23	-4.525002701
6.24	-4.431794124
6.25	-4.337533479
6.26	-4.242261295
6.27	-4.146018227
6.28	-4.048845037
6.29	-3.950782585
6.3	-3.851871805
6.31	-3.752153698
6.32	-3.651669311
6.33	-3.550459725
6.34	-3.448566036
6.35	-3.346029347
6.36	-3.242890744
6.37	-3.139191289
6.38	-3.034972002
6.39	-2.930273843
6.4	-2.825137706
6.41	-2.719604396
6.42	-2.613714618
6.43	-2.507508966
6.44	-2.401027902
6.45	-2.294311749
6.46	-2.187400672
6.47	-2.080334669
6.48	-1.973153552
6.49	-1.86589694
6.5	-1.758604239
6.51	-1.651314635
6.52	-1.544067077
6.53	-1.436900267
6.54	-1.329852644
6.55	-1.222962376
6.56	-1.116267345
6.57	-1.009805135
6.58	-0.9036130198
6.59	-0.7977279541
6.6	-0.6921865587
6.61	-0.5870251108
6.62	-0.4822795326
6.63	-0.3779853803
6.64	-0.2741778336
6.65	-0.1708916849
6.66	-0.0681613291
6.67	0.03397924649
6.68	0.1354964721
6.69	0.2363572051
6.7	0.3365287397
6.71	0.4359788161
6.72	0.5346756292
6.73	0.6325878381
6.74	0.7296845743
6.75	0.8259354499
6.76	0.9213105663
6.77	1.015780522
6.78	1.109316419
6.79	1.201889873
6.8	1.293473017
6.81	1.384038514
6.82	1.473559556
6.83	1.562009878
6.84	1.649363758
6.85	1.735596029
6.86	1.82068208
6.87	1.904597864
6.88	1.987319903
6.89	2.068825293
6.9	2.14909171
6.91	2.228097411
6.92	2.305821243
6.93	2.382242646
6.94	2.457341652
6.95	2.531098897
6.96	2.603495619
6.97	2.674513661
6.98	2.744135476
6.99	2.81234413
7	2.879123303
7.01	2.944457291
7.02	3.008331011
7.03	3.070729997
7.04	3.13164041
7.05	3.191049029
7.06	3.248943263
7.07	3.305311142
7.08	3.360141324
7.09	3.413423093
7.1	3.465146359
7.11	3.515301661
7.12	3.56388016
7.13	3.610873645
7.14	3.656274529
7.15	3.70007585
7.16	3.742271268
7.17	3.782855064
7.18	3.821822137
7.19	3.859168008
7.2	3.894888808
7.21	3.928981286
7.22	3.961442801
7.23	3.992271317
7.24	4.021465407
7.25	4.049024245
7.26	4.074947603
7.27	4.099235849
7.28	4.121889943
7.29	4.142911433
7.3	4.16230245
7.31	4.180065703
7.32	4.19620448
7.33	4.210722636
7.34	4.223624593
7.35	4.234915332
7.36	4.244600391
7.37	4.252685858
7.38	4.259178365
7.39	4.264085083
7.4	4.267413716
7.41	4.269172496
7.42	4.269370174
7.43	4.268016017
7.44	4.2651198
7.45	4.2606918
7.46	4.254742788
7.47	4.247284023
7.48	4.238327247
7.49	4.227884673
7.5	4.215968982
7.51	4.202593315
7.52	4.187771263
7.53	4.171516861
7.54	4.153844582
7.55	4.134769327
7.56	4.114306416
7.57	4.092471581
7.58	4.069280962
7.59	4.044751091
7.6	4.018898888
7.61	3.991741654
7.62	3.96329706
7.63	3.933583136
7.64	3.902618269
7.65	3.870421189
7.66	3.83701096
7.67	3.802406974
7.68	3.766628942
7.69	3.72969688
7.7	3.691631106
7.71	3.652452228
7.72	3.612181135
7.73	3.570838985
7.74	3.528447203
7.75	3.485027464
7.76	3.440601688
7.77	3.395192028
7.78	3.348820862
7.79	3.301510786
7.8	3.253284598
7.81	3.204165295
7.82	3.15417606
7.83	3.103340253
7.84	3.051681402
7.85	2.999223193
7.86	2.945989461
7.87	2.892004181
7.88	2.837291454
7.89	2.781875506
7.9	2.725780669
7.91	2.669031379
7.92	2.611652163
7.93	2.553667629
7.94	2.495102458
7.95	2.435981394
7.96	2.376329237
7.97	2.316170829
7.98	2.255531049
7.99	2.194434799
8	2.132907002
8.01	2.070972587
8.02	2.008656479
8.03	1.945983597
8.04	1.882978838
8.05	1.819667069
8.06	1.756073124
8.07	1.692221786
8.08	1.628137789
8.09	1.563845798
8.1	1.499370408
8.11	1.434736136
8.12	1.369967406
8.13	1.305088548
8.14	1.240123783
8.15	1.175097223
8.16	1.110032853
8.17	1.044954533
8.18	0.9798859817
8.19	0.9148507744
8.2	0.8498723326
8.21	0.7849739172
8.22	0.7201786207
8.23	0.6555093603
8.24	0.5909888701
8.25	0.5266396943
8.26	0.4624841799
8.27	0.39854447
8.28	0.3348424968
8.29	0.271399975
8.3	0.208238395
8.31	0.1453790169
8.32	0.08284286359
8.33	0.02065071494
8.34	-0.04117689846
8.35	-0.1026197012
8.36	-0.1636576791
8.37	-0.2242710844
8.38	-0.284440442
8.39	-0.3441465545
8.4	-0.4033705074
8.41	-0.4620936747
8.42	-0.5202977237
8.43	-0.5779646198
8.44	-0.6350766313
8.45	-0.6916163344
8.46	-0.7475666171
8.47	-0.802910684
8.48	-0.8576320604
8.49	-0.9117145961
8.5	-0.9651424697
8.51	-1.017900192
8.52	-1.069972611
8.53	-1.121344912
8.54	-1.172002625
8.55	-1.221931626
8.56	-1.27111814
8.57	-1.319548743
8.58	-1.367210366
8.59	-1.4140903
8.6	-1.460176194
8.61	-1.505456058
8.62	-1.549918268
8.63	-1.593551568
8.64	-1.636345067
8.65	-1.678288247
8.66	-1.71937096
8.67	-1.759583433
8.68	-1.798916265
8.69	-1.837360433
8.7	-1.874907291
8.71	-1.911548568
8.72	-1.947276373
8.73	-1.982083195
8.74	-2.015961901
8.75	-2.048905737
8.76	-2.080908332
8.77	-2.111963691
8.78	-2.142066203
8.79	-2.171210634
8.8	-2.199392129
8.81	-2.226606213
8.82	-2.252848789
8.83	-2.278116138
8.84	-2.302404916
8.85	-2.325712154
8.86	-2.34803526
8.87	-2.369372013
8.88	-2.389720562
8.89	-2.409079431
8.9	-2.427447506
8.91	-2.444824044
8.92	-2.461208665
8.93	-2.476601352
8.94	-2.491002448
8.95	-2.504412654
8.96	-2.516833027
8.97	-2.528264977
8.98	-2.538710265
8.99	-2.548170999
9	-2.556649633
9.01	-2.564148962
9.02	-2.57067212
9.03	-2.576222578
9.04	-2.580804139
9.05	-2.584420935
9.06	-2.587077422
9.07	-2.588778382
9.08	-2.589528911
9.09	-2.589334424
9.1	-2.588200644
9.11	-2.586133601
9.12	-2.583139629
9.13	-2.57922536
9.14	-2.574397722
9.15	-2.568663931
9.16	-2.562031492
9.17	-2.554508187
9.18	-2.54610208
9.19	-2.536821504
9.2	-2.52667506
9.21	-2.515671615
9.22	-2.503820291
9.23	-2.491130464
9.24	-2.47761176
9.25	-2.463274047
9.26	-2.448127431
9.27	-2.432182253
9.28	-2.415449082
9.29	-2.397938708
9.3	-2.379662141
9.31	-2.360630603
9.32	-2.340855521
9.33	-2.320348526
9.34	-2.299121445
9.35	-2.277186296
9.36	-2.254555279
9.37	-2.231240779
9.38	-2.207255352
9.39	-2.182611722
9.4	-2.157322778
9.41	-2.131401565
9.42	-2.10486128
9.43	-2.077715266
9.44	-2.049977006
9.45	-2.021660118
9.46	-1.992778347
9.47	-1.963345563
9.48	-1.933375752
9.49	-1.902883011
9.5	-1.871881545
9.51	-1.840385655
9.52	-1.80840974
9.53	-1.775968284
9.54	-1.743075855
9.55	-1.709747098
9.56	-1.675996727
9.57	-1.641839524
9.58	-1.607290328
9.59	-1.572364032
9.6	-1.537075578
9.61	-1.501439948
9.62	-1.465472163
9.63	-1.429187273
9.64	-1.392600354
9.65	-1.355726502
9.66	-1.318580824
9.67	-1.28117844
9.68	-1.243534469
9.69	-1.205664029
9.7	-1.16758223
9.71	-1.129304166
9.72	-1.090844915
9.73	-1.05221953
9.74	-1.013443033
9.75	-0.974530412
9.76	-0.9354966141
9.77	-0.8963565417
9.78	-0.8571250463
9.79	-0.8178169239
9.8	-0.7784469098
9.81	-0.7390296734
9.82	-0.6995798138
9.83	-0.6601118546
9.84	-0.6206402388
9.85	-0.5811793246
9.86	-0.5417433804
9.87	-0.50234658
9.88	-0.4630029985
9.89	-0.4237266071
9.9	-0.3845312693
9.91	-0.3454307361
9.92	-0.3064386419
9.93	-0.2675685001
9.94	-0.2288336989
9.95	-0.1902474974
9.96	-0.1518230213
9.97	-0.113573259
9.98	-0.07551105792
9.99	-0.03764912038
10	-1.463317774e-15
10.01	0.03742390199
10.02	0.07461034034
10.03	0.1115472293
10.04	0.1482226461
10.05	0.1846248341
10.06	0.2207422065
10.07	0.256563349
10.08	0.2920770233
10.09	0.32727217
10.1	0.3621379115
10.11	0.3966635549
10.12	0.4308385949
10.13	0.4646527163
10.14	0.4980957967
10.15	0.531157909
10.16	0.5638293239
10.17	0.5961005121
10.18	0.6279621468
10.19	0.6594051057
10.2	0.6904204732
10.21	0.7209995421
10.22	0.751133816
10.23	0.7808150108
10.24	0.8100350565
10.25	0.8387860989
10.26	0.867060501
10.27	0.8948508448
10.28	0.9221499324
10.29	0.9489507873
10.3	0.9752466558
10.31	1.001031008
10.32	1.026297539
10.33	1.051040169
10.34	1.075253046
10.35	1.098930544
10.36	1.122067267
10.37	1.144658045
10.38	1.166697941
10.39	1.188182244
10.4	1.209106474
10.41	1.229466382
10.42	1.24925795
10.43	1.268477388
10.44	1.287121139
10.45	1.305185875
10.46	1.322668498
10.47	1.339566141
10.48	1.355876166
10.49	1.371596164
10.5	1.386723955
10.51	1.401257588
10.52	1.415195337
10.53	1.428535706
10.54	1.441277423
10.55	1.45341944
10.56	1.464960935
10.57	1.475901309
10.58	1.486240185
10.59	1.495977404
10.6	1.50511303
10.61	1.513647343
10.62	1.521580841
10.63	1.528914236
10.64	1.535648455
10.65	1.541784636
10.66	1.547324127
10.67	1.552268487
10.68	1.55661948
10.69	1.560379074
10.7	1.563549442
10.71	1.566132958
10.72	1.568132193
10.73	1.569549917
10.74	1.570389093
10.75	1.570652877
10.76	1.570344617
10.77	1.569467844
10.78	1.56802628
10.79	1.566023826
10.8	1.563464564
10.81	1.560352755
10.82	1.556692835
10.83	1.552489412
10.84	1.547747263
10.85	1.542471334
10.86	1.536666734
10.87	1.530338734
10.88	1.523492763
10.89	1.516134407
10.9	1.508269402
10.91	1.499903636
10.92	1.491043144
10.93	1.481694103
10.94	1.47186283
10.95	1.461555783
10.96	1.450779549
10.97	1.439540851
10.98	1.427846536
10.99	1.415703577
11	1.403119068
11.01	1.390100222
11.02	1.376654365
11.03	1.362788936
11.04	1.348511479
11.05	1.333829646
11.06	1.318751188
11.07	1.303283954
11.08	1.287435888
11.09	1.271215024
11.1	1.254629483
11.11	1.237687471
11.12	1.220397273
11.13	1.202767253
11.14	1.184805847
11.15	1.16652156
11.16	1.147922965
11.17	1.129018698
11.18	1.109817452
11.19	1.090327978
11.2	1.07055908
11.21	1.050519609
11.22	1.030218462
11.23	1.009664577
11.24	0.9888669327
11.25	0.9678345399
11.26	0.9465764422
11.27	0.9251017109
11.28	0.9034194416
11.29	0.8815387508
11.3	0.8594687727
11.31	0.8372186556
11.32	0.8147975582
11.33	0.792214647
11.34	0.769479092
11.35	0.746600064
11.36	0.723586731
11.37	0.7004482551
11.38	0.6771937887
11.39	0.653832472
11.4	0.6303734288
11.41	0.6068257644
11.42	0.5831985614
11.43	0.5595008771
11.44	0.5357417403
11.45	0.5119301479
11.46	0.4880750623
11.47	0.4641854078
11.48	0.4402700681
11.49	0.416337883
11.5	0.3923976455
11.51	0.368458099
11.52	0.3445279342
11.53	0.3206157866
11.54	0.2967302334
11.55	0.2728797909
11.56	0.2490729115
11.57	0.2253179814
11.58	0.2016233178
11.59	0.1779971662
11.6	0.1544476977
11.61	0.130983007
11.62	0.1076111093
11.63	0.08433993844
11.64	0.06117734392
11.65	0.03813108902
11.66	0.01520884828
11.67	-0.00758179471
11.68	-0.03023334951
11.69	-0.05273842103
11.7	-0.07508971159
11.71	-0.09728002305
11.72	-0.1193022588
11.73	-0.1411494256
11.74	-0.1628146359
11.75	-0.1842911092
11.76	-0.2055721742
11.77	-0.2266512705
11.78	-0.2475219502
11.79	-0.2681778797
11.8	-0.2886128415
11.81	-0.3088207353
11.82	-0.3287955798
11.83	-0.3485315142
11.84	-0.3680227995
11.85	-0.3872638199
11.86	-0.406249084
11.87	-0.4249732263
11.88	-0.4434310081
11.89	-0.4616173189
11.9	-0.4795271773
11.91	-0.4971557321
11.92	-0.5144982633
11.93	-0.531550183
11.94	-0.5483070364
11.95	-0.5647645023
11.96	-0.5809183944
11.97	-0.5967646615
11.98	-0.6122993883
11.99	-0.6275187962
12	-0.6424192437
12.01	-0.656997227
12.02	-0.6712493802
12.03	-0.6851724761
12.04	-0.6987634261
12.05	-0.712019281
12.06	-0.7249372305
12.07	-0.7375146044
12.08	-0.7497488717
12.09	-0.7616376413
12.1	-0.7731786621
12.11	-0.7843698225
12.12	-0.7952091508
12.13	-0.8056948146
12.14	-0.8158251212
12.15	-0.8255985171
12.16	-0.8350135874
12.17	-0.8440690562
12.18	-0.8527637856
12.19	-0.8610967756
12.2	-0.8690671635
12.21	-0.8766742237
12.22	-0.8839173665
12.23	-0.8907961383
12.24	-0.8973102203
12.25	-0.9034594282
12.26	-0.9092437112
12.27	-0.9146631515
12.28	-0.9197179632
12.29	-0.9244084916
12.3	-0.9287352122
12.31	-0.9326987298
12.32	-0.9362997777
12.33	-0.9395392161
12.34	-0.9424180317
12.35	-0.9449373362
12.36	-0.947098365
12.37	-0.9489024766
12.38	-0.9503511507
12.39	-0.9514459875
12.4	-0.952188706
12.41	-0.9525811427
12.42	-0.9526252506
12.43	-0.9523230973
12.44	-0.951676864
12.45	-0.9506888436
12.46	-0.9493614396
12.47	-0.9476971643
12.48	-0.9456986374
12.49	-0.9433685842
12.5	-0.9407098342
12.51	-0.9377253194
12.52	-0.9344180725
12.53	-0.9307912253
12.54	-0.9268480069
12.55	-0.9225917421
12.56	-0.9180258494
12.57	-0.9131538394
12.58	-0.9079793128
12.59	-0.9025059587
12.6	-0.8967375526
12.61	-0.8906779546
12.62	-0.8843311076
12.63	-0.8777010351
12.64	-0.8707918394
12.65	-0.8636076997
12.66	-0.8561528699
12.67	-0.8484316771
12.68	-0.840448519
12.69	-0.8322078621
12.7	-0.82371424
12.71	-0.8149722507
12.72	-0.8059865551
12.73	-0.7967618747
12.74	-0.7873029895
12.75	-0.7776147362
12.76	-0.7677020056
12.77	-0.7575697409
12.78	-0.7472229353
12.79	-0.7366666304
12.8	-0.7259059134
12.81	-0.7149459155
12.82	-0.7037918094
12.83	-0.6924488077
12.84	-0.68092216
12.85	-0.6692171514
12.86	-0.6573391003
12.87	-0.645293356
12.88	-0.6330852966
12.89	-0.6207203271
12.9	-0.6082038772
12.91	-0.5955413991
12.92	-0.5827383654
12.93	-0.569800267
12.94	-0.556732611
12.95	-0.5435409187
12.96	-0.5302307233
12.97	-0.5168075681
12.98	-0.5032770041
12.99	-0.4896445882
13	-0.475915881
13.01	-0.462096445
13.02	-0.4481918419
13.03	-0.4342076317
13.04	-0.4201493696
13.05	-0.4060226045
13.06	-0.3918328773
13.07	-0.3775857182
13.08	-0.3632866455
13.09	-0.3489411633
13.1	-0.3345547593
13.11	-0.3201329038
13.12	-0.3056810467
13.13	-0.2912046166
13.14	-0.2767090184
13.15	-0.2621996315
13.16	-0.2476818083
13.17	-0.2331608723
13.18	-0.218642116
13.19	-0.2041307998
13.2	-0.1896321497
13.21	-0.1751513559
13.22	-0.160693571
13.23	-0.1462639085
13.24	-0.1318674412
13.25	-0.1175091993
13.26	-0.1031941691
13.27	-0.08892729142
13.28	-0.07471345994
13.29	-0.06055751988
13.3	-0.04646426643
13.31	-0.03243844332
13.32	-0.01848474142
13.33	-0.004607797333
13.34	0.009187807947
13.35	0.02289755037
13.36	0.03651696414
13.37	0.05004164298
13.38	0.06346724138
13.39	0.07678947581
13.4	0.09000412592
13.41	0.1031070356
13.42	0.1160941144
13.43	0.1289613382
13.44	0.1417047504
13.45	0.1543204634
13.46	0.166804659
13.47	0.1791535895
13.48	0.191363579
13.49	0.2034310238
13.5	0.2153523938
13.51	0.2271242329
13.52	0.23874316
13.53	0.2502058698
13.54	0.2615091335
13.55	0.2726497995
13.56	0.2836247941
13.57	0.2944311223
13.58	0.305065868
13.59	0.3155261952
13.6	0.3258093479
13.61	0.3359126512
13.62	0.3458335114
13.63	0.3555694165
13.64	0.3651179368
13.65	0.3744767253
13.66	0.3836435176
13.67	0.3926161331
13.68	0.4013924743
13.69	0.4099705278
13.7	0.4183483641
13.71	0.426524138
13.72	0.434496089
13.73	0.4422625407
13.74	0.4498219017
13.75	0.4571726652
13.76	0.4643134093
13.77	0.4712427967
13.78	0.4779595749
13.79	0.4844625764
13.8	0.4907507179
13.81	0.4968230009
13.82	0.5026785111
13.83	0.5083164187
13.84	0.5137359775
13.85	0.5189365254
13.86	0.5239174836
13.87	0.5286783566
13.88	0.5332187318
13.89	0.5375382791
13.9	0.5416367507
13.91	0.5455139805
13.92	0.5491698837
13.93	0.5526044564
13.94	0.5558177752
13.95	0.5588099967
13.96	0.5615813565
13.97	0.5641321693
13.98	0.5664628281
13.99	0.5685738031
14	0.570465642
14.01	0.5721389685
14.02	0.5735944818
14.03	0.5748329565
14.04	0.5758552409
14.05	0.576662257
14.06	0.5772549995
14.07	0.5776345349
14.08	0.5778020007
14.09	0.5777586047
14.1	0.5775056241
14.11	0.5770444045
14.12	0.576376359
14.13	0.5755029677
14.14	0.574425776
14.15	0.5731463944
14.16	0.571666497
14.17	0.5699878209
14.18	0.5681121648
14.19	0.5660413884
14.2	0.5637774109
14.21	0.5613222104
14.22	0.5586778225
14.23	0.5558463395
14.24	0.5528299088
14.25	0.5496307325
14.26	0.5462510658
14.27	0.5426932157
14.28	0.5389595405
14.29	0.535052448
14.3	0.5309743947
14.31	0.5267278844
14.32	0.5223154673
14.33	0.5177397383
14.34	0.5130033363
14.35	0.5081089428
14.36	0.5030592805
14.37	0.4978571124
14.38	0.4925052401
14.39	0.4870065031
14.4	0.481363777
14.41	0.4755799726
14.42	0.4696580346
14.43	0.4636009401
14.44	0.4574116978
14.45	0.4510933459
14.46	0.4446489517
14.47	0.4380816099
14.48	0.4313944411
14.49	0.424590591
14.5	0.4176732288
14.51	0.410645546
14.52	0.4035107548
14.53	0.3962720876
14.54	0.3889327947
14.55	0.3814961437
14.56	0.3739654182
14.57	0.366343916
14.58	0.3586349483
14.59	0.3508418383
14.6	0.3429679198
14.61	0.335016536
14.62	0.3269910384
14.63	0.3188947851
14.64	0.3107311401
14.65	0.3025034714
14.66	0.2942151505
14.67	0.2858695506
14.68	0.2774700453
14.69	0.2690200079
14.7	0.2605228099
14.71	0.2519818194
14.72	0.2434004007
14.73	0.2347819123
14.74	0.2261297063
14.75	0.2174471269
14.76	0.2087375093
14.77	0.2000041787
14.78	0.1912504489
14.79	0.1824796212
14.8	0.1736949836
14.81	0.1648998094
14.82	0.1560973559
14.83	0.1472908638
14.84	0.1384835559
14.85	0.1296786358
14.86	0.1208792872
14.87	0.1120886729
14.88	0.1033099332
14.89	0.0945461857
14.9	0.0858005237
14.91	0.07707601547
14.92	0.06837570325
14.93	0.05970260228
14.94	0.05105969989
14.95	0.04244995456
14.96	0.03387629505
14.97	0.02534161947
14.98	0.01684879445
14.99	0.00840065426
15	4.897654939e-16
15.01	-0.008350401244
15.02	-0.01664781719
15.03	-0.02488955114
15.04	-0.03307294276
15.05	-0.0411953688
15.06	-0.04925424389
15.07	-0.05724702115
15.08	-0.06517119298
15.09	-0.0730242917
15.1	-0.08080389019
15.11	-0.08850760254
15.12	-0.09613308469
15.13	-0.103678035
15.14	-0.1111401949
15.15	-0.1185173493
15.16	-0.1258073273
15.17	-0.1330080027
15.18	-0.1401172944
15.19	-0.1471331668
15.2	-0.1540536307
15.21	-0.1608767433
15.22	-0.1676006087
15.23	-0.1742233784
15.24	-0.1807432519
15.25	-0.1871584766
15.26	-0.1934673484
15.27	-0.1996682123
15.28	-0.2057594621
15.29	-0.2117395411
15.3	-0.2176069425
15.31	-0.2233602091
15.32	-0.2289979342
15.33	-0.2345187612
15.34	-0.2399213843
15.35	-0.2452045483
15.36	-0.2503670489
15.37	-0.255407733
15.38	-0.2603254984
15.39	-0.2651192943
15.4	-0.2697881212
15.41	-0.2743310308
15.42	-0.2787471265
15.43	-0.2830355628
15.44	-0.2871955459
15.45	-0.2912263333
15.46	-0.2951272338
15.47	-0.2988976076
15.48	-0.302536866
15.49	-0.3060444717
15.5	-0.3094199382
15.51	-0.31266283
15.52	-0.3157727623
15.53	-0.3187494009
15.54	-0.3215924621
15.55	-0.3243017124
15.56	-0.3268769681
15.57	-0.3293180955
15.58	-0.3316250104
15.59	-0.3337976777
15.6	-0.3358361114
15.61	-0.3377403741
15.62	-0.3395105767
15.63	-0.3411468784
15.64	-0.3426494857
15.65	-0.3440186527
15.66	-0.3452546804
15.67	-0.3463579162
15.68	-0.3473287538
15.69	-0.3481676327
15.7	-0.3488750374
15.71	-0.3494514977
15.72	-0.3498975873
15.73	-0.3502139243
15.74	-0.3504011698
15.75	-0.3504600281
15.76	-0.3503912458
15.77	-0.3501956114
15.78	-0.3498739549
15.79	-0.349427147
15.8	-0.3488560985
15.81	-0.3481617602
15.82	-0.3473451216
15.83	-0.3464072111
15.84	-0.3453490947
15.85	-0.3441718758
15.86	-0.3428766945
15.87	-0.3414647269
15.88	-0.3399371843
15.89	-0.338295313
15.9	-0.3365403932
15.91	-0.3346737386
15.92	-0.3326966955
15.93	-0.3306106424
15.94	-0.3284169891
15.95	-0.3261171759
15.96	-0.3237126732
15.97	-0.3212049806
15.98	-0.3185956261
15.99	-0.3158861658
16	-0.3130781823
16.01	-0.3101732851
16.02	-0.3071731089
16.03	-0.3040793134
16.04	-0.3008935823
16.05	-0.2976176225
16.06	-0.2942531638
16.07	-0.2908019574
16.08	-0.2872657759
16.09	-0.2836464118
16.1	-0.2799456774
16.11	-0.2761654036
16.12	-0.272307439
16.13	-0.2683736499
16.14	-0.2643659184
16.15	-0.2602861425
16.16	-0.2561362351
16.17	-0.2519181228
16.18	-0.2476337457
16.19	-0.2432850564
16.2	-0.238874019
16.21	-0.2344026086
16.22	-0.2298728104
16.23	-0.2252866188
16.24	-0.2206460371
16.25	-0.2159530759
16.26	-0.2112097531
16.27	-0.2064180929
16.28	-0.2015801247
16.29	-0.1966978826
16.3	-0.1917734049
16.31	-0.1868087327
16.32	-0.1818059097
16.33	-0.176766981
16.34	-0.171693993
16.35	-0.1665889918
16.36	-0.1614540232
16.37	-0.1562911313
16.38	-0.1511023585
16.39	-0.1458897442
16.4	-0.1406553241
16.41	-0.13540113
16.42	-0.1301291884
16.43	-0.1248415203
16.44	-0.1195401403
16.45	-0.1142270559
16.46	-0.1089042668
16.47	-0.1035737644
16.48	-0.09823753081
16.49	-0.09289753852
16.5	-0.08755574949
16.51	-0.08221411463
16.52	-0.07687457314
16.53	-0.07153905182
16.54	-0.06620946451
16.55	-0.06088771144
16.56	-0.05557567863
16.57	-0.05027523728
16.58	-0.0449882432
16.59	-0.03971653619
16.6	-0.03446193952
16.61	-0.02922625932
16.62	-0.02401128406
16.63	-0.01881878397
16.64	-0.01365051055
16.65	-0.008508195999
16.66	-0.003393552752
16.67	0.001691727068
16.68	0.006745972119
16.69	0.01176753233
16.7	0.01675477937
16.71	0.02170610712
16.72	0.02661993211
16.73	0.03149469395
16.74	0.03632885579
16.75	0.04112090471
16.76	0.04586935215
16.77	0.05057273428
16.78	0.05522961238
16.79	0.05983857326
16.8	0.06439822955
16.81	0.06890722013
16.82	0.07336421038
16.83	0.07776789258
16.84	0.08211698619
16.85	0.08641023815
16.86	0.09064642317
16.87	0.09482434404
16.88	0.09894283186
16.89	0.1030007463
16.9	0.1069969759
16.91	0.1109304381
16.92	0.1148000799
16.93	0.1186048775
16.94	0.1223438368
16.95	0.1260159939
16.96	0.1296204144
16.97	0.1331561945
16.98	0.1366224606
16.99	0.1400183695
17	0.1433431087
17.01	0.1465958965
17.02	0.1497759817
17.03	0.1528826443
17.04	0.1559151952
17.05	0.1588729762
17.06	0.1617553603
17.07	0.1645617518
17.08	0.1672915858
17.09	0.1699443289
17.1	0.1725194787
17.11	0.1750165641
17.12	0.1774351452
17.13	0.179774813
17.14	0.18203519
17.15	0.1842159293
17.16	0.1863167155
17.17	0.1883372637
17.18	0.19027732
17.19	0.1921366614
17.2	0.1939150954
17.21	0.1956124599
17.22	0.1972286235
17.23	0.198763485
17.24	0.2002169732
17.25	0.2015890469
17.26	0.2028796949
17.27	0.2040889355
17.28	0.2052168164
17.29	0.2062634148
17.3	0.2072288366
17.31	0.208113217
17.32	0.2089167193
17.33	0.2096395358
17.34	0.2102818864
17.35	0.2108440192
17.36	0.2113262099
17.37	0.2117287616
17.38	0.2120520045
17.39	0.2122962956
17.4	0.2124620185
17.41	0.2125495829
17.42	0.2125594247
17.43	0.2124920052
17.44	0.2123478111
17.45	0.2121273539
17.46	0.2118311701
17.47	0.2114598201
17.48	0.2110138884
17.49	0.2104939833
17.5	0.209900736
17.51	0.2092348007
17.52	0.2084968542
17.53	0.2076875952
17.54	0.2068077442
17.55	0.2058580432
17.56	0.2048392548
17.57	0.2037521624
17.58	0.2025975695
17.59	0.2013762991
17.6	0.2000891937
17.61	0.1987371147
17.62	0.1973209417
17.63	0.1958415725
17.64	0.1942999226
17.65	0.1926969243
17.66	0.191033527
17.67	0.189310696
17.68	0.1875294126
17.69	0.1856906736
17.7	0.1837954903
17.71	0.1818448888
17.72	0.1798399091
17.73	0.1777816047
17.74	0.1756710421
17.75	0.1735093006
17.76	0.1712974715
17.77	0.1690366576
17.78	0.1667279732
17.79	0.1643725432
17.8	0.1619715027
17.81	0.1595259966
17.82	0.1570371792
17.83	0.1545062133
17.84	0.1519342706
17.85	0.1493225302
17.86	0.1466721787
17.87	0.1439844099
17.88	0.1412604236
17.89	0.138501426
17.9	0.1357086285
17.91	0.1328832478
17.92	0.1300265048
17.93	0.1271396248
17.94	0.1242238366
17.95	0.1212803722
17.96	0.1183104662
17.97	0.1153153554
17.98	0.1122962785
17.99	0.1092544754
18	0.1061911868
18.01	0.1031076538
18.02	0.1000051175
18.03	0.0968848184
18.04	0.09374799612
18.05	0.09059588877
18.06	0.08742973266
18.07	0.08425076178
18.08	0.0810602074
18.09	0.07785929764
18.1	0.07464925703
18.11	0.07143130609
18.12	0.06820666091
18.13	0.06497653274
18.14	0.06174212758
18.15	0.05850464577
18.16	0.05526528156
18.17	0.05202522277
18.18	0.04878565036
18.19	0.04554773805
18.2	0.04231265193
18.21	0.03908155008
18.22	0.03585558223
18.23	0.03263588934
18.24	0.02942360328
18.25	0.02621984646
18.26	0.02302573148
18.27	0.01984236078
18.28	0.01667082628
18.29	0.01351220911
18.3	0.01036757921
18.31	0.007237995053
18.32	0.004124503313
18.33	0.001028138557
18.34	-0.002050077059
18.35	-0.005109134081
18.36	-0.008148036057
18.37	-0.01116579981
18.38	-0.01416145573
18.39	-0.01713404804
18.4	-0.02008263503
18.41	-0.02300628938
18.42	-0.02590409834
18.43	-0.02877516404
18.44	-0.03161860366
18.45	-0.03443354972
18.46	-0.03721915027
18.47	-0.03997456912
18.48	-0.04269898602
18.49	-0.04539159693
18.5	-0.04805161413
18.51	-0.05067826647
18.52	-0.05327079953
18.53	-0.0558284758
18.54	-0.05835057484
18.55	-0.06083639342
18.56	-0.06328524573
18.57	-0.06569646346
18.58	-0.06806939598
18.59	-0.07040341046
18.6	-0.07269789198
18.61	-0.07495224366
18.62	-0.07716588678
18.63	-0.07933826084
18.64	-0.08146882371
18.65	-0.08355705168
18.66	-0.08560243953
18.67	-0.08760450066
18.68	-0.08956276707
18.69	-0.09147678951
18.7	-0.09334613747
18.71	-0.09517039923
18.72	-0.09694918192
18.73	-0.09868211153
18.74	-0.100368833
18.75	-0.10200901
18.76	-0.1036023254
18.77	-0.1051484807
18.78	-0.1066471965
18.79	-0.1080982123
18.8	-0.1095012863
18.81	-0.1108561957
18.82	-0.1121627367
18.83	-0.1134207239
18.84	-0.1146299909
18.85	-0.11579039
18.86	-0.116901792
18.87	-0.1179640864
18.88	-0.118977181
18.89	-0.1199410023
18.9	-0.1208554949
18.91	-0.1217206218
18.92	-0.1225363641
18.93	-0.1233027209
18.94	-0.1240197092
18.95	-0.124687364
18.96	-0.125305738
18.97	-0.1258749013
18.98	-0.1263949415
18.99	-0.1268659638
19	-0.1272880901
19.01	-0.1276614597
19.02	-0.1279862286
19.03	-0.1282625696
19.04	-0.1284906721
19.05	-0.1286707418
19.06	-0.1288030005
19.07	-0.1288876863
19.08	-0.1289250529
19.09	-0.12891537
19.1	-0.1288589224
19.11	-0.1287560104
19.12	-0.1286069493
19.13	-0.1284120693
19.14	-0.1281717154
19.15	-0.1278862468
19.16	-0.127556037
19.17	-0.1271814738
19.18	-0.1267629583
19.19	-0.1263009056
19.2	-0.125795744
19.21	-0.1252479147
19.22	-0.124657872
19.23	-0.1240260827
19.24	-0.1233530261
19.25	-0.1226391934
19.26	-0.1218850878
19.27	-0.1210912241
19.28	-0.1202581286
19.29	-0.1193863384
19.3	-0.1184764017
19.31	-0.1175288772
19.32	-0.1165443339
19.33	-0.1155233507
19.34	-0.1144665166
19.35	-0.1133744298
19.36	-0.1122476978
19.37	-0.1110869372
19.38	-0.1098927731
19.39	-0.108665839
19.4	-0.1074067766
19.41	-0.1061162354
19.42	-0.1047948725
19.43	-0.103443352
19.44	-0.1020623454
19.45	-0.1006525305
19.46	-0.09921459181
19.47	-0.09774921977
19.48	-0.09625711073
19.49	-0.09473896657
19.5	-0.09319549444
19.51	-0.09162740643
19.52	-0.09003541935
19.53	-0.08842025436
19.54	-0.08678263676
19.55	-0.08512329565
19.56	-0.08344296365
19.57	-0.08174237664
19.58	-0.08002227345
19.59	-0.07828339557
19.6	-0.07652648687
19.61	-0.07475229334
19.62	-0.07296156276
19.63	-0.07115504447
19.64	-0.06933348904
19.65	-0.06749764802
19.66	-0.06564827366
19.67	-0.0637861186
19.68	-0.06191193564
19.69	-0.06002647746
19.7	-0.05813049629
19.71	-0.05622474372
19.72	-0.05430997039
19.73	-0.05238692569
19.74	-0.05045635758
19.75	-0.04851901225
19.76	-0.04657563388
19.77	-0.04462696442
19.78	-0.04267374328
19.79	-0.0407167071
19.8	-0.03875658952
19.81	-0.03679412088
19.82	-0.03483002802
19.83	-0.03286503403
19.84	-0.030899858
19.85	-0.02893521477
19.86	-0.02697181472
19.87	-0.02501036352
19.88	-0.02305156194
19.89	-0.02109610556
19.9	-0.01914468459
19.91	-0.01719798368
19.92	-0.01525668162
19.93	-0.01332145121
19.94	-0.01139295901
19.95	-0.00947186516
19.96	-0.007558823139
19.97	-0.00565447961
19.98	-0.003759474203
19.99	-0.00187443933
20	-1.457086041e-16
20.01	0.001863226367
20.02	0.003714630115
20.03	0.005553609532
20.04	0.007379571014
20.05	0.009191929239
20.06	0.01099010733
20.07	0.012773537
20.08	0.01454165873
20.09	0.0162939219
20.1	0.01802978496
20.11	0.01974871553
20.12	0.02145019058
20.13	0.02313369656
20.14	0.02479872948
20.15	0.02644479513
20.16	0.02807140909
20.17	0.02967809695
20.18	0.03126439434
20.19	0.03282984708
20.2	0.0343740113
20.21	0.0358964535
20.22	0.03739675065
20.23	0.03887449033
20.24	0.04032927074
20.25	0.04176070085
20.26	0.04316840044
20.27	0.04455200019
20.28	0.04591114173
20.29	0.04724547772
20.3	0.04855467193
20.31	0.04983839923
20.32	0.05109634573
20.33	0.05232820875
20.34	0.0535336969
20.35	0.05471253013
20.36	0.05586443973
20.37	0.05698916837
20.38	0.05808647015
20.39	0.0591561106
20.4	0.06019786668
20.41	0.06121152684
20.42	0.06219689097
20.43	0.06315377046
20.44	0.06408198816
20.45	0.06498137839
20.46	0.06585178694
20.47	0.06669307105
20.48	0.06750509937
20.49	0.06828775199
20.5	0.06904092037
20.51	0.06976450733
20.52	0.07045842701
20.53	0.07112260487
20.54	0.07175697757
20.55	0.07236149301
20.56	0.07293611024
20.57	0.0734807994
20.58	0.07399554168
20.59	0.07448032929
20.6	0.07493516532
20.61	0.07536006376
20.62	0.07575504936
20.63	0.07612015761
20.64	0.07645543462
20.65	0.07676093708
20.66	0.07703673212
20.67	0.07728289731
20.68	0.07749952046
20.69	0.07768669964
20.7	0.07784454298
20.71	0.07797316864
20.72	0.0780727047
20.73	0.07814328901
20.74	0.07818506913
20.75	0.07819820219
20.76	0.07818285478
20.77	0.07813920286
20.78	0.0780674316
20.79	0.07796773527
20.8	0.07784031713
20.81	0.07768538931
20.82	0.07750317262
20.83	0.07729389649
20.84	0.07705779881
20.85	0.07679512578
20.86	0.07650613176
20.87	0.07619107919
20.88	0.07585023837
20.89	0.07548388736
20.9	0.07509231183
20.91	0.07467580488
20.92	0.07423466695
20.93	0.07376920559
20.94	0.07327973537
20.95	0.07276657768
20.96	0.07223006061
20.97	0.07167051876
20.98	0.07108829308
20.99	0.07048373075
21	0.06985718496
21.01	0.06920901479
21.02	0.06853958499
21.03	0.0678492659
21.04	0.0671384332
21.05	0.06640746778
21.06	0.06565675556
21.07	0.06488668734
21.08	0.06409765858
21.09	0.0632900693
21.1	0.06246432384
21.11	0.06162083072
21.12	0.06076000248
21.13	0.05988225547
21.14	0.0589880097
21.15	0.05807768866
21.16	0.05715171915
21.17	0.05621053108
21.18	0.05525455735
21.19	0.0542842336
21.2	0.05329999812
21.21	0.0523022916
21.22	0.051291557
21.23	0.05026823934
21.24	0.04923278559
21.25	0.04818564441
21.26	0.04712726605
21.27	0.04605810213
21.28	0.0449786055
21.29	0.04388923006
21.3	0.04279043055
21.31	0.04168266244
21.32	0.04056638174
21.33	0.03944204479
21.34	0.03831010816
21.35	0.03717102843
21.36	0.03602526205
21.37	0.03487326516
21.38	0.03371549346
21.39	0.03255240198
21.4	0.031384445
21.41	0.03021207582
21.42	0.02903574665
21.43	0.02785590842
21.44	0.02667301065
21.45	0.02548750127
21.46	0.0242998265
21.47	0.02311043064
21.48	0.02191975598
21.49	0.02072824265
21.5	0.01953632841
21.51	0.01834444856
21.52	0.01715303582
21.53	0.01596252009
21.54	0.01477332842
21.55	0.0135858848
21.56	0.01240061007
21.57	0.01121792175
21.58	0.01003823391
21.59	0.008861957081
21.6	0.007689498085
21.61	0.006521259924
21.62	0.005357641658
21.63	0.004199038281
21.64	0.003045840604
21.65	0.001898435136
21.66	0.000757203969
21.67	-0.0003774753316
21.68	-0.001505229839
21.69	-0.002625691373
21.7	-0.003738496605
21.71	-0.004843287158
21.72	-0.005939709714
21.73	-0.007027416104
21.74	-0.00810606341
21.75	-0.009175314054
21.76	-0.01023483589
21.77	-0.0112843023
21.78	-0.01232339226
21.79	-0.01335179043
21.8	-0.01436918727
21.81	-0.01537527906
21.82	-0.01636976801
21.83	-0.01735236233
21.84	-0.01832277628
21.85	-0.01928073028
21.86	-0.02022595092
21.87	-0.02115817107
21.88	-0.02207712992
21.89	-0.02298257302
21.9	-0.02387425236
21.91	-0.02475192642
21.92	-0.02561536021
21.93	-0.0264643253
21.94	-0.02729859991
21.95	-0.02811796889
21.96	-0.02892222382
21.97	-0.029711163
21.98	-0.0304845915
21.99	-0.03124232121
22	-0.03198417081
22.01	-0.03270996586
22.02	-0.03341953878
22.03	-0.03411272891
22.04	-0.03478938247
22.05	-0.03544935262
22.06	-0.03609249946
22.07	-0.03671869003
22.08	-0.03732779833
22.09	-0.03791970532
22.1	-0.03849429891
22.11	-0.03905147398
22.12	-0.03959113236
22.13	-0.04011318282
22.14	-0.04061754109
22.15	-0.04110412981
22.16	-0.04157287856
22.17	-0.04202372381
22.18	-0.04245660889
22.19	-0.04287148404
22.2	-0.04326830629
22.21	-0.04364703951
22.22	-0.04400765436
22.23	-0.04435012824
22.24	-0.04467444529
22.25	-0.04498059632
22.26	-0.04526857881
22.27	-0.04553839686
22.28	-0.04579006111
22.29	-0.04602358877
22.3	-0.0462390035
22.31	-0.04643633543
22.32	-0.04661562105
22.33	-0.04677690319
22.34	-0.04692023098
22.35	-0.04704565976
22.36	-0.04715325105
22.37	-0.04724307248
22.38	-0.04731519772
22.39	-0.04736970643
22.4	-0.0474066842
22.41	-0.04742622248
22.42	-0.04742841848
22.43	-0.04741337516
22.44	-0.04738120109
22.45	-0.04733201045
22.46	-0.0472659229
22.47	-0.04718306351
22.48	-0.04708356272
22.49	-0.0469675562
22.5	-0.04683518483
22.51	-0.04668659459
22.52	-0.04652193646
22.53	-0.04634136637
22.54	-0.04614504509
22.55	-0.04593313814
22.56	-0.04570581573
22.57	-0.04546325263
22.58	-0.04520562812
22.59	-0.04493312587
22.6	-0.04464593384
22.61	-0.04434424422
22.62	-0.04402825332
22.63	-0.04369816144
22.64	-0.04335417284
22.65	-0.04299649559
22.66	-0.04262534147
22.67	-0.04224092591
22.68	-0.04184346788
22.69	-0.04143318973
22.7	-0.04101031718
22.71	-0.04057507916
22.72	-0.04012770772
22.73	-0.03966843793
22.74	-0.03919750777
22.75	-0.03871515804
22.76	-0.03822163224
22.77	-0.03771717648
22.78	-0.03720203937
22.79	-0.03667647189
22.8	-0.03614072734
22.81	-0.03559506117
22.82	-0.03503973093
22.83	-0.03447499613
22.84	-0.03390111813
22.85	-0.03331836007
22.86	-0.03272698673
22.87	-0.03212726443
22.88	-0.03151946094
22.89	-0.03090384536
22.9	-0.03028068802
22.91	-0.02965026035
22.92	-0.02901283484
22.93	-0.02836868485
22.94	-0.02771808456
22.95	-0.02706130888
22.96	-0.02639863327
22.97	-0.02573033373
22.98	-0.02505668661
22.99	-0.02437796859
23	-0.02369445651
23.01	-0.0230064273
23.02	-0.02231415788
23.03	-0.02161792505
23.04	-0.02091800539
23.05	-0.02021467517
23.06	-0.01950821025
23.07	-0.01879888597
23.08	-0.01808697706
23.09	-0.01737275755
23.1	-0.01665650068
23.11	-0.01593847877
23.12	-0.01521896317
23.13	-0.01449822416
23.14	-0.01377653082
23.15	-0.01305415098
23.16	-0.01233135112
23.17	-0.01160839629
23.18	-0.01088554998
23.19	-0.01016307409
23.2	-0.009441228801
23.21	-0.008720272529
23.22	-0.008000461805
23.23	-0.007282051214
23.24	-0.006565293312
23.25	-0.005850438541
23.26	-0.005137735153
23.27	-0.004427429138
23.28	-0.003719764138
23.29	-0.003014981382
23.3	-0.002313319609
23.31	-0.001615014995
23.32	-0.0009203010848
23.33	-0.0002294087208
23.34	0.0004574340224
23.35	0.001140001906
23.36	0.00181807259
23.37	0.0024914267
23.38	0.003159847886
23.39	0.003823122882
23.4	0.00448104157
23.41	0.005133397033
23.42	0.005779985612
23.43	0.00642060696
23.44	0.007055064099
23.45	0.007683163464
23.46	0.008304714961
23.47	0.008919532009
23.48	0.00952743159
23.49	0.01012823429
23.5	0.01072176436
23.51	0.01130784971
23.52	0.01188632203
23.53	0.01245701675
23.54	0.01301977311
23.55	0.01357443421
23.56	0.01412084701
23.57	0.01465886241
23.58	0.01518833523
23.59	0.01570912425
23.6	0.01622109228
23.61	0.01672410613
23.62	0.01721803667
23.63	0.01770275885
23.64	0.01817815168
23.65	0.01864409832
23.66	0.01910048604
23.67	0.01954720626
23.68	0.01998415456
23.69	0.02041123069
23.7	0.0208283386
23.71	0.02123538642
23.72	0.02163228649
23.73	0.02201895535
23.74	0.02239531377
23.75	0.02276128674
23.76	0.02311680345
23.77	0.02346179734
23.78	0.02379620603
23.79	0.02411997141
23.8	0.02443303954
23.81	0.02473536071
23.82	0.0250268894
23.83	0.02530758429
23.84	0.02557740824
23.85	0.02583632827
23.86	0.02608431558
23.87	0.02632134549
23.88	0.02654739746
23.89	0.02676245505
23.9	0.02696650594
23.91	0.02715954184
23.92	0.02734155854
23.93	0.02751255585
23.94	0.02767253758
23.95	0.02782151151
23.96	0.02795948939
23.97	0.02808648688
23.98	0.02820252355
23.99	0.02830762281
24	0.02840181192
24.01	0.02848512194
24.02	0.02855758768
24.03	0.0286192477
24.04	0.02867014425
24.05	0.02871032321
24.06	0.02873983413
24.07	0.02875873008
24.08	0.02876706771
24.09	0.02876490715
24.1	0.02875231199
24.11	0.02872934922
24.12	0.02869608919
24.13	0.0286526056
24.14	0.02859897538
24.15	0.02853527872
24.16	0.02846159897
24.17	0.02837802261
24.18	0.02828463919
24.19	0.0281815413
24.2	0.0280688245
24.21	0.02794658727
24.22	0.02781493095
24.23	0.0276739597
24.24	0.02752378047
24.25	0.02736450286
24.26	0.02719623916
24.27	0.02701910423
24.28	0.02683321549
24.29	0.02663869281
24.3	0.02643565849
24.31	0.02622423719
24.32	0.02600455588
24.33	0.02577674375
24.34	0.02554093218
24.35	0.02529725467
24.36	0.02504584679
24.37	0.02478684609
24.38	0.02452039206
24.39	0.02424662606
24.4	0.02396569127
24.41	0.02367773261
24.42	0.02338289668
24.43	0.0230813317
24.44	0.02277318747
24.45	0.02245861525
24.46	0.02213776776
24.47	0.02181079906
24.48	0.02147786453
24.49	0.02113912078
24.5	0.0207947256
24.51	0.02044483787
24.52	0.02008961754
24.53	0.01972922552
24.54	0.01936382364
24.55	0.01899357459
24.56	0.01861864184
24.57	0.01823918959
24.58	0.01785538269
24.59	0.01746738659
24.6	0.01707536727
24.61	0.01667949118
24.62	0.01627992518
24.63	0.01587683647
24.64	0.01547039251
24.65	0.01506076101
24.66	0.01464810981
24.67	0.01423260686
24.68	0.01381442011
24.69	0.01339371753
24.7	0.01297066695
24.71	0.01254543607
24.72	0.01211819239
24.73	0.01168910312
24.74	0.01125833515
24.75	0.01082605497
24.76	0.01039242865
24.77	0.009957621719
24.78	0.009521799173
24.79	0.009085125377
24.8	0.008647764026
24.81	0.008209878084
24.82	0.00777162973
24.83	0.007333180307
24.84	0.006894690264
24.85	0.006456319105
24.86	0.006018225337
24.87	0.005580566419
24.88	0.005143498707
24.89	0.004707177411
24.9	0.00427175654
24.91	0.003837388852
24.92	0.003404225813
24.93	0.002972417542
24.94	0.002542112769
24.95	0.00211345879
24.96	0.001686601418
24.97	0.001261684941
24.98	0.000838852081
24.99	0.000418243948
25	1.192379965e-16
25.01	-0.0004157419976
25.02	-0.0008288460125
25.03	-0.001239177784
25.04	-0.001646604862
25.05	-0.002050996643
25.06	-0.002452224408
25.07	-0.002850161356
25.08	-0.003244682641
25.09	-0.003635665403
25.1	-0.004022988805
25.11	-0.004406534058
25.12	-0.00478618446
25.13	-0.005161825417
25.14	-0.005533344481
25.15	-0.005900631372
25.16	-0.006263578007
25.17	-0.006622078525
25.18	-0.006976029315
25.19	-0.007325329037
25.2	-0.007669878646
25.21	-0.008009581417
25.22	-0.008344342962
25.23	-0.008674071252
25.24	-0.008998676639
25.25	-0.009318071869
25.26	-0.009632172104
25.27	-0.009940894937
25.28	-0.01024416041
25.29	-0.01054189101
25.3	-0.01083401172
25.31	-0.01112045
25.32	-0.01140113581
25.33	-0.0116760016
25.34	-0.01194498236
25.35	-0.01220801561
25.36	-0.01246504138
25.37	-0.01271600226
25.38	-0.01296084339
25.39	-0.01319951243
25.4	-0.01343195963
25.41	-0.01365813779
25.42	-0.01387800224
25.43	-0.01409151092
25.44	-0.01429862428
25.45	-0.01449930537
25.46	-0.01469351977
25.47	-0.01488123562
25.48	-0.01506242363
25.49	-0.01523705704
25.5	-0.01540511162
25.51	-0.01556656569
25.52	-0.0157214001
25.53	-0.01586959821
25.54	-0.0160111459
25.55	-0.01614603152
25.56	-0.01627424596
25.57	-0.01639578254
25.58	-0.01651063707
25.59	-0.0166188078
25.6	-0.01672029544
25.61	-0.0168151031
25.62	-0.0169032363
25.63	-0.01698470296
25.64	-0.01705951337
25.65	-0.01712768018
25.66	-0.01718921838
25.67	-0.01724414525
25.68	-0.01729248041
25.69	-0.01733424573
25.7	-0.01736946534
25.71	-0.01739816561
25.72	-0.0174203751
25.73	-0.01743612459
25.74	-0.017445447
25.75	-0.01744837738
25.76	-0.01744495291
25.77	-0.01743521285
25.78	-0.01741919852
25.79	-0.01739695326
25.8	-0.01736852243
25.81	-0.01733395336
25.82	-0.01729329532
25.83	-0.0172465995
25.84	-0.01719391899
25.85	-0.01713530871
25.86	-0.01707082543
25.87	-0.0170005277
25.88	-0.01692447583
25.89	-0.01684273188
25.9	-0.01675535956
25.91	-0.0166624243
25.92	-0.01656399312
25.93	-0.01646013466
25.94	-0.01635091909
25.95	-0.01623641813
25.96	-0.01611670499
25.97	-0.01599185433
25.98	-0.01586194222
25.99	-0.01572704613
26	-0.01558724487
26.01	-0.01544261855
26.02	-0.01529324858
26.03	-0.01513921757
26.04	-0.01498060935
26.05	-0.01481750892
26.06	-0.01465000238
26.07	-0.01447817694
26.08	-0.01430212082
26.09	-0.0141219233
26.1	-0.01393767458
26.11	-0.01374946583
26.12	-0.01355738908
26.13	-0.01336153725
26.14	-0.01316200405
26.15	-0.01295888397
26.16	-0.01275227225
26.17	-0.0125422648
26.18	-0.01232895823
26.19	-0.01211244974
26.2	-0.01189283712
26.21	-0.0116702187
26.22	-0.01144469333
26.23	-0.01121636029
26.24	-0.01098531933
26.25	-0.01075167055
26.26	-0.01051551442
26.27	-0.0102769517
26.28	-0.01003608345
26.29	-0.009793010931
26.3	-0.009547835621
26.31	-0.009300659146
26.32	-0.009051583254
26.33	-0.008800709771
26.34	-0.008548140569
26.35	-0.008293977526
26.36	-0.00803832249
26.37	-0.007781277241
26.38	-0.007522943455
26.39	-0.007263422667
26.4	-0.007002816239
26.41	-0.006741225316
26.42	-0.0064787508
26.43	-0.006215493307
26.44	-0.005951553138
26.45	-0.005687030241
26.46	-0.005422024178
26.47	-0.005156634089
26.48	-0.004890958663
26.49	-0.004625096101
26.5	-0.004359144086
26.51	-0.004093199746
26.52	-0.003827359629
26.53	-0.003561719664
26.54	-0.003296375136
26.55	-0.003031420652
26.56	-0.002766950111
26.57	-0.002503056676
26.58	-0.00223983274
26.59	-0.001977369903
26.6	-0.001715758939
26.61	-0.001455089771
26.62	-0.001195451441
26.63	-0.0009369320842
26.64	-0.0006796189018
26.65	-0.0004235981359
26.66	-0.0001689550429
26.67	8.422613119e-05
26.68	0.0003358621751
26.69	0.0005858709366
26.7	0.0008341713461
26.71	0.001080683439
26.72	0.00132532838
26.73	0.001568028481
26.74	0.001808707227
26.75	0.002047289294
26.76	0.002283700572
26.77	0.002517868179
26.78	0.002749720487
26.79	0.002979187138
26.8	0.003206199057
26.81	0.00343068848
26.82	0.003652588958
26.83	0.003871835385
26.84	0.004088364006
26.85	0.004302112434
26.86	0.004513019668
26.87	0.0047210261
26.88	0.004926073534
26.89	0.005128105198
26.9	0.005327065753
26.91	0.005522901307
26.92	0.005715559426
26.93	0.005904989143
26.94	0.006091140969
26.95	0.006273966901
26.96	0.006453420433
26.97	0.006629456558
26.98	0.006802031784
26.99	0.006971104134
27	0.007136633154
27.01	0.00729857992
27.02	0.007456907041
27.03	0.007611578665
27.04	0.007762560482
27.05	0.007909819727
27.06	0.008053325185
27.07	0.008193047187
27.08	0.00832895762
27.09	0.008461029921
27.1	0.008589239081
27.11	0.008713561643
27.12	0.008833975703
27.13	0.008950460906
27.14	0.009062998447
27.15	0.009171571068
27.16	0.009276163052
27.17	0.009376760223
27.18	0.009473349942
27.19	0.009565921099
27.2	0.009654464111
27.21	0.009738970916
27.22	0.009819434965
27.23	0.009895851217
27.24	0.009968216131
27.25	0.01003652766
27.26	0.01010078524
27.27	0.01016098978
27.28	0.01021714367
27.29	0.01026925073
27.3	0.01031731626
27.31	0.01036134696
27.32	0.01040135099
27.33	0.0104373379
27.34	0.01046931865
27.35	0.0104973056
27.36	0.01052131246
27.37	0.01054135433
27.38	0.01055744764
27.39	0.01056961018
27.4	0.01057786104
27.41	0.01058222062
27.42	0.01058271061
27.43	0.01057935399
27.44	0.01057217499
27.45	0.01056119907
27.46	0.01054645295
27.47	0.01052796452
27.48	0.01050576289
27.49	0.01047987834
27.5	0.01045034229
27.51	0.01041718733
27.52	0.01038044713
27.53	0.0103401565
27.54	0.0102963513
27.55	0.01024906847
27.56	0.01019834598
27.57	0.01014422284
27.58	0.01008673904
27.59	0.01002593557
27.6	0.009961854367
27.61	0.009894538315
27.62	0.009824031213
27.63	0.009750377761
27.64	0.009673623529
27.65	0.009593814946
27.66	0.009510999268
27.67	0.009425224564
27.68	0.009336539688
27.69	0.00924499426
27.7	0.00915063864
27.71	0.009053523911
27.72	0.00895370185
27.73	0.008851224907
27.74	0.008746146185
27.75	0.008638519413
27.76	0.008528398923
27.77	0.008415839629
27.78	0.008300897002
27.79	0.008183627047
27.8	0.008064086279
27.81	0.0079423317
27.82	0.007818420775
27.83	0.007692411407
27.84	0.007564361918
27.85	0.007434331018
27.86	0.00730237779
27.87	0.007168561658
27.88	0.007032942368
27.89	0.006895579965
27.9	0.006756534766
27.91	0.006615867341
27.92	0.006473638484
27.93	0.006329909193
27.94	0.006184740648
27.95	0.006038194184
27.96	0.00589033127
27.97	0.005741213485
27.98	0.005590902496
27.99	0.005439460035
28	0.005286947875
28.01	0.005133427807
28.02	0.004978961621
28.03	0.004823611078
28.04	0.004667437892
28.05	0.004510503708
28.06	0.004352870077
28.07	0.004194598437
28.08	0.004035750088
28.09	0.003876386175
28.1	0.003716567663
28.11	0.00355635532
28.12	0.00339580969
28.13	0.003234991078
28.14	0.003073959527
28.15	0.002912774799
28.16	0.002751496351
28.17	0.002590183323
28.18	0.00242889451
28.19	0.002267688348
28.2	0.002106622894
28.21	0.001945755806
28.22	0.001785144324
28.23	0.001624845254
28.24	0.001464914948
28.25	0.001305409289
28.26	0.001146383668
28.27	0.0009878929725
28.28	0.0008299915678
28.29	0.0006727332787
28.3	0.0005161713749
28.31	0.0003603585546
28.32	0.0002053469284
28.33	5.118800462e-05
28.34	-0.0001020673267
28.35	-0.0002543688078
28.36	-0.0004056668282
28.37	-0.0005559124387
28.38	-0.0007050573648
28.39	-0.000853054021
28.4	-0.0009998555232
28.41	-0.001145415702
28.42	-0.001289689115
28.43	-0.001432631059
28.44	-0.001574197582
28.45	-0.001714345494
28.46	-0.001853032379
28.47	-0.001990216606
28.48	-0.002125857336
28.49	-0.00225991454
28.5	-0.002392348998
28.51	-0.002523122317
28.52	-0.002652196938
28.53	-0.002779536142
28.54	-0.002905104059
28.55	-0.003028865679
28.56	-0.003150786856
28.57	-0.003270834318
28.58	-0.003388975672
28.59	-0.00350517941
28.6	-0.003619414918
28.61	-0.00373165248
28.62	-0.003841863281
28.63	-0.003950019417
28.64	-0.004056093896
28.65	-0.004160060644
28.66	-0.004261894509
28.67	-0.004361571264
28.68	-0.004459067607
28.69	-0.004554361174
28.7	-0.004647430528
28.71	-0.004738255173
28.72	-0.004826815548
28.73	-0.004913093034
28.74	-0.004997069949
28.75	-0.005078729556
28.76	-0.005158056057
28.77	-0.005235034597
28.78	-0.005309651263
28.79	-0.005381893084
28.8	-0.005451748026
28.81	-0.005519204997
28.82	-0.00558425384
28.83	-0.005646885336
28.84	-0.005707091196
28.85	-0.005764864064
28.86	-0.005820197512
28.87	-0.005873086033
28.88	-0.005923525046
28.89	-0.005971510882
28.9	-0.006017040789
28.91	-0.006060112921
28.92	-0.006100726336
28.93	-0.006138880993
28.94	-0.006174577741
28.95	-0.006207818318
28.96	-0.006238605345
28.97	-0.006266942316
28.98	-0.006292833596
28.99	-0.006316284411
29	-0.006337300842
29.01	-0.00635588982
29.02	-0.006372059113
29.03	-0.006385817323
29.04	-0.006397173877
29.05	-0.006406139017
29.06	-0.006412723791
29.07	-0.006416940048
29.08	-0.006418800425
29.09	-0.00641831834
29.1	-0.006415507979
29.11	-0.006410384292
29.12	-0.006402962977
29.13	-0.006393260476
29.14	-0.006381293957
29.15	-0.006367081311
29.16	-0.006350641136
29.17	-0.006331992729
29.18	-0.006311156072
29.19	-0.006288151824
29.2	-0.006263001306
29.21	-0.006235726492
29.22	-0.006206349996
29.23	-0.006174895061
29.24	-0.006141385543
29.25	-0.006105845905
29.26	-0.006068301199
29.27	-0.006028777055
29.28	-0.00598729967
29.29	-0.005943895793
29.3	-0.005898592713
29.31	-0.005851418245
29.32	-0.005802400718
29.33	-0.00575156896
29.34	-0.005698952287
29.35	-0.005644580487
29.36	-0.005588483806
29.37	-0.005530692938
29.38	-0.005471239008
29.39	-0.005410153557
29.4	-0.005347468532
29.41	-0.005283216269
29.42	-0.00521742948
29.43	-0.005150141239
29.44	-0.005081384967
29.45	-0.005011194418
29.46	-0.004939603665
29.47	-0.004866647087
29.48	-0.004792359353
29.49	-0.004716775406
29.5	-0.004639930453
29.51	-0.004561859949
29.52	-0.004482599579
29.53	-0.004402185249
29.54	-0.00432065307
29.55	-0.00423803934
29.56	-0.004154380536
29.57	-0.004069713294
29.58	-0.003984074399
29.59	-0.003897500767
29.6	-0.003810029434
29.61	-0.003721697539
29.62	-0.003632542314
29.63	-0.003542601064
29.64	-0.003451911159
29.65	-0.003360510017
29.66	-0.003268435089
29.67	-0.003175723847
29.68	-0.003082413773
29.69	-0.002988542337
29.7	-0.002894146993
29.71	-0.00279926516
29.72	-0.002703934209
29.73	-0.002608191451
29.74	-0.002512074125
29.75	-0.00241561938
29.76	-0.002318864268
29.77	-0.002221845729
29.78	-0.002124600574
29.79	-0.00202716548
29.8	-0.001929576972
29.81	-0.001831871412
29.82	-0.001734084986
29.83	-0.001636253696
29.84	-0.001538413343
29.85	-0.001440599516
29.86	-0.001342847583
29.87	-0.001245192679
29.88	-0.00114766969
29.89	-0.00105031325
29.9	-0.0009531577208
29.91	-0.0008562371891
29.92	-0.0007595854507
29.93	-0.0006632360021
29.94	-0.0005672220293
29.95	-0.0004715763983
29.96	-0.0003763316444
29.97	-0.0002815199629
29.98	-0.0001871731992
29.99	-9.332283909e-05
30	-1.088160635e-17
