temps	angle
0	0
0.01	0.9855198628
0.02	1.96238665
0.03	2.929875966
0.04	3.887276806
0.05	4.833892021
0.06	5.769038779
0.07	6.692049
0.08	7.602269785
0.09	8.499063825
0.1	9.38180979
0.11	10.24990272
0.12	11.10275435
0.13	11.93979352
0.14	12.76046642
0.15	13.56423698
0.16	14.35058711
0.17	15.11901699
0.18	15.86904536
0.19	16.60020971
0.2	17.31206656
0.21	18.00419164
0.22	18.67618006
0.23	19.32764654
0.24	19.95822552
0.25	20.56757133
0.26	21.15535829
0.27	21.72128081
0.28	22.26505352
0.29	22.78641129
0.3	23.28510931
0.31	23.76092314
0.32	24.21364869
0.33	24.64310226
0.34	25.04912052
0.35	25.43156045
0.36	25.79029934
0.37	26.1252347
0.38	26.43628419
0.39	26.72338552
0.4	26.98649635
0.41	27.22559415
0.42	27.44067609
0.43	27.63175885
0.44	27.79887847
0.45	27.94209017
0.46	28.06146815
0.47	28.15710537
0.48	28.22911332
0.49	28.2776218
0.5	28.30277866
0.51	28.30474955
0.52	28.2837176
0.53	28.23988319
0.54	28.17346361
0.55	28.08469276
0.56	27.97382083
0.57	27.84111397
0.58	27.68685393
0.59	27.51133773
0.6	27.31487729
0.61	27.09779904
0.62	26.86044355
0.63	26.60316518
0.64	26.32633159
0.65	26.03032345
0.66	25.71553392
0.67	25.38236832
0.68	25.03124363
0.69	24.66258812
0.7	24.27684087
0.71	23.87445134
0.72	23.45587893
0.73	23.02159253
0.74	22.57207004
0.75	22.10779793
0.76	21.62927079
0.77	21.13699081
0.78	20.63146739
0.79	20.1132166
0.8	19.58276073
0.81	19.04062783
0.82	18.48735124
0.83	17.92346908
0.84	17.34952379
0.85	16.76606169
0.86	16.17363245
0.87	15.57278864
0.88	14.96408529
0.89	14.34807936
0.9	13.72532931
0.91	13.09639464
0.92	12.46183541
0.93	11.82221177
0.94	11.17808354
0.95	10.53000972
0.96	9.87854808
0.97	9.224254677
0.98	8.567683448
0.99	7.909385765
1	7.249910006
1.01	6.58980114
1.02	5.929600303
1.03	5.269844399
1.04	4.611065689
1.05	3.9537914
1.06	3.298543337
1.07	2.645837502
1.08	1.996183719
1.09	1.350085273
1.1	0.7080385501
1.11	0.07053269085
1.12	-0.5619507491
1.13	-1.18893813
1.14	-1.809964051
1.15	-2.424571658
1.16	-3.032312953
1.17	-3.632749082
1.18	-4.225450622
1.19	-4.809997851
1.2	-5.385981016
1.21	-5.953000583
1.22	-6.510667481
1.23	-7.058603336
1.24	-7.59644069
1.25	-8.123823214
1.26	-8.640405912
1.27	-9.145855305
1.28	-9.639849613
1.29	-10.12207892
1.3	-10.59224535
1.31	-11.05006317
1.32	-11.49525898
1.33	-11.92757179
1.34	-12.34675316
1.35	-12.75256729
1.36	-13.14479111
1.37	-13.5232144
1.38	-13.88763976
1.39	-14.2378828
1.4	-14.57377205
1.41	-14.89514912
1.42	-15.20186864
1.43	-15.4937983
1.44	-15.77081887
1.45	-16.03282416
1.46	-16.27972104
1.47	-16.51142938
1.48	-16.72788203
1.49	-16.92902475
1.5	-17.11481619
1.51	-17.28522778
1.52	-17.44024366
1.53	-17.57986062
1.54	-17.70408798
1.55	-17.81294747
1.56	-17.90647313
1.57	-17.9847112
1.58	-18.04771993
1.59	-18.09556952
1.6	-18.12834189
1.61	-18.14613057
1.62	-18.14904049
1.63	-18.13718785
1.64	-18.1106999
1.65	-18.06971477
1.66	-18.01438127
1.67	-17.94485865
1.68	-17.86131644
1.69	-17.7639342
1.7	-17.65290129
1.71	-17.52841665
1.72	-17.39068857
1.73	-17.23993443
1.74	-17.07638044
1.75	-16.90026143
1.76	-16.71182055
1.77	-16.51130901
1.78	-16.29898585
1.79	-16.0751176
1.8	-15.83997807
1.81	-15.59384804
1.82	-15.33701497
1.83	-15.06977271
1.84	-14.79242126
1.85	-14.5052664
1.86	-14.20861946
1.87	-13.90279699
1.88	-13.58812046
1.89	-13.26491599
1.9	-12.933514
1.91	-12.59424896
1.92	-12.24745905
1.93	-11.89348587
1.94	-11.53267412
1.95	-11.16537133
1.96	-10.7919275
1.97	-10.41269486
1.98	-10.02802752
1.99	-9.638281187
2	-9.243812849
2.01	-8.844980493
2.02	-8.442142796
2.03	-8.035658829
2.04	-7.625887764
2.05	-7.21318858
2.06	-6.797919773
2.07	-6.380439072
2.08	-5.961103147
2.09	-5.540267339
2.1	-5.11828537
2.11	-4.695509078
2.12	-4.272288141
2.13	-3.848969812
2.14	-3.425898658
2.15	-3.003416296
2.16	-2.581861146
2.17	-2.161568177
2.18	-1.742868665
2.19	-1.326089951
2.2	-0.9115552081
2.21	-0.4995832122
2.22	-0.0904881179
2.23	0.3154207599
2.24	0.7178391587
2.25	1.116468075
2.26	1.511013965
2.27	1.901188941
2.28	2.286710957
2.29	2.667303995
2.3	3.042698238
2.31	3.412630243
2.32	3.776843099
2.33	4.13508659
2.34	4.48711734
2.35	4.832698958
2.36	5.171602173
2.37	5.503604967
2.38	5.828492694
2.39	6.146058195
2.4	6.456101911
2.41	6.75843198
2.42	7.052864335
2.43	7.339222786
2.44	7.617339108
2.45	7.887053109
2.46	8.148212695
2.47	8.400673934
2.48	8.644301104
2.49	8.878966737
2.5	9.104551663
2.51	9.320945032
2.52	9.528044344
2.53	9.725755463
2.54	9.913992628
2.55	10.09267846
2.56	10.26174394
2.57	10.42112842
2.58	10.57077961
2.59	10.71065352
2.6	10.84071446
2.61	10.960935
2.62	11.07129591
2.63	11.17178613
2.64	11.2624027
2.65	11.34315069
2.66	11.41404317
2.67	11.47510108
2.68	11.52635321
2.69	11.56783607
2.7	11.5995938
2.71	11.62167811
2.72	11.63414814
2.73	11.63707037
2.74	11.63051851
2.75	11.61457336
2.76	11.58932273
2.77	11.55486126
2.78	11.51129034
2.79	11.45871793
2.8	11.39725846
2.81	11.32703265
2.82	11.24816739
2.83	11.16079556
2.84	11.0650559
2.85	10.96109285
2.86	10.84905635
2.87	10.72910173
2.88	10.6013895
2.89	10.46608518
2.9	10.32335916
2.91	10.17338649
2.92	10.0163467
2.93	9.852423652
2.94	9.681805307
2.95	9.504683581
2.96	9.321254141
2.97	9.131716215
2.98	8.936272405
2.99	8.735128496
3	8.528493262
3.01	8.316578272
3.02	8.099597698
3.03	7.877768121
3.04	7.651308331
3.05	7.420439137
3.06	7.185383169
3.07	6.946364685
3.08	6.703609371
3.09	6.457344152
3.1	6.207796994
3.11	5.955196713
3.12	5.69977278
3.13	5.441755132
3.14	5.18137398
3.15	4.918859619
3.16	4.654442243
3.17	4.388351757
3.18	4.120817592
3.19	3.852068523
3.2	3.58233249
3.21	3.311836419
3.22	3.040806042
3.23	2.76946573
3.24	2.498038315
3.25	2.226744926
3.26	1.955804819
3.27	1.68543522
3.28	1.415851157
3.29	1.147265307
3.3	0.8798878444
3.31	0.613926285
3.32	0.3495853421
3.33	0.08706678184
3.34	-0.1734307177
3.35	-0.4317117028
3.36	-0.6875840771
3.37	-0.9408592311
3.38	-1.191352167
3.39	-1.438881622
3.4	-1.683270183
3.41	-1.9243444
3.42	-2.161934901
3.43	-2.395876489
3.44	-2.626008248
3.45	-2.852173638
3.46	-3.074220589
3.47	-3.292001584
3.48	-3.50537375
3.49	-3.714198929
3.5	-3.918343761
3.51	-4.117679746
3.52	-4.312083315
3.53	-4.501435889
3.54	-4.685623936
3.55	-4.864539022
3.56	-5.038077861
3.57	-5.206142356
3.58	-5.368639635
3.59	-5.52548209
3.6	-5.676587403
3.61	-5.821878571
3.62	-5.961283926
3.63	-6.094737152
3.64	-6.222177294
3.65	-6.343548767
3.66	-6.458801358
3.67	-6.567890221
3.68	-6.670775877
3.69	-6.767424196
3.7	-6.857806386
3.71	-6.941898976
3.72	-7.019683786
3.73	-7.091147906
3.74	-7.156283663
3.75	-7.215088582
3.76	-7.26756535
3.77	-7.313721774
3.78	-7.353570728
3.79	-7.38713011
3.8	-7.414422779
3.81	-7.435476506
3.82	-7.450323903
3.83	-7.459002366
3.84	-7.461554001
3.85	-7.458025554
3.86	-7.448468339
3.87	-7.432938153
3.88	-7.411495204
3.89	-7.384204019
3.9	-7.351133361
3.91	-7.312356139
3.92	-7.267949315
3.93	-7.217993812
3.94	-7.162574411
3.95	-7.101779657
3.96	-7.035701755
3.97	-6.964436465
3.98	-6.888082997
3.99	-6.806743903
4	-6.720524967
4.01	-6.629535093
4.02	-6.533886192
4.03	-6.433693066
4.04	-6.329073295
4.05	-6.220147114
4.06	-6.107037301
4.07	-5.989869049
4.08	-5.868769854
4.09	-5.743869385
4.1	-5.615299367
4.11	-5.483193454
4.12	-5.347687109
4.13	-5.208917474
4.14	-5.06702325
4.15	-4.922144572
4.16	-4.774422879
4.17	-4.624000795
4.18	-4.471021999
4.19	-4.315631101
4.2	-4.157973519
4.21	-3.998195352
4.22	-3.836443258
4.23	-3.672864328
4.24	-3.507605968
4.25	-3.340815769
4.26	-3.172641393
4.27	-3.003230448
4.28	-2.832730372
4.29	-2.66128831
4.3	-2.489051002
4.31	-2.316164664
4.32	-2.142774872
4.33	-1.969026454
4.34	-1.795063373
4.35	-1.62102862
4.36	-1.447064106
4.37	-1.273310552
4.38	-1.099907388
4.39	-0.9269926478
4.4	-0.7547028685
4.41	-0.5831729923
4.42	-0.4125362686
4.43	-0.2429241599
4.44	-0.07446624901
4.45	0.09270985115
4.46	0.2584785855
4.47	0.4227165423
4.48	0.5853025364
4.49	0.7461176899
4.5	0.9050455103
4.51	1.061971966
4.52	1.216785559
4.53	1.369377397
4.54	1.519641258
4.55	1.667473658
4.56	1.812773911
4.57	1.955444193
4.58	2.095389591
4.59	2.232518164
4.6	2.366740991
4.61	2.497972218
4.62	2.626129107
4.63	2.751132073
4.64	2.872904728
4.65	2.991373917
4.66	3.106469751
4.67	3.218125634
4.68	3.326278298
4.69	3.430867824
4.7	3.531837661
4.71	3.629134652
4.72	3.722709045
4.73	3.812514506
4.74	3.898508133
4.75	3.980650461
4.76	4.058905468
4.77	4.133240575
4.78	4.203626646
4.79	4.270037984
4.8	4.332452327
4.81	4.390850834
4.82	4.445218076
4.83	4.495542021
4.84	4.541814018
4.85	4.584028774
4.86	4.622184333
4.87	4.656282053
4.88	4.686326573
4.89	4.712325792
4.9	4.734290826
4.91	4.752235984
4.92	4.766178721
4.93	4.776139605
4.94	4.782142276
4.95	4.784213397
4.96	4.782382613
4.97	4.776682503
4.98	4.767148525
4.99	4.753818973
5	4.736734913
5.01	4.715940138
5.02	4.691481103
5.03	4.663406867
5.04	4.631769039
5.05	4.596621706
5.06	4.558021378
5.07	4.516026915
5.08	4.470699469
5.09	4.422102407
5.1	4.37030125
5.11	4.315363598
5.12	4.257359059
5.13	4.196359178
5.14	4.13243736
5.15	4.065668802
5.16	3.996130412
5.17	3.923900732
5.18	3.849059869
5.19	3.771689409
5.2	3.691872341
5.21	3.609692984
5.22	3.5252369
5.23	3.43859082
5.24	3.349842561
5.25	3.25908095
5.26	3.166395738
5.27	3.071877526
5.28	2.97561768
5.29	2.877708254
5.3	2.778241905
5.31	2.67731182
5.32	2.575011631
5.33	2.471435334
5.34	2.366677216
5.35	2.260831771
5.36	2.153993623
5.37	2.046257448
5.38	1.937717898
5.39	1.828469522
5.4	1.718606692
5.41	1.608223526
5.42	1.497413817
5.43	1.386270955
5.44	1.274887857
5.45	1.163356895
5.46	1.051769824
5.47	0.9402177155
5.48	0.8287908845
5.49	0.7175788262
5.5	0.6066701481
5.51	0.4961525049
5.52	0.3861125355
5.53	0.2766358006
5.54	0.1678067214
5.55	0.05970852073
5.56	-0.0475768353
5.57	-0.1539686939
5.58	-0.2593877706
5.59	-0.3637562026
5.6	-0.4669976008
5.61	-0.5690371001
5.62	-0.6698014081
5.63	-0.7692188519
5.64	-0.8672194236
5.65	-0.9637348237
5.66	-1.058698503
5.67	-1.152045704
5.68	-1.243713495
5.69	-1.333640813
5.7	-1.421768493
5.71	-1.508039304
5.72	-1.592397978
5.73	-1.674791241
5.74	-1.75516784
5.75	-1.833478568
5.76	-1.909676287
5.77	-1.983715951
5.78	-2.055554626
5.79	-2.125151507
5.8	-2.192467936
5.81	-2.257467413
5.82	-2.320115613
5.83	-2.380380392
5.84	-2.438231798
5.85	-2.493642079
5.86	-2.546585685
5.87	-2.597039274
5.88	-2.644981713
5.89	-2.690394073
5.9	-2.733259635
5.91	-2.773563879
5.92	-2.811294482
5.93	-2.846441308
5.94	-2.878996403
5.95	-2.908953976
5.96	-2.936310398
5.97	-2.961064176
5.98	-2.983215946
5.99	-3.002768451
6	-3.019726522
6.01	-3.03409706
6.02	-3.045889012
6.03	-3.055113348
6.04	-3.061783035
6.05	-3.065913013
6.06	-3.067520164
6.07	-3.066623284
6.08	-3.063243056
6.09	-3.05740201
6.1	-3.0491245
6.11	-3.03843666
6.12	-3.025366378
6.13	-3.009943251
6.14	-2.992198553
6.15	-2.972165192
6.16	-2.949877676
6.17	-2.925372065
6.18	-2.898685935
6.19	-2.869858334
6.2	-2.838929736
6.21	-2.805942001
6.22	-2.770938326
6.23	-2.733963202
6.24	-2.695062366
6.25	-2.654282755
6.26	-2.611672458
6.27	-2.567280667
6.28	-2.521157628
6.29	-2.473354595
6.3	-2.423923775
6.31	-2.372918284
6.32	-2.320392092
6.33	-2.266399973
6.34	-2.210997458
6.35	-2.154240778
6.36	-2.096186817
6.37	-2.036893059
6.38	-1.976417538
6.39	-1.914818784
6.4	-1.852155772
6.41	-1.788487874
6.42	-1.723874803
6.43	-1.658376565
6.44	-1.592053405
6.45	-1.52496576
6.46	-1.457174205
6.47	-1.388739404
6.48	-1.319722062
6.49	-1.25018287
6.5	-1.180182461
6.51	-1.109781361
6.52	-1.039039936
6.53	-0.9680183493
6.54	-0.8967765124
6.55	-0.8253740378
6.56	-0.7538701933
6.57	-0.6823238573
6.58	-0.610793473
6.59	-0.5393370054
6.6	-0.4680118975
6.61	-0.3968750277
6.62	-0.3259826686
6.63	-0.2553904456
6.64	-0.1851532973
6.65	-0.1153254361
6.66	-0.04596031001
6.67	0.02288943457
6.68	0.09117198933
6.69	0.1588364194
6.7	0.2258326978
6.71	0.2921117386
6.72	0.3576254298
6.73	0.4223266641
6.74	0.4861693695
6.75	0.5491085381
6.76	0.6111002547
6.77	0.6721017234
6.78	0.7320712935
6.79	0.790968484
6.8	0.8487540077
6.81	0.9053897931
6.82	0.9608390058
6.83	1.015066069
6.84	1.06803668
6.85	1.119717833
6.86	1.17007783
6.87	1.2190863
6.88	1.266714209
6.89	1.312933879
6.9	1.357718994
6.91	1.401044614
6.92	1.442887181
6.93	1.483224532
6.94	1.522035901
6.95	1.559301927
6.96	1.595004658
6.97	1.629127557
6.98	1.661655498
6.99	1.692574775
7	1.721873093
7.01	1.749539576
7.02	1.775564757
7.03	1.799940578
7.04	1.822660386
7.05	1.843718923
7.06	1.863112325
7.07	1.88083811
7.08	1.896895171
7.09	1.911283762
7.1	1.924005493
7.11	1.935063315
7.12	1.944461504
7.13	1.952205653
7.14	1.958302652
7.15	1.962760674
7.16	1.965589157
7.17	1.96679879
7.18	1.966401488
7.19	1.964410379
7.2	1.96083978
7.21	1.955705175
7.22	1.949023196
7.23	1.940811601
7.24	1.931089246
7.25	1.919876064
7.26	1.907193042
7.27	1.89306219
7.28	1.877506523
7.29	1.860550026
7.3	1.842217631
7.31	1.822535191
7.32	1.801529448
7.33	1.779228004
7.34	1.755659297
7.35	1.730852563
7.36	1.704837816
7.37	1.677645806
7.38	1.649307999
7.39	1.619856538
7.4	1.589324214
7.41	1.557744438
7.42	1.525151202
7.43	1.49157905
7.44	1.457063049
7.45	1.42163875
7.46	1.38534216
7.47	1.348209707
7.48	1.310278207
7.49	1.271584832
7.5	1.232167078
7.51	1.192062728
7.52	1.151309824
7.53	1.10994663
7.54	1.0680116
7.55	1.025543348
7.56	0.9825806131
7.57	0.9391622257
7.58	0.8953270781
7.59	0.851114091
7.6	0.8065621817
7.61	0.7617102328
7.62	0.7165970605
7.63	0.671261384
7.64	0.6257417948
7.65	0.580076726
7.66	0.5343044229
7.67	0.4884629128
7.68	0.4425899766
7.69	0.3967231194
7.7	0.3508995426
7.71	0.305156116
7.72	0.2595293506
7.73	0.2140553717
7.74	0.1687698925
7.75	0.1237081889
7.76	0.07890507368
7.77	0.03439487234
7.78	-0.009788601027
7.79	-0.0536120671
7.8	-0.09704280411
7.81	-0.14004867
7.82	-0.1825981237
7.83	-0.2246602465
7.84	-0.2662047614
7.85	-0.3072020533
7.86	-0.3476231873
7.87	-0.3874399272
7.88	-0.4266247525
7.89	-0.4651508751
7.9	-0.5029922554
7.91	-0.5401236175
7.92	-0.5765204633
7.93	-0.6121590865
7.94	-0.6470165855
7.95	-0.6810708757
7.96	-0.7143007005
7.97	-0.7466856424
7.98	-0.7782061327
7.99	-0.8088434608
8	-0.8385797822
8.01	-0.8673981266
8.02	-0.8952824041
8.03	-0.922217412
8.04	-0.9481888392
8.05	-0.9731832716
8.06	-0.9971881952
8.07	-1.020191999
8.08	-1.042183979
8.09	-1.063154336
8.1	-1.083094181
8.11	-1.10199553
8.12	-1.119851308
8.13	-1.136655345
8.14	-1.152402375
8.15	-1.167088031
8.16	-1.180708843
8.17	-1.193262235
8.18	-1.204746517
8.19	-1.215160881
8.2	-1.224505393
8.21	-1.232780991
8.22	-1.23998947
8.23	-1.246133479
8.24	-1.25121651
8.25	-1.255242889
8.26	-1.258217766
8.27	-1.260147102
8.28	-1.261037662
8.29	-1.260897
8.3	-1.259733447
8.31	-1.257556099
8.32	-1.254374801
8.33	-1.250200136
8.34	-1.245043412
8.35	-1.238916639
8.36	-1.231832525
8.37	-1.223804449
8.38	-1.214846454
8.39	-1.204973224
8.4	-1.19420007
8.41	-1.182542913
8.42	-1.170018262
8.43	-1.156643202
8.44	-1.142435372
8.45	-1.127412945
8.46	-1.111594613
8.47	-1.094999563
8.48	-1.077647462
8.49	-1.059558435
8.5	-1.040753044
8.51	-1.02125227
8.52	-1.00107749
8.53	-0.9802504596
8.54	-0.9587932903
8.55	-0.9367284291
8.56	-0.9140786375
8.57	-0.8908669711
8.58	-0.8671167576
8.59	-0.8428515766
8.6	-0.8180952378
8.61	-0.7928717602
8.62	-0.7672053508
8.63	-0.7411203832
8.64	-0.714641377
8.65	-0.6877929762
8.66	-0.6605999288
8.67	-0.633087065
8.68	-0.6052792772
8.69	-0.577201499
8.7	-0.5488786845
8.71	-0.5203357878
8.72	-0.4915977433
8.73	-0.4626894448
8.74	-0.4336357263
8.75	-0.4044613418
8.76	-0.3751909462
8.77	-0.3458490759
8.78	-0.3164601299
8.79	-0.2870483508
8.8	-0.2576378067
8.81	-0.2282523731
8.82	-0.1989157146
8.83	-0.1696512677
8.84	-0.1404822236
8.85	-0.1114315111
8.86	-0.08252178033
8.87	-0.05377538638
8.88	-0.02521437355
8.89	0.003139540031
8.9	0.0312649775
8.91	0.05914091788
8.92	0.08674671029
8.93	0.1140620878
8.94	0.1410671809
8.95	0.1677425302
8.96	0.1940690994
8.97	0.220028287
8.98	0.245601938
8.99	0.2707723554
9	0.2955223105
9.01	0.3198350534
9.02	0.3436943227
9.03	0.367084355
9.04	0.3899898934
9.05	0.4123961962
9.06	0.4342890444
9.07	0.4556547495
9.08	0.4764801602
9.09	0.4967526684
9.1	0.516460216
9.11	0.5355912996
9.12	0.5541349754
9.13	0.5720808641
9.14	0.5894191547
9.15	0.6061406074
9.16	0.6222365574
9.17	0.6376989167
9.18	0.6525201764
9.19	0.6666934081
9.2	0.6802122646
9.21	0.6930709813
9.22	0.705264375
9.23	0.7167878446
9.24	0.7276373695
9.25	0.7378095086
9.26	0.7473013981
9.27	0.7561107499
9.28	0.7642358479
9.29	0.7716755459
9.3	0.7784292631
9.31	0.7844969806
9.32	0.7898792367
9.33	0.7945771221
9.34	0.7985922748
9.35	0.8019268738
9.36	0.8045836338
9.37	0.8065657983
9.38	0.8078771327
9.39	0.8085219173
9.4	0.8085049395
9.41	0.8078314861
9.42	0.8065073349
9.43	0.8045387461
9.44	0.8019324533
9.45	0.7986956546
9.46	0.7948360025
9.47	0.7903615945
9.48	0.7852809629
9.49	0.7796030642
9.5	0.7733372686
9.51	0.7664933493
9.52	0.7590814709
9.53	0.7511121784
9.54	0.7425963854
9.55	0.7335453624
9.56	0.7239707247
9.57	0.7138844204
9.58	0.7032987179
9.59	0.6922261934
9.6	0.6806797183
9.61	0.6686724463
9.62	0.6562178005
9.63	0.6433294604
9.64	0.6300213487
9.65	0.6163076182
9.66	0.6022026381
9.67	0.587720981
9.68	0.5728774094
9.69	0.5576868618
9.7	0.5421644398
9.71	0.5263253939
9.72	0.5101851104
9.73	0.4937590976
9.74	0.4770629722
9.75	0.4601124459
9.76	0.4429233119
9.77	0.4255114312
9.78	0.4078927194
9.79	0.3900831332
9.8	0.3720986572
9.81	0.3539552907
9.82	0.3356690344
9.83	0.3172558778
9.84	0.2987317859
9.85	0.2801126866
9.86	0.261414458
9.87	0.2426529161
9.88	0.223843802
9.89	0.2050027704
9.9	0.1861453769
9.91	0.1672870666
9.92	0.148443162
9.93	0.1296288522
9.94	0.110859181
9.95	0.09214903608
9.96	0.07351313822
9.97	0.05496603058
9.98	0.03652206833
9.99	0.01819540849
10	7.06550939e-16
10.01	-0.01805042593
10.02	-0.03594236523
10.03	-0.05366255018
10.04	-0.07119795824
10.05	-0.08853582069
10.06	-0.105663631
10.07	-0.1225691529
10.08	-0.1392404281
10.09	-0.1556657839
10.1	-0.1718338402
10.11	-0.1877335168
10.12	-0.2033540394
10.13	-0.2186849464
10.14	-0.233716095
10.15	-0.2484376663
10.16	-0.2628401713
10.17	-0.2769144556
10.18	-0.2906517043
10.19	-0.3040434466
10.2	-0.3170815596
10.21	-0.3297582725
10.22	-0.3420661698
10.23	-0.3539981946
10.24	-0.3655476515
10.25	-0.3767082093
10.26	-0.3874739029
10.27	-0.3978391355
10.28	-0.4077986801
10.29	-0.4173476807
10.3	-0.4264816536
10.31	-0.4351964879
10.32	-0.4434884456
10.33	-0.4513541621
10.34	-0.4587906459
10.35	-0.4657952776
10.36	-0.4723658096
10.37	-0.4785003647
10.38	-0.4841974348
10.39	-0.4894558791
10.4	-0.494274922
10.41	-0.498654151
10.42	-0.5025935141
10.43	-0.5060933169
10.44	-0.5091542196
10.45	-0.5117772334
10.46	-0.5139637174
10.47	-0.5157153741
10.48	-0.5170342456
10.49	-0.5179227095
10.5	-0.5183834735
10.51	-0.5184195715
10.52	-0.518034358
10.53	-0.5172315028
10.54	-0.5160149858
10.55	-0.5143890909
10.56	-0.5123584007
10.57	-0.5099277897
10.58	-0.5071024186
10.59	-0.5038877273
10.6	-0.5002894287
10.61	-0.4963135018
10.62	-0.4919661845
10.63	-0.4872539667
10.64	-0.4821835827
10.65	-0.4767620044
10.66	-0.4709964332
10.67	-0.4648942923
10.68	-0.4584632193
10.69	-0.4517110581
10.7	-0.4446458507
10.71	-0.4372758293
10.72	-0.4296094083
10.73	-0.4216551753
10.74	-0.4134218837
10.75	-0.4049184435
10.76	-0.3961539131
10.77	-0.3871374909
10.78	-0.3778785065
10.79	-0.368386412
10.8	-0.3586707739
10.81	-0.3487412636
10.82	-0.3386076493
10.83	-0.3282797872
10.84	-0.3177676127
10.85	-0.3070811315
10.86	-0.2962304114
10.87	-0.2852255732
10.88	-0.2740767824
10.89	-0.2627942402
10.9	-0.2513881753
10.91	-0.239868835
10.92	-0.2282464773
10.93	-0.2165313617
10.94	-0.2047337416
10.95	-0.1928638556
10.96	-0.1809319194
10.97	-0.1689481177
10.98	-0.1569225962
10.99	-0.1448654535
11	-0.1327867337
11.01	-0.120696418
11.02	-0.1086044179
11.03	-0.09652056701
11.04	-0.08445461405
11.05	-0.07241621552
11.06	-0.06041492863
11.07	-0.04846020425
11.08	-0.03656138016
11.09	-0.02472767433
11.1	-0.0129681784
11.11	-0.001291851296
11.12	0.01029248699
11.13	0.02177616146
11.14	0.03315064795
11.15	0.04440757895
11.16	0.05553874904
11.17	0.06653612036
11.18	0.07739182773
11.19	0.08809818369
11.2	0.09864768335
11.21	0.109033009
11.22	0.1192470345
11.23	0.1292828298
11.24	0.1391336645
11.25	0.1487930124
11.26	0.1582545545
11.27	0.1675121831
11.28	0.1765600044
11.29	0.1853923424
11.3	0.1940037409
11.31	0.2023889668
11.32	0.2105430124
11.33	0.2184610977
11.34	0.2261386722
11.35	0.2335714173
11.36	0.2407552473
11.37	0.2476863115
11.38	0.2543609949
11.39	0.2607759198
11.4	0.2669279462
11.41	0.2728141725
11.42	0.2784319365
11.43	0.2837788147
11.44	0.2888526234
11.45	0.2936514177
11.46	0.2981734919
11.47	0.3024173781
11.48	0.3063818466
11.49	0.3100659041
11.5	0.313468793
11.51	0.31658999
11.52	0.319429205
11.53	0.3219863789
11.54	0.3242616823
11.55	0.3262555134
11.56	0.3279684957
11.57	0.3294014758
11.58	0.3305555211
11.59	0.3314319169
11.6	0.3320321638
11.61	0.3323579747
11.62	0.3324112717
11.63	0.332194183
11.64	0.3317090393
11.65	0.3309583706
11.66	0.3299449021
11.67	0.3286715509
11.68	0.327141422
11.69	0.325357804
11.7	0.3233241653
11.71	0.3210441497
11.72	0.3185215719
11.73	0.3157604134
11.74	0.3127648177
11.75	0.3095390855
11.76	0.3060876703
11.77	0.3024151735
11.78	0.298526339
11.79	0.294426049
11.8	0.2901193184
11.81	0.2856112896
11.82	0.2809072277
11.83	0.2760125152
11.84	0.2709326461
11.85	0.2656732215
11.86	0.2602399432
11.87	0.2546386092
11.88	0.2488751076
11.89	0.2429554111
11.9	0.236885572
11.91	0.2306717161
11.92	0.2243200373
11.93	0.2178367923
11.94	0.2112282946
11.95	0.2045009093
11.96	0.197661047
11.97	0.1907151589
11.98	0.1836697309
11.99	0.1765312777
12	0.1693063381
12.01	0.1620014687
12.02	0.1546232389
12.03	0.1471782254
12.04	0.1396730065
12.05	0.1321141573
12.06	0.1245082438
12.07	0.116861818
12.08	0.1091814126
12.09	0.1014735359
12.1	0.09374466656
12.11	0.08600124867
12.12	0.07824968682
12.13	0.07049634118
12.14	0.06274752268
12.15	0.05500948831
12.16	0.04728843641
12.17	0.03959050217
12.18	0.0319217531
12.19	0.02428818468
12.2	0.01669571602
12.21	0.009150185709
12.22	0.001657347691
12.23	-0.005777132737
12.24	-0.01314768281
12.25	-0.02044882609
12.26	-0.02767518614
12.27	-0.0348214901
12.28	-0.04188257213
12.29	-0.04885337678
12.3	-0.05572896218
12.31	-0.06250450319
12.32	-0.06917529435
12.33	-0.07573675276
12.34	-0.08218442086
12.35	-0.08851396897
12.36	-0.09472119788
12.37	-0.1008020412
12.38	-0.1067525674
12.39	-0.1125689825
12.4	-0.1182476312
12.41	-0.1237849996
12.42	-0.1291777163
12.43	-0.1344225543
12.44	-0.1395164324
12.45	-0.1444564166
12.46	-0.1492397213
12.47	-0.1538637102
12.48	-0.1583258975
12.49	-0.1626239485
12.5	-0.1667556805
12.51	-0.1707190633
12.52	-0.1745122195
12.53	-0.178133425
12.54	-0.1815811089
12.55	-0.184853854
12.56	-0.1879503963
12.57	-0.190869625
12.58	-0.1936105821
12.59	-0.1961724621
12.6	-0.1985546114
12.61	-0.2007565274
12.62	-0.202777858
12.63	-0.2046184005
12.64	-0.2062781008
12.65	-0.2077570519
12.66	-0.2090554929
12.67	-0.2101738076
12.68	-0.2111125231
12.69	-0.2118723081
12.7	-0.2124539713
12.71	-0.2128584596
12.72	-0.2130868562
12.73	-0.2131403787
12.74	-0.2130203771
12.75	-0.2127283316
12.76	-0.2122658501
12.77	-0.2116346662
12.78	-0.2108366369
12.79	-0.2098737397
12.8	-0.2087480703
12.81	-0.2074618397
12.82	-0.206017372
12.83	-0.2044171012
12.84	-0.2026635682
12.85	-0.2007594185
12.86	-0.1987073984
12.87	-0.1965103529
12.88	-0.1941712217
12.89	-0.1916930368
12.9	-0.1890789185
12.91	-0.1863320732
12.92	-0.1834557892
12.93	-0.1804534338
12.94	-0.1773284498
12.95	-0.1740843522
12.96	-0.1707247248
12.97	-0.1672532166
12.98	-0.1636735384
12.99	-0.1599894592
13	-0.1562048028
13.01	-0.1523234444
13.02	-0.1483493066
13.03	-0.1442863561
13.04	-0.1401386004
13.05	-0.1359100836
13.06	-0.1316048834
13.07	-0.1272271072
13.08	-0.1227808885
13.09	-0.1182703837
13.1	-0.113699768
13.11	-0.1090732325
13.12	-0.10439498
13.13	-0.09966922192
13.14	-0.09490017476
13.15	-0.09009205653
13.16	-0.08524908336
13.17	-0.0803754661
13.18	-0.07547540693
13.19	-0.07055309604
13.2	-0.06561270827
13.21	-0.0606583999
13.22	-0.0556943054
13.23	-0.05072453422
13.24	-0.0457531677
13.25	-0.04078425595
13.26	-0.03582181481
13.27	-0.03086982286
13.28	-0.0259322185
13.29	-0.02101289707
13.3	-0.01611570802
13.31	-0.01124445214
13.32	-0.006402878888
13.33	-0.001594683735
13.34	0.003176494398
13.35	0.007907075653
13.36	0.01259354166
13.37	0.01723243792
13.38	0.02182037609
13.39	0.02635403619
13.4	0.03083016882
13.41	0.03524559714
13.42	0.03959721895
13.43	0.0438820086
13.44	0.04809701879
13.45	0.05223938241
13.46	0.05630631416
13.47	0.06029511223
13.48	0.06420315977
13.49	0.06802792635
13.5	0.07176696937
13.51	0.07541793529
13.52	0.07897856086
13.53	0.08244667423
13.54	0.08582019598
13.55	0.08909714009
13.56	0.0922756148
13.57	0.09535382339
13.58	0.09833006487
13.59	0.1012027346
13.6	0.103970325
13.61	0.1066314256
13.62	0.1091847237
13.63	0.1116290048
13.64	0.1139631524
13.65	0.1161861485
13.66	0.1182970733
13.67	0.1202951056
13.68	0.1221795221
13.69	0.1239496978
13.7	0.1256051053
13.71	0.1271453148
13.72	0.1285699933
13.73	0.1298789044
13.74	0.1310719074
13.75	0.132148957
13.76	0.1331101026
13.77	0.1339554869
13.78	0.134685346
13.79	0.1353000075
13.8	0.1357998902
13.81	0.1361855026
13.82	0.1364574422
13.83	0.1366163938
13.84	0.1366631286
13.85	0.1365985029
13.86	0.1364234564
13.87	0.1361390111
13.88	0.1357462698
13.89	0.1352464143
13.9	0.1346407041
13.91	0.1339304745
13.92	0.1331171351
13.93	0.1322021682
13.94	0.1311871264
13.95	0.1300736317
13.96	0.1288633727
13.97	0.1275581033
13.98	0.1261596408
13.99	0.1246698633
14	0.1230907084
14.01	0.1214241708
14.02	0.1196723
14.03	0.1178371989
14.04	0.115921021
14.05	0.1139259684
14.06	0.1118542899
14.07	0.1097082785
14.08	0.1074902694
14.09	0.1052026375
14.1	0.1028477955
14.11	0.1004281913
14.12	0.09794630597
14.13	0.09540465145
14.14	0.09280576809
14.15	0.09015222253
14.16	0.08744660536
14.17	0.08469152879
14.18	0.0818896244
14.19	0.07904354082
14.2	0.07615594148
14.21	0.07322950227
14.22	0.07026690932
14.23	0.06727085673
14.24	0.06424404427
14.25	0.06118917522
14.26	0.05810895408
14.27	0.05500608439
14.28	0.05188326656
14.29	0.04874319567
14.3	0.04558855934
14.31	0.04242203559
14.32	0.03924629078
14.33	0.03606397749
14.34	0.03287773252
14.35	0.02969017484
14.36	0.02650390362
14.37	0.02332149627
14.38	0.02014550653
14.39	0.01697846259
14.4	0.01382286521
14.41	0.01068118594
14.42	0.007555865324
14.43	0.00444931119
14.44	0.001363896926
14.45	-0.001698040155
14.46	-0.004734200432
14.47	-0.007742323541
14.48	-0.0107201899
14.49	-0.01366562218
14.5	-0.01657648674
14.51	-0.01945069504
14.52	-0.02228620491
14.53	-0.0250810219
14.54	-0.02783320052
14.55	-0.03054084537
14.56	-0.03320211235
14.57	-0.0358152097
14.58	-0.03837839908
14.59	-0.04088999651
14.6	-0.04334837334
14.61	-0.04575195711
14.62	-0.04809923239
14.63	-0.05038874158
14.64	-0.05261908556
14.65	-0.05478892445
14.66	-0.05689697817
14.67	-0.05894202701
14.68	-0.06092291216
14.69	-0.06283853614
14.7	-0.06468786322
14.71	-0.06646991977
14.72	-0.06818379455
14.73	-0.06982863894
14.74	-0.07140366717
14.75	-0.07290815639
14.76	-0.07434144684
14.77	-0.07570294181
14.78	-0.07699210767
14.79	-0.07820847376
14.8	-0.07935163232
14.81	-0.08042123828
14.82	-0.08141700906
14.83	-0.08233872427
14.84	-0.08318622546
14.85	-0.08395941568
14.86	-0.08465825913
14.87	-0.08528278064
14.88	-0.08583306523
14.89	-0.08630925753
14.9	-0.08671156117
14.91	-0.08704023819
14.92	-0.08729560833
14.93	-0.08747804829
14.94	-0.08758799104
14.95	-0.08762592494
14.96	-0.08759239297
14.97	-0.08748799181
14.98	-0.08731337092
14.99	-0.08706923164
15	-0.08675632618
15.01	-0.08637545659
15.02	-0.08592747373
15.03	-0.08541327618
15.04	-0.08483380914
15.05	-0.08419006328
15.06	-0.0834830736
15.07	-0.08271391819
15.08	-0.08188371705
15.09	-0.08099363082
15.1	-0.08004485954
15.11	-0.07903864134
15.12	-0.07797625115
15.13	-0.07685899935
15.14	-0.07568823042
15.15	-0.07446532163
15.16	-0.07319168157
15.17	-0.07186874885
15.18	-0.07049799063
15.19	-0.06908090121
15.2	-0.06761900063
15.21	-0.0661138332
15.22	-0.06456696606
15.23	-0.06297998775
15.24	-0.06135450669
15.25	-0.05969214979
15.26	-0.05799456092
15.27	-0.05626339948
15.28	-0.0545003389
15.29	-0.0527070652
15.3	-0.05088527548
15.31	-0.0490366765
15.32	-0.04716298316
15.33	-0.04526591712
15.34	-0.04334720526
15.35	-0.04140857831
15.36	-0.03945176937
15.37	-0.0374785125
15.38	-0.03549054129
15.39	-0.03348958748
15.4	-0.03147737956
15.41	-0.02945564136
15.42	-0.02742609075
15.43	-0.02539043822
15.44	-0.02335038562
15.45	-0.02130762479
15.46	-0.0192638363
15.47	-0.01722068815
15.48	-0.01517983455
15.49	-0.01314291466
15.5	-0.01111155136
15.51	-0.009087350114
15.52	-0.007071897771
15.53	-0.005066761427
15.54	-0.003073487312
15.55	-0.001093599704
15.56	0.0008714001348
15.57	0.002820034998
15.58	0.004750852738
15.59	0.00666242725
15.6	0.008553359418
15.61	0.01042227804
15.62	0.01226784072
15.63	0.01408873472
15.64	0.0158836778
15.65	0.01765141902
15.66	0.01939073948
15.67	0.02110045309
15.68	0.02277940725
15.69	0.02442648354
15.7	0.0260405983
15.71	0.02762070332
15.72	0.02916578633
15.73	0.03067487159
15.74	0.03214702036
15.75	0.03358133136
15.76	0.03497694126
15.77	0.03633302501
15.78	0.03764879624
15.79	0.03892350759
15.8	0.04015645099
15.81	0.04134695794
15.82	0.04249439975
15.83	0.04359818767
15.84	0.04465777314
15.85	0.04567264784
15.86	0.04664234381
15.87	0.04756643353
15.88	0.04844452991
15.89	0.04927628631
15.9	0.05006139646
15.91	0.05079959444
15.92	0.05149065454
15.93	0.05213439112
15.94	0.05273065847
15.95	0.05327935058
15.96	0.05378040091
15.97	0.05423378218
15.98	0.054639506
15.99	0.05499762261
16	0.05530822051
16.01	0.0555714261
16.02	0.05578740324
16.03	0.05595635284
16.04	0.05607851243
16.05	0.05615415561
16.06	0.0561835916
16.07	0.05616716468
16.08	0.05610525363
16.09	0.05599827115
16.1	0.05584666326
16.11	0.05565090866
16.12	0.05541151809
16.13	0.05512903366
16.14	0.05480402818
16.15	0.05443710438
16.16	0.05402889427
16.17	0.05358005835
16.18	0.05309128484
16.19	0.0525632889
16.2	0.05199681187
16.21	0.05139262043
16.22	0.05075150576
16.23	0.05007428274
16.24	0.04936178908
16.25	0.04861488446
16.26	0.04783444964
16.27	0.04702138562
16.28	0.0461766127
16.29	0.0453010696
16.3	0.04439571256
16.31	0.04346151441
16.32	0.04249946364
16.33	0.04151056349
16.34	0.04049583103
16.35	0.03945629617
16.36	0.03839300078
16.37	0.03730699773
16.38	0.03619934992
16.39	0.03507112938
16.4	0.03392341629
16.41	0.03275729806
16.42	0.03157386838
16.43	0.0303742263
16.44	0.02915947525
16.45	0.02793072218
16.46	0.02668907654
16.47	0.02543564944
16.48	0.02417155272
16.49	0.02289789799
16.5	0.02161579578
16.51	0.02032635465
16.52	0.01903068025
16.53	0.01772987452
16.54	0.01642503477
16.55	0.01511725282
16.56	0.01380761423
16.57	0.01249719737
16.58	0.01118707269
16.59	0.009878301831
16.6	0.00857193691
16.61	0.007269019692
16.62	0.005970580842
16.63	0.004677639177
16.64	0.003391200933
16.65	0.002112259042
16.66	0.0008417924414
16.67	-0.0004192346179
16.68	-0.001669873233
16.69	-0.0029091905
16.7	-0.004136270142
16.71	-0.00535021312
16.72	-0.00655013823
16.73	-0.007735182673
16.74	-0.00890450261
16.75	-0.01005727369
16.76	-0.01119269159
16.77	-0.01230997246
16.78	-0.01340835345
16.79	-0.01448709313
16.8	-0.01554547191
16.81	-0.0165827925
16.82	-0.01759838026
16.83	-0.01859158356
16.84	-0.01956177416
16.85	-0.02050834749
16.86	-0.02143072301
16.87	-0.02232834444
16.88	-0.02320068003
16.89	-0.02404722281
16.9	-0.02486749081
16.91	-0.02566102722
16.92	-0.02642740057
16.93	-0.02716620492
16.94	-0.02787705994
16.95	-0.02855961101
16.96	-0.02921352935
16.97	-0.02983851203
16.98	-0.03043428206
16.99	-0.03100058836
17	-0.03153720579
17.01	-0.0320439351
17.02	-0.03252060291
17.03	-0.03296706165
17.04	-0.03338318944
17.05	-0.03376889001
17.06	-0.03412409256
17.07	-0.03444875164
17.08	-0.03474284695
17.09	-0.0350063832
17.1	-0.03523938983
17.11	-0.0354419209
17.12	-0.03561405474
17.13	-0.03575589378
17.14	-0.03586756421
17.15	-0.03594921572
17.16	-0.0360010212
17.17	-0.0360231764
17.18	-0.03601589957
17.19	-0.03597943113
17.2	-0.03591403332
17.21	-0.03581998975
17.22	-0.03569760505
17.23	-0.03554720444
17.24	-0.03536913329
17.25	-0.0351637567
17.26	-0.03493145904
17.27	-0.03467264347
17.28	-0.03438773149
17.29	-0.03407716241
17.3	-0.03374139289
17.31	-0.03338089643
17.32	-0.03299616282
17.33	-0.03258769763
17.34	-0.03215602169
17.35	-0.03170167052
17.36	-0.03122519379
17.37	-0.03072715477
17.38	-0.03020812972
17.39	-0.02966870739
17.4	-0.02910948839
17.41	-0.02853108461
17.42	-0.02793411866
17.43	-0.02731922326
17.44	-0.02668704065
17.45	-0.02603822198
17.46	-0.02537342674
17.47	-0.02469332213
17.48	-0.02399858247
17.49	-0.0232898886
17.5	-0.02256792725
17.51	-0.02183339047
17.52	-0.02108697499
17.53	-0.02032938166
17.54	-0.0195613148
17.55	-0.01878348163
17.56	-0.01799659169
17.57	-0.01720135618
17.58	-0.01639848745
17.59	-0.01558869834
17.6	-0.01477270166
17.61	-0.01395120956
17.62	-0.01312493299
17.63	-0.01229458111
17.64	-0.01146086075
17.65	-0.01062447584
17.66	-0.009786126866
17.67	-0.008946510322
17.68	-0.008106318188
17.69	-0.007266237394
17.7	-0.006426949309
17.71	-0.005589129226
17.72	-0.004753445867
17.73	-0.00392056089
17.74	-0.003091128407
17.75	-0.002265794516
17.76	-0.001445196836
17.77	-0.0006299640614
17.78	0.0001792844816
17.79	0.0009819392611
17.8	0.001777400957
17.81	0.002565080866
17.82	0.003344401296
17.83	0.004114795947
17.84	0.00487571028
17.85	0.005626601874
17.86	0.006366940768
17.87	0.007096209798
17.88	0.007813904908
17.89	0.008519535457
17.9	0.009212624515
17.91	0.009892709133
17.92	0.01055934062
17.93	0.01121208477
17.94	0.01185052214
17.95	0.01247424822
17.96	0.01308287369
17.97	0.01367602459
17.98	0.01425334251
17.99	0.01481448475
18	0.01535912447
18.01	0.01588695086
18.02	0.01639766922
18.03	0.01689100109
18.04	0.01736668438
18.05	0.01782447338
18.06	0.01826413889
18.07	0.01868546826
18.08	0.01908826542
18.09	0.01947235091
18.1	0.01983756189
18.11	0.02018375218
18.12	0.02051079216
18.13	0.02081856884
18.14	0.02110698575
18.15	0.02137596292
18.16	0.02162543681
18.17	0.0218553602
18.18	0.02206570216
18.19	0.02225644788
18.2	0.0224275986
18.21	0.02257917146
18.22	0.02271119936
18.23	0.02282373081
18.24	0.02291682977
18.25	0.02299057548
18.26	0.02304506224
18.27	0.02308039926
18.28	0.02309671045
18.29	0.02309413413
18.3	0.02307282292
18.31	0.02303294338
18.32	0.02297467588
18.33	0.02289821424
18.34	0.02280376553
18.35	0.02269154978
18.36	0.02256179969
18.37	0.02241476036
18.38	0.02225068896
18.39	0.02206985444
18.4	0.02187253725
18.41	0.02165902896
18.42	0.02142963198
18.43	0.02118465922
18.44	0.02092443373
18.45	0.02064928838
18.46	0.02035956551
18.47	0.02005561658
18.48	0.01973780177
18.49	0.01940648968
18.5	0.01906205693
18.51	0.01870488779
18.52	0.01833537381
18.53	0.01795391344
18.54	0.01756091167
18.55	0.01715677964
18.56	0.01674193424
18.57	0.01631679774
18.58	0.01588179741
18.59	0.01543736511
18.6	0.01498393695
18.61	0.01452195285
18.62	0.01405185616
18.63	0.01357409331
18.64	0.0130891134
18.65	0.01259736778
18.66	0.01209930974
18.67	0.01159539407
18.68	0.01108607667
18.69	0.01057181422
18.7	0.01005306378
18.71	0.009530282391
18.72	0.009003926745
18.73	0.008474452789
18.74	0.007942315372
18.75	0.00740796788
18.76	0.006871861885
18.77	0.006334446785
18.78	0.005796169461
18.79	0.005257473936
18.8	0.004718801032
18.81	0.004180588041
18.82	0.003643268397
18.83	0.003107271356
18.84	0.002573021677
18.85	0.002040939318
18.86	0.001511439129
18.87	0.000984930558
18.88	0.0004618173608
18.89	-5.750268149e-05
18.9	-0.0005726380378
18.91	-0.001083203695
18.92	-0.001588821421
18.93	-0.002089120011
18.94	-0.002583735544
18.95	-0.00307231161
18.96	-0.003554499544
18.97	-0.00402995865
18.98	-0.004498356407
18.99	-0.004959368683
19	-0.005412679923
19.01	-0.005857983342
19.02	-0.006294981103
19.03	-0.006723384488
19.04	-0.007142914058
19.05	-0.007553299809
19.06	-0.007954281311
19.07	-0.008345607851
19.08	-0.008727038551
19.09	-0.009098342492
19.1	-0.009459298818
19.11	-0.009809696835
19.12	-0.0101493361
19.13	-0.01047802652
19.14	-0.01079558839
19.15	-0.01110185248
19.16	-0.01139666009
19.17	-0.01167986308
19.18	-0.01195132392
19.19	-0.01221091571
19.2	-0.01245852221
19.21	-0.01269403782
19.22	-0.01291736761
19.23	-0.01312842732
19.24	-0.0133271433
19.25	-0.01351345253
19.26	-0.01368730255
19.27	-0.01384865145
19.28	-0.01399746782
19.29	-0.01413373064
19.3	-0.01425742928
19.31	-0.01436856341
19.32	-0.01446714287
19.33	-0.01455318764
19.34	-0.01462672772
19.35	-0.01468780304
19.36	-0.01473646329
19.37	-0.0147727679
19.38	-0.01479678583
19.39	-0.01480859547
19.4	-0.01480828451
19.41	-0.01479594978
19.42	-0.01477169711
19.43	-0.01473564115
19.44	-0.01468790523
19.45	-0.01462862119
19.46	-0.0145579292
19.47	-0.01447597756
19.48	-0.01438292254
19.49	-0.0142789282
19.5	-0.01416416615
19.51	-0.0140388154
19.52	-0.01390306211
19.53	-0.01375709942
19.54	-0.01360112723
19.55	-0.01343535197
19.56	-0.01325998636
19.57	-0.01307524925
19.58	-0.01288136535
19.59	-0.01267856499
19.6	-0.01246708392
19.61	-0.01224716306
19.62	-0.01201904827
19.63	-0.01178299008
19.64	-0.01153924352
19.65	-0.01128806778
19.66	-0.01102972606
19.67	-0.01076448526
19.68	-0.01049261576
19.69	-0.01021439117
19.7	-0.009930088098
19.71	-0.009639985853
19.72	-0.009344366248
19.73	-0.009043513329
19.74	-0.008737713125
19.75	-0.008427253407
19.76	-0.008112423436
19.77	-0.007793513717
19.78	-0.007470815754
19.79	-0.007144621804
19.8	-0.006815224636
19.81	-0.006482917287
19.82	-0.006147992821
19.83	-0.005810744094
19.84	-0.005471463515
19.85	-0.005130442816
19.86	-0.004787972813
19.87	-0.004444343186
19.88	-0.004099842245
19.89	-0.003754756714
19.9	-0.003409371505
19.91	-0.003063969502
19.92	-0.002718831351
19.93	-0.002374235247
19.94	-0.002030456727
19.95	-0.001687768469
19.96	-0.001346440093
19.97	-0.001006737967
19.98	-0.0006689250151
19.99	-0.0003332605313
20	-2.588186371e-17
20.01	0.000330605083
20.02	0.0006583073824
20.03	0.000982863891
20.04	0.001304036093
20.05	0.001621590121
20.06	0.001935296909
20.07	0.002244932344
20.08	0.0025502774
20.09	0.002851118285
20.1	0.003147246567
20.11	0.003438459301
20.12	0.003724559152
20.13	0.004005354509
20.14	0.004280659599
20.15	0.004550294583
20.16	0.004814085663
20.17	0.005071865171
20.18	0.005323471658
20.19	0.005568749974
20.2	0.005807551344
20.21	0.00603973344
20.22	0.006265160441
20.23	0.006483703099
20.24	0.006695238782
20.25	0.006899651529
20.26	0.007096832085
20.27	0.007286677942
20.28	0.007469093363
20.29	0.007643989411
20.3	0.007811283961
20.31	0.007970901718
20.32	0.008122774221
20.33	0.008266839845
20.34	0.008403043795
20.35	0.0085313381
20.36	0.008651681591
20.37	0.008764039888
20.38	0.008868385367
20.39	0.008964697134
20.4	0.009052960983
20.41	0.00913316936
20.42	0.009205321312
20.43	0.009269422436
20.44	0.009325484824
20.45	0.009373526999
20.46	0.00941357385
20.47	0.009445656561
20.48	0.009469812536
20.49	0.009486085319
20.5	0.009494524507
20.51	0.009495185665
20.52	0.009488130233
20.53	0.009473425427
20.54	0.00945114414
20.55	0.009421364838
20.56	0.009384171449
20.57	0.009339653256
20.58	0.009287904778
20.59	0.009229025653
20.6	0.009163120517
20.61	0.009090298875
20.62	0.009010674981
20.63	0.0089243677
20.64	0.008831500379
20.65	0.008732200709
20.66	0.008626600588
20.67	0.008514835979
20.68	0.008397046768
20.69	0.008273376622
20.7	0.008143972834
20.71	0.008008986185
20.72	0.007868570785
20.73	0.007722883927
20.74	0.007572085931
20.75	0.007416339991
20.76	0.007255812017
20.77	0.007090670484
20.78	0.006921086268
20.79	0.006747232495
20.8	0.006569284374
20.81	0.006387419049
20.82	0.00620181543
20.83	0.006012654037
20.84	0.005820116844
20.85	0.005624387114
20.86	0.005425649243
20.87	0.005224088601
20.88	0.005019891375
20.89	0.004813244406
20.9	0.004604335039
20.91	0.004393350963
20.92	0.004180480055
20.93	0.003965910228
20.94	0.003749829279
20.95	0.003532424734
20.96	0.003313883699
20.97	0.003094392714
20.98	0.002874137605
20.99	0.002653303334
21	0.002432073863
21.01	0.002210632008
21.02	0.0019891593
21.03	0.001767835851
21.04	0.001546840213
21.05	0.001326349253
21.06	0.001106538016
21.07	0.0008875796015
21.08	0.0006696450363
21.09	0.0004529031536
21.1	0.0002375204727
21.11	2.366108183e-05
21.12	-0.000188513475
21.13	-0.0003988443096
21.14	-0.0006071752968
21.15	-0.0008133531799
21.16	-0.001017227672
21.17	-0.001218651554
21.18	-0.00141748077
21.19	-0.001613574519
21.2	-0.001806795345
21.21	-0.00199700922
21.22	-0.002184085623
21.23	-0.002367897624
21.24	-0.002548321956
21.25	-0.002725239084
21.26	-0.002898533273
21.27	-0.003068092655
21.28	-0.003233809284
21.29	-0.003395579196
21.3	-0.003553302461
21.31	-0.003706883231
21.32	-0.003856229786
21.33	-0.004001254577
21.34	-0.00414187426
21.35	-0.004278009734
21.36	-0.004409586171
21.37	-0.004536533039
21.38	-0.004658784131
21.39	-0.004776277578
21.4	-0.004888955872
21.41	-0.004996765868
21.42	-0.005099658804
21.43	-0.005197590295
21.44	-0.005290520342
21.45	-0.005378413327
21.46	-0.005461238003
21.47	-0.005538967492
21.48	-0.005611579265
21.49	-0.005679055132
21.5	-0.005741381215
21.51	-0.005798547933
21.52	-0.005850549969
21.53	-0.005897386243
21.54	-0.005939059879
21.55	-0.005975578169
21.56	-0.006006952533
21.57	-0.00603319848
21.58	-0.006054335557
21.59	-0.006070387306
21.6	-0.006081381211
21.61	-0.006087348646
21.62	-0.006088324816
21.63	-0.006084348697
21.64	-0.006075462981
21.65	-0.006061714003
21.66	-0.006043151679
21.67	-0.006019829439
21.68	-0.005991804151
21.69	-0.005959136048
21.7	-0.005921888656
21.71	-0.005880128713
21.72	-0.005833926089
21.73	-0.005783353708
21.74	-0.005728487458
21.75	-0.005669406112
21.76	-0.005606191238
21.77	-0.005538927112
21.78	-0.005467700624
21.79	-0.005392601193
21.8	-0.00531372067
21.81	-0.005231153242
21.82	-0.005144995345
21.83	-0.005055345557
21.84	-0.00496230451
21.85	-0.004865974787
21.86	-0.004766460825
21.87	-0.004663868814
21.88	-0.004558306598
21.89	-0.004449883576
21.9	-0.004338710594
21.91	-0.004224899853
21.92	-0.004108564799
21.93	-0.003989820025
21.94	-0.003868781168
21.95	-0.003745564806
21.96	-0.003620288359
21.97	-0.003493069982
21.98	-0.003364028465
21.99	-0.003233283135
22	-0.00310095375
22.01	-0.0029671604
22.02	-0.002832023407
22.03	-0.002695663228
22.04	-0.002558200349
22.05	-0.002419755197
22.06	-0.002280448031
22.07	-0.002140398858
22.08	-0.001999727327
22.09	-0.001858552641
22.1	-0.001716993461
22.11	-0.001575167815
22.12	-0.001433193007
22.13	-0.001291185528
22.14	-0.001149260967
22.15	-0.001007533923
22.16	-0.0008661179249
22.17	-0.0007251253412
22.18	-0.0005846673025
22.19	-0.0004448536198
22.2	-0.0003057927056
22.21	-0.0001675914972
22.22	-3.035538182e-05
22.23	0.000105811877
22.24	0.0002408082106
22.25	0.0003745333144
22.26	0.0005068887155
22.27	0.0006377778382
22.28	0.0007671060668
22.29	0.0008947808075
22.3	0.001020711547
22.31	0.001144809909
22.32	0.001266989711
22.33	0.001387167014
22.34	0.001505260175
22.35	0.001621189892
22.36	0.001734879255
22.37	0.001846253785
22.38	0.001955241476
22.39	0.002061772833
22.4	0.002165780913
22.41	0.002267201353
22.42	0.002365972404
22.43	0.002462034963
22.44	0.002555332595
22.45	0.002645811562
22.46	0.002733420843
22.47	0.002818112154
22.48	0.002899839965
22.49	0.002978561515
22.5	0.003054236827
22.51	0.003126828715
22.52	0.003196302794
22.53	0.003262627486
22.54	0.00332577402
22.55	0.003385716437
22.56	0.003442431587
22.57	0.003495899125
22.58	0.003546101506
22.59	0.003593023976
22.6	0.003636654562
22.61	0.00367698406
22.62	0.003714006022
22.63	0.003747716734
22.64	0.003778115205
22.65	0.003805203139
22.66	0.003828984916
22.67	0.003849467564
22.68	0.003866660739
22.69	0.003880576687
22.7	0.003891230219
22.71	0.00389863868
22.72	0.003902821909
22.73	0.003903802209
22.74	0.003901604303
22.75	0.003896255302
22.76	0.003887784658
22.77	0.003876224123
22.78	0.003861607707
22.79	0.003843971629
22.8	0.003823354274
22.81	0.003799796139
22.82	0.003773339791
22.83	0.003744029808
22.84	0.003711912732
22.85	0.003677037012
22.86	0.003639452955
22.87	0.003599212662
22.88	0.00355636998
22.89	0.003510980439
22.9	0.003463101193
22.91	0.003412790967
22.92	0.003360109987
22.93	0.003305119929
22.94	0.003247883851
22.95	0.003188466132
22.96	0.003126932409
22.97	0.003063349519
22.98	0.002997785425
22.99	0.00293030916
23	0.002860990762
23.01	0.002789901202
23.02	0.002717112329
23.03	0.002642696796
23.04	0.002566727999
23.05	0.002489280013
23.06	0.00241042752
23.07	0.002330245751
23.08	0.002248810416
23.09	0.002166197638
23.1	0.002082483893
23.11	0.001997745939
23.12	0.001912060755
23.13	0.001825505477
23.14	0.001738157331
23.15	0.001650093574
23.16	0.001561391426
23.17	0.001472128013
23.18	0.001382380298
23.19	0.001292225029
23.2	0.001201738671
23.21	0.001110997348
23.22	0.001020076786
23.23	0.0009290522516
23.24	0.0008379984977
23.25	0.0007469897044
23.26	0.0006560994244
23.27	0.0005654005281
23.28	0.0004749651497
23.29	0.0003848646348
23.3	0.0002951694885
23.31	0.0002059493249
23.32	0.0001172728176
23.33	2.920765144e-05
23.34	-5.817952433e-05
23.35	-0.0001448231423
23.36	-0.0002306587614
23.37	-0.0003156231102
23.38	-0.0003996541288
23.39	-0.0004826910102
23.4	-0.0005646742389
23.41	-0.0006455456296
23.42	-0.0007252483633
23.43	-0.0008037270232
23.44	-0.0008809276278
23.45	-0.000956797664
23.46	-0.001031286117
23.47	-0.001104343502
23.48	-0.00117592189
23.49	-0.001245974933
23.5	-0.001314457895
23.51	-0.001381327669
23.52	-0.001446542801
23.53	-0.001510063513
23.54	-0.001571851719
23.55	-0.001631871044
23.56	-0.001690086839
23.57	-0.001746466196
23.58	-0.00180097796
23.59	-0.001853592742
23.6	-0.001904282928
23.61	-0.001953022685
23.62	-0.001999787972
23.63	-0.002044556541
23.64	-0.002087307946
23.65	-0.00212802354
23.66	-0.002166686477
23.67	-0.002203281713
23.68	-0.002237796006
23.69	-0.002270217905
23.7	-0.002300537752
23.71	-0.002328747673
23.72	-0.00235484157
23.73	-0.002378815112
23.74	-0.002400665724
23.75	-0.002420392576
23.76	-0.002437996571
23.77	-0.002453480326
23.78	-0.002466848161
23.79	-0.002478106079
23.8	-0.00248726175
23.81	-0.002494324488
23.82	-0.002499305235
23.83	-0.002502216535
23.84	-0.002503072513
23.85	-0.002501888851
23.86	-0.002498682763
23.87	-0.002493472966
23.88	-0.002486279658
23.89	-0.002477124485
23.9	-0.002466030515
23.91	-0.002453022206
23.92	-0.002438125377
23.93	-0.002421367172
23.94	-0.002402776034
23.95	-0.002382381666
23.96	-0.002360215
23.97	-0.002336308158
23.98	-0.002310694423
23.99	-0.002283408197
24	-0.002254484966
24.01	-0.002223961264
24.02	-0.002191874632
24.03	-0.002158263583
24.04	-0.00212316756
24.05	-0.002086626897
24.06	-0.002048682782
24.07	-0.002009377212
24.08	-0.001968752958
24.09	-0.001926853518
24.1	-0.001883723082
24.11	-0.001839406486
24.12	-0.001793949171
24.13	-0.001747397144
24.14	-0.001699796935
24.15	-0.001651195553
24.16	-0.001601640446
24.17	-0.001551179458
24.18	-0.001499860789
24.19	-0.00144773295
24.2	-0.001394844723
24.21	-0.00134124512
24.22	-0.001286983337
24.23	-0.00123210872
24.24	-0.001176670716
24.25	-0.001120718837
24.26	-0.001064302619
24.27	-0.001007471578
24.28	-0.0009502751748
24.29	-0.0008927627702
24.3	-0.0008349835903
24.31	-0.0007769866848
24.32	-0.0007188208896
24.33	-0.0006605347886
24.34	-0.0006021766763
24.35	-0.0005437945209
24.36	-0.0004854359278
24.37	-0.000427148104
24.38	-0.0003689778229
24.39	-0.0003109713897
24.4	-0.0002531746076
24.41	-0.0001956327445
24.42	-0.0001383905008
24.43	-8.149197706e-05
24.44	-2.498064358e-05
24.45	3.11006903e-05
24.46	8.670990554e-05
24.47	0.0001418056021
24.48	0.000196347127
24.49	0.000250294601
24.5	0.0003036089452
24.51	0.0003562519064
24.52	0.0004081860813
24.53	0.0004593749401
24.54	0.0005097828498
24.55	0.0005593750951
24.56	0.0006081179001
24.57	0.0006559784476
24.58	0.0007029248987
24.59	0.0007489264102
24.6	0.0007939531525
24.61	0.0008379763248
24.62	0.0008809681713
24.63	0.0009229019947
24.64	0.0009637521698
24.65	0.001003494155
24.66	0.001042104506
24.67	0.001079560882
24.68	0.001115842059
24.69	0.001150927936
24.7	0.001184799543
24.71	0.001217439048
24.72	0.001248829759
24.73	0.001278956135
24.74	0.001307803783
24.75	0.001335359465
24.76	0.001361611095
24.77	0.001386547745
24.78	0.001410159641
24.79	0.001432438163
24.8	0.001453375843
24.81	0.001472966359
24.82	0.001491204537
24.83	0.00150808634
24.84	0.001523608866
24.85	0.001537770339
24.86	0.001550570103
24.87	0.001562008614
24.88	0.001572087427
24.89	0.001580809194
24.9	0.001588177642
24.91	0.001594197572
24.92	0.001598874839
24.93	0.001602216343
24.94	0.001604230015
24.95	0.001604924799
24.96	0.001604310639
24.97	0.001602398465
24.98	0.001599200172
24.99	0.001594728605
25	0.001588997542
25.01	0.001582021672
25.02	0.001573816579
25.03	0.001564398723
25.04	0.001553785414
25.05	0.001541994797
25.06	0.001529045829
25.07	0.001514958257
25.08	0.001499752592
25.09	0.001483450094
25.1	0.001466072742
25.11	0.001447643213
25.12	0.001428184858
25.13	0.001407721677
25.14	0.001386278297
25.15	0.001363879941
25.16	0.001340552409
25.17	0.001316322051
25.18	0.001291215739
25.19	0.001265260841
25.2	0.001238485198
25.21	0.001210917094
25.22	0.001182585235
25.23	0.001153518713
25.24	0.001123746989
25.25	0.00109329986
25.26	0.001062207435
25.27	0.001030500108
25.28	0.0009982085267
25.29	0.0009653635731
25.3	0.0009319963305
25.31	0.000898138059
25.32	0.0008638201685
25.33	0.0008290741919
25.34	0.0007939317584
25.35	0.0007584245673
25.36	0.0007225843613
25.37	0.000686442901
25.38	0.0006500319382
25.39	0.0006133831909
25.4	0.0005765283171
25.41	0.0005394988904
25.42	0.0005023263743
25.43	0.0004650420977
25.44	0.000427677231
25.45	0.0003902627613
25.46	0.0003528294693
25.47	0.0003154079056
25.48	0.0002780283681
25.49	0.0002407208788
25.5	0.0002035151622
25.51	0.0001664406231
25.52	0.0001295263258
25.53	9.280097263e-05
25.54	5.629288373e-05
25.55	2.002997727e-05
25.56	-1.59602502e-05
25.57	-5.165074268e-05
25.58	-8.701490317e-05
25.59	-0.0001220266116
25.6	-0.0001566602424
25.61	-0.000190890681
25.62	-0.0002246933405
25.63	-0.0002580441775
25.64	-0.0002909197068
25.65	-0.0003232970166
25.66	-0.0003551537821
25.67	-0.0003864682792
25.68	-0.0004172193974
25.69	-0.0004473866518
25.7	-0.0004769501949
25.71	-0.0005058908278
25.72	-0.0005341900104
25.73	-0.000561829871
25.74	-0.0005887932162
25.75	-0.0006150635387
25.76	-0.0006406250256
25.77	-0.0006654625658
25.78	-0.0006895617565
25.79	-0.0007129089092
25.8	-0.0007354910553
25.81	-0.0007572959509
25.82	-0.0007783120806
25.83	-0.0007985286616
25.84	-0.0008179356464
25.85	-0.0008365237248
25.86	-0.0008542843261
25.87	-0.0008712096198
25.88	-0.000887292516
25.89	-0.0009025266658
25.9	-0.0009169064598
25.91	-0.0009304270275
25.92	-0.0009430842347
25.93	-0.0009548746815
25.94	-0.0009657956989
25.95	-0.0009758453454
25.96	-0.0009850224024
25.97	-0.00099332637
25.98	-0.001000757461
25.99	-0.001007316595
26	-0.001013005395
26.01	-0.001017826173
26.02	-0.001021781932
26.03	-0.001024876352
26.04	-0.001027113783
26.05	-0.001028499236
26.06	-0.001029038375
26.07	-0.001028737506
26.08	-0.001027603565
26.09	-0.001025644113
26.1	-0.001022867317
26.11	-0.001019281947
26.12	-0.001014897356
26.13	-0.001009723473
26.14	-0.00100377079
26.15	-0.000997050346
26.16	-0.0009895737171
26.17	-0.0009813530004
26.18	-0.0009724008012
26.19	-0.0009627302183
26.2	-0.0009523548296
26.21	-0.0009412886773
26.22	-0.0009295462525
26.23	-0.0009171424803
26.24	-0.0009040927037
26.25	-0.0008904126683
26.26	-0.0008761185061
26.27	-0.0008612267191
26.28	-0.0008457541633
26.29	-0.0008297180321
26.3	-0.0008131358395
26.31	-0.0007960254034
26.32	-0.0007784048289
26.33	-0.000760292491
26.34	-0.0007417070176
26.35	-0.0007226672725
26.36	-0.0007031923382
26.37	-0.0006833014985
26.38	-0.0006630142212
26.39	-0.0006423501411
26.4	-0.0006213290426
26.41	-0.0005999708422
26.42	-0.0005782955716
26.43	-0.0005563233604
26.44	-0.000534074419
26.45	-0.0005115690213
26.46	-0.0004888274881
26.47	-0.0004658701701
26.48	-0.0004427174309
26.49	-0.0004193896308
26.5	-0.0003959071098
26.51	-0.0003722901716
26.52	-0.0003485590673
26.53	-0.0003247339793
26.54	-0.0003008350055
26.55	-0.0002768821437
26.56	-0.0002528952762
26.57	-0.0002288941542
26.58	-0.0002048983836
26.59	-0.0001809274092
26.6	-0.000157000501
26.61	-0.0001331367398
26.62	-0.0001093550027
26.63	-8.567395003e-05
26.64	-6.211201168e-05
26.65	-3.868737386e-05
26.66	-1.541796638e-05
26.67	7.678549872e-06
26.68	3.058479513e-05
26.69	5.328368266e-05
26.7	7.575843026e-05
26.71	9.799257148e-05
26.72	0.0001199699665
26.73	0.0001416748126
26.74	0.0001630916543
26.75	0.0001842053932
26.76	0.0002050012974
26.77	0.0002254650104
26.78	0.0002455825599
26.79	0.0002653403662
26.8	0.0002847252499
26.81	0.0003037244393
26.82	0.0003223255779
26.83	0.0003405167309
26.84	0.0003582863915
26.85	0.0003756234868
26.86	0.0003925173838
26.87	0.0004089578937
26.88	0.0004249352774
26.89	0.0004404402494
26.9	0.0004554639818
26.91	0.000469998108
26.92	0.0004840347257
26.93	0.0004975663994
26.94	0.0005105861631
26.95	0.000523087522
26.96	0.0005350644542
26.97	0.0005465114114
26.98	0.0005574233201
26.99	0.0005677955818
27	0.0005776240728
27.01	0.0005869051438
27.02	0.0005956356194
27.03	0.0006038127964
27.04	0.0006114344427
27.05	0.000618498795
27.06	0.0006250045567
27.07	0.0006309508952
27.08	0.0006363374388
27.09	0.0006411642734
27.1	0.0006454319388
27.11	0.0006491414247
27.12	0.0006522941661
27.13	0.0006548920386
27.14	0.0006569373539
27.15	0.0006584328535
27.16	0.000659381704
27.17	0.0006597874905
27.18	0.0006596542107
27.19	0.0006589862681
27.2	0.0006577884654
27.21	0.0006560659973
27.22	0.0006538244433
27.23	0.00065106976
27.24	0.0006478082731
27.25	0.0006440466697
27.26	0.0006397919897
27.27	0.0006350516172
27.28	0.0006298332721
27.29	0.000624145001
27.3	0.0006179951678
27.31	0.0006113924448
27.32	0.0006043458028
27.33	0.000596864502
27.34	0.0005889580814
27.35	0.0005806363494
27.36	0.0005719093738
27.37	0.0005627874708
27.38	0.0005532811955
27.39	0.0005434013309
27.4	0.0005331588776
27.41	0.0005225650428
27.42	0.0005116312301
27.43	0.000500369028
27.44	0.0004887901995
27.45	0.000476906671
27.46	0.0004647305215
27.47	0.0004522739711
27.48	0.0004395493704
27.49	0.0004265691894
27.5	0.000413346006
27.51	0.0003998924955
27.52	0.0003862214192
27.53	0.0003723456133
27.54	0.000358277978
27.55	0.0003440314667
27.56	0.0003296190746
27.57	0.0003150538282
27.58	0.0003003487744
27.59	0.0002855169696
27.6	0.0002705714691
27.61	0.0002555253164
27.62	0.0002403915331
27.63	0.0002251831079
27.64	0.0002099129869
27.65	0.0001945940629
27.66	0.0001792391658
27.67	0.0001638610524
27.68	0.0001484723966
27.69	0.0001330857802
27.7	0.0001177136827
27.71	0.0001023684726
27.72	8.706239798e-05
27.73	7.18075775e-05
27.74	5.661599166e-05
27.75	4.149947414e-05
27.76	2.646970337e-05
27.77	1.153819426e-05
27.78	-3.283709824e-06
27.79	-1.798484492e-05
27.8	-3.255423409e-05
27.81	-4.698109486e-05
27.82	-6.125484644e-05
27.83	-7.536511667e-05
27.84	-8.930174882e-05
27.85	-0.0001030548081
27.86	-0.0001166145879
27.87	-0.0001299716161
27.88	-0.0001431166606
27.89	-0.0001560407349
27.9	-0.0001687351038
27.91	-0.0001811912881
27.92	-0.0001934010696
27.93	-0.0002053564958
27.94	-0.0002170498841
27.95	-0.0002284738257
27.96	-0.0002396211901
27.97	-0.0002504851278
27.98	-0.0002610590743
27.99	-0.0002713367529
28	-0.0002813121775
28.01	-0.000290979655
28.02	-0.000300333788
28.03	-0.0003093694765
28.04	-0.0003180819198
28.05	-0.0003264666177
28.06	-0.0003345193725
28.07	-0.0003422362891
28.08	-0.0003496137764
28.09	-0.0003566485475
28.1	-0.0003633376201
28.11	-0.0003696783163
28.12	-0.0003756682626
28.13	-0.0003813053891
28.14	-0.0003865879291
28.15	-0.0003915144178
28.16	-0.0003960836913
28.17	-0.0004002948852
28.18	-0.0004041474325
28.19	-0.0004076410623
28.2	-0.0004107757972
28.21	-0.0004135519509
28.22	-0.0004159701263
28.23	-0.0004180312117
28.24	-0.0004197363786
28.25	-0.0004210870783
28.26	-0.0004220850381
28.27	-0.0004227322583
28.28	-0.000423031008
28.29	-0.0004229838212
28.3	-0.0004225934927
28.31	-0.0004218630736
28.32	-0.000420795867
28.33	-0.0004193954232
28.34	-0.0004176655347
28.35	-0.0004156102316
28.36	-0.0004132337759
28.37	-0.0004105406566
28.38	-0.000407535584
28.39	-0.0004042234843
28.4	-0.0004006094939
28.41	-0.0003966989531
28.42	-0.0003924974009
28.43	-0.0003880105682
28.44	-0.0003832443721
28.45	-0.0003782049093
28.46	-0.0003728984499
28.47	-0.0003673314309
28.48	-0.0003615104497
28.49	-0.0003554422571
28.5	-0.0003491337513
28.51	-0.0003425919702
28.52	-0.0003358240855
28.53	-0.0003288373952
28.54	-0.0003216393168
28.55	-0.0003142373804
28.56	-0.0003066392219
28.57	-0.0002988525752
28.58	-0.0002908852662
28.59	-0.0002827452048
28.6	-0.0002744403784
28.61	-0.0002659788443
28.62	-0.0002573687231
28.63	-0.0002486181913
28.64	-0.0002397354743
28.65	-0.0002307288393
28.66	-0.0002216065881
28.67	-0.0002123770505
28.68	-0.000203048577
28.69	-0.0001936295317
28.7	-0.0001841282859
28.71	-0.0001745532108
28.72	-0.0001649126708
28.73	-0.0001552150171
28.74	-0.0001454685803
28.75	-0.0001356816646
28.76	-0.0001258625408
28.77	-0.0001160194399
28.78	-0.0001061605468
28.79	-9.629399408e-05
28.8	-8.642785569e-05
28.81	-7.65701409e-05
28.82	-6.672878834e-05
28.83	-5.691166008e-05
28.84	-4.712653589e-05
28.85	-3.738110754e-05
28.86	-2.768297329e-05
28.87	-1.803963243e-05
28.88	-8.458480013e-06
28.89	1.053198349e-06
28.9	1.048823152e-05
28.91	1.983956773e-05
28.92	2.91002794e-05
28.93	3.826356772e-05
28.94	4.732276721e-05
28.95	5.627135e-05
28.96	6.510293008e-05
28.97	7.381126736e-05
28.98	8.239027155e-05
28.99	9.083400591e-05
29	9.913669089e-05
29.01	0.0001072927075
29.02	0.0001152966007
29.03	0.0001231430824
29.04	0.0001308270345
29.05	0.0001383435117
29.06	0.0001456877441
29.07	0.0001528551397
29.08	0.0001598412867
29.09	0.0001666419556
29.1	0.0001732531013
29.11	0.0001796708648
29.12	0.0001858915751
29.13	0.0001919117501
29.14	0.0001977280986
29.15	0.000203337521
29.16	0.0002087371107
29.17	0.0002139241544
29.18	0.0002188961331
29.19	0.0002236507227
29.2	0.0002281857938
29.21	0.0002324994127
29.22	0.0002365898406
29.23	0.000240455534
29.24	0.0002440951441
29.25	0.0002475075166
29.26	0.0002506916909
29.27	0.0002536468991
29.28	0.0002563725659
29.29	0.0002588683065
29.3	0.0002611339262
29.31	0.0002631694187
29.32	0.0002649749645
29.33	0.0002665509295
29.34	0.0002678978631
29.35	0.0002690164965
29.36	0.0002699077402
29.37	0.0002705726823
29.38	0.000271012586
29.39	0.0002712288871
29.4	0.0002712231917
29.41	0.0002709972732
29.42	0.00027055307
29.43	0.000269892682
29.44	0.0002690183682
29.45	0.0002679325432
29.46	0.0002666377742
29.47	0.0002651367775
29.48	0.0002634324155
29.49	0.0002615276926
29.5	0.0002594257524
29.51	0.0002571298732
29.52	0.000254643465
29.53	0.0002519700652
29.54	0.0002491133349
29.55	0.0002460770549
29.56	0.0002428651218
29.57	0.0002394815437
29.58	0.0002359304361
29.59	0.000232216018
29.6	0.0002283426071
29.61	0.000224314616
29.62	0.0002201365478
29.63	0.0002158129914
29.64	0.0002113486173
29.65	0.0002067481732
29.66	0.0002020164795
29.67	0.0001971584248
29.68	0.0001921789612
29.69	0.0001870831002
29.7	0.0001818759077
29.71	0.0001765624998
29.72	0.0001711480378
29.73	0.0001656377244
29.74	0.0001600367983
29.75	0.0001543505302
29.76	0.0001485842182
29.77	0.0001427431829
29.78	0.0001368327636
29.79	0.000130858313
29.8	0.0001248251934
29.81	0.000118738772
29.82	0.0001126044164
29.83	0.0001064274905
29.84	0.0001002133499
29.85	9.396733795e-05
29.86	8.769478106e-05
29.87	8.140098489e-05
29.88	7.509123007e-05
29.89	6.877076809e-05
29.9	6.244481732e-05
29.91	5.611855896e-05
29.92	4.979713322e-05
29.93	4.348563542e-05
29.94	3.718911218e-05
29.95	3.09125578e-05
29.96	2.466091053e-05
29.97	1.843904907e-05
29.98	1.225178902e-05
29.99	6.103879548e-06
30	1.475066259e-18
