temps	angle
0	0
0.01	1.001191033
0.02	1.993758687
0.03	2.97713143
0.04	3.950748219
0.05	4.91405877
0.06	5.866523836
0.07	6.807615459
0.08	7.736817225
0.09	8.653624506
0.1	9.557544688
0.11	10.4480974
0.12	11.3248147
0.13	12.18724134
0.14	13.03493487
0.15	13.86746591
0.16	14.68441825
0.17	15.48538906
0.18	16.26998904
0.19	17.03784252
0.2	17.78858766
0.21	18.52187652
0.22	19.23737518
0.23	19.93476389
0.24	20.61373711
0.25	21.2740036
0.26	21.91528653
0.27	22.53732352
0.28	23.13986667
0.29	23.72268265
0.3	24.28555273
0.31	24.82827274
0.32	25.35065318
0.33	25.85251917
0.34	26.33371043
0.35	26.79408132
0.36	27.23350079
0.37	27.65185234
0.38	28.04903398
0.39	28.4249582
0.4	28.7795519
0.41	29.11275632
0.42	29.42452696
0.43	29.71483349
0.44	29.9836597
0.45	30.23100334
0.46	30.45687603
0.47	30.66130316
0.48	30.84432375
0.49	31.00599031
0.5	31.14636871
0.51	31.26553804
0.52	31.36359041
0.53	31.44063084
0.54	31.49677706
0.55	31.53215935
0.56	31.54692032
0.57	31.54121478
0.58	31.51520947
0.59	31.46908293
0.6	31.40302523
0.61	31.31723779
0.62	31.21193317
0.63	31.0873348
0.64	30.94367679
0.65	30.78120367
0.66	30.60017015
0.67	30.40084091
0.68	30.1834903
0.69	29.94840212
0.7	29.69586934
0.71	29.42619385
0.72	29.13968621
0.73	28.83666532
0.74	28.51745825
0.75	28.18239985
0.76	27.83183255
0.77	27.46610607
0.78	27.0855771
0.79	26.69060904
0.8	26.28157171
0.81	25.85884107
0.82	25.42279889
0.83	24.9738325
0.84	24.51233449
0.85	24.0387024
0.86	23.55333842
0.87	23.0566491
0.88	22.54904508
0.89	22.03094073
0.9	21.50275394
0.91	20.96490572
0.92	20.41782001
0.93	19.86192329
0.94	19.29764434
0.95	18.72541394
0.96	18.14566455
0.97	17.55883004
0.98	16.9653454
0.99	16.36564644
1	15.7601695
1.01	15.14935116
1.02	14.533628
1.03	13.91343626
1.04	13.2892116
1.05	12.66138878
1.06	12.03040146
1.07	11.39668185
1.08	10.76066051
1.09	10.12276602
1.1	9.483424777
1.11	8.84306071
1.12	8.202095025
1.13	7.560945961
1.14	6.920028544
1.15	6.279754343
1.16	5.640531233
1.17	5.00276316
1.18	4.366849915
1.19	3.733186905
1.2	3.102164935
1.21	2.474169993
1.22	1.84958304
1.23	1.2287798
1.24	0.6121305665
1.25	2.971143324e-15
1.26	-0.607253058
1.27	-1.209275772
1.28	-1.805721491
1.29	-2.396249924
1.3	-2.980527308
1.31	-3.558226572
1.32	-4.129027495
1.33	-4.692616856
1.34	-5.248688581
1.35	-5.796943885
1.36	-6.337091406
1.37	-6.868847333
1.38	-7.391935528
1.39	-7.906087646
1.4	-8.411043245
1.41	-8.906549887
1.42	-9.392363243
1.43	-9.868247184
1.44	-10.33397386
1.45	-10.78932381
1.46	-11.23408598
1.47	-11.66805786
1.48	-12.0910455
1.49	-12.50286357
1.5	-12.90333544
1.51	-13.2922932
1.52	-13.6695777
1.53	-14.0350386
1.54	-14.38853436
1.55	-14.72993232
1.56	-15.05910864
1.57	-15.3759484
1.58	-15.6803455
1.59	-15.97220276
1.6	-16.25143182
1.61	-16.5179532
1.62	-16.77169624
1.63	-17.01259908
1.64	-17.24060865
1.65	-17.4556806
1.66	-17.6577793
1.67	-17.84687775
1.68	-18.02295756
1.69	-18.1860089
1.7	-18.3360304
1.71	-18.47302911
1.72	-18.59702043
1.73	-18.70802803
1.74	-18.80608376
1.75	-18.89122756
1.76	-18.96350741
1.77	-19.02297918
1.78	-19.06970656
1.79	-19.10376097
1.8	-19.12522141
1.81	-19.1341744
1.82	-19.13071381
1.83	-19.11494079
1.84	-19.08696363
1.85	-19.04689761
1.86	-18.9948649
1.87	-18.93099442
1.88	-18.85542169
1.89	-18.7682887
1.9	-18.66974377
1.91	-18.55994139
1.92	-18.43904209
1.93	-18.30721229
1.94	-18.1646241
1.95	-18.01145522
1.96	-17.84788877
1.97	-17.6741131
1.98	-17.49032164
1.99	-17.29671276
2	-17.09348957
2.01	-16.88085976
2.02	-16.65903544
2.03	-16.42823295
2.04	-16.18867271
2.05	-15.94057903
2.06	-15.68417993
2.07	-15.41970698
2.08	-15.1473951
2.09	-14.86748241
2.1	-14.58021003
2.11	-14.28582189
2.12	-13.98456459
2.13	-13.67668719
2.14	-13.36244102
2.15	-13.04207953
2.16	-12.7158581
2.17	-12.38403384
2.18	-12.04686544
2.19	-11.70461295
2.2	-11.35753767
2.21	-11.00590189
2.22	-10.64996877
2.23	-10.29000214
2.24	-9.926266332
2.25	-9.559026001
2.26	-9.188545955
2.27	-8.815090981
2.28	-8.438925676
2.29	-8.060314276
2.3	-7.67952049
2.31	-7.296807333
2.32	-6.912436962
2.33	-6.526670516
2.34	-6.139767951
2.35	-5.751987886
2.36	-5.363587446
2.37	-4.974822106
2.38	-4.585945542
2.39	-4.197209478
2.4	-3.808863544
2.41	-3.42115513
2.42	-3.03432924
2.43	-2.64862836
2.44	-2.264292316
2.45	-1.881558144
2.46	-1.500659958
2.47	-1.121828821
2.48	-0.7452926229
2.49	-0.3712759563
2.5	-3.604179041e-15
2.51	0.3683175979
2.52	0.7334628316
2.53	1.095225447
2.54	1.453399047
2.55	1.807781194
2.56	2.15817351
2.57	2.504381771
2.58	2.846215997
2.59	3.183490548
2.6	3.516024199
2.61	3.843640231
2.62	4.166166504
2.63	4.483435532
2.64	4.795284556
2.65	5.101555608
2.66	5.402095579
2.67	5.696756274
2.68	5.985394475
2.69	6.267871985
2.7	6.544055688
2.71	6.813817582
2.72	7.077034832
2.73	7.333589801
2.74	7.583370088
2.75	7.826268556
2.76	8.062183363
2.77	8.291017981
2.78	8.512681219
2.79	8.727087238
2.8	8.934155565
2.81	9.133811101
2.82	9.325984126
2.83	9.510610304
2.84	9.687630677
2.85	9.856991664
2.86	10.01864505
2.87	10.17254799
2.88	10.31866295
2.89	10.45695774
2.9	10.58740547
2.91	10.70998453
2.92	10.82467853
2.93	10.93147634
2.94	11.03037198
2.95	11.12136461
2.96	11.20445853
2.97	11.27966307
2.98	11.34699258
2.99	11.40646639
3	11.45810872
3.01	11.50194866
3.02	11.53802011
3.03	11.5663617
3.04	11.58701674
3.05	11.60003316
3.06	11.60546342
3.07	11.60336447
3.08	11.59379765
3.09	11.57682864
3.1	11.55252737
3.11	11.52096794
3.12	11.48222853
3.13	11.43639136
3.14	11.38354253
3.15	11.323772
3.16	11.2571735
3.17	11.18384437
3.18	11.10388555
3.19	11.01740144
3.2	10.92449982
3.21	10.82529175
3.22	10.71989148
3.23	10.60841632
3.24	10.4909866
3.25	10.36772551
3.26	10.23875901
3.27	10.10421575
3.28	9.964226969
3.29	9.818926339
3.3	9.668449915
3.31	9.512936001
3.32	9.352525047
3.33	9.187359544
3.34	9.017583916
3.35	8.843344406
3.36	8.664788975
3.37	8.482067187
3.38	8.295330101
3.39	8.104730165
3.4	7.910421102
3.41	7.712557802
3.42	7.511296215
3.43	7.30679324
3.44	7.099206617
3.45	6.888694816
3.46	6.675416935
3.47	6.459532584
3.48	6.241201787
3.49	6.020584867
3.5	5.797842347
3.51	5.57313484
3.52	5.346622948
3.53	5.118467157
3.54	4.888827735
3.55	4.657864629
3.56	4.425737365
3.57	4.192604951
3.58	3.958625774
3.59	3.723957506
3.6	3.488757007
3.61	3.253180232
3.62	3.017382134
3.63	2.781516575
3.64	2.545736234
3.65	2.310192518
3.66	2.075035478
3.67	1.840413716
3.68	1.606474306
3.69	1.373362712
3.7	1.141222703
3.71	0.9101962745
3.72	0.680423575
3.73	0.4520428262
3.74	0.2251902507
3.75	3.279067637e-15
3.76	-0.2233959156
3.77	-0.4448676951
3.78	-0.6642878129
3.79	-0.8815310828
3.8	-1.09647472
3.81	-1.308998403
3.82	-1.518984328
3.83	-1.726317267
3.84	-1.930884622
3.85	-2.132576477
3.86	-2.331285645
3.87	-2.526907718
3.88	-2.719341111
3.89	-2.908487105
3.9	-3.094249889
3.91	-3.276536595
3.92	-3.455257341
3.93	-3.630325259
3.94	-3.80165653
3.95	-3.969170413
3.96	-4.132789273
3.97	-4.292438605
3.98	-4.44804706
3.99	-4.599546462
4	-4.746871831
4.01	-4.889961394
4.02	-5.028756606
4.03	-5.163202156
4.04	-5.29324598
4.05	-5.418839269
4.06	-5.539936473
4.07	-5.656495305
4.08	-5.768476742
4.09	-5.875845025
4.1	-5.978567657
4.11	-6.076615393
4.12	-6.169962241
4.13	-6.258585444
4.14	-6.342465476
4.15	-6.421586025
4.16	-6.49593398
4.17	-6.565499412
4.18	-6.630275556
4.19	-6.690258791
4.2	-6.745448616
4.21	-6.795847625
4.22	-6.841461484
4.23	-6.882298897
4.24	-6.918371583
4.25	-6.949694239
4.26	-6.976284509
4.27	-6.99816295
4.28	-7.015352994
4.29	-7.02788091
4.3	-7.035775765
4.31	-7.039069384
4.32	-7.037796304
4.33	-7.031993736
4.34	-7.021701513
4.35	-7.006962048
4.36	-6.987820284
4.37	-6.964323648
4.38	-6.936521993
4.39	-6.904467558
4.4	-6.868214903
4.41	-6.827820866
4.42	-6.783344501
4.43	-6.734847025
4.44	-6.682391762
4.45	-6.626044082
4.46	-6.565871347
4.47	-6.50194285
4.48	-6.434329752
4.49	-6.363105025
4.5	-6.288343391
4.51	-6.210121255
4.52	-6.128516647
4.53	-6.043609157
4.54	-5.95547987
4.55	-5.864211306
4.56	-5.769887348
4.57	-5.672593187
4.58	-5.572415246
4.59	-5.469441121
4.6	-5.363759517
4.61	-5.255460173
4.62	-5.144633807
4.63	-5.031372039
4.64	-4.915767334
4.65	-4.797912929
4.66	-4.677902772
4.67	-4.555831449
4.68	-4.431794124
4.69	-4.305886473
4.7	-4.178204612
4.71	-4.048845037
4.72	-3.91790456
4.73	-3.785480237
4.74	-3.651669311
4.75	-3.516569143
4.76	-3.380277151
4.77	-3.242890744
4.78	-3.104507262
4.79	-2.965223911
4.8	-2.825137706
4.81	-2.684345404
4.82	-2.542943447
4.83	-2.401027902
4.84	-2.258694403
4.85	-2.116038089
4.86	-1.973153552
4.87	-1.830134776
4.88	-1.687075083
4.89	-1.544067077
4.9	-1.401202592
4.91	-1.258572637
4.92	-1.116267345
4.93	-0.9743759209
4.94	-0.8329865919
4.95	-0.6921865587
4.96	-0.5520619468
4.97	-0.4126977598
4.98	-0.2741778336
4.99	-0.1365847913
5	-2.651806743e-15
5.01	0.1354964721
5.02	0.2698258966
5.03	0.4029109254
5.04	0.5346756292
5.05	0.6650455355
5.06	0.793947665
5.07	0.9213105663
5.08	1.047064351
5.09	1.171140724
5.1	1.293473017
5.11	1.41399622
5.12	1.532647005
5.13	1.649363758
5.14	1.764086603
5.15	1.876757426
5.16	1.987319903
5.17	2.095719515
5.18	2.201903575
5.19	2.305821243
5.2	2.407423549
5.21	2.506663404
5.22	2.603495619
5.23	2.697876918
5.24	2.78976595
5.25	2.879123303
5.26	2.96591151
5.27	3.050095062
5.28	3.13164041
5.29	3.210515976
5.3	3.286692157
5.31	3.360141324
5.32	3.430837829
5.33	3.498758004
5.34	3.56388016
5.35	3.626184585
5.36	3.685653543
5.37	3.742271268
5.38	3.796023958
5.39	3.846899769
5.4	3.894888808
5.41	3.939983122
5.42	3.98217669
5.43	4.021465407
5.44	4.057847078
5.45	4.091321399
5.46	4.121889943
5.47	4.149556147
5.48	4.17432529
5.49	4.19620448
5.5	4.215202631
5.51	4.231330446
5.52	4.244600391
5.53	4.25502668
5.54	4.262625245
5.55	4.267413716
5.56	4.269411397
5.57	4.268639235
5.58	4.2651198
5.59	4.258877251
5.6	4.249937314
5.61	4.238327247
5.62	4.224075816
5.63	4.207213261
5.64	4.187771263
5.65	4.165782916
5.66	4.141282695
5.67	4.114306416
5.68	4.084891209
5.69	4.053075484
5.7	4.018898888
5.71	3.98240228
5.72	3.943627686
5.73	3.902618269
5.74	3.859418289
5.75	3.814073066
5.76	3.766628942
5.77	3.717133245
5.78	3.665634249
5.79	3.612181135
5.8	3.556823952
5.81	3.49961358
5.82	3.440601688
5.83	3.379840695
5.84	3.317383732
5.85	3.253284598
5.86	3.187597726
5.87	3.120378137
5.88	3.051681402
5.89	2.981563604
5.9	2.910081294
5.91	2.837291454
5.92	2.763251454
5.93	2.688019014
5.94	2.611652163
5.95	2.534209199
5.96	2.455748652
5.97	2.376329237
5.98	2.296009826
5.99	2.214849396
6	2.132907002
6.01	2.05024173
6.02	1.966912662
6.03	1.882978838
6.04	1.798499215
6.05	1.713532637
6.06	1.628137789
6.07	1.542373166
6.08	1.456297037
6.09	1.369967406
6.1	1.283441978
6.11	1.196778126
6.12	1.110032853
6.13	1.023262763
6.14	0.936524023
6.15	0.8498723326
6.16	0.763362892
6.17	0.6770503693
6.18	0.5909888701
6.19	0.5052319071
6.2	0.4198323701
6.21	0.3348424968
6.22	0.2503138445
6.23	0.1662972623
6.24	0.08284286359
6.25	2.010502616e-15
6.26	-0.0821827646
6.27	-0.1636576791
6.28	-0.2443778294
6.29	-0.3242971621
6.3	-0.4033705074
6.31	-0.481553601
6.32	-0.5588031056
6.33	-0.6350766313
6.34	-0.7103327557
6.35	-0.7845310426
6.36	-0.8576320604
6.37	-0.9295973993
6.38	-1.000389688
6.39	-1.069972611
6.4	-1.13831092
6.41	-1.205370452
6.42	-1.27111814
6.43	-1.335522028
6.44	-1.39855128
6.45	-1.460176194
6.46	-1.520368208
6.47	-1.579099915
6.48	-1.636345067
6.49	-1.692078582
6.5	-1.746276556
6.51	-1.798916265
6.52	-1.84997617
6.53	-1.899435924
6.54	-1.947276373
6.55	-1.993479562
6.56	-2.038028734
6.57	-2.080908332
6.58	-2.122104
6.59	-2.161602584
6.6	-2.199392129
6.61	-2.235461875
6.62	-2.269802261
6.63	-2.302404916
6.64	-2.333262655
6.65	-2.362369478
6.66	-2.389720562
6.67	-2.415312255
6.68	-2.439142066
6.69	-2.461208665
6.7	-2.481511867
6.71	-2.500052627
6.72	-2.516833027
6.73	-2.531856272
6.74	-2.545126672
6.75	-2.556649633
6.76	-2.566431647
6.77	-2.574480275
6.78	-2.580804139
6.79	-2.585412902
6.8	-2.588317257
6.81	-2.589528911
6.82	-2.589060572
6.83	-2.586925926
6.84	-2.583139629
6.85	-2.577717283
6.86	-2.570675421
6.87	-2.562031492
6.88	-2.551803835
6.89	-2.540011667
6.9	-2.52667506
6.91	-2.511814925
6.92	-2.495452984
6.93	-2.47761176
6.94	-2.458314547
6.95	-2.437585394
6.96	-2.415449082
6.97	-2.391931102
6.98	-2.367057633
6.99	-2.340855521
7	-2.313352253
7.01	-2.284575937
7.02	-2.254555279
7.03	-2.223319559
7.04	-2.190898607
7.05	-2.157322778
7.06	-2.122622933
7.07	-2.086830412
7.08	-2.049977006
7.09	-2.012094943
7.1	-1.973216854
7.11	-1.933375752
7.12	-1.89260501
7.13	-1.850938334
7.14	-1.80840974
7.15	-1.765053527
7.16	-1.720904257
7.17	-1.675996727
7.18	-1.630365946
7.19	-1.584047109
7.2	-1.537075578
7.21	-1.48948685
7.22	-1.44131654
7.23	-1.392600354
7.24	-1.343374066
7.25	-1.293673491
7.26	-1.243534469
7.27	-1.192992835
7.28	-1.142084397
7.29	-1.090844915
7.3	-1.039310081
7.31	-0.9875154871
7.32	-0.9354966141
7.33	-0.8832888028
7.34	-0.8309272346
7.35	-0.7784469098
7.36	-0.7258826262
7.37	-0.6732689588
7.38	-0.6206402388
7.39	-0.5680305335
7.4	-0.5154736266
7.41	-0.4630029985
7.42	-0.4106518071
7.43	-0.3584528693
7.44	-0.3064386419
7.45	-0.2546412044
7.46	-0.2030922405
7.47	-0.1518230213
7.48	-0.1008643882
7.49	-0.05024673671
7.5	-1.463317774e-15
7.51	0.04984636643
7.52	0.09926340006
7.53	0.1482226461
7.54	0.1966961717
7.55	0.24465658
7.56	0.2920770233
7.57	0.3389312163
7.58	0.3851934482
7.59	0.4308385949
7.6	0.4758421308
7.61	0.5201801394
7.62	0.5638293239
7.63	0.6067670176
7.64	0.6489711936
7.65	0.6904204732
7.66	0.7310941352
7.67	0.7709721239
7.68	0.8100350565
7.69	0.8482642304
7.7	0.88564163
7.71	0.9221499324
7.72	0.9577725134
7.73	0.9924934529
7.74	1.026297539
7.75	1.059170272
7.76	1.091097869
7.77	1.122067267
7.78	1.152066124
7.79	1.181082823
7.8	1.209106474
7.81	1.236126912
7.82	1.262134703
7.83	1.287121139
7.84	1.311078241
7.85	1.333998759
7.86	1.355876166
7.87	1.376704663
7.88	1.396479172
7.89	1.415195337
7.9	1.432849518
7.91	1.449438789
7.92	1.464960935
7.93	1.479414447
7.94	1.492798515
7.95	1.50511303
7.96	1.516358569
7.97	1.526536396
7.98	1.535648455
7.99	1.543697359
8	1.550686388
8.01	1.55661948
8.02	1.56150122
8.03	1.565336837
8.04	1.568132193
8.05	1.569893773
8.06	1.570628679
8.07	1.570344617
8.08	1.569049889
8.09	1.566753383
8.1	1.563464564
8.11	1.559193459
8.12	1.553950651
8.13	1.547747263
8.14	1.540594952
8.15	1.532505891
8.16	1.523492763
8.17	1.513568745
8.18	1.502747495
8.19	1.491043144
8.2	1.478470277
8.21	1.465043925
8.22	1.450779549
8.23	1.435693028
8.24	1.419800643
8.25	1.403119068
8.26	1.38566535
8.27	1.367456901
8.28	1.348511479
8.29	1.328847177
8.3	1.308482408
8.31	1.287435888
8.32	1.265726626
8.33	1.243373906
8.34	1.220397273
8.35	1.19681652
8.36	1.17265167
8.37	1.147922965
8.38	1.122650849
8.39	1.096855952
8.4	1.07055908
8.41	1.043781195
8.42	1.016543401
8.43	0.9888669327
8.44	0.9607731382
8.45	0.9322834641
8.46	0.9034194416
8.47	0.8742026719
8.48	0.8446548116
8.49	0.8147975582
8.5	0.7846526361
8.51	0.7542417821
8.52	0.723586731
8.53	0.6927092025
8.54	0.6616308862
8.55	0.6303734288
8.56	0.5989584199
8.57	0.5674073785
8.58	0.5357417403
8.59	0.5039828438
8.6	0.4721519177
8.61	0.4402700681
8.62	0.4083582658
8.63	0.3764373335
8.64	0.3445279342
8.65	0.3126505588
8.66	0.2808255141
8.67	0.2490729115
8.68	0.2174126553
8.69	0.1858644317
8.7	0.1544476977
8.71	0.1231816706
8.72	0.09208531725
8.73	0.06117734392
8.74	0.03047618636
8.75	1.035471611e-15
8.76	-0.03023334951
8.77	-0.06020629552
8.78	-0.08990157931
8.79	-0.1193022588
8.8	-0.1483917169
8.81	-0.1771536696
8.82	-0.2055721742
8.83	-0.2336316362
8.84	-0.2613168172
8.85	-0.2886128415
8.86	-0.3155052031
8.87	-0.3419797718
8.88	-0.3680227995
8.89	-0.3936209262
8.9	-0.4187611851
8.91	-0.4434310081
8.92	-0.4676182309
8.93	-0.4913110972
8.94	-0.5144982633
8.95	-0.5371688021
8.96	-0.5593122068
8.97	-0.5809183944
8.98	-0.6019777087
8.99	-0.6224809232
9	-0.6424192437
9.01	-0.6617843103
9.02	-0.6805681996
9.03	-0.6987634261
9.04	-0.7163629439
9.05	-0.7333601473
9.06	-0.7497488717
9.07	-0.7655233942
9.08	-0.7806784337
9.09	-0.7952091508
9.1	-0.8091111472
9.11	-0.8223804654
9.12	-0.8350135874
9.13	-0.8470074337
9.14	-0.8583593616
9.15	-0.8690671635
9.16	-0.8791290651
9.17	-0.8885437225
9.18	-0.8973102203
9.19	-0.9054280684
9.2	-0.912897199
9.21	-0.9197179632
9.22	-0.9258911276
9.23	-0.9314178705
9.24	-0.9362997777
9.25	-0.9405388382
9.26	-0.94413744
9.27	-0.947098365
9.28	-0.9494247845
9.29	-0.9511202535
9.3	-0.952188706
9.31	-0.9526344488
9.32	-0.9524621562
9.33	-0.951676864
9.34	-0.9502839631
9.35	-0.9482891934
9.36	-0.9456986374
9.37	-0.9425187134
9.38	-0.9387561686
9.39	-0.9344180725
9.4	-0.9295118093
9.41	-0.9240450708
9.42	-0.9180258494
9.43	-0.9114624297
9.44	-0.9043633818
9.45	-0.8967375526
9.46	-0.8885940585
9.47	-0.8799422772
9.48	-0.8707918394
9.49	-0.8611526209
9.5	-0.8510347339
9.51	-0.840448519
9.52	-0.8294045363
9.53	-0.817913557
9.54	-0.8059865551
9.55	-0.793634698
9.56	-0.7808693385
9.57	-0.7677020056
9.58	-0.7541443956
9.59	-0.7402083633
9.6	-0.7259059134
9.61	-0.7112491911
9.62	-0.6962504734
9.63	-0.68092216
9.64	-0.6652767645
9.65	-0.6493269053
9.66	-0.6330852966
9.67	-0.6165647395
9.68	-0.5997781131
9.69	-0.5827383654
9.7	-0.5654585045
9.71	-0.5479515899
9.72	-0.5302307233
9.73	-0.5123090401
9.74	-0.4941997005
9.75	-0.475915881
9.76	-0.4574707657
9.77	-0.4388775373
9.78	-0.4201493696
9.79	-0.4012994179
9.8	-0.3823408117
9.81	-0.3632866455
9.82	-0.3441499716
9.83	-0.3249437912
9.84	-0.3056810467
9.85	-0.2863746141
9.86	-0.2670372949
9.87	-0.2476818083
9.88	-0.2283207842
9.89	-0.2089667552
9.9	-0.1896321497
9.91	-0.1703292843
9.92	-0.1510703573
9.93	-0.1318674412
9.94	-0.1127324764
9.95	-0.09367726398
9.96	-0.07471345994
9.97	-0.05585256822
9.98	-0.03710593477
9.99	-0.01848474142
10	-7.177660333e-16
10.01	0.01833745343
10.02	0.03651696414
10.03	0.05452806421
10.04	0.07236047772
10.05	0.09000412592
10.06	0.1074491321
10.07	0.1246858264
10.08	0.1417047504
10.09	0.1584966615
10.1	0.1750525372
10.11	0.191363579
10.12	0.2074212166
10.13	0.2232171114
10.14	0.23874316
10.15	0.2539914978
10.16	0.2689545019
10.17	0.2836247941
10.18	0.2979952439
10.19	0.3120589711
10.2	0.3258093479
10.21	0.3392400018
10.22	0.352344817
10.23	0.3651179368
10.24	0.377553765
10.25	0.3896469677
10.26	0.4013924743
10.27	0.4127854791
10.28	0.4238214418
10.29	0.434496089
10.3	0.4448054139
10.31	0.4547456777
10.32	0.4643134093
10.33	0.4735054054
10.34	0.4823187308
10.35	0.4907507179
10.36	0.4987989662
10.37	0.506461342
10.38	0.5137359775
10.39	0.5206212698
10.4	0.52711588
10.41	0.5332187318
10.42	0.5389290102
10.43	0.5442461599
10.44	0.5491698837
10.45	0.5537001403
10.46	0.557837143
10.47	0.5615813565
10.48	0.5649334955
10.49	0.5678945219
10.5	0.570465642
10.51	0.5726483043
10.52	0.5744441961
10.53	0.5758552409
10.54	0.5768835948
10.55	0.577531644
10.56	0.5778020007
10.57	0.5776975
10.58	0.5772211962
10.59	0.576376359
10.6	0.5751664701
10.61	0.5735952184
10.62	0.571666497
10.63	0.5693843983
10.64	0.56675321
10.65	0.5637774109
10.66	0.5604616664
10.67	0.5568108241
10.68	0.5528299088
10.69	0.5485241186
10.7	0.5438988193
10.71	0.5389595405
10.72	0.5337119699
10.73	0.5281619488
10.74	0.5223154673
10.75	0.5161786586
10.76	0.5097577947
10.77	0.5030592805
10.78	0.4960896493
10.79	0.488855557
10.8	0.481363777
10.81	0.4736211951
10.82	0.4656348039
10.83	0.4574116978
10.84	0.4489590669
10.85	0.4402841926
10.86	0.4313944411
10.87	0.4222972589
10.88	0.4130001669
10.89	0.4035107548
10.9	0.3938366762
10.91	0.3839856426
10.92	0.3739654182
10.93	0.3637838146
10.94	0.3534486852
10.95	0.3429679198
10.96	0.3323494393
10.97	0.3216011904
10.98	0.3107311401
10.99	0.2997472704
11	0.2886575733
11.01	0.2774700453
11.02	0.2661926823
11.03	0.2548334743
11.04	0.2434004007
11.05	0.2319014247
11.06	0.2203444888
11.07	0.2087375093
11.08	0.197088372
11.09	0.1854049269
11.1	0.1736949836
11.11	0.1619663066
11.12	0.1502266106
11.13	0.1384835559
11.14	0.1267447439
11.15	0.1150177129
11.16	0.1033099332
11.17	0.09162880349
11.18	0.07998164613
11.19	0.06837570325
11.2	0.05681813272
11.21	0.04531600414
11.22	0.03387629505
11.23	0.02250588709
11.24	0.01121156241
11.25	4.897654939e-16
11.26	-0.01112222772
11.27	-0.02214865835
11.28	-0.03307294276
11.29	-0.04388884829
11.3	-0.05459026187
11.31	-0.06517119298
11.32	-0.07562577657
11.33	-0.08594827577
11.34	-0.09613308469
11.35	-0.1061747309
11.36	-0.1160678778
11.37	-0.1258073273
11.38	-0.1353880218
11.39	-0.1448050464
11.4	-0.1540536307
11.41	-0.1631291515
11.42	-0.1720271335
11.43	-0.1807432519
11.44	-0.1892733336
11.45	-0.1976133587
11.46	-0.2057594621
11.47	-0.2137079343
11.48	-0.2214552231
11.49	-0.2289979342
11.5	-0.2363328324
11.51	-0.2434568422
11.52	-0.2503670489
11.53	-0.2570606987
11.54	-0.2635351995
11.55	-0.2697881212
11.56	-0.2758171959
11.57	-0.2816203185
11.58	-0.2871955459
11.59	-0.292541098
11.6	-0.2976553567
11.61	-0.302536866
11.62	-0.3071843319
11.63	-0.3115966214
11.64	-0.3157727623
11.65	-0.3197119425
11.66	-0.3234135092
11.67	-0.3268769681
11.68	-0.3301019824
11.69	-0.3330883718
11.7	-0.3358361114
11.71	-0.3383453303
11.72	-0.3406163106
11.73	-0.3426494857
11.74	-0.344445439
11.75	-0.3460049022
11.76	-0.3473287538
11.77	-0.3484180173
11.78	-0.3492738591
11.79	-0.3498975873
11.8	-0.350290649
11.81	-0.3504546287
11.82	-0.3503912458
11.83	-0.3501023529
11.84	-0.3495899333
11.85	-0.3488560985
11.86	-0.3479030862
11.87	-0.3467332576
11.88	-0.3453490947
11.89	-0.3437531983
11.9	-0.341948285
11.91	-0.3399371843
11.92	-0.3377228365
11.93	-0.3353082893
11.94	-0.3326966955
11.95	-0.3298913097
11.96	-0.3268954857
11.97	-0.3237126732
11.98	-0.3203464153
11.99	-0.3168003449
12	-0.3130781823
12.01	-0.3091837315
12.02	-0.3051208773
12.03	-0.3008935823
12.04	-0.2965058835
12.05	-0.2919618892
12.06	-0.2872657759
12.07	-0.2824217848
12.08	-0.2774342188
12.09	-0.272307439
12.1	-0.2670458618
12.11	-0.261653955
12.12	-0.2561362351
12.13	-0.2504972637
12.14	-0.2447416443
12.15	-0.238874019
12.16	-0.2328990651
12.17	-0.2268214918
12.18	-0.2206460371
12.19	-0.2143774642
12.2	-0.2080205587
12.21	-0.2015801247
12.22	-0.1950609822
12.23	-0.1884679634
12.24	-0.1818059097
12.25	-0.1750796684
12.26	-0.1682940896
12.27	-0.1614540232
12.28	-0.1545643153
12.29	-0.1476298056
12.3	-0.1406553241
12.31	-0.1336456881
12.32	-0.1266056992
12.33	-0.1195401403
12.34	-0.1124537726
12.35	-0.105351333
12.36	-0.09823753081
12.37	-0.09111704524
12.38	-0.0839945225
12.39	-0.07687457314
12.4	-0.06976176926
12.41	-0.06266064194
12.42	-0.05557567863
12.43	-0.04851132059
12.44	-0.0414719604
12.45	-0.03446193952
12.46	-0.02748554589
12.47	-0.02054701158
12.48	-0.01365051055
12.49	-0.006800156344
12.5	-3.30064209e-16
12.51	0.006745972119
12.52	0.01343384036
12.53	0.02005975379
12.54	0.02661993211
12.55	0.03311066755
12.56	0.03952832668
12.57	0.04586935215
12.58	0.05213026441
12.59	0.05830766327
12.6	0.06439822955
12.61	0.07039872649
12.62	0.07630600124
12.63	0.08211698619
12.64	0.0878287003
12.65	0.09343825029
12.66	0.09894283186
12.67	0.1043397308
12.68	0.1096263238
12.69	0.1148000799
12.7	0.1198585608
12.71	0.1247994223
12.72	0.1296204144
12.73	0.1343193826
12.74	0.1388942681
12.75	0.1433431087
12.76	0.1476640391
12.77	0.1518552914
12.78	0.1559151952
12.79	0.1598421784
12.8	0.1636347671
12.81	0.1672915858
12.82	0.1708113575
12.83	0.1741929039
12.84	0.1774351452
12.85	0.1805370998
12.86	0.1834978849
12.87	0.1863167155
12.88	0.1889929043
12.89	0.1915258618
12.9	0.1939150954
12.91	0.1961602091
12.92	0.1982609031
12.93	0.2002169732
12.94	0.2020283099
12.95	0.2036948982
12.96	0.2052168164
12.97	0.2065942356
12.98	0.2078274186
12.99	0.2089167193
13	0.2098625816
13.01	0.2106655382
13.02	0.2113262099
13.03	0.2118453042
13.04	0.2122236145
13.05	0.2124620185
13.06	0.2125614771
13.07	0.2125230335
13.08	0.2123478111
13.09	0.2120370129
13.1	0.2115919196
13.11	0.2110138884
13.12	0.2103043515
13.13	0.2094648142
13.14	0.2084968542
13.15	0.2074021189
13.16	0.2061823246
13.17	0.2048392548
13.18	0.2033747579
13.19	0.2017907462
13.2	0.2000891937
13.21	0.1982721346
13.22	0.1963416612
13.23	0.1942999226
13.24	0.1921491222
13.25	0.1898915165
13.26	0.1875294126
13.27	0.185065167
13.28	0.182501183
13.29	0.1798399091
13.3	0.1770838373
13.31	0.1742355006
13.32	0.1712974715
13.33	0.1682723598
13.34	0.1651628106
13.35	0.1619715027
13.36	0.1587011459
13.37	0.1553544796
13.38	0.1519342706
13.39	0.148443311
13.4	0.1448844164
13.41	0.1412604236
13.42	0.1375741891
13.43	0.1338285864
13.44	0.1300265048
13.45	0.1261708467
13.46	0.122264526
13.47	0.1183104662
13.48	0.1143115982
13.49	0.1102708583
13.5	0.1061911868
13.51	0.1020755252
13.52	0.09792681519
13.53	0.09374799612
13.54	0.08954200339
13.55	0.08531176654
13.56	0.0810602074
13.57	0.07679023828
13.58	0.07250476016
13.59	0.06820666091
13.6	0.06389881352
13.61	0.05958407437
13.62	0.05526528156
13.63	0.05094525315
13.64	0.04662678556
13.65	0.04231265193
13.66	0.03800560049
13.67	0.03370835302
13.68	0.02942360328
13.69	0.0251540155
13.7	0.02090222291
13.71	0.01667082628
13.72	0.01246239249
13.73	0.008279453167
13.74	0.004124503313
13.75	8.009786203e-16
13.76	-0.00409163892
13.77	-0.008148036057
13.78	-0.0121668557
13.79	-0.01614580498
13.8	-0.02008263503
13.81	-0.02397514206
13.82	-0.02782116842
13.83	-0.03161860366
13.84	-0.03536538547
13.85	-0.03905950065
13.86	-0.04269898602
13.87	-0.04628192927
13.88	-0.04980646981
13.89	-0.05327079953
13.9	-0.05667316359
13.91	-0.06001186108
13.92	-0.06328524573
13.93	-0.0664917265
13.94	-0.06962976819
13.95	-0.07269789198
13.96	-0.07569467593
13.97	-0.07861875545
13.98	-0.08146882371
13.99	-0.08424363206
14	-0.0869419903
14.01	-0.08956276707
14.02	-0.09210489005
14.03	-0.09456734619
14.04	-0.09694918192
14.05	-0.09924950325
14.06	-0.1014674759
14.07	-0.1036023254
14.08	-0.1056533369
14.09	-0.1076198556
14.1	-0.1095012863
14.11	-0.1112970932
14.12	-0.1130068004
14.13	-0.1146299909
14.14	-0.1161663073
14.15	-0.1176154507
14.16	-0.118977181
14.17	-0.1202513164
14.18	-0.1214377328
14.19	-0.1225363641
14.2	-0.123547201
14.21	-0.124470291
14.22	-0.125305738
14.23	-0.1260537013
14.24	-0.1267143956
14.25	-0.1272880901
14.26	-0.1277751079
14.27	-0.1281758255
14.28	-0.1284906721
14.29	-0.1287201289
14.3	-0.1288647282
14.31	-0.1289250529
14.32	-0.1289017357
14.33	-0.1287954579
14.34	-0.1286069493
14.35	-0.1283369866
14.36	-0.127986393
14.37	-0.127556037
14.38	-0.127046832
14.39	-0.1264597345
14.4	-0.125795744
14.41	-0.1250559014
14.42	-0.1242412883
14.43	-0.1233530261
14.44	-0.1223922744
14.45	-0.1213602307
14.46	-0.1202581286
14.47	-0.1190872373
14.48	-0.1178488602
14.49	-0.1165443339
14.5	-0.1151750268
14.51	-0.1137423384
14.52	-0.1122476978
14.53	-0.1106925629
14.54	-0.1090784187
14.55	-0.1074067766
14.56	-0.1056791731
14.57	-0.1038971684
14.58	-0.1020623454
14.59	-0.1001763085
14.6	-0.09824068239
14.61	-0.09625711073
14.62	-0.09422725502
14.63	-0.09215279338
14.64	-0.09003541935
14.65	-0.08787684064
14.66	-0.08567877792
14.67	-0.08344296365
14.68	-0.08117114081
14.69	-0.07886506173
14.7	-0.07652648687
14.71	-0.07415718362
14.72	-0.07175892512
14.73	-0.06933348904
14.74	-0.06688265644
14.75	-0.06440821056
14.76	-0.06191193564
14.77	-0.05939561582
14.78	-0.05686103393
14.79	-0.05430997039
14.8	-0.05174420204
14.81	-0.04916550107
14.82	-0.04657563388
14.83	-0.04397636001
14.84	-0.04136943104
14.85	-0.03875658952
14.86	-0.03613956794
14.87	-0.03352008768
14.88	-0.030899858
14.89	-0.02828057501
14.9	-0.02566392069
14.91	-0.02305156194
14.92	-0.0204451496
14.93	-0.01784631751
14.94	-0.01525668162
14.95	-0.01267783905
14.96	-0.01011136726
14.97	-0.007558823139
14.98	-0.005021742192
14.99	-0.002501637716
15	-1.457086041e-16
15.01	0.002481704453
15.02	0.004942033685
15.03	0.007379571014
15.04	0.009792925747
15.05	0.01218073387
15.06	0.01454165873
15.07	0.01687439164
15.08	0.01917765254
15.09	0.02145019058
15.1	0.0236907847
15.11	0.02589824416
15.12	0.02807140909
15.13	0.03020915099
15.14	0.03231037318
15.15	0.0343740113
15.16	0.03639903369
15.17	0.03838444184
15.18	0.04032927074
15.19	0.04223258924
15.2	0.04409350038
15.21	0.04591114173
15.22	0.04768468561
15.23	0.04941333939
15.24	0.05109634573
15.25	0.05273298273
15.26	0.0543225642
15.27	0.05586443973
15.28	0.05735799487
15.29	0.05880265127
15.3	0.06019786668
15.31	0.0615431351
15.32	0.06283798676
15.33	0.06408198816
15.34	0.06527474205
15.35	0.0664158874
15.36	0.06750509937
15.37	0.06854208917
15.38	0.06952660403
15.39	0.07045842701
15.4	0.07133737692
15.41	0.0721633081
15.42	0.07293611024
15.43	0.0736557082
15.44	0.07432206175
15.45	0.07493516532
15.46	0.07549504774
15.47	0.07600177194
15.48	0.07645543462
15.49	0.07685616596
15.5	0.07720412924
15.51	0.07749952046
15.52	0.07774256799
15.53	0.07793353213
15.54	0.0780727047
15.55	0.07816040862
15.56	0.07819699742
15.57	0.07818285478
15.58	0.07811839407
15.59	0.0780040578
15.6	0.07784031713
15.61	0.07762767135
15.62	0.07736664729
15.63	0.07705779881
15.64	0.0767017062
15.65	0.07629897559
15.66	0.07585023837
15.67	0.07535615058
15.68	0.07481739229
15.69	0.07423466695
15.7	0.07360870077
15.71	0.07294024207
15.72	0.07223006061
15.73	0.07147894694
15.74	0.0706877117
15.75	0.06985718496
15.76	0.06898821553
15.77	0.06808167022
15.78	0.0671384332
15.79	0.06615940526
15.8	0.06514550309
15.81	0.06409765858
15.82	0.06301681807
15.83	0.06190394167
15.84	0.06076000248
15.85	0.0595859859
15.86	0.05838288887
15.87	0.05715171915
15.88	0.05589349456
15.89	0.0546092423
15.9	0.05329999812
15.91	0.0519668057
15.92	0.05061071579
15.93	0.04923278559
15.94	0.04783407792
15.95	0.04641566057
15.96	0.0449786055
15.97	0.04352398819
15.98	0.04205288685
15.99	0.04056638174
16	0.03906555444
16.01	0.03755148717
16.02	0.03602526205
16.03	0.03448796042
16.04	0.03294066217
16.05	0.031384445
16.06	0.0298203838
16.07	0.02824954995
16.08	0.02667301065
16.09	0.0250918283
16.1	0.02350705981
16.11	0.02191975598
16.12	0.0203309609
16.13	0.01874171126
16.14	0.01715303582
16.15	0.01556595475
16.16	0.01398147907
16.17	0.01240061007
16.18	0.01082433873
16.19	0.009253645166
16.2	0.007689498085
16.21	0.006132854256
16.22	0.004584657985
16.23	0.003045840604
16.24	0.001517319974
16.25	-1.179100957e-16
16.26	-0.001505229839
16.27	-0.002997494951
16.28	-0.004475936075
16.29	-0.005939709714
16.3	-0.007387988552
16.31	-0.008819961861
16.32	-0.01023483589
16.33	-0.01163183425
16.34	-0.01301019824
16.35	-0.01436918727
16.36	-0.01570807912
16.37	-0.01702617028
16.38	-0.01832277628
16.39	-0.01959723196
16.4	-0.02084889175
16.41	-0.02207712992
16.42	-0.02328134083
16.43	-0.02446093919
16.44	-0.02561536021
16.45	-0.02674405988
16.46	-0.02784651508
16.47	-0.02892222382
16.48	-0.02997070534
16.49	-0.03099150028
16.5	-0.03198417081
16.51	-0.0329483007
16.52	-0.03388349548
16.53	-0.03478938247
16.54	-0.03566561087
16.55	-0.03651185179
16.56	-0.03732779833
16.57	-0.03811316556
16.58	-0.03886769055
16.59	-0.03959113236
16.6	-0.040283272
16.61	-0.04094391245
16.62	-0.04157287856
16.63	-0.04217001701
16.64	-0.04273519622
16.65	-0.04326830629
16.66	-0.04376925887
16.67	-0.04423798706
16.68	-0.04467444529
16.69	-0.04507860914
16.7	-0.04545047526
16.71	-0.04579006111
16.72	-0.04609740487
16.73	-0.0463725652
16.74	-0.04661562105
16.75	-0.04682667144
16.76	-0.04700583527
16.77	-0.04715325105
16.78	-0.04726907665
16.79	-0.04735348909
16.8	-0.0474066842
16.81	-0.04742887643
16.82	-0.04742029849
16.83	-0.04738120109
16.84	-0.04731185264
16.85	-0.0472125389
16.86	-0.04708356272
16.87	-0.04692524362
16.88	-0.04673791755
16.89	-0.04652193646
16.9	-0.046277668
16.91	-0.04600549512
16.92	-0.04570581573
16.93	-0.0453790423
16.94	-0.04502560152
16.95	-0.04464593384
16.96	-0.04424049314
16.97	-0.04380974631
16.98	-0.04335417284
16.99	-0.04287426441
17	-0.04237052448
17.01	-0.04184346788
17.02	-0.04129362035
17.03	-0.04072151818
17.04	-0.04012770772
17.05	-0.03951274497
17.06	-0.03887719514
17.07	-0.03822163224
17.08	-0.03754663858
17.09	-0.03685280439
17.1	-0.03614072734
17.11	-0.0354110121
17.12	-0.03466426992
17.13	-0.03390111813
17.14	-0.03312217976
17.15	-0.03232808302
17.16	-0.03151946094
17.17	-0.03069695084
17.18	-0.02986119392
17.19	-0.02901283484
17.2	-0.02815252122
17.21	-0.02728090327
17.22	-0.02639863327
17.23	-0.0255063652
17.24	-0.02460475428
17.25	-0.02369445651
17.26	-0.02277612829
17.27	-0.02185042596
17.28	-0.02091800539
17.29	-0.01997952156
17.3	-0.01903562813
17.31	-0.01808697706
17.32	-0.01713421817
17.33	-0.01617799875
17.34	-0.01521896317
17.35	-0.01425775249
17.36	-0.01329500406
17.37	-0.01233135112
17.38	-0.01136742249
17.39	-0.01040384213
17.4	-0.009441228801
17.41	-0.008480195724
17.42	-0.007521350208
17.43	-0.006565293312
17.44	-0.005612619507
17.45	-0.004663916346
17.46	-0.003719764138
17.47	-0.002780735632
17.48	-0.001847395711
17.49	-0.0009203010848
17.5	-6.25370665e-17
17.51	0.0009129680474
17.52	0.00181807259
17.53	0.002714792461
17.54	0.003602616051
17.55	0.00448104157
17.56	0.005349577286
17.57	0.006207741765
17.58	0.007055064099
17.59	0.007891084124
17.6	0.008715352636
17.61	0.00952743159
17.62	0.01032689429
17.63	0.01111332558
17.64	0.01188632203
17.65	0.01264549207
17.66	0.01339045617
17.67	0.01412084701
17.68	0.01483630958
17.69	0.01553650133
17.7	0.01622109228
17.71	0.01688976516
17.72	0.01754221549
17.73	0.01817815168
17.74	0.01879729511
17.75	0.01939938022
17.76	0.01998415456
17.77	0.02055137887
17.78	0.0211008271
17.79	0.02163228649
17.8	0.02214555755
17.81	0.02264045415
17.82	0.02311680345
17.83	0.02357444599
17.84	0.02401323563
17.85	0.02443303954
17.86	0.02483373823
17.87	0.02521522546
17.88	0.02557740824
17.89	0.02592020676
17.9	0.02624355436
17.91	0.02654739746
17.92	0.02683169548
17.93	0.02709642077
17.94	0.02734155854
17.95	0.02756710674
17.96	0.02777307597
17.97	0.02795948939
17.98	0.02812638256
17.99	0.02827380339
18	0.02840181192
18.01	0.02851048028
18.02	0.02859989247
18.03	0.02867014425
18.04	0.02872134298
18.05	0.02875360744
18.06	0.02876706771
18.07	0.02876186493
18.08	0.02873815116
18.09	0.02869608919
18.1	0.02863585237
18.11	0.02855762436
18.12	0.02846159897
18.13	0.02834797996
18.14	0.02821698081
18.15	0.0280688245
18.16	0.0279037433
18.17	0.02772197857
18.18	0.02752378047
18.19	0.02730940779
18.2	0.0270791277
18.21	0.02683321549
18.22	0.02657195433
18.23	0.02629563506
18.24	0.02600455588
18.25	0.02569902217
18.26	0.02537934618
18.27	0.02504584679
18.28	0.02469884929
18.29	0.02433868504
18.3	0.02396569127
18.31	0.02358021082
18.32	0.02318259182
18.33	0.02277318747
18.34	0.02235235576
18.35	0.0219204592
18.36	0.02147786453
18.37	0.0210249425
18.38	0.02056206754
18.39	0.02008961754
18.4	0.01960797352
18.41	0.01911751944
18.42	0.01861864184
18.43	0.01811172965
18.44	0.01759717385
18.45	0.01707536727
18.46	0.01654670426
18.47	0.01601158045
18.48	0.01547039251
18.49	0.01492353784
18.5	0.01437141434
18.51	0.01381442011
18.52	0.01325295327
18.53	0.01268741161
18.54	0.01211819239
18.55	0.01154569209
18.56	0.01097030613
18.57	0.01039242865
18.58	0.009812452253
18.59	0.009230767773
18.6	0.008647764026
18.61	0.008063827582
18.62	0.007479342533
18.63	0.006894690264
18.64	0.00631024923
18.65	0.005726394733
18.66	0.005143498707
18.67	0.004561929504
18.68	0.003982051684
18.69	0.003404225813
18.7	0.002828808258
18.71	0.002256150996
18.72	0.001686601418
18.73	0.001120502139
18.74	0.0005581908241
18.75	1.192379965e-16
18.76	-0.0005537431121
18.77	-0.001102716768
18.78	-0.001646604862
18.79	-0.00218509709
18.8	-0.0027178891
18.81	-0.003244682641
18.82	-0.003765185708
18.83	-0.004279112682
18.84	-0.00478618446
18.85	-0.005286128584
18.86	-0.005778679367
18.87	-0.006263578007
18.88	-0.006740572699
18.89	-0.007209418743
18.9	-0.007669878646
18.91	-0.008121722217
18.92	-0.008564726656
18.93	-0.008998676639
18.94	-0.0094233644
18.95	-0.009838589802
18.96	-0.01024416041
18.97	-0.01063989154
18.98	-0.01102560633
18.99	-0.01140113581
19	-0.01176631888
19.01	-0.01212100245
19.02	-0.01246504138
19.03	-0.01279829858
19.04	-0.01312064499
19.05	-0.01343195963
19.06	-0.01373212959
19.07	-0.01402105005
19.08	-0.01429862428
19.09	-0.01456476365
19.1	-0.01481938759
19.11	-0.01506242363
19.12	-0.01529380733
19.13	-0.01551348229
19.14	-0.0157214001
19.15	-0.01591752034
19.16	-0.01610181049
19.17	-0.01627424596
19.18	-0.01643480997
19.19	-0.01658349354
19.2	-0.01672029544
19.21	-0.01684522209
19.22	-0.01695828754
19.23	-0.01705951337
19.24	-0.01714892862
19.25	-0.01722656972
19.26	-0.01729248041
19.27	-0.01734671165
19.28	-0.0173893215
19.29	-0.0174203751
19.3	-0.01743994449
19.31	-0.01744810856
19.32	-0.01744495291
19.33	-0.01743056978
19.34	-0.01740505791
19.35	-0.01736852243
19.36	-0.01732107474
19.37	-0.0172628324
19.38	-0.01719391899
19.39	-0.01711446399
19.4	-0.01702460264
19.41	-0.01692447583
19.42	-0.01681422995
19.43	-0.01669401672
19.44	-0.01656399312
19.45	-0.01642432119
19.46	-0.01627516789
19.47	-0.01611670499
19.48	-0.01594910888
19.49	-0.01577256043
19.5	-0.01558724487
19.51	-0.01539335158
19.52	-0.01519107398
19.53	-0.01498060935
19.54	-0.01476215869
19.55	-0.01453592654
19.56	-0.01430212082
19.57	-0.01406095271
19.58	-0.01381263642
19.59	-0.01355738908
19.6	-0.01329543058
19.61	-0.01302698334
19.62	-0.01275227225
19.63	-0.01247152439
19.64	-0.01218496898
19.65	-0.01189283712
19.66	-0.01159536168
19.67	-0.01129277712
19.68	-0.01098531933
19.69	-0.01067322547
19.7	-0.01035673378
19.71	-0.01003608345
19.72	-0.009711514456
19.73	-0.009383267378
19.74	-0.009051583254
19.75	-0.008716703419
19.76	-0.008378869346
19.77	-0.00803832249
19.78	-0.007695304132
19.79	-0.007350055225
19.8	-0.007002816239
19.81	-0.006653827013
19.82	-0.006303326604
19.83	-0.005951553138
19.84	-0.005598743667
19.85	-0.00524513402
19.86	-0.004890958663
19.87	-0.004536450561
19.88	-0.004181841034
19.89	-0.003827359629
19.9	-0.003473233975
19.91	-0.003119689664
19.92	-0.002766950111
19.93	-0.002415236435
19.94	-0.002064767328
19.95	-0.001715758939
19.96	-0.001368424752
19.97	-0.001022975471
19.98	-0.0006796189018
19.99	-0.0003385598488
20	-2.629268694e-17
20.01	0.0003358621751
20.02	0.0006688315285
20.03	0.0009987163333
20.04	0.00132532838
20.05	0.001648483069
20.06	0.001967999503
20.07	0.002283700572
20.08	0.002595413038
20.09	0.002902967618
20.1	0.003206199057
20.11	0.003504946209
20.12	0.003799052101
20.13	0.004088364006
20.14	0.004372733506
20.15	0.004652016555
20.16	0.004926073534
20.17	0.005194769309
20.18	0.005457973278
20.19	0.005715559426
20.2	0.005967406363
20.21	0.006213397369
20.22	0.006453420433
20.23	0.006687368282
20.24	0.006915138421
20.25	0.007136633154
20.26	0.007351759612
20.27	0.007560429773
20.28	0.007762560482
20.29	0.007958073464
20.3	0.008146895337
20.31	0.00832895762
20.32	0.008504196736
20.33	0.008672554017
20.34	0.008833975703
20.35	0.008988412933
20.36	0.009135821743
20.37	0.009276163052
20.38	0.009409402649
20.39	0.009535511176
20.4	0.009654464111
20.41	0.009766241741
20.42	0.009870829137
20.43	0.009968216131
20.44	0.01005839728
20.45	0.01014137182
20.46	0.01021714367
20.47	0.01028572133
20.48	0.0103471179
20.49	0.01040135099
20.5	0.0104484427
20.51	0.01048841955
20.52	0.01052131246
20.53	0.01054715664
20.54	0.0105659916
20.55	0.01057786104
20.56	0.01058281279
20.57	0.0105808988
20.58	0.01057217499
20.59	0.01055670126
20.6	0.01053454137
20.61	0.01050576289
20.62	0.01047043712
20.63	0.01042863903
20.64	0.01038044713
20.65	0.01032594347
20.66	0.01026521349
20.67	0.01019834598
20.68	0.01012543298
20.69	0.01004656968
20.7	0.009961854367
20.71	0.00987138832
20.72	0.009775275711
20.73	0.009673623529
20.74	0.009566541484
20.75	0.009454141913
20.76	0.009336539688
20.77	0.009213852122
20.78	0.009086198873
20.79	0.00895370185
20.8	0.008816485113
20.81	0.008674674779
20.82	0.008528398923
20.83	0.00837778748
20.84	0.008222972146
20.85	0.008064086279
20.86	0.007901264802
20.87	0.007734644098
20.88	0.007564361918
20.89	0.007390557273
20.9	0.007213370343
20.91	0.007032942368
20.92	0.006849415557
20.93	0.006662932982
20.94	0.006473638484
20.95	0.006281676569
20.96	0.006087192315
20.97	0.00589033127
20.98	0.005691239353
20.99	0.005490062762
21	0.005286947875
21.01	0.005082041152
21.02	0.004875489043
21.03	0.004667437892
21.04	0.004458033844
21.05	0.004247422753
21.06	0.004035750088
21.07	0.003823160843
21.08	0.003609799451
21.09	0.00339580969
21.1	0.003181334597
21.11	0.002966516384
21.12	0.002751496351
21.13	0.002536414801
21.14	0.00232141096
21.15	0.002106622894
21.16	0.00189218743
21.17	0.001678240077
21.18	0.001464914948
21.19	0.00125234469
21.2	0.001040660401
21.21	0.0008299915678
21.22	0.000620465987
21.23	0.0004122097009
21.24	0.0002053469284
21.25	-1.197056601e-17
21.26	-0.0002037107066
21.27	-0.0004056668282
21.28	-0.0006057520765
21.29	-0.0008038522965
21.3	-0.0009998555232
21.31	-0.001193652037
21.32	-0.001385134414
21.33	-0.001574197582
21.34	-0.001760738864
21.35	-0.00194465803
21.36	-0.002125857336
21.37	-0.002304241577
21.38	-0.002479718118
21.39	-0.002652196938
21.4	-0.00282159067
21.41	-0.002987814631
21.42	-0.003150786856
21.43	-0.003310428133
21.44	-0.003466662029
21.45	-0.003619414918
21.46	-0.003768616006
21.47	-0.003914197352
21.48	-0.004056093896
21.49	-0.004194243469
21.5	-0.004328586815
21.51	-0.004459067607
21.52	-0.004585632458
21.53	-0.00470823093
21.54	-0.004826815548
21.55	-0.004941341804
21.56	-0.00505176816
21.57	-0.005158056057
21.58	-0.00526016991
21.59	-0.005358077111
21.6	-0.005451748026
21.61	-0.005541155989
21.62	-0.005626277295
21.63	-0.005707091196
21.64	-0.005783579884
21.65	-0.005855728486
21.66	-0.005923525046
21.67	-0.005986960509
21.68	-0.006046028706
21.69	-0.006100726336
21.7	-0.006151052942
21.71	-0.00619701089
21.72	-0.006238605345
21.73	-0.006275844246
21.74	-0.006308738277
21.75	-0.006337300842
21.76	-0.00636154803
21.77	-0.006381498586
21.78	-0.006397173877
21.79	-0.006408597858
21.8	-0.006415797034
21.81	-0.006418800425
21.82	-0.006417639527
21.83	-0.00641234827
21.84	-0.006402962977
21.85	-0.006389522325
21.86	-0.006372067296
21.87	-0.006350641136
21.88	-0.006325289309
21.89	-0.006296059448
21.9	-0.006263001306
21.91	-0.006226166712
21.92	-0.006185609517
21.93	-0.006141385543
21.94	-0.006093552534
21.95	-0.006042170101
21.96	-0.00598729967
21.97	-0.005929004426
21.98	-0.005867349261
21.99	-0.005802400718
22	-0.005734226932
22.01	-0.005662897576
22.02	-0.005588483806
22.03	-0.005511058197
22.04	-0.00543069469
22.05	-0.005347468532
22.06	-0.005261456216
22.07	-0.005172735425
22.08	-0.005081384967
22.09	-0.00498748472
22.1	-0.004891115571
22.11	-0.004792359353
22.12	-0.004691298788
22.13	-0.004588017424
22.14	-0.004482599579
22.15	-0.004375130273
22.16	-0.004265695174
22.17	-0.004154380536
22.18	-0.004041273137
22.19	-0.00392646022
22.2	-0.003810029434
22.21	-0.003692068771
22.22	-0.003572666511
22.23	-0.003451911159
22.24	-0.003329891389
22.25	-0.003206695982
22.26	-0.003082413773
22.27	-0.002957133586
22.28	-0.002830944184
22.29	-0.002703934209
22.3	-0.002576192124
22.31	-0.002447806163
22.32	-0.002318864268
22.33	-0.002189454043
22.34	-0.002059662691
22.35	-0.001929576972
22.36	-0.00179928314
22.37	-0.001668866897
22.38	-0.001538413343
22.39	-0.001408006921
22.4	-0.001277731374
22.41	-0.00114766969
22.42	-0.001017904061
22.43	-0.0008885158299
22.44	-0.0007595854507
22.45	-0.0006311924397
22.46	-0.0005034153332
22.47	-0.0003763316444
22.48	-0.0002500178218
22.49	-0.000124549208
22.5	-1.088160635e-17
22.51	0.0001235567893
22.52	0.000246049369
22.53	0.0003674072066
22.54	0.0004875610637
22.55	0.0006064430301
22.56	0.0007239865573
22.57	0.0008401264901
22.58	0.000954799098
22.59	0.001067942105
22.6	0.001179494718
22.61	0.001289397653
22.62	0.001397593164
22.63	0.001504025066
22.64	0.001608638759
22.65	0.001711381251
22.66	0.001812201179
22.67	0.00191104883
22.68	0.002007876159
22.69	0.002102636808
22.7	0.002195286118
22.71	0.002285781152
22.72	0.002374080702
22.73	0.002460145307
22.74	0.002543937258
22.75	0.002625420617
22.76	0.002704561218
22.77	0.00278132668
22.78	0.002855686412
22.79	0.002927611619
22.8	0.002997075304
22.81	0.003064052275
22.82	0.003128519143
22.83	0.003190454325
22.84	0.003249838045
22.85	0.003306652327
22.86	0.003360880997
22.87	0.00341250968
22.88	0.003461525788
22.89	0.003507918523
22.9	0.003551678862
22.91	0.003592799554
22.92	0.003631275107
22.93	0.00366710178
22.94	0.00370027757
22.95	0.003730802199
22.96	0.003758677103
22.97	0.003783905416
22.98	0.003806491951
22.99	0.003826443189
23	0.003843767261
23.01	0.003858473924
23.02	0.003870574548
23.03	0.003880082092
23.04	0.003887011087
23.05	0.003891377608
23.06	0.003893199257
23.07	0.003892495136
23.08	0.003889285826
23.09	0.003883593359
23.1	0.003875441191
23.11	0.003864854181
23.12	0.003851858558
23.13	0.003836481898
23.14	0.00381875309
23.15	0.003798702314
23.16	0.003776361003
23.17	0.003751761821
23.18	0.003724938625
23.19	0.003695926439
23.2	0.003664761418
23.21	0.003631480819
23.22	0.003596122966
23.23	0.003558727218
23.24	0.003519333935
23.25	0.003477984444
23.26	0.003434721003
23.27	0.00338958677
23.28	0.003342625764
23.29	0.003293882833
23.3	0.003243403616
23.31	0.00319123451
23.32	0.00313742263
23.33	0.003082015776
23.34	0.003025062398
23.35	0.002966611554
23.36	0.00290671288
23.37	0.002845416549
23.38	0.002782773235
23.39	0.00271883408
23.4	0.002653650651
23.41	0.002587274908
23.42	0.002519759167
23.43	0.002451156062
23.44	0.002381518508
23.45	0.002310899666
23.46	0.002239352907
23.47	0.002166931776
23.48	0.002093689953
23.49	0.002019681221
23.5	0.00194495943
23.51	0.001869578459
23.52	0.001793592185
23.53	0.001717054443
23.54	0.001640018999
23.55	0.001562539509
23.56	0.001484669487
23.57	0.001406462275
23.58	0.001327971005
23.59	0.001249248571
23.6	0.001170347594
23.61	0.00109132039
23.62	0.00101221894
23.63	0.0009330948597
23.64	0.0008539993669
23.65	0.0007749832532
23.66	0.0006960968544
23.67	0.0006173900215
23.68	0.0005389120925
23.69	0.0004607118645
23.7	0.0003828375669
23.71	0.0003053368341
23.72	0.0002282566806
23.73	0.0001516434744
23.74	7.554291328e-05
23.75	1.760378089e-17
23.76	-7.494098092e-05
23.77	-0.0001492364861
23.78	-0.0002228437354
23.79	-0.0002957207336
23.8	-0.0003678262911
23.81	-0.0004391200442
23.82	-0.0005095624743
23.83	-0.0005791149268
23.84	-0.0006477396295
23.85	-0.0007153997092
23.86	-0.0007820592089
23.87	-0.0008476831036
23.88	-0.0009122373153
23.89	-0.0009756887275
23.9	-0.001038005199
23.91	-0.001099155577
23.92	-0.001159109708
23.93	-0.001217838452
23.94	-0.00127531369
23.95	-0.001331508337
23.96	-0.00138639635
23.97	-0.001439952735
23.98	-0.001492153556
23.99	-0.001542975943
24	-0.001592398099
24.01	-0.0016403993
24.02	-0.001686959906
24.03	-0.001732061364
24.04	-0.001775686207
24.05	-0.001817818061
24.06	-0.001858441648
24.07	-0.00189754278
24.08	-0.001935108367
24.09	-0.001971126413
24.1	-0.002005586017
24.11	-0.002038477369
24.12	-0.002069791747
24.13	-0.00209952152
24.14	-0.002127660136
24.15	-0.002154202123
24.16	-0.002179143084
24.17	-0.002202479686
24.18	-0.002224209662
24.19	-0.002244331795
24.2	-0.002262845919
24.21	-0.002279752903
24.22	-0.002295054648
24.23	-0.002308754074
24.24	-0.002320855112
24.25	-0.002331362692
24.26	-0.002340282734
24.27	-0.002347622134
24.28	-0.002353388751
24.29	-0.002357591399
24.3	-0.002360239828
24.31	-0.002361344713
24.32	-0.002360917643
24.33	-0.002358971098
24.34	-0.002355518442
24.35	-0.002350573902
24.36	-0.002344152556
24.37	-0.002336270312
24.38	-0.002326943896
24.39	-0.002316190831
24.4	-0.00230402942
24.41	-0.002290478731
24.42	-0.002275558572
24.43	-0.002259289482
24.44	-0.002241692701
24.45	-0.00222279016
24.46	-0.002202604457
24.47	-0.002181158835
24.48	-0.002158477167
24.49	-0.002134583933
24.5	-0.002109504199
24.51	-0.002083263596
24.52	-0.0020558883
24.53	-0.00202740501
24.54	-0.001997840928
24.55	-0.001967223735
24.56	-0.001935581573
24.57	-0.001902943017
24.58	-0.001869337062
24.59	-0.001834793092
24.6	-0.001799340863
24.61	-0.001763010481
24.62	-0.001725832376
24.63	-0.001687837286
24.64	-0.001649056228
24.65	-0.00160952048
24.66	-0.001569261557
24.67	-0.00152831119
24.68	-0.001486701303
24.69	-0.001444463992
24.7	-0.001401631499
24.71	-0.001358236196
24.72	-0.00131431056
24.73	-0.001269887148
24.74	-0.001224998583
24.75	-0.001179677526
24.76	-0.001133956656
24.77	-0.001087868651
24.78	-0.001041446164
24.79	-0.0009947218057
24.8	-0.0009477281191
24.81	-0.0009004975634
24.82	-0.0008530624912
24.83	-0.0008054551297
24.84	-0.0007577075599
24.85	-0.0007098516982
24.86	-0.0006619192759
24.87	-0.0006139418215
24.88	-0.0005659506408
24.89	-0.0005179767994
24.9	-0.0004700511038
24.91	-0.0004222040843
24.92	-0.000374465977
24.93	-0.000326866707
24.94	-0.0002794358711
24.95	-0.000232202722
24.96	-0.0001851961514
24.97	-0.000138444675
24.98	-9.197641657e-05
24.99	-4.581909303e-05
25	-4.447910293e-18
25.01	4.545400259e-05
25.02	9.051650435e-05
25.03	0.0001351615578
25.04	0.0001793636916
25.05	0.000223097923
25.06	0.0002663397701
25.07	0.0003090652637
25.08	0.0003512509586
25.09	0.0003928739448
25.1	0.0004339118576
25.11	0.0004743428879
25.12	0.0005141457921
25.13	0.0005532999007
25.14	0.0005917851276
25.15	0.0006295819781
25.16	0.000666671557
25.17	0.0007030355757
25.18	0.0007386563595
25.19	0.0007735168538
25.2	0.0008076006303
25.21	0.0008408918929
25.22	0.0008733754821
25.23	0.0009050368806
25.24	0.0009358622169
25.25	0.0009658382693
25.26	0.0009949524694
25.27	0.001023192905
25.28	0.001050548321
25.29	0.001077008126
25.3	0.001102562388
25.31	0.001127201839
25.32	0.001150917874
25.33	0.001173702554
25.34	0.001195548604
25.35	0.00121644941
25.36	0.001236399023
25.37	0.001255392154
25.38	0.001273424173
25.39	0.001290491106
25.4	0.001306589635
25.41	0.001321717092
25.42	0.001335871457
25.43	0.001349051353
25.44	0.001361256044
25.45	0.001372485428
25.46	0.001382740032
25.47	0.00139202101
25.48	0.001400330132
25.49	0.001407669782
25.5	0.001414042952
25.51	0.001419453231
25.52	0.001423904802
25.53	0.001427402432
25.54	0.001429951466
25.55	0.00143155782
25.56	0.001432227967
25.57	0.001431968936
25.58	0.001430788296
25.59	0.001428694155
25.6	0.00142569514
25.61	0.001421800396
25.62	0.001417019574
25.63	0.001411362817
25.64	0.001404840753
25.65	0.001397464484
25.66	0.001389245576
25.67	0.001380196042
25.68	0.00137032834
25.69	0.001359655353
25.7	0.001348190382
25.71	0.001335947134
25.72	0.001322939707
25.73	0.00130918258
25.74	0.001294690601
25.75	0.001279478974
25.76	0.001263563243
25.77	0.001246959287
25.78	0.001229683298
25.79	0.001211751776
25.8	0.00119318151
25.81	0.001173989568
25.82	0.001154193284
25.83	0.001133810241
25.84	0.001112858264
25.85	0.001091355401
25.86	0.00106931991
25.87	0.00104677025
25.88	0.001023725063
25.89	0.001000203162
25.9	0.0009762235184
25.91	0.0009518052473
25.92	0.0009269675943
25.93	0.0009017299223
25.94	0.0008761116978
25.95	0.0008501324777
25.96	0.0008238118961
25.97	0.0007971696507
25.98	0.0007702254898
25.99	0.0007429991989
26	0.0007155105881
26.01	0.0006877794787
26.02	0.0006598256906
26.03	0.0006316690291
26.04	0.000603329273
26.05	0.0005748261613
26.06	0.0005461793812
26.07	0.0005174085556
26.08	0.0004885332312
26.09	0.0004595728662
26.1	0.0004305468188
26.11	0.0004014743351
26.12	0.000372374538
26.13	0.0003432664156
26.14	0.0003141688098
26.15	0.0002851004061
26.16	0.0002560797218
26.17	0.0002271250961
26.18	0.0001982546794
26.19	0.0001694864233
26.2	0.0001408380702
26.21	0.0001123271439
26.22	8.397094009e-05
26.23	5.578651662e-05
26.24	2.779068472e-05
26.25	-1.080481148e-18
26.26	-2.756924618e-05
26.27	-5.49010351e-05
26.28	-8.197962884e-05
26.29	-0.0001087895782
26.3	-0.0001353157304
26.31	-0.0001615432365
26.32	-0.0001874575583
26.33	-0.0002130444757
26.34	-0.0002382900929
26.35	-0.0002631808452
26.36	-0.0002877035047
26.37	-0.0003118451865
26.38	-0.0003355933538
26.39	-0.0003589358238
26.4	-0.0003818607725
26.41	-0.0004043567393
26.42	-0.0004264126316
26.43	-0.000448017729
26.44	-0.0004691616876
26.45	-0.0004898345431
26.46	-0.0005100267145
26.47	-0.0005297290073
26.48	-0.0005489326163
26.49	-0.0005676291278
26.5	-0.0005858105226
26.51	-0.0006034691776
26.52	-0.0006205978675
26.53	-0.0006371897665
26.54	-0.0006532384494
26.55	-0.0006687378926
26.56	-0.0006836824748
26.57	-0.0006980669774
26.58	-0.0007118865846
26.59	-0.0007251368834
26.6	-0.0007378138632
26.61	-0.0007499139152
26.62	-0.0007614338313
26.63	-0.0007723708035
26.64	-0.0007827224218
26.65	-0.0007924866733
26.66	-0.0008016619398
26.67	-0.0008102469962
26.68	-0.0008182410074
26.69	-0.0008256435267
26.7	-0.0008324544922
26.71	-0.000838674224
26.72	-0.0008443034214
26.73	-0.0008493431585
26.74	-0.0008537948816
26.75	-0.0008576604045
26.76	-0.0008609419045
26.77	-0.0008636419187
26.78	-0.0008657633386
26.79	-0.0008673094063
26.8	-0.0008682837088
26.81	-0.0008686901736
26.82	-0.0008685330631
26.83	-0.0008678169693
26.84	-0.0008665468081
26.85	-0.0008647278136
26.86	-0.0008623655323
26.87	-0.0008594658169
26.88	-0.0008560348202
26.89	-0.0008520789886
26.9	-0.0008476050556
26.91	-0.0008426200355
26.92	-0.000837131216
26.93	-0.000831146152
26.94	-0.0008246726582
26.95	-0.000817718802
26.96	-0.0008102928966
26.97	-0.0008024034933
26.98	-0.0007940593741
26.99	-0.0007852695446
27	-0.0007760432259
27.01	-0.0007663898475
27.02	-0.0007563190388
27.03	-0.000745840622
27.04	-0.000734964604
27.05	-0.0007237011684
27.06	-0.0007120606673
27.07	-0.0007000536138
27.08	-0.0006876906737
27.09	-0.0006749826573
27.1	-0.0006619405111
27.11	-0.0006485753104
27.12	-0.0006348982502
27.13	-0.0006209206376
27.14	-0.0006066538836
27.15	-0.0005921094946
27.16	-0.0005772990646
27.17	-0.0005622342665
27.18	-0.0005469268446
27.19	-0.000531388606
27.2	-0.0005156314125
27.21	-0.0004996671728
27.22	-0.0004835078342
27.23	-0.0004671653744
27.24	-0.0004506517943
27.25	-0.000433979109
27.26	-0.000417159341
27.27	-0.0004002045114
27.28	-0.000383126633
27.29	-0.000365937702
27.3	-0.0003486496908
27.31	-0.0003312745404
27.32	-0.0003138241526
27.33	-0.000296310383
27.34	-0.0002787450337
27.35	-0.000261139846
27.36	-0.0002435064933
27.37	-0.0002258565742
27.38	-0.0002082016055
27.39	-0.0001905530155
27.4	-0.0001729221374
27.41	-0.0001553202026
27.42	-0.0001377583344
27.43	-0.0001202475415
27.44	-0.0001027987121
27.45	-8.54226076e-05
27.46	-6.81298567e-05
27.47	-5.093094969e-05
27.48	-3.383623273e-05
27.49	-1.685590234e-05
27.5	-6.546833097e-18
27.51	1.672159307e-05
27.52	3.329916104e-05
27.53	4.972315837e-05
27.54	6.598421465e-05
27.55	8.207313925e-05
27.56	9.798092579e-05
27.57	0.0001136987565
27.58	0.0001292180064
27.59	0.0001445302473
27.6	0.0001596272517
27.61	0.0001745009965
27.62	0.0001891436667
27.63	0.0002035476583
27.64	0.000217705582
27.65	0.0002316102663
27.66	0.0002452547598
27.67	0.0002586323347
27.68	0.0002717364887
27.69	0.0002845609479
27.7	0.0002970996686
27.71	0.0003093468396
27.72	0.0003212968843
27.73	0.0003329444619
27.74	0.0003442844694
27.75	0.0003553120428
27.76	0.0003660225584
27.77	0.000376411634
27.78	0.0003864751294
27.79	0.0003962091476
27.8	0.0004056100352
27.81	0.0004146743825
27.82	0.0004233990243
27.83	0.0004317810398
27.84	0.0004398177523
27.85	0.0004475067292
27.86	0.0004548457817
27.87	0.0004618329641
27.88	0.000468466573
27.89	0.0004747451469
27.9	0.0004806674648
27.91	0.0004862325452
27.92	0.0004914396451
27.93	0.000496288258
27.94	0.0005007781129
27.95	0.0005049091723
27.96	0.0005086816304
27.97	0.0005120959112
27.98	0.0005151526663
27.99	0.0005178527728
28	0.0005201973309
28.01	0.0005221876613
28.02	0.0005238253027
28.03	0.0005251120089
28.04	0.0005260497463
28.05	0.0005266406907
28.06	0.0005268872241
28.07	0.0005267919318
28.08	0.0005263575989
28.09	0.0005255872072
28.1	0.0005244839312
28.11	0.0005230511352
28.12	0.0005212923689
28.13	0.0005192113643
28.14	0.0005168120311
28.15	0.0005140984536
28.16	0.000511074886
28.17	0.0005077457487
28.18	0.0005041156239
28.19	0.0005001892514
28.2	0.0004959715244
28.21	0.0004914674851
28.22	0.0004866823201
28.23	0.000481621356
28.24	0.0004762900549
28.25	0.0004706940098
28.26	0.0004648389398
28.27	0.0004587306855
28.28	0.0004523752045
28.29	0.0004457785662
28.3	0.0004389469471
28.31	0.0004318866263
28.32	0.0004246039802
28.33	0.000417105478
28.34	0.0004093976764
28.35	0.0004014872149
28.36	0.0003933808109
28.37	0.0003850852545
28.38	0.000376607404
28.39	0.0003679541802
28.4	0.0003591325624
28.41	0.0003501495825
28.42	0.0003410123206
28.43	0.0003317278999
28.44	0.0003223034818
28.45	0.0003127462608
28.46	0.00030306346
28.47	0.0002932623256
28.48	0.0002833501228
28.49	0.0002733341301
28.5	0.0002632216353
28.51	0.0002530199303
28.52	0.0002427363063
28.53	0.0002323780494
28.54	0.0002219524358
28.55	0.000211466727
28.56	0.0002009281655
28.57	0.0001903439703
28.58	0.0001797213321
28.59	0.0001690674092
28.6	0.0001583893231
28.61	0.000147694154
28.62	0.000136988937
28.63	0.0001262806571
28.64	0.0001155762462
28.65	0.0001048825781
28.66	9.420646495e-05
28.67	8.355465343e-05
28.68	7.293382068e-05
28.69	6.235057068e-05
28.7	5.181143054e-05
28.71	4.132284693e-05
28.72	3.089118251e-05
28.73	2.052271256e-05
28.74	1.022362157e-05
28.75	2.58090526e-18
28.76	-1.014215888e-05
28.77	-2.019696211e-05
28.78	-3.015862005e-05
28.79	-4.002144924e-05
28.8	-4.977987529e-05
28.81	-5.942843556e-05
28.82	-6.896178178e-05
28.83	-7.837468265e-05
28.84	-8.766202622e-05
28.85	-9.681882227e-05
28.86	-0.0001058402045
28.87	-0.0001147214329
28.88	-0.0001234578955
28.89	-0.0001320451103
28.9	-0.0001404787276
28.91	-0.0001487545313
28.92	-0.0001568684406
28.93	-0.0001648165118
28.94	-0.0001725949395
28.95	-0.000180200058
28.96	-0.0001876283427
28.97	-0.0001948764112
28.98	-0.0002019410241
28.99	-0.0002088190863
29	-0.0002155076477
29.01	-0.0002220039038
29.02	-0.0002283051967
29.03	-0.0002344090152
29.04	-0.0002403129957
29.05	-0.0002460149222
29.06	-0.0002515127268
29.07	-0.0002568044895
29.08	-0.0002618884389
29.09	-0.0002667629514
29.1	-0.0002714265517
29.11	-0.0002758779121
29.12	-0.0002801158524
29.13	-0.0002841393396
29.14	-0.0002879474871
29.15	-0.0002915395545
29.16	-0.0002949149464
29.17	-0.0002980732122
29.18	-0.0003010140446
29.19	-0.0003037372792
29.2	-0.0003062428934
29.21	-0.0003085310049
29.22	-0.0003106018708
29.23	-0.0003124558865
29.24	-0.0003140935839
29.25	-0.0003155156303
29.26	-0.0003167228267
29.27	-0.0003177161064
29.28	-0.0003184965332
29.29	-0.0003190652997
29.3	-0.0003194237256
29.31	-0.0003195732556
29.32	-0.0003195154579
29.33	-0.0003192520217
29.34	-0.0003187847555
29.35	-0.0003181155848
29.36	-0.0003172465501
29.37	-0.0003161798044
29.38	-0.0003149176113
29.39	-0.0003134623422
29.4	-0.0003118164742
29.41	-0.0003099825878
29.42	-0.0003079633639
29.43	-0.0003057615819
29.44	-0.0003033801166
29.45	-0.0003008219359
29.46	-0.000298090098
29.47	-0.0002951877487
29.48	-0.0002921181188
29.49	-0.0002888845212
29.5	-0.0002854903483
29.51	-0.0002819390688
29.52	-0.0002782342253
29.53	-0.0002743794312
29.54	-0.0002703783678
29.55	-0.0002662347814
29.56	-0.0002619524804
29.57	-0.0002575353322
29.58	-0.0002529872608
29.59	-0.0002483122428
29.6	-0.0002435143053
29.61	-0.0002385975227
29.62	-0.0002335660135
29.63	-0.0002284239372
29.64	-0.0002231754917
29.65	-0.00021782491
29.66	-0.0002123764573
29.67	-0.0002068344278
29.68	-0.000201203142
29.69	-0.0001954869434
29.7	-0.0001896901959
29.71	-0.0001838172803
29.72	-0.0001778725918
29.73	-0.0001718605369
29.74	-0.0001657855302
29.75	-0.0001596519921
29.76	-0.0001534643452
29.77	-0.000147227012
29.78	-0.0001409444116
29.79	-0.0001346209573
29.8	-0.0001282610534
29.81	-0.0001218690928
29.82	-0.0001154494539
29.83	-0.0001090064981
29.84	-0.0001025445672
29.85	-9.606798063e-05
29.86	-8.958103269e-05
29.87	-8.30879903e-05
29.88	-7.659309028e-05
29.89	-7.010053685e-05
29.9	-6.361449927e-05
29.91	-5.713910933e-05
29.92	-5.067845907e-05
29.93	-4.423659837e-05
29.94	-3.781753277e-05
29.95	-3.142522115e-05
29.96	-2.506357361e-05
29.97	-1.873644931e-05
29.98	-1.244765439e-05
29.99	-6.200939933e-06
30	-7.223510392e-19
