temps	angle
0	0
0.01	0.9845348356
0.02	1.958465798
0.03	2.921099509
0.04	3.871758755
0.05	4.809782884
0.06	5.734528182
0.07	6.64536823
0.08	7.541694252
0.09	8.422915432
0.1	9.288459223
0.11	10.13777164
0.12	10.97031751
0.13	11.78558075
0.14	12.5830646
0.15	13.3622918
0.16	14.12280483
0.17	14.86416607
0.18	15.58595797
0.19	16.28778318
0.2	16.96926468
0.21	17.63004589
0.22	18.26979077
0.23	18.88818386
0.24	19.48493037
0.25	20.05975619
0.26	20.61240791
0.27	21.14265286
0.28	21.65027903
0.29	22.13509509
0.3	22.59693033
0.31	23.03563458
0.32	23.45107813
0.33	23.84315167
0.34	24.21176611
0.35	24.55685251
0.36	24.87836193
0.37	25.17626521
0.38	25.4505529
0.39	25.70123498
0.4	25.92834069
0.41	26.13191835
0.42	26.31203506
0.43	26.46877653
0.44	26.60224676
0.45	26.71256784
0.46	26.79987961
0.47	26.86433938
0.48	26.90612168
0.49	26.92541787
0.5	26.92243586
0.51	26.89739977
0.52	26.85054958
0.53	26.78214077
0.54	26.69244398
0.55	26.58174458
0.56	26.45034238
0.57	26.29855114
0.58	26.12669826
0.59	25.93512431
0.6	25.72418267
0.61	25.49423908
0.62	25.24567123
0.63	24.97886832
0.64	24.69423065
0.65	24.39216916
0.66	24.073105
0.67	23.73746905
0.68	23.38570153
0.69	23.01825149
0.7	22.63557639
0.71	22.23814161
0.72	21.82642003
0.73	21.40089152
0.74	20.96204251
0.75	20.51036553
0.76	20.0463587
0.77	19.57052533
0.78	19.0833734
0.79	18.58541514
0.8	18.07716653
0.81	17.55914687
0.82	17.03187829
0.83	16.49588533
0.84	15.95169445
0.85	15.39983362
0.86	14.84083183
0.87	14.27521866
0.88	13.70352386
0.89	13.12627689
0.9	12.54400648
0.91	11.95724026
0.92	11.36650425
0.93	10.77232253
0.94	10.17521676
0.95	9.575705842
0.96	8.974305462
0.97	8.371527734
0.98	7.767880806
0.99	7.163868482
1	6.559989851
1.01	5.95673893
1.02	5.354604303
1.03	4.754068778
1.04	4.155609047
1.05	3.559695355
1.06	2.96679118
1.07	2.377352922
1.08	1.791829594
1.09	1.210662531
1.1	0.6342851023
1.11	0.06312243811
1.12	-0.5024088402
1.13	-1.061900876
1.14	-1.614954824
1.15	-2.161181089
1.16	-2.700199554
1.17	-3.231639794
1.18	-3.755141288
1.19	-4.270353614
1.2	-4.776936635
1.21	-5.274560678
1.22	-5.762906699
1.23	-6.241666438
1.24	-6.710542568
1.25	-7.169248824
1.26	-7.617510134
1.27	-8.055062731
1.28	-8.481654256
1.29	-8.897043851
1.3	-9.301002245
1.31	-9.693311824
1.32	-10.07376669
1.33	-10.44217273
1.34	-10.79834764
1.35	-11.14212095
1.36	-11.47333408
1.37	-11.79184031
1.38	-12.09750483
1.39	-12.39020467
1.4	-12.66982876
1.41	-12.93627781
1.42	-13.18946437
1.43	-13.42931272
1.44	-13.65575884
1.45	-13.86875032
1.46	-14.06824635
1.47	-14.25421755
1.48	-14.42664595
1.49	-14.58552487
1.5	-14.73085881
1.51	-14.86266332
1.52	-14.98096492
1.53	-15.08580091
1.54	-15.17721928
1.55	-15.25527857
1.56	-15.32004766
1.57	-15.37160566
1.58	-15.41004173
1.59	-15.43545492
1.6	-15.44795395
1.61	-15.44765707
1.62	-15.43469185
1.63	-15.40919498
1.64	-15.37131205
1.65	-15.32119739
1.66	-15.25901381
1.67	-15.18493241
1.68	-15.09913235
1.69	-15.00180059
1.7	-14.89313173
1.71	-14.7733277
1.72	-14.64259758
1.73	-14.50115732
1.74	-14.34922951
1.75	-14.18704311
1.76	-14.01483325
1.77	-13.83284091
1.78	-13.64131271
1.79	-13.44050066
1.8	-13.23066183
1.81	-13.01205818
1.82	-12.78495623
1.83	-12.54962683
1.84	-12.30634487
1.85	-12.05538905
1.86	-11.79704156
1.87	-11.53158788
1.88	-11.25931646
1.89	-10.98051847
1.9	-10.69548754
1.91	-10.40451949
1.92	-10.10791208
1.93	-9.805964709
1.94	-9.498978198
1.95	-9.187254497
1.96	-8.871096441
1.97	-8.550807488
1.98	-8.226691466
1.99	-7.899052319
2	-7.568193855
2.01	-7.234419502
2.02	-6.89803206
2.03	-6.559333458
2.04	-6.218624519
2.05	-5.87620472
2.06	-5.532371962
2.07	-5.187422341
2.08	-4.841649923
2.09	-4.495346523
2.1	-4.148801487
2.11	-3.802301482
2.12	-3.456130284
2.13	-3.110568576
2.14	-2.765893749
2.15	-2.422379705
2.16	-2.08029667
2.17	-1.739911007
2.18	-1.401485035
2.19	-1.065276858
2.2	-0.7315401899
2.21	-0.4005241944
2.22	-0.07247332392
2.23	0.2523728338
2.24	0.5737797036
2.25	0.8915178655
2.26	1.205363192
2.27	1.515096978
2.28	1.820506068
2.29	2.121382975
2.3	2.417525993
2.31	2.708739307
2.32	2.994833094
2.33	3.275623619
2.34	3.550933327
2.35	3.820590921
2.36	4.08443145
2.37	4.342296372
2.38	4.594033626
2.39	4.839497691
2.4	5.078549637
2.41	5.311057179
2.42	5.536894715
2.43	5.755943364
2.44	5.968090997
2.45	6.173232262
2.46	6.3712686
2.47	6.562108263
2.48	6.745666319
2.49	6.921864653
2.5	7.090631965
2.51	7.251903759
2.52	7.40562233
2.53	7.551736743
2.54	7.690202807
2.55	7.820983044
2.56	7.944046653
2.57	8.059369472
2.58	8.166933925
2.59	8.266728977
2.6	8.358750077
2.61	8.442999093
2.62	8.519484252
2.63	8.588220068
2.64	8.649227265
2.65	8.702532701
2.66	8.748169286
2.67	8.786175891
2.68	8.81659726
2.69	8.839483914
2.7	8.854892051
2.71	8.862883444
2.72	8.863525337
2.73	8.856890331
2.74	8.843056276
2.75	8.82210615
2.76	8.794127945
2.77	8.759214541
2.78	8.717463583
2.79	8.668977354
2.8	8.613862641
2.81	8.552230608
2.82	8.48419666
2.83	8.409880303
2.84	8.329405007
2.85	8.242898066
2.86	8.150490457
2.87	8.05231669
2.88	7.948514669
2.89	7.839225543
2.9	7.724593556
2.91	7.6047659
2.92	7.479892564
2.93	7.350126184
2.94	7.21562189
2.95	7.076537155
2.96	6.933031643
2.97	6.785267056
2.98	6.633406979
2.99	6.477616729
3	6.318063203
3.01	6.154914724
3.02	5.988340889
3.03	5.818512415
3.04	5.645600994
3.05	5.469779136
3.06	5.291220021
3.07	5.110097354
3.08	4.926585212
3.09	4.740857902
3.1	4.55308981
3.11	4.363455265
3.12	4.17212839
3.13	3.979282965
3.14	3.785092284
3.15	3.589729024
3.16	3.393365103
3.17	3.196171549
3.18	2.99831837
3.19	2.799974423
3.2	2.601307288
3.21	2.402483141
3.22	2.203666636
3.23	2.005020779
3.24	1.806706817
3.25	1.608884118
3.26	1.411710064
3.27	1.215339937
3.28	1.019926815
3.29	0.8256214666
3.3	0.6325722541
3.31	0.4409250313
3.32	0.2508230512
3.33	0.06240687412
3.34	-0.1241857214
3.35	-0.3088198233
3.36	-0.4913634687
3.37	-0.6716877222
3.38	-0.849666752
3.39	-1.025177902
3.4	-1.198101761
3.41	-1.368322228
3.42	-1.535726576
3.43	-1.700205507
3.44	-1.861653212
3.45	-2.019967422
3.46	-2.175049455
3.47	-2.32680426
3.48	-2.475140465
3.49	-2.619970409
3.5	-2.76121018
3.51	-2.898779645
3.52	-3.03260248
3.53	-3.162606193
3.54	-3.288722147
3.55	-3.410885576
3.56	-3.5290356
3.57	-3.64311524
3.58	-3.753071418
3.59	-3.858854971
3.6	-3.960420644
3.61	-4.057727096
3.62	-4.150736888
3.63	-4.239416479
3.64	-4.323736214
3.65	-4.403670309
3.66	-4.479196834
3.67	-4.550297693
3.68	-4.6169586
3.69	-4.679169052
3.7	-4.736922304
3.71	-4.790215331
3.72	-4.839048799
3.73	-4.883427024
3.74	-4.923357935
3.75	-4.958853028
3.76	-4.989927325
3.77	-5.016599325
3.78	-5.038890952
3.79	-5.056827507
3.8	-5.07043761
3.81	-5.079753148
3.82	-5.084809209
3.83	-5.085644029
3.84	-5.082298926
3.85	-5.074818233
3.86	-5.063249238
3.87	-5.047642109
3.88	-5.028049829
3.89	-5.00452812
3.9	-4.977135377
3.91	-4.945932586
3.92	-4.910983252
3.93	-4.872353323
3.94	-4.830111107
3.95	-4.784327198
3.96	-4.735074392
3.97	-4.682427604
3.98	-4.626463792
3.99	-4.567261865
4	-4.504902605
4.01	-4.43946858
4.02	-4.371044057
4.03	-4.29971492
4.04	-4.225568578
4.05	-4.148693885
4.06	-4.069181046
4.07	-3.987121533
4.08	-3.902607998
4.09	-3.815734181
4.1	-3.72659483
4.11	-3.635285604
4.12	-3.541902993
4.13	-3.446544227
4.14	-3.349307188
4.15	-3.250290328
4.16	-3.149592576
4.17	-3.047313258
4.18	-2.943552007
4.19	-2.83840868
4.2	-2.731983277
4.21	-2.624375852
4.22	-2.515686434
4.23	-2.406014944
4.24	-2.295461114
4.25	-2.184124407
4.26	-2.072103941
4.27	-1.959498407
4.28	-1.846405992
4.29	-1.732924308
4.3	-1.619150314
4.31	-1.505180246
4.32	-1.391109539
4.33	-1.277032765
4.34	-1.163043559
4.35	-1.04923455
4.36	-0.9356973016
4.37	-0.8225222401
4.38	-0.7097985964
4.39	-0.5976143429
4.4	-0.4860561344
4.41	-0.3752092499
4.42	-0.2651575363
4.43	-0.1559833539
4.44	-0.04776752376
4.45	0.05941072324
4.46	0.1654737959
4.47	0.2703457896
4.48	0.3739525321
4.49	0.4762216271
4.5	0.5770824958
4.51	0.6764664169
4.52	0.7743065642
4.53	0.8705380429
4.54	0.9650979235
4.55	1.057925274
4.56	1.148961189
4.57	1.238148819
4.58	1.325433397
4.59	1.410762263
4.6	1.494084881
4.61	1.575352868
4.62	1.654520005
4.63	1.731542257
4.64	1.806377788
4.65	1.87898697
4.66	1.949332396
4.67	2.017378888
4.68	2.083093505
4.69	2.146445545
4.7	2.20740655
4.71	2.265950306
4.72	2.322052844
4.73	2.375692435
4.74	2.426849587
4.75	2.475507037
4.76	2.521649745
4.77	2.565264885
4.78	2.606341828
4.79	2.644872137
4.8	2.680849546
4.81	2.714269944
4.82	2.745131362
4.83	2.773433945
4.84	2.79917994
4.85	2.822373666
4.86	2.843021493
4.87	2.861131817
4.88	2.876715031
4.89	2.889783497
4.9	2.900351518
4.91	2.908435305
4.92	2.914052946
4.93	2.917224371
4.94	2.917971319
4.95	2.916317301
4.96	2.912287564
4.97	2.905909053
4.98	2.89721037
4.99	2.886221737
5	2.872974952
5.01	2.857503351
5.02	2.839841761
5.03	2.820026462
5.04	2.798095136
5.05	2.774086828
5.06	2.748041898
5.07	2.720001975
5.08	2.690009908
5.09	2.658109726
5.1	2.624346579
5.11	2.5887667
5.12	2.551417352
5.13	2.512346776
5.14	2.471604149
5.15	2.429239527
5.16	2.3853038
5.17	2.339848641
5.18	2.292926453
5.19	2.244590322
5.2	2.194893967
5.21	2.143891687
5.22	2.091638311
5.23	2.03818915
5.24	1.983599946
5.25	1.927926819
5.26	1.871226223
5.27	1.81355489
5.28	1.754969786
5.29	1.69552806
5.3	1.635286992
5.31	1.574303952
5.32	1.512636343
5.33	1.450341562
5.34	1.387476949
5.35	1.324099739
5.36	1.260267019
5.37	1.196035682
5.38	1.131462382
5.39	1.066603489
5.4	1.001515046
5.41	0.9362527284
5.42	0.8708717987
5.43	0.8054270674
5.44	0.7399728518
5.45	0.6745629368
5.46	0.6092505354
5.47	0.5440882515
5.48	0.4791280421
5.49	0.4144211818
5.5	0.3500182269
5.51	0.2859689816
5.52	0.2223224643
5.53	0.1591268753
5.54	0.09642956535
5.55	0.03427700551
5.56	-0.02728524253
5.57	-0.08821255462
5.58	-0.1484612714
5.59	-0.2079887247
5.6	-0.2667532624
5.61	-0.3247142726
5.62	-0.3818322067
5.63	-0.4380686012
5.64	-0.4933860984
5.65	-0.5477484658
5.66	-0.6011206154
5.67	-0.6534686201
5.68	-0.7047597307
5.69	-0.7549623908
5.7	-0.8040462507
5.71	-0.8519821805
5.72	-0.8987422818
5.73	-0.9442998982
5.74	-0.9886296249
5.75	-1.031707317
5.76	-1.073510097
5.77	-1.114016362
5.78	-1.153205784
5.79	-1.191059321
5.8	-1.227559216
5.81	-1.262688997
5.82	-1.29643348
5.83	-1.328778771
5.84	-1.35971226
5.85	-1.389222619
5.86	-1.417299804
5.87	-1.443935043
5.88	-1.469120836
5.89	-1.492850946
5.9	-1.515120392
5.91	-1.53592544
5.92	-1.555263597
5.93	-1.573133595
5.94	-1.589535384
5.95	-1.604470119
5.96	-1.617940148
5.97	-1.629948995
5.98	-1.640501348
5.99	-1.649603045
6	-1.657261053
6.01	-1.663483456
6.02	-1.668279434
6.03	-1.671659247
6.04	-1.673634213
6.05	-1.674216691
6.06	-1.673420058
6.07	-1.67125869
6.08	-1.667747939
6.09	-1.662904112
6.1	-1.656744447
6.11	-1.649287088
6.12	-1.640551065
6.13	-1.630556268
6.14	-1.619323419
6.15	-1.606874051
6.16	-1.59323048
6.17	-1.578415782
6.18	-1.56245376
6.19	-1.545368924
6.2	-1.52718646
6.21	-1.507932205
6.22	-1.487632617
6.23	-1.466314748
6.24	-1.444006217
6.25	-1.420735179
6.26	-1.396530302
6.27	-1.371420731
6.28	-1.345436065
6.29	-1.318606325
6.3	-1.290961929
6.31	-1.262533657
6.32	-1.23335263
6.33	-1.203450272
6.34	-1.17285829
6.35	-1.141608639
6.36	-1.109733496
6.37	-1.077265232
6.38	-1.04423638
6.39	-1.010679612
6.4	-0.9766277068
6.41	-0.9421135217
6.42	-0.9071699682
6.43	-0.8718299816
6.44	-0.8361264951
6.45	-0.8000924122
6.46	-0.7637605801
6.47	-0.7271637634
6.48	-0.6903346183
6.49	-0.6533056664
6.5	-0.6161092697
6.51	-0.5787776054
6.52	-0.5413426416
6.53	-0.5038361132
6.54	-0.4662894977
6.55	-0.4287339926
6.56	-0.391200492
6.57	-0.3537195647
6.58	-0.3163214323
6.59	-0.2790359475
6.6	-0.2418925738
6.61	-0.2049203648
6.62	-0.1681479449
6.63	-0.1316034894
6.64	-0.09531470644
6.65	-0.05930881885
6.66	-0.02361254641
6.67	0.01174791093
6.68	0.04674688934
6.69	0.08135927689
6.7	0.1155605286
6.71	0.149326681
6.72	0.1826343658
6.73	0.2154608237
6.74	0.247783916
6.75	0.2795821378
6.76	0.3108346282
6.77	0.3415211819
6.78	0.3716222587
6.79	0.4011189929
6.8	0.4299932027
6.81	0.4582273973
6.82	0.4858047855
6.83	0.5127092814
6.84	0.5389255115
6.85	0.5644388196
6.86	0.5892352721
6.87	0.6133016619
6.88	0.6366255123
6.89	0.6591950796
6.9	0.6809993561
6.91	0.7020280708
6.92	0.7222716917
6.93	0.7417214251
6.94	0.7603692162
6.95	0.7782077483
6.96	0.7952304412
6.97	0.8114314493
6.98	0.8268056592
6.99	0.8413486868
7	0.8550568731
7.01	0.8679272805
7.02	0.8799576878
7.03	0.8911465849
7.04	0.9014931671
7.05	0.9109973284
7.06	0.9196596551
7.07	0.9274814181
7.08	0.9344645653
7.09	0.9406117128
7.1	0.9459261366
7.11	0.9504117633
7.12	0.95407316
7.13	0.9569155246
7.14	0.9589446752
7.15	0.9601670389
7.16	0.9605896406
7.17	0.9602200915
7.18	0.9590665767
7.19	0.9571378431
7.2	0.9544431863
7.21	0.9509924377
7.22	0.946795951
7.23	0.9418645888
7.24	0.9362097084
7.25	0.9298431472
7.26	0.9227772091
7.27	0.9150246488
7.28	0.9065986578
7.29	0.8975128482
7.3	0.8877812383
7.31	0.8774182364
7.32	0.8664386256
7.33	0.8548575474
7.34	0.8426904861
7.35	0.8299532528
7.36	0.8166619688
7.37	0.8028330494
7.38	0.7884831877
7.39	0.7736293379
7.4	0.758288699
7.41	0.7424786982
7.42	0.7262169743
7.43	0.7095213609
7.44	0.6924098704
7.45	0.6749006768
7.46	0.6570120997
7.47	0.6387625876
7.48	0.6201707014
7.49	0.6012550982
7.5	0.5820345151
7.51	0.5625277526
7.52	0.5427536593
7.53	0.5227311152
7.54	0.5024790166
7.55	0.4820162596
7.56	0.4613617255
7.57	0.4405342648
7.58	0.4195526824
7.59	0.3984357225
7.6	0.3772020537
7.61	0.3558702547
7.62	0.3344587999
7.63	0.3129860451
7.64	0.2914702137
7.65	0.2699293832
7.66	0.2483814717
7.67	0.2268442249
7.68	0.2053352031
7.69	0.1838717687
7.7	0.1624710739
7.71	0.1411500489
7.72	0.1199253902
7.73	0.09881354867
7.74	0.07783071943
7.75	0.05699283037
7.76	0.03631553209
7.77	0.01581418771
7.78	-0.00449613684
7.79	-0.02460068222
7.8	-0.04448500476
7.81	-0.06413498513
7.82	-0.08353683672
7.83	-0.1026771136
7.84	-0.1215427183
7.85	-0.1401209089
7.86	-0.158399306
7.87	-0.1763658993
7.88	-0.1940090538
7.89	-0.2113175156
7.9	-0.2282804172
7.91	-0.2448872828
7.92	-0.261128033
7.93	-0.2769929886
7.94	-0.2924728754
7.95	-0.3075588271
7.96	-0.3222423889
7.97	-0.33651552
7.98	-0.3503705964
7.99	-0.3638004129
8	-0.3767981849
8.01	-0.3893575494
8.02	-0.4014725666
8.03	-0.4131377203
8.04	-0.4243479179
8.05	-0.4350984911
8.06	-0.4453851946
8.07	-0.4552042063
8.08	-0.4645521253
8.09	-0.4734259714
8.1	-0.4818231827
8.11	-0.4897416137
8.12	-0.4971795332
8.13	-0.504135621
8.14	-0.5106089658
8.15	-0.5165990609
8.16	-0.5221058012
8.17	-0.5271294792
8.18	-0.5316707807
8.19	-0.5357307801
8.2	-0.5393109364
8.21	-0.5424130872
8.22	-0.5450394443
8.23	-0.5471925874
8.24	-0.5488754591
8.25	-0.5500913581
8.26	-0.5508439336
8.27	-0.5511371783
8.28	-0.5509754222
8.29	-0.5503633253
8.3	-0.5493058706
8.31	-0.5478083569
8.32	-0.5458763913
8.33	-0.5435158813
8.34	-0.5407330273
8.35	-0.5375343144
8.36	-0.5339265043
8.37	-0.529916627
8.38	-0.5255119722
8.39	-0.5207200811
8.4	-0.5155487375
8.41	-0.5100059588
8.42	-0.5040999875
8.43	-0.497839282
8.44	-0.4912325073
8.45	-0.4842885263
8.46	-0.4770163902
8.47	-0.4694253294
8.48	-0.4615247439
8.49	-0.4533241942
8.5	-0.4448333916
8.51	-0.4360621891
8.52	-0.4270205715
8.53	-0.4177186459
8.54	-0.4081666327
8.55	-0.3983748555
8.56	-0.3883537319
8.57	-0.378113764
8.58	-0.367665529
8.59	-0.3570196695
8.6	-0.3461868844
8.61	-0.3351779195
8.62	-0.3240035582
8.63	-0.3126746123
8.64	-0.3012019127
8.65	-0.2895963005
8.66	-0.2778686181
8.67	-0.2660296998
8.68	-0.2540903638
8.69	-0.2420614027
8.7	-0.2299535752
8.71	-0.2177775979
8.72	-0.2055441365
8.73	-0.1932637978
8.74	-0.1809471213
8.75	-0.1686045718
8.76	-0.1562465309
8.77	-0.1438832898
8.78	-0.1315250413
8.79	-0.119181873
8.8	-0.1068637596
8.81	-0.09458055605
8.82	-0.08234199049
8.83	-0.07015765778
8.84	-0.05803701276
8.85	-0.04598936398
8.86	-0.03402386746
8.87	-0.02214952076
8.88	-0.01037515713
8.89	0.00129056009
8.9	0.01283914287
8.91	0.02426228373
8.92	0.03555186074
8.93	0.04669994235
8.94	0.05769879198
8.95	0.06854087246
8.96	0.07921885021
8.97	0.08972559921
8.98	0.1000542048
8.99	0.1101979673
9	0.1201504052
9.01	0.1299052586
9.02	0.1394564918
9.03	0.1487982962
9.04	0.1579250928
9.05	0.1668315346
9.06	0.1755125084
9.07	0.1839631369
9.08	0.1921787802
9.09	0.2001550374
9.1	0.2078877477
9.11	0.2153729915
9.12	0.2226070913
9.13	0.2295866119
9.14	0.2363083614
9.15	0.242769391
9.16	0.2489669951
9.17	0.254898711
9.18	0.2605623189
9.19	0.2659558406
9.2	0.2710775394
9.21	0.2759259189
9.22	0.2804997216
9.23	0.2847979278
9.24	0.2888197541
9.25	0.2925646514
9.26	0.2960323035
9.27	0.2992226245
9.28	0.302135757
9.29	0.3047720696
9.3	0.307132154
9.31	0.309216823
9.32	0.3110271069
9.33	0.312564251
9.34	0.3138297122
9.35	0.3148251558
9.36	0.315552452
9.37	0.3160136722
9.38	0.3162110858
9.39	0.3161471555
9.4	0.3158245344
9.41	0.315246061
9.42	0.3144147557
9.43	0.313333816
9.44	0.3120066125
9.45	0.3104366843
9.46	0.3086277343
9.47	0.3065836246
9.48	0.3043083718
9.49	0.3018061422
9.5	0.2990812467
9.51	0.2961381361
9.52	0.2929813958
9.53	0.2896157408
9.54	0.2860460106
9.55	0.282277164
9.56	0.2783142737
9.57	0.274162521
9.58	0.2698271909
9.59	0.265313666
9.6	0.2606274218
9.61	0.2557740208
9.62	0.2507591074
9.63	0.2455884023
9.64	0.2402676969
9.65	0.2348028484
9.66	0.2291997735
9.67	0.2234644438
9.68	0.2176028797
9.69	0.2116211453
9.7	0.205525343
9.71	0.1993216081
9.72	0.1930161031
9.73	0.1866150131
9.74	0.1801245398
9.75	0.1735508964
9.76	0.1669003027
9.77	0.1601789797
9.78	0.1533931444
9.79	0.1465490051
9.8	0.1396527559
9.81	0.1327105721
9.82	0.1257286053
9.83	0.1187129784
9.84	0.1116697812
9.85	0.1046050651
9.86	0.09752483949
9.87	0.09043506626
9.88	0.083341656
9.89	0.07625046344
9.9	0.06916728321
9.91	0.06209784574
9.92	0.05504781315
9.93	0.04802277532
9.94	0.04102824599
9.95	0.03406965903
9.96	0.02715236474
9.97	0.02028162632
9.98	0.01346261641
9.99	0.006700413772
10	2.599255646e-16
10.01	-0.006633743541
10.02	-0.01319603875
10.03	-0.01968221367
10.04	-0.02608770529
10.05	-0.03240806215
10.06	-0.03863894695
10.07	-0.04477613893
10.08	-0.05081553615
10.09	-0.05675315776
10.1	-0.06258514595
10.11	-0.06830776798
10.12	-0.07391741794
10.13	-0.07941061848
10.14	-0.08478402237
10.15	-0.09003441394
10.16	-0.09515871043
10.17	-0.1001539632
10.18	-0.1050173587
10.19	-0.1097462198
10.2	-0.114338006
10.21	-0.1187903148
10.22	-0.1231008819
10.23	-0.1272675818
10.24	-0.1312884281
10.25	-0.135161574
10.26	-0.138885312
10.27	-0.1424580744
10.28	-0.1458784326
10.29	-0.1491450975
10.3	-0.1522569189
10.31	-0.1552128849
10.32	-0.1580121215
10.33	-0.1606538922
10.34	-0.1631375968
10.35	-0.1654627707
10.36	-0.1676290841
10.37	-0.1696363406
10.38	-0.1714844765
10.39	-0.1731735591
10.4	-0.1747037854
10.41	-0.1760754808
10.42	-0.1772890977
10.43	-0.1783452134
10.44	-0.1792445288
10.45	-0.1799878663
10.46	-0.1805761684
10.47	-0.1810104949
10.48	-0.1812920218
10.49	-0.1814220385
10.5	-0.1814019459
10.51	-0.1812332541
10.52	-0.18091758
10.53	-0.1804566451
10.54	-0.1798522728
10.55	-0.1791063862
10.56	-0.1782210051
10.57	-0.1771982437
10.58	-0.1760403081
10.59	-0.174749493
10.6	-0.1733281794
10.61	-0.1717788317
10.62	-0.1701039947
10.63	-0.1683062908
10.64	-0.1663884173
10.65	-0.164353143
10.66	-0.1622033056
10.67	-0.1599418084
10.68	-0.1575716174
10.69	-0.1550957586
10.7	-0.152517314
10.71	-0.1498394196
10.72	-0.1470652614
10.73	-0.1441980728
10.74	-0.1412411314
10.75	-0.1381977559
10.76	-0.1350713024
10.77	-0.1318651624
10.78	-0.1285827586
10.79	-0.1252275422
10.8	-0.12180299
10.81	-0.1183126009
10.82	-0.1147598932
10.83	-0.111148401
10.84	-0.1074816718
10.85	-0.1037632627
10.86	-0.09999673829
10.87	-0.09618566675
10.88	-0.09233361748
10.89	-0.08844415796
10.9	-0.08452085085
10.91	-0.08056725111
10.92	-0.0765869032
10.93	-0.07258333823
10.94	-0.06856007124
10.95	-0.06452059844
10.96	-0.06046839456
10.97	-0.05640691018
10.98	-0.05233956917
10.99	-0.04826976614
11	-0.04420086393
11.01	-0.0401361912
11.02	-0.03607904
11.03	-0.03203266346
11.04	-0.02800027351
11.05	-0.02398503863
11.06	-0.01999008173
11.07	-0.01601847799
11.08	-0.01207325284
11.09	-0.008157379966
11.1	-0.004273779402
11.11	-0.0004253156425
11.12	0.003385204137
11.13	0.00715503182
11.14	0.01088148001
11.15	0.01456192364
11.16	0.01819380148
11.17	0.02177461765
11.18	0.02530194297
11.19	0.02877341632
11.2	0.03218674586
11.21	0.03553971029
11.22	0.0388301599
11.23	0.04205601765
11.24	0.04521528016
11.25	0.0483060186
11.26	0.05132637955
11.27	0.05427458576
11.28	0.05714893684
11.29	0.05994780992
11.3	0.06266966017
11.31	0.06531302131
11.32	0.06787650606
11.33	0.07035880644
11.34	0.07275869408
11.35	0.07507502043
11.36	0.07730671693
11.37	0.07945279506
11.38	0.08151234637
11.39	0.08348454241
11.4	0.08536863464
11.41	0.08716395425
11.42	0.08886991188
11.43	0.09048599735
11.44	0.09201177927
11.45	0.09344690462
11.46	0.09479109825
11.47	0.09604416234
11.48	0.09720597579
11.49	0.09827649355
11.5	0.09925574592
11.51	0.1001438377
11.52	0.1009409476
11.53	0.1016473269
11.54	0.1022632991
11.55	0.1027892585
11.56	0.1032256691
11.57	0.1035730642
11.58	0.1038320444
11.59	0.1040032771
11.6	0.104087495
11.61	0.1040854946
11.62	0.1039981357
11.63	0.103826339
11.64	0.1035710859
11.65	0.103233416
11.66	0.1028144263
11.67	0.1023152698
11.68	0.1017371535
11.69	0.1010813373
11.7	0.1003491322
11.71	0.09954189906
11.72	0.09866104645
11.73	0.09770802947
11.74	0.0966843479
11.75	0.09559154456
11.76	0.09443120362
11.77	0.09320494888
11.78	0.09191444207
11.79	0.09056138107
11.8	0.08914749819
11.81	0.08767455838
11.82	0.08614435749
11.83	0.08455872044
11.84	0.08291949951
11.85	0.08122857246
11.86	0.0794878408
11.87	0.07769922797
11.88	0.07586467754
11.89	0.07398615145
11.9	0.07206562815
11.91	0.07010510088
11.92	0.06810657585
11.93	0.06607207048
11.94	0.06400361164
11.95	0.06190323387
11.96	0.05977297764
11.97	0.05761488765
11.98	0.05543101108
11.99	0.05322339587
12	0.05099408907
12.01	0.04874513517
12.02	0.04647857442
12.03	0.04419644119
12.04	0.04190076241
12.05	0.03959355596
12.06	0.03727682906
12.07	0.03495257679
12.08	0.03262278057
12.09	0.03028940661
12.1	0.02795440453
12.11	0.02561970586
12.12	0.02328722267
12.13	0.0209588462
12.14	0.01863644548
12.15	0.01632186606
12.16	0.0140169287
12.17	0.01172342815
12.18	0.009443131887
12.19	0.007177779008
12.2	0.004929079027
12.21	0.002698710794
12.22	0.0004883214154
12.23	-0.001700474778
12.24	-0.003866097232
12.25	-0.006007000127
12.26	-0.008121673301
12.27	-0.01020864314
12.28	-0.0122664734
12.29	-0.01429376605
12.3	-0.01628916201
12.31	-0.01825134188
12.32	-0.02017902666
12.33	-0.02207097834
12.34	-0.02392600055
12.35	-0.02574293913
12.36	-0.02752068263
12.37	-0.02925816281
12.38	-0.03095435509
12.39	-0.03260827894
12.4	-0.03421899829
12.41	-0.03578562178
12.42	-0.03730730313
12.43	-0.03878324132
12.44	-0.04021268083
12.45	-0.04159491179
12.46	-0.04292927014
12.47	-0.04421513768
12.48	-0.04545194213
12.49	-0.04663915717
12.5	-0.04777630237
12.51	-0.04886294317
12.52	-0.04989869076
12.53	-0.05088320193
12.54	-0.05181617893
12.55	-0.05269736923
12.56	-0.05352656531
12.57	-0.05430360435
12.58	-0.05502836793
12.59	-0.0557007817
12.6	-0.05632081499
12.61	-0.0568884804
12.62	-0.05740383335
12.63	-0.05786697163
12.64	-0.05827803489
12.65	-0.0586372041
12.66	-0.05894470099
12.67	-0.05920078748
12.68	-0.05940576505
12.69	-0.05955997411
12.7	-0.05966379332
12.71	-0.05971763891
12.72	-0.05972196394
12.73	-0.05967725763
12.74	-0.05958404449
12.75	-0.05944288366
12.76	-0.059254368
12.77	-0.05901912333
12.78	-0.05873780759
12.79	-0.05841110994
12.8	-0.05803974993
12.81	-0.05762447656
12.82	-0.05716606743
12.83	-0.05666532775
12.84	-0.05612308947
12.85	-0.05554021029
12.86	-0.05491757271
12.87	-0.05425608307
12.88	-0.05355667056
12.89	-0.05282028622
12.9	-0.05204790197
12.91	-0.05124050958
12.92	-0.05039911966
12.93	-0.04952476066
12.94	-0.04861847786
12.95	-0.04768133229
12.96	-0.04671439976
12.97	-0.0457187698
12.98	-0.04469554465
12.99	-0.0436458382
13	-0.042570775
13.01	-0.04147148919
13.02	-0.04034912352
13.03	-0.03920482827
13.04	-0.03803976028
13.05	-0.03685508191
13.06	-0.03565196007
13.07	-0.03443156513
13.08	-0.03319507005
13.09	-0.03194364927
13.1	-0.03067847782
13.11	-0.02940073031
13.12	-0.02811157996
13.13	-0.02681219771
13.14	-0.0255037512
13.15	-0.02418740391
13.16	-0.02286431421
13.17	-0.0215356345
13.18	-0.02020251026
13.19	-0.01886607926
13.2	-0.01752747064
13.21	-0.01618780407
13.22	-0.014848189
13.23	-0.01350972374
13.24	-0.01217349477
13.25	-0.01084057592
13.26	-0.009512027591
13.27	-0.008188896082
13.28	-0.00687221282
13.29	-0.005562993683
13.3	-0.004262238321
13.31	-0.002970929491
13.32	-0.001690032425
13.33	-0.0004204942102
13.34	0.0008367568088
13.35	0.002080811602
13.36	0.003310781009
13.37	0.004525796272
13.38	0.005725009542
13.39	0.006907594369
13.4	0.008072746166
13.41	0.009219682653
13.42	0.01034764427
13.43	0.01145589459
13.44	0.01254372068
13.45	0.01361043343
13.46	0.01465536794
13.47	0.01567788378
13.48	0.01667736527
13.49	0.01765322176
13.5	0.01860488785
13.51	0.01953182361
13.52	0.02043351478
13.53	0.02130947291
13.54	0.02215923552
13.55	0.02298236623
13.56	0.02377845483
13.57	0.0245471174
13.58	0.0252879963
13.59	0.02600076027
13.6	0.02668510439
13.61	0.02734075011
13.62	0.02796744516
13.63	0.02856496354
13.64	0.02913310545
13.65	0.02967169714
13.66	0.03018059087
13.67	0.03065966468
13.68	0.03110882234
13.69	0.03152799307
13.7	0.03191713142
13.71	0.03227621701
13.72	0.03260525433
13.73	0.03290427246
13.74	0.03317332482
13.75	0.03341248888
13.76	0.03362186584
13.77	0.03380158036
13.78	0.03395178017
13.79	0.03407263572
13.8	0.03416433988
13.81	0.03422710748
13.82	0.03426117495
13.83	0.03426679992
13.84	0.03424426079
13.85	0.03419385629
13.86	0.03411590501
13.87	0.034010745
13.88	0.03387873325
13.89	0.03372024523
13.9	0.03353567438
13.91	0.03332543163
13.92	0.03308994487
13.93	0.03282965845
13.94	0.03254503264
13.95	0.03223654309
13.96	0.03190468029
13.97	0.03154994903
13.98	0.03117286782
13.99	0.03077396838
14	0.03035379499
14.01	0.02991290399
14.02	0.02945186319
14.03	0.02897125124
14.04	0.02847165712
14.05	0.02795367952
14.06	0.02741792622
14.07	0.02686501357
14.08	0.02629556585
14.09	0.02571021468
14.1	0.02510959845
14.11	0.02449436172
14.12	0.02386515464
14.13	0.02322263233
14.14	0.02256745432
14.15	0.02190028396
14.16	0.02122178785
14.17	0.02053263522
14.18	0.01983349741
14.19	0.01912504725
14.2	0.01840795853
14.21	0.0176829054
14.22	0.01695056186
14.23	0.01621160117
14.24	0.01546669532
14.25	0.0147165145
14.26	0.01396172653
14.27	0.01320299641
14.28	0.01244098571
14.29	0.01167635214
14.3	0.010909749
14.31	0.01014182472
14.32	0.009373222344
14.33	0.008604579089
14.34	0.007836525856
14.35	0.00706968679
14.36	0.006304678826
14.37	0.005542111259
14.38	0.004782585322
14.39	0.004026693768
14.4	0.003275020472
14.41	0.002528140039
14.42	0.001786617426
14.43	0.001051007571
14.44	0.0003218550434
14.45	-0.0004003063044
14.46	-0.001114953666
14.47	-0.001821575601
14.48	-0.002519672341
14.49	-0.003208756083
14.5	-0.003888351271
14.51	-0.004557994864
14.52	-0.005217236591
14.53	-0.005865639194
14.54	-0.006502778657
14.55	-0.007128244423
14.56	-0.007741639592
14.57	-0.008342581119
14.58	-0.008930699983
14.59	-0.009505641353
14.6	-0.01006706474
14.61	-0.01061464413
14.62	-0.0111480681
14.63	-0.01166703996
14.64	-0.0121712778
14.65	-0.01266051462
14.66	-0.01313449837
14.67	-0.01359299203
14.68	-0.01403577363
14.69	-0.01446263632
14.7	-0.01487338834
14.71	-0.01526785306
14.72	-0.01564586899
14.73	-0.01600728972
14.74	-0.01635198389
14.75	-0.01667983521
14.76	-0.01699074233
14.77	-0.01728461883
14.78	-0.0175613931
14.79	-0.01782100828
14.8	-0.01806342215
14.81	-0.01828860703
14.82	-0.01849654962
14.83	-0.01868725093
14.84	-0.01886072608
14.85	-0.01901700417
14.86	-0.01915612814
14.87	-0.01927815454
14.88	-0.01938315341
14.89	-0.01947120804
14.9	-0.01954241481
14.91	-0.01959688294
14.92	-0.0196347343
14.93	-0.01965610319
14.94	-0.01966113609
14.95	-0.01964999141
14.96	-0.01962283926
14.97	-0.01957986118
14.98	-0.01952124992
14.99	-0.01944720909
15	-0.01935795296
15.01	-0.01925370613
15.02	-0.01913470327
15.03	-0.01900118883
15.04	-0.01885341672
15.05	-0.01869165002
15.06	-0.01851616066
15.07	-0.01832722914
15.08	-0.01812514419
15.09	-0.01791020245
15.1	-0.01768270816
15.11	-0.01744297282
15.12	-0.01719131489
15.13	-0.01692805942
15.14	-0.01665353776
15.15	-0.01636808718
15.16	-0.01607205058
15.17	-0.01576577613
15.18	-0.01544961691
15.19	-0.01512393063
15.2	-0.01478907922
15.21	-0.01444542856
15.22	-0.01409334808
15.23	-0.01373321047
15.24	-0.0133653913
15.25	-0.01299026872
15.26	-0.01260822311
15.27	-0.01221963673
15.28	-0.01182489341
15.29	-0.0114243782
15.3	-0.01101847708
15.31	-0.01060757659
15.32	-0.01019206351
15.33	-0.009772324577
15.34	-0.009348746143
15.35	-0.008921713861
15.36	-0.008491612378
15.37	-0.008058825036
15.38	-0.007623733562
15.39	-0.007186717776
15.4	-0.0067481553
15.41	-0.006308421262
15.42	-0.005867888023
15.43	-0.005426924892
15.44	-0.004985897856
15.45	-0.004545169316
15.46	-0.004105097817
15.47	-0.003666037801
15.48	-0.003228339353
15.49	-0.002792347958
15.5	-0.002358404262
15.51	-0.001926843842
15.52	-0.001497996981
15.53	-0.001072188452
15.54	-0.0006497373005
15.55	-0.0002309566464
15.56	0.000183846518
15.57	0.0005943715177
15.58	0.001000324178
15.59	0.001401417004
15.6	0.001797369344
15.61	0.002187907559
15.62	0.002572765171
15.63	0.002951683017
15.64	0.003324409381
15.65	0.003690700132
15.66	0.004050318847
15.67	0.004403036928
15.68	0.004748633713
15.69	0.005086896576
15.7	0.005417621022
15.71	0.005740610777
15.72	0.006055677861
15.73	0.006362642665
15.74	0.006661334014
15.75	0.006951589221
15.76	0.007233254139
15.77	0.0075061832
15.78	0.007770239452
15.79	0.008025294581
15.8	0.008271228936
15.81	0.008507931536
15.82	0.008735300079
15.83	0.008953240935
15.84	0.00916166914
15.85	0.00936050838
15.86	0.009549690962
15.87	0.009729157792
15.88	0.00989885833
15.89	0.01005875055
15.9	0.0102088009
15.91	0.01034898421
15.92	0.01047928369
15.93	0.01059969078
15.94	0.01071020517
15.95	0.01081083463
15.96	0.01090159496
15.97	0.01098250994
15.98	0.01105361114
15.99	0.01111493789
16	0.01116653714
16.01	0.01120846336
16.02	0.01124077841
16.03	0.01126355141
16.04	0.01127685862
16.05	0.01128078333
16.06	0.01127541566
16.07	0.01126085247
16.08	0.01123719722
16.09	0.01120455977
16.1	0.01116305627
16.11	0.01111280899
16.12	0.01105394613
16.13	0.01098660171
16.14	0.01091091537
16.15	0.01082703219
16.16	0.01073510253
16.17	0.01063528188
16.18	0.01052773062
16.19	0.0104126139
16.2	0.01029010143
16.21	0.01016036728
16.22	0.01002358973
16.23	0.009879951054
16.24	0.009729637353
16.25	0.009572838338
16.26	0.009409747158
16.27	0.009240560199
16.28	0.009065476895
16.29	0.008884699533
16.3	0.008698433055
16.31	0.008506884869
16.32	0.00831026465
16.33	0.008108784148
16.34	0.007902656993
16.35	0.007692098501
16.36	0.007477325479
16.37	0.007258556035
16.38	0.007036009385
16.39	0.006809905662
16.4	0.006580465726
16.41	0.006347910976
16.42	0.006112463165
16.43	0.005874344208
16.44	0.005633776009
16.45	0.005390980268
16.46	0.005146178308
16.47	0.004899590898
16.48	0.00465143807
16.49	0.004401938955
16.5	0.004151311605
16.51	0.003899772829
16.52	0.003647538028
16.53	0.003394821027
16.54	0.003141833922
16.55	0.002888786919
16.56	0.002635888181
16.57	0.00238334368
16.58	0.002131357045
16.59	0.001880129425
16.6	0.001629859342
16.61	0.001380742557
16.62	0.001132971941
16.63	0.0008867373362
16.64	0.0006422254402
16.65	0.000399619678
16.66	0.0001591000862
16.67	-7.915680119e-05
16.68	-0.0003149780628
16.69	-0.0005481944955
16.7	-0.0007786407168
16.71	-0.001006155262
16.72	-0.001230580677
16.73	-0.00145176361
16.74	-0.001669554893
16.75	-0.001883809626
16.76	-0.002094387251
16.77	-0.002301151623
16.78	-0.002503971083
16.79	-0.002702718515
16.8	-0.002897271409
16.81	-0.003087511917
16.82	-0.003273326896
16.83	-0.003454607964
16.84	-0.003631251533
16.85	-0.003803158851
16.86	-0.003970236033
16.87	-0.004132394092
16.88	-0.00428954896
16.89	-0.004441621509
16.9	-0.004588537568
16.91	-0.004730227933
16.92	-0.004866628377
16.93	-0.00499767965
16.94	-0.005123327479
16.95	-0.005243522563
16.96	-0.005358220565
16.97	-0.005467382099
16.98	-0.00557097271
16.99	-0.005668962859
17	-0.005761327892
17.01	-0.005848048015
17.02	-0.005929108262
17.03	-0.006004498458
17.04	-0.00607421318
17.05	-0.006138251715
17.06	-0.006196618013
17.07	-0.006249320638
17.08	-0.006296372713
17.09	-0.006337791867
17.1	-0.006373600173
17.11	-0.006403824088
17.12	-0.006428494385
17.13	-0.006447646088
17.14	-0.006461318397
17.15	-0.006469554618
17.16	-0.006472402086
17.17	-0.006469912084
17.18	-0.006462139763
17.19	-0.006449144058
17.2	-0.006430987603
17.21	-0.006407736641
17.22	-0.006379460937
17.23	-0.00634623368
17.24	-0.006308131395
17.25	-0.006265233843
17.26	-0.006217623927
17.27	-0.006165387587
17.28	-0.006108613706
17.29	-0.006047394002
17.3	-0.00598182293
17.31	-0.005911997573
17.32	-0.005838017537
17.33	-0.005759984846
17.34	-0.005678003832
17.35	-0.005592181029
17.36	-0.005502625062
17.37	-0.005409446536
17.38	-0.005312757928
17.39	-0.005212673475
17.4	-0.005109309064
17.41	-0.005002782117
17.42	-0.004893211482
17.43	-0.004780717324
17.44	-0.004665421008
17.45	-0.00454744499
17.46	-0.004426912706
17.47	-0.004303948461
17.48	-0.004178677317
17.49	-0.004051224985
17.5	-0.003921717714
17.51	-0.003790282183
17.52	-0.00365704539
17.53	-0.003522134549
17.54	-0.003385676982
17.55	-0.00324780001
17.56	-0.003108630854
17.57	-0.002968296528
17.58	-0.002826923738
17.59	-0.002684638781
17.6	-0.002541567446
17.61	-0.002397834915
17.62	-0.002253565667
17.63	-0.002108883383
17.64	-0.001963910851
17.65	-0.001818769877
17.66	-0.001673581192
17.67	-0.001528464365
17.68	-0.001383537715
17.69	-0.001238918232
17.7	-0.001094721485
17.71	-0.0009510615487
17.72	-0.0008080509227
17.73	-0.0006658004538
17.74	-0.0005244192624
17.75	-0.0003840146704
17.76	-0.0002446921305
17.77	-0.0001065551586
17.78	3.029473173e-05
17.79	0.000165758093
17.8	0.0002997376043
17.81	0.0004321381306
17.82	0.0005628667783
17.83	0.0006918329497
17.84	0.0008189483943
17.85	0.0009441272578
17.86	0.001067286129
17.87	0.001188344082
17.88	0.001307222722
17.89	0.00142384622
17.9	0.001538141352
17.91	0.001650037533
17.92	0.001759466846
17.93	0.001866364076
17.94	0.001970666733
17.95	0.002072315076
17.96	0.002171252137
17.97	0.002267423738
17.98	0.002360778509
17.99	0.002451267901
18	0.002538846199
18.01	0.002623470532
18.02	0.002705100876
18.03	0.002783700063
18.04	0.00285923378
18.05	0.002931670572
18.06	0.003000981836
18.07	0.003067141816
18.08	0.003130127599
18.09	0.003189919104
18.1	0.003246499068
18.11	0.003299853037
18.12	0.003349969343
18.13	0.003396839095
18.14	0.003440456149
18.15	0.003480817092
18.16	0.003517921217
18.17	0.003551770493
18.18	0.003582369541
18.19	0.003609725602
18.2	0.003633848505
18.21	0.003654750633
18.22	0.003672446888
18.23	0.003686954652
18.24	0.003698293752
18.25	0.003706486416
18.26	0.003711557229
18.27	0.003713533097
18.28	0.003712443193
18.29	0.003708318916
18.3	0.003701193843
18.31	0.003691103675
18.32	0.003678086193
18.33	0.003662181201
18.34	0.003643430479
18.35	0.003621877721
18.36	0.003597568488
18.37	0.003570550146
18.38	0.003540871816
18.39	0.003508584308
18.4	0.003473740069
18.41	0.00343639312
18.42	0.003396598998
18.43	0.003354414696
18.44	0.003309898598
18.45	0.003263110422
18.46	0.003214111155
18.47	0.003162962989
18.48	0.003109729263
18.49	0.003054474394
18.5	0.002997263816
18.51	0.002938163919
18.52	0.002877241978
18.53	0.002814566097
18.54	0.002750205138
18.55	0.002684228662
18.56	0.002616706862
18.57	0.002547710502
18.58	0.002477310848
18.59	0.00240557961
18.6	0.002332588879
18.61	0.002258411057
18.62	0.002183118803
18.63	0.002106784966
18.64	0.002029482524
18.65	0.001951284524
18.66	0.001872264021
18.67	0.001792494018
18.68	0.001712047404
18.69	0.001630996902
18.7	0.001549415002
18.71	0.001467373912
18.72	0.001384945498
18.73	0.001302201226
18.74	0.001219212113
18.75	0.001136048669
18.76	0.001052780844
18.77	0.0009694779804
18.78	0.0008862087574
18.79	0.0008030411437
18.8	0.0007200423485
18.81	0.0006372787738
18.82	0.0005548159677
18.83	0.0004727185797
18.84	0.000391050316
18.85	0.000309873897
18.86	0.0002292510157
18.87	0.000149242297
18.88	6.990725885e-05
18.89	-8.695725485e-06
18.9	-8.650946419e-05
18.91	-0.0001634779819
18.92	-0.0002395465534
18.93	-0.0003146617364
18.94	-0.0003887714023
18.95	-0.0004618247659
18.96	-0.000533772414
18.97	-0.0006045663319
18.98	-0.000674159929
18.99	-0.000742508063
19	-0.0008095670623
19.01	-0.0008752947473
19.02	-0.0009396504502
19.03	-0.001002595033
19.04	-0.001064090905
19.05	-0.001124102038
19.06	-0.001182593979
19.07	-0.001239533866
19.08	-0.001294890435
19.09	-0.001348634034
19.1	-0.001400736626
19.11	-0.001451171802
19.12	-0.001499914783
19.13	-0.001546942423
19.14	-0.001592233215
19.15	-0.00163576729
19.16	-0.001677526417
19.17	-0.001717494005
19.18	-0.001755655094
19.19	-0.001791996358
19.2	-0.001826506093
19.21	-0.001859174217
19.22	-0.001889992258
19.23	-0.001918953343
19.24	-0.001946052195
19.25	-0.001971285115
19.26	-0.001994649971
19.27	-0.002016146185
19.28	-0.002035774718
19.29	-0.002053538052
19.3	-0.002069440176
19.31	-0.002083486565
19.32	-0.002095684162
19.33	-0.002106041357
19.34	-0.002114567968
19.35	-0.002121275214
19.36	-0.002126175697
19.37	-0.002129283375
19.38	-0.002130613536
19.39	-0.002130182778
19.4	-0.002128008974
19.41	-0.002124111251
19.42	-0.002118509959
19.43	-0.002111226645
19.44	-0.002102284019
19.45	-0.002091705926
19.46	-0.002079517316
19.47	-0.002065744213
19.48	-0.002050413681
19.49	-0.00203355379
19.5	-0.002015193589
19.51	-0.001995363066
19.52	-0.001974093117
19.53	-0.001951415512
19.54	-0.001927362859
19.55	-0.00190196857
19.56	-0.001875266825
19.57	-0.001847292536
19.58	-0.001818081311
19.59	-0.00178766942
19.6	-0.001756093754
19.61	-0.001723391796
19.62	-0.001689601575
19.63	-0.001654761638
19.64	-0.001618911008
19.65	-0.001582089148
19.66	-0.001544335926
19.67	-0.001505691578
19.68	-0.00146619667
19.69	-0.001425892061
19.7	-0.001384818868
19.71	-0.001343018431
19.72	-0.001300532273
19.73	-0.001257402068
19.74	-0.001213669602
19.75	-0.001169376741
19.76	-0.001124565394
19.77	-0.001079277475
19.78	-0.001033554877
19.79	-0.0009874394293
19.8	-0.0009409728676
19.81	-0.0008941968013
19.82	-0.0008471526789
19.83	-0.0007998817569
19.84	-0.0007524250669
19.85	-0.0007048233847
19.86	-0.0006571171996
19.87	-0.0006093466833
19.88	-0.000561551661
19.89	-0.0005137715813
19.9	-0.0004660454883
19.91	-0.0004184119933
19.92	-0.0003709092474
19.93	-0.0003235749149
19.94	-0.000276446147
19.95	-0.0002295595568
19.96	-0.0001829511945
19.97	-0.0001366565232
19.98	-9.071039587e-05
19.99	-4.514703287e-05
20	-3.502729356e-18
20.01	4.469781238e-05
20.02	8.891420969e-05
20.03	0.0001326177126
20.04	0.0001757775756
20.05	0.0002183638051
20.06	0.0002603471767
20.07	0.0003016992509
20.08	0.0003423923893
20.09	0.000382399769
20.1	0.0004216953963
20.11	0.0004602541203
20.12	0.0004980516444
20.13	0.0005350645385
20.14	0.0005712702491
20.15	0.0006066471092
20.16	0.0006411743474
20.17	0.0006748320957
20.18	0.0007076013972
20.19	0.0007394642123
20.2	0.0007704034245
20.21	0.0008004028452
20.22	0.0008294472177
20.23	0.0008575222207
20.24	0.0008846144702
20.25	0.0009107115219
20.26	0.0009358018714
20.27	0.0009598749547
20.28	0.0009829211471
20.29	0.001004931762
20.3	0.00102589905
20.31	0.001045816192
20.32	0.0010646773
20.33	0.001082477411
20.34	0.001099212481
20.35	0.001114879379
20.36	0.001129475884
20.37	0.001143000672
20.38	0.001155453314
20.39	0.001166834263
20.4	0.001177144846
20.41	0.001186387258
20.42	0.001194564544
20.43	0.001201680595
20.44	0.001207740135
20.45	0.001212748704
20.46	0.001216712652
20.47	0.001219639121
20.48	0.001221536034
20.49	0.00122241208
20.5	0.001222276697
20.51	0.00122114006
20.52	0.001219013065
20.53	0.00121590731
20.54	0.001211835082
20.55	0.001206809337
20.56	0.001200843686
20.57	0.001193952375
20.58	0.001186150266
20.59	0.001177452822
20.6	0.001167876086
20.61	0.001157436664
20.62	0.001146151701
20.63	0.001134038867
20.64	0.001121116337
20.65	0.001107402767
20.66	0.001092917276
20.67	0.001077679428
20.68	0.001061709207
20.69	0.001045027001
20.7	0.001027653578
20.71	0.001009610067
20.72	0.0009909179364
20.73	0.0009715989719
20.74	0.0009516752578
20.75	0.0009311691543
20.76	0.000910103277
20.77	0.0008885004754
20.78	0.0008663838122
20.79	0.0008437765421
20.8	0.0008207020909
20.81	0.0007971840345
20.82	0.000773246078
20.83	0.0007489120352
20.84	0.0007242058077
20.85	0.0006991513648
20.86	0.0006737727227
20.87	0.0006480939246
20.88	0.0006221390208
20.89	0.0005959320487
20.9	0.0005694970133
20.91	0.0005428578679
20.92	0.0005160384946
20.93	0.000489062686
20.94	0.0004619541263
20.95	0.0004347363727
20.96	0.0004074328376
20.97	0.0003800667711
20.98	0.000352661243
20.99	0.0003252391259
21	0.0002978230785
21.01	0.000270435529
21.02	0.0002430986593
21.03	0.0002158343886
21.04	0.0001886643588
21.05	0.0001616099191
21.06	0.0001346921112
21.07	0.0001079316557
21.08	8.134893772e-05
21.09	5.496399386e-05
21.1	2.879649909e-05
21.11	2.865754257e-06
21.12	-2.280932606e-05
21.13	-4.821022518e-05
21.14	-7.331883558e-05
21.15	-9.811746966e-05
21.16	-0.0001225888701
21.17	-0.0001467162197
21.18	-0.0001704831507
21.19	-0.0001938737541
21.2	-0.0002168725877
21.21	-0.0002394646843
21.22	-0.0002616355594
21.23	-0.0002833712179
21.24	-0.0003046581612
21.25	-0.000325483393
21.26	-0.0003458344251
21.27	-0.0003656992822
21.28	-0.0003850665075
21.29	-0.0004039251659
21.3	-0.0004222648486
21.31	-0.000440075676
21.32	-0.0004573483003
21.33	-0.0004740739087
21.34	-0.0004902442244
21.35	-0.0005058515086
21.36	-0.0005208885614
21.37	-0.0005353487221
21.38	-0.0005492258696
21.39	-0.000562514422
21.4	-0.0005752093356
21.41	-0.000587306104
21.42	-0.0005988007561
21.43	-0.0006096898543
21.44	-0.000619970492
21.45	-0.0006296402906
21.46	-0.000638697396
21.47	-0.0006471404754
21.48	-0.0006549687128
21.49	-0.0006621818048
21.5	-0.0006687799553
21.51	-0.000674763871
21.52	-0.000680134755
21.53	-0.0006848943016
21.54	-0.0006890446895
21.55	-0.0006925885755
21.56	-0.0006955290875
21.57	-0.0006978698171
21.58	-0.0006996148122
21.59	-0.0007007685691
21.6	-0.0007013360243
21.61	-0.0007013225461
21.62	-0.000700733926
21.63	-0.0006995763696
21.64	-0.0006978564874
21.65	-0.0006955812853
21.66	-0.0006927581553
21.67	-0.000689394865
21.68	-0.0006854995479
21.69	-0.0006810806931
21.7	-0.0006761471344
21.71	-0.0006707080401
21.72	-0.0006647729019
21.73	-0.000658351524
21.74	-0.0006514540118
21.75	-0.0006440907608
21.76	-0.000636272445
21.77	-0.0006280100056
21.78	-0.0006193146391
21.79	-0.0006101977858
21.8	-0.0006006711179
21.81	-0.0005907465275
21.82	-0.000580436115
21.83	-0.0005697521767
21.84	-0.0005587071929
21.85	-0.000547313816
21.86	-0.0005355848584
21.87	-0.0005235332799
21.88	-0.0005111721764
21.89	-0.0004985147671
21.9	-0.0004855743829
21.91	-0.0004723644541
21.92	-0.0004588984984
21.93	-0.000445190109
21.94	-0.000431252943
21.95	-0.0004171007089
21.96	-0.0004027471553
21.97	-0.0003882060594
21.98	-0.0003734912147
21.99	-0.0003586164205
22	-0.0003435954694
22.01	-0.0003284421373
22.02	-0.000313170171
22.03	-0.0002977932783
22.04	-0.0002823251164
22.05	-0.0002667792815
22.06	-0.0002511692985
22.07	-0.0002355086099
22.08	-0.0002198105664
22.09	-0.0002040884164
22.1	-0.0001883552961
22.11	-0.0001726242202
22.12	-0.0001569080721
22.13	-0.0001412195949
22.14	-0.0001255713819
22.15	-0.0001099758685
22.16	-9.44453227e-05
22.17	-7.89918375e-05
22.18	-6.362732216e-05
22.19	-4.836349453e-05
22.2	-3.321187324e-05
22.21	-1.818377029e-05
22.22	-3.290283815e-06
22.23	1.145770893e-05
22.24	2.604955824e-05
22.25	4.047484848e-05
22.26	5.472340424e-05
22.27	6.878529638e-05
22.28	8.265084762e-05
22.29	9.631063805e-05
22.3	0.0001097555103
22.31	0.0001229765743
22.32	0.0001359652121
22.33	0.0001487130823
22.34	0.0001612121236
22.35	0.0001734545595
22.36	0.0001854329009
22.37	0.0001971399503
22.38	0.000208568804
22.39	0.0002197128552
22.4	0.0002305657968
22.41	0.0002411216229
22.42	0.0002513746312
22.43	0.0002613194245
22.44	0.0002709509121
22.45	0.0002802643111
22.46	0.0002892551469
22.47	0.0002979192542
22.48	0.0003062527771
22.49	0.0003142521691
22.5	0.0003219141932
22.51	0.0003292359213
22.52	0.0003362147336
22.53	0.0003428483177
22.54	0.0003491346673
22.55	0.0003550720809
22.56	0.0003606591601
22.57	0.0003658948079
22.58	0.0003707782266
22.59	0.0003753089149
22.6	0.0003794866664
22.61	0.0003833115658
22.62	0.0003867839867
22.63	0.0003899045879
22.64	0.0003926743103
22.65	0.0003950943734
22.66	0.0003971662711
22.67	0.0003988917683
22.68	0.0004002728964
22.69	0.0004013119488
22.7	0.0004020114772
22.71	0.0004023742859
22.72	0.0004024034277
22.73	0.0004021021989
22.74	0.0004014741338
22.75	0.0004005229996
22.76	0.000399252791
22.77	0.0003976677249
22.78	0.0003957722344
22.79	0.000393570963
22.8	0.0003910687589
22.81	0.0003882706689
22.82	0.0003851819325
22.83	0.0003818079751
22.84	0.0003781544023
22.85	0.0003742269932
22.86	0.0003700316943
22.87	0.0003655746121
22.88	0.0003608620077
22.89	0.0003559002891
22.9	0.0003506960049
22.91	0.0003452558377
22.92	0.000339586597
22.93	0.0003336952125
22.94	0.000327588727
22.95	0.0003212742898
22.96	0.0003147591497
22.97	0.0003080506478
22.98	0.0003011562109
22.99	0.0002940833445
23	0.0002868396257
23.01	0.0002794326962
23.02	0.0002718702557
23.03	0.000264160055
23.04	0.0002563098886
23.05	0.0002483275886
23.06	0.0002402210173
23.07	0.000231998061
23.08	0.0002236666226
23.09	0.0002152346157
23.1	0.0002067099576
23.11	0.0001981005625
23.12	0.0001894143359
23.13	0.0001806591671
23.14	0.0001718429239
23.15	0.0001629734456
23.16	0.0001540585373
23.17	0.0001451059638
23.18	0.0001361234434
23.19	0.0001271186422
23.2	0.0001180991682
23.21	0.0001090725659
23.22	0.0001000463105
23.23	9.102780253e-05
23.24	8.202436258e-05
23.25	7.304322597e-05
23.26	6.409153776e-05
23.27	5.517634778e-05
23.28	4.630460574e-05
23.29	3.748315659e-05
23.3	2.87187359e-05
23.31	2.001796545e-05
23.32	1.138734891e-05
23.33	2.833267702e-06
23.34	-5.638023029e-06
23.35	-1.402039829e-05
23.36	-2.230786697e-05
23.37	-3.049457541e-05
23.38	-3.857481086e-05
23.39	-4.654300475e-05
23.4	-5.43937358e-05
23.41	-6.212173306e-05
23.42	-6.972187868e-05
23.43	-7.718921059e-05
23.44	-8.451892508e-05
23.45	-9.170637909e-05
23.46	-9.874709247e-05
23.47	-0.00010563675
23.48	-0.0001123712033
23.49	-0.0001189464726
23.5	-0.0001253587482
23.51	-0.0001316043923
23.52	-0.0001376799396
23.53	-0.000143582099
23.54	-0.0001493077545
23.55	-0.0001548539656
23.56	-0.0001602179684
23.57	-0.000165397176
23.58	-0.0001703891788
23.59	-0.0001751917446
23.6	-0.0001798028191
23.61	-0.0001842205251
23.62	-0.0001884431632
23.63	-0.0001924692104
23.64	-0.0001962973204
23.65	-0.0001999263227
23.66	-0.0002033552217
23.67	-0.0002065831957
23.68	-0.0002096095961
23.69	-0.0002124339463
23.7	-0.0002150559399
23.71	-0.0002174754396
23.72	-0.0002196924756
23.73	-0.0002217072439
23.74	-0.0002235201044
23.75	-0.0002251315792
23.76	-0.0002265423501
23.77	-0.000227753257
23.78	-0.0002287652953
23.79	-0.0002295796136
23.8	-0.0002301975114
23.81	-0.0002306204361
23.82	-0.0002308499809
23.83	-0.0002308878817
23.84	-0.0002307360142
23.85	-0.0002303963913
23.86	-0.0002298711598
23.87	-0.0002291625972
23.88	-0.0002282731091
23.89	-0.0002272052252
23.9	-0.0002259615965
23.91	-0.000224544992
23.92	-0.0002229582947
23.93	-0.0002212044986
23.94	-0.000219286705
23.95	-0.0002172081187
23.96	-0.0002149720448
23.97	-0.0002125818844
23.98	-0.0002100411312
23.99	-0.0002073533679
24	-0.0002045222619
24.01	-0.0002015515617
24.02	-0.0001984450932
24.03	-0.0001952067553
24.04	-0.0001918405167
24.05	-0.000188350411
24.06	-0.0001847405337
24.07	-0.0001810150376
24.08	-0.000177178129
24.09	-0.0001732340638
24.1	-0.0001691871435
24.11	-0.0001650417111
24.12	-0.0001608021471
24.13	-0.0001564728658
24.14	-0.0001520583111
24.15	-0.0001475629526
24.16	-0.0001429912818
24.17	-0.0001383478079
24.18	-0.0001336370544
24.19	-0.0001288635547
24.2	-0.0001240318489
24.21	-0.0001191464794
24.22	-0.0001142119874
24.23	-0.0001092329095
24.24	-0.0001042137733
24.25	-9.915909469e-05
24.26	-9.40733734e-05
24.27	-8.896109003e-05
24.28	-8.382670233e-05
24.29	-7.867464186e-05
24.3	-7.350931055e-05
24.31	-6.833507743e-05
24.32	-6.315627536e-05
24.33	-5.797719785e-05
24.34	-5.280209588e-05
24.35	-4.763517489e-05
24.36	-4.248059177e-05
24.37	-3.734245193e-05
24.38	-3.222480642e-05
24.39	-2.713164919e-05
24.4	-2.206691436e-05
24.41	-1.703447359e-05
24.42	-1.203813352e-05
24.43	-7.081633309e-06
24.44	-2.168642224e-06
24.45	2.697242662e-06
24.46	7.512498709e-06
24.47	1.227367986e-05
24.48	1.697741869e-05
24.49	2.162042842e-05
24.5	2.619950478e-05
24.51	3.071152781e-05
24.52	3.515346363e-05
24.53	3.9522366e-05
24.54	4.381537794e-05
24.55	4.802973312e-05
24.56	5.216275726e-05
24.57	5.621186942e-05
24.58	6.017458315e-05
24.59	6.404850763e-05
24.6	6.783134865e-05
24.61	7.152090954e-05
24.62	7.511509201e-05
24.63	7.861189687e-05
24.64	8.200942472e-05
24.65	8.530587647e-05
24.66	8.849955387e-05
24.67	9.158885984e-05
24.68	9.457229882e-05
24.69	9.744847697e-05
24.7	0.0001002161023
24.71	0.0001028739847
24.72	0.000105421036
24.73	0.0001078562697
24.74	0.0001101788008
24.75	0.0001123878456
24.76	0.0001144827213
24.77	0.0001164628456
24.78	0.0001183277359
24.79	0.0001200770093
24.8	0.0001217103811
24.81	0.0001232276648
24.82	0.000124628771
24.83	0.0001259137063
24.84	0.0001270825727
24.85	0.0001281355662
24.86	0.0001290729761
24.87	0.0001298951835
24.88	0.0001306026604
24.89	0.0001311959678
24.9	0.0001316757552
24.91	0.0001320427586
24.92	0.0001322977991
24.93	0.0001324417815
24.94	0.0001324756929
24.95	0.0001324006006
24.96	0.0001322176509
24.97	0.0001319280669
24.98	0.0001315331473
24.99	0.0001310342641
25	0.000130432861
25.01	0.0001297304514
25.02	0.0001289286165
25.03	0.0001280290033
25.04	0.0001270333226
25.05	0.0001259433471
25.06	0.0001247609092
25.07	0.0001234878986
25.08	0.0001221262609
25.09	0.0001206779948
25.1	0.0001191451504
25.11	0.0001175298264
25.12	0.0001158341686
25.13	0.0001140603672
25.14	0.0001122106548
25.15	0.0001102873039
25.16	0.000108292625
25.17	0.0001062289639
25.18	0.0001040986999
25.19	0.000101904243
25.2	9.964803196e-05
25.21	9.733253201e-05
25.22	9.496023241e-05
25.23	9.253364426e-05
25.24	9.00552982e-05
25.25	8.752774216e-05
25.26	8.495353907e-05
25.27	8.233526462e-05
25.28	7.967550504e-05
25.29	7.697685483e-05
25.3	7.42419146e-05
25.31	7.147328882e-05
25.32	6.867358372e-05
25.33	6.584540505e-05
25.34	6.299135602e-05
25.35	6.011403513e-05
25.36	5.721603414e-05
25.37	5.429993597e-05
25.38	5.136831267e-05
25.39	4.842372348e-05
25.4	4.546871275e-05
25.41	4.250580811e-05
25.42	3.953751849e-05
25.43	3.656633229e-05
25.44	3.35947155e-05
25.45	3.062510995e-05
25.46	2.765993152e-05
25.47	2.47015684e-05
25.48	2.175237946e-05
25.49	1.881469254e-05
25.5	1.589080292e-05
25.51	1.298297168e-05
25.52	1.009342426e-05
25.53	7.22434896e-06
25.54	4.377895494e-06
25.55	1.556173643e-06
25.56	-1.238748094e-06
25.57	-4.004843784e-06
25.58	-6.740131296e-06
25.59	-9.442673493e-06
25.6	-1.211057938e-05
25.61	-1.474200517e-05
25.62	-1.733515537e-05
25.63	-1.988828373e-05
25.64	-2.239969421e-05
25.65	-2.486774188e-05
25.66	-2.729083372e-05
25.67	-2.966742945e-05
25.68	-3.199604227e-05
25.69	-3.427523952e-05
25.7	-3.650364331e-05
25.71	-3.867993116e-05
25.72	-4.080283647e-05
25.73	-4.287114905e-05
25.74	-4.488371553e-05
25.75	-4.683943973e-05
25.76	-4.873728302e-05
25.77	-5.057626457e-05
25.78	-5.235546159e-05
25.79	-5.407400954e-05
25.8	-5.573110219e-05
25.81	-5.732599176e-05
25.82	-5.885798895e-05
25.83	-6.032646289e-05
25.84	-6.173084109e-05
25.85	-6.307060935e-05
25.86	-6.434531156e-05
25.87	-6.555454955e-05
25.88	-6.669798278e-05
25.89	-6.77753281e-05
25.9	-6.878635937e-05
25.91	-6.973090712e-05
25.92	-7.060885806e-05
25.93	-7.142015471e-05
25.94	-7.216479478e-05
25.95	-7.284283072e-05
25.96	-7.345436907e-05
25.97	-7.399956988e-05
25.98	-7.447864598e-05
25.99	-7.489186237e-05
26	-7.52395354e-05
26.01	-7.552203206e-05
26.02	-7.573976914e-05
26.03	-7.589321241e-05
26.04	-7.598287572e-05
26.05	-7.600932016e-05
26.06	-7.597315308e-05
26.07	-7.587502712e-05
26.08	-7.571563929e-05
26.09	-7.54957299e-05
26.1	-7.521608152e-05
26.11	-7.487751795e-05
26.12	-7.448090314e-05
26.13	-7.402714003e-05
26.14	-7.351716946e-05
26.15	-7.295196903e-05
26.16	-7.23325519e-05
26.17	-7.165996562e-05
26.18	-7.093529095e-05
26.19	-7.015964059e-05
26.2	-6.933415802e-05
26.21	-6.84600162e-05
26.22	-6.753841631e-05
26.23	-6.657058656e-05
26.24	-6.555778081e-05
26.25	-6.450127735e-05
26.26	-6.340237762e-05
26.27	-6.226240486e-05
26.28	-6.108270284e-05
26.29	-5.986463456e-05
26.3	-5.86095809e-05
26.31	-5.731893937e-05
26.32	-5.599412276e-05
26.33	-5.463655782e-05
26.34	-5.324768397e-05
26.35	-5.182895201e-05
26.36	-5.038182277e-05
26.37	-4.890776585e-05
26.38	-4.740825832e-05
26.39	-4.588478342e-05
26.4	-4.433882929e-05
26.41	-4.277188771e-05
26.42	-4.118545284e-05
26.43	-3.958101993e-05
26.44	-3.796008415e-05
26.45	-3.632413932e-05
26.46	-3.467467669e-05
26.47	-3.301318379e-05
26.48	-3.134114319e-05
26.49	-2.966003137e-05
26.5	-2.797131757e-05
26.51	-2.627646263e-05
26.52	-2.457691791e-05
26.53	-2.287412415e-05
26.54	-2.116951045e-05
26.55	-1.946449315e-05
26.56	-1.776047486e-05
26.57	-1.605884339e-05
26.58	-1.436097081e-05
26.59	-1.266821242e-05
26.6	-1.098190586e-05
26.61	-9.303370171e-06
26.62	-7.633904887e-06
26.63	-5.974789173e-06
26.64	-4.327280978e-06
26.65	-2.69261621e-06
26.66	-1.072007948e-06
26.67	5.333543311e-07
26.68	2.122305493e-06
26.69	3.693705456e-06
26.7	5.246439881e-06
26.71	6.779420827e-06
26.72	8.291587381e-06
26.73	9.78190626e-06
26.74	1.124937238e-05
26.75	1.269300942e-05
26.76	1.411187029e-05
26.77	1.550503767e-05
26.78	1.687162444e-05
26.79	1.821077411e-05
26.8	1.95216612e-05
26.81	2.080349165e-05
26.82	2.205550314e-05
26.83	2.327696536e-05
26.84	2.446718037e-05
26.85	2.562548277e-05
26.86	2.675123997e-05
26.87	2.784385237e-05
26.88	2.890275354e-05
26.89	2.992741031e-05
26.9	3.091732293e-05
26.91	3.187202511e-05
26.92	3.279108407e-05
26.93	3.36741006e-05
26.94	3.452070901e-05
26.95	3.533057712e-05
26.96	3.610340618e-05
26.97	3.68389308e-05
26.98	3.753691886e-05
26.99	3.819717129e-05
27	3.881952198e-05
27.01	3.940383757e-05
27.02	3.995001722e-05
27.03	4.045799236e-05
27.04	4.092772647e-05
27.05	4.135921472e-05
27.06	4.175248375e-05
27.07	4.210759124e-05
27.08	4.242462563e-05
27.09	4.270370569e-05
27.1	4.294498016e-05
27.11	4.31486273e-05
27.12	4.331485445e-05
27.13	4.344389761e-05
27.14	4.35360209e-05
27.15	4.359151612e-05
27.16	4.361070221e-05
27.17	4.359392471e-05
27.18	4.354155522e-05
27.19	4.345399085e-05
27.2	4.333165362e-05
27.21	4.317498987e-05
27.22	4.298446968e-05
27.23	4.276058618e-05
27.24	4.2503855e-05
27.25	4.221481357e-05
27.26	4.189402048e-05
27.27	4.154205479e-05
27.28	4.115951539e-05
27.29	4.074702027e-05
27.3	4.030520586e-05
27.31	3.983472631e-05
27.32	3.933625274e-05
27.33	3.881047261e-05
27.34	3.825808888e-05
27.35	3.767981939e-05
27.36	3.707639602e-05
27.37	3.644856405e-05
27.38	3.579708134e-05
27.39	3.51227176e-05
27.4	3.442625367e-05
27.41	3.370848075e-05
27.42	3.297019962e-05
27.43	3.221221995e-05
27.44	3.143535948e-05
27.45	3.064044332e-05
27.46	2.982830318e-05
27.47	2.899977661e-05
27.48	2.815570629e-05
27.49	2.729693923e-05
27.5	2.64243261e-05
27.51	2.553872046e-05
27.52	2.464097801e-05
27.53	2.373195592e-05
27.54	2.281251206e-05
27.55	2.188350433e-05
27.56	2.094578993e-05
27.57	2.000022468e-05
27.58	1.904766231e-05
27.59	1.808895382e-05
27.6	1.712494674e-05
27.61	1.615648457e-05
27.62	1.518440602e-05
27.63	1.420954446e-05
27.64	1.323272723e-05
27.65	1.225477504e-05
27.66	1.127650137e-05
27.67	1.029871188e-05
27.68	9.322203798e-06
27.69	8.347765382e-06
27.7	7.376175343e-06
27.71	6.408202308e-06
27.72	5.44460429e-06
27.73	4.486128169e-06
27.74	3.533509195e-06
27.75	2.587470496e-06
27.76	1.648722606e-06
27.77	7.179630112e-07
27.78	-2.041242968e-07
27.79	-1.116869245e-06
27.8	-2.019616092e-06
27.81	-2.91172382e-06
27.82	-3.79256652e-06
27.83	-4.661533747e-06
27.84	-5.518030876e-06
27.85	-6.361479423e-06
27.86	-7.191317367e-06
27.87	-8.006999441e-06
27.88	-8.807997416e-06
27.89	-9.593800365e-06
27.9	-1.036391491e-05
27.91	-1.111786544e-05
27.92	-1.185519436e-05
27.93	-1.257546223e-05
27.94	-1.3278248e-05
27.95	-1.396314915e-05
27.96	-1.462978182e-05
27.97	-1.527778097e-05
27.98	-1.590680047e-05
27.99	-1.65165132e-05
28	-1.710661113e-05
28.01	-1.76768054e-05
28.02	-1.822682633e-05
28.03	-1.875642348e-05
28.04	-1.926536567e-05
28.05	-1.975344093e-05
28.06	-2.022045655e-05
28.07	-2.066623899e-05
28.08	-2.109063386e-05
28.09	-2.149350585e-05
28.1	-2.187473865e-05
28.11	-2.223423486e-05
28.12	-2.257191588e-05
28.13	-2.288772179e-05
28.14	-2.318161118e-05
28.15	-2.345356108e-05
28.16	-2.37035667e-05
28.17	-2.393164133e-05
28.18	-2.41378161e-05
28.19	-2.432213979e-05
28.2	-2.448467863e-05
28.21	-2.462551606e-05
28.22	-2.474475249e-05
28.23	-2.484250504e-05
28.24	-2.491890729e-05
28.25	-2.497410902e-05
28.26	-2.500827589e-05
28.27	-2.502158919e-05
28.28	-2.501424547e-05
28.29	-2.498645631e-05
28.3	-2.493844794e-05
28.31	-2.487046093e-05
28.32	-2.478274982e-05
28.33	-2.467558284e-05
28.34	-2.454924146e-05
28.35	-2.440402012e-05
28.36	-2.424022579e-05
28.37	-2.405817764e-05
28.38	-2.385820663e-05
28.39	-2.364065511e-05
28.4	-2.340587647e-05
28.41	-2.315423471e-05
28.42	-2.288610403e-05
28.43	-2.260186843e-05
28.44	-2.230192133e-05
28.45	-2.198666508e-05
28.46	-2.165651061e-05
28.47	-2.131187698e-05
28.48	-2.095319095e-05
28.49	-2.058088657e-05
28.5	-2.019540474e-05
28.51	-1.979719276e-05
28.52	-1.938670395e-05
28.53	-1.896439719e-05
28.54	-1.853073646e-05
28.55	-1.808619046e-05
28.56	-1.763123215e-05
28.57	-1.716633833e-05
28.58	-1.669198919e-05
28.59	-1.620866792e-05
28.6	-1.571686024e-05
28.61	-1.5217054e-05
28.62	-1.470973879e-05
28.63	-1.419540544e-05
28.64	-1.367454568e-05
28.65	-1.31476517e-05
28.66	-1.261521574e-05
28.67	-1.207772969e-05
28.68	-1.153568467e-05
28.69	-1.098957068e-05
28.7	-1.043987616e-05
28.71	-9.887087649e-06
28.72	-9.331689361e-06
28.73	-8.774162844e-06
28.74	-8.214986599e-06
28.75	-7.654635718e-06
28.76	-7.093581529e-06
28.77	-6.532291249e-06
28.78	-5.971227637e-06
28.79	-5.410848664e-06
28.8	-4.851607181e-06
28.81	-4.293950601e-06
28.82	-3.738320585e-06
28.83	-3.185152736e-06
28.84	-2.634876303e-06
28.85	-2.087913894e-06
28.86	-1.544681193e-06
28.87	-1.005586687e-06
28.88	-4.71031405e-07
28.89	5.859133744e-08
28.9	5.828961846e-07
28.91	1.101505977e-06
28.92	1.614051981e-06
28.93	2.120174102e-06
28.94	2.619521103e-06
28.95	3.111750796e-06
28.96	3.596530235e-06
28.97	4.073535902e-06
28.98	4.542453871e-06
28.99	5.002979975e-06
29	5.454819958e-06
29.01	5.897689616e-06
29.02	6.331314931e-06
29.03	6.755432195e-06
29.04	7.169788122e-06
29.05	7.574139954e-06
29.06	7.968255555e-06
29.07	8.351913494e-06
29.08	8.724903123e-06
29.09	9.087024639e-06
29.1	9.438089144e-06
29.11	9.777918689e-06
29.12	1.010634631e-05
29.13	1.042321606e-05
29.14	1.072838301e-05
29.15	1.10217133e-05
29.16	1.130308409e-05
29.17	1.157238358e-05
29.18	1.182951097e-05
29.19	1.207437648e-05
29.2	1.230690125e-05
29.21	1.252701734e-05
29.22	1.273466766e-05
29.23	1.292980592e-05
29.24	1.311239655e-05
29.25	1.328241463e-05
29.26	1.343984579e-05
29.27	1.358468614e-05
29.28	1.371694215e-05
29.29	1.383663055e-05
29.3	1.394377822e-05
29.31	1.403842205e-05
29.32	1.412060881e-05
29.33	1.419039504e-05
29.34	1.424784689e-05
29.35	1.429303996e-05
29.36	1.432605916e-05
29.37	1.434699852e-05
29.38	1.435596108e-05
29.39	1.435305865e-05
29.4	1.433841168e-05
29.41	1.431214903e-05
29.42	1.427440782e-05
29.43	1.422533324e-05
29.44	1.416507829e-05
29.45	1.409380366e-05
29.46	1.401167746e-05
29.47	1.391887502e-05
29.48	1.381557871e-05
29.49	1.370197766e-05
29.5	1.35782676e-05
29.51	1.344465058e-05
29.52	1.330133479e-05
29.53	1.314853429e-05
29.54	1.298646879e-05
29.55	1.281536342e-05
29.56	1.263544848e-05
29.57	1.24469592e-05
29.58	1.225013551e-05
29.59	1.20452218e-05
29.6	1.183246664e-05
29.61	1.161212258e-05
29.62	1.138444586e-05
29.63	1.114969621e-05
29.64	1.090813657e-05
29.65	1.066003283e-05
29.66	1.040565362e-05
29.67	1.014527005e-05
29.68	9.879155453e-06
29.69	9.607585131e-06
29.7	9.330836136e-06
29.71	9.049187006e-06
29.72	8.762917526e-06
29.73	8.472308489e-06
29.74	8.177641454e-06
29.75	7.879198506e-06
29.76	7.577262019e-06
29.77	7.272114427e-06
29.78	6.964037984e-06
29.79	6.653314539e-06
29.8	6.34022531e-06
29.81	6.025050654e-06
29.82	5.708069851e-06
29.83	5.389560883e-06
29.84	5.069800221e-06
29.85	4.74906261e-06
29.86	4.427620863e-06
29.87	4.105745656e-06
29.88	3.783705329e-06
29.89	3.461765684e-06
29.9	3.140189799e-06
29.91	2.819237835e-06
29.92	2.499166851e-06
29.93	2.180230627e-06
29.94	1.862679486e-06
29.95	1.546760127e-06
29.96	1.232715452e-06
29.97	9.207844103e-07
29.98	6.112018396e-07
29.99	3.041983146e-07
30	7.343922467e-20
